2.238018066e-01
1.247620657e-01
1.073449850e-01
1.277996451e-01
1.458291411e-01
1.986438036e-01
2.285541445e-01
2.500866354e-01
2.231648862e-01
2.039350569e-01
1.990112513e-01
2.220380455e-01
2.211316675e-01
2.294360250e-01
2.204947621e-01
2.072176039e-01
2.140766531e-01
2.076095492e-01
2.014609128e-01
1.849502027e-01
1.830884665e-01
2.060172707e-01
2.150565237e-01
1.929115951e-01
1.792424917e-01
1.565341502e-01
1.601351500e-01
1.700072736e-01
2.098632455e-01
2.518258989e-01
2.479309440e-01
1.985213161e-01
2.231403887e-01
2.532711923e-01
2.466326207e-01
2.209357023e-01
1.959736645e-01
1.923726648e-01
2.137092054e-01
2.438400090e-01
2.854352295e-01
2.794580758e-01
2.510665059e-01
2.251491100e-01
2.324980944e-01
2.343843281e-01
2.430071384e-01
2.476369888e-01
2.545695305e-01
2.607426643e-01
2.638292313e-01
2.518748939e-01
2.411698848e-01
2.517524064e-01
2.368339896e-01
2.304158807e-01
2.603017390e-01
2.858516872e-01
2.739953101e-01
2.572396398e-01
2.557453513e-01
2.327430546e-01
2.327675521e-01
2.456037700e-01
2.557943463e-01
2.759060562e-01
2.717661262e-01
2.510665059e-01
2.481514215e-01
2.440849841e-01
2.578765750e-01
2.784782052e-01
2.867825329e-01
2.717661262e-01
2.454322875e-01
2.279907167e-01
2.578030825e-01
2.798500061e-01
2.834755182e-01
3.011865318e-01
3.342814445e-01
3.281818032e-01
2.871744931e-01
2.278682292e-01
2.070706338e-01
2.583909929e-01
2.959442735e-01
2.883993089e-01
2.836714685e-01
2.841614187e-01
2.966791689e-01
2.764204741e-01
2.747792006e-01
2.964096963e-01
3.133858442e-01
3.054979444e-01
2.897956371e-01
2.944009900e-01
3.006721139e-01
3.235029280e-01
3.333995640e-01
2.998392284e-01
2.678466737e-01
2.524383068e-01
2.752201557e-01
3.130674064e-01
3.396951854e-01
3.400381505e-01
3.086090088e-01
2.899425924e-01
2.971690893e-01
3.272264302e-01
3.228905201e-01
2.968996465e-01
2.826916277e-01
2.943764925e-01
2.878358960e-01
2.878848910e-01
3.179666996e-01
3.349918425e-01
3.593169749e-01
3.453783989e-01
2.851657569e-01
2.465101480e-01
2.692919672e-01
2.899915874e-01
2.929311991e-01
2.926372290e-01
3.247032762e-01
3.120385408e-01
3.109116852e-01
3.359962106e-01
3.501552343e-01
3.426592648e-01
3.551280499e-01
3.618890941e-01
3.723491430e-01
3.583860993e-01
3.217881918e-01
3.044445813e-01
3.153455853e-01
3.035382032e-01
3.134838343e-01
3.138267994e-01
3.236254156e-01
3.472156525e-01
3.451334238e-01
3.306069672e-01
3.354327977e-01
3.271284401e-01
3.246052861e-01
3.341099620e-01
3.543441594e-01
3.604682982e-01
3.680867553e-01
3.878555000e-01
3.698015213e-01
3.475830853e-01
3.414834440e-01
3.613256812e-01
3.413609564e-01
3.317582905e-01
3.351878226e-01
3.352858126e-01
3.291126490e-01
3.479750454e-01
3.565488458e-01
3.469461799e-01
3.468236923e-01
3.410914838e-01
3.502532244e-01
3.453294039e-01
3.299700320e-01
3.252421916e-01
3.384703696e-01
3.746273220e-01
3.568428159e-01
3.531438112e-01
3.510371149e-01
3.810209334e-01
3.837400675e-01
3.813638985e-01
3.516740203e-01
3.559609354e-01
3.709038496e-01
3.956699073e-01
3.698015213e-01
3.348448575e-01
3.482934833e-01
3.350163400e-01
3.457458615e-01
3.721531928e-01
3.839850426e-01
3.819763064e-01
3.747988045e-01
4.045868218e-01
3.985115290e-01
3.751907647e-01
3.513555825e-01
3.497878015e-01
3.615951538e-01
3.677927852e-01
3.972376883e-01
3.849649131e-01
3.678907752e-01
3.780323565e-01
3.722511530e-01
3.368045986e-01
3.564018607e-01
4.028472602e-01
3.913585246e-01
3.748722970e-01
3.899866939e-01
3.891538084e-01
3.948370218e-01
3.856508136e-01
4.028965533e-01
3.999568224e-01
3.702669442e-01
3.632854223e-01
3.619870842e-01
3.487099409e-01
3.672048748e-01
3.979480863e-01
4.402780533e-01
4.528200328e-01
4.516687989e-01
3.951309919e-01
3.471911550e-01
3.585330844e-01
3.795266449e-01
3.877820075e-01
3.803350329e-01
3.840340376e-01
3.821232915e-01
3.739904165e-01
3.532907963e-01
3.527028859e-01
3.559609354e-01
3.757541776e-01
3.887128830e-01
4.059097171e-01
4.029943347e-01
4.002262652e-01
3.909665644e-01
3.968212605e-01
4.157572687e-01
4.040721953e-01
3.883944154e-01
3.840830326e-01
3.858712614e-01
3.930732608e-01
3.850383759e-01
3.797471225e-01
4.865520298e-01
7.263522744e-01
3.335453987e+00
1.554297485e+02
5.587433472e+02
7.790292969e+02
6.526589355e+02
3.865023499e+02
1.906116333e+02
1.122248764e+02
9.838966370e+01
9.265307617e+01
7.663967896e+01
5.772895813e+01
4.414315414e+01
3.717113495e+01
3.394759369e+01
3.212705994e+01
3.162065506e+01
3.088035583e+01
2.921170235e+01
2.954832840e+01
3.376255035e+01
3.675578308e+01
3.605506516e+01
3.409964752e+01
3.222803497e+01
3.020823669e+01
2.815792656e+01
2.662548065e+01
2.521355438e+01
2.405866051e+01
2.316579628e+01
2.161001968e+01
1.841343880e+01
1.105863667e+01
5.705770016e+00
5.939429283e+00
9.102830887e+00
1.194343376e+01
1.328720760e+01
1.331344604e+01
1.294643497e+01
1.266014099e+01
1.237632179e+01
1.207268047e+01
1.176696777e+01
1.134481812e+01
1.092992496e+01
1.051478100e+01
1.012614632e+01
9.621017456e+00
9.056062698e+00
8.578195572e+00
8.459187508e+00
8.311643600e+00
8.130708694e+00
7.787685871e+00
7.482969284e+00
7.421309948e+00
7.431427002e+00
7.278831959e+00
6.744427681e+00
6.331954956e+00
5.961133957e+00
5.672135830e+00
5.769044399e+00
5.798655510e+00
5.567702293e+00
5.216299534e+00
4.938294411e+00
4.700173855e+00
4.687707424e+00
4.821767330e+00
4.809394836e+00
4.504370213e+00
4.019824028e+00
3.620211601e+00
3.422281504e+00
3.445017338e+00
3.427314043e+00
3.365535021e+00
3.294228554e+00
2.999840498e+00
2.646689653e+00
2.418597221e+00
2.359928370e+00
2.322104692e+00
2.349565506e+00
2.292782307e+00
2.164834023e+00
1.965017557e+00
1.855546474e+00
1.761507034e+00
1.636176705e+00
1.341385484e+00
1.046645403e+00
1.035867214e+00
1.337073088e+00
1.361006737e+00
1.173215628e+00
9.342310429e-01
8.962615132e-01
7.343153954e-01
5.912551880e-01
4.528469145e-01
2.542510629e-01
1.467600167e-01
5.298704281e-02
-5.308321118e-02
-1.234619319e-01
-7.809423655e-02
-4.845335707e-02
-1.744393408e-01
-2.569193840e-01
-4.736643434e-01
-4.835349321e-01
-4.035072327e-01
-3.786184490e-01
-4.702109993e-01
-5.491379499e-01
-5.594271421e-01
-5.601842999e-01
-7.388859987e-01
-9.457603097e-01
-1.035075903e+00
-1.103717685e+00
-1.202635884e+00
-1.184507012e+00
-1.123948574e+00
-9.523983598e-01
-8.401302695e-01
-8.174217343e-01
-9.407873154e-01
-1.010261178e+00
-1.058642149e+00
-1.107022524e+00
-1.225708961e+00
-1.346478701e+00
-1.380481482e+00
-1.425555468e+00
-1.413575768e+00
-1.283989191e+00
-1.164663792e+00
-1.196141720e+00
-1.389005899e+00
-1.525158405e+00
-1.424599648e+00
-1.283279181e+00
-1.447430849e+00
-1.602345824e+00
-1.696826935e+00
-1.715837359e+00
-1.707875967e+00
-1.670668006e+00
-1.627090454e+00
-1.695578337e+00
-1.768380284e+00
-1.840107799e+00
-1.859436870e+00
-1.729555488e+00
-1.594900012e+00
-1.470384002e+00
-1.506245732e+00
-1.548183084e+00
-1.520992279e+00
-1.435328603e+00
-1.546984673e+00
-1.658270836e+00
-1.664421320e+00
-1.432364941e+00
-1.246705174e+00
-1.339669347e+00
-1.559502363e+00
-1.678014636e+00
-1.664028287e+00
-1.555949807e+00
-1.430920005e+00
-1.255081534e+00
-1.263484955e+00
-1.315468073e+00
-1.339424491e+00
-1.359879255e+00
-1.427955270e+00
-1.348414302e+00
-1.327078938e+00
-1.394762278e+00
-1.427123189e+00
-1.356155753e+00
-1.287173390e+00
-1.255401850e+00
-1.216132283e+00
-1.139162660e+00
-1.172869205e+00
-1.154448509e+00
-1.195504785e+00
-1.199203253e+00
-1.142690420e+00
-9.983062744e-01
-9.673171639e-01
-1.048547626e+00
-1.095190287e+00
-1.063614011e+00
-1.094578147e+00
-1.142910600e+00
-1.031890154e+00
-8.827298284e-01
-8.728586435e-01
-8.926264644e-01
-9.095780849e-01
-8.836874962e-01
-8.702865243e-01
-7.253159285e-01
-6.541038752e-01
-6.268388033e-01
-6.867083311e-01
-7.031461596e-01
-6.878114939e-01
-6.846271753e-01
-6.344826818e-01
-6.049637198e-01
-5.401729941e-01
-5.657213926e-01
-6.180208921e-01
-5.960465670e-01
-5.557987690e-01
-4.502202272e-01
-4.241082966e-01
-4.293755591e-01
-5.427915454e-01
-4.538475573e-01
-2.797501981e-01
-1.602068245e-01
-2.236775011e-01
-3.573064208e-01
-4.019391239e-01
-3.747969866e-01
-3.370967209e-01
-4.142607749e-01
-5.010737181e-01
-4.853495955e-01
-4.034332633e-01
-3.077988029e-01
-3.223252892e-01
-4.520099163e-01
-5.838237405e-01
-4.733702838e-01
-3.912097216e-01
-3.392279446e-01
-2.816119492e-01
-2.369301617e-01
-2.525099814e-01
-3.573064208e-01
-4.212183654e-01
-4.624949396e-01
-5.124889612e-01
-4.141635597e-01
-3.990731239e-01
-4.610002637e-01
-4.373372197e-01
-3.035363853e-01
-3.017971516e-01
-3.597070873e-01
-3.804802001e-01
-3.004008234e-01
-3.022870719e-01
-3.251178861e-01
-2.858743668e-01
-2.507952452e-01
-3.089256585e-01
-3.576983809e-01
-3.925080299e-01
-4.956370294e-01
-5.034755468e-01
-4.001019895e-01
-3.949331939e-01
-4.074021876e-01
-4.254803061e-01
-3.562040925e-01
-2.533673644e-01
-1.712792814e-01
-3.048592210e-01
-4.764325619e-01
-5.296373367e-01
-4.200665653e-01
-3.195571601e-01
-4.166369438e-01
-5.110933185e-01
-3.777365983e-01
-2.944481671e-01
-3.364598155e-01
-4.911792278e-01
-5.277030468e-01
-4.946087301e-01
-4.071815312e-01
-4.210959971e-01
-4.146528244e-01
-4.151667655e-01
-4.129139483e-01
-4.135750532e-01
-4.429949820e-01
-4.645013809e-01
-4.267540276e-01
-4.113702774e-01
-4.160736203e-01
-5.202791691e-01
-5.951166153e-01
-6.916578412e-01
-6.384510994e-01
-5.424011350e-01
-3.744050562e-01
-2.534163594e-01
-1.681682169e-01
-2.615492344e-01
-3.234766424e-01
-3.131880462e-01
-2.628965378e-01
-1.645917147e-01
-1.018069386e-01
-1.370820403e-01
-1.813473850e-01
-2.655176818e-01
-1.545971036e-01
-4.294162244e-02
4.896960407e-02
3.312030435e-02
5.749441683e-02
1.389047876e-02
-1.099806186e-02
-1.061918288e-01
-3.909565508e-02
1.595717221e-01
3.037586808e-01
3.705854118e-01
2.862436175e-01
1.880122721e-01
1.691743881e-01
2.238507867e-01
3.612031937e-01
3.456968665e-01
3.330810964e-01
3.042731285e-01
3.539766967e-01
3.891538978e-01
4.497579634e-01
5.339303613e-01
6.131775379e-01
5.880918503e-01
5.010065436e-01
4.439046085e-01
4.656569362e-01
5.010792613e-01
6.473267078e-01
7.779425979e-01
8.931255937e-01
8.380088210e-01
7.698591948e-01
7.330653667e-01
8.049636483e-01
7.808576822e-01
8.125078678e-01
8.744591475e-01
8.722301722e-01
8.913370967e-01
8.276478648e-01
8.381081223e-01
9.168137908e-01
1.017812848e+00
1.111316562e+00
1.104750752e+00
1.085839152e+00
1.067026138e+00
1.063326597e+00
1.059478283e+00
1.118957043e+00
1.161044478e+00
1.208639383e+00
1.114230514e+00
1.063670039e+00
1.147594452e+00
1.194186568e+00
1.226716399e+00
1.205674171e+00
1.191319942e+00
1.136228681e+00
1.047479153e+00
1.129074812e+00
1.143821597e+00
1.120918274e+00
1.096299410e+00
1.174734950e+00
1.152541399e+00
1.121482253e+00
1.088215470e+00
1.084418654e+00
1.113935947e+00
1.035718679e+00
1.004241943e+00
1.077266097e+00
1.072341919e+00
1.078221798e+00
1.057865143e+00
9.855753183e-01
8.362205625e-01
8.785740137e-01
9.531425834e-01
1.043828368e+00
1.022247314e+00
9.850606918e-01
9.242846370e-01
8.725480437e-01
8.883238435e-01
9.152695537e-01
8.984162807e-01
8.525819778e-01
8.707842827e-01
9.131151438e-01
8.654692769e-01
8.357790112e-01
7.615054846e-01
7.628281713e-01
8.135128021e-01
8.959671855e-01
9.522106051e-01
9.289642572e-01
7.899210453e-01
6.799317002e-01
6.388504505e-01
5.861340761e-01
6.569049954e-01
7.508249283e-01
8.209101558e-01
8.622841835e-01
8.343096375e-01
8.260784149e-01
7.541816235e-01
7.403166890e-01
8.057221174e-01
8.983439207e-01
8.742136359e-01
8.658847809e-01
8.254414797e-01
7.533966899e-01
7.542291880e-01
7.905582190e-01
8.708087802e-01
9.459151626e-01
9.111548662e-01
8.131939173e-01
7.579776645e-01
8.665714264e-01
8.213022947e-01
7.359308004e-01
6.685402989e-01
7.226044536e-01
8.415615559e-01
9.423876405e-01
9.120365381e-01
8.760271072e-01
9.349161983e-01
1.003996611e+00
1.015925884e+00
1.023790598e+00
1.027954102e+00
1.002992034e+00
1.001326799e+00
1.074252963e+00
1.010929108e+00
9.999549985e-01
9.955454469e-01
1.046619534e+00
1.059628010e+00
1.040912747e+00
1.041476011e+00
1.130251646e+00
1.201657891e+00
1.228088379e+00
1.231272340e+00
1.140488744e+00
1.086670280e+00
1.125179172e+00
1.120695710e+00
1.111951590e+00
1.108645797e+00
1.180445194e+00
1.168122292e+00
1.150166273e+00
1.166284204e+00
1.223777175e+00
1.157491446e+00
1.105461478e+00
1.071631432e+00
1.041892648e+00
1.141961455e+00
1.226986170e+00
1.278476954e+00
1.307235718e+00
1.207143188e+00
1.166456103e+00
1.166872740e+00
1.172139525e+00
1.114525080e+00
1.143847585e+00
1.127924681e+00
1.171696782e+00
1.256872058e+00
1.322497725e+00
1.312748432e+00
1.207045555e+00
1.135713458e+00
1.095149040e+00
1.077657223e+00
1.084442973e+00
1.067956805e+00
1.143697739e+00
1.163565874e+00
1.221058607e+00
1.156560063e+00
1.158054113e+00
1.131549597e+00
1.218387723e+00
1.273481131e+00
1.232548237e+00
1.191343427e+00
1.134266973e+00
1.174513340e+00
1.233403325e+00
1.241830945e+00
1.163834333e+00
1.036503911e+00
1.049659014e+00
1.068399310e+00
1.127728462e+00
1.095123291e+00
1.109943151e+00
1.052719116e+00
1.018890858e+00
9.675217271e-01
9.656354785e-01
9.460870028e-01
9.211496711e-01
9.066966772e-01
9.135804176e-01
9.103460908e-01
9.761192799e-01
9.549061656e-01
9.628672004e-01
9.337403178e-01
9.533387423e-01
9.223017693e-01
9.746991992e-01
9.546858668e-01
9.754343033e-01
8.889364600e-01
8.444498777e-01
9.016991854e-01
8.870506287e-01
8.848944902e-01
8.546414375e-01
8.436916471e-01
9.301154017e-01
9.653658271e-01
9.630139470e-01
8.930524588e-01
9.115217328e-01
9.187729359e-01
9.643608928e-01
9.434164762e-01
8.646599650e-01
7.496488094e-01
7.377680540e-01
8.114058971e-01
8.536864519e-01
8.939335942e-01
9.273719788e-01
9.142904282e-01
8.968237638e-01
8.688963056e-01
8.693873882e-01
9.065740108e-01
9.926795363e-01
9.395709038e-01
9.274211526e-01
8.406302929e-01
7.780643702e-01
7.260587811e-01
8.165497780e-01
9.491743445e-01
9.009150863e-01
8.244619966e-01
8.049393296e-01
8.254168034e-01
8.575078845e-01
8.862906098e-01
8.963103294e-01
8.077794313e-01
8.569927216e-01
9.000822306e-01
9.848159552e-01
9.943204522e-01
1.029938698e+00
9.444214106e-01
8.992005587e-01
9.482427239e-01
9.931206703e-01
1.058207154e+00
1.052059054e+00
1.024549007e+00
1.034126878e+00
1.014530063e+00
9.987051487e-01
9.801861048e-01
1.026557326e+00
1.033808351e+00
1.051128030e+00
1.021241665e+00
9.894708395e-01
9.323455691e-01
9.836642146e-01
1.053626537e+00
1.014872551e+00
9.720283151e-01
1.045640588e+00
1.137036085e+00
1.176720023e+00
1.136521816e+00
1.128559828e+00
1.126304984e+00
1.128436446e+00
1.097106814e+00
1.119153738e+00
1.126012564e+00
1.188060760e+00
1.203101873e+00
1.201998949e+00
1.252830267e+00
1.237055659e+00
1.191197038e+00
1.200799942e+00
1.263363600e+00
1.309318304e+00
1.298148394e+00
1.325829387e+00
1.334330320e+00
1.333349466e+00
1.286561966e+00
1.301333427e+00
1.266866088e+00
1.281293988e+00
1.306232095e+00
1.332075477e+00
1.419184923e+00
1.447380304e+00
1.398314834e+00
1.358679295e+00
1.304125667e+00
1.290628195e+00
1.328646898e+00
1.429792523e+00
1.470015764e+00
1.479154587e+00
1.445250630e+00
1.405491948e+00
1.367424369e+00
1.360394478e+00
1.311327934e+00
1.320342898e+00
1.381142497e+00
1.372618318e+00
1.346260190e+00
1.337465644e+00
1.345035553e+00
1.394248962e+00
1.416759849e+00
1.419013858e+00
1.326932073e+00
1.343246698e+00
1.323282003e+00
1.318308592e+00
1.351208210e+00
1.401939988e+00
1.340208173e+00
1.256014347e+00
1.241634607e+00
1.183014870e+00
1.153474212e+00
1.140123010e+00
1.131549597e+00
1.166553140e+00
1.131525040e+00
1.136864543e+00
1.084515691e+00
1.111314654e+00
1.118124485e+00
1.173193574e+00
1.165304899e+00
1.119350433e+00
1.017420173e+00
9.649980068e-01
1.017297626e+00
1.066144228e+00
1.037434220e+00
9.581634402e-01
9.426084757e-01
9.621311426e-01
9.362382293e-01
9.297965765e-01
8.990539312e-01
9.333736897e-01
9.324429631e-01
9.500803351e-01
8.911897540e-01
9.159561992e-01
9.046139121e-01
8.745810986e-01
8.168931007e-01
7.383308411e-01
7.675812840e-01
8.396008611e-01
8.621861935e-01
8.765411973e-01
8.663995862e-01
8.913855553e-01
8.647094965e-01
8.298267722e-01
8.344803452e-01
8.430296183e-01
8.193904161e-01
8.066518307e-01
7.747090459e-01
7.220653892e-01
7.261071801e-01
7.560670972e-01
7.961928248e-01
8.080242276e-01
8.097383976e-01
8.214498758e-01
7.625831962e-01
7.698585987e-01
7.693451047e-01
8.708824515e-01
9.399146438e-01
9.496627450e-01
8.492510319e-01
8.232863545e-01
8.624064326e-01
8.987601399e-01
9.309241772e-01
8.889366388e-01
8.796032667e-01
9.187245369e-01
9.157602191e-01
9.042227268e-01
9.365092516e-01
1.019503117e+00
1.014432073e+00
1.076309323e+00
1.085740209e+00
1.135787249e+00
1.116876841e+00
1.121236086e+00
1.110825062e+00
1.142327547e+00
1.219097733e+00
1.198006749e+00
1.165671945e+00
1.139754057e+00
1.120843291e+00
1.152420282e+00
1.169004440e+00
