1.568459719e-01
3.229284659e-02
6.780718267e-02
1.598476470e-01
1.889876127e-01
1.684142649e-01
1.479758173e-01
1.351933479e-01
1.257498413e-01
1.474024653e-01
1.680095345e-01
1.634901464e-01
1.437936872e-01
1.344513595e-01
1.508763134e-01
1.669977307e-01
1.821410805e-01
1.542152762e-01
1.543501765e-01
1.484817117e-01
1.550921798e-01
1.484817117e-01
1.535407454e-01
1.537093669e-01
1.634564251e-01
1.565761566e-01
1.504041404e-01
1.491225213e-01
1.449741274e-01
1.670989245e-01
2.150584459e-01
2.243670523e-01
1.709100455e-01
1.344850957e-01
1.491562575e-01
1.450415850e-01
1.629505157e-01
1.841646880e-01
1.773181409e-01
1.893586069e-01
1.665592939e-01
1.689201593e-01
1.545188129e-01
1.498982459e-01
1.479420811e-01
1.279083639e-01
1.357667148e-01
1.517869383e-01
1.639960557e-01
1.605896503e-01
1.420736164e-01
1.611967236e-01
1.764075160e-01
1.688864380e-01
1.515171230e-01
1.509775072e-01
1.556655318e-01
1.466267407e-01
1.536081880e-01
1.582287699e-01
1.505390555e-01
1.547211707e-01
1.627144367e-01
1.688189805e-01
1.747211814e-01
1.569471508e-01
1.474361867e-01
1.398476511e-01
1.264581084e-01
1.225795224e-01
1.203872785e-01
1.372169554e-01
1.629842520e-01
1.643670499e-01
1.405221820e-01
1.460871100e-01
1.436587870e-01
1.317194849e-01
1.280095428e-01
1.280432642e-01
1.347886324e-01
1.267616451e-01
1.110449582e-01
1.074699163e-01
1.129336581e-01
9.134849906e-02
9.657615423e-02
9.485608339e-02
1.090213433e-01
1.291899830e-01
1.307414174e-01
1.020061672e-01
1.248729452e-01
1.518206745e-01
1.641646922e-01
1.474699080e-01
1.199151054e-01
1.081444472e-01
1.150921732e-01
1.229842454e-01
1.135407388e-01
1.351933479e-01
1.237936914e-01
1.276385486e-01
1.113147661e-01
1.325626671e-01
1.769471467e-01
1.766098738e-01
1.560365260e-01
1.244682297e-01
1.013316363e-01
1.023434401e-01
1.234901473e-01
1.497296095e-01
1.790719330e-01
1.883805394e-01
1.546537280e-01
1.175879538e-01
1.023097113e-01
1.206233725e-01
1.184648573e-01
1.387009472e-01
1.528661996e-01
1.615677178e-01
1.615677178e-01
1.477397233e-01
1.597802043e-01
1.795778424e-01
1.774867773e-01
1.515171230e-01
1.455474794e-01
1.207245514e-01
1.232540607e-01
1.117194891e-01
1.107414141e-01
1.339117289e-01
1.615339965e-01
1.800500154e-01
1.670989245e-01
1.563400626e-01
1.366773397e-01
1.067953780e-01
1.145525426e-01
1.055137590e-01
1.102692410e-01
1.292237043e-01
1.207245514e-01
1.291225255e-01
1.265930086e-01
1.177565902e-01
1.202860996e-01
1.260196567e-01
1.300668716e-01
1.562388837e-01
1.560702473e-01
1.454800367e-01
1.477397233e-01
1.419387162e-01
1.433215141e-01
1.543164551e-01
1.848392189e-01
1.469640136e-01
1.246031299e-01
1.295946985e-01
1.423771679e-01
1.474699080e-01
1.527650207e-01
1.417363584e-01
1.205221862e-01
1.118543968e-01
1.093923375e-01
1.089201644e-01
1.091899797e-01
1.330348402e-01
1.693586111e-01
1.699656993e-01
1.564749777e-01
1.569808722e-01
1.728999317e-01
1.469640136e-01
1.417363584e-01
1.406570971e-01
1.552270800e-01
1.511124074e-01
1.509437710e-01
1.257498413e-01
1.162726134e-01
1.333046556e-01
1.783299446e-01
1.640297771e-01
1.228156090e-01
1.156318039e-01
1.466941983e-01
1.688864380e-01
1.585660279e-01
1.284142584e-01
1.577565968e-01
1.785323024e-01
1.687515378e-01
1.527650207e-01
1.658173054e-01
1.647717655e-01
1.594429314e-01
1.524614841e-01
1.717869490e-01
1.558004320e-01
1.676722765e-01
1.676048189e-01
1.740129143e-01
1.499319673e-01
1.857835650e-01
1.874699146e-01
1.960365176e-01
1.922928542e-01
1.785323024e-01
1.718543917e-01
1.713147759e-01
1.631866097e-01
1.690550745e-01
1.877397299e-01
2.200837433e-01
2.003535479e-01
1.668628305e-01
1.661882997e-01
1.726975739e-01
1.846705824e-01
1.970146000e-01
1.892237067e-01
1.700331569e-01
1.757329851e-01
1.943839043e-01
1.914834082e-01
1.720567644e-01
1.762051582e-01
1.612641811e-01
1.602523774e-01
1.634226888e-01
1.712135822e-01
1.796452850e-01
1.736081988e-01
1.827818900e-01
1.923602968e-01
1.825120747e-01
1.758341640e-01
1.978915036e-01
1.930348426e-01
1.704378724e-01
1.798813790e-01
1.624783427e-01
1.850078553e-01
2.015677243e-01
1.970483214e-01
1.626807004e-01
1.386672109e-01
2.710786760e-01
6.863251328e-01
1.153137684e+00
3.516589737e+01
3.007492371e+02
6.022540283e+02
6.320784302e+02
4.522661743e+02
2.666932983e+02
1.688455658e+02
1.380928192e+02
1.253587112e+02
1.081082077e+02
8.831695557e+01
7.280663300e+01
6.352946091e+01
5.766925812e+01
5.364092636e+01
5.079986572e+01
4.888332367e+01
4.656084442e+01
4.395978928e+01
4.196828842e+01
4.115099335e+01
4.020170212e+01
3.921732712e+01
3.773611450e+01
3.634143448e+01
3.543601990e+01
3.505220413e+01
3.480495453e+01
3.453637314e+01
3.429492188e+01
3.362954712e+01
3.242043686e+01
3.143002701e+01
3.086110306e+01
3.089677620e+01
3.064827728e+01
3.021038246e+01
2.982784843e+01
2.941492653e+01
2.916126251e+01
2.902173996e+01
2.913957977e+01
2.914489746e+01
2.853983688e+01
2.780778885e+01
2.748133850e+01
2.734470749e+01
2.694268417e+01
2.669060516e+01
2.624449539e+01
2.593935776e+01
2.555062675e+01
2.523826599e+01
2.489023781e+01
2.490233421e+01
2.501303291e+01
2.506493378e+01
2.487464714e+01
2.443575287e+01
2.411324883e+01
2.384336662e+01
2.356930733e+01
2.323748016e+01
2.289454651e+01
2.261311340e+01
2.239269257e+01
2.229060936e+01
2.213236809e+01
2.233522606e+01
2.242095566e+01
2.212440300e+01
2.151661301e+01
2.120157051e+01
2.103270912e+01
2.065751076e+01
2.058442879e+01
2.071377563e+01
2.067987061e+01
2.022937775e+01
1.976007462e+01
1.976979065e+01
1.978098869e+01
1.973693657e+01
1.953653717e+01
1.915929794e+01
1.882720184e+01
1.890180588e+01
1.882943344e+01
1.850944901e+01
1.839912033e+01
1.824510765e+01
1.805668831e+01
1.797637177e+01
1.784046555e+01
1.757299614e+01
1.736782455e+01
1.716455650e+01
1.697137070e+01
1.673719788e+01
1.663142204e+01
1.659843445e+01
1.639387894e+01
1.625280380e+01
1.601290894e+01
1.565127945e+01
1.557793045e+01
1.553439522e+01
1.544349957e+01
1.544164658e+01
1.560974026e+01
1.556667328e+01
1.531773186e+01
1.501274681e+01
1.463237953e+01
1.455679131e+01
1.468154907e+01
1.495116329e+01
1.476536083e+01
1.439355183e+01
1.402798653e+01
1.382091236e+01
1.379919052e+01
1.379841900e+01
1.358631134e+01
1.332513714e+01
1.323462296e+01
1.312568474e+01
1.282429600e+01
1.256707382e+01
1.239045525e+01
1.237260723e+01
1.239722824e+01
1.249992847e+01
1.248077106e+01
1.251867390e+01
1.235800171e+01
1.206829262e+01
1.186107254e+01
1.177295113e+01
1.162220955e+01
1.147473431e+01
1.126576710e+01
1.122266483e+01
1.129662514e+01
1.130074406e+01
1.104075432e+01
1.081039810e+01
1.065860844e+01
1.075223064e+01
1.078164196e+01
1.056080532e+01
1.024271297e+01
1.036155128e+01
1.056305695e+01
1.061738396e+01
1.054627323e+01
1.031751442e+01
9.967015266e+00
9.749477386e+00
9.723878860e+00
9.749712944e+00
9.517978668e+00
9.401993752e+00
9.448571205e+00
9.549856186e+00
9.433463097e+00
9.408538818e+00
9.252755165e+00
9.147902489e+00
9.296336174e+00
9.277852058e+00
9.258459091e+00
9.122129440e+00
8.886051178e+00
8.749392509e+00
8.682888031e+00
8.836541176e+00
8.936195374e+00
8.866143227e+00
8.582482338e+00
8.526159286e+00
8.505249023e+00
8.618395805e+00
8.425922394e+00
8.315095901e+00
8.357653618e+00
8.086230278e+00
7.789465427e+00
7.730175972e+00
7.852233410e+00
7.972470284e+00
7.804611206e+00
7.785858154e+00
7.767377853e+00
7.874090195e+00
7.889400482e+00
7.755266666e+00
7.475123405e+00
7.471586227e+00
7.397523403e+00
7.309016705e+00
7.356807709e+00
7.410365582e+00
7.423048973e+00
7.400114059e+00
7.298154354e+00
7.284363270e+00
7.257422924e+00
7.344530106e+00
7.163821697e+00
6.968849182e+00
6.996367931e+00
7.069115639e+00
6.975903034e+00
6.886666298e+00
6.705451012e+00
6.681705475e+00
6.833615303e+00
6.740017891e+00
6.714684963e+00
6.650607109e+00
6.622750759e+00
6.577587605e+00
6.677549362e+00
6.815597534e+00
6.702138424e+00
6.714685917e+00
6.675021172e+00
6.683018684e+00
6.560122490e+00
6.446729660e+00
6.321433544e+00
6.393815517e+00
6.520761013e+00
6.482213497e+00
6.268010139e+00
6.046081543e+00
5.985166550e+00
6.118155479e+00
6.050128460e+00
5.910363674e+00
5.774003983e+00
5.818389416e+00
5.785974979e+00
5.816298485e+00
5.786523819e+00
5.852356434e+00
5.773294926e+00
5.624266624e+00
5.680590153e+00
5.810268879e+00
5.856400490e+00
5.758894444e+00
5.721502781e+00
5.715834618e+00
5.583189487e+00
5.567133427e+00
5.437351227e+00
5.346254349e+00
5.278394699e+00
5.270606995e+00
5.316032887e+00
5.290739059e+00
5.019474030e+00
4.742313385e+00
4.815434456e+00
4.966995239e+00
4.974417210e+00
4.862414837e+00
4.949289799e+00
5.065141201e+00
4.961833000e+00
4.859376907e+00
4.700089455e+00
4.566663265e+00
4.426528454e+00
4.386324883e+00
4.284098148e+00
4.433747768e+00
4.545350075e+00
4.496042252e+00
4.415567875e+00
4.393577576e+00
4.410137177e+00
4.388278961e+00
4.296037674e+00
4.242347240e+00
4.233443260e+00
4.307808399e+00
4.288858414e+00
4.188381672e+00
4.029629707e+00
3.943155050e+00
3.893677235e+00
4.155734539e+00
4.268617153e+00
4.133307934e+00
4.009562969e+00
3.957152128e+00
3.887842655e+00
3.819074631e+00
3.804232597e+00
3.787101030e+00
3.624941587e+00
3.637254953e+00
3.730169058e+00
3.876238823e+00
3.878937721e+00
3.843897104e+00
3.700660944e+00
3.706662178e+00
3.735127449e+00
3.837692976e+00
3.952866316e+00
3.804738522e+00
3.604468822e+00
3.536170006e+00
3.511348486e+00
3.581906080e+00
3.580185413e+00
3.622111082e+00
3.539916754e+00
3.463084936e+00
3.293704271e+00
3.177243471e+00
3.154073000e+00
3.359204292e+00
3.374686956e+00
3.377856255e+00
3.482879877e+00
3.523116112e+00
3.406929255e+00
3.293871641e+00
3.234242678e+00
3.233670473e+00
3.186079264e+00
3.276131392e+00
3.204565763e+00
3.116839647e+00
3.174009800e+00
3.238124371e+00
3.177922010e+00
3.311748028e+00
3.440247774e+00
3.371174574e+00
3.176605225e+00
3.019166946e+00
3.143012285e+00
3.264664888e+00
3.328748465e+00
3.323587656e+00
3.234142542e+00
3.207399368e+00
3.053130388e+00
3.047397852e+00
3.025271893e+00
3.026654720e+00
2.988037586e+00
3.019773960e+00
2.935659885e+00
2.909148932e+00
3.049082041e+00
3.218831062e+00
3.255863667e+00
3.048373699e+00
2.889350176e+00
2.975389004e+00
3.004663229e+00
3.154951572e+00
3.133939743e+00
3.086925030e+00
3.083587646e+00
3.014614820e+00
2.808472872e+00
2.924596310e+00
3.124498367e+00
3.090502262e+00
3.027062178e+00
2.973229885e+00
2.952387810e+00
2.912521124e+00
2.905137062e+00
3.029353380e+00
3.083012342e+00
3.043955088e+00
2.799872398e+00
2.638861179e+00
2.654946804e+00
2.828338861e+00
2.787865639e+00
2.789015055e+00
2.799366474e+00
2.814037323e+00
2.837646484e+00
2.847191811e+00
2.961257935e+00
3.062537432e+00
3.003177166e+00
2.836096764e+00
2.642873526e+00
2.602839947e+00
2.628944874e+00
2.684964657e+00
2.693465471e+00
2.728471756e+00
2.591003895e+00
2.558422804e+00
2.621727943e+00
2.642873526e+00
2.656331062e+00
2.603986502e+00
2.566683769e+00
2.564966202e+00
2.548978806e+00
2.472454071e+00
2.389280081e+00
2.577883720e+00
2.777983665e+00
2.867969036e+00
2.751037598e+00
2.721220493e+00
2.585705519e+00
2.586989880e+00
2.564191103e+00
2.501086712e+00
2.447661877e+00
2.411473989e+00
2.459636927e+00
2.470562935e+00
2.476870775e+00
2.469990492e+00
2.403847933e+00
2.474881411e+00
2.480413675e+00
2.554746628e+00
2.502535820e+00
2.316698551e+00
2.184325218e+00
2.391978741e+00
2.549519300e+00
2.606043339e+00
2.630023718e+00
2.546990395e+00
2.354844570e+00
2.227189064e+00
2.225402594e+00
2.195791960e+00
2.182468653e+00
2.364320755e+00
2.294000387e+00
2.255388498e+00
2.212284565e+00
2.231572628e+00
2.088975906e+00
2.041523218e+00
2.066144228e+00
2.137984753e+00
2.167227268e+00
2.237780809e+00
2.277410507e+00
2.260984421e+00
2.206717014e+00
2.128238201e+00
2.028137922e+00
2.095889807e+00
1.985472202e+00
2.043347597e+00
2.109081507e+00
2.154410124e+00
2.019436121e+00
2.037580729e+00
1.996633410e+00
1.974071503e+00
2.090225220e+00
2.078083992e+00
2.038793564e+00
2.142536163e+00
2.249484539e+00
2.216902971e+00
2.096266747e+00
2.039841652e+00
1.914444804e+00
1.869148135e+00
1.859806657e+00
2.047396421e+00
2.146115065e+00
2.199132681e+00
2.129419327e+00
2.012758255e+00
1.999505401e+00
2.034781456e+00
2.083482265e+00
2.071037292e+00
1.955118299e+00
1.879030824e+00
1.828338385e+00
1.824460626e+00
1.785438180e+00
1.986550689e+00
2.070260286e+00
1.949418187e+00
1.778866172e+00
1.905877709e+00
1.897985578e+00
1.846454740e+00
1.871883154e+00
1.737045527e+00
1.614987850e+00
1.721221328e+00
1.855186343e+00
1.777349234e+00
1.579373121e+00
1.704027414e+00
1.916366220e+00
1.934036970e+00
1.801626563e+00
1.753233790e+00
1.628480434e+00
1.668884397e+00
1.680588365e+00
1.697924733e+00
1.818361402e+00
1.909689069e+00
1.951847076e+00
1.938288927e+00
1.759739399e+00
1.605341792e+00
1.598832488e+00
1.781932473e+00
1.832592487e+00
1.772627234e+00
1.651481628e+00
1.543959975e+00
1.398734212e+00
1.604533911e+00
1.761599898e+00
1.724972844e+00
1.728716016e+00
1.718023777e+00
1.684634566e+00
1.603319764e+00
1.613674164e+00
1.697080255e+00
1.646960855e+00
1.655191779e+00
1.626995444e+00
1.651177049e+00
1.607467055e+00
1.636977553e+00
1.637484193e+00
1.665985227e+00
1.591885328e+00
1.547266603e+00
1.646591783e+00
1.625005245e+00
1.555666089e+00
1.483829856e+00
1.430236936e+00
1.471584082e+00
1.491785169e+00
1.579677463e+00
1.635899782e+00
1.657989025e+00
1.632493973e+00
1.622341633e+00
1.518936515e+00
1.497147918e+00
1.439006090e+00
1.458837986e+00
1.621262670e+00
1.766254187e+00
1.769961238e+00
1.681531668e+00
1.570166826e+00
1.565511703e+00
1.439780474e+00
1.406120420e+00
1.432663679e+00
1.520250559e+00
1.518799782e+00
1.551615953e+00
1.513304949e+00
1.609795570e+00
1.623521805e+00
1.559407949e+00
1.604905367e+00
1.612493157e+00
1.529829025e+00
1.456135631e+00
1.440081477e+00
1.460758090e+00
1.333679080e+00
1.374284387e+00
1.426021338e+00
1.463153958e+00
1.441905260e+00
1.486458182e+00
1.464536309e+00
1.555461168e+00
1.502848864e+00
1.406798005e+00
1.446254969e+00
1.537754536e+00
1.655830026e+00
1.659777641e+00
1.567299485e+00
1.500117779e+00
1.424468517e+00
1.369192362e+00
1.316613078e+00
1.389730930e+00
1.383154988e+00
1.430945396e+00
1.394083261e+00
1.541028619e+00
1.577146649e+00
1.478566647e+00
1.453338146e+00
1.526424646e+00
1.646793008e+00
1.634720445e+00
1.579980969e+00
1.549424767e+00
1.501297474e+00
1.537011504e+00
1.444973707e+00
1.391114354e+00
1.374926805e+00
1.582173228e+00
1.680216074e+00
1.643015862e+00
1.545275331e+00
1.447602987e+00
1.376206279e+00
1.379510641e+00
1.417316556e+00
1.500621796e+00
1.536641836e+00
1.515360236e+00
1.399272561e+00
1.462206721e+00
1.473133922e+00
1.454854012e+00
1.437891006e+00
1.411113501e+00
1.304842710e+00
1.426999331e+00
1.434790730e+00
1.450507164e+00
1.489189029e+00
1.434382915e+00
1.392158985e+00
1.443086743e+00
1.429461122e+00
1.377049446e+00
1.361028194e+00
1.470603943e+00
1.477519989e+00
1.573169827e+00
1.528111815e+00
1.348552108e+00
1.190508485e+00
1.280187130e+00
1.395565987e+00
1.431248903e+00
1.434823990e+00
1.320221901e+00
1.251351714e+00
1.332901001e+00
1.455666065e+00
1.456508517e+00
1.296174407e+00
1.229732275e+00
1.167843103e+00
1.271755695e+00
1.345281959e+00
1.382143021e+00
1.322077155e+00
1.364639044e+00
1.365381241e+00
1.363423824e+00
1.351080537e+00
1.289295197e+00
1.284404039e+00
1.329598188e+00
1.403188705e+00
1.413409591e+00
1.325347304e+00
1.344334960e+00
1.338500977e+00
1.380929112e+00
1.369462490e+00
1.310036063e+00
1.203694701e+00
1.272632837e+00
1.351114869e+00
1.364099383e+00
1.434687018e+00
1.387573242e+00
1.307270527e+00
1.162446737e+00
9.933404922e-01
9.766118526e-01
1.084469318e+00
1.258736610e+00
1.222210646e+00
1.267236471e+00
1.262650132e+00
1.252902865e+00
1.185281157e+00
1.261773586e+00
1.253273129e+00
1.181975365e+00
1.219478846e+00
1.275499582e+00
1.258702517e+00
1.188484430e+00
1.188315749e+00
1.246021509e+00
1.170405507e+00
1.194689870e+00
1.184335232e+00
1.184874058e+00
1.214453578e+00
1.301839709e+00
1.254015803e+00
1.254117846e+00
1.178535819e+00
1.165651321e+00
1.238635421e+00
1.191418648e+00
1.227371097e+00
1.268889070e+00
1.277826786e+00
1.283830047e+00
1.228382945e+00
1.256713986e+00
1.209496737e+00
1.223966360e+00
1.218062758e+00
1.231452584e+00
1.153239608e+00
1.252228856e+00
1.304638982e+00
1.209529638e+00
1.167471766e+00
1.217961431e+00
1.312396407e+00
1.360423207e+00
1.312936664e+00
1.247472048e+00
1.188687563e+00
1.191754818e+00
1.182042360e+00
1.254418731e+00
1.288348436e+00
1.312768459e+00
1.182244897e+00
1.091147423e+00
1.004032969e+00
9.530042410e-01
1.037387729e+00
1.127133727e+00
1.217893958e+00
1.231081605e+00
1.215937257e+00
1.277758956e+00
