8.109862208e-01
5.626838803e-01
5.579989552e-01
6.028481126e-01
7.024427652e-01
7.662423253e-01
7.307630777e-01
6.856506467e-01
6.854927540e-01
7.183400393e-01
7.460812330e-01
7.070751190e-01
6.594359875e-01
6.783863306e-01
6.633313298e-01
6.682268381e-01
7.114441991e-01
7.043378353e-01
6.682795286e-01
6.582779288e-01
6.187980175e-01
6.043746471e-01
6.087437868e-01
6.052695513e-01
5.807393789e-01
5.627365112e-01
5.655264258e-01
5.904777646e-01
6.149553061e-01
6.123232841e-01
6.322211623e-01
6.571725011e-01
6.170082688e-01
6.257464886e-01
6.141656637e-01
5.952153206e-01
5.884774327e-01
6.081120968e-01
6.133760810e-01
6.285890341e-01
6.269571781e-01
6.207982898e-01
6.014268398e-01
5.778968334e-01
5.111494064e-01
4.758280516e-01
4.968840182e-01
5.301524401e-01
5.185716748e-01
5.169924498e-01
5.142551661e-01
5.014637113e-01
4.948310554e-01
5.149394870e-01
5.022006631e-01
4.785653353e-01
4.745120704e-01
4.876194000e-01
4.884089828e-01
5.145710111e-01
5.411541462e-01
5.254674554e-01
4.998318553e-01
4.976736009e-01
4.906198680e-01
5.161502361e-01
5.294154882e-01
4.761965275e-01
4.080278873e-01
3.998686969e-01
4.381905496e-01
4.653000832e-01
5.023059249e-01
4.788811803e-01
4.199771285e-01
4.085542858e-01
4.051853418e-01
4.595623314e-01
4.808814824e-01
4.491396248e-01
3.900776803e-01
3.535982370e-01
3.528086245e-01
3.540720046e-01
3.804445863e-01
3.706535697e-01
3.986053467e-01
4.423490763e-01
4.346110225e-01
4.059749246e-01
3.856559396e-01
3.653369248e-01
3.602834940e-01
3.385432363e-01
3.201718926e-01
3.198560774e-01
3.627575636e-01
3.917095065e-01
3.732855618e-01
3.694954813e-01
3.719695508e-01
3.168029487e-01
2.744278312e-01
3.235408664e-01
3.511241674e-01
3.102756143e-01
2.823238373e-01
2.925885916e-01
3.699165881e-01
4.145025909e-01
3.947626352e-01
3.761807382e-01
3.721801043e-01
3.826028109e-01
3.255411685e-01
2.671635449e-01
2.707956731e-01
3.022217155e-01
3.098018467e-01
2.762176096e-01
2.752174437e-01
3.041167259e-01
3.668108582e-01
3.837608993e-01
3.187506199e-01
2.273677737e-01
2.126812488e-01
2.238409072e-01
2.363691926e-01
2.691112161e-01
2.767440081e-01
2.809551954e-01
3.154869676e-01
3.460180759e-01
3.073804080e-01
2.961681187e-01
3.120127320e-01
3.046431243e-01
2.851137519e-01
3.281205297e-01
3.607572615e-01
3.680742085e-01
3.174872696e-01
2.408435941e-01
2.269992977e-01
2.483710945e-01
2.533718944e-01
2.780073583e-01
2.931149900e-01
2.987474799e-01
3.063276112e-01
3.104861677e-01
2.811657488e-01
2.393170297e-01
2.235250622e-01
2.455285341e-01
3.211194277e-01
3.557038307e-01
2.857980430e-01
2.138393223e-01
2.452127039e-01
3.156448603e-01
2.952205837e-01
2.911146879e-01
2.594254613e-01
2.402119040e-01
2.532139719e-01
2.648473680e-01
2.720063925e-01
3.171714246e-01
3.421753645e-01
3.868666589e-01
3.522822261e-01
3.306472301e-01
3.485974371e-01
3.188032806e-01
2.637945712e-01
2.245252281e-01
2.454759032e-01
2.670056224e-01
3.367534578e-01
3.589675128e-01
3.815500140e-01
3.312789202e-01
3.080120981e-01
2.900092602e-01
3.224880695e-01
3.318579495e-01
2.992212176e-01
3.141183257e-01
3.447020948e-01
2.919042706e-01
2.780073583e-01
2.939046025e-01
3.000108302e-01
2.911673188e-01
2.692691386e-01
2.905882895e-01
2.950626910e-01
3.448600173e-01
3.300155699e-01
3.079594374e-01
2.946941853e-01
3.439651430e-01
3.487027287e-01
3.568619192e-01
3.250147700e-01
2.858507037e-01
2.732697725e-01
2.719011307e-01
3.325949311e-01
3.683900535e-01
3.628102243e-01
3.825501800e-01
3.671266735e-01
3.508083224e-01
3.177504838e-01
3.111178577e-01
2.616889775e-01
3.106440902e-01
2.965892255e-01
2.954837978e-01
2.903777361e-01
2.789022326e-01
2.735329568e-01
2.657949030e-01
2.994844317e-01
3.015900254e-01
2.806393504e-01
3.662317991e-01
3.400697708e-01
2.884300649e-01
2.649526596e-01
2.891143560e-01
2.783758342e-01
2.317368835e-01
2.461075783e-01
3.121706545e-01
3.610204458e-01
3.526507020e-01
3.120127320e-01
2.847979069e-01
2.871666849e-01
2.872193456e-01
2.750595212e-01
3.146973550e-01
3.495449722e-01
3.405435383e-01
3.078541756e-01
2.817447782e-01
2.569513917e-01
2.960101962e-01
3.465971351e-01
3.712325990e-01
4.771440625e-01
8.841035366e-01
1.276323915e+00
2.544541740e+01
3.273727112e+02
8.073993530e+02
9.821614990e+02
7.939686890e+02
5.067472229e+02
3.167260742e+02
2.448785400e+02
2.250875092e+02
2.078307190e+02
1.817741394e+02
1.564231262e+02
1.384281616e+02
1.276814651e+02
1.213246155e+02
1.171937561e+02
1.138536453e+02
1.100612869e+02
1.060660400e+02
1.031687088e+02
1.010411758e+02
9.903594208e+01
9.701276398e+01
9.560542297e+01
9.438455963e+01
9.250185394e+01
9.097300720e+01
9.004925537e+01
8.931106567e+01
8.822619629e+01
8.667501068e+01
8.519419098e+01
8.380956268e+01
8.357926178e+01
8.373667145e+01
8.296770477e+01
8.148549652e+01
8.057506561e+01
8.020721436e+01
7.991630554e+01
7.924954987e+01
7.861450195e+01
7.825718689e+01
7.810397339e+01
7.775931549e+01
7.710064697e+01
7.640244293e+01
7.527509308e+01
7.412705994e+01
7.347418213e+01
7.343784332e+01
7.353189850e+01
7.261605835e+01
7.143290710e+01
7.070663452e+01
7.017851257e+01
6.957957458e+01
6.912177277e+01
6.906192780e+01
6.835140991e+01
6.727233124e+01
6.663043213e+01
6.607735443e+01
6.643334198e+01
6.660751343e+01
6.598606110e+01
6.522024536e+01
6.462163544e+01
6.386113739e+01
6.370407104e+01
6.387257385e+01
6.384272385e+01
6.305582428e+01
6.200147247e+01
6.148120880e+01
6.113841629e+01
6.053413773e+01
5.981752396e+01
5.915710449e+01
5.885488510e+01
5.855602264e+01
5.859669876e+01
5.859196091e+01
5.823789215e+01
5.760245132e+01
5.724942017e+01
5.671025848e+01
5.573518372e+01
5.502857971e+01
5.453123093e+01
5.437131882e+01
5.436594391e+01
5.431141281e+01
5.418943405e+01
5.391175842e+01
5.349264526e+01
5.277659225e+01
5.214838791e+01
5.148305511e+01
5.113461685e+01
5.083014679e+01
5.057242203e+01
5.013958359e+01
4.978774643e+01
4.957018661e+01
4.946047592e+01
4.900993729e+01
4.868335342e+01
4.844778442e+01
4.796204376e+01
4.743820572e+01
4.696960449e+01
4.670462036e+01
4.659369659e+01
4.619841766e+01
4.577079773e+01
4.524672699e+01
4.462773895e+01
4.422909927e+01
4.401706696e+01
4.365968704e+01
4.301685333e+01
4.278687668e+01
4.294184113e+01
4.307743835e+01
4.306100464e+01
4.286787796e+01
4.246411133e+01
4.190943527e+01
4.144578552e+01
4.099960327e+01
4.034632111e+01
3.955341339e+01
3.906475067e+01
3.912334442e+01
3.931711197e+01
3.914995956e+01
3.867729950e+01
3.833446503e+01
3.812027359e+01
3.797740173e+01
3.762565613e+01
3.706484222e+01
3.667072678e+01
3.632537842e+01
3.629403687e+01
3.662110901e+01
3.652503204e+01
3.592215729e+01
3.535672379e+01
3.504378128e+01
3.482289124e+01
3.478857422e+01
3.483195114e+01
3.461729050e+01
3.401272202e+01
3.344521713e+01
3.308844376e+01
3.276484299e+01
3.238957214e+01
3.216711426e+01
3.232593155e+01
3.249748230e+01
3.226494598e+01
3.183490562e+01
3.145063972e+01
3.107440948e+01
3.079824066e+01
3.066070557e+01
3.067133331e+01
3.062749100e+01
3.040717888e+01
2.981692123e+01
2.949164581e+01
2.965067863e+01
2.977096748e+01
2.967930794e+01
2.963708496e+01
2.933366203e+01
2.895274544e+01
2.863043785e+01
2.848246193e+01
2.838182068e+01
2.839675713e+01
2.821175385e+01
2.770125961e+01
2.727170563e+01
2.716010857e+01
2.705961609e+01
2.679225540e+01
2.659084511e+01
2.653121376e+01
2.646267700e+01
2.617668343e+01
2.585584450e+01
2.574751472e+01
2.575561142e+01
2.560790443e+01
2.532155609e+01
2.519597244e+01
2.492460442e+01
2.465024567e+01
2.440005875e+01
2.417496681e+01
2.410905266e+01
2.422233200e+01
2.451395416e+01
2.451722527e+01
2.409400749e+01
2.367967224e+01
2.336419678e+01
2.307289124e+01
2.295745850e+01
2.311962891e+01
2.309251976e+01
2.306609726e+01
2.293417549e+01
2.276740837e+01
2.260233688e+01
2.217279625e+01
2.157917213e+01
2.133259773e+01
2.153042984e+01
2.191517258e+01
2.181121254e+01
2.164881134e+01
2.152421951e+01
2.154527855e+01
2.140062141e+01
2.131728554e+01
2.116830826e+01
2.093128014e+01
2.069745636e+01
2.043274498e+01
2.043437576e+01
2.043636894e+01
2.028345490e+01
2.019596672e+01
2.009374428e+01
1.992640686e+01
1.983006668e+01
1.955018806e+01
1.921045685e+01
1.910138321e+01
1.918496513e+01
1.931577492e+01
1.912465286e+01
1.874317551e+01
1.828669548e+01
1.797249413e+01
1.819146538e+01
1.849514198e+01
1.821803665e+01
1.789356041e+01
1.770322037e+01
1.769553566e+01
1.766390228e+01
1.753155899e+01
1.730258560e+01
1.712835121e+01
1.705295753e+01
1.707732582e+01
1.688213158e+01
1.650758743e+01
1.632257652e+01
1.645295715e+01
1.665588570e+01
1.662386894e+01
1.629065704e+01
1.591379356e+01
1.565111065e+01
1.558611393e+01
1.547204971e+01
1.532634926e+01
1.533192921e+01
1.555312157e+01
1.560006714e+01
1.545684719e+01
1.517996120e+01
1.498450279e+01
1.478141785e+01
1.460186005e+01
1.460580826e+01
1.461591816e+01
1.434507942e+01
1.408099842e+01
1.393049717e+01
1.396887875e+01
1.382969666e+01
1.367488766e+01
1.373105812e+01
1.366677952e+01
1.354292583e+01
1.332467937e+01
1.316407013e+01
1.325613880e+01
1.334846783e+01
1.322529888e+01
1.306527042e+01
1.288707924e+01
1.282117939e+01
1.283702374e+01
1.287282085e+01
1.280438805e+01
1.248512936e+01
1.235290146e+01
1.232442284e+01
1.229183674e+01
1.225672436e+01
1.230015087e+01
1.235131836e+01
1.224899197e+01
1.199601078e+01
1.184356403e+01
1.185535240e+01
1.191856480e+01
1.186456203e+01
1.153783703e+01
1.123347282e+01
1.118741131e+01
1.121046925e+01
1.126174068e+01
1.130948353e+01
1.149166775e+01
1.139954376e+01
1.122873020e+01
1.111724377e+01
1.110440254e+01
1.113851070e+01
1.117661953e+01
1.104249001e+01
1.079318905e+01
1.046156788e+01
1.031196690e+01
1.030574703e+01
1.036092091e+01
1.028253937e+01
1.040261269e+01
1.050994396e+01
1.052058029e+01
1.045598984e+01
1.023790264e+01
1.004645157e+01
9.956911087e+00
9.900216103e+00
9.946381569e+00
1.008061504e+01
9.974064827e+00
9.820407867e+00
9.878787041e+00
9.925112724e+00
9.831093788e+00
9.667340279e+00
9.631387711e+00
9.723770142e+00
9.902114868e+00
9.898263931e+00
9.789984703e+00
9.662649155e+00
9.757504463e+00
9.825677872e+00
9.638175011e+00
9.443039894e+00
9.430352211e+00
9.469462395e+00
9.368389130e+00
9.153304100e+00
9.059920311e+00
9.180150032e+00
9.371017456e+00
9.269950867e+00
9.091818810e+00
8.889469147e+00
8.724391937e+00
8.730341911e+00
8.853630066e+00
8.793985367e+00
8.743454933e+00
8.701229095e+00
8.604533195e+00
8.489411354e+00
8.528204918e+00
8.807779312e+00
9.003541946e+00
8.807142258e+00
8.357081413e+00
7.967639446e+00
7.958271503e+00
8.084345818e+00
8.123304367e+00
8.176262856e+00
8.207008362e+00
8.114717484e+00
7.972377300e+00
8.071717262e+00
8.046712875e+00
7.866051197e+00
7.759768009e+00
7.648487091e+00
7.469832420e+00
7.384233475e+00
7.564997196e+00
7.695338249e+00
7.828675270e+00
7.814569473e+00
8.002967834e+00
8.095622063e+00
7.950957775e+00
7.732503891e+00
7.672648907e+00
7.739606857e+00
7.669645309e+00
7.415286064e+00
7.341167450e+00
7.353959084e+00
7.305744171e+00
7.139977932e+00
7.056703091e+00
7.159724236e+00
7.219469070e+00
7.146510124e+00
7.155983448e+00
7.026538849e+00
6.912255764e+00
6.819238663e+00
6.896145821e+00
6.939151764e+00
6.800187111e+00
6.730489731e+00
6.701382160e+00
6.718751431e+00
6.718116760e+00
6.621575832e+00
6.688748360e+00
6.608888149e+00
6.566357613e+00
6.733803272e+00
6.911364079e+00
6.837350845e+00
6.713279724e+00
6.443601131e+00
6.136288166e+00
6.131444454e+00
6.363640308e+00
6.500246048e+00
6.541671753e+00
6.403223991e+00
6.207825661e+00
6.080700397e+00
6.074013233e+00
6.183454990e+00
6.343112469e+00
6.245304585e+00
6.175976753e+00
6.066644669e+00
6.008056164e+00
6.020164490e+00
5.966261864e+00
6.109758377e+00
6.169451237e+00
5.941573620e+00
5.762387753e+00
5.805762768e+00
5.915620804e+00
5.921515465e+00
5.822504044e+00
5.667844772e+00
5.789183140e+00
5.990315914e+00
6.027690887e+00
5.779493809e+00
5.718116760e+00
5.829448223e+00
5.904409409e+00
5.943731308e+00
6.033956051e+00
5.986369610e+00
5.803131104e+00
5.653316975e+00
5.627050400e+00
5.508454323e+00
5.547933578e+00
5.715011120e+00
5.842135429e+00
5.750331402e+00
5.625420094e+00
5.450017452e+00
5.522979736e+00
5.630103588e+00
5.543037415e+00
5.237775326e+00
5.135810852e+00
5.241515160e+00
5.339109421e+00
5.346265316e+00
5.322365761e+00
5.271094799e+00
5.294154167e+00
5.218404770e+00
5.236193657e+00
5.170811653e+00
5.159549713e+00
5.241881847e+00
5.307472229e+00
5.213717937e+00
5.007155895e+00
4.931828022e+00
4.986994743e+00
4.919931412e+00
4.881661415e+00
4.933198452e+00
5.049478054e+00
4.921879292e+00
4.842395306e+00
4.938195705e+00
5.160129547e+00
5.235087872e+00
5.167185783e+00
5.136919022e+00
5.067957878e+00
4.965833187e+00
4.857656956e+00
4.854550838e+00
4.881502628e+00
4.947463512e+00
4.906454086e+00
4.735847950e+00
4.754797459e+00
4.832757950e+00
4.934880257e+00
4.864764690e+00
4.754905224e+00
4.650257111e+00
4.527239323e+00
4.452487469e+00
4.490912914e+00
4.649310589e+00
4.655733585e+00
4.371578217e+00
4.162183285e+00
4.269142628e+00
4.447330475e+00
4.552295208e+00
4.567141533e+00
4.348633289e+00
4.099384785e+00
3.922147989e+00
4.041058064e+00
4.204138279e+00
4.344368458e+00
4.339049339e+00
4.323782444e+00
4.300251484e+00
4.168657303e+00
4.076798916e+00
4.042267323e+00
4.071115494e+00
4.122862339e+00
4.166552544e+00
4.180554867e+00
4.009055614e+00
3.905146122e+00
3.864456415e+00
3.800028563e+00
3.809188604e+00
3.925726652e+00
4.028424740e+00
4.061534405e+00
4.003684998e+00
3.854243517e+00
3.837452888e+00
3.841821194e+00
3.858874083e+00
3.779600859e+00
3.732178211e+00
3.855139017e+00
3.896618605e+00
3.884880781e+00
3.934309483e+00
4.022214890e+00
3.949942827e+00
3.826766253e+00
3.774023533e+00
3.782392502e+00
3.723753214e+00
3.647849083e+00
3.565098286e+00
3.533093929e+00
3.498722553e+00
3.476772547e+00
3.477193832e+00
3.553256750e+00
3.596315384e+00
3.590527534e+00
3.498828650e+00
3.425447702e+00
3.474773169e+00
3.717756510e+00
3.872880459e+00
3.788343191e+00
3.631847382e+00
3.494039297e+00
3.494620085e+00
3.521885872e+00
3.490087986e+00
3.388546705e+00
3.386756659e+00
3.448770046e+00
3.467300653e+00
3.526152134e+00
3.481878757e+00
3.369280100e+00
3.335222483e+00
3.536310911e+00
3.717861652e+00
3.747650146e+00
3.541996002e+00
3.183830261e+00
3.086763859e+00
3.253473997e+00
3.531938314e+00
3.785444736e+00
3.756231308e+00
3.612000465e+00
3.475299597e+00
3.410603285e+00
3.480721474e+00
3.633900166e+00
3.654747248e+00
3.583209753e+00
3.535888910e+00
3.492142677e+00
3.424973965e+00
3.468771458e+00
3.554311275e+00
3.515620947e+00
3.514777899e+00
3.624845266e+00
3.564783335e+00
3.461085081e+00
3.543889284e+00
3.760388136e+00
3.764655352e+00
3.643953562e+00
3.315378189e+00
3.192672968e+00
3.222362995e+00
3.350646019e+00
3.486195087e+00
3.518356562e+00
3.465664864e+00
3.475509405e+00
3.513460159e+00
3.550833702e+00
3.536832333e+00
3.426868677e+00
3.245104790e+00
3.262054443e+00
3.314220905e+00
3.408498049e+00
3.531093836e+00
3.575838566e+00
3.528779984e+00
3.544466734e+00
3.507356405e+00
3.470772505e+00
3.558575869e+00
3.417763948e+00
3.209467411e+00
3.171880484e+00
3.306429386e+00
3.509200573e+00
3.456401825e+00
3.371176004e+00
3.333487034e+00
3.359490395e+00
3.440345526e+00
3.497091532e+00
3.410287857e+00
3.346540451e+00
3.381125450e+00
3.357752800e+00
3.335328579e+00
3.340802670e+00
3.261527538e+00
3.273055315e+00
3.325116158e+00
3.273791313e+00
3.133769274e+00
3.106450319e+00
3.121452808e+00
3.080024004e+00
3.016173840e+00
3.067391157e+00
3.039228916e+00
2.983166933e+00
2.864305258e+00
2.861150265e+00
2.850990772e+00
2.805352688e+00
2.775769472e+00
2.861518145e+00
2.979639769e+00
3.084709644e+00
3.128138781e+00
3.148825407e+00
3.028911352e+00
3.020856380e+00
2.998010635e+00
2.861989498e+00
2.672858477e+00
2.770557642e+00
2.920894861e+00
2.892627239e+00
2.822299957e+00
2.723285913e+00
2.737235785e+00
2.722443581e+00
2.743973255e+00
2.822354555e+00
2.832620621e+00
2.838936090e+00
2.831827164e+00
2.877046108e+00
2.905470371e+00
2.996537447e+00
2.961217403e+00
2.881837606e+00
2.770714045e+00
2.699281216e+00
2.740761042e+00
2.844775438e+00
2.902574778e+00
2.914366961e+00
2.917631865e+00
2.937897921e+00
2.868307590e+00
2.797612190e+00
2.744235277e+00
2.769660473e+00
2.852516890e+00
2.869731188e+00
2.888891697e+00
2.950057268e+00
2.918789148e+00
2.934527397e+00
2.974009275e+00
2.955109119e+00
2.871046543e+00
2.845042467e+00
2.946951866e+00
2.936211824e+00
2.803245544e+00
2.710496426e+00
2.682966232e+00
2.809353828e+00
2.940793514e+00
3.073654413e+00
3.094396591e+00
3.046598911e+00
2.962164164e+00
2.897207737e+00
2.825251341e+00
2.726394176e+00
2.810088158e+00
3.044809580e+00
3.313587666e+00
