1.936217248e-01
7.153874636e-02
7.422426343e-02
1.391088217e-01
1.713350266e-01
1.801632643e-01
1.733414382e-01
1.657787859e-01
1.557775438e-01
1.453132927e-01
1.468875557e-01
1.736501157e-01
1.763356328e-01
1.487087756e-01
1.430907995e-01
1.298484206e-01
1.691742539e-01
1.830031276e-01
1.963381022e-01
1.784037948e-01
1.817066669e-01
1.779099107e-01
1.634945422e-01
1.681556106e-01
1.732179672e-01
1.740205437e-01
1.651614159e-01
1.698224843e-01
1.707793921e-01
1.564566344e-01
1.561479568e-01
1.435229480e-01
1.680321395e-01
1.840835065e-01
1.864603460e-01
1.838674396e-01
1.822931617e-01
1.725388765e-01
1.693594754e-01
1.601299345e-01
1.555306017e-01
1.333673745e-01
1.279037297e-01
1.529376805e-01
1.832500696e-01
1.767369211e-01
1.740205437e-01
1.551910490e-01
1.498508900e-01
1.337069124e-01
1.297866851e-01
1.459615231e-01
1.413621902e-01
1.420412809e-01
1.274098456e-01
1.210819036e-01
1.424425691e-01
1.481222808e-01
1.682173461e-01
1.439550966e-01
1.433686018e-01
1.191063523e-01
1.433686018e-01
1.321326494e-01
1.432142705e-01
1.652231514e-01
1.785272658e-01
1.629389226e-01
1.513016820e-01
1.075617149e-01
1.074382439e-01
1.178716272e-01
1.442329139e-01
1.526598781e-01
1.466714889e-01
1.276259273e-01
1.431833953e-01
1.503756493e-01
1.513942927e-01
1.345712245e-01
1.419178098e-01
1.346638203e-01
1.325030625e-01
1.153404564e-01
1.320400536e-01
1.832500696e-01
1.790520251e-01
1.442329139e-01
1.257121116e-01
1.180259734e-01
1.134266406e-01
1.245699897e-01
1.309905350e-01
1.181803122e-01
1.189828813e-01
1.077469215e-01
1.037032157e-01
1.379049718e-01
1.742983460e-01
2.084692419e-01
2.092409283e-01
1.541415453e-01
1.218227372e-01
1.286754310e-01
1.472579688e-01
1.229648516e-01
1.079938710e-01
1.124079898e-01
1.116980314e-01
1.174394786e-01
9.793089330e-02
9.376371652e-02
1.053083539e-01
1.323795915e-01
1.318239719e-01
1.558392793e-01
1.454058886e-01
1.456528306e-01
1.312066168e-01
1.130562201e-01
9.626402706e-02
1.150009036e-01
1.547280252e-01
1.924796104e-01
1.698224843e-01
1.438625008e-01
1.318548322e-01
1.297866851e-01
1.297866851e-01
1.509003937e-01
1.865220815e-01
1.760578305e-01
1.486470401e-01
1.218227372e-01
1.252490878e-01
1.355281323e-01
1.613029242e-01
1.699459553e-01
1.717363000e-01
1.628771871e-01
1.528450847e-01
1.679086685e-01
1.482148767e-01
1.575678885e-01
1.718289107e-01
1.785272658e-01
1.440168321e-01
1.371950060e-01
1.164208353e-01
1.452206820e-01
1.367937177e-01
1.461775899e-01
1.558084190e-01
1.424425691e-01
1.342316717e-01
1.596977860e-01
1.371023953e-01
1.334908456e-01
1.156800017e-01
1.233043969e-01
1.373184770e-01
1.390162110e-01
1.237982884e-01
1.222240180e-01
1.376580298e-01
1.651614159e-01
1.848860830e-01
1.737735868e-01
1.534315795e-01
1.682482213e-01
1.695446819e-01
1.617659330e-01
1.635871530e-01
1.752861291e-01
1.822623014e-01
1.836204827e-01
1.612720490e-01
1.688347161e-01
1.720141172e-01
1.711806804e-01
1.522585899e-01
1.538328528e-01
1.635871530e-01
1.615189910e-01
1.641119123e-01
1.681247503e-01
1.648527384e-01
1.421338916e-01
1.402509362e-01
1.367937177e-01
1.708720028e-01
1.983753890e-01
1.972950101e-01
1.770764738e-01
1.417943388e-01
1.366393864e-01
1.300336272e-01
1.445724517e-01
1.617659330e-01
1.856577694e-01
1.509930044e-01
1.912448853e-01
1.724154055e-01
1.509621292e-01
1.897940934e-01
1.802867502e-01
1.611485779e-01
1.645749211e-01
1.527833492e-01
1.554997265e-01
1.666122228e-01
1.692051291e-01
1.703781188e-01
1.768603921e-01
1.977889091e-01
1.860281974e-01
1.683716923e-01
1.758108884e-01
1.690507829e-01
1.726623476e-01
1.717363000e-01
1.625376344e-01
1.759960949e-01
1.655935645e-01
1.526290029e-01
1.626611054e-01
1.879728734e-01
2.051046193e-01
1.911522895e-01
1.994249076e-01
1.857812554e-01
1.857195199e-01
1.777247041e-01
1.721684635e-01
1.514251530e-01
1.512090862e-01
1.603151411e-01
1.500978321e-01
1.560553610e-01
1.650379449e-01
1.712424159e-01
1.669826359e-01
1.686803699e-01
1.753478646e-01
1.821696907e-01
1.862442642e-01
2.005052865e-01
2.372999489e-01
2.463134080e-01
2.300150990e-01
1.946403682e-01
1.592656225e-01
1.591112912e-01
1.696064174e-01
2.549873292e-01
5.612913966e-01
1.043487191e+00
3.633805084e+01
2.384105072e+02
4.275227661e+02
4.192111206e+02
2.809961243e+02
1.511998444e+02
8.629397583e+01
6.978199005e+01
6.678004456e+01
5.951089478e+01
4.840360641e+01
3.872925568e+01
3.306483078e+01
3.041268349e+01
2.856525612e+01
2.776952553e+01
2.680000114e+01
2.571997833e+01
2.438541603e+01
2.365970993e+01
2.313927460e+01
2.312363243e+01
2.268580818e+01
2.225370979e+01
2.190660286e+01
2.147606850e+01
2.127462387e+01
2.091908836e+01
2.065397072e+01
2.030684471e+01
1.962148666e+01
1.925615311e+01
1.879510689e+01
1.894332504e+01
1.886854744e+01
1.850928879e+01
1.791115952e+01
1.783248520e+01
1.776128769e+01
1.789753151e+01
1.776454926e+01
1.758731270e+01
1.743478203e+01
1.714349937e+01
1.675725937e+01
1.640843582e+01
1.607876015e+01
1.619569397e+01
1.591674805e+01
1.578999996e+01
1.552614212e+01
1.545900249e+01
1.540643406e+01
1.547474289e+01
1.525904942e+01
1.514048290e+01
1.479926777e+01
1.434642506e+01
1.427875233e+01
1.422053146e+01
1.411361217e+01
1.397476864e+01
1.366104507e+01
1.354472828e+01
1.349621391e+01
1.386416054e+01
1.383498669e+01
1.367752838e+01
1.338911915e+01
1.321750259e+01
1.289031124e+01
1.273763847e+01
1.246263695e+01
1.213831902e+01
1.226110363e+01
1.239660645e+01
1.218894196e+01
1.198258972e+01
1.180014801e+01
1.176409054e+01
1.152860165e+01
1.140729618e+01
1.101240063e+01
1.086842632e+01
1.086821175e+01
1.119204617e+01
1.104243088e+01
1.074384689e+01
1.060271454e+01
1.049341488e+01
1.060496807e+01
1.047143459e+01
1.014448071e+01
1.001583004e+01
9.901992798e+00
1.000848198e+01
9.916244507e+00
9.982767105e+00
9.899697304e+00
9.906279564e+00
9.687242508e+00
9.536471367e+00
9.256062508e+00
9.154163361e+00
9.082119942e+00
8.983617783e+00
9.090642929e+00
9.064860344e+00
8.965521812e+00
9.051961899e+00
8.952313423e+00
8.872483253e+00
8.586901665e+00
8.592979431e+00
8.389383316e+00
8.329532623e+00
8.397383690e+00
8.635920525e+00
8.430102348e+00
8.230687141e+00
8.044713974e+00
7.771161556e+00
7.706893444e+00
7.701988220e+00
7.774279118e+00
7.982582092e+00
8.008450508e+00
7.920694828e+00
7.449396133e+00
7.506344795e+00
7.567680359e+00
7.564379692e+00
7.322403431e+00
7.286411285e+00
6.945945740e+00
6.980209351e+00
7.139736176e+00
7.064173222e+00
6.962676048e+00
6.884888649e+00
6.731727600e+00
6.628291607e+00
6.591895580e+00
6.777136326e+00
6.653506279e+00
6.570783615e+00
6.347419739e+00
6.341056347e+00
6.267899036e+00
6.338213444e+00
6.116230011e+00
6.256635189e+00
6.402427673e+00
6.406470299e+00
6.487747669e+00
6.344985008e+00
6.112406254e+00
5.891315937e+00
5.485587120e+00
5.507627964e+00
5.515034199e+00
5.593625069e+00
5.432862759e+00
5.577046871e+00
5.592236042e+00
5.674283028e+00
5.422861099e+00
5.371559620e+00
5.455644131e+00
5.437587261e+00
5.545474052e+00
5.468734264e+00
5.269537926e+00
5.122851372e+00
4.868093967e+00
4.941283703e+00
4.927670956e+00
5.126739502e+00
5.107076645e+00
5.164369583e+00
5.059849739e+00
5.128474236e+00
4.980178356e+00
4.982615948e+00
4.928871155e+00
4.813769817e+00
4.913102150e+00
4.914492130e+00
4.900753021e+00
4.885934353e+00
4.680577278e+00
4.736413002e+00
4.581985950e+00
4.583993435e+00
4.426199913e+00
4.424375057e+00
4.400950909e+00
4.612390995e+00
4.562230587e+00
4.554084301e+00
4.499691010e+00
4.315140724e+00
4.361567020e+00
4.427985191e+00
4.421441555e+00
4.462868214e+00
4.322675228e+00
4.330425262e+00
4.053411961e+00
4.177926540e+00
4.188330173e+00
4.208886147e+00
4.156443596e+00
4.288104057e+00
4.046989441e+00
3.938304901e+00
3.870984316e+00
3.731769085e+00
3.870646238e+00
3.980347157e+00
4.011523247e+00
4.038377285e+00
3.978372097e+00
4.135732174e+00
3.948460102e+00
3.966303110e+00
3.902284861e+00
3.966089487e+00
3.861631632e+00
3.844406843e+00
3.610859156e+00
3.824775934e+00
3.924108982e+00
3.700467348e+00
3.681731939e+00
3.700499773e+00
3.695809841e+00
3.695685387e+00
3.644906998e+00
3.700778008e+00
3.477168798e+00
3.475626230e+00
3.401541710e+00
3.460471153e+00
3.410309553e+00
3.529029369e+00
3.366755247e+00
3.344249725e+00
3.331653595e+00
3.283776760e+00
3.411292553e+00
3.414132833e+00
3.246736288e+00
3.167805195e+00
3.110299110e+00
3.264395475e+00
3.209201574e+00
3.337952614e+00
3.233246326e+00
3.211237431e+00
2.996984959e+00
3.160026550e+00
3.043904543e+00
2.968311071e+00
2.927040577e+00
2.810575962e+00
2.895125389e+00
2.950931072e+00
2.859442949e+00
2.798198938e+00
2.831906319e+00
3.030662537e+00
2.925555468e+00
2.919319630e+00
2.770881653e+00
2.861940861e+00
2.864843369e+00
3.115269423e+00
3.024088144e+00
2.933677673e+00
2.854039192e+00
2.688097477e+00
2.605619669e+00
2.596544504e+00
2.747082472e+00
2.880674839e+00
2.796099901e+00
2.866476059e+00
2.616913080e+00
2.665622711e+00
2.463011503e+00
2.495362520e+00
2.481009007e+00
2.644879580e+00
2.537705660e+00
2.651422501e+00
2.660528660e+00
2.586910725e+00
2.714795113e+00
2.729795456e+00
2.621174812e+00
2.651548386e+00
2.590584993e+00
2.656173706e+00
2.403313637e+00
2.320401192e+00
2.203869581e+00
2.236899376e+00
2.204086304e+00
2.415443420e+00
2.331916094e+00
2.385904074e+00
2.432698488e+00
2.384051561e+00
2.461312771e+00
2.462300062e+00
2.314382553e+00
2.182540894e+00
2.042310476e+00
2.167291641e+00
2.130376339e+00
2.295302153e+00
2.269680738e+00
2.384821415e+00
2.258235931e+00
2.315368414e+00
2.119141817e+00
2.173093796e+00
2.281938314e+00
2.291291714e+00
2.341085196e+00
2.296572685e+00
2.155101538e+00
2.024225712e+00
1.943382263e+00
2.230323553e+00
2.211030960e+00
2.341762304e+00
2.102533340e+00
1.984127998e+00
1.921898127e+00
2.151275873e+00
2.075308800e+00
2.137875795e+00
2.188746214e+00
2.185906410e+00
2.321696281e+00
2.289071083e+00
2.155223608e+00
2.147504807e+00
2.102781296e+00
2.161827087e+00
1.967860579e+00
1.993666053e+00
1.942796707e+00
2.061048269e+00
2.009069681e+00
2.165222406e+00
2.173896790e+00
2.279871464e+00
2.239801884e+00
2.075373411e+00
2.117568016e+00
2.160099268e+00
2.206216097e+00
2.227485180e+00
2.151767015e+00
2.280178308e+00
2.172970772e+00
2.242210150e+00
2.074383259e+00
2.147844791e+00
2.174544573e+00
2.312960625e+00
2.194454908e+00
2.259401798e+00
2.312096834e+00
2.093645811e+00
1.991134882e+00
2.006413937e+00
2.037127018e+00
2.024504423e+00
1.983541846e+00
2.115839958e+00
1.893716574e+00
1.978417754e+00
1.973139286e+00
2.006292105e+00
1.883652210e+00
1.993389130e+00
1.963230133e+00
2.066325665e+00
2.072314024e+00
1.967150450e+00
2.007340908e+00
1.971318126e+00
1.927948713e+00
1.992060900e+00
1.934553266e+00
2.053980827e+00
1.974034905e+00
2.104757786e+00
1.977584004e+00
1.880999207e+00
1.687398195e+00
1.808582664e+00
1.791758895e+00
1.908840537e+00
1.845591664e+00
1.761848450e+00
1.901710749e+00
1.980640173e+00
1.884085059e+00
1.774781704e+00
1.602445841e+00
1.739653468e+00
1.681498766e+00
1.857137322e+00
1.788610816e+00
1.747618318e+00
1.661188602e+00
1.865996718e+00
1.814014673e+00
1.869454145e+00
1.885874748e+00
1.769596100e+00
1.827628016e+00
1.958724856e+00
1.909829259e+00
1.808520675e+00
1.660139561e+00
1.722121358e+00
1.564327478e+00
1.721257091e+00
1.727183938e+00
1.759903550e+00
1.687427163e+00
1.858526587e+00
1.783609509e+00
1.887851000e+00
1.928195477e+00
1.708600640e+00
1.682703137e+00
1.714651346e+00
1.659798384e+00
1.685943842e+00
1.680572271e+00
1.865038753e+00
1.630844951e+00
1.590563416e+00
1.527996540e+00
1.652021289e+00
1.593774557e+00
1.697581768e+00
1.556489706e+00
1.599363685e+00
1.574082971e+00
1.457833529e+00
1.596521616e+00
1.649707675e+00
1.565872073e+00
1.548277378e+00
1.516854405e+00
1.615969896e+00
1.486047864e+00
1.572540283e+00
1.412212133e+00
1.398259282e+00
1.394061446e+00
1.604021788e+00
1.547567606e+00
1.630168915e+00
1.720454931e+00
1.663224936e+00
1.709804773e+00
1.709188104e+00
1.542567492e+00
1.494814396e+00
1.494937658e+00
1.670201421e+00
1.563493848e+00
1.614795446e+00
1.558678865e+00
1.583218932e+00
1.547627926e+00
1.603002906e+00
1.448265433e+00
1.556795478e+00
1.640136600e+00
1.572846770e+00
1.597602487e+00
1.579731107e+00
1.513148546e+00
1.502869487e+00
1.460518360e+00
1.598927855e+00
1.484534383e+00
1.565437794e+00
1.444778800e+00
1.474843740e+00
1.423478723e+00
1.493516326e+00
1.330318332e+00
1.450272083e+00
1.584700823e+00
1.488703966e+00
1.536451936e+00
1.610594749e+00
1.532749534e+00
1.469935298e+00
1.405451775e+00
1.604269028e+00
1.550901532e+00
1.648782849e+00
1.506545186e+00
1.483485818e+00
1.400667667e+00
1.567568183e+00
1.470551252e+00
1.509938002e+00
1.543399930e+00
1.439190507e+00
1.456261516e+00
1.471201539e+00
1.395975828e+00
1.440827250e+00
1.391592264e+00
1.509752631e+00
1.345968604e+00
1.430332303e+00
1.344302773e+00
1.425826550e+00
1.389430523e+00
1.558710456e+00
1.452896118e+00
1.517901540e+00
1.500214577e+00
1.352790713e+00
1.340749502e+00
1.361091256e+00
1.365042686e+00
1.360815644e+00
1.248608470e+00
1.392827511e+00
1.330038071e+00
1.449715257e+00
1.391035914e+00
1.515341163e+00
1.486201048e+00
1.585841775e+00
1.390913367e+00
1.371898532e+00
1.363069773e+00
1.244192481e+00
1.260830283e+00
1.358438373e+00
1.385510325e+00
1.406779051e+00
1.333031535e+00
1.448420048e+00
1.301239252e+00
1.380200982e+00
1.328804135e+00
1.408969283e+00
1.354886174e+00
1.414927721e+00
1.267900109e+00
1.361958742e+00
1.385664940e+00
1.173967004e+00
1.198940754e+00
1.300591707e+00
1.302196860e+00
1.336550951e+00
1.247125626e+00
1.355877042e+00
1.172054410e+00
1.229128599e+00
1.227894187e+00
1.418385744e+00
1.405051231e+00
1.428140759e+00
1.165387630e+00
1.234284043e+00
1.394400358e+00
1.338250399e+00
1.348992229e+00
1.319049120e+00
1.274166226e+00
1.261726260e+00
1.213294268e+00
1.415144324e+00
1.365785956e+00
1.399895310e+00
1.179677129e+00
1.177549362e+00
1.104635596e+00
1.258671045e+00
1.201441288e+00
1.293648124e+00
1.333005071e+00
1.252959728e+00
1.294973493e+00
1.257220030e+00
1.156741977e+00
1.144828796e+00
1.114885211e+00
1.298802614e+00
1.215702057e+00
1.257097960e+00
1.138129234e+00
1.238914728e+00
1.236106753e+00
1.385880232e+00
1.239377499e+00
1.243976831e+00
1.286266565e+00
1.202026248e+00
1.284973025e+00
1.328220248e+00
1.273642778e+00
1.284662127e+00
1.202427387e+00
1.312936068e+00
1.194434166e+00
1.346427798e+00
1.345749378e+00
1.323061228e+00
1.174182892e+00
1.293739676e+00
1.204126954e+00
1.280434608e+00
1.323558211e+00
1.264508009e+00
1.337634325e+00
1.388597369e+00
1.342416167e+00
1.357264638e+00
1.287872672e+00
1.369460344e+00
1.240365863e+00
1.310099006e+00
1.226629496e+00
1.378998160e+00
1.397426367e+00
1.579576492e+00
1.404464960e+00
1.402581811e+00
1.382486939e+00
1.338684082e+00
1.417922735e+00
1.363841891e+00
1.272284031e+00
1.259597301e+00
1.241385221e+00
1.439592004e+00
1.318339348e+00
1.373935819e+00
1.352820873e+00
1.400974989e+00
1.284325004e+00
1.395851374e+00
1.248391986e+00
1.253639579e+00
1.321365118e+00
1.231845737e+00
1.271913409e+00
1.348068595e+00
1.350228906e+00
1.278026462e+00
1.113342285e+00
1.267066598e+00
1.231783986e+00
1.367360592e+00
1.267625690e+00
1.266175032e+00
1.217709184e+00
1.383659005e+00
1.283706665e+00
1.367207050e+00
1.378689170e+00
1.243267655e+00
1.269567370e+00
1.293863416e+00
1.319082618e+00
1.431843400e+00
1.437243700e+00
1.523704648e+00
1.326027393e+00
1.358841062e+00
1.311115503e+00
1.371400237e+00
1.370073676e+00
1.520898819e+00
1.418138027e+00
1.411070466e+00
1.393381715e+00
1.247434378e+00
1.293303967e+00
1.318987608e+00
1.251847506e+00
1.208324313e+00
1.143098116e+00
1.268826365e+00
1.152206540e+00
1.189895630e+00
1.080036163e+00
1.233604789e+00
1.237093568e+00
1.349766850e+00
1.185110807e+00
1.246909618e+00
1.314545274e+00
1.270308733e+00
1.309913158e+00
1.263732195e+00
1.190204620e+00
1.268887162e+00
1.188414693e+00
1.255551457e+00
1.159399033e+00
1.308001280e+00
1.200516462e+00
1.197613358e+00
1.100193024e+00
1.222986579e+00
1.091518283e+00
1.135105848e+00
1.155386686e+00
1.061143279e+00
1.109144926e+00
1.193012834e+00
1.233883262e+00
1.189063907e+00
1.053395867e+00
1.272529840e+00
1.255922318e+00
1.292192221e+00
1.154582143e+00
1.219993114e+00
1.179801583e+00
1.300991535e+00
1.169151902e+00
1.221072316e+00
1.347789645e+00
1.271634817e+00
1.263268948e+00
1.264072418e+00
1.268178105e+00
1.302380562e+00
1.218356967e+00
1.375356674e+00
1.212706566e+00
1.227895141e+00
1.109855175e+00
1.224252701e+00
1.222678423e+00
1.374276042e+00
1.198199391e+00
1.201594591e+00
1.327385664e+00
1.289230824e+00
1.317508817e+00
1.320379257e+00
1.280773044e+00
1.254873276e+00
1.179431438e+00
