1.394143254e-01
5.899382755e-02
9.877367318e-02
1.516482532e-01
1.819070131e-01
1.730902344e-01
1.470833570e-01
1.367536336e-01
1.529003382e-01
1.773160249e-01
1.681862324e-01
1.581434458e-01
1.696730852e-01
1.602041721e-01
1.499005407e-01
1.584303826e-01
1.628126949e-01
1.711338460e-01
1.899934113e-01
1.704034656e-01
1.219894439e-01
1.138769686e-01
1.495614350e-01
1.740814745e-01
1.781768352e-01
1.611954123e-01
1.521699578e-01
1.460921168e-01
1.514656544e-01
1.455443352e-01
1.383969933e-01
1.242066845e-01
1.376405358e-01
1.486745477e-01
1.486484557e-01
1.398316771e-01
1.521177888e-01
1.462486237e-01
1.293454617e-01
1.259543896e-01
1.064166129e-01
1.289541721e-01
1.372231692e-01
1.276238412e-01
1.063644439e-01
1.091555580e-01
1.281194538e-01
1.301280111e-01
1.041472107e-01
1.077208742e-01
1.183896959e-01
1.165898219e-01
1.324756742e-01
1.264239252e-01
1.310409904e-01
1.151812226e-01
1.063122749e-01
1.000779271e-01
9.298276901e-02
1.194591895e-01
1.426749676e-01
1.409011781e-01
1.217546761e-01
1.088425368e-01
1.064166129e-01
1.082164943e-01
9.913886338e-02
8.497463167e-02
9.945188463e-02
1.019038856e-01
9.371314943e-02
1.163811386e-01
1.254326850e-01
1.254587770e-01
1.020864844e-01
8.609629422e-02
7.733168453e-02
1.034168229e-01
1.064948738e-01
1.123118550e-01
9.749549627e-02
9.449570626e-02
9.332187474e-02
1.059731692e-01
1.314583570e-01
1.346146613e-01
1.297889054e-01
1.126248837e-01
1.198504642e-01
1.306497157e-01
1.423097700e-01
1.231893599e-01
1.202678233e-01
1.175810546e-01
1.344842315e-01
1.146334335e-01
1.073817685e-01
1.136422008e-01
1.180245057e-01
8.912216872e-02
7.610568404e-02
7.422754914e-02
9.102638066e-02
1.022951603e-01
1.067818105e-01
1.079295576e-01
1.140856445e-01
1.161463708e-01
1.036255062e-01
1.033907384e-01
1.123379469e-01
1.139813066e-01
1.182331890e-01
1.326582730e-01
1.146334335e-01
1.065992117e-01
9.660860151e-02
1.042254642e-01
1.013300121e-01
1.174506322e-01
1.300497502e-01
1.290063560e-01
1.089990437e-01
1.212590635e-01
1.135900319e-01
1.137204543e-01
9.853890538e-02
7.967934757e-02
9.334795922e-02
1.123640314e-01
1.190679073e-01
1.255109459e-01
1.184940338e-01
1.092338115e-01
1.248848960e-01
1.288498342e-01
1.382404864e-01
1.296845675e-01
1.081643179e-01
9.345229715e-02
9.556519985e-02
9.804328531e-02
1.009126529e-01
1.026081890e-01
1.020603999e-01
1.133030951e-01
1.132248417e-01
1.184940338e-01
1.166419908e-01
1.289020032e-01
1.430923194e-01
1.466138214e-01
1.465355605e-01
1.270760447e-01
1.008604839e-01
1.076426208e-01
1.237632334e-01
1.288759261e-01
1.396751702e-01
1.444748342e-01
1.407185793e-01
1.189374849e-01
1.146334335e-01
1.320583075e-01
1.240240857e-01
1.176593155e-01
1.058688313e-01
1.087642759e-01
1.025038436e-01
1.059470847e-01
9.994750470e-02
7.161903381e-02
9.204370528e-02
1.045645699e-01
9.806936979e-02
9.981707484e-02
1.110597700e-01
1.044602320e-01
1.056862324e-01
1.022169068e-01
9.303493798e-02
1.077208742e-01
1.169028431e-01
1.306757927e-01
1.415011287e-01
1.298932433e-01
1.350581050e-01
1.406924874e-01
1.379535496e-01
1.373014301e-01
1.219372749e-01
1.050862744e-01
9.397400171e-02
9.006123245e-02
1.164333075e-01
1.423097700e-01
1.398577690e-01
1.281716228e-01
1.088425368e-01
1.144508421e-01
1.124944538e-01
1.117379889e-01
1.216242537e-01
1.247022972e-01
1.355276406e-01
1.410576850e-01
1.353189498e-01
1.268412769e-01
1.050862744e-01
1.251457483e-01
1.376405358e-01
1.460399479e-01
1.457790881e-01
1.253022552e-01
1.165115684e-01
1.142943278e-01
1.355798095e-01
1.415793896e-01
1.445530951e-01
1.329973787e-01
1.272064745e-01
1.080078110e-01
1.215720847e-01
1.337277591e-01
1.305453777e-01
1.245197058e-01
1.321365684e-01
1.194591895e-01
1.092077270e-01
9.650426358e-02
1.131726652e-01
1.292932928e-01
1.411881149e-01
1.529003382e-01
1.433792561e-01
1.345624775e-01
1.346146613e-01
1.503179073e-01
1.613258421e-01
1.563696563e-01
1.638039351e-01
1.518830210e-01
1.180245057e-01
9.973882139e-02
9.353055805e-02
1.099641919e-01
1.516482532e-01
1.616910249e-01
1.571261287e-01
1.532394439e-01
1.458051801e-01
1.311453283e-01
1.183375269e-01
1.099902838e-01
1.944018006e-01
4.679605663e-01
2.093037844e+00
1.365220947e+02
5.399118042e+02
7.834351807e+02
6.715091553e+02
4.067230835e+02
2.061425629e+02
1.230904922e+02
1.065696335e+02
1.001919632e+02
8.450580597e+01
6.516629028e+01
5.120109558e+01
4.462291336e+01
4.200205231e+01
4.057123184e+01
4.010015488e+01
3.926767731e+01
3.734382248e+01
3.544126129e+01
3.445251083e+01
3.376011276e+01
3.326576996e+01
3.287912750e+01
3.204347229e+01
3.155383301e+01
3.155373573e+01
3.119915962e+01
3.070158577e+01
2.995306015e+01
2.954849815e+01
2.944490814e+01
2.927658653e+01
2.876980591e+01
2.824935532e+01
2.812398338e+01
2.791465569e+01
2.747899246e+01
2.696574974e+01
2.661467361e+01
2.649654388e+01
2.656601143e+01
2.645124054e+01
2.596795082e+01
2.534301376e+01
2.484381104e+01
2.451915932e+01
2.426188469e+01
2.395553780e+01
2.367938995e+01
2.356725693e+01
2.361272621e+01
2.353485680e+01
2.312273788e+01
2.246416473e+01
2.198278618e+01
2.177831459e+01
2.179382706e+01
2.172626877e+01
2.147957611e+01
2.129637909e+01
2.111902046e+01
2.089548683e+01
2.055212784e+01
2.027807999e+01
1.992994499e+01
1.949845505e+01
1.911231041e+01
1.886493111e+01
1.872231674e+01
1.851725769e+01
1.808806038e+01
1.788216782e+01
1.797468758e+01
1.813032532e+01
1.802581787e+01
1.773195648e+01
1.742024231e+01
1.705607986e+01
1.683262062e+01
1.670188904e+01
1.662117195e+01
1.652210045e+01
1.636024857e+01
1.616819000e+01
1.602854347e+01
1.582259464e+01
1.560103416e+01
1.537495136e+01
1.526364899e+01
1.501192379e+01
1.471019363e+01
1.444363308e+01
1.425894356e+01
1.426303959e+01
1.435808659e+01
1.407699394e+01
1.383803749e+01
1.371387196e+01
1.352285862e+01
1.334127331e+01
1.328425503e+01
1.318684959e+01
1.302611256e+01
1.287090778e+01
1.288455200e+01
1.279174137e+01
1.253857136e+01
1.217371273e+01
1.199404144e+01
1.212952042e+01
1.216881180e+01
1.205265427e+01
1.191320801e+01
1.196840763e+01
1.182997036e+01
1.160043716e+01
1.141421700e+01
1.131775475e+01
1.118842793e+01
1.086822796e+01
1.075296593e+01
1.060432911e+01
1.041777134e+01
1.037053585e+01
1.032282162e+01
1.036564827e+01
1.041818237e+01
1.020970821e+01
9.895214081e+00
9.788201332e+00
9.718628883e+00
9.673578262e+00
9.617681503e+00
9.542259216e+00
9.613600731e+00
9.587281227e+00
9.437839508e+00
9.131399155e+00
8.777107239e+00
8.656642914e+00
8.826165199e+00
9.002194405e+00
8.819365501e+00
8.523010254e+00
8.434719086e+00
8.531044960e+00
8.492857933e+00
8.331830978e+00
8.147514343e+00
7.890986919e+00
7.896603584e+00
7.802947998e+00
7.738568306e+00
7.683814049e+00
7.711491585e+00
7.831964493e+00
7.707606792e+00
7.480627060e+00
7.255838394e+00
7.196465015e+00
7.173045635e+00
7.047819138e+00
7.076665878e+00
7.334827423e+00
7.364719391e+00
7.081672668e+00
6.906535149e+00
6.864588737e+00
6.800886631e+00
6.732541084e+00
6.654083729e+00
6.605143070e+00
6.479925632e+00
6.401323795e+00
6.413585186e+00
6.466565609e+00
6.447393894e+00
6.341646671e+00
6.138700008e+00
5.948613644e+00
5.859849930e+00
5.950984955e+00
5.927642822e+00
5.705632687e+00
5.603951931e+00
5.557208538e+00
5.625344276e+00
5.955997944e+00
6.233443737e+00
6.140572548e+00
5.725637913e+00
5.415070534e+00
5.366080761e+00
5.525124550e+00
5.550087929e+00
5.424619198e+00
5.446393967e+00
5.556970119e+00
5.456930637e+00
5.229677677e+00
5.097422600e+00
5.054667473e+00
5.087721348e+00
5.206545830e+00
5.108667850e+00
4.946804523e+00
4.881124020e+00
4.953747272e+00
5.050964355e+00
5.049685955e+00
4.953669071e+00
4.843143940e+00
4.715663433e+00
4.779314995e+00
4.839909554e+00
4.625460148e+00
4.395285606e+00
4.352846146e+00
4.460261345e+00
4.688955307e+00
4.781452656e+00
4.714805126e+00
4.587847233e+00
4.471296310e+00
4.438377380e+00
4.459765911e+00
4.499260426e+00
4.555056572e+00
4.480844975e+00
4.350051403e+00
4.331191063e+00
4.276680470e+00
4.253511906e+00
4.165399551e+00
4.097708702e+00
4.110701084e+00
4.204053879e+00
4.100836754e+00
3.876435995e+00
3.825256824e+00
3.830160856e+00
3.767787933e+00
3.795909405e+00
3.853454828e+00
3.747991085e+00
3.571189165e+00
3.423281670e+00
3.373695850e+00
3.608803988e+00
3.694542646e+00
3.546821594e+00
3.435723305e+00
3.531644106e+00
3.786129951e+00
3.842993021e+00
3.693080187e+00
3.425526619e+00
3.275511026e+00
3.171069384e+00
3.131343842e+00
2.980779886e+00
2.919661283e+00
3.040930986e+00
3.089242458e+00
3.068062544e+00
2.971077442e+00
2.969591856e+00
3.047584057e+00
2.997708797e+00
2.972590446e+00
2.977936745e+00
3.110685587e+00
3.079278708e+00
2.909619570e+00
2.743955374e+00
2.731226206e+00
2.776717901e+00
2.771160841e+00
2.704043865e+00
2.600981951e+00
2.629624128e+00
2.734095097e+00
2.691055536e+00
2.661865473e+00
2.652500391e+00
2.689985991e+00
2.687194109e+00
2.573125362e+00
2.469123840e+00
2.503138542e+00
2.509346008e+00
2.395199776e+00
2.329652786e+00
2.249155283e+00
2.189003706e+00
2.135657310e+00
2.202961445e+00
2.271403790e+00
2.294747114e+00
2.242342949e+00
2.165187597e+00
2.082812071e+00
2.085731506e+00
2.187121868e+00
2.250743151e+00
2.151934862e+00
1.934885144e+00
1.800175786e+00
1.818386436e+00
1.956482410e+00
2.033252239e+00
2.050988913e+00
2.092907667e+00
1.996182442e+00
1.946778774e+00
2.011729956e+00
2.017601252e+00
1.985150814e+00
1.886729598e+00
1.787162185e+00
1.806459904e+00
1.942057371e+00
1.943203926e+00
1.818958282e+00
1.716420889e+00
1.757919908e+00
1.855036139e+00
1.844780207e+00
1.817181706e+00
1.714359760e+00
1.665530801e+00
1.748402476e+00
1.802419901e+00
1.830854416e+00
1.827647090e+00
1.859105349e+00
1.946674466e+00
2.047203779e+00
2.015380621e+00
2.037241697e+00
2.023520947e+00
1.971168399e+00
1.931437850e+00
1.833357334e+00
1.758546710e+00
1.671816349e+00
1.670615196e+00
1.797619462e+00
1.821540356e+00
1.794227123e+00
1.803671241e+00
1.833514690e+00
1.844807029e+00
1.805706620e+00
1.797047973e+00
1.845563531e+00
1.915555716e+00
1.939737439e+00
1.967464685e+00
1.916597843e+00
1.863671064e+00
1.766368985e+00
1.700978279e+00
1.690831184e+00
1.686058164e+00
1.776154637e+00
1.754607081e+00
1.786741972e+00
1.885009170e+00
1.913885832e+00
1.930291772e+00
1.911198258e+00
1.874416947e+00
1.835054517e+00
1.825949907e+00
1.741200566e+00
1.769082665e+00
1.851932764e+00
1.789638162e+00
1.689735413e+00
1.677763343e+00
1.723386407e+00
1.729540467e+00
1.803905606e+00
1.829836249e+00
1.809751511e+00
1.749653816e+00
1.684206128e+00
1.666755199e+00
1.654993057e+00
1.685069203e+00
1.652879357e+00
1.654053569e+00
1.620795012e+00
1.584352255e+00
1.673094273e+00
1.682249546e+00
1.673902273e+00
1.642209411e+00
1.625539899e+00
1.661198616e+00
1.708517075e+00
1.772107363e+00
1.726514220e+00
1.575874925e+00
1.456170797e+00
1.407912493e+00
1.410416842e+00
1.501036286e+00
1.563484311e+00
1.508679271e+00
1.395809174e+00
1.341082811e+00
1.360308170e+00
1.421137929e+00
1.381513953e+00
1.339257836e+00
1.386655331e+00
1.466291904e+00
1.512958050e+00
1.492637515e+00
1.357672691e+00
1.239923596e+00
1.205439091e+00
1.293815255e+00
1.362054229e+00
1.358821273e+00
1.326398134e+00
1.225160003e+00
1.169259310e+00
1.197064877e+00
1.306023717e+00
1.318310261e+00
1.233376265e+00
1.126320958e+00
1.124105334e+00
1.137225628e+00
1.110852242e+00
1.156345725e+00
1.179171324e+00
1.145703673e+00
1.119932175e+00
1.117504954e+00
1.082211971e+00
1.057613373e+00
1.037184596e+00
1.091837049e+00
1.237340808e+00
1.296112061e+00
1.145912290e+00
9.980566502e-01
9.714530706e-01
1.009744287e+00
1.068332672e+00
1.150137901e+00
1.100991130e+00
1.138189554e+00
1.218976855e+00
1.243393540e+00
1.195159435e+00
1.097207904e+00
1.078142166e+00
1.091785908e+00
1.111609936e+00
1.093661308e+00
1.037289143e+00
9.943798780e-01
1.039090037e+00
1.090402365e+00
1.149615407e+00
1.140799403e+00
1.032359481e+00
9.909620881e-01
1.060716271e+00
1.175388694e+00
1.191300869e+00
1.096765518e+00
1.094651937e+00
1.105791092e+00
1.063348413e+00
1.082263589e+00
1.084479570e+00
1.047151089e+00
1.043759704e+00
1.072064638e+00
1.086228490e+00
1.107825994e+00
1.087661982e+00
1.182849050e+00
1.154781461e+00
1.070916176e+00
1.052524447e+00
1.086566806e+00
1.152171373e+00
1.141947150e+00
1.144895196e+00
1.137721419e+00
1.038882375e+00
9.960495234e-01
1.034758687e+00
1.116591215e+00
1.161329269e+00
1.193858266e+00
1.210526466e+00
1.226177096e+00
1.123504996e+00
1.046157718e+00
1.160960197e+00
1.253331304e+00
1.235932827e+00
1.116747499e+00
1.071148396e+00
1.078817725e+00
1.064627767e+00
9.971198440e-01
9.956834912e-01
1.047358155e+00
1.044644117e+00
1.026462913e+00
9.381152391e-01
9.626338482e-01
9.742938876e-01
9.296650887e-01
9.381692410e-01
9.360045791e-01
9.394195080e-01
8.368027210e-01
8.199253678e-01
8.788518310e-01
9.628706574e-01
1.017231464e+00
1.097027183e+00
1.120243788e+00
1.105035663e+00
1.001919270e+00
9.138572812e-01
9.527223110e-01
9.684253335e-01
9.538176656e-01
9.067884088e-01
8.419156075e-01
8.395923376e-01
8.146821260e-01
8.364896178e-01
8.714970350e-01
8.173174262e-01
7.927190661e-01
8.255860209e-01
8.243336082e-01
8.587669134e-01
8.492196798e-01
7.747486234e-01
7.689047456e-01
8.321078420e-01
9.538439512e-01
9.582792521e-01
7.842937708e-01
6.861633658e-01
6.751298904e-01
6.892416477e-01
7.419598103e-01
7.577937841e-01
6.857464314e-01
6.387926936e-01
6.196980476e-01
6.377225518e-01
6.938838959e-01
6.671206355e-01
6.663909554e-01
6.761475205e-01
6.462014914e-01
6.074111462e-01
5.822379589e-01
6.515732408e-01
7.110997438e-01
7.731035352e-01
7.200995684e-01
6.435656548e-01
6.393665671e-01
6.534528136e-01
6.445573568e-01
6.125774384e-01
6.160466075e-01
5.481982827e-01
5.597536564e-01
6.198557615e-01
6.994669437e-01
7.887547016e-01
7.604257464e-01
7.058570385e-01
6.577824354e-01
6.995967031e-01
7.191342711e-01
6.653206348e-01
5.940041542e-01
6.356357336e-01
6.270009875e-01
5.622046590e-01
5.775951147e-01
6.126544476e-01
6.482079625e-01
6.734322309e-01
6.898142099e-01
7.259684801e-01
6.848587394e-01
6.079583764e-01
5.483801365e-01
5.638748407e-01
5.890201926e-01
6.137757897e-01
6.761448383e-01
7.139964700e-01
6.953974366e-01
7.090387344e-01
7.515835762e-01
7.129265666e-01
6.972750425e-01
6.165671349e-01
4.793324769e-01
4.635768235e-01
5.721967816e-01
6.376972795e-01
6.168026924e-01
6.040992141e-01
6.493832469e-01
7.328552604e-01
7.679402232e-01
7.854683995e-01
8.058926463e-01
8.364638686e-01
8.342207074e-01
7.292811275e-01
6.733793020e-01
7.241953015e-01
8.014835715e-01
7.659556866e-01
6.803717017e-01
6.494867802e-01
6.397573948e-01
6.627127528e-01
7.200210094e-01
8.362029791e-01
8.412637115e-01
7.566708922e-01
7.193950415e-01
7.254213095e-01
7.524188161e-01
7.404183745e-01
8.282728195e-01
9.174566269e-01
9.388201237e-01
8.840965629e-01
7.968146205e-01
7.991365194e-01
7.690352798e-01
7.797822356e-01
7.785043120e-01
8.341678381e-01
9.009465575e-01
9.022247195e-01
8.427495360e-01
8.613756299e-01
9.119247198e-01
8.255606294e-01
7.634527683e-01
7.489231229e-01
7.930579782e-01
8.279076219e-01
8.502104282e-01
8.713393211e-01
8.527145982e-01
8.236815929e-01
7.609480619e-01
7.389324903e-01
7.679126859e-01
8.279860616e-01
8.899127245e-01
9.391578436e-01
9.082999229e-01
8.305941820e-01
8.701401949e-01
8.420475721e-01
8.064933419e-01
8.301512599e-01
8.022145629e-01
7.629049420e-01
7.551057935e-01
8.201879263e-01
8.218835592e-01
8.045894504e-01
8.009895682e-01
7.746160626e-01
7.656949759e-01
7.894060612e-01
8.183342814e-01
7.643666267e-01
7.981989980e-01
7.745666504e-01
7.618616819e-01
8.036227226e-01
7.721903324e-01
6.844417453e-01
6.356885433e-01
6.610431075e-01
6.727032661e-01
6.617469788e-01
6.579128504e-01
6.848847866e-01
6.369405389e-01
6.011778116e-01
6.109081507e-01
5.842746496e-01
6.051163673e-01
5.665881038e-01
5.002015233e-01
5.033048987e-01
5.796558261e-01
6.879112124e-01
7.147517800e-01
6.582525969e-01
6.074647307e-01
5.667188168e-01
4.836377501e-01
4.132575393e-01
4.247086942e-01
4.991312921e-01
5.512493849e-01
4.979057908e-01
5.552145243e-01
6.305238605e-01
6.513656974e-01
6.225416064e-01
5.953333974e-01
5.840121508e-01
5.267816186e-01
5.342682004e-01
4.790207744e-01
4.683786333e-01
4.621696770e-01
4.531949461e-01
4.286731780e-01
4.426288307e-01
4.817848802e-01
4.928193092e-01
6.012802720e-01
6.571568251e-01
5.681281090e-01
4.734118581e-01
4.448209107e-01
5.232345462e-01
5.853698850e-01
6.019060612e-01
6.210275888e-01
6.350365281e-01
6.219682693e-01
6.044120193e-01
5.733440518e-01
5.623615980e-01
5.961953402e-01
5.976040363e-01
5.999768376e-01
5.880041718e-01
5.596756935e-01
5.221115947e-01
5.436844230e-01
5.738138556e-01
6.176899672e-01
