1.803995967e-01
8.554627746e-02
1.096467301e-01
1.655057371e-01
1.821451783e-01
1.829053611e-01
1.941672564e-01
1.918304116e-01
1.856082231e-01
1.949555874e-01
1.941109449e-01
1.695318669e-01
1.675047129e-01
1.642106175e-01
1.597058624e-01
1.695881635e-01
1.914080977e-01
1.937167794e-01
2.141289711e-01
2.240394354e-01
1.896343380e-01
1.534836590e-01
1.250473708e-01
1.467265189e-01
2.022476643e-01
2.171696723e-01
1.947866678e-01
1.695881635e-01
1.502458602e-01
1.552574039e-01
1.744589359e-01
1.915770173e-01
1.981652230e-01
2.133406401e-01
2.063301057e-01
1.871848851e-01
1.788229197e-01
1.797801852e-01
1.579039544e-01
1.528924108e-01
1.366752833e-01
1.281725466e-01
1.619300842e-01
1.721502542e-01
1.766550094e-01
1.624087095e-01
1.606068015e-01
1.665756106e-01
1.393218189e-01
1.135883927e-01
1.174737513e-01
1.581291854e-01
1.726851910e-01
1.639572233e-01
1.492322981e-01
1.317763627e-01
1.374917626e-01
1.469517648e-01
1.387305707e-01
1.282851696e-01
1.276657581e-01
1.320579052e-01
1.282570064e-01
1.425314695e-01
1.465857476e-01
1.193038076e-01
1.096748859e-01
1.276657581e-01
1.323957592e-01
1.430382580e-01
1.493449062e-01
1.488381326e-01
1.403635442e-01
1.342539787e-01
1.500487775e-01
1.578758061e-01
1.338316500e-01
1.191630363e-01
1.090273261e-01
1.201766059e-01
1.606912762e-01
1.615359187e-01
1.306501627e-01
1.216124967e-01
1.467546821e-01
1.692784727e-01
1.765705496e-01
2.015156448e-01
1.849888116e-01
1.538778245e-01
1.147708967e-01
1.030303687e-01
9.089567512e-02
1.220066622e-01
1.359995604e-01
1.501614004e-01
1.498235464e-01
1.328743845e-01
1.335219443e-01
1.341131926e-01
1.307909340e-01
1.221192777e-01
1.229920760e-01
1.533710361e-01
1.704609692e-01
1.559894383e-01
1.436576545e-01
1.338598132e-01
1.303967685e-01
1.017352492e-01
8.830544353e-02
9.880715609e-02
1.163757145e-01
1.248221323e-01
1.481905729e-01
1.516817510e-01
1.523293108e-01
1.494293809e-01
1.382237971e-01
1.224571392e-01
1.089147106e-01
1.221474335e-01
1.305093914e-01
1.406451017e-01
1.314666569e-01
1.134194657e-01
9.965179861e-02
9.911686182e-02
1.285948753e-01
1.399693787e-01
1.198669001e-01
1.358869523e-01
1.426159292e-01
1.465294361e-01
1.460508108e-01
1.358869523e-01
1.339724213e-01
1.541593671e-01
1.437139660e-01
1.317200512e-01
1.382800937e-01
1.273279041e-01
1.188814864e-01
1.156999990e-01
1.237804070e-01
1.415178925e-01
1.563836038e-01
1.417149752e-01
1.249347553e-01
1.318326592e-01
1.403072476e-01
1.592553854e-01
1.539622843e-01
1.269337386e-01
1.120680422e-01
1.211620197e-01
1.360277236e-01
1.259483248e-01
1.307627857e-01
1.132786945e-01
1.271589845e-01
1.649144888e-01
1.668290049e-01
1.416586637e-01
1.199795231e-01
1.130816117e-01
1.265114248e-01
1.257512420e-01
1.542156786e-01
1.709395945e-01
1.758103669e-01
1.667445451e-01
1.308190972e-01
1.216406524e-01
1.215280294e-01
1.227949932e-01
1.407014132e-01
1.428411752e-01
1.542156786e-01
1.404198557e-01
1.581010371e-01
1.749938726e-01
1.645766199e-01
1.454877108e-01
1.484439671e-01
1.577631831e-01
1.617893130e-01
1.756414324e-01
1.879732162e-01
1.836936921e-01
1.658435911e-01
1.528642625e-01
1.611699015e-01
1.435168833e-01
1.406451017e-01
1.340568960e-01
1.544127613e-01
1.692503095e-01
1.718968600e-01
1.604097188e-01
1.541875303e-01
1.588049084e-01
1.387587339e-01
1.331559420e-01
1.289608777e-01
1.424751580e-01
1.635067463e-01
1.451780051e-01
1.410111040e-01
1.507808119e-01
1.745715588e-01
1.624931693e-01
1.451498568e-01
1.572563946e-01
1.673639417e-01
1.577068716e-01
1.634222865e-01
1.500206292e-01
1.307064742e-01
1.401664615e-01
1.548069268e-01
1.735861450e-01
1.580728889e-01
1.496827751e-01
1.783442944e-01
1.739521474e-01
1.721784025e-01
1.604097188e-01
1.793015599e-01
1.926187426e-01
1.885363162e-01
1.736424565e-01
1.522167027e-01
1.450653970e-01
1.462478936e-01
1.415742040e-01
1.482750326e-01
1.823704243e-01
1.885081530e-01
1.834402978e-01
1.600155532e-01
1.244561225e-01
1.132786945e-01
1.484439671e-01
1.897469610e-01
1.961943954e-01
1.685746014e-01
1.332685500e-01
1.274123788e-01
1.515409797e-01
1.567496061e-01
1.416305155e-01
1.595650762e-01
1.764579266e-01
2.694248855e-01
5.269848704e-01
1.129467964e+00
7.174073792e+01
3.642680054e+02
5.876630859e+02
5.416007690e+02
3.513721313e+02
1.925086823e+02
1.208410263e+02
1.040748062e+02
9.747426605e+01
8.449466705e+01
6.892914581e+01
5.740545654e+01
5.126359940e+01
4.767488861e+01
4.557462311e+01
4.520233917e+01
4.444062805e+01
4.281389618e+01
4.070620346e+01
3.970568466e+01
3.885893631e+01
3.796917725e+01
3.695038605e+01
3.639308167e+01
3.590525055e+01
3.519689941e+01
3.470233917e+01
3.462295151e+01
3.485475540e+01
3.448316193e+01
3.358778000e+01
3.298446655e+01
3.233166122e+01
3.220520401e+01
3.197340012e+01
3.166218567e+01
3.101965141e+01
3.049932480e+01
3.012417030e+01
3.001746368e+01
2.986711693e+01
2.938288689e+01
2.898882294e+01
2.871208191e+01
2.850410652e+01
2.826836395e+01
2.770971107e+01
2.712466621e+01
2.659173775e+01
2.651086426e+01
2.629407692e+01
2.624335289e+01
2.605918884e+01
2.580592155e+01
2.503860283e+01
2.460067749e+01
2.480049515e+01
2.503721619e+01
2.495069313e+01
2.443111229e+01
2.383722305e+01
2.354255295e+01
2.316955757e+01
2.268975258e+01
2.223240662e+01
2.236124611e+01
2.245128822e+01
2.242136002e+01
2.223550797e+01
2.218660164e+01
2.188167000e+01
2.168296051e+01
2.149020958e+01
2.122744370e+01
2.080972290e+01
2.050214958e+01
2.034599304e+01
2.021990585e+01
1.998220634e+01
1.980908203e+01
1.937932205e+01
1.930177307e+01
1.920085144e+01
1.910325813e+01
1.889597893e+01
1.881916237e+01
1.861536407e+01
1.844186783e+01
1.825973511e+01
1.814189720e+01
1.813637733e+01
1.790065575e+01
1.743448067e+01
1.709859848e+01
1.703629875e+01
1.704304504e+01
1.690638161e+01
1.687589836e+01
1.660100174e+01
1.645101166e+01
1.636747551e+01
1.639357567e+01
1.627772141e+01
1.627112389e+01
1.608210182e+01
1.555660534e+01
1.539002037e+01
1.535792732e+01
1.512457371e+01
1.495690918e+01
1.476005363e+01
1.466420841e+01
1.438918877e+01
1.437013721e+01
1.415274715e+01
1.392464638e+01
1.375994301e+01
1.391563702e+01
1.382106686e+01
1.356886196e+01
1.320722485e+01
1.292537880e+01
1.311358929e+01
1.325599289e+01
1.302163219e+01
1.270795918e+01
1.241290760e+01
1.240282822e+01
1.235787010e+01
1.237197399e+01
1.217469406e+01
1.205219650e+01
1.191474342e+01
1.192059708e+01
1.182847500e+01
1.179604244e+01
1.167017174e+01
1.140256596e+01
1.130915546e+01
1.126011562e+01
1.113293552e+01
1.107392311e+01
1.103213978e+01
1.091541481e+01
1.060138988e+01
1.051371956e+01
1.041093159e+01
1.041334915e+01
1.023490429e+01
1.010165310e+01
1.001128006e+01
1.016781330e+01
1.027139473e+01
1.026168156e+01
1.008107376e+01
9.826891899e+00
9.651318550e+00
9.611398697e+00
9.600807190e+00
9.683360100e+00
9.434338570e+00
9.331595421e+00
9.254983902e+00
9.512857437e+00
9.491799355e+00
9.232436180e+00
8.846117973e+00
8.792086601e+00
8.864676476e+00
8.739238739e+00
8.643933296e+00
8.452377319e+00
8.231245995e+00
8.263141632e+00
8.349184990e+00
8.554181099e+00
8.452431679e+00
8.304304123e+00
8.025868416e+00
7.934817314e+00
7.882301807e+00
8.015456200e+00
7.890387535e+00
7.804594517e+00
7.874288082e+00
7.783425808e+00
7.641179085e+00
7.504487991e+00
7.439507008e+00
7.327987194e+00
7.304506302e+00
7.601623535e+00
7.580502510e+00
7.534616947e+00
7.349947929e+00
7.165476322e+00
6.970335960e+00
6.951049805e+00
6.889503002e+00
7.043286800e+00
7.113561630e+00
7.076143265e+00
7.089488506e+00
7.023917675e+00
6.931063652e+00
6.813655853e+00
6.606326103e+00
6.509332180e+00
6.228577137e+00
6.217204571e+00
6.321406364e+00
6.473325729e+00
6.458654404e+00
6.513417721e+00
6.414512157e+00
6.489595413e+00
6.449308872e+00
6.353219032e+00
6.358117104e+00
6.340944767e+00
6.373689651e+00
6.400406361e+00
6.303751469e+00
6.312340260e+00
6.060691357e+00
5.994807720e+00
5.927295208e+00
5.981998920e+00
5.836943150e+00
5.828749180e+00
5.692816257e+00
5.676433086e+00
5.615389347e+00
5.542747974e+00
5.667390823e+00
5.668910503e+00
5.543935776e+00
5.540555477e+00
5.556124210e+00
5.675950050e+00
5.527378082e+00
5.333412170e+00
5.036938667e+00
4.940169811e+00
4.996138096e+00
5.246164322e+00
5.204326630e+00
5.222004890e+00
5.141056538e+00
5.033585548e+00
5.020071983e+00
4.947997570e+00
4.991046429e+00
4.985528946e+00
4.827015877e+00
4.940845490e+00
4.954107285e+00
4.970045567e+00
4.794554234e+00
4.695728779e+00
4.419673920e+00
4.431216717e+00
4.404191494e+00
4.497885227e+00
4.648428917e+00
4.616473198e+00
4.581926346e+00
4.384620667e+00
4.143082619e+00
4.024213314e+00
4.036349297e+00
4.208653450e+00
4.156681538e+00
4.221072197e+00
4.058644772e+00
3.910660982e+00
3.786757231e+00
3.954019308e+00
3.975951910e+00
4.020579815e+00
4.035081387e+00
3.865782499e+00
3.749489307e+00
3.727807522e+00
3.738784313e+00
3.782366037e+00
3.703960419e+00
3.813926697e+00
3.762321711e+00
3.734617472e+00
3.597314835e+00
3.600187540e+00
3.526872158e+00
3.466393948e+00
3.262077808e+00
3.308956146e+00
3.373965025e+00
3.305689812e+00
3.377312422e+00
3.432271242e+00
3.417293549e+00
3.195350170e+00
3.065585852e+00
3.242032766e+00
3.238738298e+00
3.368697882e+00
3.271003723e+00
3.102580786e+00
2.914761782e+00
2.976110458e+00
2.948686838e+00
3.094894409e+00
3.148612738e+00
3.038220167e+00
3.091713428e+00
3.135915041e+00
3.108688831e+00
2.985848904e+00
2.759349346e+00
2.777705431e+00
2.770752907e+00
2.895532846e+00
2.835395336e+00
2.780070305e+00
2.775397539e+00
2.898515701e+00
2.762727022e+00
2.767712116e+00
2.822105408e+00
2.812222958e+00
2.935623884e+00
2.885424852e+00
2.644929409e+00
2.594194889e+00
2.698477983e+00
2.992635012e+00
2.960482359e+00
2.898515224e+00
2.770725250e+00
2.728213310e+00
2.721821785e+00
2.907665968e+00
2.804759979e+00
2.747778654e+00
2.804876328e+00
2.795276642e+00
2.781957150e+00
2.683331490e+00
2.607598305e+00
2.609317541e+00
2.546162128e+00
2.685445786e+00
2.700396299e+00
2.836069584e+00
2.747353315e+00
2.648728132e+00
2.544360638e+00
2.652617455e+00
2.663513660e+00
2.735614061e+00
2.843475342e+00
2.729336023e+00
2.655430317e+00
2.662495375e+00
2.738007069e+00
2.857074976e+00
2.904202938e+00
2.937959433e+00
2.707486153e+00
2.688062429e+00
2.624210119e+00
2.705352068e+00
2.658895016e+00
2.685019970e+00
2.498328924e+00
2.578711271e+00
2.697126389e+00
2.590759993e+00
2.591465235e+00
2.577221155e+00
2.556862116e+00
2.573786259e+00
2.482730389e+00
2.581162930e+00
2.585805655e+00
2.605063200e+00
2.390465498e+00
2.261522055e+00
2.180131197e+00
2.357893944e+00
2.296857119e+00
2.301220179e+00
2.402884483e+00
2.486896038e+00
2.547770023e+00
2.443509579e+00
2.329936028e+00
2.359893799e+00
2.454069614e+00
2.455592394e+00
2.221909285e+00
2.286470175e+00
2.288188934e+00
2.358319521e+00
2.331684113e+00
2.424704313e+00
2.282075167e+00
2.115791798e+00
2.086427450e+00
2.037523985e+00
2.058555126e+00
2.083301783e+00
2.089187384e+00
2.086935520e+00
2.006611347e+00
2.031327724e+00
1.954946518e+00
2.021641970e+00
1.995037079e+00
1.998217225e+00
1.917639732e+00
2.002498865e+00
1.893285394e+00
1.931858659e+00
2.052527666e+00
2.005119085e+00
2.104561090e+00
2.228217602e+00
2.139639854e+00
1.957619429e+00
1.806369185e+00
1.880869985e+00
1.782860398e+00
1.913950086e+00
2.061820507e+00
2.154870987e+00
2.058947086e+00
2.020124197e+00
1.875209570e+00
1.910064697e+00
2.003681421e+00
1.959252357e+00
1.955985069e+00
1.952042103e+00
1.917610168e+00
1.919299960e+00
1.864511251e+00
1.891145587e+00
1.738176823e+00
1.784379482e+00
1.717568755e+00
1.747863650e+00
1.750059009e+00
1.788265228e+00
1.589322090e+00
1.616885424e+00
1.626373291e+00
1.512684941e+00
1.564855695e+00
1.682824492e+00
1.682909846e+00
1.713402033e+00
1.756703854e+00
1.799921513e+00
1.681079030e+00
1.713176608e+00
1.658443809e+00
1.745611906e+00
1.799611211e+00
1.947708488e+00
1.817546129e+00
1.821290970e+00
1.790123701e+00
1.653882504e+00
1.657034039e+00
1.677306056e+00
1.686146021e+00
1.712499499e+00
1.716386199e+00
1.777060151e+00
1.603877187e+00
1.595206261e+00
1.575695395e+00
1.737389445e+00
1.761800647e+00
1.817349792e+00
1.616408348e+00
1.591490269e+00
1.637409925e+00
1.629160881e+00
1.675305843e+00
1.719255090e+00
1.688594818e+00
1.689723730e+00
1.627501011e+00
1.614296436e+00
1.446352601e+00
1.510545373e+00
1.562152147e+00
1.596022248e+00
1.550186753e+00
1.639353037e+00
1.535321116e+00
1.555986643e+00
1.625331163e+00
1.572878599e+00
1.546808481e+00
1.487429738e+00
1.455980778e+00
1.566319466e+00
1.561645150e+00
1.542275548e+00
1.375345230e+00
1.503026247e+00
1.533968568e+00
1.633919835e+00
1.583944082e+00
1.542303443e+00
1.381539702e+00
1.463104010e+00
1.597261071e+00
1.487936497e+00
1.462990880e+00
1.466735125e+00
1.391534805e+00
1.391167760e+00
1.427207112e+00
1.592897534e+00
1.527887821e+00
1.478392482e+00
1.272300005e+00
1.269456387e+00
1.328214169e+00
1.548779964e+00
1.563138604e+00
1.588899851e+00
1.519131422e+00
1.347218633e+00
1.358482718e+00
1.368083477e+00
1.284350634e+00
1.273567557e+00
1.336774349e+00
1.449561357e+00
1.393899798e+00
1.381876945e+00
1.340124130e+00
1.367461681e+00
1.262754679e+00
1.289334297e+00
1.141742229e+00
1.102409244e+00
1.177051663e+00
1.189328194e+00
1.209712267e+00
1.250537515e+00
1.242822409e+00
1.294993162e+00
1.308423400e+00
1.388183355e+00
1.209964752e+00
1.206445217e+00
1.142050028e+00
1.192590833e+00
1.177274227e+00
1.273171902e+00
1.234205246e+00
1.325341702e+00
1.324159503e+00
1.137519956e+00
1.060374856e+00
1.055053592e+00
1.076282024e+00
1.136250734e+00
1.133886456e+00
1.157903790e+00
1.055054307e+00
1.146753550e+00
1.140137911e+00
1.208472252e+00
1.167507410e+00
1.200196147e+00
1.115304112e+00
1.172685266e+00
1.218017697e+00
1.110067368e+00
1.084813595e+00
1.028590202e+00
9.927214384e-01
1.066455007e+00
1.083714724e+00
1.139827490e+00
1.090387821e+00
1.238991857e+00
1.214188337e+00
1.172234774e+00
1.082869887e+00
1.153566122e+00
1.073128939e+00
1.162829280e+00
1.230180502e+00
1.189917684e+00
1.279226542e+00
1.265908360e+00
1.159873486e+00
1.066061020e+00
9.675792456e-01
1.136928916e+00
1.150021315e+00
1.234263539e+00
1.062880874e+00
1.017355084e+00
1.025463700e+00
1.175584555e+00
1.100888014e+00
1.089345932e+00
1.073578954e+00
9.931142926e-01
1.068848729e+00
1.141211748e+00
1.230291128e+00
1.329678893e+00
1.238963842e+00
1.226914763e+00
1.083264232e+00
1.087487936e+00
1.067385793e+00
1.127213597e+00
1.082363725e+00
1.155256391e+00
1.043003559e+00
1.061219096e+00
1.052799463e+00
1.031148434e+00
1.197182536e+00
1.302340865e+00
1.293274403e+00
1.256588817e+00
1.257461071e+00
1.328607917e+00
1.143036962e+00
1.120259285e+00
1.078252435e+00
1.182400584e+00
1.233080268e+00
1.326158881e+00
1.200335383e+00
1.191633344e+00
1.215229630e+00
1.137462139e+00
1.171871424e+00
1.190342188e+00
1.176714659e+00
1.203461170e+00
1.220269322e+00
1.298878551e+00
1.213002086e+00
1.298117876e+00
1.243272185e+00
1.263854623e+00
1.217678905e+00
1.230180264e+00
1.048691511e+00
1.090219140e+00
1.195466161e+00
1.120794535e+00
1.136139274e+00
1.199912786e+00
1.212667823e+00
1.249607682e+00
1.179417014e+00
1.175728559e+00
1.006909251e+00
1.079040766e+00
1.113951564e+00
1.246819496e+00
1.185862899e+00
1.189886928e+00
9.769829512e-01
9.852026105e-01
1.028474927e+00
8.842678666e-01
9.362417459e-01
1.085602641e+00
1.139545798e+00
1.165673971e+00
1.123778939e+00
1.172293901e+00
1.020340204e+00
1.072171092e+00
1.047366977e+00
1.119387031e+00
1.084362030e+00
1.147513747e+00
9.884419441e-01
9.816005230e-01
1.048438191e+00
1.021634340e+00
1.130085349e+00
1.170069218e+00
1.181923509e+00
1.162721515e+00
1.063837886e+00
1.075915575e+00
9.595844150e-01
1.026730657e+00
1.041962504e+00
1.119498491e+00
1.031882763e+00
1.064428687e+00
8.769472837e-01
8.274806142e-01
8.920395374e-01
8.664186597e-01
9.745904803e-01
1.063331366e+00
1.081462502e+00
1.075183868e+00
9.993367195e-01
1.055193067e+00
9.681680799e-01
1.080931544e+00
1.007613063e+00
1.024027705e+00
9.826693535e-01
1.020761609e+00
9.033852816e-01
9.931426644e-01
1.101367474e+00
1.035796165e+00
1.039681315e+00
9.732112885e-01
8.393898606e-01
8.359831572e-01
8.583378792e-01
1.016679764e+00
9.422681332e-01
8.828049302e-01
7.932162881e-01
9.003722668e-01
9.398736954e-01
1.035458326e+00
8.508486152e-01
9.194048643e-01
1.081012249e+00
1.004038572e+00
9.941282868e-01
1.027800918e+00
1.027350068e+00
1.018059850e+00
9.631308317e-01
1.017551780e+00
9.471668601e-01
1.043172717e+00
1.001532793e+00
1.020929694e+00
1.008852363e+00
1.140981197e+00
9.968870282e-01
9.596678019e-01
9.995619655e-01
9.350867271e-01
9.918479919e-01
1.105506420e+00
1.089796185e+00
1.078506351e+00
1.150385618e+00
