-6.579742330e-05
-1.109550670e-01
-8.049934357e-02
-1.172834449e-02
1.305456739e-02
-1.331292931e-02
-3.182088211e-02
-2.418318391e-02
-6.562596653e-03
-5.421695299e-03
-9.509924799e-03
-2.288382314e-02
-8.305639960e-03
5.702092312e-03
-6.816130131e-03
-2.918050624e-03
-1.286924537e-02
-2.247183211e-02
-2.918050624e-03
1.777663082e-02
2.712568454e-02
2.253038622e-02
4.100665078e-02
2.579463273e-02
4.085815512e-03
-1.841529272e-02
-2.522900887e-02
-2.183799818e-02
-6.277371198e-03
1.349825133e-02
8.532619686e-04
1.850553975e-02
1.650896296e-02
-5.580153782e-03
-6.023837719e-03
8.902954869e-03
3.990740515e-03
1.733294688e-02
1.638219692e-02
2.592139877e-02
4.595055431e-02
7.013132423e-02
9.228382260e-02
6.743752956e-02
1.758648083e-02
-8.518971503e-02
-9.529936314e-02
-8.072118461e-02
-8.877087384e-02
-4.142346978e-02
-7.016784698e-02
3.257665783e-02
-3.758877516e-02
9.044570476e-02
-4.839564487e-02
7.165252417e-02
-1.122861207e-01
7.802256197e-02
-7.232288271e-02
3.166293800e-01
1.566496789e-01
3.945592940e-01
2.695672214e-01
1.191195250e+00
1.235407472e+00
1.251983166e+00
4.212754071e-01
1.826368719e-01
1.142769933e+00
6.013871670e+00
8.799541473e+00
1.073765945e+01
8.843598366e+00
7.538851738e+00
7.379092693e+00
9.774642944e+00
8.891199112e+00
6.545434475e+00
5.103634357e+00
5.824958324e+00
5.103120327e+00
2.868983984e+00
6.892926693e-01
-2.819634974e-01
-1.588412374e-01
1.231515408e-01
2.175928205e-01
-2.297889814e-02
-3.267655894e-02
-1.313011348e-01
-2.044356242e-02
-6.142093614e-02
1.372860372e-01
1.660937965e-01
2.816417515e-01
1.822565645e-01
2.097966671e-01
4.240108654e-02
1.602942199e-01
9.196690470e-02
1.843799204e-01
6.404651701e-02
1.707841754e-01
1.543995589e-01
3.236966431e-01
2.850010693e-01
2.472245693e-01
-1.147481054e-02
6.452189386e-02
1.056260318e-01
2.023808062e-01
1.594702303e-01
1.727490574e-01
1.846017540e-01
2.062471956e-01
1.849503666e-01
2.021589577e-01
2.018737346e-01
2.293821275e-01
2.234874815e-01
2.328999192e-01
1.452723593e-01
1.653331965e-01
1.982608736e-01
2.128390670e-01
2.193675488e-01
2.178463489e-01
2.259277403e-01
2.036167830e-01
1.766788363e-01
1.533220410e-01
1.269545555e-01
2.965368629e-01
5.852182508e-01
5.636984706e-01
3.763682544e-01
1.909400970e-01
1.456209570e-01
1.637486219e-01
1.973418146e-01
2.065641135e-01
1.848869771e-01
1.929366738e-01
1.966762990e-01
2.103671134e-01
1.836826950e-01
1.723370701e-01
1.827002615e-01
1.649212092e-01
1.669494808e-01
1.427053213e-01
1.391558498e-01
1.589631736e-01
1.636852324e-01
1.764569879e-01
1.915739328e-01
1.701503396e-01
1.541460305e-01
1.550333947e-01
1.640021503e-01
1.962959915e-01
1.773126721e-01
1.801015288e-01
1.849503666e-01
2.002257705e-01
2.063105702e-01
2.027610987e-01
2.000356168e-01
1.769006699e-01
1.721152216e-01
1.719250828e-01
1.688826680e-01
1.953769326e-01
1.946480274e-01
1.872004718e-01
1.613400429e-01
1.685023755e-01
1.811156720e-01
1.825734824e-01
1.902745664e-01
1.966446042e-01
2.039970756e-01
1.968347579e-01
1.833340824e-01
1.564912200e-01
1.677100807e-01
1.909717917e-01
1.887850612e-01
1.840630025e-01
1.455258876e-01
1.410256624e-01
1.454624981e-01
1.627344787e-01
1.730026007e-01
1.680269986e-01
1.660621166e-01
1.584877968e-01
1.548115611e-01
1.513254642e-01
1.454624981e-01
1.406453699e-01
1.704355627e-01
1.693263501e-01
1.981024295e-01
2.122052312e-01
1.796895415e-01
1.444800645e-01
1.552869380e-01
1.934437454e-01
2.193041742e-01
2.078634650e-01
1.778831184e-01
1.766788363e-01
1.812107414e-01
2.099234313e-01
2.103354186e-01
1.597871482e-01
1.474590749e-01
1.927148253e-01
2.339140475e-01
2.475731671e-01
2.074197829e-01
1.665374786e-01
1.728758216e-01
1.739533395e-01
1.795627773e-01
1.769323647e-01
1.692946702e-01
1.787704825e-01
1.768056005e-01
1.879610717e-01
1.668860912e-01
1.818128824e-01
1.917640865e-01
2.145821005e-01
1.945846379e-01
1.976587325e-01
1.954403222e-01
2.086557597e-01
1.954720169e-01
1.912570149e-01
1.936972737e-01
1.942360401e-01
1.725272238e-01
1.600089967e-01
1.887533665e-01
2.144236565e-01
2.251037508e-01
2.165469974e-01
1.826685667e-01
1.749991775e-01
1.881512254e-01
2.029512525e-01
2.283996940e-01
3.709489703e-01
1.046207190e+00
1.867280364e+00
6.484746933e+00
3.125039101e+01
5.845288086e+01
6.212308121e+01
4.682637787e+01
2.984983826e+01
2.022204590e+01
1.722015572e+01
1.646471596e+01
1.540066910e+01
1.396019840e+01
1.278267097e+01
1.177609348e+01
1.116863823e+01
1.089951038e+01
1.065296936e+01
1.029665947e+01
1.006937981e+01
1.007948589e+01
9.894590378e+00
9.492145538e+00
8.980847359e+00
8.712133408e+00
8.791521072e+00
8.847712517e+00
8.844355583e+00
8.835546494e+00
8.868054390e+00
8.979931831e+00
8.957205772e+00
8.830289841e+00
8.744240761e+00
8.632745743e+00
8.458613396e+00
8.220699310e+00
8.154399872e+00
8.222156525e+00
8.213243484e+00
8.131160736e+00
8.131893158e+00
8.050670624e+00
7.881844044e+00
7.824069977e+00
7.696671486e+00
7.524083138e+00
7.475497723e+00
7.513178349e+00
7.530132294e+00
7.461651325e+00
7.461777210e+00
7.358904839e+00
7.208528996e+00
7.174932957e+00
7.259869576e+00
7.303381443e+00
7.171132565e+00
7.157315254e+00
7.289152622e+00
7.335391998e+00
7.303130627e+00
7.133161068e+00
6.947412014e+00
6.792945862e+00
6.787780762e+00
6.906276226e+00
7.005725861e+00
7.028765678e+00
6.946110725e+00
6.905768394e+00
6.845743179e+00
6.760940075e+00
6.645741940e+00
6.642699242e+00
6.692485809e+00
6.580043793e+00
6.509753704e+00
6.602832317e+00
6.715843678e+00
6.690618038e+00
6.654041767e+00
6.608277321e+00
6.555193424e+00
6.488325119e+00
6.300303936e+00
6.252224922e+00
6.249975681e+00
6.324071884e+00
6.418285370e+00
6.376932621e+00
6.266518593e+00
6.236382961e+00
6.287813663e+00
6.178100109e+00
6.087018013e+00
6.151952267e+00
6.140357971e+00
5.989595890e+00
6.011306286e+00
6.108444691e+00
6.269340515e+00
6.282870770e+00
6.164473534e+00
5.898958206e+00
5.806831837e+00
5.775465012e+00
5.671001911e+00
5.671856880e+00
5.683424950e+00
5.692902088e+00
5.657243729e+00
5.551588535e+00
5.566587925e+00
5.631426811e+00
5.606359959e+00
5.612921238e+00
5.623976231e+00
5.502948761e+00
5.420296669e+00
5.381951809e+00
5.431833744e+00
5.521737099e+00
5.351845741e+00
5.176994801e+00
5.198232174e+00
5.349903584e+00
5.486631393e+00
5.360877037e+00
5.224435329e+00
5.179812431e+00
5.187514305e+00
5.240030289e+00
5.370195389e+00
5.400523186e+00
5.216768742e+00
4.952485561e+00
4.815037727e+00
4.868377686e+00
5.096911907e+00
5.244530678e+00
5.174555302e+00
5.157853127e+00
5.111263275e+00
4.942817688e+00
4.850531578e+00
4.808921337e+00
4.726970673e+00
4.728207588e+00
4.756982803e+00
4.737048626e+00
4.667263508e+00
4.710047245e+00
4.826858044e+00
4.803946495e+00
4.734576702e+00
4.555797577e+00
4.401108742e+00
4.432958603e+00
4.551042080e+00
4.652621746e+00
4.607898712e+00
4.500077724e+00
4.347583294e+00
4.295229435e+00
4.286605358e+00
4.262998104e+00
4.349957943e+00
4.503187656e+00
4.562991619e+00
4.399172306e+00
4.249748707e+00
4.271904469e+00
4.514375687e+00
4.715592384e+00
4.680315495e+00
4.532188416e+00
4.467187881e+00
4.367195606e+00
4.314903259e+00
4.305020332e+00
4.215875626e+00
4.209030151e+00
4.260750771e+00
4.197843075e+00
4.147422791e+00
4.188049316e+00
4.231878757e+00
4.259859562e+00
4.208997250e+00
4.148944378e+00
4.150782108e+00
4.157879829e+00
4.103209972e+00
4.047308922e+00
3.996696234e+00
3.950967073e+00
3.920984268e+00
4.006041527e+00
4.044198036e+00
4.159304619e+00
4.249877453e+00
4.238213062e+00
4.073199749e+00
3.940666676e+00
3.950427771e+00
3.912840843e+00
3.922126532e+00
4.053297520e+00
4.060681343e+00
3.914517164e+00
3.637723207e+00
3.593609333e+00
3.797892094e+00
3.919302464e+00
3.906245947e+00
3.822737455e+00
3.821975708e+00
3.953751326e+00
3.985189199e+00
3.958982944e+00
3.893634319e+00
3.901051044e+00
4.032792091e+00
4.071743011e+00
4.029625893e+00
3.847302437e+00
3.693975449e+00
3.665519714e+00
3.666885614e+00
3.613675117e+00
3.635378122e+00
3.688649893e+00
3.724083662e+00
3.750198126e+00
3.757836819e+00
3.625905275e+00
3.574528933e+00
3.745889425e+00
3.865429163e+00
3.758881569e+00
3.694995165e+00
3.638773441e+00
3.647138596e+00
3.726776838e+00
3.885931253e+00
3.920252800e+00
3.781348944e+00
3.667671442e+00
3.602832079e+00
3.550320864e+00
3.626540899e+00
3.665047884e+00
3.505162239e+00
3.297392368e+00
3.270769358e+00
3.367366791e+00
3.493817568e+00
3.548577547e+00
3.501703024e+00
3.420069456e+00
3.323251963e+00
3.272356033e+00
3.422160149e+00
3.748202085e+00
3.798052073e+00
3.646186352e+00
3.488336086e+00
3.333995342e+00
3.148915291e+00
3.214962244e+00
3.290446997e+00
3.252008438e+00
3.199589014e+00
3.275556326e+00
3.442127943e+00
3.461424828e+00
3.334029675e+00
3.288931370e+00
3.331998825e+00
3.363530636e+00
3.318245649e+00
3.298245192e+00
3.350599766e+00
3.476986885e+00
3.449988127e+00
3.335136175e+00
3.424600601e+00
3.466623306e+00
3.443807602e+00
3.410087109e+00
3.378425121e+00
3.318340778e+00
3.281673431e+00
3.278597832e+00
3.296756744e+00
3.304428101e+00
3.241327286e+00
3.106922865e+00
3.068292618e+00
3.159216166e+00
3.201776505e+00
3.281069279e+00
3.308800936e+00
3.306519747e+00
3.306931257e+00
3.240094423e+00
3.178326845e+00
3.172527075e+00
3.234102249e+00
3.212773561e+00
3.103024721e+00
3.028677940e+00
3.135065556e+00
3.266524315e+00
3.261483192e+00
3.187547922e+00
3.166601419e+00
3.208622456e+00
3.219651222e+00
3.251310825e+00
3.229063749e+00
3.105337858e+00
3.002533436e+00
2.991853237e+00
3.067498446e+00
3.137981653e+00
3.184916019e+00
3.260659695e+00
3.323251963e+00
3.274573565e+00
3.162256002e+00
3.162005424e+00
3.259993315e+00
3.271465778e+00
3.123341084e+00
2.993119478e+00
2.981267214e+00
3.083756685e+00
3.202000380e+00
3.281134605e+00
3.344485283e+00
3.335422039e+00
3.211158276e+00
3.180448532e+00
3.180828333e+00
3.138393164e+00
3.131739855e+00
3.168247223e+00
3.214645863e+00
3.273399830e+00
3.234260559e+00
3.180132151e+00
3.196260214e+00
3.161336422e+00
3.046931982e+00
2.952014685e+00
2.992929220e+00
3.078149319e+00
3.129898787e+00
3.087275028e+00
3.029500008e+00
2.993751764e+00
2.981108189e+00
2.997491360e+00
3.001516342e+00
2.973183870e+00
2.932081699e+00
2.932875872e+00
2.873293638e+00
2.834316254e+00
2.874432564e+00
3.012482643e+00
3.087749958e+00
3.089305162e+00
2.979904890e+00
2.989127874e+00
3.109112501e+00
3.238190413e+00
3.154144049e+00
2.929801941e+00
2.869427204e+00
2.829654217e+00
2.743865252e+00
2.753310204e+00
2.841444492e+00
2.838496685e+00
2.832443476e+00
2.847688198e+00
2.869206905e+00
2.800468445e+00
2.790234566e+00
2.883373022e+00
2.929422140e+00
2.901530504e+00
2.922226667e+00
2.950083017e+00
2.829273939e+00
2.740002155e+00
2.844454527e+00
2.997903824e+00
2.973818302e+00
2.806012630e+00
2.658489227e+00
2.726024151e+00
2.856720209e+00
2.980349541e+00
3.038818836e+00
2.986399889e+00
2.891989708e+00
2.874530077e+00
2.884608507e+00
2.925806761e+00
2.969158411e+00
2.980282784e+00
2.961587191e+00
2.965897322e+00
2.895350456e+00
2.770549536e+00
2.710622549e+00
2.738351822e+00
2.801294565e+00
2.865497351e+00
2.880107403e+00
2.856877804e+00
2.745769739e+00
2.728211880e+00
2.751280546e+00
2.835422516e+00
2.893291473e+00
2.841191769e+00
2.735848188e+00
2.725486040e+00
2.797680140e+00
2.807438850e+00
2.765766144e+00
2.692908287e+00
2.751029968e+00
2.823066235e+00
2.819892645e+00
2.734707832e+00
2.801257849e+00
2.851109505e+00
2.767222404e+00
2.671357155e+00
2.765037298e+00
2.816756487e+00
2.795271635e+00
2.684474468e+00
2.632055283e+00
2.699020863e+00
2.783450127e+00
2.785129786e+00
2.716515303e+00
2.709577799e+00
2.756479025e+00
2.755974770e+00
2.699307680e+00
2.595926285e+00
2.620013475e+00
2.768110275e+00
2.857195616e+00
2.859288454e+00
2.836276770e+00
2.725421190e+00
2.636114836e+00
2.620329857e+00
2.636683226e+00
2.762880802e+00
2.791150570e+00
2.702384233e+00
2.635006666e+00
2.619189024e+00
2.644828081e+00
2.683432102e+00
2.733629227e+00
2.675921202e+00
2.594153166e+00
2.641532183e+00
2.752357960e+00
2.905239820e+00
2.966022015e+00
2.843629599e+00
2.710305691e+00
2.719782352e+00
2.721397161e+00
2.690052748e+00
2.745545387e+00
2.869490623e+00
2.938548326e+00
2.912371397e+00
2.903909206e+00
2.864167452e+00
2.767157555e+00
2.807468414e+00
2.829562426e+00
2.829622984e+00
2.797490120e+00
2.740887165e+00
2.675570011e+00
2.713061810e+00
2.715691328e+00
2.662130833e+00
2.625369787e+00
2.643592596e+00
2.662955761e+00
2.616336823e+00
2.544493675e+00
2.531910658e+00
2.546360970e+00
2.586104393e+00
2.587086439e+00
2.667870045e+00
2.712526083e+00
2.703587055e+00
2.661753416e+00
2.674810886e+00
2.637225151e+00
2.560751438e+00
2.608954668e+00
2.733283520e+00
2.776476383e+00
2.790135622e+00
2.784494400e+00
2.777871847e+00
2.775464296e+00
2.591648340e+00
2.478794813e+00
2.452744722e+00
2.455979824e+00
2.545253277e+00
2.591523170e+00
2.600522041e+00
2.591902494e+00
2.545380116e+00
2.568673849e+00
2.748462439e+00
2.894178391e+00
2.826233387e+00
2.695694208e+00
2.611775160e+00
2.594344139e+00
2.674809933e+00
2.685362816e+00
2.673320532e+00
2.666824579e+00
2.765734434e+00
2.844867229e+00
2.815804958e+00
2.641944170e+00
2.558755398e+00
2.565154076e+00
2.534224987e+00
2.527729750e+00
2.588892221e+00
2.622168541e+00
2.614942789e+00
2.675760746e+00
2.742344379e+00
2.645528316e+00
2.538948059e+00
2.422924280e+00
2.454360962e+00
2.554097176e+00
2.631739855e+00
2.684793234e+00
2.679374456e+00
2.658772469e+00
2.573298454e+00
2.463044405e+00
2.476323366e+00
2.600524187e+00
2.679533482e+00
2.655826569e+00
2.707389593e+00
2.687076092e+00
2.486433029e+00
2.383881092e+00
2.512674809e+00
2.625622988e+00
2.611867666e+00
2.593869925e+00
2.648092270e+00
2.792325258e+00
2.770962477e+00
2.617606401e+00
2.565060139e+00
2.634146929e+00
2.699656725e+00
2.703744411e+00
2.658107519e+00
2.689357519e+00
2.664605618e+00
2.633007526e+00
2.665651560e+00
2.733947277e+00
2.710559130e+00
2.610918522e+00
2.467005968e+00
2.446121693e+00
2.576151609e+00
2.638931990e+00
2.666820288e+00
2.665902615e+00
2.681276083e+00
2.590984821e+00
2.526398659e+00
2.473887444e+00
2.469573498e+00
2.524051905e+00
2.603945732e+00
2.692873240e+00
2.731347561e+00
2.558693647e+00
2.444854498e+00
2.439973354e+00
2.568894386e+00
2.714457273e+00
2.791119099e+00
2.653384447e+00
2.403943062e+00
2.292735338e+00
2.347404957e+00
2.535809040e+00
2.598529100e+00
2.467326403e+00
2.370760679e+00
2.438642979e+00
2.602330923e+00
2.695093632e+00
2.630758047e+00
2.623816013e+00
2.690308571e+00
2.763321877e+00
2.864765644e+00
2.923302650e+00
2.838083506e+00
2.747194767e+00
2.654494047e+00
2.607021332e+00
2.592411041e+00
2.637194395e+00
2.656779289e+00
2.599665880e+00
2.500155926e+00
2.506177902e+00
2.596657276e+00
2.709512472e+00
2.775492907e+00
2.760725737e+00
2.667143583e+00
2.544616938e+00
2.528422594e+00
2.694553375e+00
2.837831020e+00
2.834567308e+00
2.706376314e+00
2.647523403e+00
2.729858875e+00
2.788805485e+00
2.857225418e+00
2.772674322e+00
2.600522995e+00
2.543255806e+00
2.613579512e+00
2.678487062e+00
2.737462044e+00
2.683873892e+00
2.659030914e+00
2.743454218e+00
2.804842472e+00
2.764086008e+00
2.706438780e+00
2.613612175e+00
2.570352554e+00
2.601094007e+00
2.593487024e+00
2.622297764e+00
2.679786444e+00
2.731317282e+00
2.750236750e+00
2.706057549e+00
2.681782007e+00
2.561259985e+00
2.542845726e+00
2.633007526e+00
2.704444170e+00
2.801956177e+00
2.812223673e+00
2.650407314e+00
2.545664787e+00
2.575676203e+00
2.617541075e+00
2.562208414e+00
2.492487192e+00
2.471758842e+00
2.596023798e+00
2.745927095e+00
2.752171755e+00
2.694808960e+00
2.714236021e+00
2.697882891e+00
2.682481289e+00
2.647303104e+00
2.668727160e+00
2.659250259e+00
2.631677628e+00
2.658710003e+00
2.637666225e+00
2.584266186e+00
2.588987350e+00
2.624039412e+00
2.641691685e+00
2.568830013e+00
2.569087029e+00
2.626291037e+00
2.587056637e+00
2.563855886e+00
2.517048597e+00
2.487097979e+00
2.588544607e+00
2.623217821e+00
2.661879778e+00
2.634086609e+00
2.527219296e+00
2.515651703e+00
2.595962048e+00
2.650534630e+00
2.702857494e+00
2.752485752e+00
2.668758392e+00
2.538343430e+00
2.516793728e+00
2.569401741e+00
2.638141155e+00
2.622105598e+00
2.519075871e+00
2.474010229e+00
2.520882368e+00
2.613327026e+00
2.676233053e+00
2.658804178e+00
2.521579504e+00
2.391740084e+00
2.399948835e+00
2.465612411e+00
2.519014597e+00
2.624294281e+00
2.666158676e+00
2.662069798e+00
2.638299704e+00
2.655795813e+00
2.689671278e+00
2.664352179e+00
2.631518602e+00
2.614752293e+00
2.610442638e+00
2.636652231e+00
2.677946329e+00
2.648156643e+00
2.576186895e+00
2.489317894e+00
2.538375139e+00
2.704219341e+00
2.791688442e+00
2.754197121e+00
2.621438742e+00
2.587468624e+00
2.640235186e+00
