4.041640759e-01
1.206531003e-01
1.687797159e-01
2.714928985e-01
3.424715698e-01
3.603979349e-01
3.894676864e-01
4.081208110e-01
4.493837059e-01
4.077170491e-01
3.264024556e-01
3.025006354e-01
3.100103438e-01
3.428753316e-01
4.436505139e-01
5.097034574e-01
4.545516670e-01
3.593481779e-01
3.058921099e-01
3.114638329e-01
3.771938086e-01
4.153882265e-01
4.144192338e-01
3.749328256e-01
3.368998766e-01
3.512732387e-01
3.644354045e-01
3.473972976e-01
3.593481779e-01
3.723488450e-01
3.673423827e-01
3.201040030e-01
3.186505139e-01
3.654043972e-01
3.100910783e-01
2.922454774e-01
2.358016819e-01
1.827493459e-01
2.355594337e-01
2.969289422e-01
3.200232387e-01
2.674554288e-01
2.766608596e-01
3.482855260e-01
2.954754531e-01
2.597842216e-01
2.565542758e-01
2.580077350e-01
2.106078714e-01
2.820710540e-01
3.224457204e-01
3.205884993e-01
2.947486937e-01
2.927299738e-01
2.446841002e-01
2.205400467e-01
1.897745430e-01
1.895322949e-01
2.534857988e-01
3.528882265e-01
3.088798523e-01
2.882080078e-01
3.128365576e-01
3.289056718e-01
2.941834629e-01
2.009179592e-01
1.384987086e-01
1.863830686e-01
2.426653653e-01
2.964444458e-01
3.075878620e-01
2.814250588e-01
2.855432928e-01
2.865930200e-01
2.689896524e-01
2.307144701e-01
2.513863146e-01
2.701201439e-01
2.777913511e-01
2.634986937e-01
2.499328107e-01
2.689896524e-01
3.198617399e-01
3.027428985e-01
3.293901682e-01
3.223649859e-01
3.020161390e-01
2.504980564e-01
2.362054288e-01
2.525975406e-01
2.258695066e-01
2.219935358e-01
2.310374677e-01
2.699586451e-01
2.806983292e-01
3.322164118e-01
3.323779106e-01
3.058921099e-01
2.923262119e-01
2.546970248e-01
2.676976621e-01
2.592997253e-01
2.526783049e-01
2.332177013e-01
1.878365576e-01
1.808921099e-01
1.837183386e-01
2.257887572e-01
2.844935358e-01
3.321356475e-01
3.096873462e-01
2.615607083e-01
2.462183386e-01
2.488023192e-01
2.286957353e-01
2.659211755e-01
3.156628013e-01
3.158243001e-01
3.199425042e-01
3.132403195e-01
3.276136816e-01
3.321356475e-01
3.159857988e-01
3.355271220e-01
3.373036087e-01
3.109793365e-01
2.987054288e-01
2.929722071e-01
2.962021828e-01
2.780335844e-01
3.102525771e-01
3.332661390e-01
3.499812782e-01
3.656466305e-01
3.330239058e-01
3.132403195e-01
3.645161390e-01
3.368998766e-01
2.891770005e-01
2.496098131e-01
2.079431564e-01
2.488023192e-01
3.415025771e-01
3.956854045e-01
3.981078863e-01
3.913249373e-01
3.876911998e-01
3.865607083e-01
3.645161390e-01
3.343158960e-01
3.269676864e-01
2.910342216e-01
2.906304896e-01
3.398875892e-01
3.861569762e-01
3.746098280e-01
3.883371949e-01
3.706530929e-01
3.349618912e-01
3.026621342e-01
3.541802168e-01
3.511117399e-01
3.417448401e-01
3.616091609e-01
4.073133171e-01
4.224134386e-01
4.199101925e-01
3.557952046e-01
3.360116184e-01
3.835729957e-01
3.933436573e-01
4.135310054e-01
4.430852830e-01
4.518061876e-01
4.327493608e-01
4.165994823e-01
4.020645916e-01
4.060213268e-01
3.958469033e-01
3.984308839e-01
4.341220856e-01
4.584276378e-01
4.117545187e-01
3.809082806e-01
3.838959932e-01
3.850264847e-01
3.551492095e-01
3.373036087e-01
3.301169276e-01
3.846227229e-01
4.271776378e-01
4.139347374e-01
3.735600710e-01
3.795355260e-01
3.938281536e-01
4.170032144e-01
3.837344944e-01
3.658081293e-01
3.709760904e-01
3.709760904e-01
4.118352830e-01
4.664218426e-01
5.173746943e-01
4.719935358e-01
4.154689908e-01
4.207984507e-01
4.615768790e-01
4.348488450e-01
3.456208110e-01
3.797777891e-01
4.209599495e-01
4.395323098e-01
4.639993608e-01
4.781304896e-01
4.596388936e-01
4.702170491e-01
4.614961147e-01
4.187797010e-01
4.159534872e-01
4.434890151e-01
4.533404410e-01
3.943934143e-01
4.003688693e-01
4.178107083e-01
4.450232387e-01
4.359793365e-01
3.945549130e-01
4.070710540e-01
4.493029714e-01
4.706208110e-01
4.434082806e-01
4.309728742e-01
4.023068547e-01
4.189411998e-01
4.163572192e-01
4.737700224e-01
4.572164118e-01
4.486569762e-01
4.613346159e-01
4.917771220e-01
5.279528499e-01
5.293256044e-01
5.279528499e-01
5.239153504e-01
5.006595850e-01
4.566511512e-01
4.390478134e-01
4.706208110e-01
5.218158960e-01
5.679237843e-01
5.768869519e-01
5.348165631e-01
4.888701439e-01
4.989638329e-01
6.871098280e-01
1.376548290e+00
2.261960506e+00
1.360657654e+02
8.628455200e+02
1.553324097e+03
1.535903564e+03
1.042208374e+03
5.745319824e+02
3.388049927e+02
2.738229065e+02
2.547687988e+02
2.218004913e+02
1.796686707e+02
1.481943054e+02
1.304534607e+02
1.200528488e+02
1.127688141e+02
1.093516846e+02
1.081879425e+02
1.061271820e+02
1.022239609e+02
9.726336670e+01
9.333493042e+01
9.116761780e+01
9.086002350e+01
9.083547211e+01
9.017825317e+01
8.847898865e+01
8.657305908e+01
8.567156982e+01
8.503766632e+01
8.406489563e+01
8.297055817e+01
8.196408844e+01
8.041484833e+01
7.951851654e+01
7.854097748e+01
7.767583466e+01
7.747985840e+01
7.720384979e+01
7.590245819e+01
7.409077454e+01
7.316578674e+01
7.340311432e+01
7.358357239e+01
7.240226746e+01
7.098152161e+01
6.972206879e+01
6.851283264e+01
6.710883331e+01
6.645939636e+01
6.547764587e+01
6.379598236e+01
6.336315536e+01
6.352756119e+01
6.347993851e+01
6.286146927e+01
6.189872360e+01
6.119201660e+01
6.073545074e+01
5.993222427e+01
5.945354462e+01
5.923898315e+01
5.858979797e+01
5.764328384e+01
5.679297256e+01
5.600827026e+01
5.511695862e+01
5.459248352e+01
5.438518906e+01
5.416941833e+01
5.348426056e+01
5.236476898e+01
5.117073059e+01
5.064358902e+01
5.069615555e+01
5.042111206e+01
5.008488083e+01
4.946664429e+01
4.876533890e+01
4.829211426e+01
4.779233932e+01
4.743243790e+01
4.676021957e+01
4.597936249e+01
4.542955017e+01
4.505343246e+01
4.473837662e+01
4.440447998e+01
4.387218857e+01
4.329989624e+01
4.277889252e+01
4.273300552e+01
4.262840652e+01
4.173754120e+01
4.053995895e+01
3.988920212e+01
3.972130203e+01
3.956200027e+01
3.929392242e+01
3.879570007e+01
3.831484222e+01
3.823537445e+01
3.834510803e+01
3.788129425e+01
3.707567596e+01
3.642063522e+01
3.610272217e+01
3.593403625e+01
3.525154495e+01
3.487236023e+01
3.500439453e+01
3.457642746e+01
3.417551422e+01
3.416717529e+01
3.478887177e+01
3.497734833e+01
3.418012238e+01
3.312117386e+01
3.244037628e+01
3.221774673e+01
3.225707245e+01
3.224325180e+01
3.142988968e+01
3.040704155e+01
2.995323181e+01
3.031916618e+01
3.067228889e+01
3.062183571e+01
2.969953156e+01
2.891442680e+01
2.846634865e+01
2.842202187e+01
2.843179131e+01
2.830450630e+01
2.812443542e+01
2.762508583e+01
2.672401428e+01
2.610328865e+01
2.613340759e+01
2.674193573e+01
2.670608330e+01
2.628449440e+01
2.620076370e+01
2.618066216e+01
2.584119034e+01
2.521319771e+01
2.458867264e+01
2.437315369e+01
2.433801651e+01
2.431468582e+01
2.410426331e+01
2.402560806e+01
2.340190506e+01
2.264224052e+01
2.273397064e+01
2.272105217e+01
2.260557938e+01
2.246134186e+01
2.210724068e+01
2.167136574e+01
2.159884644e+01
2.196627235e+01
2.212574196e+01
2.178602982e+01
2.143669701e+01
2.097496033e+01
2.065874481e+01
2.103762436e+01
2.114559174e+01
2.082388306e+01
2.034624481e+01
2.044992828e+01
2.049653053e+01
2.027027130e+01
1.995881462e+01
1.919766998e+01
1.857701492e+01
1.848835945e+01
1.882459450e+01
1.880440331e+01
1.845160866e+01
1.862264061e+01
1.863104057e+01
1.822010803e+01
1.792328644e+01
1.797043991e+01
1.799740601e+01
1.788573265e+01
1.762288475e+01
1.714985085e+01
1.688192368e+01
1.708201790e+01
1.719587326e+01
1.728922462e+01
1.720775032e+01
1.672995186e+01
1.662570190e+01
1.670266151e+01
1.632015038e+01
1.581490517e+01
1.581902027e+01
1.594797993e+01
1.611124992e+01
1.595039940e+01
1.559275818e+01
1.538467503e+01
1.517359066e+01
1.516631889e+01
1.537925434e+01
1.537537861e+01
1.489104176e+01
1.429665565e+01
1.432863235e+01
1.463660240e+01
1.446089935e+01
1.419814396e+01
1.409647751e+01
1.403761387e+01
1.412602997e+01
1.409687614e+01
1.421953011e+01
1.443594265e+01
1.439677715e+01
1.399674702e+01
1.347471809e+01
1.319088650e+01
1.319847679e+01
1.306790543e+01
1.304368019e+01
1.310787582e+01
1.311344528e+01
1.263758469e+01
1.235714436e+01
1.246551037e+01
1.257080173e+01
1.254310513e+01
1.257565212e+01
1.249538231e+01
1.251903915e+01
1.223069096e+01
1.188816261e+01
1.202041912e+01
1.201444435e+01
1.202704048e+01
1.199191284e+01
1.198060989e+01
1.191649532e+01
1.196389484e+01
1.153802490e+01
1.104116917e+01
1.100282669e+01
1.105846024e+01
1.124756527e+01
1.113791466e+01
1.090270233e+01
1.082155132e+01
1.076737118e+01
1.056285191e+01
1.043300915e+01
1.056447315e+01
1.063043785e+01
1.075066376e+01
1.062526703e+01
1.030687618e+01
1.013367558e+01
9.945693970e+00
9.826994896e+00
9.880125999e+00
9.984127998e+00
1.001497364e+01
9.815929413e+00
9.726860046e+00
9.739375114e+00
9.497049332e+00
8.979360580e+00
8.577708244e+00
8.391581535e+00
8.264804840e+00
8.347493172e+00
8.651272774e+00
8.845796585e+00
8.572058678e+00
8.286847115e+00
8.387946129e+00
8.850562096e+00
9.264160156e+00
9.165565491e+00
8.459330559e+00
7.816892147e+00
7.607264042e+00
7.723143101e+00
8.003096581e+00
8.275140762e+00
8.351852417e+00
8.055583000e+00
7.821490765e+00
7.643605232e+00
7.727343559e+00
7.934701443e+00
7.902968407e+00
7.794039726e+00
7.736864567e+00
7.662090302e+00
7.503661633e+00
7.329564571e+00
7.079640388e+00
7.108787060e+00
7.483560085e+00
7.811886787e+00
7.549934864e+00
6.637372494e+00
6.232015610e+00
6.430329800e+00
6.864352226e+00
6.989840508e+00
6.967555046e+00
7.025619030e+00
7.204237938e+00
7.119854927e+00
6.973210335e+00
6.876553059e+00
6.662559986e+00
6.523029804e+00
6.727402687e+00
6.921367645e+00
6.817605019e+00
6.521978855e+00
6.306953430e+00
6.051143169e+00
6.033213139e+00
6.316484451e+00
6.539018154e+00
6.412241936e+00
6.399000168e+00
6.485322475e+00
6.503815174e+00
6.402890205e+00
6.296541691e+00
6.135607243e+00
6.055343628e+00
6.272391319e+00
6.455450535e+00
6.553320885e+00
6.824628830e+00
6.547019005e+00
6.146671295e+00
6.229912281e+00
6.274892330e+00
6.061480522e+00
5.779338360e+00
5.670726776e+00
5.764316559e+00
5.894968033e+00
6.074801445e+00
6.247847557e+00
6.239772797e+00
6.125273705e+00
6.154828072e+00
6.138916492e+00
5.842643261e+00
5.448905945e+00
5.566078186e+00
6.195200443e+00
6.401824951e+00
6.088371277e+00
6.016981125e+00
6.188660622e+00
6.068988800e+00
5.669115543e+00
5.532486439e+00
5.758743763e+00
6.115820885e+00
6.214336395e+00
6.072380543e+00
5.640202522e+00
5.329718590e+00
5.476925850e+00
5.679770947e+00
5.897960663e+00
5.997445107e+00
5.824395180e+00
5.576651096e+00
5.370902061e+00
5.453666210e+00
5.597971439e+00
5.605642796e+00
5.490978718e+00
5.494449615e+00
5.581582069e+00
5.614529133e+00
5.441720486e+00
5.482418060e+00
5.567687988e+00
5.383983135e+00
5.406433105e+00
5.502363205e+00
5.281263828e+00
4.931456566e+00
4.936058998e+00
5.210849762e+00
5.260592461e+00
5.226517200e+00
5.245250225e+00
5.131070614e+00
5.127357483e+00
5.162563801e+00
5.218681812e+00
5.195265293e+00
4.987819672e+00
4.689854145e+00
4.681859016e+00
4.760672092e+00
4.772058487e+00
4.716179848e+00
4.845379353e+00
4.869441032e+00
4.725223064e+00
4.410544395e+00
4.089810371e+00
4.132608891e+00
4.435659885e+00
4.844006062e+00
5.056214333e+00
5.114192963e+00
4.895281792e+00
4.644878864e+00
4.513421535e+00
4.427909851e+00
4.382446766e+00
4.211177826e+00
4.293621540e+00
4.350630760e+00
4.401500225e+00
4.563480377e+00
4.558958530e+00
4.450272083e+00
4.288776875e+00
4.198742867e+00
4.186872959e+00
4.315262318e+00
4.378323555e+00
4.301451206e+00
4.166601181e+00
4.140521049e+00
4.246059895e+00
4.156670570e+00
4.042408466e+00
3.928551912e+00
3.930489302e+00
3.909494400e+00
4.080843925e+00
4.152628899e+00
3.971912384e+00
3.869040966e+00
4.049518108e+00
4.395929813e+00
4.301777840e+00
4.063322544e+00
3.890035868e+00
3.994285822e+00
4.176292896e+00
3.957944155e+00
3.750904083e+00
3.750662327e+00
3.971266508e+00
4.135919571e+00
4.180248737e+00
4.061142445e+00
3.805811167e+00
3.696962833e+00
3.999610186e+00
4.301697731e+00
4.308157921e+00
4.287888050e+00
4.110886097e+00
3.934041739e+00
4.202292442e+00
4.291200638e+00
4.152150631e+00
4.194947243e+00
4.365645885e+00
4.464891911e+00
4.214566231e+00
3.890033245e+00
3.788048029e+00
3.653600454e+00
3.637127638e+00
4.001954556e+00
4.412969112e+00
4.500741482e+00
4.110319614e+00
3.595541000e+00
3.448091984e+00
3.543860674e+00
3.798708200e+00
4.041117668e+00
4.035382271e+00
3.921929836e+00
3.775289059e+00
3.652954340e+00
3.594654083e+00
3.639226913e+00
3.727647543e+00
3.725626945e+00
3.572043657e+00
3.508491278e+00
3.811302662e+00
3.983865976e+00
3.749045610e+00
3.598934412e+00
3.651098967e+00
3.654732227e+00
3.588594675e+00
3.493632793e+00
3.335204363e+00
3.240730286e+00
3.247834206e+00
3.475305319e+00
3.617020845e+00
3.452939510e+00
3.264223814e+00
3.414662361e+00
3.505345821e+00
3.313402176e+00
3.046039820e+00
3.077774286e+00
3.263014555e+00
3.217956305e+00
3.134300709e+00
3.086414337e+00
3.019634724e+00
3.112495184e+00
3.238869905e+00
3.192922115e+00
3.139061689e+00
3.264303446e+00
3.332783222e+00
3.290953875e+00
3.007925987e+00
2.918617964e+00
3.120086908e+00
3.226352453e+00
2.939853191e+00
2.750816345e+00
2.933555365e+00
3.040628910e+00
2.960282087e+00
2.893825293e+00
2.849897623e+00
2.881714106e+00
2.862899542e+00
2.972879648e+00
3.274965525e+00
3.290871859e+00
2.986930609e+00
2.710116863e+00
2.658599854e+00
2.673781395e+00
2.826399565e+00
2.834151506e+00
2.798702002e+00
2.711732388e+00
2.761717558e+00
2.875414371e+00
3.015595913e+00
2.887042284e+00
2.554272652e+00
2.500897169e+00
2.758086920e+00
2.993391275e+00
3.105146408e+00
3.004778147e+00
2.724976540e+00
2.261798620e+00
2.239512444e+00
2.480791330e+00
2.686136723e+00
2.753238201e+00
2.767774343e+00
2.795147657e+00
2.621456385e+00
2.518984795e+00
2.511474848e+00
2.553303003e+00
2.459956884e+00
2.243549109e+00
2.271084547e+00
2.456646681e+00
2.595777035e+00
2.731115341e+00
2.664899111e+00
2.511959553e+00
2.407066107e+00
2.522214174e+00
2.649556637e+00
2.508486986e+00
2.210926533e+00
2.174426556e+00
2.372183084e+00
2.697359562e+00
2.797651052e+00
2.757920980e+00
2.769551516e+00
2.911106348e+00
2.925480366e+00
2.669825315e+00
2.642531395e+00
2.579466343e+00
2.519307375e+00
2.622020960e+00
2.775284052e+00
2.831165075e+00
2.770841599e+00
2.705837727e+00
2.694211006e+00
2.625896931e+00
2.617257118e+00
2.712783337e+00
2.893906593e+00
3.066629648e+00
3.115082264e+00
3.014951229e+00
2.932103157e+00
2.918454409e+00
2.928951263e+00
2.827530146e+00
2.725380182e+00
2.766805887e+00
2.706323385e+00
2.707777500e+00
2.797573328e+00
2.844165802e+00
2.842709780e+00
2.698006153e+00
2.561298370e+00
2.552173138e+00
2.734666348e+00
2.932103634e+00
2.969975233e+00
2.907634020e+00
2.953743219e+00
2.991292238e+00
2.970619202e+00
3.016565561e+00
3.025285244e+00
3.017937660e+00
2.890109539e+00
2.843597889e+00
2.871376276e+00
3.027547598e+00
3.158280134e+00
3.006068707e+00
2.853856325e+00
3.020604849e+00
3.156098604e+00
3.226432562e+00
3.285220623e+00
3.087868452e+00
2.871619940e+00
2.836008787e+00
2.986446142e+00
3.124526978e+00
2.961010695e+00
2.845537901e+00
2.695259571e+00
2.800398350e+00
3.012448549e+00
3.146811724e+00
3.248556614e+00
3.229822874e+00
3.138254881e+00
3.118067026e+00
3.083185196e+00
3.095134020e+00
3.104663134e+00
3.110961676e+00
2.879049540e+00
2.883813143e+00
3.100464821e+00
3.324059248e+00
3.348203182e+00
3.173865318e+00
3.129453182e+00
3.184766531e+00
3.257281303e+00
3.148752928e+00
3.021167040e+00
2.984831810e+00
3.124367237e+00
3.007279396e+00
2.887849808e+00
2.805081129e+00
2.872347355e+00
2.973527431e+00
2.919909239e+00
2.860880136e+00
2.700427532e+00
2.605709314e+00
2.835121870e+00
3.023349285e+00
3.061705112e+00
2.960201979e+00
2.851512671e+00
2.817033291e+00
2.806291819e+00
2.891323328e+00
2.948007584e+00
2.966985464e+00
2.976272821e+00
3.022783995e+00
3.033201218e+00
2.958910465e+00
2.791918278e+00
2.803144455e+00
2.990322113e+00
2.929841995e+00
2.782388687e+00
2.804110289e+00
2.879370451e+00
2.662959814e+00
2.408196926e+00
2.366449594e+00
2.474491835e+00
2.695422173e+00
2.808795691e+00
2.740399122e+00
2.606678009e+00
2.473199368e+00
2.386556387e+00
2.471423626e+00
2.577044249e+00
2.661910772e+00
2.755176067e+00
2.695017338e+00
2.552576303e+00
2.527463198e+00
2.540867329e+00
2.579546213e+00
2.517126799e+00
2.342386484e+00
2.383003235e+00
2.544178486e+00
2.519549370e+00
2.474249840e+00
2.568322659e+00
2.641077757e+00
2.541433334e+00
2.504289389e+00
2.621293545e+00
2.752027035e+00
2.657550812e+00
2.435328960e+00
2.287880659e+00
2.301123857e+00
2.357648611e+00
2.389947653e+00
2.498959780e+00
2.425074577e+00
2.467305422e+00
2.588268280e+00
2.660377741e+00
2.610150814e+00
2.696068287e+00
2.914982319e+00
3.020927429e+00
2.951319456e+00
2.820666313e+00
2.780855179e+00
