3.205153942e-01
1.871159226e-01
2.007093728e-01
2.710278928e-01
3.253282011e-01
3.376357853e-01
3.120286763e-01
2.932917476e-01
2.551566362e-01
2.356849462e-01
2.470005602e-01
2.797718048e-01
3.016682565e-01
3.308023214e-01
3.523313999e-01
3.299205899e-01
2.813883126e-01
2.720198631e-01
2.961573899e-01
3.295164406e-01
3.108530343e-01
3.020723760e-01
3.021091223e-01
3.154821396e-01
3.384073079e-01
3.388481736e-01
3.249608278e-01
3.349170983e-01
3.464531600e-01
3.549398780e-01
3.576953113e-01
3.617733419e-01
3.721704781e-01
3.597894311e-01
3.302879632e-01
3.490616381e-01
3.736033142e-01
3.717663586e-01
3.428159952e-01
2.983984947e-01
2.674642205e-01
2.913813293e-01
3.213236630e-01
3.396196961e-01
3.254751563e-01
3.351375163e-01
3.490616381e-01
3.530294299e-01
3.328596950e-01
3.199642897e-01
3.404279649e-01
3.176130056e-01
2.690439820e-01
2.507479489e-01
3.038358688e-01
3.630959392e-01
3.766159117e-01
3.165475726e-01
2.523277402e-01
2.517031729e-01
2.504907846e-01
2.718729079e-01
2.974800169e-01
3.100815117e-01
3.200377822e-01
3.354314268e-01
3.117715120e-01
2.859072089e-01
2.817556858e-01
2.983250022e-01
2.831885219e-01
2.258756161e-01
2.006358951e-01
2.319375575e-01
2.669866085e-01
2.939163148e-01
2.963778377e-01
2.824904919e-01
2.866787314e-01
2.825272083e-01
2.695215940e-01
2.527318597e-01
2.219077945e-01
2.390649319e-01
2.888095975e-01
3.068117201e-01
2.921528518e-01
2.880013287e-01
2.978841364e-01
3.131675720e-01
3.209562600e-01
3.188621402e-01
3.487677276e-01
3.635368049e-01
3.220584393e-01
2.761346400e-01
2.504540384e-01
2.784124613e-01
3.312431872e-01
3.483635783e-01
3.301410079e-01
2.867154777e-01
2.746650577e-01
3.012641370e-01
3.373418748e-01
3.621039987e-01
3.536539972e-01
3.075097799e-01
2.889198065e-01
2.717994153e-01
2.737098634e-01
3.003824055e-01
3.301777542e-01
3.103386760e-01
2.541279495e-01
2.452738285e-01
2.720933259e-01
2.852458954e-01
2.840335071e-01
2.814250588e-01
2.683092058e-01
2.772735357e-01
2.747018039e-01
2.935121953e-01
2.940265536e-01
3.129471540e-01
3.272019029e-01
3.222788572e-01
3.114775717e-01
3.007130325e-01
3.080241084e-01
2.981413007e-01
3.012641370e-01
3.031378090e-01
2.618063986e-01
2.949082851e-01
3.020356596e-01
2.981413007e-01
2.889932990e-01
2.891770005e-01
3.139023483e-01
3.294797242e-01
3.361294866e-01
3.175762594e-01
3.057830334e-01
2.569568455e-01
2.476986051e-01
3.125797510e-01
3.160699606e-01
2.931447923e-01
2.660681307e-01
2.554138005e-01
2.672070265e-01
2.741139829e-01
2.733792067e-01
2.670600712e-01
2.479925156e-01
2.624677122e-01
3.003824055e-01
3.242995143e-01
3.658513725e-01
3.568135500e-01
3.257690668e-01
2.963410914e-01
2.993169725e-01
3.013743460e-01
2.927406728e-01
2.953491509e-01
3.351742625e-01
3.050115108e-01
2.664355338e-01
2.789635360e-01
3.105223775e-01
3.206990957e-01
3.204786479e-01
3.181640804e-01
3.308023214e-01
3.402075171e-01
3.603772521e-01
3.673944175e-01
3.439916372e-01
3.351375163e-01
3.205521405e-01
3.233442903e-01
3.253649473e-01
3.484370708e-01
3.603772521e-01
3.836330771e-01
3.840371966e-01
3.590179086e-01
3.136084378e-01
3.101549745e-01
3.096038997e-01
3.256956041e-01
3.443957567e-01
3.315003514e-01
3.200377822e-01
3.109999895e-01
3.170251846e-01
3.254384100e-01
3.547194302e-01
3.699661493e-01
3.651533127e-01
3.381501436e-01
3.285245001e-01
3.303982019e-01
3.254751563e-01
3.125797510e-01
3.208093047e-01
3.132778108e-01
3.267242908e-01
3.502005339e-01
3.384807706e-01
3.212869167e-01
3.236014843e-01
3.521476984e-01
3.550868332e-01
3.531029224e-01
3.552705348e-01
3.539479077e-01
3.284877539e-01
3.231973350e-01
3.372316658e-01
3.241525590e-01
2.989128232e-01
3.032113016e-01
3.364968598e-01
3.469674885e-01
3.464531600e-01
3.275692761e-01
3.098978102e-01
3.125430048e-01
3.224625587e-01
3.552705348e-01
4.210334122e-01
4.589848518e-01
3.940302134e-01
3.951323926e-01
3.817961216e-01
3.548663855e-01
3.584300876e-01
3.462327123e-01
3.571809530e-01
3.609650731e-01
3.815022111e-01
3.706641793e-01
3.404279649e-01
2.998680472e-01
2.939898074e-01
3.343292773e-01
3.465266228e-01
3.734196126e-01
3.780120015e-01
3.729420006e-01
4.769134820e-01
7.980519533e-01
2.055100203e+00
1.674061737e+02
7.616341553e+02
1.176681030e+03
1.065224487e+03
6.924221191e+02
3.853470459e+02
2.439453888e+02
2.075766754e+02
1.924515076e+02
1.657242584e+02
1.343939667e+02
1.102795715e+02
9.626100159e+01
8.918737793e+01
8.524687958e+01
8.299958801e+01
8.019516754e+01
7.674107361e+01
7.369775391e+01
7.114568329e+01
6.844285583e+01
6.676455688e+01
6.571150208e+01
6.507022858e+01
6.466057587e+01
6.369521713e+01
6.257649612e+01
6.141351318e+01
6.094272995e+01
6.025222778e+01
5.942257690e+01
5.840377426e+01
5.710371780e+01
5.660267258e+01
5.644582367e+01
5.585145950e+01
5.515899277e+01
5.445482635e+01
5.407642365e+01
5.389883423e+01
5.358316422e+01
5.300386047e+01
5.245104218e+01
5.200922775e+01
5.173371124e+01
5.153210449e+01
5.103422546e+01
5.012813187e+01
4.946083069e+01
4.889648438e+01
4.835740280e+01
4.805392075e+01
4.787101364e+01
4.739796066e+01
4.696071243e+01
4.659218216e+01
4.596087646e+01
4.523054123e+01
4.465150833e+01
4.428588867e+01
4.381686783e+01
4.350151825e+01
4.332543945e+01
4.292884064e+01
4.233953857e+01
4.152233124e+01
4.121321869e+01
4.143219376e+01
4.153667068e+01
4.129845428e+01
4.074465942e+01
4.018865967e+01
3.954846191e+01
3.903460312e+01
3.866835022e+01
3.847400665e+01
3.839685822e+01
3.786344147e+01
3.710879517e+01
3.654817963e+01
3.636108017e+01
3.626713562e+01
3.621452713e+01
3.588582611e+01
3.528957748e+01
3.454039001e+01
3.392918015e+01
3.377255630e+01
3.391065598e+01
3.335733032e+01
3.270544434e+01
3.262690735e+01
3.253701019e+01
3.225144196e+01
3.154730606e+01
3.133419228e+01
3.122650146e+01
3.096900177e+01
3.075331497e+01
3.050347710e+01
3.021433067e+01
2.998409653e+01
2.966684532e+01
2.947531509e+01
2.931991005e+01
2.883614349e+01
2.816471863e+01
2.788120461e+01
2.795765305e+01
2.790620995e+01
2.780746841e+01
2.768127441e+01
2.739037514e+01
2.709715652e+01
2.667241669e+01
2.628702354e+01
2.574872780e+01
2.551537132e+01
2.562140846e+01
2.564450455e+01
2.534582901e+01
2.462138176e+01
2.400052834e+01
2.379365540e+01
2.389857292e+01
2.422713470e+01
2.422838402e+01
2.382899284e+01
2.329147911e+01
2.315527725e+01
2.320528030e+01
2.311465836e+01
2.279921150e+01
2.257987022e+01
2.243238640e+01
2.231705856e+01
2.215841484e+01
2.158153343e+01
2.089775467e+01
2.038937950e+01
2.057740974e+01
2.106766891e+01
2.129471588e+01
2.107142448e+01
2.041307068e+01
1.980319405e+01
1.948216248e+01
1.963424492e+01
1.997382736e+01
2.002187729e+01
1.965847015e+01
1.925801277e+01
1.895670319e+01
1.876837349e+01
1.853863716e+01
1.830810738e+01
1.825035095e+01
1.819094849e+01
1.797682762e+01
1.776895332e+01
1.765321159e+01
1.771875572e+01
1.755760956e+01
1.733651733e+01
1.724018669e+01
1.721593666e+01
1.691518593e+01
1.676165962e+01
1.668498421e+01
1.644155312e+01
1.628397369e+01
1.605119324e+01
1.590233421e+01
1.588080978e+01
1.589314651e+01
1.570077896e+01
1.544202137e+01
1.541810608e+01
1.525156593e+01
1.496272373e+01
1.486021900e+01
1.499949741e+01
1.491910934e+01
1.463599205e+01
1.433927822e+01
1.414695168e+01
1.417050171e+01
1.425555229e+01
1.428214455e+01
1.402762318e+01
1.380193043e+01
1.370417976e+01
1.353852558e+01
1.369990826e+01
1.391748142e+01
1.386134720e+01
1.352584362e+01
1.341508675e+01
1.341582203e+01
1.341035175e+01
1.338712406e+01
1.320648766e+01
1.307598591e+01
1.295249367e+01
1.272488880e+01
1.242568874e+01
1.227344894e+01
1.244549274e+01
1.252756786e+01
1.226606178e+01
1.193831062e+01
1.189396381e+01
1.191138268e+01
1.199739361e+01
1.207196712e+01
1.212270641e+01
1.224864769e+01
1.230058765e+01
1.189440727e+01
1.146191120e+01
1.132319546e+01
1.141194534e+01
1.152102852e+01
1.171173859e+01
1.144765186e+01
1.102078533e+01
1.103258038e+01
1.142628098e+01
1.153789425e+01
1.146958923e+01
1.115657234e+01
1.071722889e+01
1.040246201e+01
1.024213123e+01
1.030222893e+01
1.033262348e+01
1.045388126e+01
1.054473686e+01
1.037586117e+01
1.029970360e+01
1.024062443e+01
1.017246437e+01
9.911959648e+00
9.811739922e+00
9.610918999e+00
9.463303566e+00
9.423587799e+00
9.674223900e+00
9.778895378e+00
9.763132095e+00
9.595118523e+00
9.274976730e+00
9.026659966e+00
9.007454872e+00
9.039416313e+00
9.011786461e+00
8.924427032e+00
8.988130569e+00
9.123468399e+00
9.139970779e+00
8.736653328e+00
8.516806602e+00
8.398579597e+00
8.262242317e+00
8.034830093e+00
7.871269703e+00
7.934787273e+00
7.954335690e+00
7.885339737e+00
7.919653893e+00
8.059847832e+00
8.170541763e+00
8.028547287e+00
7.807778835e+00
7.490606308e+00
7.437555313e+00
7.589844227e+00
7.674637794e+00
7.590686798e+00
7.395564556e+00
7.164182186e+00
6.967182636e+00
6.951054573e+00
7.035224915e+00
7.143680573e+00
7.140960693e+00
7.018583298e+00
6.912298203e+00
6.775395870e+00
6.866437435e+00
6.909166336e+00
6.869195461e+00
6.667239666e+00
6.679914474e+00
6.829192162e+00
6.941431046e+00
6.710149765e+00
6.228003502e+00
6.209158897e+00
6.355745316e+00
6.461799622e+00
6.521651745e+00
6.363709450e+00
6.290378571e+00
6.221306801e+00
6.133765697e+00
5.904694557e+00
5.795948982e+00
5.745024204e+00
5.830777645e+00
5.968595028e+00
6.078731537e+00
5.986515522e+00
5.860896587e+00
5.774964333e+00
5.726730347e+00
5.576388359e+00
5.532419682e+00
5.628158569e+00
5.763687611e+00
5.614044666e+00
5.497184753e+00
5.447618008e+00
5.528892994e+00
5.663091660e+00
5.747741699e+00
5.585135937e+00
5.426201820e+00
5.476647854e+00
5.491778374e+00
5.407787323e+00
5.381849766e+00
5.380676270e+00
5.312265873e+00
5.233756542e+00
5.184269428e+00
5.171377182e+00
5.210941792e+00
5.123803616e+00
5.040399075e+00
5.020012379e+00
5.043924809e+00
4.963248253e+00
4.821180344e+00
4.834810734e+00
4.945985794e+00
5.133207798e+00
5.190408230e+00
5.001165390e+00
4.823199749e+00
4.766477585e+00
4.797262669e+00
4.864899158e+00
5.112157345e+00
5.169357777e+00
4.998814106e+00
4.794730186e+00
4.730291367e+00
4.726763725e+00
4.855826855e+00
4.897601604e+00
4.752920628e+00
4.775588036e+00
4.846381664e+00
4.819895267e+00
4.653762817e+00
4.597622395e+00
4.739437580e+00
4.797447205e+00
4.793040752e+00
4.742303848e+00
4.576387405e+00
4.470723152e+00
4.525868893e+00
4.526426315e+00
4.531271935e+00
4.437516689e+00
4.204216957e+00
4.265754223e+00
4.541004658e+00
4.622124672e+00
4.513044834e+00
4.489759445e+00
4.534911156e+00
4.450374126e+00
4.330820084e+00
4.209983826e+00
4.177361012e+00
4.101752281e+00
4.223762989e+00
4.276153088e+00
4.252675533e+00
4.103000164e+00
3.879114866e+00
3.932897806e+00
4.091500282e+00
4.114314079e+00
4.075445175e+00
4.019640446e+00
3.843810797e+00
3.694977045e+00
3.801155090e+00
3.781315327e+00
3.755928278e+00
3.745051622e+00
3.766364336e+00
3.763279438e+00
3.868645191e+00
3.816657305e+00
3.652803421e+00
3.711883783e+00
3.708757639e+00
3.612794638e+00
3.710924625e+00
3.868682146e+00
3.862693071e+00
3.645420074e+00
3.536266565e+00
3.529398203e+00
3.570840836e+00
3.507172108e+00
3.489681959e+00
3.470100164e+00
3.622346640e+00
3.715959549e+00
3.662869930e+00
3.598428488e+00
3.552543163e+00
3.474582911e+00
3.413485289e+00
3.367120028e+00
3.461903334e+00
3.466129541e+00
3.500667572e+00
3.429244041e+00
3.295701742e+00
3.126990795e+00
3.135956287e+00
3.148190260e+00
3.131803036e+00
3.135624409e+00
3.192716360e+00
3.263664722e+00
3.281665564e+00
3.321599245e+00
3.219024420e+00
3.021583557e+00
3.028022051e+00
3.123946667e+00
3.204001665e+00
3.180155039e+00
3.124233007e+00
3.075296640e+00
3.158402681e+00
3.089001417e+00
2.977717876e+00
2.940430403e+00
3.027203560e+00
3.181221724e+00
3.117804289e+00
3.005899429e+00
3.001047611e+00
3.002332449e+00
2.976287127e+00
2.853359461e+00
2.757733107e+00
2.677674055e+00
2.789286613e+00
2.954828739e+00
2.998620510e+00
2.868790627e+00
2.808279037e+00
2.747702122e+00
2.792152882e+00
2.845426321e+00
2.746598721e+00
2.587884426e+00
2.582119703e+00
2.618969679e+00
2.684288740e+00
2.798911095e+00
3.007480383e+00
3.006490707e+00
2.868603468e+00
2.746229649e+00
2.736532927e+00
2.719705105e+00
2.692922354e+00
2.622750998e+00
2.630282402e+00
2.735504150e+00
2.743332386e+00
2.627931118e+00
2.480240107e+00
2.397727251e+00
2.498536110e+00
2.564153910e+00
2.545561075e+00
2.517199516e+00
2.627416134e+00
2.696266174e+00
2.748030901e+00
2.686016560e+00
2.689653158e+00
2.711475611e+00
2.656329870e+00
2.538948536e+00
2.391225815e+00
2.359813213e+00
2.443025827e+00
2.439094782e+00
2.441629171e+00
2.469146013e+00
2.583111286e+00
2.597438812e+00
2.598687410e+00
2.484907627e+00
2.374436140e+00
2.278766870e+00
2.319840670e+00
2.357277632e+00
2.222704411e+00
2.138535261e+00
2.166602135e+00
2.215502501e+00
2.213114262e+00
2.146873474e+00
2.145037174e+00
2.199153423e+00
2.285160303e+00
2.372891903e+00
2.424693108e+00
2.278252363e+00
2.157931805e+00
2.148012638e+00
2.181224346e+00
2.082506657e+00
1.972694159e+00
2.083094120e+00
2.257017374e+00
2.326307058e+00
2.304410696e+00
2.143235683e+00
1.990622759e+00
1.894624591e+00
1.899254799e+00
1.857887506e+00
1.880591631e+00
1.842236996e+00
1.936874986e+00
2.037097692e+00
2.018103600e+00
1.913726211e+00
1.720632195e+00
1.645498276e+00
1.713172436e+00
1.835698843e+00
1.959873319e+00
1.979012370e+00
2.010718584e+00
1.962846875e+00
1.939224243e+00
1.877578139e+00
1.796129227e+00
1.737969518e+00
1.758174062e+00
1.788227439e+00
1.778050065e+00
1.813248396e+00
1.886210442e+00
1.951825738e+00
1.956896901e+00
1.803331137e+00
1.685693383e+00
1.754394770e+00
1.797964692e+00
1.768022418e+00
1.793078661e+00
1.866407752e+00
1.934007406e+00
1.786463976e+00
1.646048188e+00
1.615004301e+00
1.807258248e+00
1.908253908e+00
1.792454958e+00
1.572391868e+00
1.520847797e+00
1.712512255e+00
1.761152506e+00
1.665670276e+00
1.596600294e+00
1.579552531e+00
1.679557681e+00
1.791829586e+00
1.853405595e+00
1.886874318e+00
1.814904571e+00
1.690578461e+00
1.658395886e+00
1.610671043e+00
1.625257373e+00
1.658102274e+00
1.628048062e+00
1.601374626e+00
1.657071948e+00
1.758691549e+00
1.827650070e+00
1.752114415e+00
1.725515246e+00
1.664604783e+00
1.750868440e+00
1.809759617e+00
1.752079606e+00
1.617689371e+00
1.657145619e+00
1.753069520e+00
1.759462118e+00
1.699947238e+00
1.698587537e+00
1.706118226e+00
1.741753340e+00
1.715706229e+00
1.650534391e+00
1.664015889e+00
1.733599901e+00
1.717802405e+00
1.706193089e+00
1.646968126e+00
1.655271053e+00
1.749175787e+00
1.725625515e+00
1.605197549e+00
1.510263801e+00
1.551228404e+00
1.521876812e+00
1.468054056e+00
1.459859252e+00
1.551522613e+00
1.722100019e+00
1.747924924e+00
1.771108389e+00
1.778493047e+00
1.773276329e+00
1.791388392e+00
1.848736882e+00
1.827797055e+00
1.863948345e+00
1.911415100e+00
1.828935742e+00
1.780624986e+00
1.805202603e+00
1.804100394e+00
1.879376411e+00
1.906342864e+00
1.869860649e+00
1.774085164e+00
1.781434417e+00
1.732352495e+00
1.700756073e+00
1.681247354e+00
1.772282600e+00
1.775625587e+00
1.719490647e+00
1.530395627e+00
1.455778718e+00
1.500711441e+00
1.529073596e+00
1.579074860e+00
1.555416346e+00
1.447446942e+00
1.509018660e+00
1.690320969e+00
1.854065180e+00
1.881140471e+00
1.800278425e+00
1.634882331e+00
1.522167325e+00
1.428261399e+00
1.488955140e+00
1.568126678e+00
1.586239934e+00
1.559313893e+00
1.483848691e+00
1.406735539e+00
1.368600607e+00
1.311512470e+00
1.370479465e+00
1.373674631e+00
1.508391261e+00
1.585945964e+00
1.655197859e+00
1.488219500e+00
1.344983220e+00
1.353654742e+00
1.431094289e+00
1.455343843e+00
1.403324842e+00
1.377645373e+00
1.294760942e+00
1.284288883e+00
1.340461731e+00
1.273671865e+00
1.328155518e+00
1.317612648e+00
1.328450084e+00
1.273966908e+00
1.276942730e+00
1.283443570e+00
1.324553132e+00
1.306295872e+00
1.283519030e+00
1.259638667e+00
1.232598186e+00
1.288038015e+00
1.405745268e+00
1.389871955e+00
1.344244361e+00
1.252143979e+00
1.226462126e+00
1.217057824e+00
1.179289937e+00
1.081490874e+00
1.074473500e+00
1.127341151e+00
1.224112630e+00
1.187299490e+00
1.143837214e+00
1.023922801e+00
9.275203347e-01
1.030681252e+00
1.153940439e+00
1.210922718e+00
1.291124940e+00
1.252327561e+00
1.234215260e+00
1.212061286e+00
1.283335686e+00
1.231275558e+00
1.101844907e+00
1.009631515e+00
1.049273491e+00
1.142111182e+00
1.214523196e+00
1.201590419e+00
1.158313513e+00
1.174368501e+00
1.053424835e+00
8.973944783e-01
1.009154797e+00
1.244464278e+00
1.323122859e+00
1.175544620e+00
1.130392432e+00
1.164633155e+00
1.242517471e+00
1.248505354e+00
1.250378132e+00
1.236822844e+00
1.284730077e+00
1.347294569e+00
1.329844117e+00
1.365885139e+00
1.315183520e+00
1.232486010e+00
1.211253047e+00
1.276464939e+00
