9.840420634e-02
-3.197979182e-02
5.251921248e-03
8.143822849e-02
1.197503880e-01
1.088290885e-01
9.341077507e-02
8.797932416e-02
9.834580123e-02
1.203344166e-01
1.161586195e-01
9.872542322e-02
1.074858233e-01
1.102307513e-01
1.034560353e-01
1.093547121e-01
1.237801760e-01
1.014703512e-01
5.477739871e-02
6.406342983e-02
7.951093465e-02
1.238093749e-01
1.226413250e-01
1.047993004e-01
8.689887822e-02
8.027017117e-02
8.535120636e-02
9.285595268e-02
1.003898978e-01
8.777491748e-02
1.000394821e-01
8.339471370e-02
7.057532668e-02
6.458905339e-02
4.911233857e-02
7.159737498e-02
1.049453095e-01
1.222617030e-01
8.812533319e-02
7.635719329e-02
8.727849275e-02
8.646085858e-02
8.961459994e-02
1.054417267e-01
9.709014744e-02
8.281069249e-02
8.126302063e-02
6.637033075e-02
5.428097770e-02
4.616300389e-02
4.972556606e-02
5.384295806e-02
6.812241673e-02
8.929339051e-02
8.724929392e-02
7.276542485e-02
6.397582591e-02
6.902765483e-02
5.185726658e-02
6.374221295e-02
3.807423264e-02
3.947589546e-02
4.771067575e-02
4.505335167e-02
3.176674247e-02
5.763912946e-02
7.442990690e-02
6.905685365e-02
5.568264052e-02
8.333631605e-02
8.701568097e-02
7.930652797e-02
4.283405095e-02
4.049794376e-02
3.678937256e-02
4.131558165e-02
3.340201452e-02
3.897947446e-02
5.247049406e-02
3.264278173e-02
4.122797772e-02
4.919994250e-02
6.683755666e-02
5.699670315e-02
7.057532668e-02
8.666526526e-02
9.846261144e-02
7.483872026e-02
3.521249816e-02
2.589727193e-02
5.066001043e-02
1.231864654e-02
-7.801079191e-03
1.985259354e-02
4.584178701e-02
6.558189541e-02
7.916051894e-02
5.836916342e-02
3.103670664e-02
1.906415634e-02
3.179594129e-02
4.233762622e-02
5.141924694e-02
6.020884961e-02
4.762307182e-02
5.226608366e-02
5.051400512e-02
5.810635164e-02
6.239895150e-02
6.663314253e-02
4.201641306e-02
4.128637910e-02
4.371009022e-02
5.541982874e-02
5.521541834e-02
7.296983898e-02
6.920286268e-02
6.634113193e-02
6.482265890e-02
3.693537787e-02
3.786982223e-02
6.403422356e-02
6.914445758e-02
6.134770066e-02
4.397290200e-02
5.273330584e-02
3.661416471e-02
4.736026004e-02
6.184412539e-02
7.781726122e-02
6.663314253e-02
6.082207710e-02
6.555269659e-02
5.436858162e-02
6.342099607e-02
7.460511476e-02
7.232740521e-02
5.252889544e-02
5.249969661e-02
6.026725098e-02
7.644479722e-02
8.409554511e-02
7.708722353e-02
7.927732915e-02
7.375827432e-02
6.432624161e-02
5.728871375e-02
5.638347194e-02
6.295377761e-02
6.502707303e-02
7.165577263e-02
7.997816056e-02
9.478323907e-02
9.075345099e-02
9.031543136e-02
1.093547121e-01
1.003022939e-01
7.758364826e-02
6.727557629e-02
8.266468346e-02
6.680835038e-02
6.823921949e-02
8.613964170e-02
8.208065480e-02
8.888456970e-02
9.703174233e-02
9.738215804e-02
9.008182585e-02
6.607832015e-02
9.268074483e-02
1.188159436e-01
1.176770926e-01
1.031348258e-01
6.190252677e-02
4.592939094e-02
4.695143923e-02
6.692516059e-02
7.288223505e-02
7.971534878e-02
8.745370060e-02
8.657766134e-02
9.971826524e-02
9.285595268e-02
7.513073832e-02
6.380061805e-02
5.982923135e-02
7.580236346e-02
7.551035285e-02
5.609146133e-02
3.953429684e-02
5.141924694e-02
8.301509917e-02
9.291435033e-02
9.767417610e-02
8.438756317e-02
1.002146900e-01
8.511759341e-02
8.739530295e-02
8.100020885e-02
9.206751734e-02
9.595129639e-02
8.059138805e-02
8.713249117e-02
1.041568741e-01
1.001270860e-01
8.488398790e-02
7.428389788e-02
9.072425216e-02
1.254446507e-01
1.331830025e-01
1.131508872e-01
9.075345099e-02
1.036020443e-01
1.018499658e-01
9.276834875e-02
9.087026119e-02
1.075734273e-01
1.128880754e-01
1.257950664e-01
1.174726859e-01
1.100263447e-01
1.027552038e-01
7.784646004e-02
7.562715560e-02
6.502707303e-02
9.314796329e-02
1.121580377e-01
1.195751801e-01
1.391692758e-01
1.368915737e-01
1.456519812e-01
1.310513020e-01
1.201592088e-01
1.091210991e-01
1.012659371e-01
1.004483029e-01
9.192150831e-02
9.297275543e-02
9.560088068e-02
1.297080517e-01
1.313141137e-01
1.236633658e-01
1.252694428e-01
1.369499862e-01
1.468200386e-01
1.408921629e-01
1.219112873e-01
1.157498062e-01
1.108731776e-01
1.173266768e-01
1.212104559e-01
9.659372270e-02
9.233032912e-02
1.006819084e-01
1.674361825e-01
4.722386599e-01
1.575466871e+00
1.384571991e+02
6.581015015e+02
1.034357910e+03
9.336942749e+02
5.886442261e+02
3.067058105e+02
1.810341644e+02
1.516414642e+02
1.412278900e+02
1.199299240e+02
9.421304321e+01
7.436127472e+01
6.322346878e+01
5.807002258e+01
5.593500137e+01
5.624260712e+01
5.587777328e+01
5.371525574e+01
5.062394714e+01
4.789016342e+01
4.615000916e+01
4.581231308e+01
4.545969772e+01
4.477071381e+01
4.432478714e+01
4.396994019e+01
4.367677307e+01
4.359257889e+01
4.347488403e+01
4.289235306e+01
4.200333405e+01
4.099093628e+01
3.996241379e+01
3.937961197e+01
3.897713089e+01
3.882686996e+01
3.860055161e+01
3.814830399e+01
3.793407440e+01
3.755881500e+01
3.690432358e+01
3.616670609e+01
3.545636368e+01
3.532612610e+01
3.532067871e+01
3.529111099e+01
3.477267075e+01
3.376523972e+01
3.304740524e+01
3.271899796e+01
3.260806274e+01
3.248959351e+01
3.220339966e+01
3.167958450e+01
3.118044662e+01
3.073732376e+01
3.040667915e+01
3.013790321e+01
2.991951752e+01
2.978235435e+01
2.944667816e+01
2.882437134e+01
2.816511917e+01
2.753758621e+01
2.691260338e+01
2.655488014e+01
2.641251945e+01
2.665682983e+01
2.689012337e+01
2.689645576e+01
2.653130341e+01
2.588341713e+01
2.542139816e+01
2.540250015e+01
2.548341751e+01
2.527498627e+01
2.447818947e+01
2.375120163e+01
2.343047905e+01
2.334502792e+01
2.304603195e+01
2.260518265e+01
2.255734444e+01
2.270620155e+01
2.259767914e+01
2.211716652e+01
2.189322090e+01
2.195053673e+01
2.179705048e+01
2.130410194e+01
2.073855591e+01
2.035670090e+01
2.031523895e+01
2.045155144e+01
2.034259796e+01
1.988369179e+01
1.941803169e+01
1.919246674e+01
1.912112999e+01
1.920441628e+01
1.919466782e+01
1.909066200e+01
1.894284630e+01
1.871211815e+01
1.836042786e+01
1.786780548e+01
1.742376900e+01
1.723144341e+01
1.722884369e+01
1.733108521e+01
1.748793602e+01
1.743358803e+01
1.700841713e+01
1.658788872e+01
1.630573463e+01
1.613714027e+01
1.591012573e+01
1.581298733e+01
1.586993694e+01
1.584593010e+01
1.563993645e+01
1.542826366e+01
1.540586185e+01
1.507524014e+01
1.456073380e+01
1.426509953e+01
1.436672020e+01
1.447052956e+01
1.429497242e+01
1.389768505e+01
1.367164135e+01
1.358622837e+01
1.352569580e+01
1.351465607e+01
1.331431675e+01
1.287851048e+01
1.272888088e+01
1.270388794e+01
1.274118233e+01
1.270409298e+01
1.251440430e+01
1.221651649e+01
1.192853928e+01
1.185572052e+01
1.219365120e+01
1.254476070e+01
1.263400936e+01
1.229179859e+01
1.176361561e+01
1.135369682e+01
1.124714279e+01
1.144354343e+01
1.139197445e+01
1.122039604e+01
1.089170742e+01
1.056710720e+01
1.053369522e+01
1.086074924e+01
1.092864418e+01
1.072292423e+01
1.059329510e+01
1.067433643e+01
1.050297546e+01
1.016289520e+01
9.918845177e+00
9.902055740e+00
9.723290443e+00
9.327982903e+00
9.267065048e+00
9.521011353e+00
9.598711967e+00
9.398024559e+00
9.279638290e+00
9.349389076e+00
9.242846489e+00
9.077557564e+00
9.016906738e+00
9.078653336e+00
8.960590363e+00
8.699829102e+00
8.508587837e+00
8.479004860e+00
8.570961952e+00
8.572633743e+00
8.566030502e+00
8.462048531e+00
8.280876160e+00
8.063117981e+00
7.815481186e+00
7.858407021e+00
8.023146629e+00
8.034210205e+00
7.893823147e+00
7.799798489e+00
7.850528240e+00
8.018403053e+00
8.030113220e+00
7.935535431e+00
7.694354057e+00
7.479860306e+00
7.275947094e+00
7.219236374e+00
7.211062908e+00
7.251738548e+00
7.251418114e+00
7.204257965e+00
7.224699974e+00
7.208695412e+00
7.185832977e+00
7.175464630e+00
7.080937862e+00
6.965360641e+00
6.851126194e+00
6.769773006e+00
6.639362335e+00
6.578946590e+00
6.755643368e+00
6.972514153e+00
6.860058784e+00
6.528513432e+00
6.256151676e+00
6.263919830e+00
6.389632702e+00
6.290638924e+00
6.011733532e+00
5.864877224e+00
5.878664970e+00
5.960193157e+00
6.084067822e+00
6.229144573e+00
6.162824631e+00
6.047828197e+00
6.057841301e+00
6.005687714e+00
5.765681267e+00
5.618155003e+00
5.650425434e+00
5.855360508e+00
5.993278980e+00
5.899044514e+00
5.778941154e+00
5.666955948e+00
5.387443542e+00
5.174357414e+00
5.222013474e+00
5.413984776e+00
5.406540394e+00
5.203526020e+00
5.102456570e+00
5.168338299e+00
5.262427807e+00
5.151808739e+00
5.058799744e+00
5.148745060e+00
5.066254139e+00
4.888175964e+00
4.774821281e+00
4.766698837e+00
4.755459785e+00
4.684704781e+00
4.631618500e+00
4.615910053e+00
4.691046238e+00
4.685675144e+00
4.678691387e+00
4.753533363e+00
4.812018871e+00
4.750550270e+00
4.501726627e+00
4.269631386e+00
4.079617500e+00
4.193825722e+00
4.245979309e+00
4.208308697e+00
3.996474743e+00
3.864001036e+00
3.748217583e+00
3.682368517e+00
3.736778498e+00
3.915152788e+00
4.141994476e+00
4.205047131e+00
4.008917332e+00
3.869864225e+00
3.898016214e+00
3.863683462e+00
3.636347771e+00
3.499686241e+00
3.433428049e+00
3.478718758e+00
3.592399597e+00
3.678250790e+00
3.580574989e+00
3.390765667e+00
3.273170948e+00
3.253926992e+00
3.300093412e+00
3.311863184e+00
3.260325193e+00
3.279100657e+00
3.408258677e+00
3.366879940e+00
3.305703163e+00
3.353999376e+00
3.298315287e+00
3.232872725e+00
3.060846806e+00
3.010939837e+00
3.031936884e+00
3.021483183e+00
2.968537092e+00
2.968799591e+00
3.116501808e+00
3.143490553e+00
3.120712757e+00
3.097846270e+00
3.065109253e+00
3.071475506e+00
3.020899773e+00
2.869018555e+00
2.723948002e+00
2.801328897e+00
2.946082115e+00
3.037950516e+00
2.869923830e+00
2.700002909e+00
2.605186224e+00
2.635117054e+00
2.759249687e+00
2.725728989e+00
2.685695648e+00
2.731714249e+00
2.782875061e+00
2.753265858e+00
2.694015265e+00
2.799168825e+00
2.919477940e+00
2.855175257e+00
2.675649405e+00
2.608256102e+00
2.512742519e+00
2.425284386e+00
2.520656586e+00
2.590359211e+00
2.540980101e+00
2.520070314e+00
2.486659288e+00
2.456817389e+00
2.495218992e+00
2.666509390e+00
2.731220007e+00
2.760509491e+00
2.796541214e+00
2.826764584e+00
2.809739351e+00
2.771368265e+00
2.773355007e+00
2.634624004e+00
2.513644218e+00
2.541644573e+00
2.602266073e+00
2.610124826e+00
2.618417978e+00
2.590093136e+00
2.603087425e+00
2.719159603e+00
2.711624146e+00
2.572161198e+00
2.416550636e+00
2.400696993e+00
2.493875265e+00
2.671530247e+00
2.685167789e+00
2.540220022e+00
2.459331512e+00
2.494283199e+00
2.583983183e+00
2.657629967e+00
2.691181898e+00
2.655469179e+00
2.552915812e+00
2.505585909e+00
2.521529436e+00
2.542174816e+00
2.489289284e+00
2.419703722e+00
2.392403364e+00
2.387116909e+00
2.391906977e+00
2.405075312e+00
2.458512068e+00
2.395439863e+00
2.378822327e+00
2.431560993e+00
2.481026649e+00
2.431446075e+00
2.242722750e+00
2.112482071e+00
2.175063133e+00
2.316918850e+00
2.368019819e+00
2.378678322e+00
2.291895390e+00
2.262053490e+00
2.304013968e+00
2.247477055e+00
2.220903873e+00
2.304506779e+00
2.386414766e+00
2.281204224e+00
2.170709372e+00
2.151001215e+00
2.193107843e+00
2.181077719e+00
2.077179432e+00
2.056066275e+00
2.091253042e+00
2.143496990e+00
2.048677921e+00
1.985810637e+00
1.895805120e+00
1.908802509e+00
1.991678715e+00
1.931466103e+00
1.885992646e+00
1.868589997e+00
1.903514266e+00
1.862836838e+00
1.753332496e+00
1.671102881e+00
1.630396008e+00
1.686346173e+00
1.803616762e+00
1.916160464e+00
1.928164482e+00
1.862576127e+00
1.839797616e+00
1.849842668e+00
1.872912049e+00
1.830043912e+00
1.868619442e+00
1.860589981e+00
1.740279913e+00
1.497150302e+00
1.339639068e+00
1.389953732e+00
1.564225554e+00
1.758851528e+00
1.796112895e+00
1.737154961e+00
1.767844677e+00
1.763641477e+00
1.709765434e+00
1.741886020e+00
1.750936627e+00
1.798505425e+00
1.714903235e+00
1.639623642e+00
1.625315428e+00
1.606974721e+00
1.695718646e+00
1.780811191e+00
1.760604024e+00
1.719341636e+00
1.695661902e+00
1.684095860e+00
1.665845037e+00
1.613226533e+00
1.685322762e+00
1.795033336e+00
1.803005338e+00
1.780723333e+00
1.762588859e+00
1.764106870e+00
1.714698911e+00
1.679744840e+00
1.682723880e+00
1.717970371e+00
1.674255490e+00
1.544721246e+00
1.530995011e+00
1.649699450e+00
1.738177657e+00
1.737124801e+00
1.657260299e+00
1.573600531e+00
1.511663318e+00
1.509091973e+00
1.481410265e+00
1.506962180e+00
1.573541641e+00
1.660909772e+00
1.651769757e+00
1.632292867e+00
1.645023823e+00
1.697499037e+00
1.758998871e+00
1.787411094e+00
1.737243176e+00
1.691104650e+00
1.586913347e+00
1.548513412e+00
1.595761299e+00
1.580430865e+00
1.546031952e+00
1.496127725e+00
1.528366446e+00
1.581804991e+00
1.570034504e+00
1.520392895e+00
1.525854468e+00
1.537011027e+00
1.465379357e+00
1.444237590e+00
1.438806415e+00
1.487250805e+00
1.509443998e+00
1.516832590e+00
1.459626317e+00
1.448501229e+00
1.554616928e+00
1.610653758e+00
1.574124575e+00
1.510963202e+00
1.464329362e+00
1.375877261e+00
1.185189843e+00
1.132043600e+00
1.232993960e+00
1.346326947e+00
1.442632079e+00
1.458605170e+00
1.357710838e+00
1.293905020e+00
1.332829952e+00
1.343780875e+00
1.252263665e+00
1.202914119e+00
1.243008494e+00
1.299835801e+00
1.288709283e+00
1.241636157e+00
1.232874036e+00
1.234918356e+00
1.160483360e+00
1.135020256e+00
1.173624039e+00
1.258950591e+00
1.263886094e+00
1.189422369e+00
1.051650047e+00
9.928975701e-01
9.136452675e-01
8.556812406e-01
9.209170341e-01
1.058892608e+00
1.154060960e+00
1.147518873e+00
1.155023456e+00
1.095569968e+00
1.024814606e+00
1.000373125e+00
9.721940756e-01
1.015382409e+00
1.093614817e+00
1.104477286e+00
1.123107314e+00
1.127779484e+00
1.147665858e+00
1.128684521e+00
1.067243695e+00
9.946211576e-01
9.200996757e-01
1.016083241e+00
1.099453688e+00
1.142672896e+00
1.109061599e+00
1.079100847e+00
9.916713238e-01
9.430806637e-01
8.791587949e-01
9.030455947e-01
9.624704719e-01
9.516657591e-01
9.931311607e-01
1.050655961e+00
1.001073003e+00
8.975850940e-01
8.218067884e-01
8.155578375e-01
8.380724192e-01
9.383793473e-01
1.046043158e+00
1.152629375e+00
1.068907976e+00
8.646466136e-01
6.955997348e-01
7.254146338e-01
8.703988791e-01
9.024911523e-01
8.613457680e-01
7.715519667e-01
8.053380251e-01
8.777858615e-01
9.816559553e-01
9.971331358e-01
9.015266895e-01
8.498115540e-01
8.746619225e-01
1.015967488e+00
1.098927140e+00
1.088297486e+00
9.482199550e-01
8.966796994e-01
9.350215197e-01
1.029515624e+00
1.072791338e+00
1.018711567e+00
9.657704234e-01
9.193986058e-01
8.562068939e-01
8.365538120e-01
9.121270180e-01
1.017572045e+00
1.063857079e+00
1.044349194e+00
1.027148962e+00
1.052088737e+00
1.043735504e+00
9.302617311e-01
8.508042693e-01
9.185512066e-01
1.045897365e+00
1.028318286e+00
9.576508403e-01
1.020988584e+00
1.117119431e+00
1.075098395e+00
1.062425733e+00
1.121208310e+00
1.120098352e+00
1.120099545e+00
1.145270824e+00
1.227442980e+00
1.247708440e+00
1.200956702e+00
1.095219493e+00
9.782978296e-01
9.823266864e-01
1.080648065e+00
1.268560767e+00
1.397690654e+00
1.326699734e+00
1.183845401e+00
1.153798342e+00
1.223938346e+00
1.190532207e+00
1.199175358e+00
1.173012376e+00
1.113441229e+00
1.122961521e+00
1.156220198e+00
1.283947349e+00
1.337154746e+00
1.279830456e+00
1.258776307e+00
1.309208393e+00
1.392111897e+00
1.364106655e+00
1.254862189e+00
1.151781797e+00
1.178151846e+00
1.203439713e+00
1.245198131e+00
1.214828730e+00
1.199613690e+00
1.235005856e+00
1.212024212e+00
1.180487275e+00
1.217981696e+00
1.247533321e+00
1.172516346e+00
1.108330250e+00
1.095043898e+00
1.102578521e+00
1.100300312e+00
1.132859349e+00
1.122902393e+00
1.103630185e+00
1.184487581e+00
1.269375205e+00
1.312448382e+00
1.224814653e+00
1.113149643e+00
1.099629164e+00
1.112185955e+00
1.121763825e+00
1.098053217e+00
1.100154757e+00
1.070429206e+00
1.044585109e+00
1.042917848e+00
1.145650268e+00
1.180165291e+00
1.134583354e+00
1.111193776e+00
1.090519071e+00
1.086489439e+00
1.125793576e+00
1.125064015e+00
1.147169232e+00
1.121909738e+00
1.092065334e+00
1.004052520e+00
9.429055452e-01
8.764437437e-01
8.666023612e-01
8.972926140e-01
8.759477735e-01
8.485560417e-01
8.840356469e-01
9.310206175e-01
8.619594574e-01
8.598572612e-01
9.089151025e-01
9.646596313e-01
9.384083152e-01
8.740777373e-01
8.393280506e-01
8.803855777e-01
9.478408098e-01
1.021457195e+00
1.036260605e+00
1.038217425e+00
1.018360019e+00
9.340280294e-01
7.886932492e-01
7.868240476e-01
8.404962420e-01
8.243184686e-01
7.523371577e-01
8.329042196e-01
9.432856441e-01
9.276915193e-01
7.944456935e-01
7.122153044e-01
7.980663180e-01
9.441903234e-01
9.569810629e-01
8.637987971e-01
7.977745533e-01
8.821961880e-01
9.421468973e-01
9.327436090e-01
8.270633817e-01
8.534911871e-01
8.522934318e-01
8.519145250e-01
8.570536971e-01
9.184929132e-01
9.471399784e-01
8.809697628e-01
9.316341877e-01
9.781805277e-01
9.566592574e-01
1.002855420e+00
1.090224981e+00
