4.352069497e-01
4.392057061e-01
4.397040606e-01
4.281889200e-01
4.160209298e-01
4.060776830e-01
3.950920105e-01
3.946249783e-01
4.057354331e-01
3.917003572e-01
3.731836677e-01
3.462174237e-01
3.644229174e-01
3.865029216e-01
3.763110638e-01
3.734791279e-01
3.563620448e-01
3.494223952e-01
3.610145748e-01
3.705221117e-01
3.637686670e-01
3.491269350e-01
3.452523947e-01
3.381101489e-01
3.365232646e-01
3.293653131e-01
3.250704706e-01
3.165122569e-01
3.081409335e-01
3.037685454e-01
2.918803990e-01
2.992404997e-01
3.115172088e-01
3.161696792e-01
3.093078732e-01
2.877886295e-01
2.618813515e-01
2.569335401e-01
2.709839940e-01
2.753876150e-01
2.833227813e-01
2.679184675e-01
2.738003731e-01
2.587077022e-01
2.410160154e-01
2.394133508e-01
2.565603852e-01
2.646977305e-01
2.489361018e-01
2.247712761e-01
2.268407792e-01
2.374060750e-01
2.335471660e-01
2.212858498e-01
2.220016122e-01
2.176759094e-01
2.150773853e-01
2.093045861e-01
2.114518732e-01
2.077330202e-01
1.949737519e-01
1.968565136e-01
1.906324923e-01
1.870847791e-01
1.918772906e-01
2.002952993e-01
1.961096376e-01
1.985214502e-01
2.009955049e-01
1.837393641e-01
1.720381826e-01
1.608971655e-01
1.570382565e-01
1.702020913e-01
1.725983471e-01
1.533038467e-01
1.454926729e-01
1.547353715e-01
1.568048596e-01
1.630755812e-01
1.523546726e-01
1.374947876e-01
1.197563037e-01
1.152438819e-01
1.245799288e-01
1.226037964e-01
1.326089352e-01
1.240820065e-01
1.280498356e-01
1.079150811e-01
9.937259555e-02
1.173911691e-01
1.202697903e-01
1.159907654e-01
1.045229807e-01
9.294627607e-02
8.793593198e-02
9.212159365e-02
9.598049521e-02
8.502619714e-02
7.925340533e-02
7.589242607e-02
6.778562069e-02
9.896802902e-02
8.502619714e-02
8.347018808e-02
7.208020240e-02
5.343922228e-02
4.590813816e-02
4.836663231e-02
5.914977193e-02
6.593397260e-02
4.355856776e-02
3.285322711e-02
2.832524292e-02
2.460638247e-02
2.536882646e-02
1.715310290e-02
3.540508077e-02
3.721005097e-02
3.767685592e-02
2.894764766e-02
3.185738251e-02
2.337713540e-02
1.606389694e-02
4.067070317e-03
1.788442582e-02
2.301925421e-02
1.604833640e-02
-1.783521613e-03
-8.785559796e-03
-9.625804611e-03
6.525564007e-03
9.513100609e-03
-3.775212448e-03
-1.914857700e-02
-3.365057707e-02
-1.897741668e-02
-9.112321772e-03
-1.021077391e-03
-6.233706139e-03
-1.609879918e-02
-6.062544882e-03
-7.098757196e-04
-1.765480824e-02
-2.428340539e-02
-4.343786836e-02
-4.746793211e-02
-4.020137340e-02
-4.612976313e-02
-3.925220668e-02
-5.135795474e-02
-4.440259561e-02
-4.009245336e-02
-5.471893027e-02
-7.054353505e-02
-7.220846415e-02
-7.737441361e-02
-8.107771724e-02
-6.528422982e-02
-6.722924113e-02
-6.340146065e-02
-6.267013401e-02
-6.617115438e-02
-8.429865539e-02
-8.221360296e-02
-9.505067021e-02
-1.043089256e-01
-1.072030962e-01
-1.063628569e-01
-1.073431373e-01
-9.805376828e-02
-9.352578223e-02
-1.026751176e-01
-1.032352746e-01
-1.200401708e-01
-1.228565425e-01
-1.185152829e-01
-1.170526296e-01
-1.129447743e-01
-1.198067665e-01
-1.205069721e-01
-1.191999242e-01
-1.194022074e-01
-1.332195550e-01
-1.490441710e-01
-1.586603075e-01
-1.457298845e-01
-1.379342824e-01
-1.344487965e-01
-1.318502873e-01
-1.485462487e-01
-1.621457636e-01
-1.609632075e-01
-1.555638462e-01
-1.571665406e-01
-1.575244218e-01
-1.644175351e-01
-1.553615779e-01
-1.479238570e-01
-1.798064709e-01
-1.795730591e-01
-1.927057803e-01
-2.100863904e-01
-1.965646744e-01
-1.801643521e-01
-1.952731907e-01
-1.917410493e-01
-1.893447936e-01
-1.965958029e-01
-2.006569803e-01
-2.034266740e-01
-2.086548656e-01
-2.024308294e-01
-2.077212632e-01
-2.174307555e-01
-2.178353071e-01
-2.295676172e-01
-2.268601656e-01
-2.189089656e-01
-2.367408425e-01
-2.530011237e-01
-2.423269153e-01
-2.354960442e-01
-2.368497699e-01
-2.654187679e-01
-2.597234249e-01
-2.561911047e-01
-2.562999427e-01
-2.472749949e-01
-2.522386611e-01
-2.587431967e-01
-2.505270839e-01
-2.689198554e-01
-2.681263387e-01
-2.599414289e-01
-2.545260191e-01
-2.693865299e-01
-2.670058310e-01
-2.828308046e-01
-2.849625349e-01
-2.862228453e-01
-2.909998000e-01
-2.924314439e-01
-2.762178183e-01
-2.856626213e-01
-2.940963209e-01
-3.041952252e-01
-3.008031845e-01
-3.101234436e-01
-3.063889444e-01
-3.108086288e-01
-3.002738953e-01
-3.006474674e-01
-3.160055876e-01
-3.055487275e-01
8.441934735e-02
1.749386978e+01
4.799903870e+01
5.786351013e+01
4.570047379e+01
2.807181358e+01
1.644686699e+01
1.196360874e+01
1.095185089e+01
1.010925674e+01
8.709817886e+00
7.363535404e+00
6.430885315e+00
5.882944107e+00
5.468705177e+00
5.214322090e+00
5.183779716e+00
4.918577671e+00
4.766231537e+00
4.988429546e+00
5.579387188e+00
5.763254642e+00
5.649685383e+00
5.370919704e+00
5.208582401e+00
4.976339340e+00
4.615649700e+00
4.379330158e+00
4.246384621e+00
4.117702007e+00
4.028347492e+00
3.803613663e+00
3.450926781e+00
2.680570364e+00
2.356886625e+00
2.453345060e+00
2.727717400e+00
2.850161314e+00
2.886280537e+00
2.770877838e+00
2.765619516e+00
2.778550863e+00
2.691557407e+00
2.657896519e+00
2.595156193e+00
2.494752407e+00
2.426455736e+00
2.394432068e+00
2.434609175e+00
2.333051443e+00
2.289048433e+00
2.212352753e+00
2.227615833e+00
2.170408249e+00
2.199424744e+00
2.099857330e+00
2.079536915e+00
2.058223486e+00
1.978941321e+00
1.942888141e+00
1.917835951e+00
1.909837127e+00
1.932665229e+00
1.913774729e+00
1.924901247e+00
1.829406500e+00
1.837326169e+00
1.796916842e+00
1.788560867e+00
1.715490937e+00
1.747265100e+00
1.677835464e+00
1.686843276e+00
1.692242622e+00
1.629348993e+00
1.621630549e+00
1.626299024e+00
1.631278038e+00
1.622237325e+00
1.587927818e+00
1.615983605e+00
1.505425572e+00
1.518637300e+00
1.487718701e+00
1.532860041e+00
1.485869527e+00
1.491795897e+00
1.422790647e+00
1.463585258e+00
1.498175621e+00
1.425093055e+00
1.386519551e+00
1.382583141e+00
1.350064278e+00
1.336603761e+00
1.322708845e+00
1.384541988e+00
1.293908596e+00
1.291884780e+00
1.296879888e+00
1.324654579e+00
1.260187984e+00
1.276821733e+00
1.207517505e+00
1.266428590e+00
1.313763022e+00
1.251180649e+00
1.225098491e+00
1.215871811e+00
1.182185769e+00
1.161568403e+00
1.164977551e+00
1.227746367e+00
1.169878960e+00
1.224460363e+00
1.193995357e+00
1.201059937e+00
1.131988406e+00
1.170157552e+00
1.086582184e+00
1.095996261e+00
1.139070153e+00
1.087780714e+00
1.093087912e+00
1.100587964e+00
1.085087895e+00
1.055895925e+00
1.041890621e+00
1.115478396e+00
1.071051478e+00
1.114513755e+00
1.071783066e+00
1.059926510e+00
9.956463575e-01
1.042731404e+00
9.765539765e-01
1.012996078e+00
1.048162103e+00
9.779858589e-01
9.645574093e-01
9.617720246e-01
9.638416171e-01
9.852523208e-01
9.844279885e-01
1.024667144e+00
9.537892342e-01
9.970937967e-01
9.855167270e-01
1.015360951e+00
9.505373836e-01
9.847385883e-01
9.320825338e-01
9.665330648e-01
9.815641046e-01
8.902416825e-01
8.815279603e-01
9.001069069e-01
8.857910633e-01
8.961232901e-01
8.835969567e-01
9.591107965e-01
8.968548775e-01
9.310254455e-01
9.062685966e-01
9.578042030e-01
9.301378727e-01
9.728667140e-01
9.007293582e-01
9.338256121e-01
9.558430314e-01
8.869584203e-01
8.869583011e-01
8.956410885e-01
8.873630762e-01
9.005116224e-01
9.012272358e-01
9.834788442e-01
9.162268043e-01
9.219527841e-01
8.811855912e-01
9.292511940e-01
9.199301004e-01
9.669537544e-01
8.705739975e-01
8.777001500e-01
9.115275145e-01
8.594483137e-01
8.738561869e-01
8.936801553e-01
8.980375528e-01
8.966057897e-01
8.717876673e-01
9.434890747e-01
8.816059828e-01
9.400817752e-01
9.166003466e-01
9.388985634e-01
8.933694363e-01
9.254549146e-01
8.373059630e-01
8.289356828e-01
8.576276302e-01
8.083498478e-01
8.422690034e-01
8.955006599e-01
9.269012809e-01
9.491835833e-01
9.023472071e-01
9.321613312e-01
8.804856539e-01
9.241468906e-01
9.029540420e-01
9.237576723e-01
8.875341415e-01
9.210506678e-01
8.544058800e-01
8.813257813e-01
9.400653243e-01
9.193543792e-01
9.555634260e-01
9.586912394e-01
9.313514829e-01
9.099564552e-01
8.860555887e-01
9.311187863e-01
8.582969904e-01
9.043855667e-01
8.981148601e-01
9.589399695e-01
9.240223169e-01
9.650087953e-01
8.799096942e-01
9.202416539e-01
9.803821445e-01
9.501334429e-01
9.499155879e-01
9.395354390e-01
9.084469080e-01
9.010094404e-01
8.774819374e-01
9.260451198e-01
8.614864349e-01
9.140482545e-01
8.983641863e-01
9.219844341e-01
8.733431101e-01
9.022532701e-01
8.482141495e-01
8.715687394e-01
8.992980719e-01
8.370572329e-01
8.791627884e-01
9.070625305e-01
8.967772126e-01
8.839859366e-01
8.257459998e-01
8.832544088e-01
8.142166138e-01
8.557758927e-01
8.181836605e-01
8.492563367e-01
8.275820017e-01
8.672586083e-01
8.137958646e-01
8.493647575e-01
8.803455234e-01
8.277059793e-01
8.498782516e-01
8.465948105e-01
8.216217160e-01
8.130489588e-01
7.969292402e-01
8.431876302e-01
7.813071609e-01
8.126755357e-01
7.614838481e-01
7.921210527e-01
7.753320336e-01
8.290600777e-01
7.406800985e-01
7.587450147e-01
8.156319261e-01
7.620909214e-01
7.725003958e-01
7.714731693e-01
7.587921619e-01
7.658249736e-01
7.546375394e-01
8.056118488e-01
7.250589132e-01
7.539217472e-01
7.407581806e-01
7.712709904e-01
7.254467010e-01
7.491599917e-01
6.802310348e-01
7.193949223e-01
7.577341199e-01
7.038503885e-01
7.153017521e-01
7.177453041e-01
6.980625987e-01
6.990431547e-01
6.898461580e-01
7.767948508e-01
7.045978308e-01
7.298212647e-01
7.067611814e-01
7.285917401e-01
7.055004835e-01
7.623094916e-01
7.001160979e-01
7.237997055e-01
7.527865767e-01
6.886803508e-01
7.180422544e-01
7.406657934e-01
7.186644077e-01
6.951376796e-01
6.826115847e-01
7.465468645e-01
6.935346127e-01
7.285919785e-01
6.980317235e-01
7.253555059e-01
7.041162252e-01
7.624490261e-01
6.947012544e-01
7.090020776e-01
7.537513375e-01
7.086908817e-01
7.108536363e-01
7.097175121e-01
7.086595297e-01
7.373202443e-01
7.268329859e-01
7.841232419e-01
7.028390765e-01
7.561467290e-01
7.550107241e-01
7.847150564e-01
7.368069887e-01
7.805759311e-01
7.274867296e-01
7.800937891e-01
8.130183220e-01
7.280312181e-01
7.221503854e-01
7.434194088e-01
7.523364425e-01
7.500955462e-01
7.054693699e-01
7.748497128e-01
7.299445271e-01
7.696216106e-01
7.470284104e-01
7.520076036e-01
7.059519291e-01
7.649537325e-01
7.144791484e-01
7.326201200e-01
7.618882656e-01
7.104178071e-01
7.429519892e-01
7.652959228e-01
7.427042723e-01
7.175280452e-01
7.099506259e-01
7.852280140e-01
7.418782711e-01
7.603320479e-01
7.195806503e-01
7.537505627e-01
7.286363840e-01
7.779608369e-01
7.125806808e-01
7.451927662e-01
7.771990299e-01
7.304110527e-01
7.144939303e-01
7.159560919e-01
7.200481892e-01
7.533617020e-01
7.487244606e-01
7.955757380e-01
7.139651775e-01
7.265527844e-01
6.828921437e-01
7.093279958e-01
6.696504951e-01
7.195648551e-01
6.481767297e-01
6.777727604e-01
7.264435887e-01
6.885860562e-01
7.223210335e-01
7.475262880e-01
7.128604054e-01
6.777409315e-01
6.408632398e-01
6.994317770e-01
6.336127520e-01
6.599085927e-01
6.082816720e-01
6.509923935e-01
6.373779178e-01
6.975806355e-01
6.246968508e-01
6.453603506e-01
6.656040549e-01
6.141942739e-01
6.403815150e-01
6.598155499e-01
6.331607699e-01
6.424037218e-01
6.282747984e-01
6.879489422e-01
5.975602865e-01
6.115806699e-01
5.706735253e-01
5.982910991e-01
5.826233029e-01
6.348881721e-01
5.505228639e-01
5.742674470e-01
6.172741652e-01
5.713427663e-01
5.752946734e-01
5.757924318e-01
5.560467243e-01
5.610881448e-01
5.467264652e-01
6.025854349e-01
5.395228863e-01
5.698331594e-01
5.457934737e-01
5.768510103e-01
5.526234508e-01
5.853148699e-01
5.197143555e-01
5.455133915e-01
5.845835209e-01
5.328164697e-01
5.346992612e-01
5.300150514e-01
5.196512938e-01
5.344346166e-01
5.317892432e-01
6.015592217e-01
5.250981450e-01
5.577893257e-01
5.211464167e-01
5.335476398e-01
4.889356196e-01
5.420125723e-01
4.867259562e-01
4.998899996e-01
5.232158899e-01
4.625925124e-01
4.717261791e-01
5.035156608e-01
4.904917479e-01
5.071411729e-01
5.007768273e-01
5.757147670e-01
5.085567832e-01
5.287236571e-01
4.875975251e-01
5.136139989e-01
5.031112432e-01
5.587847829e-01
4.880486429e-01
5.140342116e-01
5.430859923e-01
4.833964109e-01
4.879556894e-01
4.863681495e-01
4.822757840e-01
4.913009405e-01
4.785884023e-01
5.113425851e-01
4.217937887e-01
4.499577880e-01
4.452585280e-01
4.860106409e-01
4.593560994e-01
5.220807195e-01
4.624059200e-01
4.805642962e-01
4.969494343e-01
4.155856967e-01
4.422244430e-01
4.546728730e-01
4.570222497e-01
4.674784541e-01
4.413841963e-01
4.960933328e-01
4.237385690e-01
4.544856548e-01
4.215134084e-01
4.436564445e-01
4.130332768e-01
4.474217892e-01
3.779753745e-01
3.927115798e-01
4.400773346e-01
3.973332942e-01
4.309119582e-01
4.545170069e-01
4.499267340e-01
4.546879232e-01
4.203778803e-01
4.636973441e-01
3.796717823e-01
4.245480597e-01
4.068561792e-01
4.366075993e-01
3.973952234e-01
4.554974139e-01
3.777268529e-01
3.866277635e-01
4.233342409e-01
3.716270328e-01
4.109328687e-01
4.214050472e-01
4.170947671e-01
4.271310866e-01
4.184018672e-01
4.545944631e-01
3.593190312e-01
3.867205083e-01
3.680482209e-01
3.999000788e-01
3.497956991e-01
3.795316219e-01
2.981204093e-01
3.218181133e-01
3.637068570e-01
3.112223148e-01
3.245724440e-01
3.357291520e-01
3.309368789e-01
3.216008246e-01
2.960661650e-01
3.472285867e-01
2.746407390e-01
3.215382695e-01
3.021969199e-01
3.290848136e-01
3.054493964e-01
3.650143147e-01
2.946669161e-01
3.145981729e-01
3.413773775e-01
2.850189507e-01
2.781568766e-01
2.943235040e-01
2.815959156e-01
2.909785211e-01
2.687434554e-01
3.253349364e-01
2.478002459e-01
2.923943102e-01
2.663625181e-01
2.870728672e-01
2.714351118e-01
3.116737306e-01
2.527483106e-01
2.460730374e-01
2.640911043e-01
2.215348184e-01
2.564672232e-01
2.527171969e-01
2.424008846e-01
2.452172637e-01
2.492006123e-01
3.060565591e-01
2.395222485e-01
2.810669839e-01
2.642777860e-01
2.713730633e-01
2.262495160e-01
2.681831717e-01
2.017423809e-01
2.241644710e-01
2.517991364e-01
1.992060989e-01
2.173024714e-01
2.362235337e-01
2.195586860e-01
2.238688320e-01
1.985370070e-01
2.556735277e-01
1.920328885e-01
2.327069491e-01
1.929509342e-01
2.060369700e-01
1.671678722e-01
2.260938883e-01
1.722093374e-01
1.909903735e-01
2.377639562e-01
1.862445474e-01
1.878939122e-01
1.955650300e-01
1.938067377e-01
2.198076397e-01
1.993772537e-01
2.309331000e-01
1.398288012e-01
1.798649132e-01
1.742943972e-01
2.060992122e-01
1.859800220e-01
2.271831632e-01
1.561668962e-01
1.922818571e-01
2.391799241e-01
1.954405457e-01
2.054456919e-01
2.271986902e-01
2.142993808e-01
1.937911808e-01
1.495849788e-01
2.122921199e-01
1.588276774e-01
1.917216927e-01
1.605548412e-01
1.824167669e-01
1.494293809e-01
1.790557802e-01
1.360632777e-01
1.728784293e-01
2.217059731e-01
1.655185074e-01
1.802539080e-01
1.903990805e-01
1.615817994e-01
1.725049913e-01
1.543930471e-01
2.245845944e-01
1.484802216e-01
1.737497896e-01
1.330446154e-01
1.417115778e-01
1.144969985e-01
1.674323976e-01
1.206743494e-01
1.601814032e-01
1.758815199e-01
1.201297492e-01
1.401088983e-01
1.459128112e-01
1.220436394e-01
1.183870137e-01
1.203631461e-01
1.848596931e-01
1.374481320e-01
1.667633206e-01
1.163797677e-01
1.232106462e-01
9.493796527e-02
1.498028189e-01
8.477723598e-02
1.026402116e-01
1.220903173e-01
6.059686095e-02
7.573682070e-02
8.040484786e-02
8.247434348e-02
9.951263666e-02
8.094945550e-02
1.333402544e-01
5.712696165e-02
7.785299420e-02
7.220468670e-02
1.191961393e-01
8.832493424e-02
1.200986281e-01
5.518195033e-02
8.158741891e-02
1.280809641e-01
6.935718656e-02
7.204908133e-02
7.743287086e-02
4.231375828e-02
4.324736446e-02
2.345493622e-02
8.339238167e-02
1.825786754e-02
6.255742908e-02
4.505233467e-02
7.771295309e-02
5.459066853e-02
1.114005372e-01
2.497982420e-02
2.809184231e-02
5.511971191e-02
-1.902409643e-02
-1.276894193e-02
6.354403216e-03
-1.731248759e-02
-2.230727486e-02
-2.562157251e-02
2.999017201e-02
-2.862466872e-02
8.641735651e-03
-2.818898670e-02
-3.526251065e-03
-2.890475094e-02
3.305551037e-02
-4.561628029e-02
-3.964120895e-02
-1.816829108e-02
-6.481742859e-02
-6.005604193e-02
-5.022206530e-02
-5.695958436e-02
-6.103632599e-02
-7.910158485e-02
-2.392552234e-02
-7.754557580e-02
-5.996267870e-02
-7.622297108e-02
-1.851061359e-02
-3.517546505e-02
2.199228853e-02
-6.159649044e-02
-5.362972617e-02
-3.296593204e-02
-9.632659703e-02
-9.186085314e-02
-6.351038069e-02
-7.581840456e-02
-6.067844480e-02
-8.540342003e-02
-3.352609649e-02
-1.045267656e-01
-8.152896166e-02
-1.255484372e-01
-8.467209339e-02
-1.009946242e-01
-4.304886609e-02
-1.289405525e-01
-1.082145050e-01
-9.140961617e-02
-1.409684867e-01
-1.022083089e-01
-7.398232073e-02
-8.643038571e-02
-1.087279841e-01
-1.382921636e-01
-8.968244493e-02
-1.583491117e-01
-1.051180512e-01
-1.290183514e-01
-9.393034875e-02
-1.108130366e-01
-3.833416104e-02
-1.076232195e-01
-9.064716846e-02
-7.001449913e-02
-1.281469762e-01
-1.170526296e-01
-1.050091237e-01
-1.154343784e-01
-1.107819155e-01
-1.092414707e-01
