1.719011217e-01
5.623154715e-02
6.944999844e-02
1.309728920e-01
1.581278294e-01
1.374026090e-01
1.351832151e-01
1.382512003e-01
1.278722733e-01
1.318867654e-01
1.479773670e-01
1.458558887e-01
1.355748624e-01
1.196474582e-01
1.391977072e-01
1.431142837e-01
1.588458568e-01
1.647207290e-01
1.516001970e-01
1.648839265e-01
1.861966252e-01
1.694858968e-01
1.732392907e-01
1.603798568e-01
1.577688009e-01
1.426573396e-01
1.569854915e-01
1.804849505e-01
1.898521036e-01
1.637089401e-01
1.484669298e-01
1.125976145e-01
1.291777939e-01
1.640679687e-01
1.578667164e-01
1.350526661e-01
1.161878109e-01
1.278396249e-01
1.375005245e-01
1.406011432e-01
1.393282562e-01
1.113900095e-01
1.244126260e-01
1.293409914e-01
1.141316071e-01
1.131851077e-01
1.230418235e-01
1.528730839e-01
1.427226216e-01
1.225848868e-01
1.007173359e-01
1.103782281e-01
1.293409914e-01
1.224216968e-01
1.154371351e-01
1.151433960e-01
1.289819628e-01
1.357380599e-01
1.257834285e-01
1.094643548e-01
1.055477783e-01
1.453663111e-01
1.568875760e-01
1.525140703e-01
1.434732974e-01
1.155024096e-01
9.552787244e-02
1.235966682e-01
1.150454804e-01
1.089095101e-01
1.170037687e-01
1.223890632e-01
1.363908201e-01
1.496419013e-01
1.677560806e-01
1.818557531e-01
1.656672359e-01
1.389039606e-01
1.280354559e-01
1.297979206e-01
1.645248979e-01
1.812029928e-01
1.336818635e-01
1.052213982e-01
1.032304689e-01
1.089095101e-01
1.171669587e-01
1.198432818e-01
1.480752826e-01
1.635783911e-01
1.398504674e-01
1.291125119e-01
1.232050136e-01
1.277090758e-01
1.134462133e-01
7.441098988e-02
7.486792654e-02
1.006194204e-01
1.349547505e-01
1.374352425e-01
1.027408987e-01
8.665029705e-02
8.371286094e-02
1.039158702e-01
1.284271181e-01
1.366845667e-01
1.387407631e-01
1.265014708e-01
1.132177413e-01
1.140336990e-01
1.100844815e-01
1.140989736e-01
1.143274382e-01
1.185703948e-01
1.166773885e-01
1.245431751e-01
1.352811307e-01
1.362929046e-01
1.177544445e-01
1.307117790e-01
1.247716472e-01
1.198432818e-01
1.104435027e-01
1.215078309e-01
1.218015701e-01
1.491523385e-01
1.484016627e-01
1.484016627e-01
1.203002185e-01
1.026429832e-01
1.466065645e-01
1.768947542e-01
1.862619072e-01
1.672665030e-01
1.480100006e-01
1.358359754e-01
1.273826957e-01
1.394588053e-01
1.294388920e-01
1.247390062e-01
1.210835353e-01
1.483363807e-01
1.632193774e-01
1.534932107e-01
1.402421296e-01
1.305159628e-01
1.029040888e-01
1.005867794e-01
1.123365164e-01
1.189946905e-01
1.355748624e-01
1.463780999e-01
1.416129321e-01
1.348568350e-01
1.474225074e-01
1.711504459e-01
1.821494997e-01
1.951394826e-01
1.920062155e-01
1.693227142e-01
1.594659835e-01
1.428858191e-01
1.240536049e-01
1.377616227e-01
1.809418797e-01
1.945846230e-01
1.829001755e-01
1.645901799e-01
1.659609824e-01
1.576708853e-01
1.069185808e-01
1.019575819e-01
1.403726786e-01
1.605430543e-01
1.555167735e-01
1.384470314e-01
1.486627609e-01
1.403073967e-01
1.353790462e-01
1.223890632e-01
1.363581866e-01
1.251959354e-01
1.390345097e-01
1.582257450e-01
1.750670224e-01
1.600861102e-01
1.528730839e-01
1.579319984e-01
1.715420932e-01
1.835855693e-01
1.857396960e-01
1.715420932e-01
1.628929973e-01
1.371088624e-01
1.619791240e-01
1.484669298e-01
1.459864378e-01
1.453663111e-01
1.373373270e-01
1.507516056e-01
1.861639917e-01
1.897215396e-01
2.023851424e-01
2.131883651e-01
1.918103844e-01
1.703018546e-01
1.790488660e-01
1.764051765e-01
1.703018546e-01
1.802564859e-01
1.674623340e-01
1.665484607e-01
1.785266697e-01
1.752954870e-01
2.074114233e-01
1.841077805e-01
1.574097872e-01
1.663199961e-01
1.947151870e-01
1.848584563e-01
1.898521036e-01
1.667769253e-01
1.376637071e-01
1.488259584e-01
1.546029001e-01
1.884813011e-01
1.976852566e-01
2.120133936e-01
1.994803548e-01
1.934749335e-01
1.919735819e-01
2.056163251e-01
1.823453307e-01
1.675928831e-01
1.760787964e-01
1.869473010e-01
1.946499050e-01
1.653082222e-01
1.676581651e-01
1.795710772e-01
1.779718101e-01
1.916798353e-01
1.884813011e-01
1.794731617e-01
1.990886927e-01
2.215110958e-01
2.466098219e-01
2.421057671e-01
1.987296790e-01
1.911576241e-01
2.057142407e-01
2.027768046e-01
1.846299917e-01
1.796037257e-01
2.791498899e-01
6.149984598e-01
1.326444626e+00
5.178514481e+01
2.456120605e+02
3.999826965e+02
3.828656311e+02
2.650157776e+02
1.575287323e+02
1.038836746e+02
8.823786926e+01
8.238858795e+01
7.385575867e+01
6.257949829e+01
5.296153641e+01
4.699895477e+01
4.368496704e+01
4.205042648e+01
4.108453369e+01
4.013782120e+01
3.874832916e+01
3.729936600e+01
3.570322037e+01
3.447586441e+01
3.386806870e+01
3.345708084e+01
3.269886398e+01
3.223439789e+01
3.220943069e+01
3.194945908e+01
3.138644028e+01
3.075326347e+01
3.043325424e+01
3.001738358e+01
2.948217201e+01
2.924938774e+01
2.898589134e+01
2.878482819e+01
2.859023666e+01
2.838027573e+01
2.774266815e+01
2.718684196e+01
2.671274376e+01
2.621159744e+01
2.601354408e+01
2.576744080e+01
2.537439156e+01
2.494464111e+01
2.474207306e+01
2.455361176e+01
2.431000519e+01
2.436360168e+01
2.436621284e+01
2.418869400e+01
2.367093468e+01
2.339025497e+01
2.293148804e+01
2.255515480e+01
2.240115166e+01
2.240583420e+01
2.233947754e+01
2.202354813e+01
2.182198715e+01
2.159139061e+01
2.102267075e+01
2.055083847e+01
2.055064201e+01
2.055181313e+01
2.025654030e+01
2.008489990e+01
1.994533157e+01
1.984559250e+01
1.951276588e+01
1.945475960e+01
1.920578384e+01
1.879200935e+01
1.861468697e+01
1.870338821e+01
1.844131660e+01
1.815960884e+01
1.809884834e+01
1.834699249e+01
1.824045372e+01
1.778612709e+01
1.712269020e+01
1.689677238e+01
1.701711082e+01
1.722266006e+01
1.684710121e+01
1.628252602e+01
1.583296490e+01
1.585447598e+01
1.614482689e+01
1.609576988e+01
1.575795269e+01
1.549292850e+01
1.540020180e+01
1.543091393e+01
1.525923920e+01
1.534900093e+01
1.523728275e+01
1.521554375e+01
1.487141037e+01
1.447096920e+01
1.431997967e+01
1.461238670e+01
1.470461941e+01
1.439326191e+01
1.389078140e+01
1.364325142e+01
1.377301884e+01
1.372027016e+01
1.359748936e+01
1.356847763e+01
1.363740730e+01
1.381772518e+01
1.353920555e+01
1.298088551e+01
1.269755554e+01
1.263401127e+01
1.254924583e+01
1.258576965e+01
1.231303310e+01
1.211822414e+01
1.210761547e+01
1.212188244e+01
1.209074688e+01
1.198333549e+01
1.189974499e+01
1.178913403e+01
1.163920307e+01
1.173910236e+01
1.147313976e+01
1.109590244e+01
1.082716179e+01
1.090052605e+01
1.099386883e+01
1.118145657e+01
1.110050011e+01
1.090196037e+01
1.071529484e+01
1.049302101e+01
1.037396431e+01
1.028237629e+01
1.012239647e+01
1.001808643e+01
1.004001713e+01
1.015734577e+01
1.012944221e+01
1.004563141e+01
9.864966393e+00
1.000056362e+01
1.012164497e+01
1.006309223e+01
9.617901802e+00
9.239542961e+00
9.092471123e+00
9.027612686e+00
9.191858292e+00
9.340583801e+00
9.444140434e+00
9.473356247e+00
9.126090050e+00
8.831239700e+00
8.748279572e+00
8.963617325e+00
8.884208679e+00
8.692786217e+00
8.456136703e+00
8.531856537e+00
8.524610519e+00
8.395851135e+00
8.374898911e+00
8.189913750e+00
8.037299156e+00
8.166191101e+00
8.300026894e+00
8.414615631e+00
8.369219780e+00
8.258056641e+00
8.118926048e+00
8.222969055e+00
8.169929504e+00
7.961124420e+00
7.612049103e+00
7.511718750e+00
7.493246555e+00
7.649062157e+00
7.791136742e+00
7.575754642e+00
7.335448265e+00
7.392563820e+00
7.433324814e+00
7.216413021e+00
6.975186348e+00
7.117550850e+00
7.059292793e+00
7.044867992e+00
7.012359142e+00
6.922214508e+00
6.762221336e+00
6.908209801e+00
6.986898422e+00
6.946166039e+00
6.853601933e+00
6.655788422e+00
6.568321228e+00
6.527885914e+00
6.500665665e+00
6.627203465e+00
6.712161541e+00
6.772279263e+00
6.574295998e+00
6.420930386e+00
6.174578667e+00
5.969624519e+00
5.840830326e+00
6.025079727e+00
6.222530365e+00
6.303729057e+00
6.395507336e+00
6.070610046e+00
5.725684166e+00
5.828174114e+00
6.147714615e+00
6.178328991e+00
5.759269714e+00
5.633807659e+00
5.621172905e+00
5.740434647e+00
5.777021885e+00
5.882710457e+00
5.782376289e+00
5.788969517e+00
5.793113232e+00
5.780188560e+00
5.820201874e+00
5.773824215e+00
5.693369389e+00
5.516537666e+00
5.288009644e+00
5.252295494e+00
5.295310497e+00
5.520488262e+00
5.499567032e+00
5.400929451e+00
5.067303181e+00
4.901043892e+00
4.824536800e+00
4.984755516e+00
5.054602146e+00
5.101270676e+00
5.126110077e+00
4.918959141e+00
4.885668278e+00
5.122944355e+00
5.158132076e+00
5.042949200e+00
4.689625263e+00
4.638056755e+00
4.697886467e+00
4.791988373e+00
4.630129814e+00
4.607640266e+00
4.615574360e+00
4.779551506e+00
4.677652836e+00
4.489592075e+00
4.542398453e+00
4.568280697e+00
4.628336906e+00
4.625624657e+00
4.516848087e+00
4.468965530e+00
4.373990536e+00
4.362405300e+00
4.292560577e+00
4.361493587e+00
4.376802921e+00
4.442984581e+00
4.311099052e+00
4.187761307e+00
4.084625244e+00
4.119547844e+00
4.284762383e+00
4.132242203e+00
3.963012218e+00
3.971138716e+00
4.022382259e+00
4.000709057e+00
3.981652737e+00
4.134856224e+00
4.007470608e+00
3.916507006e+00
3.755666256e+00
3.811054230e+00
3.837131500e+00
4.036645889e+00
4.134526253e+00
4.083840370e+00
3.901427269e+00
3.733408689e+00
3.819964886e+00
3.760758400e+00
3.569367170e+00
3.427158356e+00
3.367888451e+00
3.539502382e+00
3.489660740e+00
3.449712276e+00
3.373663425e+00
3.386005640e+00
3.391391039e+00
3.454607964e+00
3.366418600e+00
3.317530870e+00
3.496809006e+00
3.666532040e+00
3.624166727e+00
3.539076090e+00
3.514043093e+00
3.514013052e+00
3.461887836e+00
3.559737921e+00
3.447821856e+00
3.458819866e+00
3.363194704e+00
3.176696301e+00
3.064027786e+00
3.410807610e+00
3.566528797e+00
3.522139311e+00
3.398339748e+00
3.271219492e+00
3.178006887e+00
3.080186844e+00
2.966178179e+00
3.032990456e+00
3.075718403e+00
3.216902971e+00
3.182604313e+00
3.189590931e+00
2.980604887e+00
2.975121975e+00
3.116384506e+00
3.396348476e+00
3.390178204e+00
3.276177883e+00
3.162698030e+00
2.995556116e+00
2.951523066e+00
3.020196438e+00
3.068633318e+00
3.111194611e+00
2.988079548e+00
3.108128548e+00
3.108517647e+00
3.155256033e+00
3.094579220e+00
2.979135036e+00
2.823130846e+00
2.891991138e+00
2.962920427e+00
3.049671173e+00
3.043634176e+00
2.780606508e+00
2.675578356e+00
2.786839247e+00
3.023267508e+00
3.238510370e+00
3.080349922e+00
2.885431051e+00
2.670192719e+00
2.805245161e+00
2.827307940e+00
3.044740677e+00
3.207997799e+00
3.322586298e+00
3.106005192e+00
2.827237129e+00
2.744865656e+00
2.740820408e+00
2.944603443e+00
3.125980139e+00
3.023559570e+00
2.863008022e+00
2.624695539e+00
2.618457079e+00
2.570220470e+00
2.706871748e+00
2.808045864e+00
2.931024790e+00
2.803280830e+00
2.761209249e+00
2.661215067e+00
2.683344841e+00
2.809193373e+00
2.752567768e+00
2.699269056e+00
2.692447186e+00
2.719536304e+00
2.843751431e+00
2.840682983e+00
2.987627029e+00
2.903055429e+00
2.722409964e+00
2.414935350e+00
2.451292753e+00
2.553611755e+00
2.652473211e+00
2.554719448e+00
2.442972898e+00
2.554262400e+00
2.496458292e+00
2.448157310e+00
2.403117657e+00
2.253765583e+00
2.287937164e+00
2.321360826e+00
2.470972538e+00
2.355895042e+00
2.444014311e+00
2.580962420e+00
2.672246695e+00
2.566987276e+00
2.509418249e+00
2.315944433e+00
2.197006941e+00
2.315582752e+00
2.402854681e+00
2.436995029e+00
2.539117813e+00
2.544408321e+00
2.497832537e+00
2.268649101e+00
2.293619394e+00
2.265323162e+00
2.268160582e+00
2.221061707e+00
2.318158627e+00
2.305529118e+00
2.438199282e+00
2.393944502e+00
2.304977417e+00
2.350473881e+00
2.311992168e+00
2.196090937e+00
2.161329269e+00
2.174812317e+00
2.134861469e+00
2.052808285e+00
2.153693438e+00
2.149677038e+00
2.198214531e+00
2.154802084e+00
2.223902225e+00
2.194721222e+00
2.245639324e+00
2.196484566e+00
2.237675428e+00
2.289441109e+00
2.162249804e+00
2.083781004e+00
2.137048244e+00
2.179804564e+00
2.289082527e+00
2.244987011e+00
2.289736032e+00
2.153369188e+00
2.091026306e+00
1.984854341e+00
2.096150398e+00
2.133586168e+00
2.246520042e+00
2.182514429e+00
2.148272991e+00
2.128460884e+00
2.036583900e+00
2.049410105e+00
2.147295475e+00
2.094878197e+00
2.094161034e+00
2.071868420e+00
2.264897823e+00
2.224653959e+00
2.225830555e+00
2.167470455e+00
2.153040171e+00
2.057636976e+00
2.164237738e+00
2.021898270e+00
1.971047640e+00
2.042916775e+00
2.074215889e+00
2.235913992e+00
2.358016014e+00
2.254257202e+00
2.190154314e+00
2.110706329e+00
2.081919432e+00
1.914159179e+00
1.911939025e+00
1.938898325e+00
2.084205389e+00
2.122816563e+00
2.219365597e+00
2.073335886e+00
1.920459867e+00
1.948103786e+00
1.911255360e+00
1.959233999e+00
1.948819876e+00
1.940008283e+00
1.988705873e+00
1.974638581e+00
2.060932875e+00
2.009463549e+00
2.090765476e+00
2.089687824e+00
2.138643503e+00
2.053491831e+00
2.052772522e+00
1.971374035e+00
1.904335022e+00
1.970492363e+00
1.951237798e+00
2.013445139e+00
2.051892996e+00
1.988802552e+00
1.970198870e+00
1.860599160e+00
1.930904746e+00
1.899049997e+00
1.894806743e+00
1.791243434e+00
1.871144652e+00
1.860500813e+00
1.987203002e+00
1.890137196e+00
1.736314654e+00
1.828845024e+00
1.807302356e+00
1.787620783e+00
1.856618047e+00
1.853876472e+00
1.830930591e+00
1.646393776e+00
1.714772463e+00
1.669371605e+00
1.715164900e+00
1.670480728e+00
1.669567943e+00
1.586960793e+00
1.705700397e+00
1.733409882e+00
1.681678414e+00
1.678251147e+00
1.614212632e+00
1.572696090e+00
1.591169238e+00
1.646882296e+00
1.657065749e+00
1.566789389e+00
1.601646900e+00
1.592899323e+00
1.706776619e+00
1.689771414e+00
1.647178650e+00
1.518125415e+00
1.582261324e+00
1.565647483e+00
1.575470328e+00
1.642999411e+00
1.628866911e+00
1.584614396e+00
1.586703181e+00
1.615062714e+00
1.586763620e+00
1.450598359e+00
1.643620014e+00
1.694894791e+00
1.741536021e+00
1.675999641e+00
1.611700177e+00
1.435361147e+00
1.511404753e+00
1.468647480e+00
1.429318309e+00
1.596394658e+00
1.651160479e+00
1.634252429e+00
1.618455529e+00
1.534806013e+00
1.459836006e+00
1.317928076e+00
1.395541906e+00
1.414896011e+00
1.508727908e+00
1.526710272e+00
1.607945800e+00
1.517014623e+00
1.559545279e+00
1.572991133e+00
1.543386340e+00
1.545019269e+00
1.440777898e+00
1.434348583e+00
1.448743105e+00
1.399749637e+00
1.401283145e+00
1.381406784e+00
1.562024474e+00
1.612354279e+00
1.689412355e+00
1.623973966e+00
1.557716250e+00
1.361693859e+00
1.386403680e+00
1.453699470e+00
1.586894751e+00
1.718526602e+00
1.584220409e+00
1.430101395e+00
1.439827204e+00
1.516496778e+00
1.600670338e+00
1.533368468e+00
1.621590137e+00
1.603344083e+00
1.701945901e+00
1.669307828e+00
1.664608717e+00
1.561437011e+00
1.605041504e+00
1.532748580e+00
1.424359560e+00
1.457946062e+00
1.454681993e+00
1.525600553e+00
1.550046563e+00
1.538949490e+00
1.617314696e+00
1.571489811e+00
1.637060046e+00
1.581475735e+00
1.647405624e+00
1.604225516e+00
1.561339617e+00
1.436497927e+00
1.460845470e+00
1.366918445e+00
1.299876451e+00
1.375467658e+00
1.404385567e+00
1.413752675e+00
1.464178920e+00
1.518875241e+00
1.575437188e+00
1.489409447e+00
1.500146627e+00
1.362673283e+00
1.486532927e+00
1.545574784e+00
1.622275233e+00
1.570346117e+00
1.641922116e+00
1.615649223e+00
1.537125111e+00
1.542217135e+00
1.464700580e+00
1.500893950e+00
1.642740369e+00
1.695352316e+00
1.732333064e+00
1.609218717e+00
1.597141504e+00
1.483238578e+00
1.547696352e+00
1.571456909e+00
1.570312977e+00
1.486274600e+00
1.583238959e+00
1.651746750e+00
1.668556333e+00
1.662714958e+00
1.544627786e+00
1.522760987e+00
1.546455860e+00
1.530465722e+00
1.566592216e+00
1.543126702e+00
1.605563998e+00
1.442736387e+00
1.421652675e+00
1.474847674e+00
1.651096463e+00
1.472302675e+00
1.509183764e+00
1.650312662e+00
1.643684864e+00
1.657099605e+00
1.623090982e+00
1.547303915e+00
1.480363369e+00
1.456542373e+00
1.518914342e+00
1.459805131e+00
1.492309093e+00
1.398284793e+00
1.451386809e+00
1.373084784e+00
1.405367494e+00
1.394105792e+00
1.552298307e+00
1.505167007e+00
1.351151466e+00
1.312018871e+00
1.347463369e+00
1.419596195e+00
1.499195814e+00
1.419563055e+00
1.373543978e+00
1.286625624e+00
1.375108361e+00
1.346581578e+00
1.332025766e+00
1.227616310e+00
1.294426322e+00
1.322822332e+00
1.502036333e+00
1.435291767e+00
1.357551575e+00
1.408887625e+00
1.401187301e+00
1.377622724e+00
1.375043392e+00
1.348214507e+00
1.342241764e+00
1.208197117e+00
1.322560191e+00
1.375889421e+00
1.429611564e+00
1.334244370e+00
1.343939662e+00
1.273995399e+00
1.346026301e+00
1.294524789e+00
1.272428751e+00
1.276932359e+00
1.260515332e+00
1.349682450e+00
1.421750546e+00
1.323572755e+00
1.295437932e+00
1.222426891e+00
1.353991985e+00
1.335028768e+00
1.362053156e+00
1.273276091e+00
1.293479323e+00
1.266226530e+00
1.399325848e+00
1.390122652e+00
1.248897433e+00
1.232772946e+00
1.229475141e+00
1.250919461e+00
1.308133364e+00
1.306110620e+00
1.294394016e+00
