1.915019602e-01
6.686879694e-02
1.059571505e-01
1.741120070e-01
2.011491656e-01
1.900970191e-01
1.658385098e-01
1.430785954e-01
1.556605548e-01
1.794195324e-01
1.968719214e-01
1.857261211e-01
1.691479087e-01
1.709274948e-01
1.683674008e-01
1.711772531e-01
1.773589700e-01
1.878491342e-01
1.994632483e-01
1.987763792e-01
1.918766052e-01
2.112646848e-01
2.201938033e-01
2.112334520e-01
2.036780417e-01
1.940932721e-01
1.579396725e-01
1.570654958e-01
1.546614915e-01
1.566908360e-01
1.508213431e-01
1.408307105e-01
1.553483456e-01
1.868500710e-01
1.824167222e-01
1.726446301e-01
1.758915931e-01
1.926883459e-01
1.952172220e-01
1.712709218e-01
1.642774791e-01
1.628725380e-01
1.641838104e-01
1.749237478e-01
1.887233108e-01
1.747364253e-01
1.683049500e-01
1.678678691e-01
1.623105705e-01
1.416424513e-01
1.321825683e-01
1.347426623e-01
1.677742004e-01
1.791697592e-01
1.837904304e-01
1.562849730e-01
1.469499767e-01
1.372091025e-01
1.387701482e-01
1.389574707e-01
1.509774476e-01
1.817298681e-01
1.765472293e-01
1.767345518e-01
1.543805003e-01
1.240027323e-01
1.037717015e-01
1.277180016e-01
1.539746374e-01
1.566908360e-01
1.342743486e-01
1.374276429e-01
1.463567764e-01
1.535063237e-01
1.508213431e-01
1.595319211e-01
1.408931464e-01
1.262818426e-01
1.345865577e-01
1.613739431e-01
1.484485716e-01
1.422044188e-01
1.407370418e-01
1.314957142e-01
1.413614601e-01
1.369593441e-01
1.529443562e-01
1.742056757e-01
1.709587127e-01
1.837279946e-01
1.745803207e-01
1.417048872e-01
1.351173222e-01
1.461070180e-01
1.441713274e-01
1.150111631e-01
1.198816001e-01
1.429849416e-01
1.704279631e-01
1.607495397e-01
1.515706480e-01
1.500408202e-01
1.710523814e-01
1.682737321e-01
1.671810001e-01
1.686483771e-01
1.711460352e-01
1.952484399e-01
1.678366363e-01
1.392696798e-01
1.281863153e-01
1.407994926e-01
1.368656754e-01
1.594070494e-01
1.488544345e-01
1.548175961e-01
1.493227482e-01
1.226290241e-01
1.253764480e-01
1.206933409e-01
1.219109446e-01
1.349299848e-01
1.657760739e-01
1.439527869e-01
1.314644963e-01
1.313396096e-01
1.729880571e-01
1.722699851e-01
1.579396725e-01
1.423293054e-01
1.606558710e-01
1.664941460e-01
1.732690483e-01
1.656824052e-01
1.473246217e-01
1.318703592e-01
1.316206008e-01
1.520389467e-01
1.884111017e-01
2.113583386e-01
1.759540290e-01
1.389886886e-01
1.343680173e-01
1.669312418e-01
1.923449188e-01
1.763286740e-01
1.685234904e-01
1.727070808e-01
1.792946458e-01
1.447645277e-01
1.201625839e-01
1.441713274e-01
1.721763164e-01
1.695850044e-01
1.749237478e-01
1.622481346e-01
1.767033339e-01
2.097036391e-01
1.866315156e-01
1.573152542e-01
1.195069477e-01
1.254701167e-01
1.602187902e-01
1.942181587e-01
1.984954029e-01
1.736749113e-01
1.831347942e-01
1.758603752e-01
1.734875888e-01
1.536624283e-01
1.566596180e-01
1.455138177e-01
1.678990871e-01
1.789512187e-01
1.932815313e-01
1.875057071e-01
1.744554341e-01
1.521013975e-01
1.393321157e-01
1.490729749e-01
1.817298681e-01
1.670248955e-01
1.360539347e-01
1.413926780e-01
1.665253639e-01
1.657760739e-01
1.764535606e-01
1.782955825e-01
1.905028969e-01
1.648394465e-01
1.650267690e-01
1.806059182e-01
1.781706959e-01
1.528506875e-01
1.549112648e-01
1.701157540e-01
1.883174330e-01
1.902531236e-01
1.476992667e-01
1.499159485e-01
2.188513130e-01
1.761101335e-01
1.648082286e-01
1.869125068e-01
1.550673693e-01
1.748300791e-01
2.020233423e-01
1.793883145e-01
1.651204377e-01
1.936249584e-01
1.821669638e-01
1.803873777e-01
1.880676746e-01
1.850080490e-01
1.619983613e-01
1.948425770e-01
2.307464182e-01
2.475119382e-01
1.932815313e-01
1.384891570e-01
1.460445672e-01
1.872247159e-01
1.924697906e-01
1.757042706e-01
1.659633964e-01
1.761725694e-01
1.810117960e-01
1.895974874e-01
1.839465350e-01
1.760789156e-01
1.528506875e-01
1.855075806e-01
1.705216169e-01
1.875681430e-01
1.999003291e-01
1.819484085e-01
1.705216169e-01
1.551298052e-01
1.743617803e-01
2.070810944e-01
1.842899621e-01
1.930005550e-01
2.252203375e-01
2.344304621e-01
2.083299309e-01
1.988388300e-01
1.999939978e-01
2.258447558e-01
1.943742633e-01
1.957167536e-01
1.885672063e-01
1.875057071e-01
1.835094541e-01
2.000564337e-01
3.015556633e-01
6.590969563e-01
1.495090485e+00
1.388179779e+02
7.657914429e+02
1.283016479e+03
1.196191772e+03
7.602559814e+02
3.864021912e+02
2.173961334e+02
1.801715240e+02
1.697443390e+02
1.434066467e+02
1.080958633e+02
8.156414032e+01
6.776974487e+01
6.170651245e+01
5.832806396e+01
5.657803345e+01
5.520489120e+01
5.219983292e+01
4.904935455e+01
4.639099503e+01
4.415538788e+01
4.252871323e+01
4.184382248e+01
4.114987946e+01
4.072935104e+01
4.054272842e+01
4.040812302e+01
4.045463943e+01
4.016880798e+01
3.957244492e+01
3.899090958e+01
3.781771469e+01
3.708889771e+01
3.665470123e+01
3.689622498e+01
3.686537170e+01
3.702751541e+01
3.657711792e+01
3.626994705e+01
3.548678207e+01
3.484662247e+01
3.494506454e+01
3.459418869e+01
3.411788559e+01
3.378021622e+01
3.355432129e+01
3.347206879e+01
3.284049606e+01
3.273987198e+01
3.237015533e+01
3.215711212e+01
3.197115517e+01
3.206663132e+01
3.135830116e+01
3.106048965e+01
3.089129639e+01
3.087599945e+01
3.069717407e+01
2.980510521e+01
2.927656555e+01
2.913062668e+01
2.879283905e+01
2.847803307e+01
2.813745308e+01
2.839423561e+01
2.797795868e+01
2.771653938e+01
2.726290512e+01
2.699371338e+01
2.667645264e+01
2.707538605e+01
2.678114319e+01
2.617542458e+01
2.581183243e+01
2.538311005e+01
2.515904236e+01
2.507524681e+01
2.464258575e+01
2.419978523e+01
2.376799011e+01
2.412841415e+01
2.408099365e+01
2.408967781e+01
2.358997345e+01
2.343099785e+01
2.309496117e+01
2.308734703e+01
2.267519569e+01
2.232627678e+01
2.240210342e+01
2.198619652e+01
2.146007347e+01
2.120823860e+01
2.111320686e+01
2.140206146e+01
2.113181305e+01
2.092072678e+01
2.036011124e+01
2.031968117e+01
2.023201752e+01
2.009286690e+01
1.962165642e+01
1.961939240e+01
1.943284798e+01
1.913018608e+01
1.901639175e+01
1.849569130e+01
1.800030136e+01
1.785902977e+01
1.777765465e+01
1.771042061e+01
1.738114738e+01
1.785700989e+01
1.778568840e+01
1.774041176e+01
1.742048073e+01
1.710058594e+01
1.635599709e+01
1.638921547e+01
1.614694023e+01
1.587344456e+01
1.609979630e+01
1.591615868e+01
1.558021545e+01
1.548671722e+01
1.542574501e+01
1.546564388e+01
1.515573502e+01
1.517796612e+01
1.483619022e+01
1.480079269e+01
1.456204128e+01
1.454157066e+01
1.408013821e+01
1.430978775e+01
1.422633457e+01
1.385996342e+01
1.381048012e+01
1.362855721e+01
1.339686203e+01
1.321190453e+01
1.303432751e+01
1.303495312e+01
1.270359612e+01
1.299046421e+01
1.292870140e+01
1.282151127e+01
1.247950172e+01
1.269749832e+01
1.255026150e+01
1.259834099e+01
1.210147667e+01
1.164147091e+01
1.180128956e+01
1.170390892e+01
1.152198124e+01
1.150119591e+01
1.162998390e+01
1.190595341e+01
1.156335640e+01
1.150606251e+01
1.106316948e+01
1.115154934e+01
1.099041748e+01
1.091010571e+01
1.039197636e+01
1.070723724e+01
1.064885998e+01
1.039474106e+01
1.057224464e+01
1.047777271e+01
1.033215904e+01
1.019709873e+01
1.007224464e+01
1.000670624e+01
9.662795067e+00
9.787765503e+00
9.551962852e+00
9.681243896e+00
9.539935112e+00
9.598915100e+00
9.215575218e+00
9.318970680e+00
9.140066147e+00
8.884496689e+00
9.099851608e+00
9.151683807e+00
9.136475563e+00
9.100474358e+00
8.993045807e+00
9.105412483e+00
8.844717979e+00
8.978067398e+00
8.735627174e+00
8.733195305e+00
8.442526817e+00
8.530315399e+00
8.400200844e+00
8.569099426e+00
8.150439262e+00
7.794923782e+00
7.907100677e+00
7.950341702e+00
8.221839905e+00
8.555389404e+00
8.581082344e+00
8.414712906e+00
7.765914917e+00
7.891550064e+00
7.792205334e+00
7.887493134e+00
7.699635983e+00
7.749652863e+00
7.515994549e+00
7.751055717e+00
7.646306992e+00
7.556489944e+00
7.782343864e+00
7.569758892e+00
7.407568932e+00
7.360703945e+00
7.143839836e+00
7.189578056e+00
6.890929222e+00
7.152082920e+00
7.145561695e+00
7.294388294e+00
7.188453197e+00
7.206720352e+00
6.764891148e+00
6.836477757e+00
6.606913567e+00
6.523118973e+00
6.814151764e+00
6.773571491e+00
6.590089321e+00
6.505205154e+00
6.586532116e+00
6.808599472e+00
6.462807178e+00
6.521285534e+00
6.419971466e+00
6.632420540e+00
6.344291687e+00
6.272987366e+00
5.967113972e+00
6.276112080e+00
6.107733727e+00
5.880354404e+00
6.043170452e+00
5.929460526e+00
5.840668678e+00
5.734492302e+00
5.594125748e+00
5.612139225e+00
5.359163284e+00
5.765214443e+00
5.468935490e+00
5.418888569e+00
5.259944916e+00
5.400309086e+00
5.148207664e+00
5.494500160e+00
5.492033005e+00
5.227160931e+00
5.246803761e+00
5.066262245e+00
4.995916843e+00
4.915900230e+00
4.817023277e+00
4.894981384e+00
4.712962627e+00
5.063762665e+00
4.879528999e+00
4.998981476e+00
4.704131126e+00
4.670195103e+00
4.423537731e+00
4.692479610e+00
4.618305206e+00
4.416454315e+00
4.445362568e+00
4.388476849e+00
4.436870575e+00
4.404151440e+00
4.226977825e+00
4.321167469e+00
4.116477489e+00
4.380265713e+00
4.228688717e+00
4.417512894e+00
4.250892639e+00
4.334122181e+00
4.133055687e+00
4.405426502e+00
4.251762867e+00
4.038679123e+00
4.143048286e+00
3.985352516e+00
3.915199518e+00
3.952476263e+00
3.975548267e+00
3.989972830e+00
3.627000570e+00
3.785539865e+00
3.619726181e+00
3.748011589e+00
3.611452103e+00
3.744140148e+00
3.424469709e+00
3.647794485e+00
3.614413738e+00
3.583879948e+00
3.753975391e+00
3.615013361e+00
3.698870182e+00
3.828092813e+00
3.835524321e+00
3.823941469e+00
3.371330976e+00
3.459496975e+00
3.353378773e+00
3.525221586e+00
3.329369068e+00
3.453878641e+00
3.162931681e+00
3.482442617e+00
3.398927212e+00
3.127557755e+00
3.339084864e+00
3.366306067e+00
3.326525927e+00
3.230148077e+00
3.068331957e+00
3.270923138e+00
3.060120344e+00
3.281380177e+00
3.112727404e+00
3.324748278e+00
3.209294558e+00
3.300023317e+00
3.033490658e+00
3.208169699e+00
3.068396807e+00
2.974172592e+00
3.136643887e+00
3.037614584e+00
3.032865286e+00
3.078012705e+00
3.042202234e+00
3.152534246e+00
2.861775160e+00
3.121907234e+00
2.958625317e+00
3.039206982e+00
2.939173698e+00
3.154595375e+00
3.052378654e+00
3.508237839e+00
3.414634705e+00
3.009979486e+00
2.945105553e+00
2.859278917e+00
2.950598955e+00
3.122003317e+00
3.112918139e+00
3.223654509e+00
2.986067772e+00
3.200396061e+00
3.003020525e+00
3.124093056e+00
3.034803391e+00
3.136051178e+00
2.802206993e+00
3.117504597e+00
3.036424398e+00
2.850631714e+00
2.968366146e+00
2.841202497e+00
2.773890734e+00
2.857282162e+00
2.941077232e+00
3.075794220e+00
2.754315376e+00
2.906451464e+00
2.770924807e+00
2.934271097e+00
2.777325869e+00
2.910135984e+00
2.600363493e+00
2.783910036e+00
2.583758831e+00
2.362336636e+00
2.602488995e+00
2.643824577e+00
2.676889420e+00
2.735397100e+00
2.708610535e+00
2.808044672e+00
2.576823950e+00
2.872640848e+00
2.685817957e+00
2.646291494e+00
2.354504108e+00
2.494932413e+00
2.357467175e+00
2.685755491e+00
2.611853600e+00
2.414069414e+00
2.592219114e+00
2.482098818e+00
2.434425831e+00
2.508107662e+00
2.513228893e+00
2.653910875e+00
2.467018604e+00
2.619005203e+00
2.352130890e+00
2.445851564e+00
2.313227892e+00
2.395960331e+00
2.121907234e+00
2.388374567e+00
2.274766445e+00
2.126247406e+00
2.280667067e+00
2.168671370e+00
2.130208492e+00
2.253686905e+00
2.273824930e+00
2.308388710e+00
2.016975403e+00
2.214348793e+00
2.002989292e+00
2.076825380e+00
1.931838036e+00
2.075171709e+00
1.805641890e+00
2.045854568e+00
2.033615828e+00
2.022688627e+00
2.259745836e+00
2.238579512e+00
2.170017481e+00
2.207012892e+00
2.171918392e+00
2.201047421e+00
1.890156984e+00
2.098366261e+00
1.953129172e+00
2.118626595e+00
2.013603687e+00
2.074608803e+00
1.772612095e+00
1.946667433e+00
1.934428692e+00
1.987877607e+00
2.225681543e+00
2.042889118e+00
1.846698642e+00
1.823220849e+00
1.829403043e+00
2.006953716e+00
1.766460657e+00
1.892561436e+00
1.612823963e+00
1.763369322e+00
1.746261358e+00
1.953660846e+00
1.741703629e+00
1.950381756e+00
1.797338963e+00
1.643576384e+00
1.914229870e+00
1.966961861e+00
1.912230015e+00
1.903177500e+00
1.846386671e+00
1.872674108e+00
1.615415215e+00
1.907047868e+00
1.855159283e+00
2.009232759e+00
1.824000001e+00
1.948947310e+00
1.722782850e+00
2.053847075e+00
1.949414134e+00
1.845480084e+00
2.071987629e+00
1.910263062e+00
1.773766994e+00
1.822627425e+00
1.771300793e+00
1.934490561e+00
1.777139783e+00
2.064149857e+00
1.835490465e+00
1.848665595e+00
1.651225448e+00
1.740705252e+00
1.525687337e+00
1.889470100e+00
1.841328740e+00
1.688690066e+00
1.762215137e+00
1.646730900e+00
1.631432414e+00
1.744230986e+00
1.764836907e+00
1.932024717e+00
1.705830693e+00
1.908951283e+00
1.689472079e+00
1.747229695e+00
1.651755691e+00
1.791063547e+00
1.557065129e+00
1.891030908e+00
1.798148513e+00
1.532867670e+00
1.615011096e+00
1.584787488e+00
1.605299473e+00
1.543172717e+00
1.413294196e+00
1.544233203e+00
1.445544004e+00
1.794059277e+00
1.622253060e+00
1.594342232e+00
1.473018408e+00
1.745263219e+00
1.562590003e+00
1.721160054e+00
1.551319838e+00
1.459249139e+00
1.710889935e+00
1.647854090e+00
1.556908846e+00
1.594435930e+00
1.536615372e+00
1.536645055e+00
1.126903296e+00
1.292559028e+00
1.202736974e+00
1.500896573e+00
1.549851656e+00
1.759249687e+00
1.369144678e+00
1.463839769e+00
1.274825811e+00
1.195556402e+00
1.554067731e+00
1.482228875e+00
1.312197089e+00
1.304454803e+00
1.276761770e+00
1.357093453e+00
1.130929470e+00
1.351504683e+00
1.202487111e+00
1.355906367e+00
1.214227915e+00
1.301331997e+00
1.007519126e+00
1.220813513e+00
1.171954989e+00
1.115132332e+00
1.413946867e+00
1.390936971e+00
1.270829797e+00
1.259808898e+00
1.204985261e+00
1.368459940e+00
1.214756727e+00
1.458406687e+00
1.177447677e+00
1.204984307e+00
9.932523966e-01
1.100837111e+00
9.491052032e-01
1.291997790e+00
1.221032500e+00
1.005864501e+00
1.079450130e+00
9.881619811e-01
9.886609912e-01
1.089346409e+00
1.082978129e+00
1.147978663e+00
8.316537738e-01
1.087037802e+00
9.346195459e-01
1.142668009e+00
1.088973284e+00
1.254251838e+00
1.000714660e+00
1.249879956e+00
1.142262101e+00
9.801380038e-01
1.149099231e+00
1.103800893e+00
1.088503242e+00
1.123969913e+00
1.077014446e+00
1.196868181e+00
1.027719140e+00
1.318847299e+00
1.154157281e+00
1.260620713e+00
1.115448952e+00
1.255998731e+00
1.023253560e+00
1.328747272e+00
1.256221414e+00
1.157997370e+00
1.364930153e+00
1.238859057e+00
1.147569418e+00
1.189874530e+00
1.218223453e+00
1.324154139e+00
1.000619292e+00
1.167426586e+00
9.588767886e-01
1.106234908e+00
1.098867774e+00
1.277104974e+00
1.010515571e+00
1.251317620e+00
1.177355647e+00
1.070520520e+00
1.301362753e+00
1.283225656e+00
1.217379928e+00
1.238141775e+00
1.295150757e+00
1.551224947e+00
1.263616085e+00
1.348757744e+00
1.104894280e+00
1.261774898e+00
1.255250454e+00
1.501023889e+00
1.290342569e+00
1.503832340e+00
1.317692161e+00
1.177978158e+00
1.386442423e+00
1.296836734e+00
1.209948421e+00
1.241169453e+00
1.253408194e+00
1.406798601e+00
1.243417740e+00
1.558625698e+00
1.362965345e+00
1.379416704e+00
1.264304996e+00
1.396057367e+00
1.197522640e+00
1.527343750e+00
1.349755645e+00
1.085318923e+00
1.195619345e+00
1.144791722e+00
1.200833201e+00
1.265053988e+00
1.228775263e+00
1.370049834e+00
1.135113120e+00
1.406766653e+00
1.304704309e+00
1.523969769e+00
1.393276811e+00
1.528058648e+00
1.211260200e+00
1.395526886e+00
1.347353816e+00
1.243698478e+00
1.418630958e+00
1.322343349e+00
1.323155284e+00
1.415135026e+00
1.391435027e+00
1.467677951e+00
1.142139196e+00
1.362336278e+00
1.183411360e+00
1.263960838e+00
1.114725709e+00
1.188125849e+00
9.270321727e-01
1.198427796e+00
1.118726373e+00
1.011858821e+00
1.158684492e+00
1.089938879e+00
1.062808752e+00
1.104613543e+00
1.055784822e+00
1.208950162e+00
1.009954214e+00
1.242949247e+00
1.031684399e+00
1.181445122e+00
1.073957086e+00
1.218128324e+00
1.005021691e+00
1.257029533e+00
1.056661010e+00
8.560992479e-01
9.861651659e-01
9.240984917e-01
9.772984982e-01
1.008176446e+00
9.058342576e-01
1.020320654e+00
7.956874967e-01
9.886615276e-01
7.739267945e-01
9.327465296e-01
8.389909267e-01
1.007081985e+00
7.158247828e-01
9.068951607e-01
7.728650570e-01
6.083033681e-01
8.907540441e-01
9.640616179e-01
8.995282650e-01
9.068325758e-01
8.360242248e-01
9.309025407e-01
7.277193666e-01
1.053411365e+00
8.975928426e-01
9.531324506e-01
7.965925336e-01
9.792334437e-01
6.942518353e-01
8.457344770e-01
7.246294022e-01
7.540078163e-01
1.036647797e+00
9.856649041e-01
8.742081523e-01
8.435178995e-01
8.046477437e-01
9.051458240e-01
6.779859662e-01
9.137336016e-01
7.749255896e-01
9.522898197e-01
9.108608961e-01
1.038957119e+00
6.915355325e-01
9.000269771e-01
8.524160981e-01
8.405526876e-01
1.134616494e+00
1.091033101e+00
9.607517719e-01
9.674323797e-01
9.220690131e-01
1.064371586e+00
