3.948869407e-01
2.896137834e-01
3.096051216e-01
3.362120986e-01
3.341912925e-01
3.152346611e-01
2.867510021e-01
2.966627181e-01
3.178085685e-01
3.259156942e-01
3.265407979e-01
3.127082884e-01
2.790291011e-01
2.661824822e-01
2.779943645e-01
3.030857742e-01
3.134303689e-01
3.152346015e-01
3.173274100e-01
3.202382028e-01
3.070310950e-01
3.027731776e-01
2.927411497e-01
3.037835658e-01
2.940886319e-01
2.810256481e-01
2.944492400e-01
3.146811426e-01
3.372946382e-01
3.357308507e-01
3.146333694e-01
3.141758144e-01
3.153055906e-01
2.901428640e-01
2.834793925e-01
2.626459897e-01
2.523736060e-01
2.630068660e-01
2.886995673e-01
3.023639023e-01
3.091962934e-01
3.180491328e-01
3.173514605e-01
3.052027524e-01
2.898544967e-01
2.800634205e-01
2.832629979e-01
2.799429893e-01
2.603850365e-01
2.657975852e-01
2.708975077e-01
2.752758861e-01
2.701037228e-01
2.683474422e-01
2.490774691e-01
2.594701648e-01
2.951230705e-01
3.064296246e-01
2.839123309e-01
2.894454002e-01
2.970235646e-01
2.951470315e-01
2.823487222e-01
2.779944539e-01
2.414759398e-01
2.389017940e-01
2.692137063e-01
3.005358279e-01
2.912017405e-01
2.766231596e-01
2.689726651e-01
2.873042822e-01
2.773203850e-01
2.429193109e-01
2.293508053e-01
2.611300647e-01
3.134542108e-01
3.413361609e-01
3.287304044e-01
2.912018299e-01
2.722208500e-01
2.720043659e-01
2.485004812e-01
2.441939116e-01
2.405855507e-01
2.437369227e-01
2.412351370e-01
2.573533952e-01
2.591332793e-01
2.748910189e-01
2.762623727e-01
2.688526213e-01
2.638486028e-01
2.551160455e-01
2.833109200e-01
2.863422334e-01
2.776816785e-01
2.590134144e-01
2.504490018e-01
2.647873163e-01
2.621166706e-01
2.636564970e-01
2.514837682e-01
2.529510558e-01
2.631511688e-01
2.790768743e-01
2.962296009e-01
3.207918406e-01
3.296204805e-01
2.964458764e-01
2.660379708e-01
2.400563955e-01
2.429672331e-01
2.663268447e-01
2.841046453e-01
2.847304046e-01
2.974565923e-01
3.165819645e-01
2.953395247e-01
2.952913642e-01
2.649314702e-01
2.388051450e-01
2.300245911e-01
2.552601695e-01
2.500401139e-01
2.467924803e-01
2.553565800e-01
2.895899117e-01
2.995976210e-01
2.861977816e-01
2.740249634e-01
2.734718323e-01
2.767193913e-01
2.588687539e-01
2.659417689e-01
2.842009366e-01
2.963736653e-01
3.012331128e-01
2.694782615e-01
2.617796957e-01
2.702959478e-01
2.594460845e-01
2.792213559e-01
2.872324288e-01
2.771281898e-01
2.724851966e-01
2.762382627e-01
2.793895900e-01
2.678423822e-01
2.756128609e-01
2.853316367e-01
2.809294462e-01
2.922360003e-01
3.334212899e-01
3.331328332e-01
3.127083778e-01
2.772245407e-01
2.726297081e-01
2.945216596e-01
2.960610092e-01
2.927893102e-01
2.682753503e-01
2.464314848e-01
2.687085271e-01
2.876412570e-01
2.971920669e-01
3.043127358e-01
2.924768925e-01
2.812420130e-01
2.789323628e-01
2.787640393e-01
2.540333867e-01
2.574253678e-01
2.817714214e-01
2.744581699e-01
2.613470852e-01
2.689732313e-01
2.658214569e-01
2.612986863e-01
2.626698911e-01
2.884347737e-01
3.173997402e-01
3.244722784e-01
2.988760173e-01
3.100862801e-01
3.010889590e-01
2.949545383e-01
2.844418287e-01
2.828779817e-01
2.811939120e-01
2.961812615e-01
3.143443167e-01
3.005838692e-01
2.833110392e-01
2.580269575e-01
2.583878338e-01
2.796782553e-01
3.061168194e-01
3.044086695e-01
2.919955850e-01
3.650072515e-01
2.873765826e-01
2.733273506e-01
3.049861491e-01
3.050823212e-01
3.100620806e-01
2.988996506e-01
2.776576281e-01
2.691897154e-01
2.706328034e-01
2.800150514e-01
2.894696295e-01
2.987315357e-01
3.174715340e-01
3.161005080e-01
3.322187364e-01
2.912740409e-01
2.750354111e-01
2.692858279e-01
2.799669802e-01
2.790287137e-01
3.006559312e-01
3.184099197e-01
3.422016203e-01
3.157637119e-01
3.264447749e-01
3.420817554e-01
3.317614496e-01
3.120588064e-01
3.121309280e-01
2.907687128e-01
2.698630691e-01
2.399842143e-01
2.647630870e-01
2.774170041e-01
2.947620749e-01
2.854039669e-01
2.813382745e-01
2.765991986e-01
2.877376378e-01
2.780905068e-01
2.737604380e-01
2.730385065e-01
2.589891255e-01
2.703923285e-01
2.708494067e-01
2.925971448e-01
3.103026748e-01
2.973122597e-01
3.155951202e-01
3.251451850e-01
3.037111759e-01
2.878819108e-01
2.805444598e-01
3.546393812e-01
5.917442441e-01
9.267651439e-01
6.978517151e+01
5.355697632e+02
1.066403809e+03
1.150043945e+03
8.625205078e+02
5.339863892e+02
3.394063110e+02
2.603043823e+02
2.200428467e+02
1.781189575e+02
1.348589020e+02
1.012297211e+02
8.045087433e+01
6.848721313e+01
6.105218124e+01
5.637777710e+01
5.350157547e+01
4.982893372e+01
4.583574295e+01
4.241416168e+01
4.023892593e+01
3.878388214e+01
3.834645462e+01
3.736061859e+01
3.652801132e+01
3.629955292e+01
3.595660400e+01
3.562259293e+01
3.547719574e+01
3.550425339e+01
3.540813446e+01
3.446017838e+01
3.378960800e+01
3.336401367e+01
3.341442108e+01
3.332807541e+01
3.340348053e+01
3.270045090e+01
3.251400375e+01
3.206799316e+01
3.184257507e+01
3.201824951e+01
3.174927521e+01
3.127473450e+01
3.094446182e+01
3.065374565e+01
3.044065475e+01
2.995713997e+01
3.003790474e+01
2.942228127e+01
2.903205299e+01
2.877152824e+01
2.887940025e+01
2.841428185e+01
2.846512604e+01
2.818731689e+01
2.772614479e+01
2.745018768e+01
2.723589897e+01
2.734588814e+01
2.737469673e+01
2.713445663e+01
2.688627434e+01
2.627107048e+01
2.625741768e+01
2.584989929e+01
2.578163147e+01
2.540278816e+01
2.516606140e+01
2.457557869e+01
2.470358658e+01
2.454618263e+01
2.427691841e+01
2.419355774e+01
2.382013702e+01
2.358804321e+01
2.343703461e+01
2.301670647e+01
2.278018951e+01
2.227098846e+01
2.249421501e+01
2.222747803e+01
2.210285187e+01
2.175450706e+01
2.179187012e+01
2.147179413e+01
2.163738251e+01
2.128629494e+01
2.064554024e+01
2.047620583e+01
2.018576050e+01
2.001678085e+01
1.970752525e+01
1.933149147e+01
1.934797096e+01
1.907838821e+01
1.925176620e+01
1.903572655e+01
1.898730278e+01
1.864851379e+01
1.862540436e+01
1.830165100e+01
1.842107391e+01
1.835910034e+01
1.821425247e+01
1.816828346e+01
1.774645996e+01
1.732510376e+01
1.708872414e+01
1.697397232e+01
1.701480484e+01
1.669805336e+01
1.680704308e+01
1.646400642e+01
1.633140373e+01
1.596872711e+01
1.583886814e+01
1.542971039e+01
1.568288231e+01
1.550739002e+01
1.521209335e+01
1.520792866e+01
1.489608097e+01
1.462462521e+01
1.434305096e+01
1.409689999e+01
1.424254704e+01
1.417340374e+01
1.434288216e+01
1.395799160e+01
1.401177692e+01
1.391407013e+01
1.394101429e+01
1.341908550e+01
1.350585651e+01
1.324916553e+01
1.301469994e+01
1.314430428e+01
1.296386814e+01
1.268251228e+01
1.252850342e+01
1.239599705e+01
1.234641457e+01
1.181710243e+01
1.189711475e+01
1.178068161e+01
1.195206070e+01
1.182780647e+01
1.185412598e+01
1.157386398e+01
1.187180614e+01
1.166691589e+01
1.134142590e+01
1.137743759e+01
1.113980961e+01
1.087830067e+01
1.079641342e+01
1.078530216e+01
1.083302689e+01
1.045114803e+01
1.065834427e+01
1.046561813e+01
1.048761559e+01
1.022731876e+01
1.029951572e+01
9.878363609e+00
1.005620766e+01
9.965729713e+00
9.782256126e+00
9.891360283e+00
9.700037003e+00
9.617601395e+00
9.559618950e+00
9.403946877e+00
9.392934799e+00
9.011582375e+00
9.154218674e+00
9.004151344e+00
9.173609734e+00
9.063979149e+00
9.219437599e+00
8.977519035e+00
9.180008888e+00
8.917204857e+00
8.566992760e+00
8.667770386e+00
8.558601379e+00
8.395519257e+00
8.484890938e+00
8.535145760e+00
8.678886414e+00
8.298976898e+00
8.352294922e+00
8.074403763e+00
8.081694603e+00
7.901486874e+00
7.984587193e+00
7.660650730e+00
7.926557064e+00
7.941520691e+00
7.797975540e+00
7.823739052e+00
7.564110279e+00
7.369143486e+00
7.456138134e+00
7.520442486e+00
7.581330776e+00
7.276357651e+00
7.426429272e+00
7.224296570e+00
7.361349106e+00
7.258768559e+00
7.400156021e+00
7.162186146e+00
7.390270233e+00
7.180443764e+00
7.027227879e+00
7.189363003e+00
7.059107780e+00
7.003191948e+00
6.987776279e+00
6.908935547e+00
6.975040913e+00
6.722524166e+00
6.970092773e+00
6.811776638e+00
6.780743122e+00
6.482991695e+00
6.563694000e+00
6.342807293e+00
6.672008991e+00
6.540454865e+00
6.332082272e+00
6.447024822e+00
6.303603649e+00
6.256309032e+00
6.294555664e+00
6.182526112e+00
6.143122196e+00
5.844386578e+00
6.093035221e+00
5.900483131e+00
5.971282959e+00
5.845995426e+00
5.983335972e+00
5.726291656e+00
5.953263283e+00
5.782604694e+00
5.593930244e+00
5.718781471e+00
5.576221466e+00
5.439652443e+00
5.430920601e+00
5.370876312e+00
5.375063896e+00
5.039496422e+00
5.261589527e+00
5.144650936e+00
5.307154655e+00
5.190692902e+00
5.301932812e+00
4.987531185e+00
5.257236004e+00
5.089724064e+00
4.864362240e+00
5.034586430e+00
4.896041393e+00
4.833951473e+00
4.803137302e+00
4.662618160e+00
4.574043751e+00
4.277875900e+00
4.652609825e+00
4.566922188e+00
4.664400101e+00
4.450414658e+00
4.483921528e+00
4.125812531e+00
4.292818546e+00
4.167046547e+00
4.044452190e+00
4.245475769e+00
4.127495289e+00
4.038822651e+00
4.028066158e+00
4.016569138e+00
4.139553070e+00
3.911580801e+00
4.142774105e+00
3.875399113e+00
3.905061483e+00
3.653650999e+00
3.717181683e+00
3.446866512e+00
3.645589113e+00
3.505391836e+00
3.431493282e+00
3.780644178e+00
3.663533211e+00
3.534885645e+00
3.509242296e+00
3.463994980e+00
3.551969051e+00
3.304325819e+00
3.600174665e+00
3.450134516e+00
3.578015327e+00
3.342099190e+00
3.359180212e+00
3.068571806e+00
3.386705160e+00
3.433443308e+00
3.331226826e+00
3.441071033e+00
3.265763998e+00
3.201410294e+00
3.260158777e+00
3.274545670e+00
3.333197355e+00
3.108121395e+00
3.439408779e+00
3.280266762e+00
3.245095491e+00
2.964639187e+00
3.106003523e+00
2.899689913e+00
3.167710066e+00
3.080262423e+00
2.968660116e+00
3.157605410e+00
3.042058229e+00
2.968587637e+00
3.010447979e+00
3.038259983e+00
3.137229681e+00
2.796913385e+00
2.976644516e+00
2.866678476e+00
3.057190657e+00
2.939646721e+00
3.058225393e+00
2.799199820e+00
3.098521948e+00
3.088104486e+00
2.986653566e+00
3.126237154e+00
2.956632137e+00
2.824146271e+00
2.829173803e+00
2.863166571e+00
2.970390081e+00
2.672514677e+00
2.923743248e+00
2.890303135e+00
3.099866867e+00
2.920687914e+00
3.076412916e+00
2.878538370e+00
3.223085403e+00
3.085628033e+00
2.912318468e+00
3.079948425e+00
2.968322992e+00
2.907315016e+00
2.948764563e+00
2.901782274e+00
2.959567785e+00
2.676869392e+00
2.955430031e+00
2.819671869e+00
2.822077990e+00
2.563609600e+00
2.706099510e+00
2.526897907e+00
2.845149040e+00
2.736841917e+00
2.639533043e+00
2.955574036e+00
2.886000395e+00
2.767540455e+00
2.740188599e+00
2.708649158e+00
2.827661991e+00
2.605731964e+00
2.924970150e+00
2.771316767e+00
2.854769945e+00
2.691423655e+00
2.809471369e+00
2.521173239e+00
2.791720390e+00
2.690533400e+00
2.505727053e+00
2.693564892e+00
2.587040424e+00
2.461946011e+00
2.483981371e+00
2.463099241e+00
2.553841829e+00
2.293805838e+00
2.485928297e+00
2.253416061e+00
2.372233391e+00
2.328859091e+00
2.502480030e+00
2.284375191e+00
2.605563402e+00
2.525406361e+00
2.362370729e+00
2.532286644e+00
2.438610077e+00
2.347261906e+00
2.305379152e+00
2.265349388e+00
2.444214582e+00
2.249278307e+00
2.503732204e+00
2.278628826e+00
2.367348433e+00
2.256637096e+00
2.350992203e+00
2.107701063e+00
2.419773340e+00
2.320704937e+00
2.136019945e+00
2.260898590e+00
2.191683769e+00
2.181751251e+00
2.175470829e+00
2.084367752e+00
2.185720444e+00
1.961506605e+00
2.230318785e+00
2.059566498e+00
2.116893530e+00
1.975413442e+00
2.155986547e+00
1.909637570e+00
2.168977976e+00
2.063847303e+00
1.931291461e+00
2.118216038e+00
2.081238508e+00
2.068947554e+00
2.058433294e+00
1.993311763e+00
2.100677013e+00
1.832303047e+00
2.021338224e+00
1.792414308e+00
1.860541344e+00
1.760632753e+00
1.907983661e+00
1.752670646e+00
2.103951693e+00
1.975654721e+00
1.808027625e+00
1.963094354e+00
1.853396416e+00
1.782669783e+00
1.863236189e+00
1.909592748e+00
2.005652666e+00
1.667435408e+00
1.908316612e+00
1.832298160e+00
1.957249284e+00
1.807882905e+00
1.925589561e+00
1.652732849e+00
1.940407872e+00
1.879617095e+00
1.749567032e+00
1.946326971e+00
1.846832275e+00
1.783247828e+00
1.789621472e+00
1.749855995e+00
1.897201896e+00
1.708500624e+00
1.943464637e+00
1.747811913e+00
1.786470771e+00
1.695365548e+00
1.883781552e+00
1.627811313e+00
1.851690292e+00
1.679871321e+00
1.473531485e+00
1.629975677e+00
1.624586463e+00
1.654706955e+00
1.696205616e+00
1.699360847e+00
1.844954014e+00
1.627140284e+00
1.849981546e+00
1.623290777e+00
1.710740209e+00
1.616384625e+00
1.769296288e+00
1.524725080e+00
1.869803667e+00
1.820777893e+00
1.594299555e+00
1.686824203e+00
1.573200703e+00
1.563673854e+00
1.623820424e+00
1.600772381e+00
1.688317895e+00
1.471607327e+00
1.773747563e+00
1.669213295e+00
1.768164158e+00
1.600940824e+00
1.718485355e+00
1.480219364e+00
1.751541853e+00
1.615108848e+00
1.435571909e+00
1.617320538e+00
1.541443348e+00
1.459722638e+00
1.472882390e+00
1.468576312e+00
1.569881916e+00
1.310592771e+00
1.561219335e+00
1.409563303e+00
1.552895784e+00
1.440887690e+00
1.586118698e+00
1.366478205e+00
1.616504908e+00
1.470067859e+00
1.285886407e+00
1.481470704e+00
1.383607149e+00
1.290626049e+00
1.341122866e+00
1.326880217e+00
1.406895399e+00
1.154680133e+00
1.417311907e+00
1.237869859e+00
1.397054553e+00
1.338933349e+00
1.441344023e+00
1.086764097e+00
1.354208350e+00
1.261011839e+00
1.114168167e+00
1.308356762e+00
1.291925669e+00
1.267434120e+00
1.267628074e+00
1.219080567e+00
1.336598277e+00
1.065546751e+00
1.303857327e+00
1.160743713e+00
1.350120187e+00
1.259447813e+00
1.342853546e+00
1.053784251e+00
1.350816488e+00
1.229112387e+00
9.861615896e-01
1.130668402e+00
1.117582202e+00
1.128361225e+00
1.173395872e+00
1.094416261e+00
1.140701532e+00
9.330908060e-01
1.225167155e+00
1.057005405e+00
1.138369799e+00
1.012765646e+00
1.114335418e+00
8.484807611e-01
1.155689597e+00
1.087727547e+00
9.643877745e-01
1.181504011e+00
1.055272579e+00
9.197134376e-01
8.936836123e-01
9.465140104e-01
1.170629859e+00
9.269066453e-01
1.120855808e+00
9.897686243e-01
1.158383727e+00
1.052121997e+00
1.176620960e+00
8.609896302e-01
1.075769901e+00
9.804591537e-01
8.501168489e-01
1.089578509e+00
1.054071188e+00
9.665064812e-01
9.610199928e-01
9.381178021e-01
1.027079105e+00
7.683219910e-01
1.004995227e+00
8.618331552e-01
1.015965343e+00
8.844211102e-01
1.016373992e+00
8.256984353e-01
1.197380424e+00
1.125377059e+00
9.108363986e-01
1.049596071e+00
9.632819295e-01
9.021999836e-01
9.080228806e-01
8.854061365e-01
1.017504215e+00
7.827799916e-01
1.024385452e+00
8.794191480e-01
1.086981535e+00
1.033068895e+00
1.191704154e+00
9.462242126e-01
1.211334109e+00
1.107913494e+00
9.637367725e-01
1.191680670e+00
1.165457845e+00
1.105191350e+00
1.098648787e+00
1.029796600e+00
1.136588097e+00
9.532238841e-01
1.240539551e+00
1.059603930e+00
1.146091580e+00
1.023013353e+00
1.183404326e+00
9.923912287e-01
1.333856702e+00
1.229521513e+00
9.933995605e-01
1.151431084e+00
1.120445371e+00
1.143877029e+00
1.195335984e+00
1.143468380e+00
1.219128132e+00
9.820688963e-01
1.264066696e+00
1.153091788e+00
1.256344795e+00
1.144476533e+00
1.317304850e+00
1.065065980e+00
1.324064970e+00
1.238783598e+00
1.070480704e+00
1.258196831e+00
1.203323841e+00
1.122561455e+00
1.144768238e+00
1.149024844e+00
1.266159892e+00
9.897440076e-01
1.237748981e+00
1.177727103e+00
1.389766335e+00
1.307465672e+00
1.363831401e+00
1.031457901e+00
1.240081549e+00
1.072064877e+00
9.475975633e-01
1.193772912e+00
1.162883759e+00
1.142892003e+00
1.177750945e+00
1.143157125e+00
1.260650516e+00
1.026477456e+00
1.279511690e+00
1.038650751e+00
1.116815567e+00
1.072693706e+00
1.273570061e+00
9.746623635e-01
1.228728175e+00
1.131969571e+00
9.802420735e-01
1.154488206e+00
1.104712248e+00
1.087630510e+00
1.141326785e+00
1.132259130e+00
1.233778834e+00
1.019597054e+00
1.292238235e+00
1.101007700e+00
1.204165697e+00
1.100623488e+00
1.270153165e+00
1.049092531e+00
1.299671412e+00
1.112459183e+00
8.907964230e-01
1.050872445e+00
9.725199938e-01
9.038841724e-01
8.950541019e-01
8.869470954e-01
1.070116282e+00
8.964270353e-01
1.121431828e+00
9.048225284e-01
9.391067624e-01
8.117450476e-01
1.006345630e+00
7.365191579e-01
9.630889297e-01
8.351294994e-01
7.052447200e-01
8.981828094e-01
8.769623637e-01
8.925773501e-01
9.766311049e-01
9.488716125e-01
1.012717485e+00
7.485237718e-01
9.852442741e-01
8.419829607e-01
9.659016728e-01
8.235321641e-01
9.463439584e-01
7.076270580e-01
9.680215120e-01
8.344551921e-01
7.129427791e-01
9.481735826e-01
8.690248728e-01
8.053939939e-01
8.293791413e-01
8.200209737e-01
9.485829473e-01
7.315148711e-01
9.352802038e-01
7.160466909e-01
7.713778019e-01
6.783484817e-01
9.032831192e-01
7.181156874e-01
9.979003072e-01
8.948392868e-01
7.426536083e-01
9.643624425e-01
8.802351952e-01
8.151594400e-01
8.310868144e-01
8.339499831e-01
9.848828316e-01
