4.668043137e+00
2.443418026e+00
1.219740629e+00
7.408730388e-01
8.204303980e-01
9.597358704e-01
1.023975134e+00
9.913341999e-01
1.025097966e+00
1.148042798e+00
1.225354552e+00
1.256311297e+00
1.130399108e+00
9.782617688e-01
8.967797160e-01
9.391247034e-01
9.392851591e-01
9.793043733e-01
1.126228809e+00
1.247008324e+00
1.318866849e+00
1.134088278e+00
8.915668130e-01
7.998192310e-01
8.549960852e-01
9.535605311e-01
1.060385466e+00
1.114840508e+00
9.358365536e-01
8.550763130e-01
9.141829014e-01
1.028867245e+00
1.086289644e+00
9.623022079e-01
7.787269354e-01
7.712684274e-01
8.106461167e-01
8.389562964e-01
9.670339227e-01
1.042420864e+00
1.009699702e+00
9.019926190e-01
7.757595778e-01
7.723110318e-01
6.838516593e-01
6.529750824e-01
6.645237207e-01
7.514593005e-01
7.463265657e-01
8.268463016e-01
8.714368939e-01
7.877894044e-01
6.289154291e-01
4.355558753e-01
4.946624637e-01
7.774437666e-01
8.918073773e-01
8.497831821e-01
7.670981288e-01
6.711802483e-01
6.310808063e-01
6.131964326e-01
5.991616249e-01
7.037409544e-01
8.059945703e-01
7.927617431e-01
5.791118741e-01
4.261726141e-01
4.552046061e-01
6.549800634e-01
7.180965543e-01
5.160755515e-01
3.857523799e-01
5.122260451e-01
6.795209050e-01
6.503285170e-01
5.351629257e-01
4.645878673e-01
4.531996250e-01
4.647482932e-01
4.545630217e-01
4.571293890e-01
4.774197042e-01
5.501601100e-01
6.522532701e-01
5.648365021e-01
3.594471216e-01
3.100446165e-01
4.979506135e-01
6.382986903e-01
7.515395284e-01
7.670179009e-01
6.831298470e-01
6.734257936e-01
6.082240939e-01
6.567444205e-01
8.139342666e-01
7.869072556e-01
6.181687713e-01
6.801624894e-01
8.276482821e-01
8.695923090e-01
8.576426506e-01
7.067885399e-01
5.171181560e-01
3.671462238e-01
5.458293557e-01
8.053529859e-01
7.401512861e-01
5.396540165e-01
4.593749642e-01
4.531996250e-01
4.423727989e-01
5.171181560e-01
6.621979475e-01
7.400710583e-01
7.959697247e-01
8.771309853e-01
7.761605978e-01
6.754307747e-01
4.805474579e-01
3.163803220e-01
4.396460354e-01
5.569770336e-01
7.009339929e-01
8.838676810e-01
9.065639973e-01
8.100045323e-01
6.438323855e-01
5.324361324e-01
5.526462793e-01
6.637217402e-01
6.422284245e-01
5.494382977e-01
4.726879597e-01
4.033961296e-01
4.530392289e-01
4.601769447e-01
3.755671084e-01
3.191872835e-01
3.403598070e-01
3.582441509e-01
3.845493793e-01
4.109348357e-01
5.239350796e-01
7.544266582e-01
7.106381059e-01
6.119132638e-01
6.793605089e-01
7.848220468e-01
7.921201587e-01
6.687742472e-01
5.332381129e-01
5.300301909e-01
6.965230703e-01
6.964429021e-01
6.171261668e-01
6.172063947e-01
6.326045394e-01
6.334867477e-01
6.878616214e-01
6.480027437e-01
5.629919171e-01
5.664404631e-01
6.358926892e-01
6.948388815e-01
7.573940158e-01
6.699772477e-01
5.019605756e-01
4.463025331e-01
4.835148156e-01
5.491175056e-01
6.735060215e-01
8.005410433e-01
8.513069153e-01
7.795289159e-01
6.095072627e-01
5.969160795e-01
6.590701938e-01
7.908369899e-01
8.027865887e-01
8.767299652e-01
8.295730352e-01
6.785585284e-01
7.039013505e-01
7.472890019e-01
6.853754520e-01
6.228203177e-01
5.687662363e-01
5.563353896e-01
6.032517552e-01
6.382986903e-01
7.168936133e-01
7.828972936e-01
6.224192977e-01
4.606581330e-01
4.879257679e-01
6.037329435e-01
7.383869290e-01
7.278006673e-01
7.767219543e-01
8.572416902e-01
8.275680542e-01
5.853674412e-01
5.743801594e-01
7.250738740e-01
7.822557092e-01
9.377613664e-01
9.336712360e-01
7.203421593e-01
5.933070779e-01
4.782216847e-01
4.770187140e-01
5.467115641e-01
6.205747128e-01
7.067083120e-01
8.347859979e-01
1.024055362e+00
1.042100072e+00
9.295810461e-01
8.250017166e-01
6.645237207e-01
5.614681244e-01
5.730969906e-01
1.232893229e+00
3.453435659e+00
5.809994221e+00
6.851784229e+00
6.269938946e+00
5.115554810e+00
4.915056229e+00
5.438668728e+00
5.927647591e+00
6.307309151e+00
5.950663090e+00
5.791948318e+00
5.928291321e+00
6.182203770e+00
5.960774422e+00
5.383011818e+00
5.487592220e+00
6.418230534e+00
6.120935440e+00
5.303378582e+00
5.218526363e+00
5.293754101e+00
5.199922085e+00
5.090932369e+00
5.228635788e+00
5.139372349e+00
5.286133766e+00
6.228310585e+00
6.722819328e+00
6.213954926e+00
5.772140503e+00
5.826919079e+00
8.978178978e+00
3.862810059e+02
1.609406006e+03
2.462970459e+03
2.267686523e+03
1.531360840e+03
9.105943604e+02
6.086669312e+02
5.082312927e+02
4.586773682e+02
3.953052368e+02
3.248844910e+02
2.700274353e+02
2.357774658e+02
2.134078369e+02
1.990185089e+02
1.912462311e+02
1.842774353e+02
1.736643066e+02
1.599635010e+02
1.445395355e+02
1.370501404e+02
1.365467529e+02
1.358747253e+02
1.342187347e+02
1.317293396e+02
1.295577087e+02
1.311092987e+02
1.312817841e+02
1.292772217e+02
1.282069092e+02
1.264164047e+02
1.239780579e+02
1.238711700e+02
1.232419510e+02
1.181684265e+02
1.147217178e+02
1.130283203e+02
1.132343292e+02
1.130909119e+02
1.114969025e+02
1.122449799e+02
1.133296661e+02
1.142850189e+02
1.138655777e+02
1.103558502e+02
1.052840576e+02
1.039578018e+02
1.055090942e+02
1.043381271e+02
1.023937683e+02
1.009880371e+02
9.937395477e+01
9.979153442e+01
1.018075943e+02
1.027355347e+02
1.025575104e+02
1.016779938e+02
1.020087280e+02
1.016433487e+02
9.910721588e+01
9.687784576e+01
9.619379425e+01
9.525277710e+01
9.531175995e+01
9.484317780e+01
9.316708374e+01
9.126235962e+01
9.200185394e+01
9.107555389e+01
8.816475677e+01
8.629338074e+01
8.483953094e+01
8.462698364e+01
8.506890106e+01
8.425698853e+01
8.390753937e+01
8.365291595e+01
8.209370422e+01
7.944161224e+01
8.041065216e+01
8.241107941e+01
8.205572510e+01
7.872697449e+01
7.715613556e+01
7.788055420e+01
7.843648529e+01
7.740369415e+01
7.641598511e+01
7.507906342e+01
7.377400208e+01
7.388699341e+01
7.456558228e+01
7.394303894e+01
7.308800507e+01
7.229058838e+01
7.141359711e+01
7.234562683e+01
7.286346436e+01
7.183441162e+01
7.083518982e+01
6.830261230e+01
6.659934998e+01
6.685398102e+01
6.691750336e+01
6.727886963e+01
6.778947449e+01
6.675325012e+01
6.441667175e+01
6.276168060e+01
6.248034286e+01
6.236725998e+01
6.214115906e+01
6.149292374e+01
6.082938766e+01
5.912458801e+01
5.780998993e+01
5.727281570e+01
5.781647491e+01
5.932785416e+01
6.114517975e+01
6.171749115e+01
6.015590668e+01
5.825846100e+01
5.751773453e+01
5.689342499e+01
5.552237701e+01
5.546343994e+01
5.673376846e+01
5.572646332e+01
5.450951385e+01
5.372897720e+01
5.439989090e+01
5.467288971e+01
5.359439468e+01
5.247460556e+01
5.253052521e+01
5.228737259e+01
5.208693695e+01
5.221186447e+01
5.308279419e+01
5.323105240e+01
5.145698166e+01
4.945905685e+01
5.008427811e+01
5.005218887e+01
4.740574646e+01
4.669075394e+01
4.804070282e+01
4.832790375e+01
4.804405975e+01
4.798646545e+01
4.666370773e+01
4.467287827e+01
4.438124466e+01
4.494132614e+01
4.472712326e+01
4.477194595e+01
4.451979065e+01
4.308177185e+01
4.213019943e+01
4.193749619e+01
4.229942322e+01
4.305548859e+01
4.298098373e+01
4.096556091e+01
3.962343216e+01
3.963288879e+01
4.083155060e+01
4.162721634e+01
4.267646790e+01
4.330035400e+01
4.161285400e+01
4.050120163e+01
4.240442276e+01
4.300809860e+01
4.096476364e+01
3.820674133e+01
3.882515717e+01
3.985964203e+01
3.990124130e+01
3.936093903e+01
3.923912811e+01
3.907623291e+01
3.904262924e+01
3.763323975e+01
3.630051041e+01
3.682273865e+01
3.783933258e+01
3.793468857e+01
3.700485611e+01
3.488474274e+01
3.337477493e+01
3.239201355e+01
3.199734879e+01
3.257036972e+01
3.416320038e+01
3.595924759e+01
3.705820084e+01
3.613254929e+01
3.401540756e+01
3.254502106e+01
3.250669479e+01
3.364286804e+01
3.535904694e+01
3.456443405e+01
3.210521698e+01
3.049041176e+01
3.107722092e+01
3.277310562e+01
3.385500717e+01
3.382861328e+01
3.281457901e+01
3.175715256e+01
3.123603630e+01
3.073431587e+01
3.059915161e+01
3.076557350e+01
3.123233604e+01
3.189901543e+01
3.065098953e+01
2.988243294e+01
3.016152000e+01
3.079901123e+01
3.100705719e+01
3.037516022e+01
2.959188271e+01
3.028022003e+01
3.135695076e+01
3.118926430e+01
3.033593369e+01
2.959190750e+01
2.984789276e+01
2.951488113e+01
2.908300591e+01
2.891033745e+01
2.898757935e+01
2.948995590e+01
3.082643890e+01
3.085812378e+01
2.951537323e+01
2.742276382e+01
2.689262962e+01
2.776391029e+01
2.721279335e+01
2.641424751e+01
2.710763741e+01
2.803009033e+01
2.745275307e+01
2.749526405e+01
2.862244415e+01
2.906439400e+01
2.883230972e+01
2.755972862e+01
2.569158554e+01
2.502846527e+01
2.517379570e+01
2.509310532e+01
2.543274307e+01
2.590187073e+01
2.612217331e+01
2.551073074e+01
2.378816414e+01
2.325619507e+01
2.361003304e+01
2.402156830e+01
2.456435394e+01
2.492734528e+01
2.533433342e+01
2.475337410e+01
2.336567116e+01
2.252231026e+01
2.272552872e+01
2.357108688e+01
2.298649597e+01
2.210473061e+01
2.228861618e+01
2.254974365e+01
2.183275604e+01
2.199999046e+01
2.306871033e+01
2.349351883e+01
2.266787720e+01
2.113913536e+01
2.103591919e+01
2.214698410e+01
2.225124359e+01
2.119231224e+01
2.088611794e+01
2.109599876e+01
2.122230721e+01
2.087575722e+01
1.994104195e+01
1.915084457e+01
1.944693756e+01
1.973509216e+01
1.891842461e+01
1.868768883e+01
1.959426308e+01
2.117538071e+01
2.189315414e+01
2.112582779e+01
1.941879654e+01
1.821508217e+01
1.910617638e+01
2.068497658e+01
2.076492500e+01
1.927257919e+01
1.804619408e+01
1.778577423e+01
1.956884766e+01
2.114700508e+01
2.006824303e+01
1.863484383e+01
1.809293747e+01
1.918044281e+01
2.030603790e+01
1.903408051e+01
1.736168289e+01
1.599300861e+01
1.560636234e+01
1.615483856e+01
1.757533073e+01
1.786885834e+01
1.699990273e+01
1.670661545e+01
1.727610016e+01
1.730064964e+01
1.684776306e+01
1.690551186e+01
1.712133026e+01
1.738870239e+01
1.798346519e+01
1.756418037e+01
1.609173965e+01
1.545310020e+01
1.649857712e+01
1.751044655e+01
1.825438118e+01
1.741173172e+01
1.674287033e+01
1.683340645e+01
1.661061287e+01
1.710592079e+01
1.774293900e+01
1.783805466e+01
1.748357773e+01
1.653442574e+01
1.639167786e+01
1.690358734e+01
1.755608940e+01
1.704994774e+01
1.623206902e+01
1.593205070e+01
1.502932930e+01
1.431676674e+01
1.556842613e+01
1.687062454e+01
1.771215439e+01
1.786767006e+01
1.811989403e+01
1.801748276e+01
1.665544891e+01
1.579074955e+01
1.545968628e+01
1.550146770e+01
1.634395981e+01
1.725983047e+01
1.664029121e+01
1.581448364e+01
1.589836216e+01
1.651164818e+01
1.761021042e+01
1.726488304e+01
1.585955048e+01
1.497134781e+01
1.542014313e+01
1.595595455e+01
1.619397545e+01
1.652777290e+01
1.587126732e+01
1.571527481e+01
1.623223495e+01
1.598266029e+01
1.517818832e+01
1.425067997e+01
1.482659340e+01
1.571206760e+01
1.538621902e+01
1.493534088e+01
1.481801033e+01
1.442311096e+01
1.415051460e+01
1.343305016e+01
1.287430668e+01
1.355278969e+01
1.516166210e+01
1.675930595e+01
1.705074883e+01
1.630858994e+01
1.566964912e+01
1.406198025e+01
1.345309734e+01
1.360852814e+01
1.341612339e+01
1.247490883e+01
1.197576618e+01
1.298057079e+01
1.389491558e+01
1.347466850e+01
1.308208942e+01
1.331828022e+01
1.338901329e+01
1.294447327e+01
1.326423168e+01
1.352038670e+01
1.321121979e+01
1.247354794e+01
1.238901806e+01
1.248069096e+01
1.267621040e+01
1.281247902e+01
1.267197227e+01
1.316461945e+01
1.366049671e+01
1.313607407e+01
1.221115494e+01
1.238622379e+01
1.269922543e+01
1.243441105e+01
1.264966202e+01
1.305033398e+01
1.321955872e+01
1.310326958e+01
1.296814728e+01
1.239753723e+01
1.319606018e+01
1.398185921e+01
1.363796043e+01
1.239006615e+01
1.111916161e+01
1.081641579e+01
1.115717888e+01
1.164398098e+01
1.149048042e+01
1.134868813e+01
1.194970131e+01
1.311690331e+01
1.328532124e+01
1.214667034e+01
1.197344017e+01
1.243065453e+01
1.270830250e+01
1.303622341e+01
1.349343777e+01
1.298024940e+01
1.140819645e+01
1.008596134e+01
9.578140259e+00
9.824590683e+00
1.065208626e+01
1.106053638e+01
1.182251358e+01
1.282329845e+01
1.208193970e+01
1.110464573e+01
1.191552162e+01
1.308891392e+01
1.329975700e+01
1.246272850e+01
1.196197987e+01
1.107297230e+01
1.083341599e+01
1.176925659e+01
1.152216339e+01
1.082660389e+01
1.057108498e+01
1.107738304e+01
1.197639751e+01
1.218411541e+01
1.178513813e+01
1.101242733e+01
1.145239544e+01
1.190936184e+01
1.209950256e+01
1.205322552e+01
1.142512512e+01
1.085322952e+01
1.130899715e+01
1.176251221e+01
1.165152168e+01
1.141429138e+01
1.133304977e+01
1.135149574e+01
1.197720718e+01
1.226094818e+01
1.097705173e+01
9.888272285e+00
1.036024570e+01
1.118949604e+01
1.156362629e+01
1.161095428e+01
1.170975685e+01
1.144837856e+01
1.097207737e+01
1.022727299e+01
1.014578819e+01
1.072643566e+01
1.126223373e+01
1.097288418e+01
1.011354637e+01
9.191829681e+00
9.141707420e+00
9.790670395e+00
1.098090363e+01
1.138751698e+01
1.105299759e+01
1.060204697e+01
1.073742008e+01
1.055553150e+01
1.017770481e+01
9.925080299e+00
9.883540154e+00
1.030386257e+01
1.044292450e+01
1.075329685e+01
1.142191792e+01
1.030001259e+01
9.053805351e+00
8.377571106e+00
8.559054375e+00
9.148996353e+00
1.034869576e+01
1.081505299e+01
1.033962917e+01
9.751291275e+00
9.518873215e+00
9.005118370e+00
9.377722740e+00
9.866137505e+00
9.676949501e+00
9.765411377e+00
1.039873600e+01
1.078297520e+01
1.112389565e+01
1.006310749e+01
9.694913864e+00
9.881691933e+00
1.048872471e+01
1.009630775e+01
9.581594467e+00
9.269618988e+00
9.594985008e+00
1.049256802e+01
1.025558281e+01
1.009766769e+01
9.700120926e+00
8.812966347e+00
8.241786957e+00
8.183171272e+00
8.366344452e+00
8.352871895e+00
8.522487640e+00
8.387190819e+00
7.766854763e+00
7.614958286e+00
8.717373848e+00
9.614149094e+00
9.804619789e+00
9.412933350e+00
8.569402695e+00
8.204582214e+00
8.871993065e+00
9.215403557e+00
9.306035042e+00
9.256464958e+00
9.476770401e+00
8.758913994e+00
7.968631744e+00
8.246521950e+00
9.093417168e+00
9.049628258e+00
9.135762215e+00
8.862609863e+00
8.387594223e+00
8.565233231e+00
8.702847481e+00
8.614067078e+00
7.864537239e+00
7.425604820e+00
7.205944061e+00
7.058778763e+00
8.088771820e+00
8.786582947e+00
8.702772141e+00
8.544139862e+00
8.580470085e+00
8.518232346e+00
8.842956543e+00
9.260956764e+00
9.067683220e+00
8.738704681e+00
8.507166862e+00
8.909842491e+00
9.018355370e+00
8.154139519e+00
7.993574619e+00
8.915862083e+00
9.703894615e+00
9.005518913e+00
8.051641464e+00
7.200408936e+00
7.369709969e+00
8.178355217e+00
9.245560646e+00
1.023954201e+01
1.020336628e+01
9.519438744e+00
8.658505440e+00
8.016278267e+00
7.904238224e+00
7.679678917e+00
7.765733242e+00
8.210514069e+00
7.946898937e+00
7.515271187e+00
7.594348431e+00
7.942969322e+00
8.473410606e+00
8.887469292e+00
9.513342857e+00
9.493211746e+00
8.881134987e+00
8.105450630e+00
8.343719482e+00
9.214598656e+00
9.676463127e+00
9.334096909e+00
8.811764717e+00
8.346610069e+00
8.511423111e+00
9.148600578e+00
9.844882965e+00
9.185494423e+00
7.702127934e+00
6.966063976e+00
7.252054691e+00
7.611506939e+00
8.170815468e+00
9.134397507e+00
1.014202499e+01
9.796925545e+00
8.307320595e+00
7.355356693e+00
7.660189152e+00
8.043379784e+00
8.874881744e+00
9.207465172e+00
8.724510193e+00
8.148201942e+00
8.384460449e+00
9.187574387e+00
9.682002068e+00
8.689620018e+00
7.853870869e+00
7.798936844e+00
8.397135735e+00
8.984110832e+00
8.840793610e+00
8.913612366e+00
8.590174675e+00
7.739187717e+00
8.097915649e+00
8.391924858e+00
8.281969070e+00
7.554405689e+00
7.170254230e+00
7.444694519e+00
8.261516571e+00
8.363533020e+00
8.297611237e+00
7.915626526e+00
7.035921097e+00
6.273708344e+00
6.346852303e+00
7.341237068e+00
8.729401588e+00
9.258227348e+00
8.770620346e+00
8.228717804e+00
7.893969059e+00
7.946904182e+00
8.352387428e+00
8.283175468e+00
8.308757782e+00
7.908079147e+00
7.197605610e+00
6.597710609e+00
6.332328320e+00
7.166163921e+00
8.388079643e+00
8.645031929e+00
8.461299896e+00
8.083559036e+00
7.738780499e+00
6.849062443e+00
6.630749702e+00
7.632920265e+00
7.762444019e+00
7.078669548e+00
7.109063625e+00
7.664922237e+00
8.077544212e+00
7.810482979e+00
7.207388878e+00
7.093423367e+00
7.268013954e+00
7.438278675e+00
7.008009434e+00
6.283974648e+00
6.365370274e+00
7.053240299e+00
7.420315742e+00
7.369148731e+00
7.090213299e+00
7.080348492e+00
7.122537136e+00
6.789226532e+00
7.048593521e+00
6.826200962e+00
6.577898979e+00
6.574051857e+00
7.098795414e+00
7.085163116e+00
6.439238548e+00
6.381734848e+00
7.292476177e+00
7.449271202e+00
6.736059666e+00
6.065433979e+00
6.712637901e+00
7.495863914e+00
7.642230988e+00
7.261604309e+00
7.579192162e+00
8.094705582e+00
8.112108231e+00
7.754665852e+00
7.229680061e+00
6.841120243e+00
6.761155605e+00
6.758431435e+00
7.162473679e+00
7.557616234e+00
7.901828289e+00
7.364578724e+00
7.216288090e+00
7.048110962e+00
6.419107437e+00
5.814810276e+00
6.431461811e+00
7.850180149e+00
8.867178917e+00
8.571808815e+00
7.622974396e+00
7.132079601e+00
7.852746487e+00
8.410689354e+00
