1.516202539e-01
-8.105205745e-02
-1.876865141e-02
8.048047870e-02
1.596102417e-01
1.586475968e-01
1.467107534e-01
1.570110917e-01
1.433414817e-01
1.815586537e-01
1.799221486e-01
1.964797080e-01
1.856017709e-01
1.872382760e-01
2.216048539e-01
2.553938329e-01
1.945544183e-01
1.817511767e-01
2.538536191e-01
3.154631555e-01
3.209502697e-01
2.939960659e-01
2.796525955e-01
2.414354235e-01
2.665605843e-01
2.493291497e-01
2.162140161e-01
1.947469413e-01
1.876233369e-01
2.603033483e-01
3.231643438e-01
3.422248065e-01
2.830218673e-01
2.768609226e-01
2.841770649e-01
2.515432537e-01
2.453822941e-01
2.434569895e-01
2.398951948e-01
2.226637751e-01
2.012929618e-01
2.007153630e-01
1.852167100e-01
2.160214931e-01
3.151743710e-01
3.522363603e-01
2.820592225e-01
2.145775110e-01
1.755902171e-01
1.592251807e-01
1.878158748e-01
1.891635805e-01
2.022556067e-01
2.035070509e-01
2.080315053e-01
2.268031687e-01
2.417242229e-01
2.548162639e-01
2.282471359e-01
2.143849880e-01
2.408578396e-01
2.922632992e-01
2.998682261e-01
2.390288115e-01
1.804997325e-01
1.387207657e-01
1.729910672e-01
2.363333851e-01
2.550087869e-01
2.934184968e-01
2.807115316e-01
2.140961885e-01
1.467107534e-01
1.451705098e-01
1.910888702e-01
2.461524159e-01
2.547200024e-01
2.384512126e-01
2.366221845e-01
2.110157162e-01
2.338304967e-01
2.186206430e-01
2.011004239e-01
1.798258871e-01
2.165990770e-01
2.698335946e-01
3.036225736e-01
2.572228909e-01
2.336379737e-01
2.084165663e-01
1.901262254e-01
1.937842965e-01
1.990788579e-01
2.081277668e-01
1.869494915e-01
1.985012740e-01
2.478851825e-01
2.770534456e-01
2.495216876e-01
2.874500751e-01
2.727215290e-01
2.032182515e-01
2.307500243e-01
2.446121722e-01
2.573191524e-01
2.680045366e-01
2.500992715e-01
2.218936533e-01
2.572228909e-01
2.547200024e-01
2.140961885e-01
2.169841379e-01
2.281508744e-01
2.139999270e-01
1.926291138e-01
1.637496352e-01
1.632683128e-01
2.139036655e-01
2.085128278e-01
2.363333851e-01
2.975578904e-01
2.938998044e-01
2.502917945e-01
2.203534096e-01
1.933992356e-01
2.306537628e-01
2.681008279e-01
2.989055812e-01
2.887977660e-01
2.666568458e-01
2.241077423e-01
1.973460913e-01
2.161177546e-01
2.355632633e-01
2.516395152e-01
2.640576959e-01
2.736841738e-01
2.724327445e-01
2.380661517e-01
2.336379737e-01
2.186206430e-01
2.272844911e-01
2.347931564e-01
2.454785556e-01
2.879313827e-01
3.612852693e-01
4.335802197e-01
3.928601444e-01
3.180623055e-01
2.604958713e-01
2.587631047e-01
2.120746225e-01
2.334454358e-01
2.670418918e-01
3.205651939e-01
3.411659002e-01
3.553168178e-01
3.373152912e-01
3.536803424e-01
3.234531283e-01
2.986167967e-01
2.689672112e-01
3.399144411e-01
4.055671096e-01
3.747623563e-01
3.410696089e-01
3.003495634e-01
2.754169405e-01
2.707962394e-01
2.936110198e-01
3.057403862e-01
3.535840511e-01
3.713930845e-01
3.714893460e-01
3.490596116e-01
3.219129145e-01
2.739729881e-01
2.187169045e-01
2.326753289e-01
2.766683996e-01
2.703149021e-01
2.911081314e-01
3.128640056e-01
3.437650502e-01
3.785166740e-01
4.104766250e-01
3.661947548e-01
2.822517455e-01
2.866799533e-01
3.473268449e-01
3.667723536e-01
3.766876459e-01
3.686976433e-01
2.979429364e-01
2.875463367e-01
3.010234237e-01
3.255709708e-01
3.443426192e-01
3.745698035e-01
3.737034202e-01
3.036225736e-01
3.471343219e-01
3.712005317e-01
3.176772594e-01
3.229718208e-01
2.812891006e-01
2.723364830e-01
3.181585670e-01
3.407808244e-01
2.904342711e-01
3.059329391e-01
2.978466749e-01
3.177735209e-01
3.596487641e-01
3.771689832e-01
3.054516017e-01
2.701223791e-01
2.863911390e-01
3.236456811e-01
3.785166740e-01
3.916087151e-01
4.103803635e-01
3.861216009e-01
3.333684206e-01
2.805189788e-01
3.083395362e-01
3.437650502e-01
4.085513353e-01
4.178890288e-01
3.510811627e-01
3.535840511e-01
3.876618445e-01
4.136533737e-01
4.372382760e-01
4.407038093e-01
4.175039828e-01
4.189479351e-01
3.961331546e-01
3.874693215e-01
3.878543675e-01
3.736071587e-01
4.035455585e-01
4.846006334e-01
4.717973769e-01
4.444581568e-01
3.843888342e-01
3.885282278e-01
3.938227892e-01
4.474423528e-01
4.026791751e-01
4.237611890e-01
4.697758257e-01
4.894138575e-01
4.371420145e-01
5.745120645e-01
1.253275990e+00
2.593278408e+00
6.952130890e+01
3.318681030e+02
5.488905640e+02
5.395007935e+02
3.887363281e+02
2.439090271e+02
1.669416809e+02
1.421649933e+02
1.313492432e+02
1.174045258e+02
1.014908524e+02
8.728919220e+01
7.775997925e+01
7.181910706e+01
6.728077698e+01
6.552835083e+01
6.417882538e+01
6.150741196e+01
5.807870865e+01
5.553007126e+01
5.357922745e+01
5.240822220e+01
5.190775299e+01
5.191190720e+01
5.142846298e+01
4.958346939e+01
4.750600052e+01
4.664788818e+01
4.731145477e+01
4.835562515e+01
4.751897812e+01
4.602804565e+01
4.430126572e+01
4.343889999e+01
4.290366745e+01
4.322816849e+01
4.381261063e+01
4.369353867e+01
4.241676331e+01
4.196939850e+01
4.201156235e+01
4.151638031e+01
4.124491882e+01
4.094563293e+01
4.024607468e+01
3.963056183e+01
3.862335587e+01
3.792206573e+01
3.711908340e+01
3.747901535e+01
3.756219101e+01
3.708635712e+01
3.569608688e+01
3.532827759e+01
3.549356079e+01
3.586417770e+01
3.570225525e+01
3.493640137e+01
3.446318054e+01
3.356222153e+01
3.263182068e+01
3.265251541e+01
3.299185562e+01
3.340482712e+01
3.275504303e+01
3.180836868e+01
3.099848175e+01
3.128275108e+01
3.114731216e+01
3.096634102e+01
3.045700836e+01
3.079133606e+01
3.061776543e+01
2.968486786e+01
2.927421379e+01
2.908361435e+01
2.897273064e+01
2.909152031e+01
2.932226181e+01
2.955558968e+01
2.900737381e+01
2.823678970e+01
2.740677643e+01
2.702354622e+01
2.650690460e+01
2.648649597e+01
2.611328316e+01
2.622226143e+01
2.643566704e+01
2.597310829e+01
2.513037491e+01
2.448645592e+01
2.473202896e+01
2.516849136e+01
2.526273918e+01
2.545883179e+01
2.497269440e+01
2.455778885e+01
2.390656662e+01
2.394767189e+01
2.443639946e+01
2.514838600e+01
2.449599266e+01
2.325224686e+01
2.251197243e+01
2.214317513e+01
2.196875954e+01
2.201563644e+01
2.215550613e+01
2.203874397e+01
2.159659195e+01
2.190599060e+01
2.132253265e+01
2.073175430e+01
2.045354843e+01
2.065271759e+01
2.046038437e+01
2.060092735e+01
1.963193130e+01
1.898310280e+01
1.946972466e+01
2.012789345e+01
2.067082214e+01
2.012846947e+01
1.883226204e+01
1.845354652e+01
1.841310501e+01
1.856511116e+01
1.863395309e+01
1.874898911e+01
1.852825165e+01
1.847241783e+01
1.849262428e+01
1.888615227e+01
1.833069992e+01
1.782154846e+01
1.789442825e+01
1.742185020e+01
1.663219070e+01
1.631692123e+01
1.694254112e+01
1.766926956e+01
1.754113579e+01
1.724607658e+01
1.656422043e+01
1.665432549e+01
1.658733368e+01
1.639874649e+01
1.576561928e+01
1.558896637e+01
1.495446396e+01
1.521853065e+01
1.569215965e+01
1.514584732e+01
1.505160713e+01
1.514151859e+01
1.497266960e+01
1.476953602e+01
1.471783257e+01
1.497814751e+01
1.508433437e+01
1.540443039e+01
1.515981483e+01
1.503697205e+01
1.464652157e+01
1.461504269e+01
1.406977367e+01
1.387089348e+01
1.379705524e+01
1.348640823e+01
1.369126034e+01
1.403944778e+01
1.400768280e+01
1.365410233e+01
1.321946621e+01
1.332102203e+01
1.341902351e+01
1.380398941e+01
1.339187908e+01
1.315997696e+01
1.306236744e+01
1.334508896e+01
1.326644039e+01
1.337377834e+01
1.301346207e+01
1.206129932e+01
1.171243095e+01
1.209508419e+01
1.247032452e+01
1.249901676e+01
1.215669250e+01
1.222821999e+01
1.204916286e+01
1.229955578e+01
1.209335613e+01
1.196349049e+01
1.153742123e+01
1.153828812e+01
1.146175385e+01
1.170395660e+01
1.173687935e+01
1.144346523e+01
1.130340290e+01
1.121378040e+01
1.107910156e+01
1.111414337e+01
1.104694843e+01
1.117007637e+01
1.090890884e+01
1.116410637e+01
1.102606201e+01
1.101220322e+01
1.080340767e+01
1.067797279e+01
1.019905376e+01
1.042536926e+01
1.068518639e+01
1.042113972e+01
1.052308273e+01
1.051460934e+01
1.072225189e+01
1.103463173e+01
1.083478546e+01
1.044106007e+01
9.841618538e+00
1.004647446e+01
1.009932137e+01
1.014677811e+01
9.791851044e+00
9.772692680e+00
9.438074112e+00
9.577276230e+00
9.966767311e+00
1.011934566e+01
1.013330173e+01
9.914978981e+00
9.787039757e+00
9.725330353e+00
9.361835480e+00
9.362509727e+00
9.298589706e+00
9.642352104e+00
9.437880516e+00
9.265859604e+00
8.797821045e+00
8.477837563e+00
8.321886063e+00
9.163815498e+00
9.573332787e+00
9.208873749e+00
9.046377182e+00
8.747760773e+00
8.296276093e+00
7.953583717e+00
7.980247498e+00
8.531841278e+00
8.558118820e+00
8.542908669e+00
8.123871803e+00
8.264702797e+00
8.323038101e+00
8.594797134e+00
8.338927269e+00
8.151981354e+00
7.784053802e+00
7.444437027e+00
7.621182442e+00
7.641011715e+00
7.542043686e+00
7.501233578e+00
7.247291088e+00
7.507395744e+00
7.418636799e+00
7.617707729e+00
7.429510117e+00
7.596150398e+00
7.535309792e+00
7.521060944e+00
6.977558136e+00
7.031272411e+00
7.321604729e+00
7.384274483e+00
7.463497639e+00
7.584019661e+00
7.544842720e+00
7.374939919e+00
6.971306801e+00
6.972749710e+00
6.885822296e+00
7.536660194e+00
7.565923214e+00
7.425862312e+00
7.030220985e+00
6.978332996e+00
6.539363384e+00
6.558228016e+00
6.709650040e+00
6.669605255e+00
6.962925911e+00
7.134185791e+00
7.196664810e+00
6.883412838e+00
6.205432415e+00
6.041686535e+00
5.821911335e+00
6.266077042e+00
6.627352238e+00
6.763272762e+00
6.064591408e+00
6.023299217e+00
6.198498249e+00
6.633125305e+00
6.732565403e+00
6.078939438e+00
5.729883671e+00
5.929631233e+00
6.354447365e+00
6.710717678e+00
6.643431664e+00
6.707828522e+00
6.143918514e+00
5.969775677e+00
5.735272408e+00
6.015695095e+00
6.015116692e+00
6.002696037e+00
5.684831142e+00
5.812287331e+00
5.827687263e+00
5.651137352e+00
5.993455410e+00
6.189644814e+00
6.238833904e+00
6.275029659e+00
5.879476547e+00
6.022625446e+00
5.539470673e+00
5.322972775e+00
5.206106186e+00
5.771566868e+00
5.947731018e+00
5.993937016e+00
5.654699802e+00
5.752311707e+00
5.996247768e+00
6.050347328e+00
5.962553501e+00
6.007704258e+00
6.148924828e+00
6.167213440e+00
5.858396530e+00
5.898826122e+00
5.500193119e+00
5.826053143e+00
5.974396706e+00
6.075571537e+00
5.613883495e+00
5.612823963e+00
5.475358486e+00
5.539951324e+00
5.700810909e+00
5.564886093e+00
5.661340714e+00
5.643340588e+00
5.604159355e+00
5.513768673e+00
5.526762962e+00
5.890932560e+00
5.666541100e+00
5.614847183e+00
5.333944321e+00
5.508763313e+00
5.638238907e+00
5.994994164e+00
5.710821152e+00
5.497210503e+00
5.329612732e+00
5.138913155e+00
5.239413261e+00
5.231327534e+00
5.142570019e+00
5.247787476e+00
5.092322350e+00
5.416059971e+00
5.367830753e+00
5.557761192e+00
5.282443523e+00
5.290528297e+00
5.099539280e+00
5.275032043e+00
5.160380363e+00
5.497019768e+00
5.670580864e+00
5.130920410e+00
5.028688431e+00
5.212748528e+00
5.178285599e+00
5.081733227e+00
4.813827515e+00
5.007318497e+00
5.014538288e+00
5.281481743e+00
5.215250492e+00
5.203216076e+00
4.901426315e+00
4.998272419e+00
4.682716846e+00
4.654124737e+00
4.804295540e+00
4.735950470e+00
4.671838284e+00
4.583756447e+00
4.559688568e+00
4.722665310e+00
4.739318371e+00
4.811613083e+00
4.220163822e+00
4.215349197e+00
4.160091400e+00
4.508281708e+00
4.491051197e+00
4.625629425e+00
4.193012714e+00
4.253372192e+00
4.460149288e+00
4.538990974e+00
4.634007454e+00
4.434542656e+00
4.163751125e+00
4.314308643e+00
4.360230923e+00
4.578940868e+00
4.427712440e+00
4.408267021e+00
4.064023495e+00
4.311614037e+00
4.317776680e+00
4.400465965e+00
4.162308693e+00
4.373994350e+00
4.846364975e+00
4.791300774e+00
4.567099571e+00
4.485562325e+00
4.381309032e+00
4.237873554e+00
4.160768509e+00
4.719681740e+00
4.748944759e+00
4.809206486e+00
4.404898643e+00
4.504049301e+00
4.619182587e+00
4.858203888e+00
4.562480450e+00
4.401624203e+00
4.246633530e+00
4.107532501e+00
4.224300861e+00
4.181464672e+00
4.062289238e+00
4.144882679e+00
3.979304552e+00
4.095592499e+00
3.887471676e+00
4.114076138e+00
4.278400421e+00
4.595501423e+00
4.416446686e+00
4.473629475e+00
4.172991753e+00
4.190414906e+00
4.313345909e+00
4.329327583e+00
4.733158112e+00
4.979209900e+00
4.681366920e+00
4.281386852e+00
3.900850058e+00
4.051409245e+00
4.036489487e+00
4.471027851e+00
4.345497608e+00
4.344440937e+00
4.216504097e+00
4.163173676e+00
3.772434235e+00
4.179442406e+00
4.591166019e+00
4.412693024e+00
4.299965382e+00
4.237296581e+00
4.228347301e+00
4.420393944e+00
4.351278305e+00
4.352719307e+00
4.058532715e+00
4.231713295e+00
4.231426239e+00
4.451199055e+00
4.291398525e+00
4.423859596e+00
4.115326881e+00
4.110033035e+00
4.252025127e+00
3.962749958e+00
3.824321747e+00
3.791976690e+00
3.764348030e+00
3.855798960e+00
3.961306810e+00
4.433485508e+00
4.495575428e+00
4.650464535e+00
4.295440674e+00
4.171644688e+00
4.023303509e+00
4.130539894e+00
3.841072559e+00
3.889396906e+00
3.942440271e+00
4.074321747e+00
4.296210766e+00
4.273587704e+00
4.039378166e+00
3.938973188e+00
3.823071003e+00
3.935219049e+00
3.523013353e+00
3.579134941e+00
3.467467070e+00
3.686471939e+00
3.707071781e+00
3.848868608e+00
3.641710281e+00
3.839725733e+00
4.099058628e+00
3.975070477e+00
3.967178822e+00
3.925014257e+00
3.949175119e+00
3.936853170e+00
3.673088074e+00
3.648830175e+00
3.335872173e+00
3.567101240e+00
3.542939425e+00
3.551601648e+00
3.443593979e+00
3.899118900e+00
3.891801119e+00
3.981232882e+00
3.931563139e+00
3.583083391e+00
3.602143049e+00
3.810461044e+00
3.958706856e+00
4.009533405e+00
3.664134026e+00
3.456107616e+00
3.051789284e+00
3.549388409e+00
3.703027248e+00
3.848577499e+00
3.589337587e+00
3.636026859e+00
3.261842728e+00
3.294478178e+00
3.464482069e+00
3.482580662e+00
3.834427357e+00
3.996636629e+00
3.662595987e+00
3.358784676e+00
3.215923071e+00
3.694842339e+00
3.708321810e+00
3.668662071e+00
3.318160057e+00
3.328170776e+00
3.285332203e+00
3.527055740e+00
3.247496367e+00
3.415771246e+00
3.674532890e+00
3.498850107e+00
3.443882704e+00
3.317101240e+00
3.482580662e+00
3.855895996e+00
3.936851740e+00
3.947252035e+00
3.369564772e+00
3.387664080e+00
3.340301752e+00
3.568064451e+00
3.400946379e+00
3.512421846e+00
3.552757740e+00
3.871492386e+00
4.024360180e+00
3.574417353e+00
3.375437021e+00
3.228534460e+00
3.059298038e+00
3.206297159e+00
3.220541477e+00
3.475169659e+00
3.389011860e+00
3.533986807e+00
3.312383413e+00
3.256934881e+00
3.106564522e+00
3.389203548e+00
3.276957273e+00
3.207641840e+00
2.936751604e+00
2.812569618e+00
3.149787188e+00
3.383716583e+00
3.489415407e+00
3.570663691e+00
3.335097551e+00
3.417600155e+00
3.133132935e+00
3.240185499e+00
3.290820122e+00
3.453894377e+00
3.271469355e+00
3.576150179e+00
3.532348871e+00
3.752025366e+00
3.848389626e+00
3.513674974e+00
3.580386400e+00
3.722183943e+00
3.564887762e+00
3.393246651e+00
3.385834217e+00
3.822395802e+00
3.593477726e+00
3.519258976e+00
3.320471287e+00
3.504047632e+00
3.494421244e+00
3.707744122e+00
3.349831343e+00
3.525803566e+00
3.816523552e+00
3.700621367e+00
3.769351482e+00
3.774935722e+00
3.630155325e+00
3.699849844e+00
3.597811222e+00
3.703319073e+00
3.418662071e+00
3.703894377e+00
3.789376974e+00
3.871682644e+00
3.622644424e+00
3.922321081e+00
3.791495562e+00
3.701102018e+00
3.680022240e+00
3.541302919e+00
3.635544777e+00
3.653931379e+00
3.519834995e+00
3.329229832e+00
3.246439695e+00
3.734505177e+00
3.909323692e+00
4.048426628e+00
3.560362577e+00
3.404799223e+00
3.392284155e+00
3.810938597e+00
3.588375807e+00
3.649309874e+00
3.733350754e+00
3.491051197e+00
3.323068857e+00
3.144588470e+00
3.151518822e+00
3.315270662e+00
3.343669415e+00
3.695037127e+00
3.503855228e+00
3.593286037e+00
3.295247555e+00
3.256644487e+00
3.087020874e+00
3.562481880e+00
3.688490391e+00
3.742111444e+00
3.610135317e+00
3.297842979e+00
3.288214922e+00
3.366289616e+00
3.402294159e+00
3.502409697e+00
3.290335655e+00
3.315271378e+00
3.110702753e+00
3.411729574e+00
3.285908222e+00
3.308242559e+00
3.341359854e+00
3.610612869e+00
3.360418797e+00
3.324803114e+00
3.389781237e+00
3.451103449e+00
3.650370359e+00
3.603200436e+00
3.344921827e+00
3.321529388e+00
3.282926321e+00
3.521279097e+00
3.302852392e+00
3.495286703e+00
3.610516548e+00
3.662595272e+00
3.310264826e+00
3.436086178e+00
3.391899109e+00
3.563539267e+00
3.517139673e+00
3.279268980e+00
3.383141994e+00
3.282248735e+00
3.223812819e+00
3.280610800e+00
3.238060236e+00
3.511652470e+00
3.169329882e+00
3.087214947e+00
2.930014372e+00
3.227280617e+00
3.387374640e+00
3.825188160e+00
3.727767229e+00
3.592418194e+00
3.391128778e+00
3.233925343e+00
3.437624931e+00
3.650274754e+00
3.657782793e+00
3.616293192e+00
3.342128515e+00
3.276859522e+00
2.891219616e+00
3.137176752e+00
3.514445782e+00
3.801024914e+00
3.471895218e+00
3.429634809e+00
3.444364071e+00
3.694073915e+00
3.657108068e+00
3.384676933e+00
3.479691029e+00
3.572877884e+00
3.536297798e+00
3.525226593e+00
3.374570608e+00
