2.332839370e-02
2.380188555e-02
2.252604626e-02
2.169080265e-02
2.081612870e-02
1.851431467e-02
1.819863915e-02
2.036233619e-02
2.119099535e-02
1.996773295e-02
1.925088838e-02
1.746863127e-02
1.670574956e-02
1.789611578e-02
1.907333732e-02
2.049387805e-02
2.007955313e-02
1.992828026e-02
1.929034851e-02
2.210514620e-02
2.215118334e-02
2.161847241e-02
2.158559114e-02
2.038864791e-02
1.833675243e-02
1.851432025e-02
1.725161262e-02
1.796846092e-02
2.046099678e-02
2.041496150e-02
1.966522820e-02
1.897468232e-02
1.871163025e-02
1.813288592e-02
1.864586398e-02
1.932982728e-02
1.679784060e-02
1.794217154e-02
1.827757433e-02
1.715297252e-02
1.567322761e-02
1.742918789e-02
1.846171916e-02
1.773829572e-02
1.665315963e-02
1.649532653e-02
1.804740541e-02
1.703460328e-02
1.552855037e-02
1.720560342e-02
1.719244756e-02
1.685704291e-02
1.659397222e-02
1.532467641e-02
1.443024352e-02
1.416718122e-02
1.464727428e-02
1.533124689e-02
1.573899388e-02
1.486431062e-02
1.569295861e-02
1.566665247e-02
1.521286555e-02
1.317411009e-02
1.369366143e-02
1.423294656e-02
1.532466710e-02
1.587052271e-02
1.475906931e-02
1.458807848e-02
1.525890455e-02
1.548908185e-02
1.512737013e-02
1.566007547e-02
1.506818086e-02
1.389754191e-02
1.355555747e-02
1.256906521e-02
1.260194834e-02
1.176672336e-02
1.268744282e-02
1.348321419e-02
1.417375728e-02
1.446970366e-02
1.362790260e-02
1.445655711e-02
1.328590978e-02
1.262825448e-02
1.235203817e-02
1.196402032e-02
1.145104785e-02
1.183906570e-02
1.195086818e-02
1.053032838e-02
1.039879676e-02
1.039879676e-02
8.853303269e-03
9.083482437e-03
1.016861759e-02
9.991049767e-03
1.076050848e-02
1.018176973e-02
1.222050749e-02
1.339771040e-02
1.283212751e-02
1.277293824e-02
1.347006205e-02
1.263483055e-02
1.410799846e-02
1.479854435e-02
1.494980231e-02
1.289131772e-02
1.227311883e-02
1.320699230e-02
1.379889715e-02
1.444340684e-02
1.393700484e-02
1.417376474e-02
1.526547782e-02
1.415403374e-02
1.358844247e-02
1.450916938e-02
1.460124459e-02
1.381862350e-02
1.359502226e-02
1.559430640e-02
1.495637931e-02
1.494980231e-02
1.466043387e-02
1.605468430e-02
1.583765261e-02
1.416061074e-02
1.517340261e-02
1.628484391e-02
1.619934849e-02
1.585736685e-02
1.583763957e-02
1.646242663e-02
1.346348785e-02
1.492349710e-02
1.441710349e-02
1.435791515e-02
1.417376753e-02
1.397647057e-02
1.413431112e-02
1.448286604e-02
1.512079407e-02
1.454205532e-02
1.466043666e-02
1.395673677e-02
1.358843967e-02
1.504187472e-02
1.581791043e-02
1.516682934e-02
1.671233587e-02
1.820524037e-02
1.889578626e-02
1.988884620e-02
1.990200207e-02
2.085560001e-02
2.115812339e-02
2.107262425e-02
2.104632556e-02
2.199334465e-02
2.198019251e-02
2.102001570e-02
2.246027812e-02
2.194073051e-02
2.217091247e-02
2.198019437e-02
2.235505544e-02
2.284827270e-02
2.132910863e-02
2.130937390e-02
2.274963446e-02
2.360459603e-02
2.501196228e-02
2.330205403e-02
2.389394119e-02
2.465682663e-02
2.407150716e-02
2.513691224e-02
2.639304101e-02
2.528160065e-02
2.671529166e-02
2.854358219e-02
2.735321037e-02
2.903023735e-02
2.813584171e-02
2.817528881e-02
2.881979942e-02
2.945771255e-02
3.125311062e-02
3.158193827e-02
3.308796883e-02
3.198310360e-02
3.229878098e-02
3.331157193e-02
3.204888478e-02
2.991149016e-02
3.152275085e-02
3.046393394e-02
2.820159495e-02
2.899076976e-02
2.922753431e-02
2.851727046e-02
3.001672216e-02
3.077302687e-02
3.047708049e-02
3.113473952e-02
2.999042906e-02
3.002988733e-02
3.281833604e-02
3.371272236e-02
3.325238451e-02
3.249608353e-02
3.236454353e-02
3.311428800e-02
3.312741965e-02
3.364036605e-02
3.426513448e-02
3.437692299e-02
3.498854488e-02
3.565277904e-02
3.498197719e-02
3.556070477e-02
3.585007042e-02
3.717854992e-02
3.690890968e-02
3.699439764e-02
3.686286509e-02
3.701412678e-02
3.779673949e-02
3.699439764e-02
3.931592777e-02
4.113108292e-02
3.988809511e-02
3.989466652e-02
4.009854048e-02
4.088114947e-02
4.057205468e-02
4.083512351e-02
4.055889696e-02
4.152566195e-02
4.080882296e-02
4.139412194e-02
4.061808810e-02
4.088114947e-02
4.339340329e-02
5.426449329e-02
1.999161541e-01
7.688558698e-01
1.876092792e+00
3.331500530e+00
4.870409966e+00
6.299791336e+00
7.562059402e+00
8.645445824e+00
9.542448044e+00
1.025708580e+01
1.079430485e+01
1.116580105e+01
1.138882351e+01
1.149865818e+01
1.149999905e+01
1.141742802e+01
1.128195095e+01
1.110315704e+01
1.089981461e+01
1.069284344e+01
1.052276802e+01
1.040959454e+01
1.033057022e+01
1.027692413e+01
1.021711159e+01
1.015089989e+01
1.006782818e+01
9.977134705e+00
9.858402252e+00
9.733565331e+00
9.593509674e+00
9.435492516e+00
9.274241447e+00
9.104310036e+00
8.928575516e+00
8.747852325e+00
8.570014954e+00
8.398268700e+00
8.223185539e+00
8.065175056e+00
7.914477825e+00
7.776139736e+00
7.639746666e+00
7.512485027e+00
7.375470638e+00
7.252697468e+00
7.129570961e+00
6.998797417e+00
6.875919819e+00
6.753206253e+00
6.628284454e+00
6.501271248e+00
6.376644611e+00
6.261319160e+00
6.134609222e+00
6.017098904e+00
5.897917271e+00
5.783519268e+00
5.667559624e+00
5.565351963e+00
5.450527191e+00
5.347819805e+00
5.248513222e+00
5.143636227e+00
5.045836926e+00
4.948170662e+00
4.852476120e+00
4.754004002e+00
4.662174702e+00
4.577240467e+00
4.483127594e+00
4.395363808e+00
4.308387756e+00
4.224244118e+00
4.142710209e+00
4.066117764e+00
3.978395462e+00
3.904311895e+00
3.829871655e+00
3.751190424e+00
3.680816412e+00
3.610472441e+00
3.540015459e+00
3.469620705e+00
3.399711847e+00
3.337379456e+00
3.268082619e+00
3.208467007e+00
3.144397497e+00
3.083261251e+00
3.022900343e+00
2.971057177e+00
2.907171965e+00
2.854302168e+00
2.802090883e+00
2.745407343e+00
2.692682743e+00
2.642621756e+00
2.593356133e+00
2.542065144e+00
2.491694212e+00
2.449524879e+00
2.400785923e+00
2.356302261e+00
2.310652018e+00
2.267431974e+00
2.222711563e+00
2.185725689e+00
2.137196779e+00
2.098756313e+00
2.061315775e+00
2.016582012e+00
1.978095412e+00
1.941595435e+00
1.906226277e+00
1.868956804e+00
1.832073808e+00
1.802065372e+00
1.764776587e+00
1.736450434e+00
1.702383876e+00
1.673381090e+00
1.641734362e+00
1.616828680e+00
1.579565287e+00
1.555060863e+00
1.529780626e+00
1.496733665e+00
1.470664144e+00
1.443023086e+00
1.417204022e+00
1.389654279e+00
1.363072634e+00
1.342395544e+00
1.314129829e+00
1.294202805e+00
1.271460772e+00
1.250600100e+00
1.227601886e+00
1.212528706e+00
1.184755921e+00
1.169932961e+00
1.151841164e+00
1.129119635e+00
1.113355637e+00
1.094303370e+00
1.077237248e+00
1.058901548e+00
1.043492675e+00
1.030207753e+00
1.009833097e+00
9.957265258e-01
9.791212082e-01
9.635803103e-01
9.467049837e-01
9.367349744e-01
9.153615832e-01
9.039245844e-01
8.922638297e-01
8.742249012e-01
8.613416553e-01
8.485765457e-01
8.363309503e-01
8.228161931e-01
8.102025390e-01
8.023042083e-01
7.871520519e-01
7.791089416e-01
7.683429718e-01
7.582675815e-01
7.436020374e-01
7.371833324e-01
7.184664607e-01
7.113243341e-01
7.030773163e-01
6.890491843e-01
6.815782189e-01
6.716805100e-01
6.624929905e-01
6.511617303e-01
6.410603523e-01
6.360884905e-01
6.226329207e-01
6.165230870e-01
6.081244946e-01
6.009492874e-01
5.920183063e-01
5.880130529e-01
5.724719763e-01
5.666976571e-01
5.603904724e-01
5.494997501e-01
5.434820056e-01
5.354652405e-01
5.285664797e-01
5.187672973e-01
5.112896562e-01
5.093231201e-01
4.968667924e-01
4.932101369e-01
4.848578870e-01
4.794321060e-01
4.722177386e-01
4.717704356e-01
4.596367478e-01
4.572953880e-01
4.537637830e-01
4.445831776e-01
4.419195652e-01
4.370397329e-01
4.320812225e-01
4.243538082e-01
4.202368855e-01
4.188886881e-01
4.120884240e-01
4.109046757e-01
4.044266939e-01
3.965875208e-01
3.894388080e-01
3.909842968e-01
3.819809854e-01
3.820204437e-01
3.805868030e-01
3.715439737e-01
3.689790666e-01
3.669403195e-01
3.619882166e-01
3.567860723e-01
3.515051603e-01
3.516432643e-01
3.455533087e-01
3.450929821e-01
3.392858505e-01
3.356949985e-01
3.312557042e-01
3.331169188e-01
3.242582679e-01
3.246528208e-01
3.242121935e-01
3.163267672e-01
3.137357533e-01
3.116576076e-01
3.086455762e-01
3.040156066e-01
3.013258278e-01
3.035289347e-01
2.958542705e-01
2.956438363e-01
2.908561528e-01
2.886924446e-01
2.843125463e-01
2.861408293e-01
2.770980000e-01
2.771243155e-01
2.775057554e-01
2.709490955e-01
2.704690099e-01
2.662600279e-01
2.641359568e-01
2.590655088e-01
2.549158633e-01
2.569019198e-01
2.495362163e-01
2.480762750e-01
2.441763133e-01
2.431635112e-01
2.401251793e-01
2.423612177e-01
2.330555767e-01
2.340749502e-01
2.359558046e-01
2.298001796e-01
2.294976711e-01
2.257951647e-01
2.246836722e-01
2.218885720e-01
2.181991488e-01
2.208232135e-01
2.145687491e-01
2.161208540e-01
2.119841725e-01
2.118920982e-01
2.079001069e-01
2.114185691e-01
2.015339583e-01
2.030136883e-01
2.063414603e-01
2.012511641e-01
2.012248635e-01
1.999753118e-01
1.982325464e-01
1.941813678e-01
1.925109178e-01
1.949902922e-01
1.877889633e-01
1.888346374e-01
1.851057559e-01
1.840797663e-01
1.821133345e-01
1.849412918e-01
1.751290560e-01
1.777596623e-01
1.799694002e-01
1.753723770e-01
1.745766252e-01
1.714000851e-01
1.691772342e-01
1.668753773e-01
1.646064818e-01
1.680197418e-01
1.633371860e-01
1.650405526e-01
1.620876044e-01
1.610616744e-01
1.585691571e-01
1.626203656e-01
1.550507694e-01
1.576484442e-01
1.581745595e-01
1.540050805e-01
1.530777961e-01
1.532027423e-01
1.511771381e-01
1.492107362e-01
1.470470577e-01
1.505392343e-01
1.439363062e-01
1.448043734e-01
1.425288916e-01
1.412201226e-01
1.395168006e-01
1.430484354e-01
1.350643635e-01
1.387999505e-01
1.394049972e-01
1.318417639e-01
1.313748211e-01
1.304343939e-01
1.288757771e-01
1.246799305e-01
1.217993125e-01
1.237723082e-01
1.189121678e-01
1.217467263e-01
1.190568507e-01
1.192081124e-01
1.183334887e-01
1.219834536e-01
1.133022010e-01
1.161237061e-01
1.177547202e-01
1.129208356e-01
1.138612852e-01
1.147755086e-01
1.157028079e-01
1.117961928e-01
1.112700999e-01
1.141901389e-01
1.101258025e-01
1.109215617e-01
1.079817638e-01
1.061534956e-01
1.028454602e-01
1.086723283e-01
1.005501822e-01
1.030164585e-01
1.043975577e-01
9.849831462e-02
9.739344567e-02
9.854433686e-02
9.874820709e-02
9.747893363e-02
9.388156980e-02
9.736714512e-02
9.217169136e-02
9.458527714e-02
9.152720124e-02
9.191521257e-02
9.125097096e-02
9.411834180e-02
8.652904630e-02
8.944902569e-02
9.248736501e-02
8.619362861e-02
8.656851202e-02
8.676581830e-02
8.595032245e-02
8.402992040e-02
8.285929263e-02
8.497696370e-02
8.057069033e-02
8.256336302e-02
8.085344732e-02
8.076795191e-02
8.028129488e-02
8.347750455e-02
7.577635348e-02
7.765725255e-02
7.855166495e-02
7.351403683e-02
7.427037507e-02
7.567112893e-02
7.651294023e-02
7.517130673e-02
7.417166978e-02
7.702589780e-02
7.327726483e-02
7.502662390e-02
7.319835573e-02
7.323778421e-02
7.065979391e-02
7.509237528e-02
6.687827408e-02
7.072554529e-02
7.244203240e-02
6.864738464e-02
7.008762658e-02
6.931161135e-02
6.948260218e-02
6.708873808e-02
6.600360572e-02
7.032437623e-02
6.618117541e-02
6.882495433e-02
6.708873808e-02
6.814756989e-02
6.702953577e-02
7.273797691e-02
6.391223520e-02
6.579313427e-02
6.860791147e-02
6.347820908e-02
6.453702599e-02
6.504999101e-02
6.524728984e-02
6.178146228e-02
6.239964440e-02
6.630609930e-02
6.278765202e-02
6.485925615e-02
6.285341829e-02
6.524071097e-02
6.384646147e-02
6.772007793e-02
6.179456413e-02
6.539852172e-02
6.636530906e-02
6.038722768e-02
6.046613678e-02
5.962434411e-02
6.064369157e-02
5.927580222e-02
5.715813115e-02
6.005838886e-02
5.420527980e-02
5.635581911e-02
5.504712090e-02
5.350160226e-02
5.029223487e-02
5.352790281e-02
4.416944832e-02
4.989763349e-02
5.050925538e-02
4.512962699e-02
4.685268924e-02
4.523485526e-02
4.683953896e-02
4.437332228e-02
4.328819364e-02
4.718808830e-02
4.282783717e-02
4.394585267e-02
4.193340987e-02
4.236088693e-02
4.193999246e-02
4.601745307e-02
3.963819891e-02
4.236089438e-02
4.509673268e-02
4.107847065e-02
4.113765806e-02
4.104557261e-02
3.971711174e-02
3.996045515e-02
3.896739706e-02
4.082197323e-02
3.700098768e-02
3.854648396e-02
3.850044683e-02
3.769810498e-02
3.621181473e-02
4.076936096e-02
3.355487436e-02
3.701414540e-02
4.021693394e-02
3.565279767e-02
3.573171049e-02
3.696153313e-02
3.757316247e-02
3.533054516e-02
3.442957997e-02
3.747450560e-02
3.287091479e-02
3.644856811e-02
3.391657397e-02
3.472549841e-02
3.367982805e-02
3.803351521e-02
3.094401024e-02
3.557388112e-02
3.804667294e-02
3.354828805e-02
3.481099010e-02
3.536342829e-02
3.488332778e-02
3.303531557e-02
3.340361640e-02
3.752053902e-02
3.114130162e-02
3.385738283e-02
3.215406463e-02
3.204883635e-02
3.090452775e-02
3.602108732e-02
2.680736780e-02
2.959582768e-02
3.186470643e-02
2.839888446e-02
2.970104665e-02
3.053625859e-02
3.075984865e-02
2.939195372e-02
2.866851725e-02
3.098345175e-02
2.538026124e-02
2.791880816e-02
2.665610798e-02
2.804375626e-02
2.811611257e-02
3.158852085e-02
2.442665212e-02
2.868825383e-02
3.134518862e-02
2.703097090e-02
2.753079124e-02
2.785304934e-02
2.844492160e-02
2.887239866e-02
2.661005780e-02
3.072041459e-02
2.526188083e-02
2.685339749e-02
2.563017793e-02
2.416359633e-02
2.179602347e-02
2.839888446e-02
2.204594389e-02
2.488702908e-02
2.750448510e-02
2.292719670e-02
2.391368710e-02
2.339413017e-02
2.399260551e-02
2.245369181e-02
2.169738151e-02
2.654428594e-02
2.178945579e-02
2.444638498e-02
2.304557897e-02
2.407152578e-02
2.422936074e-02
3.045076877e-02
2.179603837e-02
2.663635463e-02
2.906969003e-02
2.269045077e-02
2.194071561e-02
2.398603223e-02
2.484755963e-02
2.329549380e-02
2.348621376e-02
2.608395182e-02
1.998089813e-02
2.179603465e-02
2.004008181e-02
2.071747184e-02
1.846169680e-02
2.298638970e-02
1.641638204e-02
1.978359744e-02
2.292062901e-02
1.898783259e-02
2.069774084e-02
2.025710978e-02
2.117126063e-02
2.058593929e-02
1.880367659e-02
2.144746669e-02
1.948106661e-02
2.185520343e-02
2.092133462e-02
2.117782086e-02
1.975070126e-02
2.521584556e-02
1.731737331e-02
2.117782086e-02
2.246025763e-02
1.962575130e-02
2.073719911e-02
2.218404599e-02
2.205909044e-02
1.895494014e-02
1.811971515e-02
2.288116515e-02
1.811971515e-02
1.896809600e-02
1.915881783e-02
1.941530406e-02
1.624539308e-02
2.161845751e-02
1.454862207e-02
1.868529618e-02
2.092133462e-02
1.629142463e-02
1.749494299e-02
1.894836687e-02
2.060567215e-02
1.843539067e-02
1.645583659e-02
2.012556605e-02
1.447629277e-02
1.908646896e-02
1.634403504e-02
1.644267887e-02
1.460123807e-02
2.103971317e-02
1.321358606e-02
1.761988364e-02
2.070431225e-02
1.719898172e-02
1.884971559e-02
1.984935440e-02
1.957314275e-02
1.900754496e-02
1.873791777e-02
2.229585126e-02
1.774485409e-02
1.988881640e-02
1.796185784e-02
1.850773953e-02
1.773168892e-02
2.210512757e-02
1.382521819e-02
1.833015494e-02
2.171709947e-02
1.668601111e-02
1.953367703e-02
1.848143153e-02
1.843539067e-02
1.776458509e-02
1.625854708e-02
1.885630749e-02
1.433160156e-02
1.715297997e-02
1.494322903e-02
1.716614515e-02
1.573901623e-02
2.023737133e-02
1.348321792e-02
1.545623410e-02
1.783694327e-02
1.475908887e-02
1.587053947e-02
1.599549316e-02
1.781064458e-02
1.770541072e-02
1.637034863e-02
1.983622834e-02
1.596261002e-02
1.815262623e-02
1.817235351e-02
1.790928841e-02
1.713982597e-02
2.139486745e-02
1.488404628e-02
1.929694973e-02
2.151325531e-02
1.629800908e-02
1.769884117e-02
1.777775958e-02
1.800793782e-02
1.900100522e-02
1.834334806e-02
2.102000080e-02
1.657422259e-02
2.056620829e-02
2.023738436e-02
2.144747600e-02
2.145405300e-02
2.688628063e-02
1.930351183e-02
2.074378356e-02
2.418989874e-02
1.964549720e-02
2.000720799e-02
1.953369193e-02
1.821180433e-02
1.666630618e-02
1.475909445e-02
1.865243353e-02
1.534439996e-02
1.792242378e-02
1.576530375e-02
1.742261834e-02
1.493008900e-02
2.052675374e-02
1.267430838e-02
1.625854895e-02
1.955342479e-02
1.550224423e-02
1.798820123e-02
1.890234277e-02
1.907990873e-02
1.849459298e-02
1.688990556e-02
2.112522162e-02
1.677152887e-02
1.917198300e-02
1.750153117e-02
1.773828641e-02
1.575872675e-02
1.928378083e-02
1.243756525e-02
1.642953791e-02
1.941531338e-02
1.560088620e-02
1.731737331e-02
1.915224642e-02
1.953368448e-02
1.911279000e-02
1.744234189e-02
2.035576105e-02
1.763305999e-02
2.048071846e-02
1.833675615e-02
1.906675659e-02
1.658738591e-02
2.208540030e-02
1.356873661e-02
1.757387258e-02
1.870504953e-02
1.567324810e-02
1.573243365e-02
1.559432596e-02
1.604810916e-02
1.450919174e-02
1.357529964e-02
1.819864847e-02
1.370681450e-02
1.581132971e-02
1.546277478e-02
1.694908552e-02
1.579160057e-02
2.032288350e-02
1.312152017e-02
1.602179371e-02
1.869188622e-02
1.381205581e-02
1.550882403e-02
1.836963929e-02
1.813945174e-02
1.733710803e-02
1.532467362e-02
1.994800940e-02
