3.415104747e-02
3.388861194e-02
3.375186026e-02
3.351641074e-02
3.328625113e-02
3.315114975e-02
3.311476484e-02
3.300254419e-02
3.267261386e-02
3.246024624e-02
3.237785026e-02
3.235801682e-02
3.217281401e-02
3.175174072e-02
3.151791543e-02
3.139184788e-02
3.125980496e-02
3.111648932e-02
3.083176725e-02
3.062471189e-02
3.050351143e-02
3.033447079e-02
2.988928743e-02
2.946743183e-02
2.905025333e-02
2.887627482e-02
2.857251652e-02
2.847562730e-02
2.819558047e-02
2.790039964e-02
2.772826329e-02
2.765610069e-02
2.762461267e-02
2.747848816e-02
2.710540965e-02
2.695007809e-02
2.715529129e-02
2.719024569e-02
2.696867846e-02
2.665715106e-02
2.645171806e-02
2.626978420e-02
2.618393116e-02
2.621828020e-02
2.596502565e-02
2.552311309e-02
2.531748265e-02
2.530153655e-02
2.522447333e-02
2.523327246e-02
2.513596974e-02
2.492379583e-02
2.478643134e-02
2.462822571e-02
2.438723110e-02
2.428257279e-02
2.397247590e-02
2.368916385e-02
2.361578308e-02
2.340627648e-02
2.324889973e-02
2.306166478e-02
2.269003913e-02
2.262831293e-02
2.258088812e-02
2.258781902e-02
2.243309468e-02
2.238954231e-02
2.234477736e-02
2.233823948e-02
2.197193727e-02
2.166284621e-02
2.133536711e-02
2.112401463e-02
2.106247842e-02
2.108618990e-02
2.092982270e-02
2.072928846e-02
2.084171772e-02
2.070455439e-02
2.062953077e-02
2.047296613e-02
2.012384124e-02
1.993170008e-02
1.984299347e-02
1.979271136e-02
1.960016415e-02
1.938593574e-02
1.922281086e-02
1.889740676e-02
1.894769445e-02
1.894932240e-02
1.876905747e-02
1.848616451e-02
1.833325997e-02
1.828910783e-02
1.838884689e-02
1.823451556e-02
1.799577847e-02
1.780057326e-02
1.744039357e-02
1.737110130e-02
1.732308045e-02
1.725746505e-02
1.723621413e-02
1.735761948e-02
1.746799797e-02
1.738479733e-02
1.725233905e-02
1.716098376e-02
1.713480800e-02
1.729016006e-02
1.710762084e-02
1.696450822e-02
1.706059836e-02
1.711825468e-02
1.718570851e-02
1.732326858e-02
1.705140807e-02
1.691893861e-02
1.699171402e-02
1.676848158e-02
1.693019830e-02
1.677585579e-02
1.678056270e-02
1.676624641e-02
1.679486595e-02
1.677054167e-02
1.674130745e-02
1.644098386e-02
1.651743427e-02
1.655565575e-02
1.668509096e-02
1.664030738e-02
1.640481874e-02
1.608656906e-02
1.598086767e-02
1.616770588e-02
1.656262577e-02
1.639337465e-02
1.617711596e-02
1.618937403e-02
1.649823599e-02
1.672492921e-02
1.691237837e-02
1.685738005e-02
1.667587087e-02
1.671613567e-02
1.675292477e-02
1.677724719e-02
1.649639755e-02
1.635473780e-02
1.632388495e-02
1.644612476e-02
1.616547443e-02
1.607388258e-02
1.599046029e-02
1.598881744e-02
1.600210369e-02
1.606240124e-02
1.586677507e-02
1.557159610e-02
1.548268739e-02
1.548248716e-02
1.561229024e-02
1.562475227e-02
1.557426620e-02
1.549026743e-02
1.568034850e-02
1.582365856e-02
1.594875194e-02
1.604891568e-02
1.620284654e-02
1.647597179e-02
1.655976102e-02
1.651438512e-02
1.634963788e-02
1.615666039e-02
1.608326472e-02
1.622249745e-02
1.612212695e-02
1.607837714e-02
1.623250172e-02
1.646246575e-02
1.660985127e-02
1.666504331e-02
1.661680080e-02
1.686985791e-02
1.700599864e-02
1.718035154e-02
1.718750969e-02
1.707302779e-02
1.703827828e-02
1.736883633e-02
1.735411584e-02
1.718076505e-02
1.726376638e-02
1.705913432e-02
1.668936573e-02
1.674087346e-02
1.675333828e-02
1.645532064e-02
1.679219306e-02
1.702704839e-02
1.690234989e-02
1.696777530e-02
1.684695110e-02
1.690460555e-02
1.709551923e-02
1.729118638e-02
1.748537645e-02
1.755057462e-02
1.745328493e-02
1.748434268e-02
1.776398532e-02
1.792362519e-02
1.803869754e-02
1.823063008e-02
1.851803251e-02
1.860919036e-02
1.852334663e-02
1.854297146e-02
1.851720922e-02
1.843156479e-02
1.818873174e-02
1.816358231e-02
1.793362759e-02
1.787987538e-02
1.807610877e-02
1.801826991e-02
1.809655502e-02
1.805853844e-02
1.810656488e-02
1.867481507e-02
1.900615916e-02
1.909200475e-02
1.924693957e-02
1.951328851e-02
2.004452981e-02
2.064998448e-02
2.107516117e-02
2.129205130e-02
2.145026624e-02
2.172846161e-02
2.207393758e-02
2.245148644e-02
2.273847349e-02
2.272110060e-02
2.272253111e-02
2.278998308e-02
2.309865318e-02
3.715803102e-02
2.480808198e-01
1.203675628e+00
3.338464737e+00
6.398017883e+00
9.607471466e+00
1.229476261e+01
1.424870682e+01
1.553767204e+01
1.627286148e+01
1.653000069e+01
1.639261055e+01
1.597360134e+01
1.539023590e+01
1.474215031e+01
1.409050560e+01
1.347188950e+01
1.290732670e+01
1.240357494e+01
1.196514034e+01
1.158386135e+01
1.125619411e+01
1.097116566e+01
1.072082901e+01
1.049609280e+01
1.029263783e+01
1.010144043e+01
9.924147606e+00
9.769001961e+00
9.658957481e+00
9.550015450e+00
9.365960121e+00
9.135733604e+00
8.928343773e+00
8.762654305e+00
8.618379593e+00
8.471794128e+00
8.320281029e+00
8.165708542e+00
8.012327194e+00
7.860264778e+00
7.710342407e+00
7.559074879e+00
7.410043716e+00
7.262576103e+00
7.116136074e+00
6.972980976e+00
6.832770824e+00
6.695073128e+00
6.559875965e+00
6.427662373e+00
6.299072742e+00
6.172248363e+00
6.049646378e+00
5.929956436e+00
5.805224895e+00
5.681350231e+00
5.568703175e+00
5.463027000e+00
5.359992981e+00
5.255866051e+00
5.150675774e+00
5.048264027e+00
4.948464870e+00
4.850676060e+00
4.753465176e+00
4.657915592e+00
4.564938545e+00
4.471921444e+00
4.381605148e+00
4.292236328e+00
4.204834461e+00
4.118889809e+00
4.036176682e+00
3.953030109e+00
3.873340845e+00
3.796246767e+00
3.719330788e+00
3.645350695e+00
3.573125362e+00
3.500141382e+00
3.429490328e+00
3.364090681e+00
3.302786589e+00
3.241329193e+00
3.181486368e+00
3.121735811e+00
3.064084768e+00
3.007755041e+00
2.953825951e+00
2.898916483e+00
2.846474648e+00
2.795075655e+00
2.743441343e+00
2.692929029e+00
2.643278360e+00
2.594586372e+00
2.546565056e+00
2.499604464e+00
2.454136133e+00
2.408302307e+00
2.364079952e+00
2.320891857e+00
2.278995991e+00
2.238255024e+00
2.199217319e+00
2.159224749e+00
2.121646643e+00
2.085797071e+00
2.049779177e+00
2.015483856e+00
1.982071161e+00
1.949550867e+00
1.917869568e+00
1.887259245e+00
1.857701898e+00
1.827741265e+00
1.798744798e+00
1.769989729e+00
1.741531968e+00
1.713165045e+00
1.686282992e+00
1.658281088e+00
1.631798744e+00
1.606185913e+00
1.580029726e+00
1.555122137e+00
1.530940056e+00
1.507516980e+00
1.484435320e+00
1.462906122e+00
1.442335010e+00
1.421422958e+00
1.401314616e+00
1.381729007e+00
1.363057971e+00
1.345289350e+00
1.328927159e+00
1.311623573e+00
1.295583606e+00
1.280034423e+00
1.263720393e+00
1.248170614e+00
1.232877254e+00
1.217776179e+00
1.202360272e+00
1.187151790e+00
1.172466159e+00
1.157039881e+00
1.142251611e+00
1.127664089e+00
1.113332391e+00
1.099071383e+00
1.085988164e+00
1.071631074e+00
1.059259653e+00
1.047988415e+00
1.035560250e+00
1.023592949e+00
1.011733413e+00
1.000523806e+00
9.897313714e-01
9.795086980e-01
9.701394439e-01
9.597439766e-01
9.502832890e-01
9.409319758e-01
9.317815900e-01
9.222717285e-01
9.135646820e-01
9.031893015e-01
8.941761255e-01
8.853384852e-01
8.754020333e-01
8.661757708e-01
8.570612669e-01
8.482496142e-01
8.390977979e-01
8.303883672e-01
8.223121166e-01
8.140926361e-01
8.073171973e-01
8.004813194e-01
7.933867574e-01
7.861599922e-01
7.804019451e-01
7.734946012e-01
7.679560781e-01
7.627364397e-01
7.567552328e-01
7.514561415e-01
7.459744811e-01
7.407257557e-01
7.349629998e-01
7.292912602e-01
7.241605520e-01
7.179603577e-01
7.125950456e-01
7.065155506e-01
7.004920840e-01
6.942977905e-01
6.890600920e-01
6.821383238e-01
6.765097976e-01
6.713284254e-01
6.653584838e-01
6.607391238e-01
6.563532352e-01
6.519293189e-01
6.467517018e-01
6.420429945e-01
6.384868622e-01
6.341053843e-01
6.306142211e-01
6.268217564e-01
6.232211590e-01
6.197810769e-01
6.170848608e-01
6.125631928e-01
6.091610193e-01
6.060131192e-01
6.017805338e-01
5.979298353e-01
5.939339995e-01
5.898727179e-01
5.852420926e-01
5.807718039e-01
5.771011114e-01
5.722796321e-01
5.682439804e-01
5.640325546e-01
5.607693195e-01
5.576007962e-01
5.553089976e-01
5.509777665e-01
5.480075479e-01
5.456774235e-01
5.426585078e-01
5.405204892e-01
5.386221409e-01
5.366375446e-01
5.344872475e-01
5.323760509e-01
5.309159160e-01
5.280465484e-01
5.260432363e-01
5.236964226e-01
5.212115049e-01
5.183107257e-01
5.163593292e-01
5.122259259e-01
5.093043447e-01
5.067188144e-01
5.028371811e-01
4.995669425e-01
4.963275790e-01
4.932128787e-01
4.902753532e-01
4.878386855e-01
4.859463871e-01
4.826300144e-01
4.803411365e-01
4.781846702e-01
4.764408469e-01
4.748746753e-01
4.743155837e-01
4.720468521e-01
4.710204899e-01
4.702942669e-01
4.681211710e-01
4.666352570e-01
4.650888741e-01
4.631974995e-01
4.606173635e-01
4.584125876e-01
4.566346407e-01
4.534121454e-01
4.510211349e-01
4.478044808e-01
4.449321926e-01
4.420995414e-01
4.403792918e-01
4.377444983e-01
4.366532266e-01
4.354834259e-01
4.328995645e-01
4.310035706e-01
4.297195673e-01
4.288137555e-01
4.274269342e-01
4.264107049e-01
4.258362949e-01
4.242670536e-01
4.233872294e-01
4.218918681e-01
4.206067920e-01
4.189636111e-01
4.183379412e-01
4.157562554e-01
4.143621624e-01
4.130241275e-01
4.104696512e-01
4.088102281e-01
4.067118466e-01
4.046467245e-01
4.022833705e-01
4.004324079e-01
3.997732699e-01
3.981057107e-01
3.972353935e-01
3.956974149e-01
3.942940533e-01
3.927651644e-01
3.925429881e-01
3.905886710e-01
3.902048469e-01
3.902909458e-01
3.892771006e-01
3.888282776e-01
3.882019222e-01
3.875269592e-01
3.865689933e-01
3.856042922e-01
3.849370182e-01
3.829992414e-01
3.816712499e-01
3.798594475e-01
3.782771230e-01
3.765242100e-01
3.755457103e-01
3.725945055e-01
3.709917367e-01
3.698224723e-01
3.681134284e-01
3.672246933e-01
3.659574091e-01
3.645316660e-01
3.629236221e-01
3.620129824e-01
3.618438840e-01
3.607787192e-01
3.607284129e-01
3.600893319e-01
3.597115874e-01
3.592632413e-01
3.595148921e-01
3.579503894e-01
3.574577570e-01
3.571619093e-01
3.555696309e-01
3.546071053e-01
3.536332250e-01
3.523199558e-01
3.504791558e-01
3.488191068e-01
3.476452529e-01
3.450788558e-01
3.437782526e-01
3.427024484e-01
3.419456184e-01
3.409088552e-01
3.403908014e-01
3.380667567e-01
3.372891247e-01
3.369817138e-01
3.359944522e-01
3.358429968e-01
3.357135952e-01
3.356527090e-01
3.349902630e-01
3.346220851e-01
3.346230984e-01
3.334532976e-01
3.329381943e-01
3.318875730e-01
3.307992220e-01
3.295056820e-01
3.289735317e-01
3.266978264e-01
3.255124390e-01
3.246805370e-01
3.226147294e-01
3.212074339e-01
3.204832077e-01
3.202319741e-01
3.192273080e-01
3.182739317e-01
3.179304898e-01
3.162817657e-01
3.157923818e-01
3.150061071e-01
3.146121800e-01
3.144535422e-01
3.148859143e-01
3.135934472e-01
3.135397434e-01
3.137796521e-01
3.125855923e-01
3.122354448e-01
3.115448952e-01
3.106984794e-01
3.091439605e-01
3.079491854e-01
3.074233532e-01
3.051837981e-01
3.040036261e-01
3.023291826e-01
3.011095822e-01
3.000769317e-01
3.000105321e-01
2.983798087e-01
2.977195978e-01
2.970892489e-01
2.953968048e-01
2.947835624e-01
2.943347991e-01
2.940379083e-01
2.934110761e-01
2.932067513e-01
2.934187353e-01
2.926644385e-01
2.927268744e-01
2.922456264e-01
2.918926179e-01
2.911146879e-01
2.912338674e-01
2.892291546e-01
2.884757817e-01
2.879430354e-01
2.859973013e-01
2.849711776e-01
2.837446332e-01
2.825293541e-01
2.810620964e-01
2.803386748e-01
2.804764211e-01
2.790699303e-01
2.784282565e-01
2.776350379e-01
2.769356966e-01
2.763433754e-01
2.767134011e-01
2.754077911e-01
2.755827606e-01
2.762329876e-01
2.756963670e-01
2.755987048e-01
2.757728696e-01
2.756864130e-01
2.750351727e-01
2.744289339e-01
2.742652595e-01
2.727729678e-01
2.722973526e-01
2.712734938e-01
2.701182067e-01
2.688402534e-01
2.684106231e-01
2.663725019e-01
2.659440935e-01
2.659645081e-01
2.647781670e-01
2.642598450e-01
2.637467384e-01
2.632639110e-01
2.625936568e-01
2.625253797e-01
2.629930675e-01
2.622429430e-01
2.625566721e-01
2.622386515e-01
2.623414695e-01
2.617715299e-01
2.620193362e-01
2.608594894e-01
2.608456016e-01
2.607646585e-01
2.593733966e-01
2.590263188e-01
2.586970627e-01
2.582208812e-01
2.569817305e-01
2.557975054e-01
2.552525699e-01
2.539530396e-01
2.537519336e-01
2.529594004e-01
2.522282898e-01
2.511027157e-01
2.512691021e-01
2.496557534e-01
2.495805174e-01
2.499336898e-01
2.492040396e-01
2.494161725e-01
2.497710288e-01
2.499276102e-01
2.495447993e-01
2.494250685e-01
2.499401271e-01
2.488477230e-01
2.486381382e-01
2.476498336e-01
2.469148189e-01
2.458112240e-01
2.456722856e-01
2.434422374e-01
2.425721139e-01
2.421272993e-01
2.406740785e-01
2.404362857e-01
2.403041422e-01
2.400956899e-01
2.392879128e-01
2.387057543e-01
2.387818545e-01
2.377724946e-01
2.377361506e-01
2.373740822e-01
2.374659181e-01
2.372889072e-01
2.376833111e-01
2.365552187e-01
2.368550003e-01
2.371658534e-01
2.361389995e-01
2.358552217e-01
2.354948074e-01
2.350677401e-01
2.341257185e-01
2.332787514e-01
2.329420894e-01
2.313372791e-01
2.304890901e-01
2.292402536e-01
2.288473845e-01
2.284815758e-01
2.288862169e-01
2.270898074e-01
2.266681641e-01
2.267096192e-01
2.256936133e-01
2.256612480e-01
2.256808728e-01
2.257583439e-01
2.255017161e-01
2.258086354e-01
2.263053507e-01
2.254901081e-01
2.254428416e-01
2.251580954e-01
2.248903364e-01
2.244258523e-01
2.246924639e-01
2.229841053e-01
2.226506621e-01
2.223311663e-01
2.205697298e-01
2.197498381e-01
2.190102339e-01
2.183446735e-01
2.175627202e-01
2.172167003e-01
2.171033174e-01
2.155948728e-01
2.151374966e-01
2.145664990e-01
2.143082619e-01
2.137958258e-01
2.147353441e-01
2.137271464e-01
2.139957100e-01
2.143957317e-01
2.137302160e-01
2.137355059e-01
2.138967961e-01
2.139401287e-01
2.133360952e-01
2.129959613e-01
2.130300850e-01
2.117519379e-01
2.111546546e-01
2.102422267e-01
2.093123645e-01
2.082018852e-01
2.082135528e-01
2.068652362e-01
2.068918496e-01
2.069067508e-01
2.055030465e-01
2.050907165e-01
2.048047483e-01
2.047027797e-01
2.040269971e-01
2.041226774e-01
2.047372907e-01
2.043975443e-01
2.049789280e-01
2.048211247e-01
2.046328336e-01
2.041195929e-01
2.049662918e-01
2.038170993e-01
2.037602663e-01
2.037410587e-01
2.025197148e-01
2.021164298e-01
2.017351985e-01
2.010794729e-01
1.998567581e-01
1.991072297e-01
1.993410438e-01
1.985684335e-01
1.985716820e-01
1.978194416e-01
1.973133087e-01
1.966996044e-01
1.973783076e-01
1.962652951e-01
1.966524422e-01
1.968930811e-01
1.963134855e-01
1.964917779e-01
1.966473311e-01
1.966906935e-01
1.962029189e-01
1.960700899e-01
1.964085847e-01
1.954824179e-01
1.952471435e-01
1.945394427e-01
1.940511316e-01
1.932207644e-01
1.933404058e-01
1.914386749e-01
1.907928437e-01
1.910560578e-01
1.902421713e-01
1.902268380e-01
1.898229420e-01
1.894400567e-01
1.887965947e-01
1.885020584e-01
1.889599115e-01
1.881823540e-01
1.888493001e-01
1.890426725e-01
1.890825480e-01
1.889449954e-01
1.897681057e-01
1.887471229e-01
1.890944093e-01
1.897521764e-01
1.888961345e-01
1.887732595e-01
1.886015534e-01
1.884909719e-01
1.875888407e-01
1.868389249e-01
1.867062449e-01
1.853385121e-01
1.848877668e-01
1.843003929e-01
1.839600801e-01
1.831708848e-01
1.831510961e-01
1.816039085e-01
1.815685034e-01
1.815213114e-01
1.804644465e-01
1.806465834e-01
1.810983568e-01
1.814814359e-01
1.811723709e-01
1.809932888e-01
1.813171059e-01
1.807023883e-01
1.812447309e-01
1.811179817e-01
1.809325963e-01
1.802933663e-01
1.806335300e-01
1.791783571e-01
1.790134311e-01
1.788073182e-01
1.773224473e-01
1.768191308e-01
1.768529117e-01
1.768719256e-01
1.762668192e-01
1.757429093e-01
1.757731885e-01
1.746695489e-01
1.746730357e-01
1.742680967e-01
1.744984686e-01
1.747143120e-01
1.758145094e-01
1.749866009e-01
1.751842648e-01
1.755708158e-01
1.748200059e-01
1.748333126e-01
1.748110056e-01
1.749352962e-01
1.743191928e-01
1.737629771e-01
1.738189906e-01
1.725053489e-01
1.720270663e-01
1.710311174e-01
1.701487750e-01
1.695816368e-01
1.700894386e-01
1.686501354e-01
1.685280055e-01
1.684620380e-01
1.673646122e-01
1.672282815e-01
1.672023386e-01
1.673253626e-01
1.670931876e-01
1.673654616e-01
1.680777222e-01
1.676966697e-01
1.680619866e-01
1.678205281e-01
1.677127481e-01
1.675140262e-01
1.682428867e-01
1.670890749e-01
1.671778113e-01
1.672926843e-01
1.663517654e-01
1.661275774e-01
1.657101810e-01
1.652116030e-01
1.642424464e-01
1.636985093e-01
1.642649025e-01
1.634986550e-01
1.632611006e-01
1.623433530e-01
1.617460996e-01
1.614548117e-01
1.624112278e-01
1.616767794e-01
1.623208523e-01
1.631689519e-01
1.625058353e-01
1.626761109e-01
1.628390551e-01
1.628259420e-01
1.624181569e-01
1.623764187e-01
1.627799273e-01
1.617646515e-01
1.617360860e-01
1.611493528e-01
1.605803818e-01
1.597142518e-01
1.599544585e-01
1.584880948e-01
1.588834077e-01
1.596217901e-01
1.586761624e-01
1.581070870e-01
1.577655375e-01
1.578015238e-01
1.572960168e-01
1.570814103e-01
1.574748456e-01
1.568976790e-01
