1.121803559e-02
1.121803187e-02
1.119148079e-02
1.090173051e-02
1.109421253e-02
1.081018988e-02
1.061483286e-02
1.046525035e-02
1.041293517e-02
1.077462547e-02
1.071577054e-02
1.024006773e-02
9.882480837e-03
1.000957284e-02
1.007088646e-02
9.469296783e-03
9.447639808e-03
9.217951447e-03
9.117418900e-03
8.759027347e-03
8.597188629e-03
8.627017029e-03
8.582060225e-03
8.238755167e-03
8.262453601e-03
8.531368338e-03
8.499084972e-03
8.637637831e-03
8.223634213e-03
8.132506162e-03
8.284536190e-03
8.560407907e-03
8.069984615e-03
7.779014762e-03
7.689515129e-03
7.700544316e-03
7.297605742e-03
7.298425771e-03
7.233448327e-03
7.203206420e-03
6.962531246e-03
6.627014372e-03
6.704662926e-03
6.925322581e-03
6.647855509e-03
6.184821483e-03
6.252658088e-03
6.610667333e-03
6.600858178e-03
6.245308556e-03
5.824774038e-03
6.288630888e-03
6.378949620e-03
5.966589786e-03
6.016856525e-03
6.249392405e-03
6.321730558e-03
6.248574704e-03
6.169289351e-03
6.244893186e-03
6.528113503e-03
6.650310941e-03
6.591451354e-03
6.456173491e-03
6.633536890e-03
6.928597111e-03
6.606567185e-03
6.334388629e-03
6.947811227e-03
6.844413932e-03
6.558342837e-03
6.239583716e-03
6.371579599e-03
6.503983401e-03
6.598803215e-03
6.065078545e-03
6.038930733e-03
6.539958064e-03
6.837459747e-03
6.550575607e-03
6.740192417e-03
6.669094786e-03
6.596750580e-03
6.446367130e-03
6.309866905e-03
6.529330276e-03
6.644981913e-03
6.681358907e-03
6.564880721e-03
6.555893924e-03
6.826024503e-03
6.726709194e-03
6.701379083e-03
6.734475493e-03
6.954348180e-03
6.747554522e-03
6.797007751e-03
6.921243854e-03
7.336432580e-03
7.319266442e-03
6.897537969e-03
7.109642494e-03
7.016452495e-03
7.034436800e-03
7.273911964e-03
7.378529292e-03
7.181551773e-03
7.047519553e-03
7.002155297e-03
7.499900181e-03
7.825201377e-03
7.862793282e-03
7.939212956e-03
8.257165551e-03
8.537533693e-03
8.674033917e-03
8.781503886e-03
8.508114144e-03
8.777016774e-03
8.850169368e-03
8.895119652e-03
8.880816400e-03
9.143181145e-03
9.233078919e-03
8.973984048e-03
8.925766684e-03
8.986667730e-03
9.219996631e-03
9.030386806e-03
8.992794901e-03
9.133368731e-03
9.282117710e-03
9.479519911e-03
9.582504630e-03
1.000345778e-02
9.891065769e-03
9.772954509e-03
9.956054389e-03
9.916001000e-03
9.937665425e-03
9.966266342e-03
1.018245984e-02
1.005087234e-02
1.014281996e-02
1.038516778e-02
1.026542392e-02
1.040969230e-02
1.090008393e-02
1.095239725e-02
1.091152336e-02
1.088006143e-02
1.095934771e-02
1.135617588e-02
1.134596206e-02
1.141665503e-02
1.159239840e-02
1.231331751e-02
1.248332672e-02
1.221931539e-02
1.213226188e-02
1.209506672e-02
1.246166229e-02
1.226384845e-02
1.234396361e-02
1.286462881e-02
1.296188775e-02
1.272076834e-02
1.213306468e-02
1.241996232e-02
1.284010056e-02
1.282416750e-02
1.243631542e-02
1.248331554e-02
1.289037336e-02
1.313435473e-02
1.334646530e-02
1.333992090e-02
1.382175181e-02
1.394435018e-02
1.393167395e-02
1.401258633e-02
1.411310304e-02
1.438691095e-02
1.474817563e-02
1.492758933e-02
1.513683423e-02
1.560314000e-02
1.572699100e-02
1.556268428e-02
1.562032010e-02
1.563094370e-02
1.619780436e-02
1.644831896e-02
1.641520672e-02
1.665383577e-02
1.651083305e-02
1.642175391e-02
1.738944091e-02
1.733631082e-02
1.574822329e-02
1.709845848e-02
1.709273271e-02
1.633347943e-02
1.706332155e-02
1.703595556e-02
1.675438881e-02
1.694277674e-02
1.718224585e-02
1.721453108e-02
1.712012291e-02
1.690517552e-02
1.716140099e-02
1.730483584e-02
1.732076891e-02
1.725988276e-02
1.789782941e-02
1.832286641e-02
1.814017445e-02
1.829343662e-02
1.882307604e-02
1.889907010e-02
1.908869483e-02
1.926727965e-02
1.949614286e-02
1.931837015e-02
1.918963529e-02
1.939478517e-02
1.985374838e-02
2.002374269e-02
2.036659420e-02
2.040174045e-02
2.075686492e-02
2.100368775e-02
2.133470215e-02
2.148793079e-02
2.149773948e-02
2.172579430e-02
2.171637304e-02
2.197670564e-02
2.198977582e-02
2.253536135e-02
2.288191393e-02
2.315246314e-02
2.378713153e-02
2.401069552e-02
2.402132563e-02
2.446226962e-02
2.455912717e-02
2.474791743e-02
3.175666928e-02
1.697404981e-01
7.826542258e-01
2.055366516e+00
3.717191458e+00
5.359748840e+00
6.738249302e+00
7.811434746e+00
8.624840736e+00
9.205933571e+00
9.570582390e+00
9.729999542e+00
9.706470490e+00
9.533568382e+00
9.263359070e+00
8.910321236e+00
8.498425484e+00
8.064226151e+00
7.624505520e+00
7.200274944e+00
6.812398911e+00
6.496149540e+00
6.279631615e+00
6.122856140e+00
6.002524853e+00
5.876722336e+00
5.740125656e+00
5.590100288e+00
5.439482689e+00
5.267961025e+00
5.099123478e+00
4.925332069e+00
4.743861675e+00
4.572072029e+00
4.404766560e+00
4.243468761e+00
4.091063976e+00
3.949956179e+00
3.826885223e+00
3.709239244e+00
3.613340616e+00
3.528364420e+00
3.458011150e+00
3.390990019e+00
3.332380772e+00
3.261515379e+00
3.198403120e+00
3.134179592e+00
3.061927080e+00
2.993096352e+00
2.923105478e+00
2.852113247e+00
2.781193018e+00
2.710096121e+00
2.646274805e+00
2.575873375e+00
2.514991283e+00
2.451442719e+00
2.393913269e+00
2.335182905e+00
2.286476374e+00
2.228423834e+00
2.180996895e+00
2.134871483e+00
2.082034111e+00
2.035068989e+00
1.989156008e+00
1.942923188e+00
1.896439910e+00
1.849419117e+00
1.810326576e+00
1.763370395e+00
1.723977923e+00
1.681016803e+00
1.642997861e+00
1.602472901e+00
1.569718838e+00
1.526873946e+00
1.494780421e+00
1.463667154e+00
1.426580429e+00
1.396248579e+00
1.365973711e+00
1.335755587e+00
1.305742502e+00
1.275206447e+00
1.251612663e+00
1.219721794e+00
1.195928335e+00
1.167434454e+00
1.143573403e+00
1.116878629e+00
1.097837687e+00
1.067816973e+00
1.047721505e+00
1.028451085e+00
1.002708793e+00
9.832346439e-01
9.637421370e-01
9.435346723e-01
9.234138131e-01
9.029484987e-01
8.890241385e-01
8.661304712e-01
8.516885042e-01
8.324313164e-01
8.172281384e-01
7.988327146e-01
7.877562642e-01
7.656197548e-01
7.529808879e-01
7.411262393e-01
7.227517962e-01
7.102776170e-01
6.978004575e-01
6.847515106e-01
6.713384390e-01
6.572117209e-01
6.496966481e-01
6.333870292e-01
6.244887114e-01
6.112409234e-01
6.021143198e-01
5.891405940e-01
5.832231045e-01
5.662245154e-01
5.590221882e-01
5.519546866e-01
5.378106833e-01
5.299135447e-01
5.211557150e-01
5.119102597e-01
5.024601817e-01
4.921716452e-01
4.884895682e-01
4.763254225e-01
4.714571834e-01
4.616578221e-01
4.558607936e-01
4.469282031e-01
4.444956779e-01
4.310512245e-01
4.269502163e-01
4.225793183e-01
4.116374552e-01
4.061847031e-01
4.006730020e-01
3.942846656e-01
3.873864412e-01
3.792270720e-01
3.774015903e-01
3.672131002e-01
3.643657267e-01
3.566325903e-01
3.525850773e-01
3.453881145e-01
3.453011215e-01
3.338382542e-01
3.313117921e-01
3.294122815e-01
3.205267787e-01
3.174112141e-01
3.136314452e-01
3.090997636e-01
3.045700788e-01
2.988085449e-01
2.988481820e-01
2.904638350e-01
2.895788848e-01
2.836850584e-01
2.809975445e-01
2.752563357e-01
2.766799927e-01
2.668334246e-01
2.653264105e-01
2.645719945e-01
2.573574483e-01
2.551948428e-01
2.522135675e-01
2.489662468e-01
2.452886552e-01
2.403640747e-01
2.418105751e-01
2.345732898e-01
2.345042676e-01
2.297091037e-01
2.289587706e-01
2.236884534e-01
2.260254174e-01
2.172504216e-01
2.172087282e-01
2.171731889e-01
2.106477767e-01
2.094818652e-01
2.078880817e-01
2.052005827e-01
2.016230375e-01
1.975522041e-01
1.999727786e-01
1.933542788e-01
1.938671619e-01
1.893921793e-01
1.893010139e-01
1.852096170e-01
1.877688617e-01
1.791360974e-01
1.799886078e-01
1.805786937e-01
1.741413772e-01
1.736219227e-01
1.723868400e-01
1.707456112e-01
1.683190316e-01
1.645727307e-01
1.670112759e-01
1.612428427e-01
1.626322567e-01
1.586060971e-01
1.582704782e-01
1.546225846e-01
1.580636650e-01
1.499117017e-01
1.505602896e-01
1.518643796e-01
1.464626789e-01
1.462710649e-01
1.454035044e-01
1.436581314e-01
1.418688595e-01
1.384951770e-01
1.413507015e-01
1.354543120e-01
1.370685995e-01
1.339131743e-01
1.340963244e-01
1.304516345e-01
1.341191679e-01
1.259610802e-01
1.271556914e-01
1.283216029e-01
1.228895858e-01
1.227138638e-01
1.225267425e-01
1.205258742e-01
1.187742203e-01
1.159868389e-01
1.192628518e-01
1.134562045e-01
1.152217984e-01
1.122265533e-01
1.130630150e-01
1.099497080e-01
1.139452830e-01
1.065661907e-01
1.078490764e-01
1.095708609e-01
1.042457819e-01
1.046523899e-01
1.045641005e-01
1.031947136e-01
1.013880149e-01
9.826000780e-02
1.019208953e-01
9.661228210e-02
9.860412031e-02
9.507896006e-02
9.616029263e-02
9.295668453e-02
9.683091938e-02
8.917161077e-02
9.131383896e-02
9.360235184e-02
8.805588633e-02
8.879397064e-02
8.849559724e-02
8.770071715e-02
8.658177406e-02
8.408226073e-02
8.791729808e-02
8.286115527e-02
8.505981416e-02
8.188640326e-02
8.265149593e-02
8.015491068e-02
8.434054255e-02
7.691720128e-02
7.861289382e-02
8.086022735e-02
7.609094679e-02
7.641703635e-02
7.645874470e-02
7.576850802e-02
7.470355928e-02
7.269694656e-02
7.647714764e-02
7.108552009e-02
7.349877805e-02
7.076794654e-02
7.159511000e-02
6.872914732e-02
7.330346107e-02
6.633935124e-02
6.814684719e-02
7.016839832e-02
6.509210914e-02
6.574924290e-02
6.590124220e-02
6.477621943e-02
6.349869072e-02
6.128895283e-02
6.527070701e-02
6.032657623e-02
6.258410215e-02
6.013449654e-02
6.118313223e-02
5.870738253e-02
6.288691610e-02
5.582199618e-02
5.799186230e-02
6.008950621e-02
5.538839474e-02
5.613302439e-02
5.645264685e-02
5.574760586e-02
5.468842387e-02
5.201324821e-02
5.612160638e-02
5.106922984e-02
5.346689001e-02
5.089268461e-02
5.187511072e-02
4.969283566e-02
5.441582948e-02
4.740380868e-02
4.963153601e-02
5.202347040e-02
4.733716697e-02
4.836745188e-02
4.908837751e-02
4.828203842e-02
4.719578475e-02
4.515371099e-02
4.935404658e-02
4.429466277e-02
4.678095877e-02
4.429384694e-02
4.540013149e-02
4.288482666e-02
4.723542556e-02
4.045041651e-02
4.242387041e-02
4.510343820e-02
4.054032639e-02
4.114025831e-02
4.171033204e-02
4.118193686e-02
4.024813697e-02
3.837724030e-02
4.243979231e-02
3.790888935e-02
4.060940817e-02
3.802128136e-02
3.867071122e-02
3.641762584e-02
4.105851799e-02
3.413437307e-02
3.676459566e-02
3.958156705e-02
3.522187099e-02
3.606497869e-02
3.656801209e-02
3.605229780e-02
3.509723395e-02
3.322467208e-02
3.749202937e-02
3.263982758e-02
3.546420112e-02
3.343719244e-02
3.443638235e-02
3.207336739e-02
3.704211116e-02
3.048533201e-02
3.284255043e-02
3.510419279e-02
3.112362325e-02
3.220823407e-02
3.269297630e-02
3.218046576e-02
3.139004111e-02
2.927771956e-02
3.328761458e-02
2.879586257e-02
3.161728755e-02
2.950452827e-02
3.069906123e-02
2.826334350e-02
3.300194442e-02
2.623710781e-02
2.890253998e-02
3.141377866e-02
2.674548514e-02
2.780566551e-02
2.866915055e-02
2.825929411e-02
2.751629427e-02
2.563677542e-02
3.006602824e-02
2.560777403e-02
2.828871086e-02
2.602132037e-02
2.758494392e-02
2.507036179e-02
2.977464907e-02
2.281368710e-02
2.518558316e-02
2.795805037e-02
2.376913652e-02
2.471931465e-02
2.523421682e-02
2.503805608e-02
2.365021780e-02
2.187414654e-02
2.631843463e-02
2.142581344e-02
2.415166609e-02
2.192318626e-02
2.327423729e-02
2.094724774e-02
2.584847622e-02
1.902937330e-02
2.164201066e-02
2.434086800e-02
2.029010281e-02
2.151286975e-02
2.227095887e-02
2.192359604e-02
2.121903002e-02
1.958843321e-02
2.376383729e-02
1.892229728e-02
2.166938595e-02
1.963993721e-02
2.118837088e-02
1.901506446e-02
2.388888597e-02
1.732035540e-02
2.010293305e-02
2.245281637e-02
1.819449663e-02
1.893007942e-02
1.949935034e-02
1.930195466e-02
1.851243712e-02
1.662155986e-02
2.107271180e-02
1.630972140e-02
1.920881309e-02
1.711972803e-02
1.859825477e-02
1.662850939e-02
2.151122876e-02
1.459410228e-02
1.757295057e-02
1.991699636e-02
1.559172850e-02
1.701551862e-02
1.708784141e-02
1.693541370e-02
1.642332785e-02
1.397948992e-02
1.839273982e-02
1.391858421e-02
1.645479351e-02
1.432888955e-02
1.542415656e-02
1.341591869e-02
1.871597208e-02
1.224345155e-02
1.459617261e-02
1.707884483e-02
1.281804033e-02
1.387201156e-02
1.487405691e-02
1.450624131e-02
1.390101761e-02
1.250009239e-02
1.676539518e-02
1.178776566e-02
1.424387656e-02
1.254136954e-02
1.415847335e-02
1.155154500e-02
1.630932093e-02
9.674485773e-03
1.244737767e-02
1.490185969e-02
1.097081508e-02
1.177142654e-02
1.295250002e-02
1.240854803e-02
1.177631691e-02
9.696139023e-03
1.416705456e-02
9.449650533e-03
1.230964623e-02
9.884108789e-03
1.131532714e-02
9.345861152e-03
1.403667778e-02
7.224448025e-03
9.760693647e-03
1.254668087e-02
8.398570120e-03
9.653193876e-03
1.022783201e-02
1.015549526e-02
9.351579472e-03
7.348271552e-03
1.228022389e-02
7.487617433e-03
1.034513395e-02
8.459052071e-03
9.764394723e-03
7.582437713e-03
1.263493672e-02
6.181146950e-03
9.030777030e-03
1.170604676e-02
7.718120702e-03
9.088848718e-03
9.627499618e-03
9.696158580e-03
8.993213065e-03
6.861555390e-03
1.148903184e-02
6.906501949e-03
9.856361896e-03
7.720970549e-03
9.013201110e-03
7.189704571e-03
1.229003351e-02
5.517444108e-03
8.114527911e-03
1.046896074e-02
6.040561479e-03
7.602863479e-03
8.307841606e-03
8.327040821e-03
7.615925279e-03
5.588976201e-03
1.032551564e-02
5.836227909e-03
8.824414574e-03
6.683791988e-03
8.114947006e-03
6.220376119e-03
1.092097349e-02
4.206436686e-03
6.399365608e-03
9.401847608e-03
5.449612625e-03
6.663369946e-03
7.504786830e-03
7.169261109e-03
6.638868712e-03
4.858260509e-03
9.628288448e-03
5.223198794e-03
8.153351955e-03
6.308237556e-03
7.637184113e-03
5.528490525e-03
1.075749192e-02
4.263236653e-03
6.841921248e-03
9.782393463e-03
5.830097478e-03
6.941644475e-03
7.729137782e-03
7.512945682e-03
6.938375998e-03
5.022138823e-03
9.657733142e-03
5.260812584e-03
8.555497974e-03
6.448000669e-03
7.861136459e-03
5.812525284e-03
1.097083185e-02
4.227682948e-03
6.885272916e-03
9.667113423e-03
5.417739041e-03
6.689922884e-03
7.437361870e-03
7.389957551e-03
6.885681301e-03
4.881953355e-03
9.479912929e-03
4.977179691e-03
7.816598751e-03
5.958011374e-03
7.372382563e-03
5.081386771e-03
1.042809989e-02
3.637964372e-03
6.002962589e-03
9.257593192e-03
5.535428412e-03
6.712003611e-03
7.418555208e-03
7.239966188e-03
6.341757718e-03
4.675162956e-03
9.197105654e-03
4.725845531e-03
7.512134966e-03
5.441852845e-03
6.920410786e-03
4.705408588e-03
9.849005379e-03
3.430355806e-03
5.964553449e-03
8.754921146e-03
5.180291366e-03
6.597996689e-03
7.203602698e-03
7.171312347e-03
6.733240094e-03
4.986983724e-03
9.427621029e-03
5.063405260e-03
8.324994706e-03
6.295572035e-03
8.071203716e-03
5.978431087e-03
1.076321676e-02
4.755269270e-03
7.412423380e-03
1.054129843e-02
6.290253252e-03
7.616353221e-03
8.439017460e-03
8.197898977e-03
7.606541738e-03
5.959634203e-03
1.049838960e-02
5.871364847e-03
8.770856075e-03
6.748383399e-03
8.372001350e-03
6.384252105e-03
1.117679663e-02
4.822295625e-03
7.770841476e-03
1.040071715e-02
6.123110186e-03
7.746728137e-03
8.523621596e-03
8.361370303e-03
7.893840782e-03
5.872996524e-03
1.036066655e-02
5.680106580e-03
8.924958296e-03
6.757776719e-03
8.033215068e-03
5.944520235e-03
1.098064333e-02
4.543575458e-03
7.403030526e-03
1.024623774e-02
6.199132185e-03
7.299236953e-03
8.441875689e-03
8.176241070e-03
7.850532420e-03
6.086745299e-03
1.092219353e-02
6.512991153e-03
9.251502343e-03
7.103076670e-03
8.991962299e-03
6.861588918e-03
1.202317048e-02
5.707487464e-03
8.356880397e-03
1.097449940e-02
7.200742140e-03
8.351973258e-03
9.204487316e-03
9.383900091e-03
8.841590025e-03
7.203195244e-03
1.185274776e-02
7.485983428e-03
1.062671375e-02
8.520749398e-03
1.016981620e-02
8.205665275e-03
1.332887355e-02
6.895061582e-03
9.426414967e-03
1.230965741e-02
8.470487781e-03
9.613997303e-03
1.065654401e-02
1.054252312e-02
1.007295400e-02
8.401415311e-03
1.291610487e-02
8.358512074e-03
1.136111096e-02
9.316461161e-03
1.070477813e-02
8.875090629e-03
1.373346150e-02
7.463927381e-03
1.033532433e-02
1.247026678e-02
8.550171740e-03
9.861243889e-03
1.076198090e-02
1.042850036e-02
9.922151454e-03
8.413690142e-03
1.303911209e-02
8.409188129e-03
1.135906391e-02
9.292746894e-03
1.116779353e-02
8.655218408e-03
1.389529649e-02
7.602474652e-03
1.046730950e-02
1.385240164e-02
9.853878058e-03
1.105130836e-02
1.187519636e-02
1.165697165e-02
1.084411610e-02
9.180781431e-03
1.371304784e-02
9.386329912e-03
1.205708738e-02
9.903319180e-03
1.156870089e-02
9.511384182e-03
1.459288970e-02
7.985807024e-03
1.106971316e-02
1.431498583e-02
1.051513385e-02
1.150783058e-02
1.200436801e-02
1.202807110e-02
1.170071680e-02
1.054129750e-02
1.489774417e-02
1.032142807e-02
1.355159562e-02
1.155319158e-02
1.299580932e-02
1.128672436e-02
1.652999781e-02
9.890690446e-03
1.252706349e-02
1.517975796e-02
1.158507168e-02
1.310572959e-02
1.388099603e-02
1.353933290e-02
1.331415214e-02
1.210735273e-02
1.684713550e-02
