9.351584315e-02
9.283024073e-02
9.237501770e-02
9.203071892e-02
9.100390971e-02
8.969783783e-02
8.879581839e-02
8.855867386e-02
8.794278651e-02
8.733530343e-02
8.717615157e-02
8.678748459e-02
8.586242795e-02
8.490452170e-02
8.416698873e-02
8.361081034e-02
8.358101547e-02
8.304923773e-02
8.223517239e-02
8.147239685e-02
8.077535033e-02
8.011584729e-02
7.995669544e-02
8.004237711e-02
7.919918001e-02
7.833083719e-02
7.696742564e-02
7.628878951e-02
7.655654848e-02
7.541584224e-02
7.454291731e-02
7.397368550e-02
7.304864377e-02
7.214366645e-02
7.189730555e-02
7.241450995e-02
7.253003120e-02
7.277946174e-02
7.189270109e-02
7.143595070e-02
7.075349241e-02
7.027378678e-02
6.982544810e-02
6.981081516e-02
6.901050359e-02
6.830198318e-02
6.738759577e-02
6.700807065e-02
6.676018983e-02
6.684282422e-02
6.561949104e-02
6.476328522e-02
6.383458525e-02
6.358739734e-02
6.313370168e-02
6.257138401e-02
6.178795174e-02
6.032584980e-02
5.998609588e-02
5.930056050e-02
5.917203426e-02
5.853011087e-02
5.799761042e-02
5.740380660e-02
5.762721598e-02
5.707107857e-02
5.676811188e-02
5.631978065e-02
5.549118668e-02
5.455161259e-02
5.449040234e-02
5.442308635e-02
5.426471308e-02
5.384235084e-02
5.346356332e-02
5.302586034e-02
5.260045454e-02
5.195317417e-02
5.071204528e-02
5.117880553e-02
5.122243986e-02
5.074343458e-02
4.972666129e-02
4.963710904e-02
4.871825501e-02
4.894164950e-02
4.887354374e-02
4.932957515e-02
4.852389172e-02
4.795465618e-02
4.799290374e-02
4.778176546e-02
4.763026908e-02
4.656757414e-02
4.560888559e-02
4.579939693e-02
4.559662566e-02
4.531583190e-02
4.517966136e-02
4.487743229e-02
4.473358020e-02
4.500672594e-02
4.379553348e-02
4.345735162e-02
4.313681647e-02
4.313908145e-02
4.361803085e-02
4.328139871e-02
4.245049879e-02
4.140459746e-02
4.159358144e-02
4.133803025e-02
4.166242853e-02
4.193787277e-02
4.053464532e-02
3.972820565e-02
4.003502429e-02
4.037783667e-02
4.021332785e-02
3.944510221e-02
3.945735097e-02
3.984067589e-02
3.966774791e-02
3.955144808e-02
3.930585459e-02
3.768843412e-02
3.730431572e-02
3.825616464e-02
3.723542392e-02
3.698448092e-02
3.663938120e-02
3.591861576e-02
3.524380550e-02
3.461721912e-02
3.377792612e-02
3.335481510e-02
3.326220810e-02
3.348334134e-02
3.390337154e-02
3.366314247e-02
3.307628632e-02
3.234178573e-02
3.227906674e-02
3.168609738e-02
3.260117397e-02
3.283070773e-02
3.299976513e-02
3.222168237e-02
3.147339821e-02
3.170521185e-02
3.194317967e-02
3.236626834e-02
3.207402304e-02
3.133030608e-02
3.118264675e-02
3.185977042e-02
3.164937347e-02
3.119793162e-02
3.059887327e-02
3.083604388e-02
3.087200783e-02
3.118494153e-02
3.175572306e-02
3.215283155e-02
3.232268989e-02
3.231425956e-02
3.152161464e-02
3.107094206e-02
3.059733100e-02
3.069832921e-02
3.098756261e-02
3.089268506e-02
3.124233149e-02
3.076490015e-02
3.080544434e-02
3.083988652e-02
3.082993999e-02
3.140454739e-02
3.113599494e-02
3.128060326e-02
3.133950010e-02
3.136322647e-02
3.088887222e-02
3.115130216e-02
3.179625422e-02
3.187659010e-02
3.202351928e-02
3.173281625e-02
3.162263706e-02
3.208549693e-02
3.274579719e-02
3.249787912e-02
3.229283169e-02
3.266619891e-02
3.274579719e-02
3.286363557e-02
3.313292935e-02
3.317271546e-02
3.125313297e-02
3.216964006e-02
3.222014755e-02
3.128293529e-02
3.282916918e-02
3.388654441e-02
3.425227851e-02
3.438464925e-02
3.466159478e-02
3.359732032e-02
3.353227302e-02
3.433719650e-02
3.436932713e-02
3.421554714e-02
3.475342691e-02
3.416427970e-02
3.490259871e-02
3.482531756e-02
3.392175585e-02
3.409620747e-02
3.352925926e-02
3.397760540e-02
3.400438279e-02
3.373355418e-02
3.384522349e-02
3.360119089e-02
3.394471854e-02
3.405948356e-02
3.422780707e-02
3.487887979e-02
3.512218222e-02
3.490258753e-02
3.577708453e-02
3.536240757e-02
3.564243391e-02
3.614126146e-02
3.661718220e-02
3.645114601e-02
3.681767359e-02
3.695229441e-02
3.728817776e-02
3.751928732e-02
3.726521879e-02
3.778402880e-02
3.851630911e-02
3.879325092e-02
3.971902281e-02
4.131351411e-02
4.367848486e-02
4.544207826e-02
4.678789154e-02
5.592193827e-02
1.201209798e-01
6.096360087e-01
2.665102720e+00
6.185142517e+00
9.675744057e+00
1.216390705e+01
1.346867371e+01
1.392949963e+01
1.398999977e+01
1.386631107e+01
1.361594105e+01
1.318546295e+01
1.263249207e+01
1.203654480e+01
1.145296001e+01
1.090621948e+01
1.041062737e+01
9.991924286e+00
9.662049294e+00
9.413290977e+00
9.216115952e+00
9.025732040e+00
8.825369835e+00
8.608510017e+00
8.385371208e+00
8.154518127e+00
7.923579216e+00
7.700077057e+00
7.535497189e+00
7.421349525e+00
7.312514782e+00
7.194824219e+00
7.057219505e+00
6.905007362e+00
6.744987488e+00
6.583068371e+00
6.425825119e+00
6.268279552e+00
6.127806664e+00
5.997597218e+00
5.882118702e+00
5.772899628e+00
5.672804356e+00
5.563047409e+00
5.458734989e+00
5.356345177e+00
5.248285294e+00
5.149604797e+00
5.057712555e+00
4.971034527e+00
4.887278557e+00
4.807623863e+00
4.741484642e+00
4.677771568e+00
4.620336533e+00
4.546938419e+00
4.464922905e+00
4.377944469e+00
4.301668644e+00
4.218844414e+00
4.144914150e+00
4.074465275e+00
3.996033907e+00
3.921357155e+00
3.847089291e+00
3.773237467e+00
3.697947502e+00
3.624067307e+00
3.554427385e+00
3.480550289e+00
3.415501356e+00
3.350063324e+00
3.288927555e+00
3.228397131e+00
3.175274134e+00
3.114248753e+00
3.061109066e+00
3.013829470e+00
2.965240479e+00
2.921560049e+00
2.874561787e+00
2.823989630e+00
2.772030830e+00
2.721485138e+00
2.678437233e+00
2.628789186e+00
2.586625814e+00
2.541035175e+00
2.498989105e+00
2.454514503e+00
2.416595936e+00
2.367100000e+00
2.324534416e+00
2.284978151e+00
2.238302708e+00
2.198143482e+00
2.159406900e+00
2.122077465e+00
2.084923267e+00
2.050023794e+00
2.020128489e+00
1.982340693e+00
1.951319456e+00
1.918883204e+00
1.888212442e+00
1.853435397e+00
1.822193861e+00
1.781061053e+00
1.748842120e+00
1.719574809e+00
1.685027361e+00
1.655653119e+00
1.627131462e+00
1.597316623e+00
1.566648722e+00
1.535304666e+00
1.509106636e+00
1.475568533e+00
1.449337244e+00
1.420808434e+00
1.395518303e+00
1.369303942e+00
1.350306392e+00
1.323088288e+00
1.302056074e+00
1.283333063e+00
1.259188056e+00
1.238408566e+00
1.219649196e+00
1.202161074e+00
1.182395339e+00
1.163275123e+00
1.146061420e+00
1.125099897e+00
1.108098865e+00
1.090453148e+00
1.072794437e+00
1.054542780e+00
1.041995525e+00
1.021425605e+00
1.005588293e+00
9.908984900e-01
9.710036516e-01
9.538043141e-01
9.370869398e-01
9.212410450e-01
9.048318863e-01
8.888220787e-01
8.759388328e-01
8.581402302e-01
8.449899554e-01
8.302049041e-01
8.163187504e-01
8.020171523e-01
7.927559018e-01
7.754083872e-01
7.625349760e-01
7.515639067e-01
7.356599569e-01
7.235040069e-01
7.121314406e-01
7.014945149e-01
6.886535287e-01
6.770039201e-01
6.677926183e-01
6.529329419e-01
6.421422958e-01
6.292843223e-01
6.190543175e-01
6.086488962e-01
6.035955548e-01
5.903730989e-01
5.822447538e-01
5.760606527e-01
5.642763972e-01
5.553649664e-01
5.465649962e-01
5.375820994e-01
5.286125541e-01
5.217260718e-01
5.183959603e-01
5.067331791e-01
5.006512403e-01
4.921426177e-01
4.853872061e-01
4.759486020e-01
4.732866287e-01
4.603152871e-01
4.545018375e-01
4.504239261e-01
4.397217333e-01
4.331163764e-01
4.269089997e-01
4.196791351e-01
4.113480449e-01
4.038498998e-01
4.015119374e-01
3.919695616e-01
3.888225555e-01
3.815885782e-01
3.753766418e-01
3.670555055e-01
3.650164604e-01
3.527200222e-01
3.491951227e-01
3.480910361e-01
3.395435214e-01
3.354195356e-01
3.322030008e-01
3.281442821e-01
3.227422833e-01
3.171440661e-01
3.161770999e-01
3.069281876e-01
3.043082952e-01
2.985676229e-01
2.953784466e-01
2.892556787e-01
2.901744545e-01
2.807323933e-01
2.791648507e-01
2.802168131e-01
2.728675008e-01
2.700917125e-01
2.674044669e-01
2.641273737e-01
2.592643201e-01
2.533860803e-01
2.533715963e-01
2.453275621e-01
2.449465841e-01
2.404652238e-01
2.375164479e-01
2.320650816e-01
2.335348874e-01
2.238476127e-01
2.217863351e-01
2.224773616e-01
2.159462720e-01
2.131913900e-01
2.109779418e-01
2.086025625e-01
2.054049075e-01
2.019889355e-01
2.030059099e-01
1.966678202e-01
1.970656812e-01
1.935063004e-01
1.918865740e-01
1.876687855e-01
1.891621053e-01
1.812540740e-01
1.801125556e-01
1.807888597e-01
1.764094085e-01
1.757858396e-01
1.750896275e-01
1.740215272e-01
1.700704992e-01
1.678585708e-01
1.690284014e-01
1.636153609e-01
1.636574268e-01
1.601218283e-01
1.584837586e-01
1.548033506e-01
1.575150490e-01
1.512884349e-01
1.509250104e-01
1.532379538e-01
1.501973867e-01
1.495439857e-01
1.488745213e-01
1.484185010e-01
1.469786316e-01
1.451889277e-01
1.464996040e-01
1.414596736e-01
1.420832425e-01
1.394344717e-01
1.396884918e-01
1.378231645e-01
1.406518221e-01
1.353412420e-01
1.350512654e-01
1.358057261e-01
1.315149516e-01
1.301568300e-01
1.290825456e-01
1.286601871e-01
1.262179762e-01
1.242348254e-01
1.261008680e-01
1.224796474e-01
1.236671209e-01
1.218163297e-01
1.215517446e-01
1.195173040e-01
1.222991124e-01
1.177906021e-01
1.184064001e-01
1.209143847e-01
1.175786927e-01
1.167262718e-01
1.161609814e-01
1.168052480e-01
1.155343652e-01
1.149686873e-01
1.164570600e-01
1.130512878e-01
1.135708392e-01
1.126870960e-01
1.128584594e-01
1.112282276e-01
1.139504015e-01
1.093911678e-01
1.092465371e-01
1.108273640e-01
1.076496467e-01
1.071729884e-01
1.074706838e-01
1.074790508e-01
1.048746780e-01
1.036726832e-01
1.054248661e-01
1.023933962e-01
1.027521938e-01
1.009934098e-01
1.000943109e-01
9.989920259e-02
1.032526344e-01
9.967041016e-02
1.010699496e-01
1.025180891e-01
9.911570698e-02
9.888845682e-02
9.854567051e-02
9.863595665e-02
9.702309221e-02
9.660533816e-02
9.766966850e-02
9.479051083e-02
9.565888345e-02
9.459006041e-02
9.453726560e-02
9.306438267e-02
9.502617270e-02
9.090374410e-02
9.157704562e-02
9.310404956e-02
9.017612785e-02
9.016005695e-02
9.005066007e-02
9.084023535e-02
9.052195400e-02
9.027791023e-02
9.247218817e-02
8.977293968e-02
9.079812467e-02
8.959607780e-02
9.002146870e-02
8.867958188e-02
9.131075442e-02
8.730009943e-02
8.783491701e-02
9.014474601e-02
8.767578751e-02
8.778214455e-02
8.777677268e-02
8.821212500e-02
8.784484118e-02
8.810499310e-02
9.072781354e-02
8.871782571e-02
8.910342306e-02
8.856248856e-02
8.868183941e-02
8.709434420e-02
8.924416453e-02
8.530169725e-02
8.608364314e-02
8.821131289e-02
8.573556691e-02
8.622900397e-02
8.618079871e-02
8.587092161e-02
8.422599733e-02
8.300868422e-02
8.540496230e-02
8.271643519e-02
8.419537544e-02
8.352892101e-02
8.374934644e-02
8.277150244e-02
8.564520627e-02
8.195742220e-02
8.212806284e-02
8.398341388e-02
8.104469627e-02
8.102551848e-02
8.146625757e-02
8.185263723e-02
8.083197474e-02
8.056800812e-02
8.268049359e-02
8.000485599e-02
8.151058853e-02
8.087249845e-02
8.166209608e-02
8.034457266e-02
8.354354650e-02
7.916631550e-02
7.918773592e-02
8.106994629e-02
7.867588103e-02
7.920607924e-02
7.962232083e-02
8.049072325e-02
7.894369960e-02
7.820152491e-02
8.059326559e-02
7.779220492e-02
7.903090864e-02
7.798580080e-02
7.826352119e-02
7.770498842e-02
8.077689260e-02
7.712121308e-02
7.820917666e-02
8.063377440e-02
7.829564065e-02
7.811737061e-02
7.863917947e-02
7.972864062e-02
7.824361324e-02
7.784423977e-02
8.010890335e-02
7.792152464e-02
7.933388650e-02
7.888934761e-02
7.965138555e-02
7.881895453e-02
8.191915601e-02
7.822066545e-02
7.948842645e-02
8.193444461e-02
7.971414179e-02
8.059400320e-02
8.114026487e-02
8.156104386e-02
7.995591313e-02
7.977534831e-02
8.145090193e-02
7.913957536e-02
8.095668256e-02
8.004697412e-02
7.959861308e-02
7.926198840e-02
8.307221532e-02
7.885875553e-02
8.017853647e-02
8.247848600e-02
7.955042273e-02
7.999645174e-02
8.000567555e-02
7.982276380e-02
7.818927616e-02
7.790922374e-02
8.040428162e-02
7.779984921e-02
7.934383303e-02
7.823672891e-02
7.891384512e-02
7.789241523e-02
8.154966682e-02
7.808373123e-02
7.905536145e-02
8.081594110e-02
7.872865349e-02
7.850143313e-02
7.944026589e-02
7.985188812e-02
7.867358625e-02
7.860625535e-02
8.158635348e-02
7.910129428e-02
8.085640520e-02
8.025275171e-02
8.049757779e-02
7.973022014e-02
8.342253417e-02
7.902631909e-02
7.995904237e-02
8.220073581e-02
7.912581414e-02
8.051594347e-02
8.199946582e-02
8.269339800e-02
8.229179680e-02
8.150603622e-02
8.465816081e-02
8.185257763e-02
8.334678411e-02
8.319529891e-02
8.376226574e-02
8.315785229e-02
8.646080643e-02
8.276082575e-02
8.395961672e-02
8.639807254e-02
8.290530741e-02
8.293592930e-02
8.249530941e-02
8.275845647e-02
8.172635734e-02
8.181203902e-02
8.462753892e-02
8.141266555e-02
8.325966448e-02
8.214943111e-02
8.237286657e-02
8.176614344e-02
8.602544665e-02
8.191613853e-02
8.266057819e-02
8.488543332e-02
8.233310282e-02
8.252593875e-02
8.337521553e-02
8.367358148e-02
8.249759674e-02
8.187863976e-02
8.458937705e-02
8.201708645e-02
8.365441114e-02
8.255653083e-02
8.322829753e-02
8.326348662e-02
8.752656728e-02
8.330939710e-02
8.387096226e-02
8.628019691e-02
8.446999639e-02
8.499028534e-02
8.606217802e-02
8.615626395e-02
8.423136175e-02
8.332543820e-02
8.619912714e-02
8.268811554e-02
8.415944874e-02
8.276462555e-02
8.220610768e-02
8.121986687e-02
8.539500087e-02
8.100407571e-02
8.203390986e-02
8.442714810e-02
8.177836239e-02
8.203466982e-02
8.261160553e-02
8.274015039e-02
8.165213466e-02
8.051673323e-02
8.276844025e-02
7.983350754e-02
8.163450658e-02
8.123282343e-02
8.122441918e-02
7.983808964e-02
8.349915594e-02
7.926043868e-02
8.029791713e-02
8.338055015e-02
8.091383427e-02
8.049763739e-02
8.047773689e-02
8.126728237e-02
8.039356023e-02
7.988402992e-02
8.273243904e-02
7.867895812e-02
8.017779887e-02
7.915945351e-02
7.964145392e-02
7.856342942e-02
8.198193461e-02
7.736759633e-02
7.824592292e-02
8.100104332e-02
7.766901702e-02
7.837444544e-02
7.883581519e-02
7.955574989e-02
7.848462462e-02
7.819845527e-02
8.124665171e-02
7.827268541e-02
7.992682606e-02
7.886868715e-02
7.922448218e-02
7.775395364e-02
8.124889433e-02
7.667752355e-02
7.763846219e-02
8.102707565e-02
7.834921032e-02
7.830939442e-02
7.908600569e-02
8.020073920e-02
7.963000238e-02
7.939358801e-02
8.215783536e-02
7.895286381e-02
8.015409112e-02
7.955194265e-02
8.038668334e-02
7.964529842e-02
8.210124820e-02
7.716109604e-02
7.797586918e-02
8.070878685e-02
7.727506757e-02
7.757115364e-02
7.812045515e-02
7.841652632e-02
7.750453800e-02
7.727118582e-02
8.003086597e-02
7.740813494e-02
7.936066389e-02
7.827422768e-02
7.857032120e-02
7.658270001e-02
8.009747416e-02
7.645564526e-02
7.762628049e-02
8.017935604e-02
7.628583163e-02
7.614883780e-02
7.750997692e-02
7.757118344e-02
7.703333348e-02
7.689941674e-02
7.993756980e-02
7.665765285e-02
7.767524570e-02
7.704249769e-02
7.718402892e-02
7.632948458e-02
8.083195984e-02
7.644885033e-02
7.702800632e-02
7.948231697e-02
7.672119886e-02
7.746794075e-02
7.819092274e-02
7.928194106e-02
7.767831534e-02
7.677017897e-02
7.913045585e-02
7.609459013e-02
7.796905190e-02
7.651614398e-02
7.681760937e-02
7.527448237e-02
7.913125306e-02
7.492484152e-02
7.596150786e-02
7.859719545e-02
7.549175620e-02
7.595611364e-02
7.659185678e-02
7.729727775e-02
7.581460476e-02
7.530354708e-02
7.849850506e-02
7.545424253e-02
7.707158476e-02
7.608841360e-02
7.668136805e-02
7.523912191e-02
7.918699831e-02
7.468985766e-02
7.536614686e-02
7.791846246e-02
7.436392456e-02
7.469591498e-02
7.586271316e-02
7.703868300e-02
7.612743974e-02
7.558726519e-02
7.766221464e-02
7.454913110e-02
7.635931671e-02
7.532716542e-02
7.543884963e-02
7.408473641e-02
7.848392427e-02
7.389119267e-02
7.503190637e-02
7.731026411e-02
7.408399135e-02
7.374121249e-02
7.409236580e-02
7.548704743e-02
7.395159453e-02
7.303886116e-02
7.726974040e-02
7.419873774e-02
7.663551718e-02
7.598053664e-02
7.663699985e-02
7.563859969e-02
8.004928380e-02
7.495457679e-02
7.541211694e-02
7.744722813e-02
7.414749265e-02
7.438695431e-02
7.448412478e-02
7.510607690e-02
7.491254807e-02
7.404189557e-02
7.699278742e-02
7.337088138e-02
7.441288233e-02
7.307943702e-02
7.364328951e-02
7.292485982e-02
7.679375261e-02
7.213527709e-02
7.258210331e-02
7.527969778e-02
7.327830791e-02
7.386967540e-02
7.447560132e-02
7.485199720e-02
7.342896610e-02
7.288274914e-02
7.648397237e-02
7.315665483e-02
7.521389425e-02
7.325993478e-02
7.354298234e-02
7.151862234e-02
7.528199255e-02
7.110930979e-02
7.218884677e-02
7.515655458e-02
7.180552185e-02
7.194401324e-02
7.210849226e-02
7.300142199e-02
7.310319692e-02
7.222864032e-02
7.586040348e-02
7.204425335e-02
7.373660803e-02
7.304423302e-02
7.345579565e-02
7.193407416e-02
7.635773718e-02
7.190804183e-02
7.305874676e-02
7.554903626e-02
7.168465108e-02
7.151559740e-02
7.221715152e-02
7.227069885e-02
7.075507939e-02
7.032652944e-02
7.402123511e-02
7.152630389e-02
