2.169509046e-02
2.145164646e-02
2.186821029e-02
2.260396816e-02
2.280413173e-02
2.216576040e-02
2.275544032e-02
2.210082486e-02
2.131098136e-02
2.197640389e-02
2.128392830e-02
2.071588114e-02
2.038588375e-02
2.099178918e-02
2.141917869e-02
2.124605887e-02
2.240379341e-02
2.207378112e-02
2.212788351e-02
2.169508673e-02
2.084031142e-02
2.188984491e-02
2.238756232e-02
2.216575295e-02
2.207378298e-02
2.036964521e-02
2.103506960e-02
2.010456659e-02
1.946618967e-02
1.941749826e-02
1.868715696e-02
1.912534982e-02
1.953651384e-02
2.027767897e-02
1.944453828e-02
1.815697551e-02
1.752401143e-02
1.655563340e-02
1.640956476e-02
1.623104885e-02
1.427264325e-02
1.429969259e-02
1.422936004e-02
1.444035117e-02
1.393181644e-02
1.378033869e-02
1.393724326e-02
1.513823122e-02
1.555481181e-02
1.548988093e-02
1.513824612e-02
1.502461638e-02
1.524101943e-02
1.618775539e-02
1.603086665e-02
1.484068856e-02
1.439166721e-02
1.397511549e-02
1.373708062e-02
1.243328024e-02
1.351527311e-02
1.350445300e-02
1.349904202e-02
1.281739585e-02
1.265508588e-02
1.304461434e-02
1.191931870e-02
1.091306657e-02
1.194637083e-02
1.289854292e-02
1.358560100e-02
1.411036588e-02
1.259557996e-02
1.311493199e-02
1.323395409e-02
1.420233399e-02
1.530055609e-02
1.445660368e-02
1.484070718e-02
1.347198989e-02
1.479202230e-02
1.428890415e-02
1.372626796e-02
1.469463855e-02
1.564138383e-02
1.581991278e-02
1.645828597e-02
1.602007821e-02
1.666386053e-02
1.560892165e-02
1.452152431e-02
1.537088305e-02
1.433758438e-02
1.329887845e-02
1.266049594e-02
1.356937364e-02
1.339084841e-02
1.269295625e-02
1.347740833e-02
1.416446548e-02
1.474873815e-02
1.466759108e-02
1.528973598e-02
1.580367051e-02
1.544121187e-02
1.564137638e-02
1.723731309e-02
1.869258657e-02
1.786486618e-02
1.694517955e-02
1.502464525e-02
1.471087430e-02
1.460808422e-02
1.433758903e-02
1.447825041e-02
1.470005047e-02
1.547907945e-02
1.400758140e-02
1.387233473e-02
1.418069471e-02
1.484611910e-02
1.431054436e-02
1.467301138e-02
1.525186840e-02
1.613909192e-02
1.617154852e-02
1.712370664e-02
1.553317439e-02
1.506250538e-02
1.615532115e-02
1.675041951e-02
1.732928492e-02
1.754568145e-02
1.715616323e-02
1.645286381e-02
1.730764657e-02
1.709123887e-02
1.693435200e-02
1.662057824e-02
1.661516540e-02
1.691271923e-02
1.625270024e-02
1.603630558e-02
1.651238278e-02
1.801634021e-02
1.759436913e-02
1.726977341e-02
1.629056409e-02
1.748075336e-02
1.693434827e-02
1.770797186e-02
1.754026487e-02
1.764846221e-02
1.776207238e-02
1.858437806e-02
1.919570193e-02
1.874667592e-02
1.782157272e-02
1.800551824e-02
1.762141287e-02
1.755649410e-02
1.741042547e-02
1.822191477e-02
1.867635921e-02
1.803797856e-02
1.775665954e-02
1.750239357e-02
1.666384935e-02
1.845995337e-02
1.893602498e-02
1.921193674e-02
1.970423572e-02
1.947160438e-02
2.071047947e-02
2.136508003e-02
2.058064379e-02
2.056442201e-02
1.910374500e-02
1.942292787e-02
1.939046755e-02
1.848700643e-02
1.897930726e-02
1.886569895e-02
1.873585954e-02
1.948783547e-02
1.961226761e-02
1.925521344e-02
1.920111105e-02
1.940670423e-02
1.873045415e-02
1.820027828e-02
1.791895553e-02
1.869257912e-02
1.935800165e-02
1.944456436e-02
2.012078650e-02
1.887110248e-02
1.931471750e-02
1.986652799e-02
1.921733096e-02
2.203051187e-02
2.183575183e-02
2.135425992e-02
2.202509530e-02
2.305298857e-02
2.259314060e-02
2.302594297e-02
2.352364920e-02
2.323151194e-02
2.296101861e-02
2.326937579e-02
2.461104654e-02
2.496810816e-02
2.514122799e-02
2.575255930e-02
2.674259059e-02
2.575255930e-02
2.608256973e-02
2.724572457e-02
2.761902474e-02
2.742426656e-02
2.840889059e-02
2.997236513e-02
2.979923971e-02
2.956661209e-02
2.917710319e-02
3.062696755e-02
3.113009408e-02
3.148715198e-02
3.136812896e-02
3.013466112e-02
3.103812411e-02
3.185502812e-02
3.242307529e-02
3.348343074e-02
3.451674432e-02
3.420297429e-02
3.438149765e-02
3.624792397e-02
3.722713515e-02
3.755173460e-02
3.697828203e-02
3.837946802e-02
3.939112276e-02
3.958047926e-02
3.893128410e-02
3.893668577e-02
3.859044239e-02
3.982933983e-02
4.351894557e-02
1.436141431e-01
6.402482390e-01
1.707638025e+00
3.165648699e+00
4.718633175e+00
6.167397499e+00
7.443566322e+00
8.546319962e+00
9.479081154e+00
1.024821186e+01
1.085511112e+01
1.130536652e+01
1.161603165e+01
1.182161331e+01
1.192517090e+01
1.193999958e+01
1.189139366e+01
1.179265308e+01
1.166047478e+01
1.150698090e+01
1.135559845e+01
1.124946690e+01
1.117724419e+01
1.113620281e+01
1.109396362e+01
1.104386234e+01
1.097582436e+01
1.090190220e+01
1.079788399e+01
1.068976593e+01
1.056848049e+01
1.042693424e+01
1.027898026e+01
1.012042904e+01
9.952970505e+00
9.780226707e+00
9.602231026e+00
9.432144165e+00
9.249634743e+00
9.076910019e+00
8.906059265e+00
8.746492386e+00
8.589156151e+00
8.445462227e+00
8.292142868e+00
8.149342537e+00
8.011149406e+00
7.865107536e+00
7.725748539e+00
7.588033676e+00
7.449912071e+00
7.311199188e+00
7.173570633e+00
7.043104649e+00
6.902505398e+00
6.772532463e+00
6.639580250e+00
6.509667873e+00
6.378547192e+00
6.259629250e+00
6.129711628e+00
6.012265682e+00
5.898375034e+00
5.778278351e+00
5.665786266e+00
5.555953026e+00
5.447956085e+00
5.340365887e+00
5.234450340e+00
5.136990070e+00
5.030014515e+00
4.933431625e+00
4.833504200e+00
4.739765167e+00
4.643851280e+00
4.557802677e+00
4.460635185e+00
4.375838757e+00
4.292631149e+00
4.202431679e+00
4.121206284e+00
4.042243004e+00
3.963975430e+00
3.885483980e+00
3.807748318e+00
3.738907576e+00
3.662886858e+00
3.596799135e+00
3.524597645e+00
3.457116365e+00
3.388351440e+00
3.330269098e+00
3.260080338e+00
3.200618744e+00
3.143520832e+00
3.080906630e+00
3.023863316e+00
2.967523336e+00
2.911523581e+00
2.857332468e+00
2.802605629e+00
2.755988598e+00
2.699427366e+00
2.652041435e+00
2.601533175e+00
2.555359364e+00
2.505906105e+00
2.466066599e+00
2.414422989e+00
2.374508381e+00
2.334209442e+00
2.288765669e+00
2.249803066e+00
2.210932493e+00
2.170769215e+00
2.131633997e+00
2.091334820e+00
2.059751272e+00
2.018619061e+00
1.985613227e+00
1.948598146e+00
1.916652679e+00
1.881325722e+00
1.854773164e+00
1.816260099e+00
1.787267089e+00
1.759649634e+00
1.724971533e+00
1.695968866e+00
1.666895866e+00
1.638823271e+00
1.611578703e+00
1.582602859e+00
1.560855150e+00
1.529585123e+00
1.508475900e+00
1.483216643e+00
1.461593390e+00
1.436788917e+00
1.419671297e+00
1.391117334e+00
1.372247577e+00
1.355038285e+00
1.330703974e+00
1.310703516e+00
1.291005969e+00
1.270485878e+00
1.251161337e+00
1.230565667e+00
1.216932535e+00
1.194713473e+00
1.179489851e+00
1.159575939e+00
1.143946648e+00
1.124606013e+00
1.115284443e+00
1.094569921e+00
1.080769181e+00
1.068899632e+00
1.049959421e+00
1.038809061e+00
1.026588082e+00
1.013333797e+00
1.000468969e+00
9.841791987e-01
9.763671756e-01
9.583626986e-01
9.488193989e-01
9.341423512e-01
9.247778058e-01
9.101545215e-01
9.053075910e-01
8.861241937e-01
8.760507107e-01
8.675733209e-01
8.521438837e-01
8.433797359e-01
8.347451687e-01
8.236280084e-01
8.120397329e-01
8.000189066e-01
7.955449224e-01
7.803813219e-01
7.746362686e-01
7.615116835e-01
7.542405725e-01
7.425665855e-01
7.409215569e-01
7.262877822e-01
7.192819118e-01
7.138398290e-01
7.014240623e-01
6.940448880e-01
6.870173216e-01
6.787075400e-01
6.710037589e-01
6.621585488e-01
6.599566936e-01
6.473623514e-01
6.431318521e-01
6.340269446e-01
6.297801137e-01
6.215623617e-01
6.209186316e-01
6.085569263e-01
6.073452234e-01
6.048187613e-01
5.945398211e-01
5.893788934e-01
5.855323672e-01
5.799817443e-01
5.741878152e-01
5.675984621e-01
5.681990981e-01
5.560591221e-01
5.546092391e-01
5.479710698e-01
5.444113612e-01
5.368319750e-01
5.373891592e-01
5.247463584e-01
5.224850774e-01
5.208404660e-01
5.117301345e-01
5.079215169e-01
5.032365322e-01
4.979509711e-01
4.937638044e-01
4.877318442e-01
4.891924262e-01
4.803148508e-01
4.777507186e-01
4.706689119e-01
4.681532085e-01
4.608334601e-01
4.625052214e-01
4.523019791e-01
4.516960979e-01
4.508683681e-01
4.413140416e-01
4.382791519e-01
4.357853532e-01
4.324150085e-01
4.273512065e-01
4.216813147e-01
4.231693149e-01
4.138802290e-01
4.126195908e-01
4.060898125e-01
4.043802619e-01
3.981046081e-01
4.028058648e-01
3.921211958e-01
3.905413449e-01
3.904710114e-01
3.819122612e-01
3.811007738e-01
3.785362840e-01
3.741540611e-01
3.707674146e-01
3.657578826e-01
3.686739206e-01
3.584923148e-01
3.579999208e-01
3.525464237e-01
3.513616920e-01
3.451402485e-01
3.494086862e-01
3.396222293e-01
3.387512267e-01
3.391083181e-01
3.319617212e-01
3.306849599e-01
3.296354711e-01
3.258160949e-01
3.230623901e-01
3.178362548e-01
3.196919262e-01
3.099972010e-01
3.111603558e-01
3.056584597e-01
3.056205809e-01
3.002159894e-01
3.032131493e-01
2.941838503e-01
2.931559980e-01
2.955309451e-01
2.889956534e-01
2.892769575e-01
2.873401642e-01
2.857983708e-01
2.826173604e-01
2.775698602e-01
2.799285650e-01
2.705747783e-01
2.708344758e-01
2.655003369e-01
2.645318508e-01
2.581642866e-01
2.617078125e-01
2.532520592e-01
2.514289021e-01
2.534305155e-01
2.470846027e-01
2.459430546e-01
2.453642040e-01
2.430648506e-01
2.407981604e-01
2.361834496e-01
2.389155030e-01
2.318880111e-01
2.321909517e-01
2.268945128e-01
2.264292985e-01
2.214791626e-01
2.255637050e-01
2.155445069e-01
2.162910551e-01
2.189797014e-01
2.117088884e-01
2.115844637e-01
2.110867947e-01
2.087713778e-01
2.067264020e-01
2.027231604e-01
2.065911591e-01
1.984600574e-01
2.010677010e-01
1.966801435e-01
1.977242678e-01
1.932232678e-01
1.981408894e-01
1.899502873e-01
1.908212900e-01
1.917409748e-01
1.851354688e-01
1.846973002e-01
1.851300597e-01
1.826685220e-01
1.804613024e-01
1.778159142e-01
1.818570793e-01
1.744563282e-01
1.763335913e-01
1.720435023e-01
1.724222153e-01
1.673367918e-01
1.716810167e-01
1.643234491e-01
1.649834663e-01
1.668823510e-01
1.602173448e-01
1.608016193e-01
1.596438736e-01
1.584212184e-01
1.572634727e-01
1.534656435e-01
1.572634727e-01
1.499221325e-01
1.525784284e-01
1.492242366e-01
1.497003138e-01
1.444634795e-01
1.487589926e-01
1.390805691e-01
1.413690001e-01
1.433273554e-01
1.373602003e-01
1.359482110e-01
1.365919858e-01
1.344009638e-01
1.327617317e-01
1.295589656e-01
1.345849037e-01
1.271947920e-01
1.292235553e-01
1.260695159e-01
1.272759289e-01
1.246737763e-01
1.300675124e-01
1.209625676e-01
1.208056957e-01
1.243329272e-01
1.186471060e-01
1.184577569e-01
1.186579242e-01
1.171701923e-01
1.152172163e-01
1.113707572e-01
1.154282317e-01
1.093420237e-01
1.120145172e-01
1.084926277e-01
1.099479347e-01
1.057335362e-01
1.128422692e-01
1.053223684e-01
1.064097658e-01
1.098721996e-01
1.053277850e-01
1.058417186e-01
1.052790955e-01
1.047056466e-01
1.025849357e-01
9.837058187e-02
1.043323502e-01
9.797567129e-02
1.005183086e-01
9.801893681e-02
9.701267630e-02
9.376672655e-02
9.926319867e-02
9.146206081e-02
9.289571643e-02
9.612544626e-02
9.051534534e-02
8.988235146e-02
8.895722777e-02
8.828634024e-02
8.636040241e-02
8.335787803e-02
8.821061254e-02
8.151850849e-02
8.528923243e-02
8.139947802e-02
8.270327002e-02
7.886763662e-02
8.375281841e-02
7.648724318e-02
7.790465653e-02
8.162128180e-02
7.712561637e-02
7.788301259e-02
7.954927534e-02
8.012273163e-02
7.861876488e-02
7.533492148e-02
7.885140181e-02
7.364699244e-02
7.709316909e-02
7.433947921e-02
7.568113506e-02
7.163447142e-02
7.716888934e-02
6.929199398e-02
7.022787631e-02
7.385797799e-02
6.837228686e-02
6.894573569e-02
6.860491633e-02
6.707930565e-02
6.576468796e-02
6.298936903e-02
6.743095070e-02
6.126360595e-02
6.377921999e-02
6.024111435e-02
6.145294011e-02
5.865059420e-02
6.567271054e-02
5.604842305e-02
5.833140761e-02
6.183163077e-02
5.647036806e-02
5.742252246e-02
5.753071234e-02
5.691939965e-02
5.723858252e-02
5.486904457e-02
6.166934967e-02
5.489608645e-02
5.783367157e-02
5.480951443e-02
5.741713569e-02
5.442542583e-02
6.149623170e-02
5.528017879e-02
5.804467574e-02
6.180458143e-02
5.670841038e-02
5.619987473e-02
5.640543997e-02
5.564264953e-02
5.565349013e-02
5.255358294e-02
5.644873157e-02
4.868003726e-02
5.198012292e-02
4.964841157e-02
5.195848644e-02
4.941037297e-02
5.491772294e-02
4.820936546e-02
4.877740890e-02
5.210996419e-02
4.679197446e-02
4.732217267e-02
4.918857664e-02
4.964842275e-02
4.889103770e-02
4.664047435e-02
5.240749195e-02
4.712736979e-02
5.004334822e-02
4.734377936e-02
4.862051830e-02
4.513111711e-02
5.106042325e-02
4.383274168e-02
4.599672183e-02
4.798214510e-02
4.258845374e-02
4.570998251e-02
4.678112268e-02
4.646734521e-02
4.554227367e-02
4.252352193e-02
4.761967808e-02
4.079232737e-02
4.343779385e-02
4.018100351e-02
4.154430330e-02
3.926671296e-02
4.510944337e-02
3.742732853e-02
3.916392475e-02
4.224760458e-02
3.678895533e-02
3.649679571e-02
3.665911034e-02
3.667532280e-02
3.638318926e-02
3.433281928e-02
3.917474672e-02
3.295326233e-02
3.510102630e-02
3.365656734e-02
3.670777753e-02
3.217423707e-02
3.734615818e-02
3.011303768e-02
3.134110570e-02
3.531742468e-02
3.088124655e-02
3.216341883e-02
3.302901238e-02
3.217964247e-02
3.161159903e-02
3.009137325e-02
3.560415283e-02
2.961529605e-02
3.379181400e-02
3.189832345e-02
3.262867406e-02
2.856036276e-02
3.565824032e-02
2.902561612e-02
3.199570626e-02
3.532823920e-02
3.145470843e-02
3.220127895e-02
3.171980008e-02
3.280719742e-02
3.233653307e-02
3.006976284e-02
3.600450978e-02
2.944761142e-02
3.239605576e-02
2.933400497e-02
2.999402769e-02
2.703474462e-02
3.247179836e-02
2.509796247e-02
2.719702758e-02
2.981005795e-02
2.372381836e-02
2.526567318e-02
2.505467832e-02
2.418367565e-02
2.371300384e-02
2.094310708e-02
2.679670788e-02
2.167885751e-02
2.407006174e-02
2.177082933e-02
2.350742556e-02
1.998554356e-02
2.656946518e-02
1.882240735e-02
1.980701834e-02
2.191690356e-02
1.632840931e-02
1.806501299e-02
1.935799047e-02
1.852486096e-02
1.756188273e-02
1.505165361e-02
1.994226687e-02
1.424557250e-02
1.725892909e-02
1.528969686e-02
1.833550632e-02
1.507871319e-02
2.147328295e-02
1.370458677e-02
1.534379926e-02
1.850862615e-02
1.365589630e-02
1.369917486e-02
1.344490889e-02
1.211946085e-02
1.174076833e-02
9.387454018e-03
1.450525597e-02
9.225150570e-03
1.342867315e-02
1.150272228e-02
1.263881940e-02
8.987112902e-03
1.540330797e-02
8.029545657e-03
9.804013185e-03
1.405623090e-02
9.690403938e-03
1.054517180e-02
1.124846004e-02
1.052893605e-02
1.031253580e-02
7.726574782e-03
1.270915102e-02
6.119824015e-03
9.057435207e-03
5.773584358e-03
7.212641649e-03
2.652058145e-03
8.267576806e-03
1.759414910e-03
4.383245483e-03
8.300046436e-03
2.451889683e-03
2.944196109e-03
3.853069153e-03
2.873866586e-03
2.235491294e-03
1.077760127e-03
5.459826905e-03
-1.345901750e-03
3.111904720e-03
-8.538120164e-05
3.431092482e-03
-4.316186241e-04
4.458984360e-03
-3.131188219e-03
-8.049057797e-04
2.386970213e-03
-2.449533436e-03
-5.073579960e-04
1.905267127e-04
-3.017795971e-04
-5.776875187e-04
-3.774973564e-03
1.775644836e-03
-3.964322153e-03
-6.101472536e-04
-2.687571570e-03
-1.421641209e-03
-3.434145823e-03
1.770234900e-03
-5.646819249e-03
-2.839050489e-03
6.990628899e-04
-4.559417721e-03
-3.655954497e-03
-3.585624974e-03
-4.748765845e-03
-5.944367032e-03
-6.615201943e-03
-1.286392217e-03
-6.891109981e-03
-3.942681942e-03
-7.231937256e-03
-4.889424890e-03
-7.372596301e-03
-1.443280955e-03
-8.638527244e-03
-7.156198379e-03
-4.213180393e-03
-8.249009959e-03
-6.339294370e-03
-4.775815643e-03
-3.683004295e-03
-3.785793204e-03
-5.571079906e-03
-5.939173861e-04
-6.815370638e-03
-3.585624974e-03
-4.997624084e-03
-1.827388187e-03
-4.040061496e-03
2.289590891e-03
-4.932704847e-03
-2.027556766e-03
2.386970213e-03
-2.151985653e-03
-1.021304168e-03
-8.373655728e-04
-7.183464477e-04
-1.118683373e-03
-2.763310913e-03
2.414020011e-03
-3.201517742e-03
1.380717731e-03
-9.455647669e-04
1.218418940e-03
-1.140323235e-03
4.870141856e-03
-1.643449417e-03
9.316911455e-04
4.902601242e-03
7.856222219e-04
2.094832249e-03
2.798127010e-03
2.879276406e-03
3.701590234e-03
3.436502302e-03
1.030714996e-02
6.017053034e-03
8.375794627e-03
5.151459482e-03
6.763627287e-03
4.718662705e-03
1.161095593e-02
3.409452504e-03
6.817726884e-03
9.906818159e-03
4.751122557e-03
6.168531720e-03
7.131504826e-03
6.433620118e-03
6.265911274e-03
3.853069153e-03
9.782376699e-03
3.869299078e-03
7.163964212e-03
4.486034159e-03
5.524746608e-03
3.463552333e-03
1.030172221e-02
1.689085388e-03
4.448164720e-03
7.234293967e-03
2.505989512e-03
4.015367944e-03
4.550953861e-03
3.853069153e-03
2.208441496e-03
-6.534269196e-04
5.925083533e-03
5.151242949e-04
3.928808961e-03
8.397218771e-04
2.457299735e-03
-5.398177891e-04
6.947565824e-03
5.527773465e-05
1.543016522e-03
5.508516449e-03
1.229238929e-03
2.711567795e-03
3.263383638e-03
3.615030786e-03
4.588823766e-03
2.035322832e-03
7.055757567e-03
