5.306222290e-02
5.358411744e-02
5.240060762e-02
5.201509222e-02
5.085850134e-02
4.985933378e-02
4.852936789e-02
4.788460210e-02
4.770783335e-02
4.842835665e-02
4.821705446e-02
4.673558101e-02
4.512447864e-02
4.435933381e-02
4.373138398e-02
4.258914664e-02
4.165985435e-02
4.127518088e-02
4.210849851e-02
4.128441587e-02
3.997972235e-02
3.931054100e-02
3.790987283e-02
3.610850498e-02
3.596455976e-02
3.714891896e-02
3.740733862e-02
3.649234027e-02
3.601337597e-02
3.501253948e-02
3.437618539e-02
3.371962532e-02
3.320782259e-02
3.382232413e-02
3.349066526e-02
3.155885637e-02
3.115481883e-02
3.192922845e-02
3.206560016e-02
3.104791604e-02
2.985006571e-02
3.007228859e-02
3.034588508e-02
3.039131872e-02
3.052853234e-02
2.984584309e-02
2.972297370e-02
2.975916117e-02
2.898645587e-02
2.853524126e-02
2.907820046e-02
2.932987921e-02
2.915227599e-02
2.821958996e-02
2.718000114e-02
2.630962618e-02
2.560424060e-02
2.524566092e-02
2.571366541e-02
2.620188333e-02
2.555290237e-02
2.480878122e-02
2.516484074e-02
2.516400255e-02
2.453521453e-02
2.379784919e-02
2.331214212e-02
2.354446799e-02
2.490979619e-02
2.560761198e-02
2.535508387e-02
2.498891763e-02
2.424396947e-02
2.395945229e-02
2.438875288e-02
2.378437482e-02
2.265555598e-02
2.280623093e-02
2.357982658e-02
2.382224984e-02
2.368336357e-02
2.322881483e-02
2.273048460e-02
2.257476375e-02
2.203433961e-02
2.138029039e-02
2.158315480e-02
2.187355980e-02
2.044173516e-02
2.008566633e-02
2.084914222e-02
2.112945355e-02
2.120941319e-02
2.145772055e-02
2.062102593e-02
2.047624066e-02
2.104948275e-02
2.126665600e-02
2.139712498e-02
2.224645577e-02
2.260336094e-02
2.208483964e-02
2.164039388e-02
2.131210826e-02
2.062018588e-02
2.016395144e-02
2.071614191e-02
2.163029090e-02
2.145099640e-02
2.186010405e-02
2.126918174e-02
2.009240352e-02
2.043331787e-02
2.003937215e-02
1.982220076e-02
1.940216683e-02
1.917319931e-02
1.807217672e-02
1.847874001e-02
1.914542355e-02
1.900905930e-02
1.863279194e-02
1.871359721e-02
1.950316504e-02
1.968330704e-02
1.916141063e-02
1.973885857e-02
2.043499611e-02
2.034071647e-02
2.028852887e-02
2.007304318e-02
1.969593577e-02
1.817066222e-02
1.808564737e-02
1.886511035e-02
1.878177561e-02
1.764372922e-02
1.687183231e-02
1.617064886e-02
1.688024960e-02
1.805870980e-02
1.796022430e-02
1.708731800e-02
1.675903611e-02
1.636088453e-02
1.643915474e-02
1.763782836e-02
1.830534823e-02
1.735332236e-02
1.687520184e-02
1.709910668e-02
1.741139963e-02
1.772958040e-02
1.832808182e-02
1.794339344e-02
1.709658466e-02
1.711931080e-02
1.748126931e-02
1.687855273e-02
1.554689743e-02
1.537349913e-02
1.607047953e-02
1.700399071e-02
1.670853049e-02
1.503594499e-02
1.411506068e-02
1.478594076e-02
1.642402075e-02
1.654691994e-02
1.551744249e-02
1.500816736e-02
1.519588195e-02
1.547956094e-02
1.555531938e-02
1.555447280e-02
1.656206511e-02
1.750230975e-02
1.704606786e-02
1.643327624e-02
1.637266017e-02
1.604606956e-02
1.588696614e-02
1.643916219e-02
1.710752957e-02
1.691896655e-02
1.664791815e-02
1.636088267e-02
1.660835929e-02
1.646189578e-02
1.658983342e-02
1.628511213e-02
1.679776050e-02
1.744084992e-02
1.805617474e-02
1.824219711e-02
1.834405027e-02
1.847452112e-02
1.870684512e-02
1.858310215e-02
1.784404367e-02
1.770600118e-02
1.844171993e-02
1.881461032e-02
1.868329942e-02
1.854102127e-02
1.842148788e-02
1.775819063e-02
1.680532657e-02
1.626995578e-02
1.693579927e-02
1.825818978e-02
1.950568147e-02
2.035333775e-02
2.073970251e-02
2.086259611e-02
2.111092582e-02
2.162860706e-02
2.162692510e-02
2.185588144e-02
2.219932154e-02
2.341818064e-02
2.399815060e-02
2.344512008e-02
2.406633645e-02
2.429024503e-02
2.433233149e-02
2.451246418e-02
2.541737445e-02
2.703355253e-02
2.879452892e-02
2.971289866e-02
2.945953608e-02
2.972972579e-02
3.010007925e-02
3.154454008e-02
3.241660446e-02
3.261779249e-02
3.260431066e-02
3.379961103e-02
3.586610034e-02
3.684422374e-02
3.759758919e-02
3.872888535e-02
4.046038166e-02
4.227520525e-02
4.423476756e-02
4.517079890e-02
4.541322589e-02
4.696962610e-02
4.811861366e-02
5.513884127e-02
2.764511704e-01
1.544735789e+00
4.446714878e+00
8.451946259e+00
1.245490360e+01
1.568663311e+01
1.803364372e+01
1.962677956e+01
2.061418533e+01
2.109452248e+01
2.115999985e+01
2.091554832e+01
2.047732353e+01
1.993966293e+01
1.936699104e+01
1.879810333e+01
1.825135231e+01
1.773690224e+01
1.726064682e+01
1.682072639e+01
1.641313362e+01
1.602961922e+01
1.566863155e+01
1.532192421e+01
1.498511219e+01
1.465464783e+01
1.433398151e+01
1.402504826e+01
1.376265812e+01
1.352167892e+01
1.327022266e+01
1.300577736e+01
1.273497677e+01
1.246375179e+01
1.219311523e+01
1.192179585e+01
1.165507603e+01
1.139012241e+01
1.113206673e+01
1.088053226e+01
1.063830090e+01
1.040181541e+01
1.017481613e+01
9.953106880e+00
9.736674309e+00
9.527801514e+00
9.322422981e+00
9.121829033e+00
8.926861763e+00
8.736132622e+00
8.550370216e+00
8.366706848e+00
8.191618919e+00
8.016849518e+00
7.845813751e+00
7.680511475e+00
7.524267197e+00
7.371221542e+00
7.223249435e+00
7.075674057e+00
6.931209087e+00
6.790719032e+00
6.652241707e+00
6.516973972e+00
6.385515213e+00
6.257534981e+00
6.134603500e+00
6.013120174e+00
5.897665501e+00
5.782735825e+00
5.672515869e+00
5.563507557e+00
5.458553791e+00
5.354161263e+00
5.254852772e+00
5.157822609e+00
5.063104153e+00
4.971918583e+00
4.881437778e+00
4.794212818e+00
4.709702969e+00
4.626035213e+00
4.543895721e+00
4.462781429e+00
4.386359215e+00
4.309818268e+00
4.236752510e+00
4.164062500e+00
4.093989849e+00
4.025744438e+00
3.961395502e+00
3.896774530e+00
3.833157301e+00
3.772709846e+00
3.712411642e+00
3.653016567e+00
3.595173597e+00
3.538426399e+00
3.483950853e+00
3.430299997e+00
3.380452871e+00
3.328359604e+00
3.277839184e+00
3.228476763e+00
3.182996750e+00
3.136702061e+00
3.092439175e+00
3.047662973e+00
3.003543139e+00
2.962242126e+00
2.920958757e+00
2.880771875e+00
2.841935158e+00
2.803344727e+00
2.766365767e+00
2.728413105e+00
2.694796562e+00
2.660140276e+00
2.627978325e+00
2.595621824e+00
2.565628052e+00
2.534994364e+00
2.506888628e+00
2.477656841e+00
2.447533846e+00
2.419818640e+00
2.392182112e+00
2.365540266e+00
2.338594198e+00
2.312121868e+00
2.287570715e+00
2.261273146e+00
2.237583399e+00
2.213299274e+00
2.191062927e+00
2.167421818e+00
2.145448208e+00
2.121410370e+00
2.100285530e+00
2.077100277e+00
2.053807259e+00
2.032899141e+00
2.012627602e+00
1.993425965e+00
1.974752069e+00
1.955359578e+00
1.937009811e+00
1.917037368e+00
1.900307178e+00
1.882147431e+00
1.865669966e+00
1.848083615e+00
1.832199335e+00
1.813665509e+00
1.798540354e+00
1.782598376e+00
1.766690493e+00
1.752723575e+00
1.738019824e+00
1.724022985e+00
1.709657192e+00
1.695079446e+00
1.681912541e+00
1.666573405e+00
1.653462887e+00
1.639498949e+00
1.627692103e+00
1.614258885e+00
1.601792097e+00
1.587379932e+00
1.575014353e+00
1.561771035e+00
1.548833251e+00
1.538395047e+00
1.527501345e+00
1.516159534e+00
1.504334807e+00
1.492509007e+00
1.482196927e+00
1.470571041e+00
1.461906314e+00
1.449959755e+00
1.438817263e+00
1.427326083e+00
1.417800069e+00
1.406314731e+00
1.396775007e+00
1.386445642e+00
1.375617385e+00
1.367184997e+00
1.357647061e+00
1.347870946e+00
1.338592410e+00
1.329697728e+00
1.322562099e+00
1.312614560e+00
1.305281639e+00
1.296357393e+00
1.290135860e+00
1.281952739e+00
1.273857713e+00
1.263744473e+00
1.256248713e+00
1.248732448e+00
1.240405202e+00
1.233027935e+00
1.225070715e+00
1.217594981e+00
1.210163236e+00
1.202812314e+00
1.196147323e+00
1.187823176e+00
1.182015896e+00
1.174669504e+00
1.169539452e+00
1.162442803e+00
1.156437278e+00
1.148895144e+00
1.143820167e+00
1.136964083e+00
1.129807115e+00
1.124399066e+00
1.117904067e+00
1.112284422e+00
1.107155204e+00
1.101405859e+00
1.096154094e+00
1.089732289e+00
1.085883856e+00
1.079497457e+00
1.074681997e+00
1.068576694e+00
1.064371943e+00
1.057355046e+00
1.051751733e+00
1.045107126e+00
1.038915753e+00
1.033957839e+00
1.027796388e+00
1.022486329e+00
1.017897367e+00
1.012404442e+00
1.008117557e+00
1.001910090e+00
9.982730746e-01
9.922378659e-01
9.872041345e-01
9.816365838e-01
9.784195423e-01
9.733995199e-01
9.713311791e-01
9.678995609e-01
9.624963403e-01
9.580322504e-01
9.525890350e-01
9.484760165e-01
9.448474050e-01
9.400803447e-01
9.356232285e-01
9.290495515e-01
9.261196256e-01
9.208694100e-01
9.167624712e-01
9.120275974e-01
9.096411467e-01
9.051713347e-01
9.014432430e-01
8.959944248e-01
8.900889754e-01
8.868766427e-01
8.825499415e-01
8.777862191e-01
8.739613891e-01
8.702180982e-01
8.673419356e-01
8.619604707e-01
8.581961989e-01
8.528263569e-01
8.496696949e-01
8.459274173e-01
8.432582617e-01
8.392245173e-01
8.366742730e-01
8.320631385e-01
8.278231621e-01
8.259192109e-01
8.218199611e-01
8.178644776e-01
8.144858479e-01
8.113772869e-01
8.095457554e-01
8.057686687e-01
8.042459488e-01
8.006289601e-01
7.987957597e-01
7.952536345e-01
7.929270864e-01
7.880744934e-01
7.854658961e-01
7.815325260e-01
7.774248123e-01
7.749305964e-01
7.713235617e-01
7.679069042e-01
7.646932602e-01
7.613371015e-01
7.585583329e-01
7.543562055e-01
7.530464530e-01
7.491776943e-01
7.462359071e-01
7.417646050e-01
7.390921116e-01
7.349497676e-01
7.325439453e-01
7.301298380e-01
7.273132801e-01
7.251549363e-01
7.220407724e-01
7.192023993e-01
7.166216373e-01
7.133083940e-01
7.117023468e-01
7.084154487e-01
7.070534825e-01
7.046443820e-01
7.043270469e-01
7.018817663e-01
6.996503472e-01
6.960713267e-01
6.934434772e-01
6.912820935e-01
6.887736917e-01
6.875581145e-01
6.851581931e-01
6.831075549e-01
6.812617183e-01
6.785681248e-01
6.756226420e-01
6.705691218e-01
6.697853208e-01
6.660841107e-01
6.644367576e-01
6.600536704e-01
6.571717262e-01
6.537438631e-01
6.519474387e-01
6.487268806e-01
6.452336311e-01
6.437364221e-01
6.411002278e-01
6.390539408e-01
6.366221905e-01
6.339581609e-01
6.331651807e-01
6.295623779e-01
6.283932328e-01
6.258200407e-01
6.243099570e-01
6.218772531e-01
6.212046146e-01
6.182317138e-01
6.168444157e-01
6.141102910e-01
6.108696461e-01
6.099681258e-01
6.076818705e-01
6.052542925e-01
6.032727957e-01
6.026869416e-01
6.025370955e-01
5.995882750e-01
5.981734395e-01
5.946111083e-01
5.935606956e-01
5.916028023e-01
5.900447965e-01
5.870279670e-01
5.865069032e-01
5.847694278e-01
5.821194649e-01
5.808610320e-01
5.789520741e-01
5.784898996e-01
5.773393512e-01
5.750983953e-01
5.747020245e-01
5.726144910e-01
5.720512271e-01
5.700334311e-01
5.695552826e-01
5.671858788e-01
5.653146505e-01
5.612916946e-01
5.614356399e-01
5.597445369e-01
5.574869514e-01
5.565677285e-01
5.537014604e-01
5.506095886e-01
5.484136343e-01
5.464046001e-01
5.460661054e-01
5.435070395e-01
5.420364738e-01
5.385843515e-01
5.378966331e-01
5.357079506e-01
5.346245170e-01
5.313922167e-01
5.308542252e-01
5.294686556e-01
5.259954929e-01
5.241873860e-01
5.220619440e-01
5.198599100e-01
5.185146928e-01
5.171121359e-01
5.158706307e-01
5.134236217e-01
5.139741302e-01
5.126239657e-01
5.114818215e-01
5.087561011e-01
5.077796578e-01
5.048857331e-01
5.041323304e-01
5.027543902e-01
5.019614697e-01
5.021052957e-01
5.004504919e-01
4.984235466e-01
4.971978664e-01
4.950422347e-01
4.938409328e-01
4.917896986e-01
4.928165078e-01
4.916827679e-01
4.905843735e-01
4.880496562e-01
4.871751666e-01
4.851127565e-01
4.855033457e-01
4.843036234e-01
4.823472798e-01
4.821309447e-01
4.813684225e-01
4.802866876e-01
4.779531062e-01
4.749035239e-01
4.738169312e-01
4.721216261e-01
4.727763832e-01
4.704103470e-01
4.697454572e-01
4.679894447e-01
4.678582251e-01
4.662286043e-01
4.665256441e-01
4.651083350e-01
4.630779028e-01
4.620383382e-01
4.598019123e-01
4.584365487e-01
4.585526288e-01
4.575022459e-01
4.563607872e-01
4.544004798e-01
4.551512003e-01
4.530788958e-01
4.530628920e-01
4.522952139e-01
4.528204799e-01
4.516073763e-01
4.517507255e-01
4.499160945e-01
4.480046034e-01
4.481906295e-01
4.462807775e-01
4.438059926e-01
4.427604377e-01
4.410356879e-01
4.411855340e-01
4.390356243e-01
4.390137494e-01
4.361046553e-01
4.353773594e-01
4.347359836e-01
4.353790581e-01
4.333058298e-01
4.321525693e-01
4.286263287e-01
4.266624451e-01
4.263896644e-01
4.242061377e-01
4.231135249e-01
4.222751558e-01
4.201910198e-01
4.194241464e-01
4.172312915e-01
4.177447855e-01
4.161462784e-01
4.163112640e-01
4.158920646e-01
4.164552689e-01
4.147556722e-01
4.150949121e-01
4.144206345e-01
4.129240215e-01
4.134956300e-01
4.123777449e-01
4.110175073e-01
4.106311202e-01
4.096075892e-01
4.087314010e-01
4.058323503e-01
4.058702588e-01
4.036967754e-01
4.019231200e-01
3.992041945e-01
3.984347880e-01
3.962310851e-01
3.960274160e-01
3.948961198e-01
3.927084208e-01
3.918582201e-01
3.910948038e-01
3.894459307e-01
3.888356686e-01
3.874979913e-01
3.869188726e-01
3.843683004e-01
3.844894469e-01
3.832310438e-01
3.840442002e-01
3.821965158e-01
3.813817203e-01
3.799187243e-01
3.812201321e-01
3.813960552e-01
3.804498613e-01
3.795391023e-01
3.777351975e-01
3.769364953e-01
3.773783147e-01
3.767680526e-01
3.752175868e-01
3.719633222e-01
3.727243245e-01
3.717141449e-01
3.713143766e-01
3.697537780e-01
3.691586256e-01
3.670358062e-01
3.675281703e-01
3.674768507e-01
3.674330413e-01
3.684322834e-01
3.670502901e-01
3.660837710e-01
3.664920628e-01
3.657573164e-01
3.654299080e-01
3.631056249e-01
3.634684384e-01
3.622714579e-01
3.617453277e-01
3.599482179e-01
3.594086766e-01
3.576686382e-01
3.574793041e-01
3.555331528e-01
3.535398245e-01
3.539859653e-01
3.537384868e-01
3.535204530e-01
3.536274433e-01
3.528100252e-01
3.531230986e-01
3.519000709e-01
3.527056575e-01
3.511542976e-01
3.516929448e-01
3.509051502e-01
3.509733081e-01
3.488781750e-01
3.496012688e-01
3.492940068e-01
3.470625579e-01
3.454059660e-01
3.440903723e-01
3.433158994e-01
3.427923024e-01
3.416970670e-01
3.419000506e-01
3.403712809e-01
3.405623734e-01
3.379553854e-01
3.379730880e-01
3.365353644e-01
3.368754387e-01
3.352306187e-01
3.351742327e-01
3.333467841e-01
3.317854404e-01
3.330016732e-01
3.329570889e-01
3.315513730e-01
3.304975033e-01
3.298476636e-01
3.296759427e-01
3.274452686e-01
3.272020221e-01
3.258154392e-01
3.266564012e-01
3.261632025e-01
3.262650371e-01
3.241598010e-01
3.246353269e-01
3.240410686e-01
3.228020668e-01
3.233912587e-01
3.226530552e-01
3.220335245e-01
3.218635023e-01
3.214788139e-01
3.206337988e-01
3.188349903e-01
3.191287816e-01
3.169614375e-01
3.171440959e-01
3.163511753e-01
3.164639473e-01
3.148764074e-01
3.148148954e-01
3.142509162e-01
3.138789237e-01
3.145446777e-01
3.134277463e-01
3.133646250e-01
3.127678633e-01
3.101148009e-01
3.095020056e-01
3.084305227e-01
3.097714186e-01
3.082537949e-01
3.085450232e-01
3.079860806e-01
3.083008826e-01
3.069818914e-01
3.079372942e-01
3.070492148e-01
3.034068048e-01
3.011113703e-01
2.993940711e-01
2.996836305e-01
3.009765446e-01
3.015001118e-01
3.012787402e-01
2.985455990e-01
2.982348800e-01
2.963922322e-01
2.971372306e-01
2.968527377e-01
2.968266308e-01
2.943366170e-01
2.946834564e-01
2.936775088e-01
2.923736274e-01
2.925697565e-01
2.907263637e-01
2.882809639e-01
2.866548002e-01
2.853214443e-01
2.848845720e-01
2.830798626e-01
2.841193676e-01
2.829485238e-01
2.819023132e-01
2.791254520e-01
2.794098854e-01
2.791220248e-01
2.805150747e-01
2.795411646e-01
2.785125971e-01
2.785673141e-01
2.768728435e-01
2.752769291e-01
2.757314742e-01
2.760387361e-01
2.759217322e-01
2.741135657e-01
2.751749754e-01
2.744081318e-01
2.755933404e-01
2.752994895e-01
2.752851844e-01
2.744594216e-01
2.747826576e-01
2.732827663e-01
2.726497054e-01
2.739375532e-01
2.729300261e-01
2.720991969e-01
2.718333006e-01
2.715361714e-01
2.724030912e-01
2.711027265e-01
2.721017301e-01
2.716304064e-01
2.718627155e-01
2.708181441e-01
2.710748911e-01
2.695580125e-01
2.694493532e-01
2.693964243e-01
2.693526447e-01
2.704486251e-01
2.684899569e-01
2.667204440e-01
2.663643658e-01
2.658021152e-01
2.661565542e-01
2.642525136e-01
2.648316324e-01
2.630933821e-01
2.626783848e-01
2.629645765e-01
2.643164694e-01
2.625201643e-01
2.619528770e-01
2.608249784e-01
2.603342831e-01
2.606322765e-01
2.593451142e-01
2.586497962e-01
2.587701976e-01
2.582566738e-01
2.592753172e-01
2.587870359e-01
2.596726418e-01
2.570243478e-01
2.559140027e-01
2.548432350e-01
2.553264797e-01
2.547077835e-01
2.552305162e-01
2.537733912e-01
2.523356676e-01
2.531512678e-01
2.526268065e-01
2.515991330e-01
2.510023713e-01
2.510991693e-01
2.517069280e-01
2.488331795e-01
2.505621314e-01
2.501673102e-01
2.497464269e-01
2.478238940e-01
2.479207665e-01
2.465401292e-01
2.470207065e-01
2.467673421e-01
2.449743450e-01
2.445206493e-01
2.431082278e-01
2.432740033e-01
2.435248494e-01
2.435500920e-01
2.440796196e-01
2.434449196e-01
2.454549968e-01
