6.045516930e-04
5.817191559e-04
5.359685747e-04
5.552742514e-04
4.856312880e-04
4.126407439e-04
5.326186656e-04
5.279457546e-04
4.532801104e-04
4.367058573e-04
4.456981551e-04
4.609475436e-04
4.148444859e-04
4.206620215e-04
4.265699827e-04
3.637152840e-04
4.795488494e-04
4.690594797e-04
4.108780995e-04
4.411143600e-04
4.720547295e-04
4.275394313e-04
3.165532253e-04
3.810819471e-04
3.787015448e-04
3.226357512e-04
3.111762053e-04
4.553947074e-04
4.815760476e-04
4.626229929e-04
4.252455547e-04
4.036496102e-04
4.399669997e-04
5.320009077e-04
5.310312845e-04
5.439021043e-04
5.073182983e-04
5.049365573e-04
5.205412745e-04
5.141057773e-04
4.873065627e-04
5.021152319e-04
5.294431467e-04
5.340279313e-04
4.855437437e-04
5.010577734e-04
5.275045987e-04
4.915383179e-04
5.688490928e-04
5.959998234e-04
6.391954375e-04
5.994379171e-04
6.219173083e-04
6.577078020e-04
5.917691742e-04
5.428436561e-04
5.844518892e-04
6.079889135e-04
6.010245415e-04
5.828643916e-04
5.632073735e-04
6.533869309e-04
6.728688022e-04
6.342576817e-04
7.524733082e-04
6.863569724e-04
7.545878179e-04
7.399538881e-04
6.847694749e-04
7.604928687e-04
7.616406074e-04
7.098062779e-04
7.468304830e-04
7.377489819e-04
8.125899476e-04
8.122380241e-04
7.928446867e-04
7.848223322e-04
9.094729321e-04
8.770302520e-04
8.957216633e-04
8.941345732e-04
1.018872368e-03
1.066566212e-03
1.065507298e-03
1.110818586e-03
1.061980380e-03
1.156658982e-03
1.206288929e-03
1.247457345e-03
1.241815509e-03
1.328117563e-03
1.325826161e-03
1.376512810e-03
1.336314832e-03
1.442009234e-03
1.442977693e-03
1.493666787e-03
1.465017674e-03
1.580496435e-03
1.577057759e-03
1.661684480e-03
1.737238956e-03
1.671293518e-03
1.717841486e-03
1.721720560e-03
1.828036737e-03
1.902175951e-03
1.919012633e-03
1.899090945e-03
1.984955976e-03
1.990595134e-03
2.057767706e-03
2.073372947e-03
2.065702574e-03
2.036346821e-03
2.101845806e-03
2.152180998e-03
2.231958089e-03
2.202956239e-03
2.252673497e-03
2.336596837e-03
2.387284068e-03
2.445726655e-03
2.430300694e-03
2.482574433e-03
2.482838929e-03
2.451543929e-03
2.529295860e-03
2.599288709e-03
2.687879372e-03
2.641161904e-03
2.625469817e-03
2.719704295e-03
2.827163786e-03
2.857754007e-03
2.804683056e-03
2.876969520e-03
2.978439676e-03
2.935062861e-03
2.908525290e-03
3.034502733e-03
3.077962203e-03
3.170529613e-03
3.101764945e-03
3.176169936e-03
3.202263964e-03
3.318097675e-03
3.377950750e-03
3.422643989e-03
3.393640043e-03
3.451291705e-03
3.457904560e-03
3.533979412e-03
3.567827167e-03
3.665330820e-03
3.717693966e-03
3.667356912e-03
3.742114408e-03
3.779223422e-03
3.865702078e-03
3.943449818e-03
4.040507600e-03
4.146198276e-03
4.223066848e-03
4.366755486e-03
4.368782975e-03
4.498803988e-03
4.634208046e-03
4.698122386e-03
4.777901806e-03
4.845781717e-03
4.989387468e-03
5.142598413e-03
5.237539764e-03
5.390754901e-03
5.484547932e-03
5.620301701e-03
5.673988257e-03
5.789292511e-03
5.912968889e-03
6.023245864e-03
6.142966915e-03
6.311763544e-03
6.353285164e-03
6.462420803e-03
6.543343887e-03
6.646915805e-03
6.698396057e-03
6.814056076e-03
6.906702183e-03
7.050292101e-03
7.122230250e-03
7.196547929e-03
7.418253925e-03
7.490890566e-03
7.571828086e-03
7.760113571e-03
7.792023942e-03
8.014176972e-03
8.072441444e-03
8.134687319e-03
8.305618539e-03
8.388841525e-03
8.581111208e-03
8.692009374e-03
8.848575875e-03
8.997024968e-03
9.159311652e-03
9.290921502e-03
9.376164526e-03
9.484325536e-03
9.656396694e-03
9.713960811e-03
9.920763783e-03
1.002020203e-02
1.019686647e-02
1.028035954e-02
1.049730089e-02
1.062450372e-02
1.073019952e-02
1.083192602e-02
1.100251079e-02
1.107858587e-02
1.117088273e-02
1.128539164e-02
1.137284003e-02
1.156139281e-02
1.176963281e-02
1.178532373e-02
1.197643857e-02
1.213540602e-02
1.229698304e-02
1.235138159e-02
1.244748011e-02
1.255846769e-02
1.278477069e-02
1.295906864e-02
1.316385251e-02
1.323191263e-02
1.335567888e-02
1.365317497e-02
1.384437922e-02
1.407615654e-02
1.431666687e-02
1.449791249e-02
1.471704524e-02
1.490807440e-02
1.512428652e-02
1.541439071e-02
2.779758349e-02
1.595936716e-01
6.239537001e-01
1.487268329e+00
2.585884809e+00
3.713163614e+00
4.776417732e+00
5.727534294e+00
6.568150043e+00
7.293159962e+00
7.903078079e+00
8.397980690e+00
8.787075996e+00
9.080045700e+00
9.290963173e+00
9.431739807e+00
9.513805389e+00
9.549921989e+00
9.550000191e+00
9.520472527e+00
9.467782021e+00
9.402437210e+00
9.350486755e+00
9.327569962e+00
9.329961777e+00
9.337604523e+00
9.338550568e+00
9.326969147e+00
9.302679062e+00
9.262619972e+00
9.206079483e+00
9.135548592e+00
9.052742958e+00
8.957968712e+00
8.852300644e+00
8.738628387e+00
8.619096756e+00
8.494405746e+00
8.366891861e+00
8.237492561e+00
8.107223511e+00
7.976520061e+00
7.848284245e+00
7.724530697e+00
7.605361462e+00
7.489937782e+00
7.376576900e+00
7.263684273e+00
7.151447773e+00
7.039826870e+00
6.927948475e+00
6.815819263e+00
6.704113960e+00
6.592149258e+00
6.480794430e+00
6.369635582e+00
6.259339809e+00
6.149540424e+00
6.041489601e+00
5.934282303e+00
5.828145504e+00
5.723618031e+00
5.620852470e+00
5.519805431e+00
5.420535088e+00
5.323172569e+00
5.227468967e+00
5.132912636e+00
5.040071964e+00
4.948201656e+00
4.857980251e+00
4.768684387e+00
4.680871487e+00
4.594140530e+00
4.509301186e+00
4.425615311e+00
4.343001842e+00
4.261894226e+00
4.182348728e+00
4.104341507e+00
4.027628899e+00
3.952587366e+00
3.879150867e+00
3.807073593e+00
3.736820221e+00
3.667540073e+00
3.600055933e+00
3.533583164e+00
3.468882561e+00
3.405054092e+00
3.343073845e+00
3.282069683e+00
3.222506523e+00
3.164163351e+00
3.106969357e+00
3.051094770e+00
2.996351480e+00
2.942764282e+00
2.890331030e+00
2.838676929e+00
2.788690329e+00
2.739169836e+00
2.691005468e+00
2.643451452e+00
2.597305298e+00
2.551553011e+00
2.507115841e+00
2.463296175e+00
2.420465708e+00
2.378320932e+00
2.337102652e+00
2.296733618e+00
2.256877184e+00
2.217972279e+00
2.180008650e+00
2.142510891e+00
2.105984449e+00
2.069828033e+00
2.034842730e+00
2.000025749e+00
1.966180444e+00
1.932770252e+00
1.900397539e+00
1.868602395e+00
1.837425828e+00
1.806961656e+00
1.777227402e+00
1.748248816e+00
1.719628811e+00
1.691799998e+00
1.664743066e+00
1.637929916e+00
1.612005591e+00
1.586232066e+00
1.561367154e+00
1.536627650e+00
1.512739897e+00
1.488937497e+00
1.465932608e+00
1.443328738e+00
1.421094418e+00
1.399244428e+00
1.377839923e+00
1.357117295e+00
1.336639762e+00
1.316557765e+00
1.297129035e+00
1.277941585e+00
1.259499431e+00
1.240995765e+00
1.223295569e+00
1.205474257e+00
1.188446879e+00
1.171426773e+00
1.155106187e+00
1.138868451e+00
1.123046398e+00
1.107405186e+00
1.092000723e+00
1.077139854e+00
1.062288284e+00
1.047666073e+00
1.033606887e+00
1.019400835e+00
1.005932927e+00
9.921421409e-01
9.791359305e-01
9.658731222e-01
9.532974958e-01
9.404199123e-01
9.282963872e-01
9.159174562e-01
9.040132761e-01
8.922381997e-01
8.806145191e-01
8.694465756e-01
8.581332564e-01
8.470656276e-01
8.365868330e-01
8.258150816e-01
8.157935739e-01
8.052409887e-01
7.956901789e-01
7.857154012e-01
7.764053941e-01
7.665980458e-01
7.576904297e-01
7.485545874e-01
7.398639321e-01
7.310900092e-01
7.224116325e-01
7.142186761e-01
7.057586312e-01
6.974824071e-01
6.896288395e-01
6.815049052e-01
6.740385890e-01
6.659949422e-01
6.587269306e-01
6.509099007e-01
6.438398361e-01
6.362402439e-01
6.294993758e-01
6.222572327e-01
6.155923009e-01
6.087523699e-01
6.019460559e-01
5.955635905e-01
5.888331532e-01
5.823358297e-01
5.762487054e-01
5.698163509e-01
5.639763474e-01
5.574676394e-01
5.518357158e-01
5.456455946e-01
5.401155949e-01
5.340903997e-01
5.287787914e-01
5.229080915e-01
5.177055001e-01
5.123429894e-01
5.069043040e-01
5.020216107e-01
4.968698025e-01
4.917177856e-01
4.870331585e-01
4.819641411e-01
4.776186347e-01
4.724421501e-01
4.682674110e-01
4.632931054e-01
4.590680599e-01
4.542772174e-01
4.503102899e-01
4.456844628e-01
4.415957332e-01
4.373859763e-01
4.330424070e-01
4.291745424e-01
4.250570238e-01
4.209427238e-01
4.171437323e-01
4.129500985e-01
4.095028937e-01
4.051024318e-01
4.017241597e-01
3.974966705e-01
3.940152228e-01
3.899367154e-01
3.867062628e-01
3.828677833e-01
3.794366717e-01
3.759054244e-01
3.721192181e-01
3.689555526e-01
3.654674292e-01
3.620522022e-01
3.588673472e-01
3.553699851e-01
3.526882231e-01
3.491062522e-01
3.464997709e-01
3.430789113e-01
3.403738439e-01
3.369587362e-01
3.343372643e-01
3.311594725e-01
3.283886909e-01
3.254764378e-01
3.224025667e-01
3.198474348e-01
3.169056475e-01
3.140210211e-01
3.114522099e-01
3.085594177e-01
3.063849807e-01
3.033019006e-01
3.011238873e-01
2.981266081e-01
2.959537804e-01
2.930977046e-01
2.909040749e-01
2.882401943e-01
2.860782444e-01
2.836342156e-01
2.810006142e-01
2.788846493e-01
2.764053643e-01
2.739759088e-01
2.718966007e-01
2.693171799e-01
2.674640119e-01
2.647428215e-01
2.630249262e-01
2.603523731e-01
2.585577071e-01
2.561317682e-01
2.543229461e-01
2.518903911e-01
2.500826418e-01
2.479649931e-01
2.456711382e-01
2.438684106e-01
2.416652888e-01
2.395516783e-01
2.377135903e-01
2.353978455e-01
2.337266803e-01
2.312813103e-01
2.298116982e-01
2.274045795e-01
2.256442606e-01
2.233696729e-01
2.219062895e-01
2.196277827e-01
2.178879827e-01
2.161213160e-01
2.141411602e-01
2.125833631e-01
2.105981559e-01
2.087549567e-01
2.071911395e-01
2.052077949e-01
2.039175481e-01
2.017240524e-01
2.006032318e-01
1.985173076e-01
1.972180903e-01
1.951053739e-01
1.938132197e-01
1.919613928e-01
1.904439032e-01
1.887187511e-01
1.869626045e-01
1.856812835e-01
1.839040667e-01
1.821632236e-01
1.808567196e-01
1.790439039e-01
1.779038459e-01
1.757891625e-01
1.746667922e-01
1.727734357e-01
1.716739386e-01
1.697766036e-01
1.686269641e-01
1.668037772e-01
1.656116992e-01
1.642035693e-01
1.624489129e-01
1.611467749e-01
1.595584154e-01
1.580368876e-01
1.567881554e-01
1.551570892e-01
1.542022526e-01
1.522704661e-01
1.513146311e-01
1.495783031e-01
1.485575736e-01
1.468001902e-01
1.457431465e-01
1.440438032e-01
1.428857893e-01
1.415289044e-01
1.399620473e-01
1.388863921e-01
1.374838203e-01
1.360602677e-01
1.349864304e-01
1.335077435e-01
1.327452660e-01
1.309961379e-01
1.302472055e-01
1.286078990e-01
1.277908236e-01
1.261703521e-01
1.253627837e-01
1.238610819e-01
1.229191869e-01
1.216919571e-01
1.203085259e-01
1.194332764e-01
1.180925742e-01
1.168750226e-01
1.158364788e-01
1.144299135e-01
1.138281524e-01
1.122419462e-01
1.115794703e-01
1.100906953e-01
1.093959138e-01
1.079276800e-01
1.072395965e-01
1.058630347e-01
1.049812436e-01
1.038272232e-01
1.025160924e-01
1.016927883e-01
1.005533338e-01
9.934361279e-02
9.844935685e-02
9.713990986e-02
9.657924622e-02
9.504970908e-02
9.456470609e-02
9.313483536e-02
9.251020849e-02
9.111873060e-02
9.052934498e-02
8.922096342e-02
8.839177340e-02
8.734894544e-02
8.613535762e-02
8.538558334e-02
8.427841216e-02
8.324959129e-02
8.247686923e-02
8.125528693e-02
8.082113415e-02
7.930605114e-02
7.884421945e-02
7.748597115e-02
7.693029195e-02
7.560323179e-02
7.505872846e-02
7.391117513e-02
7.328026742e-02
7.235200703e-02
7.129783183e-02
7.067630440e-02
6.975073367e-02
6.883170456e-02
6.825461984e-02
6.713163108e-02
6.679040194e-02
6.544102728e-02
6.517272443e-02
6.389407068e-02
6.337019801e-02
6.211753562e-02
6.162153184e-02
6.044079736e-02
5.985477194e-02
5.904547870e-02
5.793591589e-02
5.735861138e-02
5.634426326e-02
5.534517765e-02
5.475604907e-02
5.373159796e-02
5.339402705e-02
5.206950009e-02
5.175642297e-02
5.056746677e-02
5.018370971e-02
4.905869812e-02
4.872656986e-02
4.773468897e-02
4.720642045e-02
4.641573131e-02
4.546901956e-02
4.505936056e-02
4.422712326e-02
4.341132194e-02
4.290018976e-02
4.194002226e-02
4.167398065e-02
4.049514607e-02
4.034971446e-02
3.924496099e-02
3.893733025e-02
3.789125383e-02
3.757524118e-02
3.661448136e-02
3.615624085e-02
3.562159091e-02
3.467720374e-02
3.423659503e-02
3.359974548e-02
3.288595006e-02
3.254754096e-02
3.166175261e-02
3.146393225e-02
3.035053425e-02
3.023116291e-02
2.926088125e-02
2.895721979e-02
2.791166678e-02
2.771656029e-02
2.668945305e-02
2.634936385e-02
2.570906095e-02
2.493440360e-02
2.448496409e-02
2.377135679e-02
2.311930619e-02
2.269405127e-02
2.183850110e-02
2.157801576e-02
2.053614520e-02
2.035287954e-02
1.933472790e-02
1.910226420e-02
1.810396835e-02
1.794642955e-02
1.708010957e-02
1.661670022e-02
1.603940129e-02
1.523061004e-02
1.486249268e-02
1.419677027e-02
1.361739542e-02
1.327148452e-02
1.247595623e-02
1.235464029e-02
1.122774277e-02
1.119829156e-02
1.027858257e-02
1.011647284e-02
9.174732491e-03
8.906222880e-03
7.986508310e-03
7.664032280e-03
7.012834772e-03
6.230405532e-03
5.954142660e-03
5.181919783e-03
4.499865230e-03
4.171225708e-03
3.338368610e-03
3.137727501e-03
2.198017668e-03
2.187615260e-03
1.235644100e-03
9.957801085e-04
3.957415902e-05
-1.562133693e-04
-9.439501446e-04
-1.213436015e-03
-1.779646962e-03
-2.544366755e-03
-2.740594558e-03
-3.373442683e-03
-4.033983219e-03
-4.471852444e-03
-5.218678620e-03
-5.308328662e-03
-6.291247904e-03
-6.254935171e-03
-7.085687947e-03
-7.196600083e-03
-8.088530041e-03
-8.116737939e-03
-8.886041120e-03
-9.112509899e-03
-9.591786191e-03
-1.023629121e-02
-1.042899210e-02
-1.105407812e-02
-1.153900567e-02
-1.183802076e-02
-1.252381504e-02
-1.259998046e-02
-1.352889836e-02
-1.346003916e-02
-1.424937323e-02
-1.433840021e-02
-1.513202488e-02
-1.525905915e-02
-1.603404246e-02
-1.611619815e-02
-1.647007465e-02
-1.714178920e-02
-1.732780598e-02
-1.785443723e-02
-1.836336218e-02
-1.861029305e-02
-1.923186891e-02
-1.926429756e-02
-2.015585639e-02
-2.014219016e-02
-2.093699947e-02
-2.105222829e-02
-2.180621773e-02
-2.176046371e-02
-2.252079360e-02
-2.272185870e-02
-2.314300835e-02
-2.378049120e-02
-2.396404371e-02
-2.443156950e-02
-2.481224388e-02
-2.505506389e-02
-2.569516003e-02
-2.571975440e-02
-2.659458481e-02
-2.647131681e-02
-2.718974650e-02
-2.714267001e-02
-2.791759931e-02
-2.801914699e-02
-2.876991592e-02
-2.886883542e-02
-2.915452421e-02
-2.969591133e-02
-2.987300791e-02
-3.043200821e-02
-3.090935014e-02
-3.109535947e-02
-3.157859668e-02
-3.148680925e-02
-3.231684864e-02
-3.209850565e-02
-3.277328983e-02
-3.273979947e-02
-3.345958516e-02
-3.336349502e-02
-3.394943848e-02
-3.410265222e-02
-3.443955258e-02
-3.495621681e-02
-3.501536697e-02
-3.550336137e-02
-3.597640246e-02
-3.609124571e-02
-3.669704124e-02
-3.663656861e-02
-3.739739582e-02
-3.731075302e-02
-3.801715001e-02
-3.805293143e-02
-3.877403215e-02
-3.862478584e-02
-3.914957494e-02
-3.925332054e-02
-3.968613967e-02
-4.023621231e-02
-4.022731259e-02
-4.059217870e-02
-4.098278657e-02
-4.107851163e-02
-4.163528234e-02
-4.159181938e-02
-4.236085340e-02
-4.224766791e-02
-4.289444908e-02
-4.291789606e-02
-4.365314543e-02
-4.357847199e-02
-4.418636858e-02
-4.425432906e-02
-4.460396618e-02
-4.519881308e-02
-4.518514872e-02
-4.550949857e-02
-4.590813071e-02
-4.598702118e-02
-4.650530219e-02
-4.642147943e-02
-4.722781852e-02
-4.698933288e-02
-4.765774682e-02
-4.750515148e-02
-4.816096649e-02
-4.811406881e-02
-4.866288230e-02
-4.864893854e-02
-4.891168326e-02
-4.946110770e-02
-4.953109100e-02
-4.994705319e-02
-5.025338754e-02
-5.042120814e-02
-5.088142306e-02
-5.078548938e-02
-5.155549943e-02
-5.135346204e-02
-5.205863714e-02
-5.195817351e-02
-5.265948921e-02
-5.254199356e-02
-5.302715302e-02
-5.308358371e-02
-5.334494635e-02
-5.377245694e-02
-5.374494195e-02
-5.415059999e-02
-5.453610793e-02
-5.449838936e-02
-5.499522015e-02
-5.489640310e-02
-5.559168756e-02
-5.536224693e-02
-5.603010580e-02
-5.600428954e-02
-5.667930096e-02
-5.662366748e-02
-5.716428906e-02
-5.715231225e-02
-5.743830279e-02
-5.787679553e-02
-5.779400095e-02
-5.810738727e-02
-5.843308195e-02
-5.841084197e-02
-5.883805454e-02
-5.858803540e-02
-5.932793394e-02
-5.904888362e-02
-5.961991102e-02
-5.946052074e-02
-6.001403183e-02
-5.982461572e-02
-6.033587828e-02
-6.025532261e-02
-6.051767245e-02
-6.097996980e-02
-6.087762490e-02
-6.116023660e-02
-6.149696186e-02
-6.142708659e-02
-6.190017238e-02
-6.173196435e-02
-6.240819767e-02
-6.210035831e-02
-6.259445846e-02
-6.250765920e-02
-6.312585622e-02
-6.298334897e-02
-6.352455169e-02
-6.348101795e-02
-6.369134039e-02
-6.417266279e-02
-6.413738430e-02
-6.444240361e-02
-6.473620981e-02
-6.480365992e-02
-6.528691947e-02
-6.507055461e-02
-6.579131633e-02
-6.556824595e-02
-6.607626379e-02
-6.590599567e-02
-6.649506837e-02
-6.638986617e-02
-6.674350798e-02
-6.669395417e-02
-6.696175039e-02
-6.734452397e-02
-6.721291691e-02
-6.748344004e-02
-6.776527315e-02
-6.768169999e-02
-6.807931513e-02
-6.782010198e-02
-6.840577722e-02
-6.804685295e-02
-6.851005554e-02
-6.835605949e-02
-6.884869933e-02
-6.863040477e-02
-6.912010908e-02
-6.900992990e-02
-6.916242093e-02
-6.952989101e-02
-6.943927705e-02
-6.966298819e-02
-6.996380538e-02
-6.990791112e-02
-7.025430351e-02
-6.996355951e-02
-7.056682557e-02
