3.044370678e-04
2.990692446e-04
2.470036852e-04
2.528985206e-04
2.296231396e-04
2.113478986e-04
2.496134257e-04
2.173151297e-04
1.453344448e-04
1.268358465e-04
8.588490891e-05
8.073808567e-05
8.267753583e-05
9.692435560e-05
1.121411551e-04
1.674135128e-04
1.862851204e-04
1.864342921e-04
1.272086956e-04
1.419778564e-04
1.872547728e-04
1.956835476e-04
1.947138226e-04
2.267135715e-04
2.340234787e-04
2.742280485e-04
2.145551116e-04
2.398416400e-04
2.082894352e-04
2.300702181e-04
2.132871305e-04
2.049327595e-04
2.795232867e-04
3.440447908e-04
2.518508991e-04
2.517761313e-04
2.431981120e-04
2.192542306e-04
1.818840392e-04
2.098558907e-04
2.261167683e-04
1.757674036e-04
1.661452116e-04
2.187321807e-04
1.504063548e-04
1.667419274e-04
2.101541468e-04
2.089607733e-04
1.967277931e-04
2.304430964e-04
2.613984689e-04
2.561025613e-04
2.619206789e-04
2.929503680e-04
2.473007771e-04
2.456597285e-04
2.508811303e-04
2.543123555e-04
2.611748350e-04
3.359893453e-04
3.165208618e-04
3.345722798e-04
3.061531170e-04
3.236812772e-04
4.014061415e-04
4.008091055e-04
4.160999088e-04
3.882774035e-04
3.732098849e-04
4.382526968e-04
4.897959298e-04
4.689101770e-04
4.850965051e-04
4.876322928e-04
5.228397786e-04
5.684902426e-04
5.862429971e-04
5.895993672e-04
6.059351144e-04
6.749302265e-04
6.194362068e-04
6.783615681e-04
7.298312848e-04
7.630231557e-04
7.833874552e-04
8.278443129e-04
8.471640758e-04
9.582323837e-04
9.628566331e-04
1.001421362e-03
1.015072805e-03
1.018651761e-03
1.061542542e-03
1.123902039e-03
1.185066416e-03
1.217438839e-03
1.251680078e-03
1.219005324e-03
1.212739851e-03
1.266224193e-03
1.339699025e-03
1.365879551e-03
1.412647776e-03
1.410187222e-03
1.458002836e-03
1.530206879e-03
1.585627440e-03
1.615539077e-03
1.694232924e-03
1.694605919e-03
1.743614092e-03
1.809624839e-03
1.834688941e-03
1.875341288e-03
1.836926094e-03
1.877205446e-03
1.982750371e-03
2.062936546e-03
2.088223817e-03
2.071514493e-03
2.088519977e-03
2.089043381e-03
2.174671274e-03
2.226884710e-03
2.245234791e-03
2.337801503e-03
2.358537866e-03
2.343097469e-03
2.450806554e-03
2.453716239e-03
2.495488618e-03
2.566493116e-03
2.570521319e-03
2.565599978e-03
2.631164389e-03
2.733059227e-03
2.750664484e-03
2.756557195e-03
2.841524314e-03
2.930363640e-03
2.916042227e-03
2.944833366e-03
2.998839132e-03
3.021213459e-03
3.069926286e-03
3.130121389e-03
3.154363716e-03
3.198445775e-03
3.303844016e-03
3.335020738e-03
3.366423771e-03
3.409910481e-03
3.460932290e-03
3.481892869e-03
3.493153257e-03
3.574753879e-03
3.610929009e-03
3.624801058e-03
3.640465438e-03
3.668960184e-03
3.693724051e-03
3.731615376e-03
3.731988370e-03
3.827022156e-03
3.962628078e-03
4.052511416e-03
4.057880491e-03
4.144481383e-03
4.215942696e-03
4.334243014e-03
4.374300130e-03
4.441730678e-03
4.567420576e-03
4.643279593e-03
4.732046742e-03
4.749648739e-03
4.962313920e-03
5.119103938e-03
5.192202050e-03
5.215251818e-03
5.330634303e-03
5.422744900e-03
5.553657655e-03
5.666810088e-03
5.690905731e-03
5.754827056e-03
5.869477056e-03
5.978974514e-03
6.027755328e-03
6.109651644e-03
6.238386035e-03
6.393771619e-03
6.483652629e-03
6.490664557e-03
6.617692299e-03
6.741372868e-03
6.756065879e-03
6.847370416e-03
6.865495816e-03
7.196617778e-03
7.186243311e-03
7.279039361e-03
7.571218535e-03
7.596355397e-03
7.696823217e-03
7.869949564e-03
7.935734466e-03
8.016742766e-03
8.178160526e-03
8.272444829e-03
8.373144083e-03
8.505314589e-03
8.624654263e-03
8.693198673e-03
8.807324804e-03
8.880045265e-03
9.016402066e-03
9.163349867e-03
9.251971729e-03
9.344012477e-03
9.494162165e-03
9.516691789e-03
9.627903812e-03
9.735539556e-03
9.861888364e-03
9.945728816e-03
1.003469806e-02
1.012026332e-02
1.034148969e-02
1.035879739e-02
1.053357683e-02
1.065403223e-02
1.077301614e-02
1.084649190e-02
1.090861950e-02
1.102751028e-02
1.125066914e-02
1.134345867e-02
1.153562404e-02
1.163721271e-02
1.182650495e-02
1.204207633e-02
1.224616170e-02
1.240117289e-02
1.259278972e-02
1.279344130e-02
1.301448792e-02
1.308236364e-02
1.323900744e-02
1.353348047e-02
2.174445428e-02
1.341447681e-01
5.839588642e-01
1.463262200e+00
2.604722500e+00
3.792417765e+00
4.908577919e+00
5.908276081e+00
6.793729305e+00
7.557718277e+00
8.194209099e+00
8.703465462e+00
9.096832275e+00
9.384433746e+00
9.584546089e+00
9.710323334e+00
9.774317741e+00
9.789999962e+00
9.768586159e+00
9.717343330e+00
9.644338608e+00
9.553943634e+00
9.465448380e+00
9.401492119e+00
9.371082306e+00
9.356957436e+00
9.344482422e+00
9.323456764e+00
9.293348312e+00
9.247840881e+00
9.186660767e+00
9.111862183e+00
9.023200989e+00
8.921857834e+00
8.809206963e+00
8.688005447e+00
8.561016083e+00
8.428038597e+00
8.293004036e+00
8.155552864e+00
8.018170357e+00
7.880154610e+00
7.743925571e+00
7.610213757e+00
7.482188225e+00
7.358838558e+00
7.239289761e+00
7.122317791e+00
7.006464958e+00
6.891817093e+00
6.777840614e+00
6.663932323e+00
6.550586700e+00
6.436598778e+00
6.324050426e+00
6.211338997e+00
6.099839687e+00
5.988776684e+00
5.879843712e+00
5.771701813e+00
5.665548325e+00
5.560949802e+00
5.458084583e+00
5.357458591e+00
5.258514881e+00
5.161685467e+00
5.067155838e+00
4.974234581e+00
4.883489132e+00
4.793575287e+00
4.706217289e+00
4.619763374e+00
4.535348892e+00
4.451816559e+00
4.370528221e+00
4.290140629e+00
4.211526871e+00
4.134055138e+00
4.058048725e+00
3.984016180e+00
3.910919905e+00
3.839271784e+00
3.769379377e+00
3.700584650e+00
3.633653879e+00
3.566936970e+00
3.502816200e+00
3.438947439e+00
3.377339840e+00
3.316312551e+00
3.257295847e+00
3.198657274e+00
3.142184019e+00
3.086419106e+00
3.031576633e+00
2.978556633e+00
2.926323414e+00
2.875219107e+00
2.825433969e+00
2.776334763e+00
2.728813648e+00
2.681418896e+00
2.635915041e+00
2.590574026e+00
2.546816111e+00
2.503304243e+00
2.461217642e+00
2.419438601e+00
2.379252911e+00
2.339420080e+00
2.300429821e+00
2.262733221e+00
2.225289583e+00
2.188804150e+00
2.153326750e+00
2.118197203e+00
2.084233284e+00
2.050171375e+00
2.017898083e+00
1.985263109e+00
1.954104543e+00
1.922955632e+00
1.893085957e+00
1.862943530e+00
1.834515810e+00
1.806053400e+00
1.778018951e+00
1.751261473e+00
1.724460483e+00
1.698406339e+00
1.673175097e+00
1.648091435e+00
1.623974085e+00
1.599420428e+00
1.576566100e+00
1.553007364e+00
1.530697107e+00
1.508004427e+00
1.486499071e+00
1.464610696e+00
1.444027185e+00
1.423136473e+00
1.402630568e+00
1.383201361e+00
1.363681078e+00
1.344484925e+00
1.326044917e+00
1.307618022e+00
1.290127993e+00
1.272185683e+00
1.255623579e+00
1.238540769e+00
1.222460985e+00
1.206039429e+00
1.190563202e+00
1.174800634e+00
1.160016656e+00
1.145007491e+00
1.130217791e+00
1.116253614e+00
1.102050424e+00
1.088247657e+00
1.074944735e+00
1.061521769e+00
1.048848033e+00
1.035514474e+00
1.023576379e+00
1.010926604e+00
9.992605448e-01
9.870436192e-01
9.758244157e-01
9.639399052e-01
9.531198740e-01
9.419267774e-01
9.308143258e-01
9.204748869e-01
9.097560048e-01
8.992701173e-01
8.892918825e-01
8.790652156e-01
8.695578575e-01
8.592215180e-01
8.503653407e-01
8.406181931e-01
8.317658901e-01
8.222719431e-01
8.137726188e-01
8.045196533e-01
7.964169383e-01
7.878160477e-01
7.791544795e-01
7.714524269e-01
7.632091045e-01
7.551178932e-01
7.474780679e-01
7.395524979e-01
7.322919369e-01
7.240701914e-01
7.173522711e-01
7.095175385e-01
7.027298808e-01
6.952040195e-01
6.886947155e-01
6.812113523e-01
6.749991179e-01
6.681003571e-01
6.611023545e-01
6.551554799e-01
6.485962868e-01
6.421324611e-01
6.361022592e-01
6.297515035e-01
6.241080761e-01
6.173565984e-01
6.121631265e-01
6.058165431e-01
6.004956961e-01
5.943050981e-01
5.892266631e-01
5.830541849e-01
5.783406496e-01
5.728915334e-01
5.672335029e-01
5.625730753e-01
5.573061705e-01
5.521248579e-01
5.474535227e-01
5.423957705e-01
5.381135345e-01
5.326201320e-01
5.287213922e-01
5.235280395e-01
5.193904042e-01
5.144947767e-01
5.105106235e-01
5.053473115e-01
5.016042590e-01
4.970203936e-01
4.922785461e-01
4.886222482e-01
4.842106998e-01
4.798354506e-01
4.759552181e-01
4.718112350e-01
4.683454037e-01
4.635618627e-01
4.604378343e-01
4.559338689e-01
4.525903761e-01
4.483311474e-01
4.451401234e-01
4.407329559e-01
4.376779199e-01
4.339345992e-01
4.298598766e-01
4.269027114e-01
4.232412875e-01
4.196182489e-01
4.164194167e-01
4.128949940e-01
4.101295769e-01
4.059897661e-01
4.035883844e-01
3.998914063e-01
3.972631693e-01
3.935763240e-01
3.910069764e-01
3.872187734e-01
3.848754168e-01
3.816509247e-01
3.781170547e-01
3.758161068e-01
3.726399839e-01
3.695380986e-01
3.668482602e-01
3.637791276e-01
3.614300489e-01
3.576869667e-01
3.557201624e-01
3.522922993e-01
3.500539064e-01
3.468296528e-01
3.446997106e-01
3.412714303e-01
3.394511044e-01
3.366390169e-01
3.335513771e-01
3.315303326e-01
3.288193643e-01
3.260967433e-01
3.238332570e-01
3.210850060e-01
3.191369176e-01
3.157366514e-01
3.141597211e-01
3.111577332e-01
3.092871010e-01
3.063796461e-01
3.045555651e-01
3.014188111e-01
2.999444306e-01
2.974345386e-01
2.947226465e-01
2.930823863e-01
2.905777395e-01
2.882229686e-01
2.863301933e-01
2.839750648e-01
2.822833955e-01
2.792419791e-01
2.780169845e-01
2.752761841e-01
2.736504972e-01
2.710389197e-01
2.695285976e-01
2.666310370e-01
2.653139234e-01
2.630992234e-01
2.606175542e-01
2.592691183e-01
2.570879459e-01
2.549294233e-01
2.532326579e-01
2.510755658e-01
2.497208714e-01
2.469186634e-01
2.459987700e-01
2.434798926e-01
2.421251684e-01
2.397209704e-01
2.383893728e-01
2.357529849e-01
2.346964777e-01
2.326159328e-01
2.302855551e-01
2.291281819e-01
2.270500809e-01
2.250683308e-01
2.235559076e-01
2.215338945e-01
2.202819884e-01
2.175825685e-01
2.167684734e-01
2.144601792e-01
2.133358568e-01
2.110741436e-01
2.099359185e-01
2.074713409e-01
2.066128403e-01
2.048214972e-01
2.026281059e-01
2.016291320e-01
1.997728944e-01
1.979450285e-01
1.966648996e-01
1.949030012e-01
1.938198358e-01
1.912743747e-01
1.906143725e-01
1.884143800e-01
1.874237061e-01
1.853337586e-01
1.842713207e-01
1.819923371e-01
1.812516153e-01
1.796074957e-01
1.775301248e-01
1.766863167e-01
1.750200242e-01
1.733407527e-01
1.720426083e-01
1.704358608e-01
1.695067137e-01
1.671496332e-01
1.666504294e-01
1.646171510e-01
1.638172418e-01
1.619034857e-01
1.611307859e-01
1.589903533e-01
1.583938152e-01
1.568840295e-01
1.550387442e-01
1.543240845e-01
1.528129727e-01
1.513456553e-01
1.501734406e-01
1.486779004e-01
1.479672194e-01
1.457265317e-01
1.453243792e-01
1.433538646e-01
1.426027715e-01
1.408627927e-01
1.402320564e-01
1.382112205e-01
1.377001554e-01
1.362505853e-01
1.344860345e-01
1.338748783e-01
1.324714273e-01
1.311130971e-01
1.300927252e-01
1.286567003e-01
1.280332655e-01
1.259583384e-01
1.256339848e-01
1.238135919e-01
1.231262535e-01
1.213601008e-01
1.208056286e-01
1.188956052e-01
1.185043380e-01
1.171988770e-01
1.155375615e-01
1.149882898e-01
1.136980578e-01
1.124393493e-01
1.115885079e-01
1.102858633e-01
1.097166240e-01
1.077123508e-01
1.075196043e-01
1.059143245e-01
1.053846702e-01
1.038058549e-01
1.033092290e-01
1.014992818e-01
1.012919471e-01
1.001720428e-01
9.861309081e-02
9.818640351e-02
9.698640555e-02
9.587033093e-02
9.517149627e-02
9.399099648e-02
9.355770051e-02
9.167687595e-02
9.161906689e-02
9.002706409e-02
8.954511583e-02
8.800681680e-02
8.757899702e-02
8.586439490e-02
8.571192622e-02
8.458304405e-02
8.313198388e-02
8.271053433e-02
8.157779276e-02
8.043742180e-02
7.980953157e-02
7.870016247e-02
7.830705494e-02
7.641534507e-02
7.637125254e-02
7.482358068e-02
7.447707653e-02
7.308805734e-02
7.267645746e-02
7.099456340e-02
7.095479220e-02
6.983314455e-02
6.843619049e-02
6.825747341e-02
6.715158373e-02
6.611510366e-02
6.552938372e-02
6.450761110e-02
6.417064369e-02
6.248871237e-02
6.252235174e-02
6.114147976e-02
6.087299809e-02
5.959511176e-02
5.930859596e-02
5.780046061e-02
5.779262632e-02
5.693715066e-02
5.575085059e-02
5.558162183e-02
5.466463044e-02
5.373311043e-02
5.318593234e-02
5.228756368e-02
5.203955993e-02
5.037111789e-02
5.045660958e-02
4.914781079e-02
4.890300706e-02
4.764589295e-02
4.741358384e-02
4.585362226e-02
4.589740559e-02
4.500769824e-02
4.375932738e-02
4.360315204e-02
4.263217747e-02
4.173361510e-02
4.120854661e-02
4.022686929e-02
3.998807818e-02
3.842035681e-02
3.853217140e-02
3.721313551e-02
3.695199639e-02
3.577593341e-02
3.560214117e-02
3.414860740e-02
3.414017335e-02
3.327187151e-02
3.213173896e-02
3.202230856e-02
3.115689568e-02
3.033209592e-02
2.992391028e-02
2.905076928e-02
2.884161845e-02
2.729871497e-02
2.751303092e-02
2.629422769e-02
2.618279122e-02
2.504469827e-02
2.484852076e-02
2.342832647e-02
2.355080470e-02
2.266935073e-02
2.154266648e-02
2.147627622e-02
2.056976035e-02
1.974778622e-02
1.929598115e-02
1.841884665e-02
1.825279742e-02
1.673797891e-02
1.698448882e-02
1.575927623e-02
1.559673622e-02
1.451308280e-02
1.442596037e-02
1.306198072e-02
1.316670328e-02
1.244727243e-02
1.134628151e-02
1.137389336e-02
1.068574190e-02
9.916780517e-03
9.518036619e-03
8.740952238e-03
8.667929098e-03
7.212413009e-03
7.544501685e-03
6.424120627e-03
6.301879417e-03
5.178405903e-03
5.149688572e-03
3.850520123e-03
4.009920638e-03
3.289742628e-03
2.330199117e-03
2.306479728e-03
1.526024542e-03
8.373152232e-04
5.802020896e-04
-1.757790305e-04
-2.111358335e-04
-1.580102369e-03
-1.323211007e-03
-2.390917856e-03
-2.398078330e-03
-3.428098047e-03
-3.516338300e-03
-4.788726568e-03
-4.553761333e-03
-5.181580782e-03
-6.228492130e-03
-6.169565022e-03
-6.894501857e-03
-7.502509281e-03
-7.793938741e-03
-8.462056518e-03
-8.487790823e-03
-9.827972390e-03
-9.501113556e-03
-1.056323294e-02
-1.053593028e-02
-1.149305794e-02
-1.137615740e-02
-1.264209952e-02
-1.241775043e-02
-1.305286959e-02
-1.396290958e-02
-1.385600865e-02
-1.449705847e-02
-1.509863883e-02
-1.526981685e-02
-1.586237736e-02
-1.576726884e-02
-1.702066883e-02
-1.659527980e-02
-1.752050221e-02
-1.745679975e-02
-1.837322861e-02
-1.831108890e-02
-1.953222603e-02
-1.922767796e-02
-1.982269064e-02
-2.078193426e-02
-2.069220506e-02
-2.131151035e-02
-2.195493318e-02
-2.215952426e-02
-2.280338481e-02
-2.273043990e-02
-2.406590991e-02
-2.361323312e-02
-2.461752668e-02
-2.455531806e-02
-2.544603124e-02
-2.527034841e-02
-2.643179148e-02
-2.616309933e-02
-2.667487971e-02
-2.755920216e-02
-2.743763290e-02
-2.807193808e-02
-2.865302749e-02
-2.887352929e-02
-2.954460867e-02
-2.946733125e-02
-3.064864501e-02
-3.018572554e-02
-3.120480105e-02
-3.109522350e-02
-3.203100339e-02
-3.185891360e-02
-3.284500539e-02
-3.258296102e-02
-3.315492347e-02
-3.395819291e-02
-3.376149014e-02
-3.427230567e-02
-3.485127911e-02
-3.506536037e-02
-3.569269553e-02
-3.565360606e-02
-3.687917441e-02
-3.637835383e-02
-3.733017296e-02
-3.725006059e-02
-3.807121515e-02
-3.793254867e-02
-3.892362490e-02
-3.852592036e-02
-3.912070766e-02
-3.997524455e-02
-3.976297006e-02
-4.032422975e-02
-4.090832919e-02
-4.094235227e-02
-4.152342305e-02
-4.134354740e-02
-4.249285161e-02
-4.198722541e-02
-4.292922094e-02
-4.271513224e-02
-4.355547205e-02
-4.340588674e-02
-4.447966442e-02
-4.411401972e-02
-4.461859912e-02
-4.542226344e-02
-4.519737139e-02
-4.568850994e-02
-4.618250206e-02
-4.635696858e-02
-4.694943875e-02
-4.677139968e-02
-4.797237366e-02
-4.746644944e-02
-4.831529781e-02
-4.813633487e-02
-4.895453155e-02
-4.868697003e-02
-4.975574091e-02
-4.941181093e-02
-4.988717288e-02
-5.065510049e-02
-5.044228956e-02
-5.100647733e-02
-5.150852725e-02
-5.156440288e-02
-5.204239488e-02
-5.192567036e-02
-5.308406428e-02
-5.255158246e-02
-5.341396108e-02
-5.328328535e-02
-5.406580493e-02
-5.380503088e-02
-5.477345362e-02
-5.443801731e-02
-5.489240959e-02
-5.560242012e-02
-5.531255156e-02
-5.577697605e-02
-5.618205294e-02
-5.627890304e-02
-5.680631846e-02
-5.660067126e-02
-5.772094429e-02
-5.715731904e-02
-5.799325183e-02
-5.773466453e-02
-5.845909193e-02
-5.823270977e-02
-5.918982625e-02
-5.874568224e-02
-5.917258561e-02
-5.995448306e-02
-5.966691300e-02
-6.014692411e-02
-6.060229614e-02
-6.062996760e-02
-6.113674119e-02
-6.092369184e-02
-6.196194515e-02
-6.134634465e-02
-6.216984242e-02
-6.195367873e-02
-6.266874075e-02
-6.244907528e-02
-6.335733086e-02
-6.291028857e-02
-6.326551735e-02
-6.402345747e-02
-6.377708912e-02
-6.420151144e-02
-6.459632516e-02
-6.463167071e-02
-6.505748630e-02
-6.475676596e-02
-6.583232433e-02
-6.524487585e-02
-6.603127718e-02
-6.571190804e-02
-6.640116125e-02
-6.613398343e-02
-6.700795889e-02
-6.655680388e-02
-6.692977995e-02
-6.758022308e-02
-6.724612415e-02
-6.771800667e-02
-6.806837022e-02
-6.806173921e-02
-6.843774766e-02
-6.824203581e-02
-6.927068532e-02
-6.870836765e-02
-6.944215298e-02
-6.912174076e-02
-6.975880265e-02
-6.939733773e-02
-7.030222565e-02
-6.977215409e-02
-7.005301118e-02
-7.064602524e-02
-7.023426890e-02
-7.062588632e-02
-7.095818967e-02
-7.090992481e-02
-7.120137662e-02
-7.087166607e-02
-7.184281200e-02
