7.691805717e-03
7.871103473e-03
7.593167946e-03
7.828924805e-03
7.991463877e-03
7.608687039e-03
7.232717238e-03
7.216585800e-03
7.490179501e-03
7.523679174e-03
7.666999009e-03
7.698019501e-03
7.361138240e-03
7.392781787e-03
6.757517811e-03
6.353031378e-03
6.455393508e-03
6.811497267e-03
6.781093311e-03
6.755658891e-03
6.924404763e-03
6.725877989e-03
6.232671440e-03
5.664410070e-03
5.731408484e-03
5.957844667e-03
5.877815187e-03
5.701632239e-03
5.751258228e-03
6.037255283e-03
6.324497052e-03
5.906355102e-03
5.598638207e-03
5.527917761e-03
5.396399647e-03
5.447275005e-03
5.305824336e-03
5.199116655e-03
5.278524477e-03
5.116603803e-03
5.358560476e-03
5.192289595e-03
5.611666478e-03
5.548390560e-03
4.883337300e-03
5.098612513e-03
5.339324940e-03
5.286590662e-03
5.118471105e-03
4.862253554e-03
4.978258628e-03
5.269220099e-03
5.106062163e-03
5.160648841e-03
5.302101839e-03
4.859765060e-03
4.665588960e-03
4.429222085e-03
4.728869069e-03
4.849836696e-03
5.442309193e-03
5.623461213e-03
5.607947707e-03
5.731403362e-03
6.110459566e-03
6.095571909e-03
6.418165751e-03
6.910757627e-03
6.978995632e-03
6.951705553e-03
6.809637416e-03
6.797228474e-03
6.475247443e-03
6.460360717e-03
6.465941202e-03
6.296579726e-03
6.418787409e-03
6.874773186e-03
6.876632571e-03
6.608010270e-03
6.711611524e-03
6.895247847e-03
7.041657809e-03
6.774893031e-03
6.653295830e-03
6.833830848e-03
7.405193988e-03
7.503834087e-03
7.766878698e-03
7.773701102e-03
7.805966306e-03
7.317102980e-03
7.117968053e-03
7.157051470e-03
7.593171671e-03
8.261322975e-03
8.296685293e-03
7.776805665e-03
8.092579432e-03
7.948646322e-03
7.704221644e-03
6.926268805e-03
6.606767885e-03
6.938053295e-03
7.166978903e-03
7.421329152e-03
7.791078184e-03
8.037988096e-03
7.601855788e-03
6.994506344e-03
6.937436759e-03
7.106803823e-03
7.323926780e-03
7.651489228e-03
7.355564274e-03
7.487087976e-03
7.624811493e-03
7.923843339e-03
7.753852755e-03
7.255680859e-03
7.460407913e-03
7.637216710e-03
7.510656025e-03
7.295380812e-03
7.465370465e-03
7.859319448e-03
7.617373951e-03
7.480886299e-03
7.565261330e-03
7.769981865e-03
8.164547384e-03
7.916396484e-03
7.938107476e-03
8.206731640e-03
8.922045119e-03
9.134215303e-03
8.954304270e-03
9.185709991e-03
8.873029612e-03
8.523127064e-03
8.170749992e-03
8.433794603e-03
8.822155185e-03
9.065348655e-03
8.910252713e-03
8.979115635e-03
9.252094664e-03
9.557943791e-03
9.551732801e-03
9.555453435e-03
1.008898951e-02
1.051276457e-02
1.098609995e-02
1.108039822e-02
1.124418899e-02
1.136702765e-02
1.145573519e-02
1.132421289e-02
1.117594354e-02
1.141169295e-02
1.162261236e-02
1.130560227e-02
1.178268436e-02
1.230814215e-02
1.236895006e-02
1.282306109e-02
1.313325204e-02
1.352905948e-02
1.401854120e-02
1.463705394e-02
1.428404823e-02
1.474374998e-02
1.549070794e-02
1.569853537e-02
1.596964151e-02
1.617747359e-02
1.635304838e-02
1.665890217e-02
1.666758582e-02
1.686982997e-02
1.748400740e-02
1.833209023e-02
1.875704899e-02
1.893385313e-02
1.967396773e-02
2.022984810e-02
2.064797655e-02
2.046246640e-02
2.057414129e-02
2.106667124e-02
2.125402354e-02
2.165288664e-02
2.205244638e-02
2.232418954e-02
2.245816961e-02
2.272368968e-02
2.259404771e-02
2.279628441e-02
2.306428738e-02
2.456006967e-02
2.423187532e-02
2.454207279e-02
2.527723648e-02
2.477223612e-02
2.421949059e-02
2.469282225e-02
2.475052327e-02
2.499931492e-02
2.565319650e-02
2.603224292e-02
2.680214681e-02
2.725628205e-02
2.721223794e-02
2.705279365e-02
2.730839886e-02
2.753050253e-02
2.772964537e-02
2.781773545e-02
2.798772790e-02
2.868941240e-02
2.912491374e-02
2.910569124e-02
2.973848209e-02
2.963488176e-02
3.001331910e-02
2.996058203e-02
3.029125184e-02
3.066100366e-02
3.047178686e-02
3.011628427e-02
3.038988449e-02
3.132479638e-02
3.266112134e-02
3.305692971e-02
3.255131841e-02
3.306438774e-02
3.380633891e-02
3.473506495e-02
3.533000872e-02
3.466557711e-02
3.454027325e-02
3.487962857e-02
3.492925689e-02
3.423937038e-02
3.960333765e-02
2.125864029e-01
9.684221148e-01
2.494283438e+00
4.410110950e+00
6.376314163e+00
8.218748093e+00
9.911125183e+00
1.144322109e+01
1.278309059e+01
1.389205360e+01
1.475500774e+01
1.538317394e+01
1.578130341e+01
1.597881222e+01
1.600000000e+01
1.589254093e+01
1.575446224e+01
1.567756176e+01
1.566910839e+01
1.568790913e+01
1.566110420e+01
1.554482555e+01
1.535517025e+01
1.513280869e+01
1.491952991e+01
1.473717690e+01
1.457284927e+01
1.442106342e+01
1.425731182e+01
1.409052467e+01
1.391807079e+01
1.374612999e+01
1.355792999e+01
1.335264301e+01
1.312219238e+01
1.288368607e+01
1.265687752e+01
1.244828415e+01
1.225858116e+01
1.207888412e+01
1.189486408e+01
1.170069027e+01
1.149153614e+01
1.128325558e+01
1.108145046e+01
1.089859390e+01
1.072329712e+01
1.054528999e+01
1.034681797e+01
1.013447571e+01
9.920344353e+00
9.725485802e+00
9.558878899e+00
9.408255577e+00
9.261718750e+00
9.107193947e+00
8.935764313e+00
8.752266884e+00
8.557933807e+00
8.370028496e+00
8.189495087e+00
8.030089378e+00
7.883187771e+00
7.748263359e+00
7.611144066e+00
7.473742485e+00
7.329671860e+00
7.179687977e+00
7.023119450e+00
6.858373642e+00
6.698144436e+00
6.556343079e+00
6.436114311e+00
6.335349083e+00
6.232141018e+00
6.119241238e+00
5.986289978e+00
5.847689152e+00
5.708663464e+00
5.581248283e+00
5.463698864e+00
5.363848686e+00
5.275258541e+00
5.193343639e+00
5.108790874e+00
5.007560253e+00
4.889904976e+00
4.766933441e+00
4.650822639e+00
4.557534218e+00
4.482647419e+00
4.425316334e+00
4.366313934e+00
4.302254677e+00
4.221396446e+00
4.130360126e+00
4.028271675e+00
3.931082249e+00
3.840273142e+00
3.764375687e+00
3.707835436e+00
3.659657478e+00
3.615850687e+00
3.569532871e+00
3.509776354e+00
3.437490940e+00
3.348324060e+00
3.261445761e+00
3.178991318e+00
3.120215893e+00
3.076534986e+00
3.047552586e+00
3.011445999e+00
2.968790054e+00
2.906705856e+00
2.834667921e+00
2.765641212e+00
2.701151371e+00
2.648858547e+00
2.608604908e+00
2.572254419e+00
2.539026499e+00
2.496642113e+00
2.455064535e+00
2.402554989e+00
2.351631403e+00
2.296605349e+00
2.248677015e+00
2.201829672e+00
2.168417215e+00
2.138021946e+00
2.110146761e+00
2.083396912e+00
2.046782494e+00
2.002346039e+00
1.955154061e+00
1.907657504e+00
1.870160937e+00
1.835616112e+00
1.813156247e+00
1.786697388e+00
1.763109088e+00
1.733446598e+00
1.706488013e+00
1.673734903e+00
1.646053195e+00
1.614055634e+00
1.580938697e+00
1.551564336e+00
1.520543933e+00
1.492379665e+00
1.469086051e+00
1.447760820e+00
1.432952523e+00
1.413638115e+00
1.400180221e+00
1.377529383e+00
1.354748130e+00
1.325012684e+00
1.297751307e+00
1.266993761e+00
1.246395350e+00
1.226838946e+00
1.211350083e+00
1.204203129e+00
1.194352746e+00
1.182348490e+00
1.166833282e+00
1.144520998e+00
1.121129274e+00
1.091536641e+00
1.071061134e+00
1.049806476e+00
1.039236307e+00
1.030058980e+00
1.026820064e+00
1.015929103e+00
1.005649090e+00
9.849576354e-01
9.603227377e-01
9.405211806e-01
9.215531349e-01
9.076612592e-01
8.997579813e-01
8.923515677e-01
8.872300982e-01
8.725870848e-01
8.601574302e-01
8.392158151e-01
8.218056560e-01
8.023110628e-01
7.906696200e-01
7.786355615e-01
7.759970427e-01
7.704213262e-01
7.630791664e-01
7.563169599e-01
7.421047091e-01
7.229831219e-01
7.048409581e-01
6.869134903e-01
6.771377325e-01
6.681587696e-01
6.695091724e-01
6.663903594e-01
6.645966172e-01
6.543627977e-01
6.433788538e-01
6.257660389e-01
6.143321395e-01
6.005208492e-01
5.895057321e-01
5.857257247e-01
5.810524225e-01
5.779628754e-01
5.753064752e-01
5.687920451e-01
5.633699298e-01
5.498805046e-01
5.423161387e-01
5.299432874e-01
5.234825015e-01
5.156028271e-01
5.136325955e-01
5.073297620e-01
5.062651038e-01
4.991000593e-01
4.896194935e-01
4.835534096e-01
4.752294719e-01
4.675874710e-01
4.635606110e-01
4.587362111e-01
4.563038051e-01
4.481848478e-01
4.454297423e-01
4.369447529e-01
4.321736693e-01
4.238838255e-01
4.198409915e-01
4.113182724e-01
4.092986286e-01
4.035474658e-01
3.977293372e-01
3.955388069e-01
3.904489577e-01
3.849802017e-01
3.809287846e-01
3.750382662e-01
3.710443079e-01
3.614275157e-01
3.585754037e-01
3.513008952e-01
3.484514356e-01
3.435994089e-01
3.433462083e-01
3.380768001e-01
3.378621340e-01
3.338148296e-01
3.275377452e-01
3.243671656e-01
3.175844550e-01
3.109412491e-01
3.062928021e-01
3.014433682e-01
3.008119464e-01
2.964630723e-01
2.985587120e-01
2.951187193e-01
2.934932709e-01
2.861329019e-01
2.815296650e-01
2.727957964e-01
2.706647515e-01
2.661588192e-01
2.625710964e-01
2.646880150e-01
2.636581063e-01
2.613502145e-01
2.600735128e-01
2.553450465e-01
2.523677945e-01
2.445765734e-01
2.433103621e-01
2.378832996e-01
2.383070588e-01
2.358498275e-01
2.370533347e-01
2.328943759e-01
2.329669297e-01
2.283502072e-01
2.214181572e-01
2.191785425e-01
2.143935859e-01
2.119921893e-01
2.124357373e-01
2.113891691e-01
2.126689851e-01
2.075601667e-01
2.068808228e-01
1.994450241e-01
1.964640915e-01
1.909665316e-01
1.902742237e-01
1.861751378e-01
1.889818460e-01
1.880885214e-01
1.853264123e-01
1.853257865e-01
1.814221442e-01
1.766366512e-01
1.732326150e-01
1.681123376e-01
1.673728675e-01
1.630711257e-01
1.658832878e-01
1.632218957e-01
1.642485708e-01
1.610753238e-01
1.610399634e-01
1.547995210e-01
1.544396877e-01
1.505566239e-01
1.465235502e-01
1.476259381e-01
1.456952840e-01
1.439991891e-01
1.436418593e-01
1.415815055e-01
1.413854659e-01
1.362231076e-01
1.376878619e-01
1.337279230e-01
1.341945082e-01
1.309055984e-01
1.319845468e-01
1.278905123e-01
1.291151494e-01
1.266447604e-01
1.237022653e-01
1.249635071e-01
1.224360615e-01
1.200525165e-01
1.194011271e-01
1.175132096e-01
1.187739372e-01
1.145247519e-01
1.163313910e-01
1.132392809e-01
1.147096232e-01
1.119035780e-01
1.126530617e-01
1.085230857e-01
1.097067446e-01
1.067419946e-01
1.034339964e-01
1.041809320e-01
1.029842123e-01
1.020462066e-01
1.026243493e-01
1.008370742e-01
1.012074202e-01
9.570218623e-02
9.589761496e-02
9.053634107e-02
9.021992236e-02
8.695046604e-02
8.829422295e-02
8.582506329e-02
8.960818499e-02
8.800010383e-02
8.517500013e-02
8.555459976e-02
8.232348412e-02
7.894120365e-02
7.823830843e-02
7.643853873e-02
7.796905935e-02
7.452281564e-02
7.780651748e-02
7.488822192e-02
7.568354160e-02
7.192152739e-02
7.203383744e-02
6.722716987e-02
6.869500130e-02
6.721720099e-02
6.505456567e-02
6.743311137e-02
6.646410376e-02
6.483247131e-02
6.461657584e-02
6.208793074e-02
6.275548041e-02
5.795494467e-02
5.977702141e-02
5.635498092e-02
5.783773586e-02
5.543431640e-02
5.698281527e-02
5.278716981e-02
5.447706208e-02
5.208425969e-02
4.928132147e-02
5.092661828e-02
4.935697094e-02
4.836060852e-02
4.877255857e-02
4.734754562e-02
4.803802073e-02
4.363401607e-02
4.616265744e-02
4.278095812e-02
4.346775264e-02
4.088878632e-02
4.302601889e-02
3.980614617e-02
4.220028594e-02
4.022739083e-02
3.754169866e-02
3.883957863e-02
3.733325005e-02
3.591070324e-02
3.662352264e-02
3.544045612e-02
3.712416440e-02
3.297751397e-02
3.566629067e-02
3.258107975e-02
3.421830013e-02
3.213689104e-02
3.390129283e-02
3.082228079e-02
3.360658884e-02
3.193217143e-02
2.856902406e-02
3.045813181e-02
2.904984914e-02
2.698021196e-02
2.706767619e-02
2.540130913e-02
2.787232399e-02
2.464444190e-02
2.825883031e-02
2.490624413e-02
2.655212209e-02
2.376285754e-02
2.461590432e-02
2.043020166e-02
2.366236039e-02
2.324048243e-02
2.138119191e-02
2.382922359e-02
2.258228511e-02
2.151209302e-02
2.130054682e-02
1.965723187e-02
2.102324739e-02
1.767322235e-02
2.084461600e-02
1.834883355e-02
2.008840255e-02
1.744119450e-02
1.865716092e-02
1.478656661e-02
1.710246690e-02
1.485481393e-02
1.235715300e-02
1.503907144e-02
1.390873548e-02
1.311712619e-02
1.427290589e-02
1.279515680e-02
1.371643227e-02
8.874265477e-03
1.185589749e-02
8.797337301e-03
1.033466216e-02
7.474686950e-03
9.548622184e-03
6.194828544e-03
9.005787782e-03
7.642181590e-03
4.454040900e-03
6.345579401e-03
4.732597154e-03
3.925467376e-03
4.640779458e-03
4.162456840e-03
6.010580342e-03
1.844688319e-03
4.955941811e-03
2.451425651e-03
4.428600427e-03
1.791334711e-03
3.328647232e-03
1.311792730e-04
3.706464078e-03
1.965663629e-03
-8.080865955e-04
5.970897037e-04
-9.755931678e-04
-2.231255639e-03
-1.957663568e-03
-2.707088133e-03
-8.291846025e-04
-4.679313395e-03
-1.202653861e-03
-3.771682503e-03
-1.895004767e-03
-4.244421143e-03
-2.398139564e-03
-6.480921526e-03
-3.665593220e-03
-4.482035059e-03
-6.276811007e-03
-3.833107883e-03
-4.787260666e-03
-5.676269066e-03
-5.361111369e-03
-6.969785783e-03
-5.227735266e-03
-8.620640263e-03
-5.023632664e-03
-8.109435439e-03
-6.126059219e-03
-8.847078308e-03
-6.807866041e-03
-1.108169090e-02
-8.433279581e-03
-1.055002399e-02
-1.270898525e-02
-1.020511054e-02
-1.137202419e-02
-1.232868247e-02
-1.078142133e-02
-1.180506684e-02
-1.041727141e-02
-1.441194210e-02
-1.114186831e-02
-1.372329798e-02
-1.111517195e-02
-1.346771512e-02
-1.180753298e-02
-1.489087567e-02
-1.151843835e-02
-1.364265569e-02
-1.669435017e-02
-1.501556952e-02
-1.614963636e-02
-1.752565801e-02
-1.656716131e-02
-1.713295281e-02
-1.518430654e-02
-1.873542555e-02
-1.571475342e-02
-1.859211549e-02
-1.640337892e-02
-1.860266179e-02
-1.668068767e-02
-1.987694576e-02
-1.630038396e-02
-1.737676561e-02
-1.935022324e-02
-1.749773882e-02
-1.903321780e-02
-1.996007934e-02
-1.901832223e-02
-2.035216242e-02
-1.864235476e-02
-2.243241295e-02
-1.905739866e-02
-2.172454633e-02
-1.980187744e-02
-2.225496992e-02
-1.995821483e-02
-2.339647524e-02
-2.022993937e-02
-2.144661359e-02
-2.309248596e-02
-2.073186450e-02
-2.197208256e-02
-2.317127958e-02
-2.245597355e-02
-2.321781963e-02
-2.074675076e-02
-2.437295951e-02
-2.145096101e-02
-2.476070635e-02
-2.246527933e-02
-2.463787422e-02
-2.265015058e-02
-2.534883842e-02
-2.140437067e-02
-2.254717052e-02
-2.494745143e-02
-2.281889506e-02
-2.383137122e-02
-2.536928467e-02
-2.455848455e-02
-2.523406595e-02
-2.318678983e-02
-2.719944715e-02
-2.395173162e-02
-2.677759528e-02
-2.465835772e-02
-2.740295045e-02
-2.542079240e-02
-2.897062711e-02
-2.616276592e-02
-2.821253426e-02
-3.101291135e-02
-2.885708399e-02
-3.066177852e-02
-3.196211532e-02
-3.120523877e-02
-3.223758191e-02
-3.007117845e-02
-3.399140015e-02
-3.071265668e-02
-3.381829709e-02
-3.191185743e-02
-3.374632820e-02
-3.160290793e-02
-3.492566943e-02
-3.219042346e-02
-3.361854330e-02
-3.555041924e-02
-3.302296996e-02
-3.376867250e-02
-3.438656405e-02
-3.342436627e-02
-3.478112817e-02
-3.331641853e-02
-3.695929423e-02
-3.354406729e-02
-3.609384969e-02
-3.394607827e-02
-3.574705496e-02
-3.306329623e-02
-3.623591736e-02
-3.341441602e-02
-3.511365503e-02
-3.709327802e-02
-3.471040726e-02
-3.521104530e-02
-3.624709323e-02
-3.526750952e-02
-3.585066274e-02
-3.395974636e-02
-3.765409440e-02
-3.392188624e-02
-3.699773923e-02
-3.534506634e-02
-3.799097613e-02
-3.596666828e-02
-3.830240667e-02
-3.454353660e-02
-3.619619831e-02
-3.822546452e-02
-3.588043526e-02
-3.688669205e-02
-3.810821101e-02
-3.742952272e-02
-3.819133714e-02
-3.596169129e-02
-3.957603872e-02
-3.663232550e-02
-3.934524208e-02
-3.736869991e-02
-3.936634585e-02
-3.739229590e-02
-4.050599411e-02
-3.758337349e-02
-3.872858733e-02
-4.056678340e-02
-3.796862811e-02
-3.918208927e-02
-4.046938941e-02
-4.015422612e-02
-4.100537300e-02
-3.872611001e-02
-4.224000871e-02
-3.876334801e-02
-4.116734117e-02
-3.931361437e-02
-4.188017547e-02
-4.027337953e-02
-4.334177077e-02
-3.982110322e-02
-4.040924087e-02
-4.206938297e-02
-3.953386098e-02
-4.013937339e-02
-4.046321288e-02
-3.980809450e-02
-4.091667756e-02
-3.946500272e-02
-4.345468804e-02
-4.022062942e-02
-4.303286597e-02
-4.110032693e-02
-4.323695228e-02
-4.147009924e-02
-4.500254244e-02
-4.187894613e-02
-4.298879579e-02
-4.494359717e-02
-4.282934591e-02
-4.381886497e-02
-4.423633590e-02
-4.287156090e-02
-4.343796521e-02
-4.144404083e-02
-4.497522488e-02
-4.114125296e-02
-4.342307895e-02
-4.144650325e-02
-4.364143312e-02
-4.132490233e-02
-4.435485229e-02
-4.104757681e-02
-4.273258895e-02
-4.442496225e-02
-4.176976532e-02
-4.309304059e-02
-4.403224960e-02
-4.334923998e-02
-4.466256127e-02
-4.291374981e-02
-4.664661735e-02
-4.359801859e-02
-4.632152617e-02
-4.421776533e-02
-4.618752003e-02
-4.416933283e-02
-4.717767984e-02
-4.388089478e-02
-4.494108632e-02
-4.628800228e-02
-4.312280938e-02
-4.376983643e-02
-4.494109750e-02
-4.364204779e-02
-4.479838908e-02
-4.281137511e-02
-4.635376483e-02
-4.310358688e-02
-4.636742547e-02
-4.484742880e-02
-4.697414488e-02
-4.476304352e-02
-4.796991497e-02
-4.491937160e-02
-4.567132145e-02
-4.780862108e-02
-4.529722780e-02
-4.630538449e-02
-4.687492177e-02
-4.594679177e-02
-4.678186029e-02
-4.443796352e-02
-4.768515378e-02
-4.435545951e-02
-4.678372294e-02
-4.514214024e-02
-4.748601839e-02
-4.527614266e-02
-4.825838283e-02
-4.494793713e-02
-4.522899166e-02
-4.679304734e-02
-4.494734108e-02
-4.661190510e-02
-4.711935297e-02
-4.594931379e-02
-4.643693566e-02
-4.399935901e-02
-4.698659852e-02
