1.031431779e-01
1.035291925e-01
1.033640578e-01
1.031989828e-01
1.006293148e-01
9.884925187e-02
9.610175341e-02
9.529930353e-02
9.338988364e-02
9.311550111e-02
9.455277026e-02
9.154884517e-02
9.212778509e-02
9.563212842e-02
9.682296962e-02
9.693723917e-02
9.262812138e-02
9.049756080e-02
8.972053975e-02
8.971803635e-02
8.845345676e-02
8.678511530e-02
8.499497920e-02
8.303203434e-02
8.258768916e-02
8.209517598e-02
8.349677920e-02
8.453783393e-02
8.493145555e-02
8.559920639e-02
8.680287004e-02
8.584289998e-02
7.984022051e-02
7.746598870e-02
7.527964562e-02
7.375603914e-02
7.571385056e-02
7.576216012e-02
7.590696961e-02
7.783174515e-02
7.830151916e-02
7.580032945e-02
7.696585357e-02
7.819733024e-02
7.734665275e-02
7.587142289e-02
7.676269859e-02
7.606693357e-02
7.528476417e-02
7.622172683e-02
7.613790780e-02
7.587385923e-02
7.345644385e-02
7.173734158e-02
6.977450103e-02
7.005893439e-02
7.099082321e-02
7.003869116e-02
6.937846541e-02
6.652437896e-02
6.847195327e-02
7.011236995e-02
7.112552971e-02
6.980001181e-02
7.056432217e-02
7.121437043e-02
7.062272727e-02
7.103412598e-02
7.052119076e-02
7.188991457e-02
7.248914242e-02
7.274305820e-02
7.413962483e-02
7.331943512e-02
7.363676280e-02
7.217929512e-02
7.063291222e-02
7.047802210e-02
7.220218331e-02
7.001332939e-02
6.725063175e-02
6.539195776e-02
6.903327256e-02
6.913985312e-02
6.835261732e-02
6.789813191e-02
6.933274865e-02
7.021392137e-02
6.757307053e-02
6.826381385e-02
6.803529710e-02
6.771787256e-02
6.723542511e-02
6.483324617e-02
6.262412667e-02
6.373376399e-02
6.784985214e-02
7.251455635e-02
7.552874088e-02
7.818473876e-02
7.810850441e-02
7.447483391e-02
7.321533561e-02
7.282441109e-02
7.430217415e-02
7.613802701e-02
7.824305445e-02
7.806788385e-02
7.680084556e-02
7.847165316e-02
8.062741160e-02
7.942895591e-02
8.035568148e-02
8.095496148e-02
8.035580069e-02
7.926901430e-02
7.896174490e-02
7.985307276e-02
7.995208353e-02
8.027714491e-02
8.173978329e-02
8.411390334e-02
8.574408293e-02
8.544684947e-02
8.600550890e-02
8.594966680e-02
8.682326227e-02
8.610204607e-02
8.600798994e-02
8.474356681e-02
8.395377547e-02
8.139433712e-02
8.346127719e-02
8.591159433e-02
9.028408676e-02
9.036029875e-02
9.156905860e-02
9.220139682e-02
9.192961454e-02
9.100531787e-02
9.217346460e-02
9.244523197e-02
9.340509772e-02
9.522835910e-02
9.899395704e-02
9.847355634e-02
9.906773269e-02
9.807727486e-02
9.998188913e-02
1.006420255e-01
9.988028556e-02
9.985995293e-02
1.023484394e-01
1.004288048e-01
1.013454124e-01
1.043366641e-01
1.074980870e-01
1.084376425e-01
1.098265648e-01
1.103395000e-01
1.115990132e-01
1.127773076e-01
1.111217216e-01
1.091104075e-01
1.101007685e-01
1.114365384e-01
1.120079085e-01
1.112536639e-01
1.134984270e-01
1.144685075e-01
1.181225404e-01
1.209132075e-01
1.224621311e-01
1.237749383e-01
1.242395714e-01
1.260450184e-01
1.253086329e-01
1.235692576e-01
1.253314763e-01
1.264970154e-01
1.269312948e-01
1.282085031e-01
1.284015924e-01
1.318449527e-01
1.317080408e-01
1.349608153e-01
1.345189363e-01
1.318145692e-01
1.307023913e-01
1.322818100e-01
1.333965808e-01
1.351232678e-01
1.380307376e-01
1.395695657e-01
1.408949643e-01
1.441679895e-01
1.432996243e-01
1.434697807e-01
1.423778683e-01
1.412099600e-01
1.407630146e-01
1.406232566e-01
1.391582191e-01
1.407908797e-01
1.434392929e-01
1.436246037e-01
1.460978538e-01
1.518544257e-01
1.550920159e-01
1.572249681e-01
1.575347632e-01
1.599471122e-01
1.609653085e-01
1.595636308e-01
1.604193598e-01
1.610593498e-01
1.606021821e-01
1.619352847e-01
1.621969044e-01
1.634714901e-01
1.664043963e-01
1.685731709e-01
1.724608541e-01
1.763332188e-01
1.756120622e-01
1.735426337e-01
1.703912914e-01
1.721256673e-01
1.746599823e-01
1.768664271e-01
1.771379709e-01
1.735476702e-01
1.745684296e-01
1.757722348e-01
1.777703315e-01
1.839686334e-01
1.821505874e-01
1.800254583e-01
1.853982508e-01
1.852382869e-01
1.854593158e-01
1.897963732e-01
1.913657635e-01
1.934302002e-01
1.971552074e-01
2.632956803e-01
5.834864378e-01
1.296474099e+00
2.440890551e+00
3.955917835e+00
5.707039356e+00
7.542893887e+00
9.343658447e+00
1.100708675e+01
1.246396637e+01
1.366770744e+01
1.461129570e+01
1.528306293e+01
1.571751499e+01
1.594253540e+01
1.600000000e+01
1.591355228e+01
1.572078133e+01
1.546828938e+01
1.517759418e+01
1.487398624e+01
1.457728386e+01
1.430297565e+01
1.405314732e+01
1.381595039e+01
1.361356926e+01
1.341676331e+01
1.324122238e+01
1.305446339e+01
1.286501789e+01
1.265021992e+01
1.243639183e+01
1.219535637e+01
1.194795895e+01
1.170262623e+01
1.145625210e+01
1.122867012e+01
1.100720119e+01
1.079087734e+01
1.058934307e+01
1.037786102e+01
1.017206097e+01
9.946552277e+00
9.724660873e+00
9.490934372e+00
9.269729614e+00
9.042500496e+00
8.835684776e+00
8.638261795e+00
8.452559471e+00
8.281044006e+00
8.115915298e+00
7.959249973e+00
7.799134731e+00
7.633023262e+00
7.468555450e+00
7.286509514e+00
7.116186619e+00
6.935966492e+00
6.768260956e+00
6.598499775e+00
6.451158047e+00
6.306230068e+00
6.179764748e+00
6.055437565e+00
5.933562279e+00
5.815087318e+00
5.682640553e+00
5.548131466e+00
5.410177231e+00
5.271418571e+00
5.146379948e+00
5.019086361e+00
4.912279129e+00
4.802879810e+00
4.711765289e+00
4.616737843e+00
4.529789448e+00
4.432057381e+00
4.343813419e+00
4.244988918e+00
4.142985821e+00
4.044074059e+00
3.941152573e+00
3.846356630e+00
3.757864952e+00
3.674160957e+00
3.603303194e+00
3.527656078e+00
3.470730543e+00
3.403161526e+00
3.343788624e+00
3.276205063e+00
3.211509705e+00
3.134143114e+00
3.064501286e+00
2.984962225e+00
2.909264803e+00
2.849350691e+00
2.788070679e+00
2.740400791e+00
2.699080944e+00
2.657734871e+00
2.619133949e+00
2.567630529e+00
2.523983479e+00
2.462495327e+00
2.406450510e+00
2.343456745e+00
2.290266991e+00
2.233467579e+00
2.192901134e+00
2.154343843e+00
2.121847391e+00
2.098766327e+00
2.066050768e+00
2.032379627e+00
1.996996760e+00
1.955750346e+00
1.919922352e+00
1.870887399e+00
1.838982582e+00
1.797378421e+00
1.769001245e+00
1.735331416e+00
1.712756276e+00
1.683031082e+00
1.668604493e+00
1.647336960e+00
1.618975520e+00
1.592834949e+00
1.560114622e+00
1.530115604e+00
1.499814630e+00
1.466226697e+00
1.443629265e+00
1.412651658e+00
1.398954749e+00
1.380556703e+00
1.371962428e+00
1.355802536e+00
1.343996286e+00
1.318368196e+00
1.302538514e+00
1.277726769e+00
1.253915191e+00
1.240434170e+00
1.217207193e+00
1.196660399e+00
1.177910924e+00
1.159994483e+00
1.154212236e+00
1.138134003e+00
1.135416865e+00
1.121344686e+00
1.111112475e+00
1.093755484e+00
1.082452178e+00
1.060135007e+00
1.046923161e+00
1.028952599e+00
1.010350704e+00
1.004223585e+00
9.947564602e-01
9.911256433e-01
9.884059429e-01
9.800238609e-01
9.757983685e-01
9.585806727e-01
9.502801299e-01
9.279786348e-01
9.139930606e-01
8.957487941e-01
8.867163658e-01
8.693540692e-01
8.700090647e-01
8.661040068e-01
8.596395850e-01
8.639581203e-01
8.571685553e-01
8.501890302e-01
8.415584564e-01
8.266599178e-01
8.190163374e-01
7.980574369e-01
7.933873534e-01
7.806646228e-01
7.788233161e-01
7.709664702e-01
7.715582848e-01
7.657871246e-01
7.693013549e-01
7.646342516e-01
7.561097741e-01
7.556321025e-01
7.432913184e-01
7.328134775e-01
7.221489549e-01
7.110808492e-01
7.093614340e-01
6.993556023e-01
7.053313255e-01
7.021697164e-01
7.078124881e-01
7.039731145e-01
7.058063149e-01
6.959630847e-01
6.922939420e-01
6.807683706e-01
6.684006453e-01
6.659927368e-01
6.587832570e-01
6.548374295e-01
6.528084874e-01
6.520949602e-01
6.590069532e-01
6.542761922e-01
6.619169116e-01
6.540172100e-01
6.501319408e-01
6.395077109e-01
6.358410120e-01
6.217155457e-01
6.213092208e-01
6.155733466e-01
6.069475412e-01
6.067343950e-01
6.035778522e-01
6.063354611e-01
6.092684269e-01
6.079886556e-01
6.124727130e-01
5.965898037e-01
5.968438387e-01
5.844592452e-01
5.812089443e-01
5.747281909e-01
5.766583085e-01
5.700891018e-01
5.766608119e-01
5.774279833e-01
5.788954496e-01
5.819173455e-01
5.761380792e-01
5.725777149e-01
5.664223433e-01
5.587864518e-01
5.592689514e-01
5.456277132e-01
5.502876639e-01
5.451858044e-01
5.461002588e-01
5.441500545e-01
5.524455905e-01
5.460342169e-01
5.479030013e-01
5.440457463e-01
5.393962264e-01
5.449115634e-01
5.391575098e-01
5.319998860e-01
5.269718766e-01
5.226117969e-01
5.235843062e-01
5.148671269e-01
5.238637328e-01
5.211543441e-01
5.254256129e-01
5.240545273e-01
5.271651149e-01
5.168731213e-01
5.156670809e-01
5.101590753e-01
5.035573244e-01
5.099890828e-01
5.067036152e-01
5.082926750e-01
5.098113418e-01
5.105298162e-01
5.191178918e-01
5.144835114e-01
5.165581107e-01
5.079274774e-01
5.080672503e-01
5.025997758e-01
5.048929453e-01
4.998220205e-01
5.040776730e-01
5.014675856e-01
4.975342155e-01
5.044838786e-01
5.032066703e-01
5.022039413e-01
5.022214651e-01
4.994434416e-01
5.016121268e-01
4.949820936e-01
4.980419278e-01
4.905079901e-01
4.911174476e-01
4.861382246e-01
4.923389852e-01
4.875044525e-01
4.963912070e-01
4.993623197e-01
4.936820269e-01
4.965055883e-01
4.904703796e-01
4.873138368e-01
4.833219945e-01
4.782915711e-01
4.808208048e-01
4.754041135e-01
4.810669422e-01
4.770040512e-01
4.828649759e-01
4.815571010e-01
4.917653799e-01
4.866510928e-01
4.898456633e-01
4.863412082e-01
4.803052545e-01
4.811990261e-01
4.774255157e-01
4.758232534e-01
4.752822518e-01
4.743986726e-01
4.798712134e-01
4.751833379e-01
4.812193215e-01
4.768008888e-01
4.777656794e-01
4.707773328e-01
4.724127352e-01
4.638699293e-01
4.680525362e-01
4.640860856e-01
4.618614912e-01
4.691697359e-01
4.684388041e-01
4.705895782e-01
4.744871259e-01
4.772398472e-01
4.825067222e-01
4.724480808e-01
4.775268137e-01
4.742636979e-01
4.756859243e-01
4.680045843e-01
4.708358347e-01
4.652621746e-01
4.712422788e-01
4.733268321e-01
4.724659324e-01
4.786775708e-01
4.772150517e-01
4.781748652e-01
4.762474000e-01
4.697793722e-01
4.676262140e-01
4.574815035e-01
4.639489651e-01
4.589618146e-01
4.668439925e-01
4.675906003e-01
4.733292460e-01
4.691777229e-01
4.760518074e-01
4.772681594e-01
4.701935053e-01
4.739111364e-01
4.709577858e-01
4.709654748e-01
4.742135406e-01
4.700895250e-01
4.709149599e-01
4.655389786e-01
4.745993316e-01
4.690709412e-01
4.720572829e-01
4.720600545e-01
4.801250398e-01
4.757952988e-01
4.782103896e-01
4.746576548e-01
4.675603211e-01
4.701173306e-01
4.680528343e-01
4.699447453e-01
4.719787240e-01
4.744952321e-01
4.817020893e-01
4.768897295e-01
4.830505848e-01
4.797059894e-01
4.797745347e-01
4.710999727e-01
4.707013369e-01
4.663465023e-01
4.733298719e-01
4.715700746e-01
4.690841138e-01
4.748945236e-01
4.769969881e-01
4.786804616e-01
4.784364402e-01
4.781926870e-01
4.838909209e-01
4.788071215e-01
4.879516065e-01
4.837918878e-01
4.849627018e-01
4.792466462e-01
4.809173942e-01
4.731264710e-01
4.771261215e-01
4.776136279e-01
4.766256213e-01
4.837639928e-01
4.845587909e-01
4.832486212e-01
4.857676327e-01
4.837055206e-01
4.887538552e-01
4.823698699e-01
4.864532650e-01
4.812425077e-01
4.862093329e-01
4.834543765e-01
4.879388213e-01
4.818951786e-01
4.887031317e-01
4.873978496e-01
4.843938351e-01
4.912424982e-01
4.893710017e-01
4.884058833e-01
4.889113903e-01
4.850285649e-01
4.905162752e-01
4.853409529e-01
4.908921719e-01
4.852341712e-01
4.879591465e-01
4.826058745e-01
4.910113215e-01
4.885277152e-01
4.960137308e-01
4.938858151e-01
4.876264930e-01
4.948175251e-01
4.963560700e-01
4.978692234e-01
5.014140606e-01
5.023206472e-01
5.070968270e-01
5.014523268e-01
5.048345327e-01
5.005000830e-01
5.031765103e-01
4.995683432e-01
5.018813014e-01
4.937002063e-01
4.991718531e-01
4.948830605e-01
4.939332902e-01
4.995933175e-01
4.998903573e-01
5.000405312e-01
4.988012910e-01
4.947974980e-01
5.012034774e-01
4.946272671e-01
5.018789172e-01
4.999975562e-01
5.049973130e-01
5.006243587e-01
5.071146488e-01
5.039684176e-01
5.075463653e-01
5.039104223e-01
4.983800948e-01
4.993042648e-01
4.966940880e-01
4.993752837e-01
5.044767857e-01
5.036565065e-01
5.083262324e-01
5.018993020e-01
5.096184611e-01
5.057436228e-01
5.074599385e-01
5.002818108e-01
5.021913648e-01
4.957596064e-01
5.015997887e-01
5.013915300e-01
4.984893501e-01
5.066450834e-01
5.039966106e-01
5.014470220e-01
5.003401041e-01
5.002056360e-01
5.063048005e-01
5.028107762e-01
5.098546743e-01
5.042253733e-01
5.089509487e-01
5.040753484e-01
5.094486475e-01
5.054518580e-01
5.122646689e-01
5.125744939e-01
5.104159713e-01
5.178583860e-01
5.166417360e-01
5.149559975e-01
5.133562088e-01
5.107741952e-01
5.141385794e-01
5.069473386e-01
5.146540999e-01
5.116044879e-01
5.174773932e-01
5.143617392e-01
5.185945630e-01
5.135998130e-01
5.197654963e-01
5.186378360e-01
5.149152875e-01
5.231299996e-01
5.230563879e-01
5.247069001e-01
5.251461864e-01
5.242344737e-01
5.267079473e-01
5.194353461e-01
5.266546011e-01
5.223479867e-01
5.264511704e-01
5.228022933e-01
5.283051729e-01
5.238282084e-01
5.305953622e-01
5.303898454e-01
5.247370601e-01
5.282998681e-01
5.286147594e-01
5.322641730e-01
5.346966386e-01
5.348743796e-01
5.393657684e-01
5.322362781e-01
5.364105701e-01
5.293235779e-01
5.335413218e-01
5.315733552e-01
5.351437330e-01
5.293053985e-01
5.332213640e-01
5.322310328e-01
5.320965648e-01
5.396351218e-01
5.364939570e-01
5.373268127e-01
5.401200652e-01
5.385078192e-01
5.454802513e-01
5.419588685e-01
5.502033830e-01
5.432665944e-01
5.472885370e-01
5.455769897e-01
5.508103967e-01
5.437739491e-01
5.485046506e-01
5.488477349e-01
5.455693007e-01
5.498505235e-01
5.499243140e-01
5.465721488e-01
5.448303223e-01
5.421463847e-01
5.492587686e-01
5.467220545e-01
5.563486814e-01
5.542284250e-01
5.571763515e-01
5.517374873e-01
5.556757450e-01
5.509274006e-01
5.582734942e-01
5.565009117e-01
5.505766869e-01
5.552211404e-01
5.543348789e-01
5.555434227e-01
5.612466931e-01
5.619170070e-01
5.645861626e-01
5.572627187e-01
5.608713031e-01
5.560768843e-01
5.643832088e-01
5.638092160e-01
5.677730441e-01
5.602769852e-01
5.638265610e-01
5.668078065e-01
5.653908849e-01
5.691161752e-01
5.672370791e-01
5.673590899e-01
5.676892400e-01
5.643449426e-01
5.703833699e-01
5.661072731e-01
5.707999468e-01
5.648627877e-01
5.660970211e-01
5.598627925e-01
5.656957030e-01
5.639358163e-01
5.721710920e-01
5.734331012e-01
5.710029602e-01
5.759189129e-01
5.768435001e-01
5.759671926e-01
5.758835077e-01
5.740398169e-01
5.771101117e-01
5.712009072e-01
5.779581070e-01
5.758429170e-01
5.814803839e-01
5.795961022e-01
5.854491591e-01
5.822955966e-01
5.864650607e-01
5.842737556e-01
5.805100799e-01
5.870591998e-01
5.818914771e-01
5.798115730e-01
5.774299502e-01
5.786969066e-01
5.881942511e-01
5.837150216e-01
5.920869708e-01
5.872624516e-01
5.878283381e-01
5.857079029e-01
5.901418328e-01
5.884125233e-01
5.968506932e-01
5.958451629e-01
5.946313739e-01
5.991640687e-01
5.960761905e-01
5.970157385e-01
5.984049439e-01
5.959950089e-01
6.032704711e-01
5.997686386e-01
6.052995920e-01
6.032071710e-01
6.080142856e-01
6.046999097e-01
6.103830934e-01
6.042706966e-01
6.072369218e-01
6.057665944e-01
6.041769981e-01
6.124706268e-01
6.129251719e-01
6.120693088e-01
6.123307943e-01
6.095221043e-01
6.145704389e-01
6.078865528e-01
6.177928448e-01
6.128614545e-01
6.133669019e-01
6.110078692e-01
6.175541878e-01
6.136054993e-01
6.196059585e-01
6.178794503e-01
6.122369766e-01
6.186892390e-01
6.203447580e-01
6.256107092e-01
6.274465322e-01
6.267079115e-01
6.277032495e-01
6.204185486e-01
6.259483099e-01
6.225483418e-01
6.305648685e-01
6.294398308e-01
6.326189637e-01
6.249911785e-01
6.296150088e-01
6.270986795e-01
6.222264171e-01
6.277056932e-01
6.297829151e-01
6.331321597e-01
6.337515712e-01
6.340181828e-01
6.390280724e-01
6.337415576e-01
6.401175261e-01
6.367048025e-01
6.404299140e-01
6.372939348e-01
6.395485997e-01
6.336525679e-01
6.370627284e-01
6.390611529e-01
6.356967688e-01
6.414480209e-01
6.390053034e-01
6.416128874e-01
6.427732110e-01
6.440809965e-01
6.526280642e-01
6.458637118e-01
6.521228552e-01
6.469780803e-01
6.483442783e-01
6.446980834e-01
6.469148993e-01
6.423414946e-01
6.512289643e-01
6.548954844e-01
6.525266171e-01
6.590827703e-01
6.564648151e-01
6.568304300e-01
6.542022824e-01
6.502590179e-01
6.525772214e-01
6.476002336e-01
6.573638320e-01
6.529683471e-01
6.594002843e-01
6.588060260e-01
6.640217900e-01
6.586460471e-01
6.655453444e-01
6.634731293e-01
6.588390470e-01
6.598419547e-01
6.562997699e-01
6.554312706e-01
6.562744379e-01
6.562516689e-01
6.628232002e-01
6.583896279e-01
6.679580808e-01
6.685930490e-01
6.746266484e-01
6.699644923e-01
6.728388071e-01
6.636153460e-01
6.653192043e-01
6.643924713e-01
6.636077762e-01
6.699013710e-01
6.703149080e-01
6.731743217e-01
6.740908623e-01
6.736795902e-01
6.801410913e-01
6.746112108e-01
6.805704236e-01
6.788153052e-01
