4.058777392e-01
3.974486589e-01
3.935113549e-01
3.918546438e-01
3.875664771e-01
3.792159259e-01
3.733646870e-01
3.709802032e-01
3.672379255e-01
3.604234457e-01
3.567461669e-01
3.560815454e-01
3.536320031e-01
3.486275077e-01
3.442873955e-01
3.457659483e-01
3.442413807e-01
3.387197554e-01
3.343493938e-01
3.345485628e-01
3.345886767e-01
3.325146139e-01
3.269641697e-01
3.227064908e-01
3.219212890e-01
3.215918243e-01
3.174186051e-01
3.155572712e-01
3.180182874e-01
3.169189692e-01
3.088619113e-01
3.041084409e-01
3.072894216e-01
3.061997294e-01
2.993071973e-01
2.966105044e-01
2.969228029e-01
2.964056730e-01
2.947817445e-01
2.937341928e-01
2.928265631e-01
2.918077707e-01
2.915548682e-01
2.891384065e-01
2.848868072e-01
2.863096297e-01
2.879376709e-01
2.889583707e-01
2.864208817e-01
2.852583528e-01
2.846475542e-01
2.850495577e-01
2.818492949e-01
2.821612954e-01
2.851071954e-01
2.848352790e-01
2.840999067e-01
2.820997536e-01
2.784878612e-01
2.757261992e-01
2.771549523e-01
2.741417885e-01
2.708648145e-01
2.731173933e-01
2.742013931e-01
2.699856758e-01
2.673062980e-01
2.715810537e-01
2.730176747e-01
2.711060643e-01
2.654216588e-01
2.650271952e-01
2.660211921e-01
2.636767924e-01
2.584096789e-01
2.615951300e-01
2.653030455e-01
2.620276213e-01
2.562319636e-01
2.559752762e-01
2.584521174e-01
2.639565766e-01
2.624778152e-01
2.587562799e-01
2.585288286e-01
2.599670887e-01
2.555463314e-01
2.537419498e-01
2.559220493e-01
2.586037219e-01
2.603654563e-01
2.577397227e-01
2.548781037e-01
2.573125064e-01
2.583063245e-01
2.541709542e-01
2.494786233e-01
2.490402013e-01
2.477932423e-01
2.458780408e-01
2.461576313e-01
2.475078404e-01
2.488868535e-01
2.484635413e-01
2.475633919e-01
2.480115592e-01
2.493962646e-01
2.511352599e-01
2.490533888e-01
2.496625483e-01
2.523939908e-01
2.537500858e-01
2.508867383e-01
2.480291724e-01
2.500402033e-01
2.530145943e-01
2.546025515e-01
2.535450459e-01
2.520588636e-01
2.546064854e-01
2.534511983e-01
2.498142123e-01
2.532022297e-01
2.596412897e-01
2.563875616e-01
2.507257760e-01
2.514574230e-01
2.559949458e-01
2.560580373e-01
2.535221875e-01
2.538056374e-01
2.555390894e-01
2.588906288e-01
2.608077526e-01
2.578220069e-01
2.585594356e-01
2.617597282e-01
2.608288825e-01
2.587796748e-01
2.637936175e-01
2.679725885e-01
2.641382515e-01
2.583487034e-01
2.616542578e-01
2.666068971e-01
2.664709687e-01
2.643143237e-01
2.634374499e-01
2.656608224e-01
2.670379877e-01
2.625295818e-01
2.577014565e-01
2.586244047e-01
2.595304251e-01
2.548318207e-01
2.504477203e-01
2.536423206e-01
2.573429048e-01
2.541229725e-01
2.530523539e-01
2.563030720e-01
2.581477165e-01
2.571575046e-01
2.593292892e-01
2.627498806e-01
2.653141916e-01
2.674571574e-01
2.658540905e-01
2.664766908e-01
2.705829740e-01
2.691274285e-01
2.668251097e-01
2.723817229e-01
2.777062654e-01
2.757931352e-01
2.725637257e-01
2.729773521e-01
2.732340991e-01
2.738816142e-01
2.733105719e-01
2.724735737e-01
2.733587027e-01
2.724698186e-01
2.705544233e-01
2.705505490e-01
2.746626437e-01
2.785815597e-01
2.771433294e-01
2.759194672e-01
2.791081667e-01
2.815426886e-01
2.776183784e-01
2.759404182e-01
2.800717354e-01
2.809164226e-01
2.781621516e-01
2.773481309e-01
2.813166380e-01
2.827262878e-01
2.816882432e-01
2.828353941e-01
2.846663892e-01
2.863057554e-01
2.858327031e-01
2.865490019e-01
2.881501019e-01
2.894734442e-01
2.892839015e-01
2.886151373e-01
2.905455232e-01
2.926924825e-01
2.930103540e-01
2.940309048e-01
2.949251235e-01
2.982117236e-01
3.015135229e-01
3.039074242e-01
3.071345389e-01
3.139084280e-01
3.181448281e-01
3.197762966e-01
3.236180544e-01
3.278045952e-01
3.323382437e-01
3.337786794e-01
3.367568552e-01
3.405641615e-01
3.424851298e-01
3.421786427e-01
3.424527049e-01
3.445519805e-01
3.417633474e-01
3.509815335e-01
3.498381078e-01
3.456858695e-01
3.535419405e-01
3.583165407e-01
3.678584695e-01
3.740485907e-01
3.782832325e-01
3.865574598e-01
4.046903253e-01
4.189489186e-01
4.184453189e-01
4.290806353e-01
4.520420432e-01
4.732143879e-01
4.926210046e-01
5.015817881e-01
5.285118222e-01
7.036520243e-01
1.257762551e+00
2.383757353e+00
3.967964649e+00
5.578283310e+00
6.923333645e+00
8.029397964e+00
8.973801613e+00
9.748986244e+00
1.030827427e+01
1.063856888e+01
1.077000046e+01
1.075940704e+01
1.062559128e+01
1.038999367e+01
1.007906055e+01
9.709308624e+00
9.312112808e+00
8.914755821e+00
8.515517235e+00
8.124077797e+00
7.772529125e+00
7.507087708e+00
7.306603909e+00
7.142004967e+00
6.982213020e+00
6.832017899e+00
6.687422752e+00
6.533339024e+00
6.360737801e+00
6.180255890e+00
5.998840809e+00
5.813389301e+00
5.624609947e+00
5.428965569e+00
5.233186245e+00
5.057063103e+00
4.892372608e+00
4.733831882e+00
4.579279423e+00
4.445336819e+00
4.323892117e+00
4.216025829e+00
4.112536907e+00
4.017080784e+00
3.940298080e+00
3.871215105e+00
3.797993898e+00
3.715474606e+00
3.641439199e+00
3.579217196e+00
3.503777027e+00
3.419888973e+00
3.339336395e+00
3.272766590e+00
3.198670864e+00
3.118898630e+00
3.042499065e+00
2.977947474e+00
2.912163496e+00
2.842071056e+00
2.774751186e+00
2.712185621e+00
2.650858879e+00
2.589837074e+00
2.535817623e+00
2.486759424e+00
2.435667515e+00
2.388012886e+00
2.338588953e+00
2.287874699e+00
2.237933874e+00
2.194777966e+00
2.149360418e+00
2.106871843e+00
2.071160793e+00
2.036240578e+00
1.996223688e+00
1.953618288e+00
1.916542411e+00
1.886046886e+00
1.853584766e+00
1.815764189e+00
1.776986957e+00
1.748576760e+00
1.722264409e+00
1.691562772e+00
1.659089208e+00
1.634397149e+00
1.609422684e+00
1.582151771e+00
1.558423281e+00
1.534257412e+00
1.509883046e+00
1.483319163e+00
1.461969137e+00
1.442448854e+00
1.422555208e+00
1.404402971e+00
1.381637692e+00
1.364197850e+00
1.349130511e+00
1.332292914e+00
1.311974406e+00
1.295261145e+00
1.277921319e+00
1.259928226e+00
1.240785360e+00
1.223413706e+00
1.213306785e+00
1.201041102e+00
1.181381583e+00
1.165507674e+00
1.154158592e+00
1.142910600e+00
1.129469156e+00
1.122283101e+00
1.110067010e+00
1.095354080e+00
1.085188627e+00
1.076624751e+00
1.064747691e+00
1.057818413e+00
1.054162264e+00
1.043176889e+00
1.033021212e+00
1.022173047e+00
1.009442449e+00
1.005294442e+00
1.001552105e+00
9.921407104e-01
9.788108468e-01
9.758268595e-01
9.700242281e-01
9.633588195e-01
9.570271373e-01
9.503318667e-01
9.455726743e-01
9.442763329e-01
9.354897141e-01
9.256263971e-01
9.238259196e-01
9.189769030e-01
9.073973298e-01
9.001120329e-01
8.979532123e-01
8.913108706e-01
8.783065081e-01
8.736202121e-01
8.729707003e-01
8.707873821e-01
8.607457280e-01
8.504499793e-01
8.437390924e-01
8.451260328e-01
8.458861113e-01
8.383247852e-01
8.323531151e-01
8.295916915e-01
8.236926794e-01
8.119466305e-01
8.058407903e-01
8.074248433e-01
8.047316670e-01
7.981094718e-01
7.900249362e-01
7.873517275e-01
7.847910523e-01
7.787120938e-01
7.686369419e-01
7.662332654e-01
7.670511007e-01
7.598823905e-01
7.563431263e-01
7.514382601e-01
7.507085204e-01
7.505764365e-01
7.468358874e-01
7.432163954e-01
7.403627634e-01
7.429750562e-01
7.377312183e-01
7.299577594e-01
7.273609638e-01
7.265220284e-01
7.215288281e-01
7.186694145e-01
7.169225216e-01
7.138237357e-01
7.125979662e-01
7.104225159e-01
7.096583843e-01
7.100563645e-01
7.086409926e-01
7.076167464e-01
7.041636109e-01
7.081472874e-01
7.087656260e-01
7.027619481e-01
6.964172125e-01
7.001000047e-01
7.005114555e-01
6.983893514e-01
6.949297190e-01
6.935506463e-01
6.959040165e-01
6.961835623e-01
6.913881302e-01
6.881573200e-01
6.919337511e-01
6.923820972e-01
6.875999570e-01
6.906661987e-01
6.926196814e-01
6.920527816e-01
6.870866418e-01
6.825518012e-01
6.794412136e-01
6.792286038e-01
6.766468883e-01
6.679055095e-01
6.660193801e-01
6.664788127e-01
6.639775634e-01
6.602007747e-01
6.591436863e-01
6.611509323e-01
6.576517224e-01
6.547005177e-01
6.528771520e-01
6.585940123e-01
6.607047319e-01
6.574468017e-01
6.526932716e-01
6.572073102e-01
6.590938568e-01
6.525076032e-01
6.511954665e-01
6.512396336e-01
6.496331692e-01
6.464140415e-01
6.445505619e-01
6.458471417e-01
6.467413902e-01
6.454258561e-01
6.385800242e-01
6.391736865e-01
6.415811181e-01
6.392638087e-01
6.332365274e-01
6.347725987e-01
6.372355223e-01
6.345618963e-01
6.340677738e-01
6.329032779e-01
6.323709488e-01
6.321755052e-01
6.298196912e-01
6.296570301e-01
6.283335090e-01
6.316545606e-01
6.308444738e-01
6.282607317e-01
6.271690726e-01
6.279370785e-01
6.248977184e-01
6.233252287e-01
6.239688396e-01
6.230458617e-01
6.243999004e-01
6.227680445e-01
6.190983653e-01
6.177138090e-01
6.182155013e-01
6.184377670e-01
6.170626283e-01
6.184589863e-01
6.183173656e-01
6.170109510e-01
6.114933491e-01
6.077931523e-01
6.067110300e-01
6.091027856e-01
6.092580557e-01
6.031547785e-01
6.025744677e-01
6.035432816e-01
6.000233889e-01
5.955343843e-01
5.948584080e-01
5.981792808e-01
5.976603031e-01
5.975511074e-01
5.955324769e-01
5.950036049e-01
5.955361724e-01
5.955419540e-01
5.954253674e-01
5.959652662e-01
5.958119631e-01
5.917879939e-01
5.913150907e-01
5.887122154e-01
5.860193372e-01
5.859888792e-01
5.854007602e-01
5.847247243e-01
5.824854374e-01
5.846590996e-01
5.834372044e-01
5.843719244e-01
5.878081918e-01
5.921365619e-01
5.888231397e-01
5.898671746e-01
5.914223194e-01
5.884901285e-01
5.912231207e-01
5.931614041e-01
5.938357115e-01
5.950708985e-01
5.927782655e-01
5.924123526e-01
5.920774341e-01
5.956819654e-01
5.934697986e-01
5.934909582e-01
5.910814404e-01
5.880189538e-01
5.856518149e-01
5.869080424e-01
5.861995816e-01
5.817921162e-01
5.852684975e-01
5.859980583e-01
5.780133605e-01
5.710797906e-01
5.721751451e-01
5.757743716e-01
5.778200626e-01
5.825623274e-01
5.810319185e-01
5.804092884e-01
5.830373168e-01
5.845506787e-01
5.826772451e-01
5.895260572e-01
5.956490636e-01
5.890762806e-01
5.845467448e-01
5.862129331e-01
5.900453925e-01
5.901280046e-01
5.862820148e-01
5.859314203e-01
5.831141472e-01
5.796551704e-01
5.748971701e-01
5.740353465e-01
5.745661855e-01
5.779527426e-01
5.752497911e-01
5.729206800e-01
5.744644403e-01
5.752844214e-01
5.775042772e-01
5.744473338e-01
5.713922381e-01
5.756368637e-01
5.752461553e-01
5.715284944e-01
5.678163171e-01
5.736771822e-01
5.750294924e-01
5.718652606e-01
5.691339970e-01
5.719745755e-01
5.715339780e-01
5.669968724e-01
5.650758147e-01
5.663034320e-01
5.729357600e-01
5.736409426e-01
5.672744513e-01
5.679504871e-01
5.769199133e-01
5.793542266e-01
5.722024441e-01
5.722655654e-01
5.776513219e-01
5.779541135e-01
5.685652494e-01
5.655811429e-01
5.698713064e-01
5.723825097e-01
5.675864816e-01
5.597630739e-01
5.647825003e-01
5.715300441e-01
5.667132139e-01
5.596159697e-01
5.624576807e-01
5.689217448e-01
5.639899969e-01
5.592347383e-01
5.569905043e-01
5.615290403e-01
5.649859309e-01
5.647022724e-01
5.586239100e-01
5.609870553e-01
5.644207597e-01
5.557528734e-01
5.521771908e-01
5.573639274e-01
5.589783192e-01
5.522040129e-01
5.459820032e-01
5.484906435e-01
5.523227453e-01
5.531923771e-01
5.473473668e-01
5.493925810e-01
5.528011918e-01
5.508154631e-01
5.453824401e-01
5.461103320e-01
5.490266681e-01
5.468264818e-01
5.456196070e-01
5.442773104e-01
5.466442704e-01
5.475273132e-01
5.455143452e-01
5.440150499e-01
5.466350317e-01
5.516239405e-01
5.499421358e-01
5.472995043e-01
5.473569632e-01
5.492816567e-01
5.483893752e-01
5.502679348e-01
5.543661118e-01
5.523841977e-01
5.526407957e-01
5.511966348e-01
5.481901765e-01
5.510800481e-01
5.536636114e-01
5.517848134e-01
5.491497517e-01
5.536311865e-01
5.526888967e-01
5.492340922e-01
5.484640598e-01
5.499768257e-01
5.478110909e-01
5.491362214e-01
5.496150255e-01
5.467941761e-01
5.472730994e-01
5.484411120e-01
5.506701469e-01
5.508099794e-01
5.460011363e-01
5.433831811e-01
5.453882813e-01
5.471137762e-01
5.459896326e-01
5.482723117e-01
5.489084125e-01
5.457943082e-01
5.426666141e-01
5.452369452e-01
5.481632948e-01
5.459892750e-01
5.462076068e-01
5.452752709e-01
5.448098779e-01
5.443081260e-01
5.418524146e-01
5.398990512e-01
5.408183336e-01
5.450375080e-01
5.427714586e-01
5.408030152e-01
5.447711945e-01
5.472631454e-01
5.441465974e-01
5.488333702e-01
5.546114445e-01
5.504899025e-01
5.516273975e-01
5.523725152e-01
5.507179499e-01
5.526981354e-01
5.596464276e-01
5.596216321e-01
5.516926050e-01
5.511142612e-01
5.502278805e-01
5.512729883e-01
5.525867939e-01
5.588917732e-01
5.569479465e-01
5.534237623e-01
5.531288981e-01
5.524070263e-01
5.536786914e-01
5.532245636e-01
5.563867092e-01
5.595563650e-01
5.566720366e-01
5.532150269e-01
5.503290296e-01
5.558639765e-01
5.576201081e-01
5.587806106e-01
5.568711162e-01
5.562601686e-01
5.547049046e-01
5.547069311e-01
5.549157858e-01
5.535807014e-01
5.583593845e-01
5.610345602e-01
5.567063093e-01
5.538200736e-01
5.570876598e-01
5.579151511e-01
5.547451377e-01
5.566759109e-01
5.584953427e-01
5.574095249e-01
5.543506145e-01
5.510641336e-01
5.497562289e-01
5.568233728e-01
5.605615973e-01
5.567677021e-01
5.593513250e-01
5.602743030e-01
5.568059087e-01
5.554324389e-01
5.548503399e-01
5.556489825e-01
5.501434803e-01
5.487968326e-01
5.518074632e-01
5.565930605e-01
5.576867461e-01
5.553656816e-01
5.536017418e-01
5.572157502e-01
5.585696697e-01
5.516943336e-01
5.520161986e-01
5.557370782e-01
5.564839244e-01
5.517598987e-01
5.519533753e-01
5.552030802e-01
5.555708408e-01
5.571926832e-01
5.539829731e-01
5.554922223e-01
5.621338487e-01
5.659548640e-01
5.592094660e-01
5.606364012e-01
5.681878328e-01
5.673332810e-01
5.663681626e-01
5.683369637e-01
5.715681911e-01
5.703210831e-01
5.672740340e-01
5.636408329e-01
5.607419014e-01
5.656998754e-01
5.670598149e-01
5.615404248e-01
5.594893694e-01
5.661978722e-01
5.705094337e-01
5.681955218e-01
5.660310984e-01
5.636795759e-01
5.672015548e-01
5.679522753e-01
5.641427040e-01
5.637096763e-01
5.688525438e-01
5.720033050e-01
5.640106201e-01
5.647861958e-01
5.713688731e-01
5.730088353e-01
5.667421222e-01
5.648552775e-01
5.667955279e-01
5.728325844e-01
5.730297565e-01
5.649836659e-01
5.652630925e-01
5.704497099e-01
5.720377564e-01
5.690749884e-01
5.645430684e-01
5.653339624e-01
5.663073659e-01
5.636297464e-01
5.578439236e-01
5.622316003e-01
5.692718029e-01
5.677533150e-01
5.604081750e-01
5.611897111e-01
5.679867268e-01
5.661596656e-01
5.641220212e-01
5.634285808e-01
5.691440105e-01
5.745989084e-01
5.720571876e-01
5.660699010e-01
5.668126941e-01
5.752156973e-01
5.741297007e-01
5.695155859e-01
5.707891583e-01
5.753246546e-01
5.700365305e-01
5.637578368e-01
5.640795827e-01
5.681882501e-01
5.717448592e-01
5.668203831e-01
5.619959831e-01
5.665333867e-01
5.696897507e-01
5.664890409e-01
5.616627336e-01
5.675099492e-01
5.706492066e-01
5.696035624e-01
5.631855726e-01
5.627849698e-01
5.663781762e-01
5.698084831e-01
5.670083165e-01
5.632947087e-01
5.716357231e-01
5.763035417e-01
5.700381994e-01
5.674332380e-01
5.714995861e-01
5.763265491e-01
5.687358379e-01
5.668050647e-01
5.653687119e-01
5.636146069e-01
5.605708361e-01
5.615093112e-01
5.622794032e-01
5.638325810e-01
5.635950565e-01
5.583425164e-01
5.612207055e-01
5.659700036e-01
5.653723478e-01
5.610141158e-01
5.611997247e-01
5.645318627e-01
5.626703501e-01
5.651886463e-01
5.649245381e-01
5.676019788e-01
5.670426488e-01
5.614159107e-01
5.588385463e-01
5.632027984e-01
5.653513074e-01
5.619235635e-01
5.628063679e-01
5.638387799e-01
5.624885559e-01
5.602709651e-01
5.601252913e-01
5.619471669e-01
5.603975058e-01
5.590986609e-01
5.597614050e-01
5.630116463e-01
5.621994734e-01
5.619410276e-01
5.595009327e-01
5.612957478e-01
5.638505220e-01
5.603166819e-01
5.611785650e-01
5.623430014e-01
5.622131228e-01
5.593209267e-01
5.560743809e-01
5.563520789e-01
5.555171967e-01
5.554712415e-01
5.526024699e-01
5.517846942e-01
5.516198874e-01
5.498157740e-01
5.449416637e-01
5.472630262e-01
5.540692806e-01
5.525677800e-01
5.496931672e-01
5.484637022e-01
5.497006774e-01
5.522571206e-01
5.507153869e-01
5.484881401e-01
5.512694120e-01
5.547282696e-01
5.512481928e-01
5.510625243e-01
5.545270443e-01
5.572065115e-01
5.557605624e-01
5.582905412e-01
5.620194674e-01
5.628450513e-01
5.681669116e-01
5.694770217e-01
5.663917661e-01
5.701455474e-01
5.756826401e-01
5.760273933e-01
5.723538995e-01
5.768065453e-01
5.762895346e-01
5.723002553e-01
5.724900365e-01
5.765041113e-01
5.741370916e-01
5.696801543e-01
5.720397234e-01
5.727080703e-01
5.720704198e-01
5.716530085e-01
5.735071898e-01
5.735223889e-01
5.713160038e-01
5.712222457e-01
5.708926916e-01
5.739092827e-01
5.750049353e-01
5.739188194e-01
5.695709586e-01
5.704501867e-01
5.722468495e-01
5.712757707e-01
5.710229278e-01
5.721946955e-01
5.779020786e-01
5.782355070e-01
5.763606429e-01
5.778506994e-01
5.823954940e-01
5.846537352e-01
5.816946030e-01
5.855519176e-01
5.927302241e-01
