4.631314576e-01
4.534223080e-01
4.499816895e-01
4.486085474e-01
4.500656128e-01
4.435040355e-01
4.368425310e-01
4.326147437e-01
4.287014306e-01
4.290296733e-01
4.257895350e-01
4.222511351e-01
4.170577526e-01
4.113245308e-01
4.080815017e-01
4.062226415e-01
4.024323523e-01
3.957897425e-01
3.910411894e-01
3.911713660e-01
3.942348063e-01
3.948590755e-01
3.884361982e-01
3.809311986e-01
3.708270192e-01
3.678992093e-01
3.663417995e-01
3.655303717e-01
3.667298257e-01
3.616422713e-01
3.569778502e-01
3.570916355e-01
3.526090086e-01
3.477546871e-01
3.444845676e-01
3.399716020e-01
3.403542638e-01
3.396651745e-01
3.371715844e-01
3.392907679e-01
3.402730823e-01
3.360399306e-01
3.301379383e-01
3.269467950e-01
3.219946325e-01
3.262439668e-01
3.287160099e-01
3.272752464e-01
3.197287321e-01
3.105570078e-01
3.094037473e-01
3.119761944e-01
3.128770590e-01
3.084106445e-01
3.031787574e-01
3.008152843e-01
3.001369238e-01
2.972306609e-01
2.941425741e-01
2.939065695e-01
2.923545241e-01
2.920669019e-01
2.911686301e-01
2.890358269e-01
2.887128294e-01
2.845717967e-01
2.813100517e-01
2.788976431e-01
2.811987102e-01
2.851334512e-01
2.880125642e-01
2.835650444e-01
2.789925635e-01
2.715359628e-01
2.669174373e-01
2.648252845e-01
2.668197751e-01
2.701303959e-01
2.710123062e-01
2.733268738e-01
2.733648717e-01
2.699701786e-01
2.638592720e-01
2.611485720e-01
2.598431706e-01
2.605677247e-01
2.620166838e-01
2.614522576e-01
2.615906894e-01
2.645187378e-01
2.675796747e-01
2.650830448e-01
2.606302202e-01
2.554879785e-01
2.526522875e-01
2.520472407e-01
2.504760027e-01
2.482615262e-01
2.463079095e-01
2.478005737e-01
2.460666448e-01
2.452144623e-01
2.455319166e-01
2.439714074e-01
2.417543232e-01
2.410704643e-01
2.408996671e-01
2.396380007e-01
2.373746783e-01
2.383324951e-01
2.404765040e-01
2.438169867e-01
2.471683621e-01
2.436732203e-01
2.388455123e-01
2.361346036e-01
2.368673533e-01
2.381400317e-01
2.359826565e-01
2.327481210e-01
2.321538329e-01
2.353910804e-01
2.385224700e-01
2.380775809e-01
2.330193967e-01
2.308160514e-01
2.305473983e-01
2.308567464e-01
2.289870679e-01
2.307481617e-01
2.343680412e-01
2.336109579e-01
2.278690040e-01
2.213208228e-01
2.208647877e-01
2.232205719e-01
2.269302011e-01
2.284931988e-01
2.218692601e-01
2.177984715e-01
2.199424803e-01
2.223767489e-01
2.186614126e-01
2.193344682e-01
2.207458019e-01
2.222112417e-01
2.240455747e-01
2.237606049e-01
2.205013037e-01
2.188735157e-01
2.147461176e-01
2.119783908e-01
2.122415900e-01
2.118482143e-01
2.084153742e-01
2.124209255e-01
2.168300748e-01
2.195054144e-01
2.180021107e-01
2.171366960e-01
2.171095610e-01
2.178585678e-01
2.227673680e-01
2.196626812e-01
2.176954448e-01
2.199151218e-01
2.214917392e-01
2.208650857e-01
2.188570499e-01
2.182193696e-01
2.181026489e-01
2.177417129e-01
2.191446573e-01
2.195707113e-01
2.150338739e-01
2.115471214e-01
2.134327590e-01
2.201675624e-01
2.237443775e-01
2.217902839e-01
2.217523158e-01
2.266642302e-01
2.262164503e-01
2.227783799e-01
2.192882448e-01
2.212502807e-01
2.247996032e-01
2.311387509e-01
2.336026877e-01
2.336162478e-01
2.324846685e-01
2.340232432e-01
2.370217592e-01
2.350896150e-01
2.334914804e-01
2.332363874e-01
2.376947105e-01
2.373094261e-01
2.344357818e-01
2.339799255e-01
2.355836183e-01
2.329134494e-01
2.328564227e-01
2.360423058e-01
2.407232076e-01
2.410840690e-01
2.376758158e-01
2.358170301e-01
2.338713408e-01
2.359200716e-01
2.391002178e-01
2.400527596e-01
2.432332486e-01
2.435535192e-01
2.473095059e-01
2.468346059e-01
2.467092574e-01
2.438082993e-01
2.440094501e-01
2.451436669e-01
2.490867525e-01
2.521965802e-01
2.545275092e-01
2.553876936e-01
2.553523779e-01
2.522833049e-01
2.508858442e-01
2.523621023e-01
2.541529536e-01
2.598567903e-01
2.625947595e-01
2.621278465e-01
2.619843781e-01
2.619571388e-01
2.581037879e-01
2.608498931e-01
2.674385309e-01
2.740921378e-01
2.752237618e-01
2.792750299e-01
2.840834260e-01
2.926933169e-01
3.002561033e-01
3.044566810e-01
3.058948815e-01
3.095908165e-01
3.132433593e-01
3.149583638e-01
3.161956072e-01
3.214926720e-01
3.988398612e-01
6.658930779e-01
2.032059908e+00
5.385262489e+00
9.993441582e+00
1.449554157e+01
1.797514534e+01
2.022220802e+01
2.140470314e+01
2.181999969e+01
2.172965050e+01
2.131663513e+01
2.073818398e+01
2.006657982e+01
1.939396858e+01
1.878230476e+01
1.823008728e+01
1.773557281e+01
1.728205681e+01
1.687865448e+01
1.651483917e+01
1.617247581e+01
1.585861683e+01
1.555837345e+01
1.526868057e+01
1.499363232e+01
1.474612904e+01
1.450335598e+01
1.428674126e+01
1.409912205e+01
1.390385818e+01
1.370319366e+01
1.349126244e+01
1.325826645e+01
1.300789452e+01
1.275942612e+01
1.251039886e+01
1.225831223e+01
1.201327896e+01
1.177016163e+01
1.153631115e+01
1.131419086e+01
1.110461903e+01
1.088714314e+01
1.068346500e+01
1.048632526e+01
1.028480911e+01
1.009526062e+01
9.907168388e+00
9.729831696e+00
9.549274445e+00
9.379268646e+00
9.224817276e+00
9.072954178e+00
8.928374290e+00
8.781599045e+00
8.625719070e+00
8.465153694e+00
8.295114517e+00
8.104036331e+00
7.924971581e+00
7.751529217e+00
7.574864864e+00
7.406744480e+00
7.245523930e+00
7.091427326e+00
6.935691357e+00
6.790045738e+00
6.649736404e+00
6.509785175e+00
6.378284931e+00
6.246645451e+00
6.116279602e+00
5.989274979e+00
5.869102478e+00
5.746771812e+00
5.645126343e+00
5.554888725e+00
5.465377331e+00
5.375878334e+00
5.284209251e+00
5.190645218e+00
5.092951775e+00
4.996378899e+00
4.887849331e+00
4.779654026e+00
4.678653717e+00
4.578882694e+00
4.479259968e+00
4.384617329e+00
4.293982029e+00
4.201185226e+00
4.122699261e+00
4.049695969e+00
3.968539238e+00
3.891431808e+00
3.815669298e+00
3.747735023e+00
3.676316500e+00
3.607030153e+00
3.539600372e+00
3.474752665e+00
3.426777124e+00
3.384291887e+00
3.337479115e+00
3.291990519e+00
3.248258829e+00
3.189659119e+00
3.131067514e+00
3.068736553e+00
2.996399641e+00
2.926499367e+00
2.860158443e+00
2.799545050e+00
2.739834547e+00
2.688175678e+00
2.640531301e+00
2.585690737e+00
2.540835381e+00
2.493411779e+00
2.449550390e+00
2.410157681e+00
2.375806570e+00
2.327703714e+00
2.289852858e+00
2.254897594e+00
2.219242811e+00
2.197978973e+00
2.186947584e+00
2.175499201e+00
2.157850981e+00
2.140239954e+00
2.119254112e+00
2.082982540e+00
2.043895245e+00
2.004818201e+00
1.968026042e+00
1.928775907e+00
1.892838240e+00
1.849714518e+00
1.825235605e+00
1.801305532e+00
1.767440796e+00
1.743043900e+00
1.719917774e+00
1.701017499e+00
1.673764706e+00
1.650749803e+00
1.629223228e+00
1.604306698e+00
1.587228298e+00
1.569727659e+00
1.559025407e+00
1.555407882e+00
1.559166312e+00
1.546966314e+00
1.543106556e+00
1.535891056e+00
1.510223508e+00
1.483473420e+00
1.454903722e+00
1.434008121e+00
1.409106612e+00
1.380765796e+00
1.356919289e+00
1.337101340e+00
1.321608543e+00
1.306041837e+00
1.289767861e+00
1.275551438e+00
1.268932939e+00
1.250218868e+00
1.236512661e+00
1.227976322e+00
1.214427948e+00
1.208634496e+00
1.199645042e+00
1.200448394e+00
1.204624414e+00
1.205693126e+00
1.208284259e+00
1.206224680e+00
1.208737493e+00
1.200320721e+00
1.176503420e+00
1.151795983e+00
1.137365222e+00
1.115499139e+00
1.102796435e+00
1.091852546e+00
1.076347709e+00
1.064557314e+00
1.052047610e+00
1.044381022e+00
1.033013821e+00
1.024781227e+00
1.016041279e+00
1.006852508e+00
1.001715779e+00
9.922909737e-01
9.808726311e-01
9.785744548e-01
9.890727997e-01
9.905299544e-01
9.996939898e-01
1.006930947e+00
1.006887794e+00
1.009278655e+00
1.002952814e+00
9.921774268e-01
9.748651981e-01
9.621162415e-01
9.482877254e-01
9.313361645e-01
9.193607569e-01
9.144824743e-01
9.031941295e-01
8.922330737e-01
8.880616426e-01
8.750698566e-01
8.731971383e-01
8.701311946e-01
8.619420528e-01
8.582982421e-01
8.535770178e-01
8.510674834e-01
8.449477553e-01
8.498952389e-01
8.608544469e-01
8.699417710e-01
8.808547854e-01
8.922113776e-01
8.985529542e-01
9.002059102e-01
8.964122534e-01
8.788847923e-01
8.684764504e-01
8.616763949e-01
8.460668921e-01
8.314122558e-01
8.185279369e-01
8.105421662e-01
8.011122346e-01
8.012180924e-01
8.010062575e-01
7.970229387e-01
7.903476357e-01
7.856118083e-01
7.804346681e-01
7.773901820e-01
7.808550596e-01
7.760609388e-01
7.879352570e-01
7.991259098e-01
8.064253926e-01
8.185415268e-01
8.303297162e-01
8.388968706e-01
8.341289759e-01
8.272224069e-01
8.169326186e-01
8.036493659e-01
7.947191596e-01
7.854901552e-01
7.711080313e-01
7.662865520e-01
7.688719034e-01
7.578413486e-01
7.536512613e-01
7.552253008e-01
7.520172000e-01
7.519953251e-01
7.492139935e-01
7.476724982e-01
7.372227907e-01
7.359039783e-01
7.418196797e-01
7.508123517e-01
7.630625367e-01
7.738573551e-01
7.831753492e-01
7.928845882e-01
8.027136326e-01
7.958611846e-01
7.911475897e-01
7.823148370e-01
7.647339106e-01
7.532516718e-01
7.433313131e-01
7.343270779e-01
7.272931933e-01
7.273852825e-01
7.255154848e-01
7.196379304e-01
7.187830210e-01
7.208102345e-01
7.192553282e-01
7.168969512e-01
7.172852755e-01
7.008132935e-01
6.995953321e-01
7.037521005e-01
7.086961865e-01
7.207260728e-01
7.287715673e-01
7.375404239e-01
7.440556288e-01
7.531244755e-01
7.560148835e-01
7.489348054e-01
7.396379709e-01
7.344305515e-01
7.287961841e-01
7.210194468e-01
7.119687796e-01
6.982247829e-01
6.958476901e-01
6.966400743e-01
6.915227175e-01
6.942932010e-01
6.955955625e-01
6.928901672e-01
6.819493771e-01
6.778246760e-01
6.767554879e-01
6.766334176e-01
6.838651896e-01
6.934432983e-01
7.036598325e-01
7.168370485e-01
7.292520404e-01
7.271950245e-01
7.354021072e-01
7.397875786e-01
7.295776606e-01
7.176326513e-01
7.053098083e-01
7.056137323e-01
7.009083629e-01
6.932458878e-01
6.895065308e-01
6.852651834e-01
6.831080914e-01
6.809642315e-01
6.787117720e-01
6.855664849e-01
6.919921041e-01
6.777678132e-01
6.748859286e-01
6.736726761e-01
6.698114872e-01
6.690081954e-01
6.704353690e-01
6.800606847e-01
6.892380118e-01
7.037982941e-01
7.125087976e-01
7.134966254e-01
7.154533863e-01
7.104876637e-01
6.966188550e-01
6.852923036e-01
6.867495179e-01
6.788882613e-01
6.762235165e-01
6.713851094e-01
6.597712040e-01
6.560103297e-01
6.539208293e-01
6.578962207e-01
6.577090025e-01
6.596246958e-01
6.583656669e-01
6.544687748e-01
6.509601474e-01
6.505317688e-01
6.510202289e-01
6.594535708e-01
6.724299788e-01
6.752358079e-01
6.853624582e-01
6.975930929e-01
7.002032399e-01
7.035079598e-01
6.986322403e-01
6.887874603e-01
6.749290824e-01
6.737052798e-01
6.746658683e-01
6.705766320e-01
6.641836166e-01
6.570335031e-01
6.507158279e-01
6.513453722e-01
6.549981236e-01
6.507241130e-01
6.559722424e-01
6.574782729e-01
6.517174244e-01
6.535464525e-01
6.546860933e-01
6.594022512e-01
6.612772942e-01
6.739439964e-01
6.875962019e-01
6.944208145e-01
7.023032308e-01
7.076896429e-01
7.081753016e-01
7.054780722e-01
7.003823519e-01
6.819761395e-01
6.784076691e-01
6.736294031e-01
6.612880826e-01
6.583710313e-01
6.583086848e-01
6.594485044e-01
6.499915123e-01
6.519480944e-01
6.543222070e-01
6.491150856e-01
6.438724995e-01
6.418804526e-01
6.390420794e-01
6.392216086e-01
6.476254463e-01
6.458318830e-01
6.505751610e-01
6.554947495e-01
6.581566334e-01
6.677626967e-01
6.753824949e-01
6.842234135e-01
6.810510159e-01
6.733443141e-01
6.628078222e-01
6.528978944e-01
6.513752937e-01
6.436253786e-01
6.336560845e-01
6.281471848e-01
6.330182552e-01
6.258977652e-01
6.260089278e-01
6.287604570e-01
6.224810481e-01
6.203263998e-01
6.197509766e-01
6.203234196e-01
6.170591116e-01
6.197266579e-01
6.258435845e-01
6.301144958e-01
6.381850243e-01
6.511205435e-01
6.624713540e-01
6.699225307e-01
6.760527492e-01
6.674450636e-01
6.589626074e-01
6.470851898e-01
6.375660896e-01
6.384969354e-01
6.369419098e-01
6.311973929e-01
6.218841672e-01
6.217105985e-01
6.196697950e-01
6.148259640e-01
6.173225045e-01
6.219112873e-01
6.199005246e-01
6.186849475e-01
6.188506484e-01
6.078983545e-01
6.085469723e-01
6.124494076e-01
6.175101995e-01
6.285244823e-01
6.384969354e-01
6.519939303e-01
6.520184278e-01
6.562111378e-01
6.574430466e-01
6.514539123e-01
6.429902911e-01
6.352460384e-01
6.291023493e-01
6.224101782e-01
6.207931042e-01
6.153793931e-01
6.201965213e-01
6.199252009e-01
6.140009165e-01
6.133685708e-01
6.153793335e-01
6.154960394e-01
6.090459228e-01
6.104022861e-01
6.131701469e-01
6.168473959e-01
6.217241287e-01
6.254987717e-01
6.260765791e-01
6.352539062e-01
6.506616473e-01
6.526346803e-01
6.581078768e-01
6.594809294e-01
6.541758776e-01
6.508302093e-01
6.476659179e-01
6.435552239e-01
6.299052835e-01
6.221987605e-01
6.185082197e-01
6.154200435e-01
6.140741110e-01
6.109507084e-01
6.085628271e-01
6.143451929e-01
6.246325970e-01
6.194494367e-01
6.206058264e-01
6.190912127e-01
6.118081212e-01
6.132028103e-01
6.174037457e-01
6.225350499e-01
6.293163300e-01
6.448219419e-01
6.571879387e-01
6.592962742e-01
6.584033966e-01
6.493946314e-01
6.369987726e-01
6.303369403e-01
6.324371696e-01
6.229664087e-01
6.225052476e-01
6.247661114e-01
6.184514165e-01
6.140336394e-01
6.131432652e-01
6.133006811e-01
6.105141044e-01
6.099551916e-01
6.095097661e-01
6.074311733e-01
6.065357327e-01
6.053336859e-01
6.074206233e-01
6.166821122e-01
6.271243095e-01
6.283672452e-01
6.417666674e-01
6.519614458e-01
6.537088156e-01
6.571364999e-01
6.530525684e-01
6.462249756e-01
6.374385357e-01
6.324970126e-01
6.209396124e-01
6.100578904e-01
6.110324860e-01
6.146062613e-01
6.130322814e-01
6.155208349e-01
6.174965501e-01
6.046146154e-01
6.023784876e-01
6.079525948e-01
6.038845778e-01
6.021614671e-01
6.032658219e-01
6.075238585e-01
6.081944108e-01
6.133449078e-01
6.218327880e-01
6.281991005e-01
6.366433501e-01
6.431806087e-01
6.420298815e-01
6.360383630e-01
6.292219162e-01
6.157326698e-01
6.179497838e-01
6.164653897e-01
6.063352823e-01
6.047316790e-01
6.002188325e-01
6.004929543e-01
5.984572768e-01
5.998304486e-01
5.976026654e-01
5.904960632e-01
5.880241990e-01
5.840843320e-01
5.771622062e-01
5.795447230e-01
5.899966359e-01
5.845752358e-01
5.908841491e-01
6.009674072e-01
6.072984338e-01
6.150488853e-01
6.158927679e-01
6.199033856e-01
6.161913276e-01
6.129188538e-01
6.091197729e-01
6.039096713e-01
6.014426947e-01
5.952282548e-01
5.870959163e-01
5.852343440e-01
5.924197435e-01
5.910414457e-01
5.949840546e-01
5.968514085e-01
5.931419134e-01
5.957792997e-01
5.955732465e-01
5.940238833e-01
5.867214799e-01
5.886289477e-01
5.983791947e-01
6.064117551e-01
6.165686250e-01
6.278080940e-01
6.355609894e-01
6.382880211e-01
6.413596869e-01
6.295802593e-01
6.205765605e-01
6.182862520e-01
6.165603399e-01
6.098143458e-01
6.015728712e-01
6.008486152e-01
5.932422876e-01
5.928652883e-01
5.967915654e-01
5.950546861e-01
5.961592793e-01
5.942244530e-01
5.916110873e-01
5.921973586e-01
5.930819511e-01
5.805186629e-01
5.822145343e-01
5.897849798e-01
5.911173224e-01
5.987019539e-01
6.055647135e-01
6.150895357e-01
6.158818603e-01
6.206387877e-01
6.219820976e-01
6.175020933e-01
6.107395887e-01
6.070900559e-01
6.013369560e-01
5.950493813e-01
5.938881040e-01
5.858287215e-01
5.839563012e-01
5.824478865e-01
5.770887136e-01
5.800489783e-01
5.818994641e-01
5.823172927e-01
5.754713416e-01
5.768337250e-01
5.795581341e-01
5.792025924e-01
5.793243051e-01
5.787299871e-01
5.832967758e-01
5.917797089e-01
6.053316593e-01
6.017928720e-01
6.034781337e-01
6.026393771e-01
5.923873782e-01
5.857092142e-01
5.837829709e-01
5.846729875e-01
5.796858668e-01
5.777592063e-01
5.736998320e-01
5.661645532e-01
5.657302141e-01
5.687015653e-01
5.655594468e-01
5.660830140e-01
5.693445206e-01
5.638688803e-01
5.693283677e-01
5.715941191e-01
5.662294626e-01
5.686145425e-01
5.699334145e-01
5.770020485e-01
5.814791918e-01
5.925446749e-01
5.988159776e-01
5.953804851e-01
5.917060971e-01
5.908160806e-01
5.832968950e-01
5.841462612e-01
5.853809118e-01
5.741772652e-01
5.706360340e-01
5.725054741e-01
5.668045282e-01
5.703295469e-01
5.686850548e-01
5.691710114e-01
5.659338236e-01
5.653883815e-01
5.652012825e-01
5.620157719e-01
5.636603832e-01
5.660560131e-01
5.709128976e-01
5.787413120e-01
5.865777135e-01
5.851965547e-01
5.939749479e-01
6.011551619e-01
6.012853384e-01
6.019067764e-01
5.967155695e-01
5.886510015e-01
5.774608254e-01
5.756537914e-01
5.738059282e-01
5.740039945e-01
5.736457109e-01
5.676898956e-01
5.605722070e-01
5.594162941e-01
5.612397194e-01
5.555142760e-01
5.633452535e-01
5.713551641e-01
5.693526268e-01
5.659770966e-01
5.607292652e-01
5.635160804e-01
5.621021986e-01
5.696349144e-01
5.781253576e-01
5.804212093e-01
5.865752101e-01
5.906317830e-01
5.877691507e-01
5.844587684e-01
5.827870369e-01
5.748044252e-01
5.761801600e-01
5.731494427e-01
5.623604059e-01
5.634296536e-01
5.639098883e-01
5.654594302e-01
5.668459535e-01
5.697684288e-01
5.680046082e-01
5.656710267e-01
