1.311389804e-01
1.309072971e-01
1.305829287e-01
1.293006837e-01
1.273565441e-01
1.259228438e-01
1.242898777e-01
1.240914539e-01
1.240180582e-01
1.230827346e-01
1.211797148e-01
1.202006862e-01
1.193324327e-01
1.189251095e-01
1.177800447e-01
1.167207584e-01
1.151412576e-01
1.138336286e-01
1.134971008e-01
1.131439507e-01
1.120678931e-01
1.106614396e-01
1.100346223e-01
1.092417911e-01
1.094673201e-01
1.089996696e-01
1.089681908e-01
1.092067882e-01
1.091386229e-01
1.092234254e-01
1.086587459e-01
1.084436774e-01
1.081211120e-01
1.073780879e-01
1.069812626e-01
1.071840376e-01
1.053335518e-01
1.032137722e-01
1.014358401e-01
1.012418196e-01
1.009236425e-01
1.011552811e-01
1.004831418e-01
9.963349998e-02
9.906787425e-02
9.850841016e-02
9.820862114e-02
9.726980329e-02
9.633529186e-02
9.589648247e-02
9.559050202e-02
9.437637776e-02
9.264914691e-02
9.195945412e-02
9.067359567e-02
8.981609344e-02
8.904775977e-02
8.825931698e-02
8.723744750e-02
8.552151173e-02
8.563513309e-02
8.614731580e-02
8.596290648e-02
8.533007652e-02
8.440519124e-02
8.372602612e-02
8.360097557e-02
8.352494240e-02
8.328021318e-02
8.242353797e-02
8.148296922e-02
8.043579757e-02
7.971024513e-02
7.996635884e-02
8.020061255e-02
7.976005226e-02
7.853801548e-02
7.752922177e-02
7.678534836e-02
7.672856003e-02
7.586570084e-02
7.580712438e-02
7.601522654e-02
7.573720068e-02
7.570747286e-02
7.597585768e-02
7.589709759e-02
7.548365742e-02
7.544174790e-02
7.613579929e-02
7.574594766e-02
7.490933686e-02
7.512437552e-02
7.488136739e-02
7.431842387e-02
7.366462797e-02
7.272143662e-02
7.137262076e-02
7.018119097e-02
7.020738721e-02
7.089357823e-02
7.040147483e-02
6.901953369e-02
6.827037781e-02
6.785693765e-02
6.736218184e-02
6.641628593e-02
6.677469611e-02
6.733945012e-02
6.678692997e-02
6.647311896e-02
6.704397500e-02
6.642330438e-02
6.569521874e-02
6.576336175e-02
6.583683193e-02
6.575290114e-02
6.555366516e-02
6.529492140e-02
6.534913182e-02
6.544440985e-02
6.442078948e-02
6.392079592e-02
6.371975690e-02
6.320752203e-02
6.222075969e-02
6.212814525e-02
6.178119406e-02
6.124971807e-02
6.128644943e-02
6.173400581e-02
6.143853441e-02
6.108012423e-02
6.003985181e-02
5.931339413e-02
5.892701447e-02
5.873294175e-02
5.816823617e-02
5.731506273e-02
5.620408058e-02
5.559657142e-02
5.564638600e-02
5.609828606e-02
5.578535795e-02
5.573030189e-02
5.646366626e-02
5.618656799e-02
5.630717054e-02
5.636836961e-02
5.655194074e-02
5.645665154e-02
5.617693439e-02
5.647673085e-02
5.607114732e-02
5.525731295e-02
5.473112315e-02
5.435263366e-02
5.433251336e-02
5.505979434e-02
5.570228398e-02
5.629840493e-02
5.551518500e-02
5.574419722e-02
5.608773232e-02
5.597932637e-02
5.620489642e-02
5.683513731e-02
5.642693490e-02
5.517689511e-02
5.514716357e-02
5.520049110e-02
5.598983169e-02
5.611572415e-02
5.564019084e-02
5.652480200e-02
5.744091794e-02
5.814373493e-02
5.829673260e-02
5.787100270e-02
5.781766772e-02
5.732287839e-02
5.787366629e-02
5.822155997e-02
5.819008872e-02
5.757384002e-02
5.608164147e-02
5.569702387e-02
5.538232997e-02
5.558862910e-02
5.527305603e-02
5.561310053e-02
5.611136183e-02
5.637971312e-02
5.716383457e-02
5.751173571e-02
5.766649917e-02
5.743131042e-02
5.712883174e-02
5.724687502e-02
5.808955058e-02
5.802750215e-02
5.749862269e-02
5.748376250e-02
5.772331357e-02
5.793484300e-02
5.770230666e-02
5.754671246e-02
5.657025427e-02
5.636660755e-02
5.581240356e-02
5.587447435e-02
5.604839697e-02
5.612618476e-02
5.697849393e-02
5.813940242e-02
5.875305831e-02
5.935967714e-02
6.017256901e-02
6.045141816e-02
6.135621294e-02
6.234132126e-02
6.283602118e-02
6.314630061e-02
6.322932988e-02
6.278796494e-02
6.191309169e-02
6.142017245e-02
6.120250374e-02
6.039649621e-02
5.988425761e-02
6.021640077e-02
6.038857624e-02
6.025660783e-02
6.006168947e-02
5.978718400e-02
6.000835449e-02
6.048645079e-02
6.096111611e-02
6.225472689e-02
6.356064230e-02
6.437182426e-02
6.479398906e-02
6.583762169e-02
6.646879017e-02
6.716111302e-02
6.773450226e-02
6.815322489e-02
7.028080523e-02
7.102822512e-02
7.242685556e-02
7.561839372e-02
1.908083260e-01
9.806922078e-01
3.044443607e+00
6.211481094e+00
9.676158905e+00
1.260964012e+01
1.463548279e+01
1.575084209e+01
1.613999939e+01
1.600248528e+01
1.551016140e+01
1.480148315e+01
1.398939323e+01
1.316005707e+01
1.237380695e+01
1.166155720e+01
1.103591061e+01
1.049208546e+01
1.002606773e+01
9.622214317e+00
9.270771980e+00
8.960872650e+00
8.680797577e+00
8.420661926e+00
8.179177284e+00
7.949656487e+00
7.727569580e+00
7.516872883e+00
7.326660156e+00
7.168590546e+00
7.019694805e+00
6.852927208e+00
6.669888496e+00
6.482720852e+00
6.305330276e+00
6.136260509e+00
5.974051952e+00
5.815219879e+00
5.661425591e+00
5.509078026e+00
5.362346649e+00
5.219418049e+00
5.079056740e+00
4.943593025e+00
4.811411858e+00
4.682633877e+00
4.558358192e+00
4.437739849e+00
4.323208332e+00
4.210526466e+00
4.102033615e+00
3.996146202e+00
3.893282652e+00
3.793188095e+00
3.700719357e+00
3.617185116e+00
3.541285038e+00
3.462604284e+00
3.374880314e+00
3.289090157e+00
3.207576752e+00
3.127539396e+00
3.050042152e+00
2.974502802e+00
2.902491570e+00
2.831847906e+00
2.764869452e+00
2.698498487e+00
2.633637905e+00
2.570032358e+00
2.509233475e+00
2.448246479e+00
2.389724016e+00
2.333976746e+00
2.277791262e+00
2.224929333e+00
2.172557116e+00
2.121013880e+00
2.070460558e+00
2.021578074e+00
1.976434827e+00
1.932346225e+00
1.893916607e+00
1.854743123e+00
1.815792441e+00
1.773516178e+00
1.734191298e+00
1.695030808e+00
1.658696294e+00
1.622518420e+00
1.586238384e+00
1.553368568e+00
1.520846248e+00
1.488509417e+00
1.457140684e+00
1.426530838e+00
1.396485090e+00
1.365295291e+00
1.337709665e+00
1.309410930e+00
1.282745838e+00
1.255664945e+00
1.231909156e+00
1.206016660e+00
1.181738257e+00
1.158753276e+00
1.134606123e+00
1.112990975e+00
1.092386961e+00
1.072504401e+00
1.052037239e+00
1.030800104e+00
1.011466026e+00
9.924396276e-01
9.758838415e-01
9.577499628e-01
9.407357574e-01
9.229109287e-01
9.069640636e-01
8.883612156e-01
8.726602197e-01
8.575274348e-01
8.423671722e-01
8.289246559e-01
8.151907921e-01
8.002700806e-01
7.857084870e-01
7.719827294e-01
7.604992390e-01
7.469037771e-01
7.353364825e-01
7.231047750e-01
7.118944526e-01
6.998360753e-01
6.890723109e-01
6.787785292e-01
6.698875427e-01
6.596137881e-01
6.473872066e-01
6.376845837e-01
6.287637353e-01
6.199318171e-01
6.116422415e-01
6.026180983e-01
5.938158631e-01
5.841043591e-01
5.773139000e-01
5.693740249e-01
5.625219345e-01
5.547525883e-01
5.480282307e-01
5.384858847e-01
5.321847796e-01
5.254225731e-01
5.176246762e-01
5.111278892e-01
5.040206313e-01
4.971956313e-01
4.905611873e-01
4.845958948e-01
4.792931676e-01
4.726568460e-01
4.685896337e-01
4.629996717e-01
4.579189122e-01
4.508758485e-01
4.459290206e-01
4.398737848e-01
4.362547696e-01
4.321585894e-01
4.269398451e-01
4.212866724e-01
4.158135951e-01
4.104602337e-01
4.057157040e-01
4.003196359e-01
3.956639469e-01
3.896144032e-01
3.861458004e-01
3.824174404e-01
3.790771961e-01
3.740859628e-01
3.710125685e-01
3.664706647e-01
3.634895086e-01
3.596003652e-01
3.545636237e-01
3.520004451e-01
3.495667875e-01
3.462756276e-01
3.431950808e-01
3.403494656e-01
3.379647434e-01
3.339054585e-01
3.324955404e-01
3.283873200e-01
3.252646625e-01
3.214635849e-01
3.192081451e-01
3.152075112e-01
3.130705059e-01
3.114340603e-01
3.085874021e-01
3.071048558e-01
3.049674034e-01
3.011077046e-01
2.989567220e-01
2.971883118e-01
2.964854240e-01
2.927446365e-01
2.910095453e-01
2.879105210e-01
2.864071727e-01
2.830355167e-01
2.801305652e-01
2.770185769e-01
2.771899402e-01
2.766610682e-01
2.740411758e-01
2.724220455e-01
2.695313692e-01
2.672770917e-01
2.646582425e-01
2.620331645e-01
2.606065273e-01
2.567000389e-01
2.558173239e-01
2.529683411e-01
2.515906692e-01
2.494158149e-01
2.484645844e-01
2.464146465e-01
2.456164658e-01
2.445158213e-01
2.415634245e-01
2.404384613e-01
2.383067310e-01
2.367893010e-01
2.348258197e-01
2.325644344e-01
2.317122221e-01
2.288503796e-01
2.294946462e-01
2.292149067e-01
2.288442552e-01
2.265461683e-01
2.250304073e-01
2.227053195e-01
2.221502513e-01
2.213443369e-01
2.188145071e-01
2.172235250e-01
2.166160047e-01
2.143834978e-01
2.120722830e-01
2.105836570e-01
2.105644494e-01
2.085319310e-01
2.077242434e-01
2.061132640e-01
2.059768587e-01
2.050101310e-01
2.055092901e-01
2.037225217e-01
2.032749504e-01
2.019874007e-01
2.001735270e-01
2.001953572e-01
1.992154717e-01
1.979488283e-01
1.968028694e-01
1.954122335e-01
1.944227368e-01
1.925853491e-01
1.928694397e-01
1.910529584e-01
1.901753545e-01
1.881964058e-01
1.870703995e-01
1.848187000e-01
1.844261736e-01
1.842530966e-01
1.829122454e-01
1.827391386e-01
1.813248098e-01
1.792758107e-01
1.794103980e-01
1.783396453e-01
1.784157008e-01
1.758215129e-01
1.751519144e-01
1.732243299e-01
1.730661094e-01
1.711534560e-01
1.714471579e-01
1.689411104e-01
1.687120795e-01
1.679926664e-01
1.665101051e-01
1.665171087e-01
1.662294418e-01
1.659174562e-01
1.654654294e-01
1.645860523e-01
1.643998027e-01
1.620774120e-01
1.634356976e-01
1.618545651e-01
1.618082225e-01
1.609934568e-01
1.612898111e-01
1.587364525e-01
1.584208310e-01
1.581856459e-01
1.580090821e-01
1.578080505e-01
1.570187658e-01
1.560816616e-01
1.555380225e-01
1.543630660e-01
1.541611999e-01
1.528412104e-01
1.538709849e-01
1.517886817e-01
1.506655514e-01
1.497870684e-01
1.508247107e-01
1.491751224e-01
1.488463879e-01
1.485833079e-01
1.468946189e-01
1.474602073e-01
1.476227641e-01
1.463666856e-01
1.459645331e-01
1.455641836e-01
1.457416564e-01
1.450187862e-01
1.451630145e-01
1.440581530e-01
1.447007358e-01
1.436333507e-01
1.435931176e-01
1.422486752e-01
1.419130415e-01
1.409174800e-01
1.393098682e-01
1.404200196e-01
1.404148042e-01
1.396603882e-01
1.387713999e-01
1.381979734e-01
1.393247545e-01
1.386236846e-01
1.400441378e-01
1.391359419e-01
1.391691267e-01
1.387950331e-01
1.388815194e-01
1.377049685e-01
1.378474683e-01
1.374654472e-01
1.355196834e-01
1.347005665e-01
1.337127388e-01
1.330859661e-01
1.322143674e-01
1.318043470e-01
1.325964183e-01
1.316837668e-01
1.325055510e-01
1.308942884e-01
1.307474375e-01
1.294064373e-01
1.304002106e-01
1.294789314e-01
1.303889304e-01
1.307578385e-01
1.294649690e-01
1.294710338e-01
1.288233101e-01
1.276914030e-01
1.268041283e-01
1.254306734e-01
1.260330975e-01
1.239017174e-01
1.245233268e-01
1.237059087e-01
1.234446764e-01
1.226779521e-01
1.226281598e-01
1.205861047e-01
1.205756590e-01
1.203396171e-01
1.199322715e-01
1.206420437e-01
1.201971099e-01
1.184584275e-01
1.171481833e-01
1.158282757e-01
1.158300713e-01
1.154009849e-01
1.165660918e-01
1.154114455e-01
1.157348156e-01
1.151492074e-01
1.172906458e-01
1.175913438e-01
1.188202426e-01
1.198239103e-01
1.178125590e-01
1.176245883e-01
1.173911989e-01
1.168650538e-01
1.167137995e-01
1.163588986e-01
1.162967831e-01
1.135731339e-01
1.138502508e-01
1.134778708e-01
1.127321720e-01
1.123650372e-01
1.136483252e-01
1.116639972e-01
1.115844548e-01
1.115661040e-01
1.104402244e-01
1.117190346e-01
1.112592816e-01
1.111727357e-01
1.100118980e-01
1.099244580e-01
1.103064343e-01
1.089620590e-01
1.103921384e-01
1.093431786e-01
1.094271168e-01
1.081211343e-01
1.078352481e-01
1.063072830e-01
1.066184640e-01
1.074506193e-01
1.063667014e-01
1.058404893e-01
1.058396101e-01
1.056945324e-01
1.048230603e-01
1.031962931e-01
1.038221940e-01
1.030782834e-01
1.045887843e-01
1.036272645e-01
1.028737575e-01
1.021088585e-01
1.031534746e-01
1.022295952e-01
1.020433754e-01
1.021299809e-01
1.001832858e-01
1.009761393e-01
1.013371423e-01
1.013869867e-01
1.003362611e-01
9.976019710e-02
9.920947254e-02
9.754422307e-02
9.779339284e-02
9.746646136e-02
9.735020250e-02
9.691140056e-02
9.753113985e-02
9.624794126e-02
9.611678123e-02
9.564736485e-02
9.378900379e-02
9.378989041e-02
9.381259233e-02
9.401886910e-02
9.423653036e-02
9.385975450e-02
9.437901527e-02
9.342972934e-02
9.559143335e-02
9.562203288e-02
9.616137296e-02
9.475049376e-02
9.495504200e-02
9.337465465e-02
9.333356470e-02
9.360717237e-02
9.265439212e-02
9.348654002e-02
9.342008829e-02
9.311329573e-02
9.256090224e-02
9.218151122e-02
9.258885682e-02
9.176447242e-02
9.401891381e-02
9.362292290e-02
9.349179268e-02
9.216920286e-02
9.358187020e-02
9.189645946e-02
9.293677658e-02
9.287030250e-02
9.163954109e-02
9.128290415e-02
9.070424736e-02
9.062644094e-02
9.147168696e-02
9.103114903e-02
9.119898826e-02
9.017448872e-02
9.157133847e-02
9.110979736e-02
9.215525538e-02
9.198479354e-02
9.236853570e-02
9.102677554e-02
9.055033326e-02
9.041839093e-02
8.833616227e-02
8.938856423e-02
9.031698853e-02
9.019549936e-02
8.867443353e-02
8.706955612e-02
8.839823306e-02
8.836238086e-02
8.958877623e-02
8.947251737e-02
8.982392401e-02
8.885800838e-02
8.995942026e-02
8.954337239e-02
9.022604674e-02
9.004858881e-02
8.926188946e-02
8.831173927e-02
8.762024343e-02
8.724259585e-02
8.687637001e-02
8.601004630e-02
8.727668226e-02
8.591476083e-02
8.673734218e-02
8.575136214e-02
8.654765785e-02
8.585886657e-02
8.582649380e-02
8.475747705e-02
8.470939100e-02
8.515520394e-02
8.425395191e-02
8.459752798e-02
8.461242169e-02
8.345330507e-02
8.324700594e-02
8.295851946e-02
8.360276371e-02
8.217531443e-02
8.217181265e-02
8.156423271e-02
8.186151087e-02
8.155204356e-02
8.199257404e-02
8.031766862e-02
8.085177839e-02
8.119007945e-02
8.053355664e-02
8.135882020e-02
8.020490408e-02
7.964117080e-02
7.978537679e-02
7.994186878e-02
8.064985275e-02
7.961748540e-02
8.088069409e-02
8.044452965e-02
8.030985296e-02
7.884306461e-02
7.860706002e-02
7.696966827e-02
7.739284635e-02
7.739987224e-02
7.578353584e-02
7.612007856e-02
7.593911886e-02
7.629929483e-02
7.649336010e-02
7.674247772e-02
7.685087621e-02
7.576257735e-02
7.694008946e-02
7.639898360e-02
7.651179284e-02
7.656417787e-02
7.713236660e-02
7.606416196e-02
7.659917325e-02
7.723288238e-02
7.565247267e-02
7.587884367e-02
7.623028755e-02
7.620050013e-02
7.519871742e-02
7.348626107e-02
7.493647188e-02
7.438230515e-02
7.584472746e-02
7.455010712e-02
7.430624962e-02
7.350549102e-02
7.386305183e-02
7.332196832e-02
7.495223731e-02
7.618562877e-02
7.561570406e-02
7.603880018e-02
7.676513493e-02
7.572670281e-02
7.516025752e-02
7.431672513e-02
7.533332705e-02
7.518997788e-02
7.625207305e-02
7.470746338e-02
7.415326685e-02
7.365674525e-02
7.431055605e-02
7.303176820e-02
7.366023958e-02
7.339797169e-02
7.169867307e-02
7.183853537e-02
7.232105732e-02
7.210862637e-02
7.184638828e-02
7.233330607e-02
7.419431210e-02
7.357893139e-02
7.392772287e-02
7.297664881e-02
7.459728420e-02
7.458328456e-02
7.512703538e-02
7.384029776e-02
7.436039299e-02
7.403958589e-02
7.290846109e-02
7.299064100e-02
7.245393842e-02
7.101594657e-02
7.060862333e-02
7.095474750e-02
7.186652720e-02
7.029397041e-02
7.160339504e-02
7.123010606e-02
7.185167074e-02
7.048014551e-02
7.113315165e-02
7.049849629e-02
7.168729603e-02
7.221003622e-02
7.157979161e-02
7.152124494e-02
7.134731114e-02
7.088052481e-02
7.084386051e-02
7.067861408e-02
7.188139111e-02
7.111568004e-02
7.182019204e-02
7.120831311e-02
7.179836184e-02
7.113577425e-02
7.211039960e-02
7.091729343e-02
7.133328170e-02
7.097928971e-02
7.011131942e-02
7.058948278e-02
7.162439823e-02
7.173190266e-02
7.125286013e-02
7.102124393e-02
7.278084755e-02
7.244256139e-02
7.377035171e-02
7.308679819e-02
7.277386636e-02
7.101254165e-02
7.072317600e-02
6.890938431e-02
7.059730589e-02
7.159724832e-02
7.187875360e-02
7.216461003e-02
7.148975134e-02
7.055533677e-02
7.036130130e-02
6.952299178e-02
7.004396617e-02
6.917250901e-02
7.070303708e-02
7.079920173e-02
7.144953310e-02
7.086913288e-02
7.142856717e-02
7.012002915e-02
7.031844556e-02
7.118913531e-02
7.039633393e-02
7.125115395e-02
7.137008756e-02
7.145394385e-02
7.204747945e-02
7.184118778e-02
7.219868898e-02
7.162093371e-02
7.241719216e-02
7.144261897e-02
7.175555825e-02
7.070050389e-02
7.143563032e-02
7.115592808e-02
7.271095365e-02
7.356145978e-02
7.238231599e-02
7.285346836e-02
7.319958508e-02
7.398188114e-02
7.449592650e-02
7.462351024e-02
7.523020357e-02
7.400646806e-02
7.414977252e-02
7.319524139e-02
7.385778427e-02
7.337877154e-02
7.354833931e-02
7.211308181e-02
7.299768925e-02
7.293125987e-02
7.156325877e-02
7.246185839e-02
7.297229767e-02
7.216637582e-02
7.132720947e-02
6.977832317e-02
7.076954842e-02
7.012095302e-02
7.188490778e-02
7.173106819e-02
7.245133817e-02
7.119264454e-02
7.120397687e-02
7.046447694e-02
7.151690871e-02
7.103435695e-02
6.994088739e-02
6.968738884e-02
6.917598844e-02
6.931235641e-02
6.961566955e-02
6.912357360e-02
7.051513344e-02
6.925904751e-02
6.961484253e-02
6.976779550e-02
7.110602409e-02
