4.235461056e-01
4.200742841e-01
4.157184958e-01
4.109569192e-01
4.075709879e-01
4.045996964e-01
4.007351995e-01
3.959056139e-01
3.919665515e-01
3.901258409e-01
3.867154717e-01
3.839644194e-01
3.816388845e-01
3.795139790e-01
3.763266206e-01
3.737634122e-01
3.692927063e-01
3.645164967e-01
3.620539606e-01
3.616110086e-01
3.608901203e-01
3.587474823e-01
3.560053110e-01
3.535277247e-01
3.523835838e-01
3.494978249e-01
3.445954025e-01
3.422254324e-01
3.380216658e-01
3.361722827e-01
3.350017965e-01
3.338928521e-01
3.311725259e-01
3.293602765e-01
3.282759488e-01
3.271692693e-01
3.265344799e-01
3.239925802e-01
3.215369880e-01
3.196344674e-01
3.158448637e-01
3.117516637e-01
3.103230894e-01
3.099261820e-01
3.088394105e-01
3.072390258e-01
3.051806390e-01
3.001085222e-01
2.964992225e-01
2.940038145e-01
2.921742499e-01
2.914225757e-01
2.887177169e-01
2.879659534e-01
2.861076891e-01
2.835945785e-01
2.790006399e-01
2.763378024e-01
2.741731405e-01
2.727930546e-01
2.723301351e-01
2.716931105e-01
2.715940475e-01
2.724933028e-01
2.722993791e-01
2.685431242e-01
2.637925744e-01
2.630099952e-01
2.650161386e-01
2.642093003e-01
2.644011378e-01
2.633562088e-01
2.626308799e-01
2.600782216e-01
2.589120865e-01
2.572786808e-01
2.582485974e-01
2.583323121e-01
2.579951286e-01
2.559627295e-01
2.520785332e-01
2.493650466e-01
2.484789342e-01
2.461400032e-01
2.449408174e-01
2.435961664e-01
2.405232489e-01
2.401660532e-01
2.421743423e-01
2.410610914e-01
2.399369478e-01
2.372411638e-01
2.356562167e-01
2.320542186e-01
2.300593108e-01
2.265277803e-01
2.248943746e-01
2.257342637e-01
2.261597067e-01
2.262148857e-01
2.246827483e-01
2.227715999e-01
2.223901302e-01
2.246452719e-01
2.256946266e-01
2.233953029e-01
2.237304747e-01
2.226502597e-01
2.225333601e-01
2.214046121e-01
2.196873426e-01
2.180979550e-01
2.184485197e-01
2.176350355e-01
2.159309536e-01
2.138896435e-01
2.123091072e-01
2.118946612e-01
2.128734291e-01
2.128646523e-01
2.125339657e-01
2.117249668e-01
2.125559747e-01
2.136956900e-01
2.148133218e-01
2.158030421e-01
2.160236090e-01
2.152784020e-01
2.149499506e-01
2.131930292e-01
2.120269537e-01
2.123024613e-01
2.117006779e-01
2.125074714e-01
2.119057775e-01
2.108740956e-01
2.080632299e-01
2.061120868e-01
2.047190517e-01
2.069035619e-01
2.073003799e-01
2.060416043e-01
2.044720650e-01
2.050827146e-01
2.080873698e-01
2.093548924e-01
2.088303715e-01
2.082417458e-01
2.089714110e-01
2.082174569e-01
2.078735828e-01
2.057684511e-01
2.059337348e-01
2.058676332e-01
2.063196152e-01
2.050609142e-01
2.039806992e-01
2.028366029e-01
2.039961666e-01
2.031122893e-01
2.018423676e-01
2.028784901e-01
2.046640813e-01
2.032180876e-01
2.054025531e-01
2.084886581e-01
2.099855691e-01
2.112817615e-01
2.098180801e-01
2.075607628e-01
2.058964074e-01
2.067384273e-01
2.079532743e-01
2.098577917e-01
2.109246701e-01
2.109048665e-01
2.088436782e-01
2.059713304e-01
2.050300092e-01
2.044899464e-01
2.015734911e-01
2.027682960e-01
2.052240372e-01
2.073292732e-01
2.082550675e-01
2.074018866e-01
2.054796368e-01
2.049197704e-01
2.054992914e-01
2.052745968e-01
2.057374865e-01
2.034759372e-01
2.048513293e-01
2.060063332e-01
2.073642015e-01
2.054951042e-01
2.066081762e-01
2.081335932e-01
2.037669420e-01
2.060680985e-01
2.081469148e-01
2.059094310e-01
2.073246092e-01
2.085106373e-01
2.068375647e-01
2.069278955e-01
2.072497159e-01
2.076377124e-01
2.092425674e-01
2.100801766e-01
2.116497010e-01
2.141869664e-01
2.126990855e-01
2.120333314e-01
2.154458910e-01
2.202030271e-01
2.211222053e-01
2.228328288e-01
2.212302238e-01
2.212170959e-01
2.204234600e-01
2.198017985e-01
2.216865569e-01
2.247110158e-01
2.230179757e-01
2.223478109e-01
2.241136432e-01
2.256745100e-01
2.250661105e-01
2.241777033e-01
2.233553380e-01
2.214132547e-01
2.229453027e-01
2.260581106e-01
2.273874879e-01
2.305861115e-01
2.339478433e-01
2.361676097e-01
2.395534217e-01
2.444294542e-01
2.477249801e-01
2.503526211e-01
2.512211502e-01
2.514944375e-01
2.533702254e-01
2.566415966e-01
2.590686679e-01
2.594191134e-01
2.599437833e-01
2.639401853e-01
3.838262260e-01
9.826023579e-01
2.893745661e+00
6.562950134e+00
1.111748219e+01
1.539514351e+01
1.873202515e+01
2.098225021e+01
2.227392769e+01
2.279999924e+01
2.274999428e+01
2.229039383e+01
2.160793495e+01
2.080475616e+01
1.997460556e+01
1.919879532e+01
1.849146080e+01
1.786680603e+01
1.731822395e+01
1.682848740e+01
1.641183853e+01
1.602177620e+01
1.568112469e+01
1.535783482e+01
1.505551052e+01
1.476143646e+01
1.449295616e+01
1.419874477e+01
1.392601967e+01
1.367419624e+01
1.341123486e+01
1.316651630e+01
1.292205620e+01
1.267421436e+01
1.242550659e+01
1.217890167e+01
1.194436550e+01
1.169734287e+01
1.147409725e+01
1.125175667e+01
1.104350090e+01
1.083129692e+01
1.063480759e+01
1.042191029e+01
1.022897148e+01
1.004104900e+01
9.839940071e+00
9.652197838e+00
9.465873718e+00
9.282605171e+00
9.101427078e+00
8.922759056e+00
8.755238533e+00
8.577647209e+00
8.420450211e+00
8.258771896e+00
8.103341103e+00
7.943986416e+00
7.794597626e+00
7.623109818e+00
7.463910580e+00
7.309212208e+00
7.144246101e+00
6.991911411e+00
6.842421055e+00
6.697404385e+00
6.554754257e+00
6.413201809e+00
6.286143303e+00
6.143196583e+00
6.018375874e+00
5.888029575e+00
5.765775204e+00
5.641488552e+00
5.534217834e+00
5.409691811e+00
5.302736282e+00
5.203392506e+00
5.096023560e+00
5.003480911e+00
4.914467335e+00
4.824762821e+00
4.731429577e+00
4.637574673e+00
4.553847790e+00
4.451576233e+00
4.363423824e+00
4.269548416e+00
4.185374737e+00
4.098562717e+00
4.026602268e+00
3.935652018e+00
3.859861612e+00
3.791143894e+00
3.712247849e+00
3.646617889e+00
3.580985546e+00
3.513606071e+00
3.444387436e+00
3.374990940e+00
3.319051981e+00
3.251997232e+00
3.196547747e+00
3.136628389e+00
3.082740307e+00
3.029967308e+00
2.991140604e+00
2.930123806e+00
2.881395817e+00
2.831199884e+00
2.765805721e+00
2.713160038e+00
2.659794807e+00
2.607146502e+00
2.555392265e+00
2.507842779e+00
2.470241308e+00
2.416628838e+00
2.376848936e+00
2.330217123e+00
2.291188478e+00
2.249937773e+00
2.222193956e+00
2.172662735e+00
2.137540579e+00
2.109062195e+00
2.068705559e+00
2.039211035e+00
2.010634422e+00
1.984012246e+00
1.960205674e+00
1.938377976e+00
1.923181653e+00
1.889183640e+00
1.865743279e+00
1.833035469e+00
1.805399299e+00
1.769271135e+00
1.745918751e+00
1.706554294e+00
1.686036587e+00
1.667396426e+00
1.636802912e+00
1.618438482e+00
1.598768115e+00
1.578232408e+00
1.555562735e+00
1.533195615e+00
1.522153616e+00
1.492828846e+00
1.474822640e+00
1.452855468e+00
1.437781096e+00
1.418181896e+00
1.410526872e+00
1.386125445e+00
1.376624346e+00
1.369335055e+00
1.347352505e+00
1.332120895e+00
1.311547160e+00
1.289178967e+00
1.263333559e+00
1.243719339e+00
1.236899018e+00
1.212878823e+00
1.204365849e+00
1.188072562e+00
1.174049258e+00
1.156913638e+00
1.153051257e+00
1.129122734e+00
1.118907928e+00
1.113789678e+00
1.094058871e+00
1.085565329e+00
1.076251864e+00
1.068622231e+00
1.060406804e+00
1.054887056e+00
1.058826208e+00
1.049893856e+00
1.050469398e+00
1.040243030e+00
1.030596256e+00
1.012310982e+00
1.008583307e+00
9.849609137e-01
9.768650532e-01
9.730891585e-01
9.559853077e-01
9.487508535e-01
9.379363656e-01
9.288454056e-01
9.194065928e-01
9.112083316e-01
9.107676744e-01
8.974823356e-01
8.974577785e-01
8.889198899e-01
8.842814565e-01
8.766672015e-01
8.827141523e-01
8.694366217e-01
8.724193573e-01
8.773837686e-01
8.723444343e-01
8.737419844e-01
8.707815409e-01
8.646861315e-01
8.541849852e-01
8.417275548e-01
8.390119076e-01
8.242183924e-01
8.209453821e-01
8.117729425e-01
8.086358309e-01
8.025408983e-01
8.048421144e-01
7.899260521e-01
7.867891788e-01
7.879115343e-01
7.771697044e-01
7.766825557e-01
7.737068534e-01
7.718154788e-01
7.668595910e-01
7.637206316e-01
7.718244195e-01
7.656867504e-01
7.713128924e-01
7.696327567e-01
7.704950571e-01
7.639296055e-01
7.670777440e-01
7.485541105e-01
7.434968948e-01
7.410168648e-01
7.253991961e-01
7.207478285e-01
7.168507576e-01
7.136059403e-01
7.082361579e-01
7.030913830e-01
7.065719962e-01
6.944807768e-01
6.944611669e-01
6.889568567e-01
6.908833385e-01
6.886921525e-01
6.961364746e-01
6.828922629e-01
6.829562783e-01
6.888904572e-01
6.844860911e-01
6.901715994e-01
6.954729557e-01
6.994761229e-01
6.960130334e-01
6.914917827e-01
6.940641999e-01
6.790673733e-01
6.787411571e-01
6.709175110e-01
6.672789454e-01
6.609022617e-01
6.664280891e-01
6.505590081e-01
6.500650048e-01
6.558497548e-01
6.479069591e-01
6.490422487e-01
6.461039186e-01
6.444816589e-01
6.394955516e-01
6.338282824e-01
6.375491619e-01
6.287741661e-01
6.341459155e-01
6.323603988e-01
6.367622614e-01
6.384817958e-01
6.512556672e-01
6.413160563e-01
6.413205862e-01
6.441971660e-01
6.319681406e-01
6.286969185e-01
6.245041490e-01
6.199945807e-01
6.147616506e-01
6.115673780e-01
6.178588271e-01
6.116025448e-01
6.149026155e-01
6.101717353e-01
6.103172898e-01
6.058995724e-01
6.137430072e-01
6.017458439e-01
6.044398546e-01
6.112098694e-01
6.035887003e-01
6.062719822e-01
6.077115536e-01
6.099733710e-01
6.113643050e-01
6.119043827e-01
6.200981736e-01
6.086485386e-01
6.080555916e-01
6.010579467e-01
5.985465050e-01
5.910671949e-01
5.985575318e-01
5.851304531e-01
5.875751972e-01
5.925021172e-01
5.834996104e-01
5.812494755e-01
5.786663890e-01
5.774517655e-01
5.740351081e-01
5.707020760e-01
5.760146379e-01
5.675807595e-01
5.723751783e-01
5.732724667e-01
5.786575675e-01
5.819946527e-01
5.949733257e-01
5.877427459e-01
5.912635326e-01
5.976670384e-01
5.891671777e-01
5.880209208e-01
5.821881890e-01
5.749518871e-01
5.669943690e-01
5.625436902e-01
5.671949983e-01
5.581171513e-01
5.640581250e-01
5.601673126e-01
5.601937175e-01
5.562014580e-01
5.628501177e-01
5.505274534e-01
5.539641976e-01
5.604847074e-01
5.529787540e-01
5.540478826e-01
5.544534922e-01
5.559172034e-01
5.544711351e-01
5.563271046e-01
5.679709315e-01
5.629206300e-01
5.701532364e-01
5.657597780e-01
5.641992092e-01
5.569995046e-01
5.599272251e-01
5.446485281e-01
5.452789068e-01
5.478735566e-01
5.365697742e-01
5.367065072e-01
5.361356735e-01
5.357561707e-01
5.340964794e-01
5.289626718e-01
5.345658660e-01
5.294298530e-01
5.380464792e-01
5.368605256e-01
5.363909602e-01
5.322380662e-01
5.406695008e-01
5.318588018e-01
5.373653173e-01
5.495597720e-01
5.485789180e-01
5.540413857e-01
5.556594729e-01
5.536269546e-01
5.467887521e-01
5.388664007e-01
5.399179459e-01
5.288767815e-01
5.326769948e-01
5.306953788e-01
5.320619345e-01
5.267363787e-01
5.337922573e-01
5.219463706e-01
5.256232023e-01
5.314050317e-01
5.242454410e-01
5.268995166e-01
5.287622213e-01
5.298334360e-01
5.288921595e-01
5.278405547e-01
5.375000834e-01
5.330759287e-01
5.405709147e-01
5.411351919e-01
5.439785719e-01
5.394951105e-01
5.445847511e-01
5.289824009e-01
5.255547166e-01
5.257972479e-01
5.162436366e-01
5.169931650e-01
5.177294612e-01
5.197044611e-01
5.180532932e-01
5.169446468e-01
5.256163478e-01
5.185273886e-01
5.199556947e-01
5.154170394e-01
5.148746967e-01
5.116278529e-01
5.214017034e-01
5.101662874e-01
5.144096017e-01
5.218358636e-01
5.183157325e-01
5.256053209e-01
5.320177078e-01
5.355996490e-01
5.341340303e-01
5.268749595e-01
5.294893384e-01
5.183442235e-01
5.223251581e-01
5.169381499e-01
5.149673223e-01
5.090531111e-01
5.161864161e-01
5.048540831e-01
5.073823929e-01
5.122362375e-01
5.039436221e-01
5.054910779e-01
5.063838363e-01
5.048651099e-01
5.020499825e-01
5.007385612e-01
5.087003708e-01
5.032932758e-01
5.098620653e-01
5.088127851e-01
5.137703419e-01
5.154919028e-01
5.264121890e-01
5.159968734e-01
5.165655613e-01
5.167815089e-01
5.041905642e-01
5.051671863e-01
5.039304495e-01
5.017901063e-01
4.983468652e-01
4.943635762e-01
5.013005733e-01
4.948660731e-01
4.983821511e-01
4.947627187e-01
4.938741326e-01
4.897632599e-01
4.974916279e-01
4.874663353e-01
4.911783338e-01
4.972600639e-01
4.923311472e-01
4.969250262e-01
5.037652850e-01
5.060554743e-01
5.068092942e-01
5.056631565e-01
5.123620033e-01
5.038093328e-01
5.039901137e-01
4.955386519e-01
4.943327904e-01
4.915905595e-01
5.002976656e-01
4.890645444e-01
4.933121502e-01
4.996605814e-01
4.913085103e-01
4.931181073e-01
4.934818149e-01
4.929462373e-01
4.882179201e-01
4.862341583e-01
4.924017489e-01
4.848519266e-01
4.888242185e-01
4.859144390e-01
4.879709780e-01
4.873932898e-01
5.020698905e-01
4.970726967e-01
5.013403893e-01
5.066836476e-01
4.979963601e-01
4.959265590e-01
4.938565493e-01
4.906536341e-01
4.855396748e-01
4.822905958e-01
4.883874059e-01
4.796098769e-01
4.828659296e-01
4.813336432e-01
4.825262427e-01
4.826827049e-01
4.913505316e-01
4.795569479e-01
4.849886894e-01
4.925471842e-01
4.878297746e-01
4.906404018e-01
4.926286638e-01
4.951858819e-01
4.983687699e-01
5.009896755e-01
5.114955902e-01
5.046553612e-01
5.090442300e-01
5.028943419e-01
5.006702542e-01
4.938609600e-01
5.010294318e-01
4.882974327e-01
4.888021648e-01
4.908761978e-01
4.808552265e-01
4.798542857e-01
4.786396921e-01
4.800902009e-01
4.788953960e-01
4.779452980e-01
4.852861464e-01
4.767530262e-01
4.792966545e-01
4.744801819e-01
4.768343568e-01
4.756087363e-01
4.868160188e-01
4.814988971e-01
4.893838465e-01
4.990808368e-01
4.948618114e-01
4.990676939e-01
4.986951649e-01
4.935743213e-01
4.864545166e-01
4.807030857e-01
4.875655770e-01
4.779765010e-01
4.813249409e-01
4.734927118e-01
4.713343382e-01
4.662863910e-01
4.731442630e-01
4.629818499e-01
4.669940174e-01
4.746080935e-01
4.650321007e-01
4.657395780e-01
4.676509202e-01
4.705077112e-01
4.719893038e-01
4.723266363e-01
4.829340577e-01
4.802647829e-01
4.901598394e-01
4.907991588e-01
4.929505587e-01
4.861746132e-01
4.888769686e-01
4.746896625e-01
4.771850705e-01
4.815495908e-01
4.718172550e-01
4.732898176e-01
4.740106463e-01
4.736359715e-01
4.711294770e-01
4.671770036e-01
4.718656838e-01
4.637559056e-01
4.688566327e-01
4.679022729e-01
4.700625539e-01
4.693217576e-01
4.795967042e-01
4.710260630e-01
4.766165614e-01
4.845188558e-01
4.804564416e-01
4.859230220e-01
4.894830287e-01
4.886453748e-01
4.838621616e-01
4.779192209e-01
4.794709980e-01
4.691895545e-01
4.728992283e-01
4.692026675e-01
4.703334868e-01
4.651930332e-01
4.707613289e-01
4.564457536e-01
4.587670267e-01
4.644035995e-01
4.568513632e-01
4.570914209e-01
4.570783377e-01
4.594370127e-01
4.576714039e-01
4.568887055e-01
4.656493068e-01
4.609715939e-01
4.687463939e-01
4.699984193e-01
4.753265977e-01
4.736182690e-01
4.833068252e-01
4.706178308e-01
4.704216719e-01
4.702187777e-01
4.596246779e-01
4.568008482e-01
4.546051919e-01
4.519070089e-01
4.487614036e-01
4.461869895e-01
4.545632899e-01
4.483822584e-01
4.508686960e-01
4.473773837e-01
4.486535788e-01
4.486072361e-01
4.593843818e-01
4.481245577e-01
4.508930147e-01
4.552555382e-01
4.479392469e-01
4.531480372e-01
4.586988091e-01
4.613595605e-01
4.633789062e-01
4.631032944e-01
4.682879448e-01
4.557602108e-01
4.542193413e-01
4.468810856e-01
4.448333383e-01
4.388664663e-01
4.466694295e-01
4.377202690e-01
4.394066334e-01
4.435701668e-01
4.358995855e-01
4.390120208e-01
4.411788583e-01
4.408703744e-01
4.378261566e-01
4.343344569e-01
4.410245419e-01
4.350927770e-01
4.401249588e-01
4.379186332e-01
4.418841898e-01
4.430813193e-01
4.558109045e-01
4.452697635e-01
4.473351836e-01
4.489684105e-01
4.373344481e-01
4.377906621e-01
4.369838536e-01
4.345834553e-01
4.285480380e-01
4.252236485e-01
4.327648282e-01
4.250560403e-01
4.289799929e-01
4.250119328e-01
4.274744093e-01
4.246835709e-01
4.342131615e-01
4.245115519e-01
4.280828834e-01
4.344533682e-01
4.299454689e-01
4.318193197e-01
4.330228269e-01
4.365916848e-01
4.376564324e-01
4.396624565e-01
4.496612549e-01
4.422304034e-01
4.439894855e-01
4.384521246e-01
4.359414577e-01
4.306023717e-01
4.399136901e-01
4.260876775e-01
4.272032380e-01
4.311558008e-01
4.247144759e-01
4.281356335e-01
4.298836589e-01
4.290681183e-01
4.262838662e-01
4.253425896e-01
4.356746972e-01
4.310850501e-01
4.376960695e-01
4.361993968e-01
4.383308887e-01
4.383464456e-01
4.500996470e-01
4.433721900e-01
4.487484396e-01
4.559322000e-01
4.476462007e-01
4.477343857e-01
4.463346004e-01
4.462662637e-01
4.411591589e-01
4.364858270e-01
4.416066408e-01
4.336664379e-01
4.393008053e-01
4.354917407e-01
4.337414503e-01
4.305890501e-01
4.398121536e-01
4.311359525e-01
4.335827231e-01
4.381962717e-01
4.300976396e-01
4.303951561e-01
4.315635264e-01
4.315348268e-01
4.308579862e-01
4.322224259e-01
4.463901222e-01
4.442054927e-01
4.510941505e-01
4.468925595e-01
4.455148578e-01
4.392192364e-01
4.449858665e-01
4.315237105e-01
4.330758154e-01
4.381369650e-01
4.312283099e-01
4.317508340e-01
4.333599806e-01
4.356483221e-01
4.362367392e-01
4.351917803e-01
4.430659413e-01
4.382758141e-01
