9.814806981e-04
1.230923226e-03
1.135357539e-03
1.047890750e-03
1.078666071e-03
1.195288613e-03
1.148315612e-03
1.043031458e-03
1.149935299e-03
1.253599767e-03
1.077046269e-03
9.134509019e-04
8.243643097e-04
9.474657709e-04
1.010636333e-03
7.692925865e-04
8.454211638e-04
1.017115312e-03
1.127258758e-03
1.010636333e-03
8.583791787e-04
1.051130123e-03
1.200147788e-03
1.094863634e-03
9.685226250e-04
9.069718653e-04
1.067327801e-03
1.005777041e-03
8.875347557e-04
1.015495509e-03
1.067327801e-03
1.350785140e-03
1.054369728e-03
1.057609217e-03
1.117540291e-03
1.088384655e-03
9.053521208e-04
7.660530973e-04
9.199299384e-04
1.073806779e-03
9.539448074e-04
8.891545585e-04
9.992980631e-04
1.141836517e-03
9.571842966e-04
7.806308568e-04
8.988730842e-04
9.976782603e-04
8.599989233e-04
5.376674235e-04
4.242844589e-04
4.356227582e-04
5.263290950e-04
3.837905242e-04
3.740719985e-04
5.166105693e-04
6.267540157e-04
3.983683418e-04
2.072370844e-04
2.056173253e-04
3.481558815e-04
4.469610285e-04
3.967485682e-04
4.502005759e-04
3.481558815e-04
3.999881155e-04
5.684427451e-04
4.842154449e-04
4.663981090e-04
4.680178827e-04
5.230896058e-04
4.485808022e-04
6.154157454e-04
6.056971615e-04
5.182303139e-04
6.429515779e-04
6.688676658e-04
7.822506013e-04
9.345077560e-04
8.907743031e-04
7.417566958e-04
8.065470029e-04
5.522451829e-04
6.040774169e-04
4.923142260e-04
4.793561820e-04
4.680178827e-04
6.866850308e-04
5.311883870e-04
4.987932625e-04
5.587242194e-04
7.352777175e-04
7.158406079e-04
6.089366507e-04
7.368974620e-04
7.530950243e-04
8.405618719e-04
6.818257389e-04
6.947838119e-04
8.340828354e-04
8.049272583e-04
7.466159877e-04
5.214698613e-04
6.348527968e-04
1.085145050e-03
1.065707998e-03
9.280286613e-04
9.377472452e-04
9.652831359e-04
9.976782603e-04
1.078666071e-03
9.588040411e-04
8.162655286e-04
9.264089167e-04
1.070567290e-03
9.669028223e-04
1.143456320e-03
1.111061196e-03
1.307051745e-03
1.287614694e-03
1.242261496e-03
1.350785140e-03
1.347545651e-03
1.226063934e-03
1.114300685e-03
1.357264235e-03
1.423674170e-03
1.065707998e-03
8.454211638e-04
8.243643097e-04
8.502803976e-04
7.822506013e-04
7.466159877e-04
6.202749792e-04
5.927391467e-04
5.376674235e-04
4.113264149e-04
3.708325094e-04
4.113264149e-04
4.647783644e-04
3.967485682e-04
4.728771455e-04
6.672478630e-04
6.883047172e-04
6.283737603e-04
4.615388461e-04
5.749218399e-04
8.405618719e-04
8.810557774e-04
6.883047172e-04
4.485808022e-04
4.453412839e-04
5.992181250e-04
3.432966187e-04
3.028027131e-04
4.696376272e-04
6.089366507e-04
5.538649857e-04
6.202749792e-04
6.105564535e-04
7.806308568e-04
7.790111122e-04
7.109813159e-04
8.421816165e-04
1.230923226e-03
1.313530724e-03
1.033312874e-03
1.177471131e-03
1.240641810e-03
1.321629505e-03
1.219584839e-03
1.106201904e-03
1.213105861e-03
1.179091050e-03
9.442262817e-04
9.150707047e-04
1.000917749e-03
1.193668693e-03
1.263318234e-03
9.021126316e-04
9.345077560e-04
1.221204526e-03
1.187189831e-03
1.111061196e-03
1.036552363e-03
1.132117934e-03
1.282755286e-03
1.282755286e-03
1.161273685e-03
1.360503607e-03
1.371841994e-03
1.195288613e-03
1.122399466e-03
1.143456320e-03
1.292473986e-03
1.224444131e-03
1.052749925e-03
1.013875823e-03
1.111061196e-03
1.067327801e-03
1.187189831e-03
9.296484641e-04
9.685226250e-04
9.426065371e-04
1.018735114e-03
1.062468509e-03
1.026833896e-03
1.020354801e-03
1.258459059e-03
1.030073385e-03
1.109441509e-03
1.091624144e-03
1.111061196e-03
1.107821707e-03
9.507053182e-04
1.004157239e-03
1.013875823e-03
9.588040411e-04
9.944387712e-04
8.956335951e-04
8.988730842e-04
7.028825348e-04
7.206998998e-04
8.972533396e-04
8.373223245e-04
7.935889298e-04
6.008378696e-04
5.652032560e-04
7.223196444e-04
6.785861915e-04
7.692925865e-04
8.178852731e-04
7.158406079e-04
7.514752215e-04
7.498554769e-04
8.211247623e-04
8.972533396e-04
1.010636333e-03
1.036552363e-03
1.067327801e-03
1.183950226e-03
1.245500986e-03
1.028453582e-03
1.164513174e-03
1.386419754e-03
1.593748690e-03
1.606706646e-03
1.425293973e-03
1.595368376e-03
4.898051731e-03
1.157687679e-01
7.670586705e-01
2.238724232e+00
4.161200047e+00
5.971094131e+00
7.424281597e+00
8.560541153e+00
9.471030235e+00
1.015574932e+01
1.058784771e+01
1.077000046e+01
1.073747444e+01
1.053600025e+01
1.020596600e+01
9.781952858e+00
9.298075676e+00
8.784888268e+00
8.267303467e+00
7.762578964e+00
7.281541348e+00
6.834030151e+00
6.438776016e+00
6.139864445e+00
5.941285133e+00
5.804244518e+00
5.686102867e+00
5.558396339e+00
5.418186188e+00
5.269446850e+00
5.108039379e+00
4.930018902e+00
4.740621567e+00
4.546469212e+00
4.349750996e+00
4.152846336e+00
3.960771084e+00
3.779581547e+00
3.610273600e+00
3.452989578e+00
3.308663368e+00
3.179009199e+00
3.063356876e+00
2.961871862e+00
2.873855591e+00
2.798798084e+00
2.735317469e+00
2.675378323e+00
2.613730669e+00
2.549630642e+00
2.485542059e+00
2.421852350e+00
2.354602814e+00
2.283812046e+00
2.213483572e+00
2.144623518e+00
2.076347828e+00
2.008753061e+00
1.943320036e+00
1.881280780e+00
1.821684241e+00
1.764468551e+00
1.709845304e+00
1.658143997e+00
1.608553886e+00
1.561626196e+00
1.517756462e+00
1.475898743e+00
1.434267640e+00
1.392824888e+00
1.353111506e+00
1.314115524e+00
1.275111794e+00
1.236127615e+00
1.198431492e+00
1.161641955e+00
1.125252604e+00
1.089725971e+00
1.055783987e+00
1.023145914e+00
9.915640950e-01
9.612999558e-01
9.325067401e-01
9.045063257e-01
8.771308661e-01
8.510285020e-01
8.262818456e-01
8.021150231e-01
7.782706022e-01
7.551648617e-01
7.329125404e-01
7.111349702e-01
6.896860003e-01
6.685708761e-01
6.478331089e-01
6.279991269e-01
6.090754271e-01
5.906196833e-01
5.728169680e-01
5.555421710e-01
5.390627980e-01
5.230062604e-01
5.073187947e-01
4.920916259e-01
4.776288271e-01
4.635888934e-01
4.503521323e-01
4.374588430e-01
4.243646562e-01
4.119929373e-01
4.003986716e-01
3.886829615e-01
3.769267201e-01
3.659237623e-01
3.555686176e-01
3.446579278e-01
3.340615034e-01
3.242182732e-01
3.148091137e-01
3.056477606e-01
2.965934277e-01
2.878549099e-01
2.792638242e-01
2.712557614e-01
2.629269361e-01
2.551763654e-01
2.479522228e-01
2.402292788e-01
2.329484075e-01
2.257728875e-01
2.190864980e-01
2.122625411e-01
2.053721100e-01
1.988477409e-01
1.927251071e-01
1.867967844e-01
1.807907075e-01
1.748964041e-01
1.692386568e-01
1.638351232e-01
1.584186703e-01
1.531366557e-01
1.480651498e-01
1.431928724e-01
1.380258352e-01
1.333139688e-01
1.286701560e-01
1.241753250e-01
1.196691617e-01
1.154675186e-01
1.114246100e-01
1.075679585e-01
1.036886349e-01
9.980769455e-02
9.592512995e-02
9.236166626e-02
8.857630193e-02
8.504361659e-02
8.177168667e-02
7.825197279e-02
7.521658391e-02
7.196576148e-02
6.866956502e-02
6.543650478e-02
6.252419204e-02
5.946768820e-02
5.668979138e-02
5.402530730e-02
5.130246282e-02
4.835774377e-02
4.564950988e-02
4.314860702e-02
4.067199305e-02
3.805284947e-02
3.561834246e-02
3.330045566e-02
3.091133572e-02
2.861938439e-02
2.641490661e-02
2.410998382e-02
2.185365744e-02
1.980143227e-02
1.782694831e-02
1.554470509e-02
1.378403604e-02
1.179821976e-02
9.961415082e-03
7.905937731e-03
5.920118187e-03
4.306840710e-03
2.484614495e-03
8.551396895e-04
-8.909578319e-04
-2.583603142e-03
-4.318362568e-03
-5.853891838e-03
-7.178851403e-03
-8.735434152e-03
-1.034061145e-02
-1.196037233e-02
-1.338090282e-02
-1.501523703e-02
-1.646005735e-02
-1.793079637e-02
-1.935456134e-02
-2.070867829e-02
-2.226040512e-02
-2.344930358e-02
-2.456369251e-02
-2.562787011e-02
-2.656895109e-02
-2.766066603e-02
-2.868111990e-02
-2.958980203e-02
-3.038997576e-02
-3.152381256e-02
-3.247946873e-02
-3.357766941e-02
-3.473578766e-02
-3.566875681e-02
-3.666651249e-02
-3.771125898e-02
-3.887909651e-02
-3.990440816e-02
-4.100260139e-02
-4.201008379e-02
-4.290581495e-02
-4.411739856e-02
-4.485600069e-02
-4.579545930e-02
-4.648547620e-02
-4.727429524e-02
-4.817326367e-02
-4.892807454e-02
-4.952090606e-02
-5.033725500e-02
-5.108072609e-02
-5.156827345e-02
-5.257899314e-02
-5.338238925e-02
-5.418577418e-02
-5.504747480e-02
-5.576017871e-02
-5.656034127e-02
-5.713536590e-02
-5.783184990e-02
-5.851052329e-02
-5.926695466e-02
-5.999422073e-02
-6.064049155e-02
-6.118956581e-02
-6.173542142e-02
-6.226184592e-02
-6.292432547e-02
-6.348963082e-02
-6.399175525e-02
-6.451654434e-02
-6.503973901e-02
-6.544790417e-02
-6.612173468e-02
-6.651047617e-02
-6.717294455e-02
-6.741265208e-02
-6.808971614e-02
-6.846550852e-02
-6.904537231e-02
-6.928995997e-02
-6.999454647e-02
-7.065539807e-02
-7.084491849e-02
-7.117696851e-02
-7.186536491e-02
-7.215854526e-02
-7.263962924e-02
-7.305267453e-02
-7.359853387e-02
-7.415410131e-02
-7.485061139e-02
-7.491216809e-02
-7.539324462e-02
-7.582084835e-02
-7.647524774e-02
-7.678623497e-02
-7.721871138e-02
-7.762853056e-02
-7.809016854e-02
-7.849024236e-02
-7.873320580e-02
-7.907821983e-02
-7.962732017e-02
-7.993993163e-02
-8.017965406e-02
-8.052141964e-02
-8.117419481e-02
-8.147223294e-02
-8.174271882e-02
-8.199539781e-02
-8.243921399e-02
-8.279556036e-02
-8.318917453e-02
-8.341269940e-02
-8.380466700e-02
-8.450924605e-02
-8.470361680e-02
-8.478622884e-02
-8.499517292e-02
-8.542441577e-02
-8.579695225e-02
-8.578075469e-02
-8.612090349e-02
-8.654852211e-02
-8.692592382e-02
-8.710571378e-02
-8.737298101e-02
-8.778116107e-02
-8.818609267e-02
-8.830757439e-02
-8.859588951e-02
-8.881456405e-02
-8.901865780e-02
-8.939767629e-02
-8.948676288e-02
-8.962606639e-02
-8.992247283e-02
-9.009093046e-02
-9.017677605e-02
-9.015247971e-02
-9.042459726e-02
-9.034685045e-02
-9.063516557e-02
-9.083279222e-02
-9.108871222e-02
-9.151308984e-02
-9.150013328e-02
-9.166371822e-02
-9.203950316e-02
-9.226303548e-02
-9.253191203e-02
-9.252543002e-02
-9.264855087e-02
-9.265017509e-02
-9.278621525e-02
-9.278945625e-02
-9.311179072e-02
-9.315876663e-02
-9.336446971e-02
-9.347623587e-02
-9.373701364e-02
-9.407877922e-02
-9.409336001e-02
-9.417597204e-02
-9.436386079e-02
-9.487408400e-02
-9.511380643e-02
-9.510084987e-02
-9.538756311e-02
-9.571636468e-02
-9.614236653e-02
-9.620553255e-02
-9.634321928e-02
-9.646794200e-02
-9.678217024e-02
-9.699919820e-02
-9.722273052e-02
-9.728104621e-02
-9.759365022e-02
-9.769731760e-02
-9.789978713e-02
-9.809739888e-02
-9.839867055e-02
-9.858656675e-02
-9.873233736e-02
-9.876311570e-02
-9.915833920e-02
-9.929116070e-02
-9.941426665e-02
-9.947742522e-02
-1.000346318e-01
-1.001917347e-01
-1.001431420e-01
-1.001220793e-01
-1.002953947e-01
-1.006047726e-01
-1.006889939e-01
-1.005626544e-01
-1.005723774e-01
-1.006128639e-01
-1.007537842e-01
-1.006242037e-01
-1.007602587e-01
-1.006161049e-01
-1.007424518e-01
-1.007165313e-01
-1.009692177e-01
-1.010048464e-01
-1.011117473e-01
-1.013077423e-01
-1.014535204e-01
-1.016981080e-01
-1.017434597e-01
-1.020042449e-01
-1.020576879e-01
-1.021548808e-01
-1.022860780e-01
-1.022342518e-01
-1.022391021e-01
-1.022148058e-01
-1.023152322e-01
-1.021986082e-01
-1.021872759e-01
-1.021451578e-01
-1.021581218e-01
-1.021791697e-01
-1.022844538e-01
-1.024156585e-01
-1.027671546e-01
-1.029242724e-01
-1.028773040e-01
-1.029048339e-01
-1.031915322e-01
-1.033259630e-01
-1.035268158e-01
-1.036191434e-01
-1.037892103e-01
-1.039414629e-01
-1.041066796e-01
-1.039366126e-01
-1.041050702e-01
-1.042395085e-01
-1.041520312e-01
-1.042346433e-01
-1.043496430e-01
-1.045051441e-01
-1.047481075e-01
-1.046039537e-01
-1.046638787e-01
-1.048436835e-01
-1.051271260e-01
-1.052502319e-01
-1.052065119e-01
-1.052518636e-01
-1.055110097e-01
-1.054186821e-01
-1.056827083e-01
-1.057977080e-01
-1.058657393e-01
-1.060260907e-01
-1.058965176e-01
-1.058592573e-01
-1.060698256e-01
-1.062123701e-01
-1.062739193e-01
-1.061362401e-01
-1.065071747e-01
-1.064780205e-01
-1.064893529e-01
-1.066885740e-01
-1.067938581e-01
-1.068311110e-01
-1.068197712e-01
-1.068294868e-01
-1.069363952e-01
-1.071825922e-01
-1.070497632e-01
-1.069266796e-01
-1.072425246e-01
-1.072911173e-01
-1.073283628e-01
-1.074206904e-01
-1.074806228e-01
-1.073154062e-01
-1.074611843e-01
-1.077138558e-01
-1.073559001e-01
-1.074952036e-01
-1.075778082e-01
-1.079114601e-01
-1.079001278e-01
-1.078887880e-01
-1.080070436e-01
-1.082289517e-01
-1.083326116e-01
-1.083374768e-01
-1.086111963e-01
-1.085933819e-01
-1.088557765e-01
-1.088298559e-01
-1.091116965e-01
-1.091003567e-01
-1.089821085e-01
-1.089448631e-01
-1.088638678e-01
-1.088930219e-01
-1.090873927e-01
-1.091181710e-01
-1.090177447e-01
-1.090226099e-01
-1.091521829e-01
-1.089999303e-01
-1.090112627e-01
-1.088930219e-01
-1.089983061e-01
-1.087926030e-01
-1.090922579e-01
-1.090177447e-01
-1.091538072e-01
-1.092412695e-01
-1.092526168e-01
-1.091230288e-01
-1.093174145e-01
-1.095668450e-01
-1.096089557e-01
-1.095263511e-01
-1.096251532e-01
-1.096089557e-01
-1.098632589e-01
-1.095749438e-01
-1.098826975e-01
-1.097466350e-01
-1.098956540e-01
-1.095781848e-01
-1.097984761e-01
-1.095312089e-01
-1.094291657e-01
-1.094226837e-01
-1.094712764e-01
-1.096251532e-01
-1.095879003e-01
-1.096008644e-01
-1.096138209e-01
-1.094210595e-01
-1.099345312e-01
-1.101450995e-01
-1.102325916e-01
-1.099442467e-01
-1.101742536e-01
-1.102568880e-01
-1.103961840e-01
-1.102471650e-01
-1.103799865e-01
-1.104366779e-01
-1.105079502e-01
-1.106618270e-01
-1.104739308e-01
-1.105840802e-01
-1.106958389e-01
-1.104334369e-01
-1.104221046e-01
-1.103394926e-01
-1.105111912e-01
-1.102828011e-01
-1.101920754e-01
-1.101645380e-01
-1.103913262e-01
-1.103799865e-01
-1.103961840e-01
-1.102730781e-01
-1.103394926e-01
-1.105889380e-01
-1.106650680e-01
-1.105889380e-01
-1.105727404e-01
-1.105079502e-01
-1.103686467e-01
-1.103621721e-01
-1.104998514e-01
-1.106116101e-01
-1.106942222e-01
-1.105273888e-01
-1.105468199e-01
-1.105937883e-01
-1.108837277e-01
-1.108254194e-01
-1.106990725e-01
-1.108319014e-01
-1.109388024e-01
-1.109566242e-01
-1.107039377e-01
-1.108319014e-01
-1.109047905e-01
-1.106780246e-01
-1.107460484e-01
-1.107849255e-01
-1.110165566e-01
-1.109485179e-01
-1.109890118e-01
-1.106407642e-01
-1.106812656e-01
-1.106650680e-01
-1.108011231e-01
-1.107703522e-01
-1.108286604e-01
-1.107525304e-01
-1.107152700e-01
-1.104350612e-01
-1.104399115e-01
-1.104221046e-01
-1.107881665e-01
-1.103897095e-01
-1.103994250e-01
-1.105678752e-01
-1.107201353e-01
-1.105273888e-01
-1.106569618e-01
-1.109469011e-01
-1.110699996e-01
-1.109809205e-01
-1.107638702e-01
-1.108157039e-01
-1.109533831e-01
-1.108578146e-01
-1.109355614e-01
-1.108918339e-01
-1.110619083e-01
-1.109582335e-01
-1.107492894e-01
-1.107833087e-01
-1.109177470e-01
-1.108902097e-01
-1.109290794e-01
-1.107638702e-01
-1.109112650e-01
-1.112514138e-01
-1.111752838e-01
-1.110181659e-01
-1.110424697e-01
-1.110505611e-01
-1.108221784e-01
-1.105727404e-01
-1.106942222e-01
-1.107946411e-01
-1.109258458e-01
-1.106861159e-01
-1.107719690e-01
-1.109193638e-01
-1.110862046e-01
-1.107735932e-01
-1.107460484e-01
-1.107444316e-01
-1.109517664e-01
-1.108723953e-01
-1.108254194e-01
-1.106537208e-01
-1.107314751e-01
-1.108027473e-01
-1.109792963e-01
-1.106634438e-01
-1.107330918e-01
-1.106569618e-01
-1.109404266e-01
-1.109485179e-01
-1.109679639e-01
-1.111250743e-01
-1.112384573e-01
-1.108983085e-01
-1.107752025e-01
-1.106715426e-01
-1.108610556e-01
-1.107800677e-01
-1.108319014e-01
-1.103119552e-01
-1.104998514e-01
-1.103054732e-01
-1.103427336e-01
-1.102471650e-01
-1.104544997e-01
-1.104366779e-01
-1.103184298e-01
-1.102147698e-01
-1.103200540e-01
-1.104318202e-01
-1.103702709e-01
-1.102860421e-01
-1.102423072e-01
-1.103670299e-01
-1.106375232e-01
-1.105662584e-01
-1.105144322e-01
-1.104625985e-01
-1.105694994e-01
-1.103314012e-01
-1.103297770e-01
-1.102034301e-01
-1.102957577e-01
-1.102568880e-01
-1.100333333e-01
-1.100025550e-01
-1.102180108e-01
-1.102811843e-01
-1.101693884e-01
-1.098713577e-01
-1.101661474e-01
-1.102779433e-01
-1.102617458e-01
-1.099701598e-01
-1.101693884e-01
-1.100965068e-01
-1.101856157e-01
-1.099928394e-01
-1.100932658e-01
-1.100965068e-01
-1.101629138e-01
-1.101985499e-01
-1.099977046e-01
-1.101726294e-01
-1.100900248e-01
-1.100835502e-01
-1.099685431e-01
-1.097126231e-01
-1.097385436e-01
-1.096429750e-01
-1.097822711e-01
-1.095004305e-01
-1.097045243e-01
-1.095328256e-01
-1.093902886e-01
-1.093481779e-01
-1.093676165e-01
-1.093821898e-01
-1.093886718e-01
-1.094048694e-01
-1.096364930e-01
-1.097660735e-01
-1.097822711e-01
-1.096737459e-01
-1.096348688e-01
-1.094631851e-01
-1.094680354e-01
-1.094064862e-01
-1.093983874e-01
-1.094453633e-01
-1.096381098e-01
-1.096121967e-01
-1.093789637e-01
-1.093109325e-01
-1.092315614e-01
-1.095247343e-01
-1.093530431e-01
-1.089302823e-01
-1.090339422e-01
-1.090663448e-01
-1.090679616e-01
-1.087958440e-01
-1.088428125e-01
-1.089383736e-01
-1.088833064e-01
-1.087731645e-01
-1.086970493e-01
-1.087553427e-01
-1.086355001e-01
-1.086597964e-01
-1.086808518e-01
-1.087990776e-01
-1.087553576e-01
-1.088752076e-01
-1.088897809e-01
-1.085869074e-01
-1.087067649e-01
-1.085966229e-01
-1.083828285e-01
-1.083666310e-01
-1.086403504e-01
-1.084492356e-01
-1.083164141e-01
-1.083115563e-01
-1.083714887e-01
-1.083731055e-01
-1.081220508e-01
-1.079390123e-01
-1.080702096e-01
-1.081074700e-01
-1.080297232e-01
-1.078693718e-01
-1.080993637e-01
-1.080135256e-01
