2.547436655e-01
2.534107268e-01
2.516181469e-01
2.510369718e-01
2.495997995e-01
2.484993786e-01
2.468896210e-01
2.457125634e-01
2.451912910e-01
2.439849824e-01
2.420487404e-01
2.403368503e-01
2.395627797e-01
2.373206466e-01
2.358305603e-01
2.345369309e-01
2.334109843e-01
2.311501354e-01
2.299760729e-01
2.285852134e-01
2.287833691e-01
2.277410328e-01
2.256430238e-01
2.239973843e-01
2.219213247e-01
2.220272422e-01
2.229721695e-01
2.209489793e-01
2.179006338e-01
2.145361006e-01
2.141465247e-01
2.137893587e-01
2.130255997e-01
2.138936073e-01
2.142713070e-01
2.100642771e-01
2.065715790e-01
2.038272619e-01
2.017989457e-01
2.009991705e-01
2.006591409e-01
1.993364990e-01
1.984207183e-01
1.974536031e-01
1.975065768e-01
1.974757910e-01
1.981216967e-01
1.968845129e-01
1.949297041e-01
1.956319362e-01
1.945846230e-01
1.928092390e-01
1.917274594e-01
1.902854145e-01
1.898548007e-01
1.888620257e-01
1.876539737e-01
1.853420138e-01
1.853847504e-01
1.857333332e-01
1.846858859e-01
1.832232177e-01
1.801711917e-01
1.787359565e-01
1.782608777e-01
1.774270684e-01
1.760583222e-01
1.746758223e-01
1.747783571e-01
1.742230356e-01
1.740265787e-01
1.754090637e-01
1.756858826e-01
1.744589806e-01
1.734062731e-01
1.721674651e-01
1.718342602e-01
1.711611450e-01
1.694214046e-01
1.682202071e-01
1.671420038e-01
1.658655554e-01
1.640952677e-01
1.617388278e-01
1.610587686e-01
1.611066163e-01
1.599925458e-01
1.588459611e-01
1.593209803e-01
1.595243961e-01
1.588032246e-01
1.580154449e-01
1.565459371e-01
1.571508944e-01
1.572722197e-01
1.567424834e-01
1.560434699e-01
1.564639807e-01
1.560589969e-01
1.548628211e-01
1.566895545e-01
1.559769064e-01
1.544799060e-01
1.512178332e-01
1.498303264e-01
1.496013850e-01
1.492989212e-01
1.499346048e-01
1.489059031e-01
1.481711715e-01
1.480413526e-01
1.497962624e-01
1.490357071e-01
1.472465098e-01
1.464007646e-01
1.459103227e-01
1.463084817e-01
1.459992379e-01
1.457395703e-01
1.455687135e-01
1.463767737e-01
1.470432132e-01
1.486460567e-01
1.499395072e-01
1.505342871e-01
1.494748741e-01
1.479420066e-01
1.460675895e-01
1.454319060e-01
1.454045624e-01
1.439657509e-01
1.446083933e-01
1.444117874e-01
1.437198222e-01
1.422554255e-01
1.400529891e-01
1.399846226e-01
1.394412816e-01
1.390209049e-01
1.377924532e-01
1.374166310e-01
1.365742236e-01
1.360393316e-01
1.366237551e-01
1.357659400e-01
1.354891360e-01
1.343817115e-01
1.339271814e-01
1.339664757e-01
1.340621412e-01
1.350671351e-01
1.358359605e-01
1.367843151e-01
1.361794174e-01
1.341167986e-01
1.344038993e-01
1.340484768e-01
1.341185421e-01
1.329873502e-01
1.327310652e-01
1.331206113e-01
1.330198348e-01
1.330897957e-01
1.334554404e-01
1.336348802e-01
1.343627870e-01
1.357008070e-01
1.368030906e-01
1.371329874e-01
1.359776109e-01
1.343200952e-01
1.351574063e-01
1.361383051e-01
1.358375102e-01
1.337254792e-01
1.329735368e-01
1.327240616e-01
1.325549483e-01
1.318065226e-01
1.300053447e-01
1.287135333e-01
1.286383718e-01
1.307504326e-01
1.322029531e-01
1.340758353e-01
1.325345039e-01
1.323516071e-01
1.339305192e-01
1.335837096e-01
1.330761313e-01
1.322899610e-01
1.329649240e-01
1.342500299e-01
1.370113939e-01
1.369396299e-01
1.339219511e-01
1.348087639e-01
1.333408952e-01
1.295251101e-01
1.318063736e-01
1.320063770e-01
1.306000203e-01
1.335151345e-01
1.345797926e-01
1.347677559e-01
1.352102906e-01
1.356341690e-01
1.350394487e-01
1.365005672e-01
1.361211836e-01
1.367466152e-01
1.383666694e-01
1.388262957e-01
1.379614472e-01
1.386843026e-01
1.406375319e-01
1.423769891e-01
1.442922652e-01
1.435608268e-01
1.444546431e-01
1.450544149e-01
1.446544379e-01
1.456166357e-01
1.472774297e-01
1.474277526e-01
1.477012336e-01
1.484444886e-01
1.500439346e-01
1.501070410e-01
1.499652714e-01
1.528344601e-01
1.518416107e-01
1.512742639e-01
1.516364813e-01
1.512178481e-01
1.516296715e-01
1.508743167e-01
1.507872492e-01
1.513920128e-01
1.536494344e-01
1.564312726e-01
1.564005166e-01
1.580597013e-01
1.605973691e-01
1.633331031e-01
1.666823477e-01
1.693018675e-01
1.702211946e-01
1.724835783e-01
1.760856360e-01
1.822627187e-01
2.020432949e-01
-6.943893433e-02
-1.449558586e-01
1.803956151e+00
6.788707733e+00
1.312421513e+01
1.851683807e+01
2.189225960e+01
2.348410416e+01
2.395999908e+01
2.388082314e+01
2.350498962e+01
2.288635826e+01
2.207836914e+01
2.121504974e+01
2.038396645e+01
1.966058159e+01
1.905948639e+01
1.857833481e+01
1.822176552e+01
1.794202042e+01
1.770884132e+01
1.748325157e+01
1.725412369e+01
1.701644516e+01
1.677729988e+01
1.651198578e+01
1.625260925e+01
1.598422337e+01
1.572388268e+01
1.548108959e+01
1.524168682e+01
1.500232601e+01
1.475773907e+01
1.451036549e+01
1.426923752e+01
1.401618958e+01
1.377672768e+01
1.353519154e+01
1.330288982e+01
1.307460022e+01
1.285999489e+01
1.262978077e+01
1.241175747e+01
1.218932152e+01
1.195054722e+01
1.171584320e+01
1.148383713e+01
1.126031685e+01
1.104348946e+01
1.083686638e+01
1.063862610e+01
1.042631531e+01
1.022154903e+01
1.000963116e+01
9.797704697e+00
9.587958336e+00
9.388015747e+00
9.173131943e+00
8.969850540e+00
8.768943787e+00
8.560316086e+00
8.361655235e+00
8.164051056e+00
7.968212605e+00
7.773869991e+00
7.584132671e+00
7.401717186e+00
7.210704803e+00
7.030774593e+00
6.847498417e+00
6.667665482e+00
6.491298676e+00
6.327997684e+00
6.157122612e+00
5.998728752e+00
5.842475891e+00
5.681596756e+00
5.531760693e+00
5.382455826e+00
5.236982346e+00
5.090713501e+00
4.952114582e+00
4.823018551e+00
4.685921192e+00
4.562557697e+00
4.437363148e+00
4.315545082e+00
4.192207336e+00
4.080553532e+00
3.957692146e+00
3.847624063e+00
3.739618778e+00
3.622456551e+00
3.514089108e+00
3.409102917e+00
3.307573318e+00
3.203238964e+00
3.103877544e+00
3.010148048e+00
2.909460068e+00
2.816679716e+00
2.723907471e+00
2.632798195e+00
2.541091681e+00
2.457570076e+00
2.360448837e+00
2.276525497e+00
2.192583323e+00
2.102380991e+00
2.020388365e+00
1.941401720e+00
1.864035606e+00
1.785048485e+00
1.711078882e+00
1.642369509e+00
1.565853000e+00
1.500300288e+00
1.431842089e+00
1.365991354e+00
1.301238537e+00
1.249264956e+00
1.181512952e+00
1.128927350e+00
1.080477715e+00
1.022540689e+00
9.721831679e-01
9.229283333e-01
8.759853840e-01
8.258113861e-01
7.791959643e-01
7.406942248e-01
6.920414567e-01
6.544610262e-01
6.152534485e-01
5.771546960e-01
5.361605287e-01
5.042474270e-01
4.569419324e-01
4.252534211e-01
3.960691094e-01
3.575093150e-01
3.268171847e-01
2.957850993e-01
2.673971951e-01
2.342926413e-01
2.014263868e-01
1.754295677e-01
1.384689510e-01
1.141332239e-01
8.732478321e-02
6.349647045e-02
3.439811990e-02
1.619489677e-02
-1.688129269e-02
-3.625347838e-02
-5.263196304e-02
-8.104992658e-02
-1.038533822e-01
-1.265952438e-01
-1.468747407e-01
-1.710087806e-01
-1.900868565e-01
-2.017781287e-01
-2.244034708e-01
-2.388880849e-01
-2.579592764e-01
-2.740654945e-01
-2.912718654e-01
-3.007847965e-01
-3.238428235e-01
-3.346624970e-01
-3.403629959e-01
-3.562701344e-01
-3.657380342e-01
-3.732977808e-01
-3.810089827e-01
-3.919980824e-01
-4.022932649e-01
-4.044290483e-01
-4.153407514e-01
-4.174117446e-01
-4.258253574e-01
-4.300287366e-01
-4.376875758e-01
-4.369425178e-01
-4.524869025e-01
-4.568278491e-01
-4.578325152e-01
-4.689044356e-01
-4.720416069e-01
-4.755324423e-01
-4.801188111e-01
-4.878388345e-01
-4.953730404e-01
-4.960992634e-01
-5.094974637e-01
-5.100870132e-01
-5.150097609e-01
-5.166057944e-01
-5.215513110e-01
-5.184890628e-01
-5.308936834e-01
-5.299301744e-01
-5.285012126e-01
-5.379966497e-01
-5.380463004e-01
-5.373781919e-01
-5.364725590e-01
-5.401775241e-01
-5.425010920e-01
-5.384239554e-01
-5.450691581e-01
-5.417801142e-01
-5.427300930e-01
-5.422431827e-01
-5.457065105e-01
-5.381370783e-01
-5.461250544e-01
-5.409275889e-01
-5.357155800e-01
-5.419356227e-01
-5.401551127e-01
-5.385267138e-01
-5.370295048e-01
-5.378566384e-01
-5.373679399e-01
-5.318316817e-01
-5.369340181e-01
-5.333713889e-01
-5.339830518e-01
-5.317288637e-01
-5.317155123e-01
-5.214517117e-01
-5.272569656e-01
-5.227845311e-01
-5.135641098e-01
-5.175796747e-01
-5.146287084e-01
-5.112946630e-01
-5.084257126e-01
-5.089931488e-01
-5.084223151e-01
-5.019364357e-01
-5.058458447e-01
-4.999949634e-01
-4.990808070e-01
-4.970905483e-01
-4.965164065e-01
-4.867113829e-01
-4.922421575e-01
-4.839530587e-01
-4.769779444e-01
-4.805338681e-01
-4.762569666e-01
-4.700144827e-01
-4.653231204e-01
-4.637904763e-01
-4.618372917e-01
-4.523928165e-01
-4.548175037e-01
-4.497237504e-01
-4.496023059e-01
-4.458825886e-01
-4.449770749e-01
-4.343110621e-01
-4.395550787e-01
-4.328039587e-01
-4.217674136e-01
-4.229805768e-01
-4.170069993e-01
-4.089777470e-01
-4.050373435e-01
-4.040103853e-01
-4.003144801e-01
-3.908992708e-01
-3.932539821e-01
-3.865436316e-01
-3.847374320e-01
-3.812208176e-01
-3.799820244e-01
-3.680567443e-01
-3.719958067e-01
-3.645879924e-01
-3.557027280e-01
-3.584691584e-01
-3.533035219e-01
-3.489324152e-01
-3.450823724e-01
-3.462650478e-01
-3.437068462e-01
-3.357253373e-01
-3.369470239e-01
-3.300045133e-01
-3.279165328e-01
-3.247672617e-01
-3.243809938e-01
-3.140890598e-01
-3.207089901e-01
-3.133166432e-01
-3.039782941e-01
-3.061585426e-01
-3.017348945e-01
-2.967537344e-01
-2.910191119e-01
-2.882389426e-01
-2.862789035e-01
-2.777321339e-01
-2.794307172e-01
-2.701782286e-01
-2.678713202e-01
-2.636899650e-01
-2.625622451e-01
-2.505515814e-01
-2.554831207e-01
-2.491181493e-01
-2.414444387e-01
-2.445082217e-01
-2.410736233e-01
-2.375928760e-01
-2.356793433e-01
-2.346574068e-01
-2.324394435e-01
-2.240957916e-01
-2.267035693e-01
-2.193284482e-01
-2.180913091e-01
-2.138877213e-01
-2.138021737e-01
-2.040318251e-01
-2.111759335e-01
-2.050742358e-01
-1.980102807e-01
-2.010775208e-01
-1.959000677e-01
-1.903533489e-01
-1.864385456e-01
-1.867170185e-01
-1.855994761e-01
-1.770968735e-01
-1.788380593e-01
-1.725072861e-01
-1.717161387e-01
-1.680833548e-01
-1.690693498e-01
-1.607137173e-01
-1.667164117e-01
-1.590307057e-01
-1.495866477e-01
-1.514183432e-01
-1.469858736e-01
-1.432488263e-01
-1.386093199e-01
-1.362837851e-01
-1.308912486e-01
-1.199141592e-01
-1.216911450e-01
-1.147245541e-01
-1.139093190e-01
-1.111445278e-01
-1.100134030e-01
-9.919683635e-02
-1.061053947e-01
-9.982056171e-02
-9.273608029e-02
-9.704040736e-02
-9.319912642e-02
-8.878549188e-02
-8.443152905e-02
-8.415298909e-02
-8.210410178e-02
-7.442498952e-02
-7.815855742e-02
-7.270934433e-02
-7.192511857e-02
-6.944918633e-02
-6.955686212e-02
-5.981709808e-02
-6.651015580e-02
-6.247755140e-02
-5.670041218e-02
-6.056719646e-02
-5.814087391e-02
-5.405874550e-02
-5.053016171e-02
-4.982104152e-02
-4.715878144e-02
-3.778104857e-02
-4.029985145e-02
-3.320501372e-02
-3.291967511e-02
-2.976186387e-02
-2.887330204e-02
-1.969218999e-02
-2.620422840e-02
-2.076701075e-02
-1.252056938e-02
-1.445315685e-02
-1.029239222e-02
-6.975725759e-03
-4.072569776e-03
-4.323754925e-03
-3.498430829e-03
2.830764512e-03
-3.850943758e-04
4.976958036e-03
6.800233852e-03
9.648686275e-03
9.125835262e-03
1.811896265e-02
1.143092290e-02
1.746109128e-02
2.323329449e-02
1.854613237e-02
2.141861990e-02
2.416114882e-02
2.918822132e-02
3.004086390e-02
3.212380037e-02
3.867840767e-02
3.289613500e-02
3.739858791e-02
3.718844056e-02
3.897063434e-02
3.754898533e-02
4.622754827e-02
3.830938414e-02
4.396694154e-02
5.015077069e-02
4.460259899e-02
4.803710431e-02
5.064293370e-02
5.443466455e-02
5.442781746e-02
5.518650636e-02
6.107333675e-02
5.744047090e-02
6.258736551e-02
6.257362664e-02
6.542216241e-02
6.699752063e-02
7.628288865e-02
6.775111705e-02
7.310807705e-02
8.110675961e-02
7.659047097e-02
7.960991561e-02
8.390221745e-02
8.789043128e-02
8.741026372e-02
8.741369098e-02
9.433405101e-02
8.894295990e-02
9.379070252e-02
9.408460557e-02
9.634348005e-02
9.786602855e-02
1.074827313e-01
9.844189137e-02
1.039012372e-01
1.102133319e-01
1.056048498e-01
1.090599373e-01
1.113017499e-01
1.142065153e-01
1.113137007e-01
1.112350896e-01
1.171967983e-01
1.126363054e-01
1.193275526e-01
1.206006184e-01
1.226939410e-01
1.225896254e-01
1.313262582e-01
1.243632734e-01
1.288708001e-01
1.351589859e-01
1.308630556e-01
1.345335692e-01
1.389354914e-01
1.420523226e-01
1.388552636e-01
1.379512250e-01
1.443709433e-01
1.384640187e-01
1.436531842e-01
1.423322409e-01
1.439265758e-01
1.430124044e-01
1.531384885e-01
1.466246396e-01
1.520141661e-01
1.573983431e-01
1.528582871e-01
1.560160220e-01
1.581075639e-01
1.597548127e-01
1.577316523e-01
1.574497670e-01
1.656177342e-01
1.616808176e-01
1.670410335e-01
1.684643775e-01
1.711095124e-01
1.698963195e-01
1.778951585e-01
1.711523384e-01
1.765827984e-01
1.818372607e-01
1.755781025e-01
1.750483811e-01
1.759009957e-01
1.779568046e-01
1.770170033e-01
1.774048060e-01
1.825380325e-01
1.767298728e-01
1.823654324e-01
1.807334274e-01
1.811008006e-01
1.788812280e-01
1.872199476e-01
1.793818176e-01
1.840416789e-01
1.884655952e-01
1.821261942e-01
1.836913526e-01
1.857999265e-01
1.891318858e-01
1.881887764e-01
1.861177534e-01
1.924366355e-01
1.874079108e-01
1.904972941e-01
1.908988357e-01
1.931748241e-01
1.913636029e-01
1.998269856e-01
1.915241927e-01
1.943675280e-01
1.991538107e-01
1.936685890e-01
1.960130781e-01
1.971358061e-01
1.987779588e-01
1.965480000e-01
1.965838224e-01
2.018315345e-01
1.960898936e-01
1.990121156e-01
1.974433810e-01
1.961583346e-01
1.937557608e-01
2.000441253e-01
1.910320073e-01
1.947724670e-01
1.995006800e-01
1.948886514e-01
1.972586662e-01
1.973578632e-01
1.991060078e-01
1.978840977e-01
1.995108873e-01
2.050303221e-01
1.980635226e-01
2.025799006e-01
2.031095773e-01
2.034206241e-01
2.019801289e-01
2.114824653e-01
2.027080059e-01
2.074653059e-01
2.128324360e-01
2.094286382e-01
2.112740725e-01
2.126529515e-01
2.154690623e-01
2.152331620e-01
2.161286026e-01
2.241664529e-01
2.177587152e-01
2.225244492e-01
2.220510244e-01
2.243169248e-01
2.235427797e-01
2.294276804e-01
2.198229432e-01
2.229346186e-01
2.278230488e-01
2.210822552e-01
2.230199426e-01
2.245269865e-01
2.260137647e-01
2.235462815e-01
2.225962430e-01
2.273345143e-01
2.231994569e-01
2.274541259e-01
2.262683660e-01
2.274727672e-01
2.236060798e-01
2.310427129e-01
2.232608795e-01
2.270627767e-01
2.332265973e-01
2.291594595e-01
2.325003743e-01
2.347387224e-01
2.354307771e-01
2.334981263e-01
2.335664630e-01
2.386178374e-01
2.317705303e-01
2.347712517e-01
2.323037088e-01
2.318868786e-01
2.306443602e-01
2.385204583e-01
2.295985967e-01
2.324490547e-01
2.375957519e-01
2.325549573e-01
2.336929590e-01
2.351163626e-01
2.368593812e-01
2.330914438e-01
2.314715534e-01
2.362954021e-01
2.311912179e-01
2.371755093e-01
2.377325594e-01
2.371807396e-01
2.345867008e-01
2.406887412e-01
2.315707058e-01
2.356187254e-01
2.400632948e-01
2.339201272e-01
2.351744622e-01
2.382042855e-01
2.397677302e-01
2.372318953e-01
2.368167192e-01
2.425274104e-01
2.371652424e-01
2.398223430e-01
2.392295301e-01
2.400427759e-01
2.385444790e-01
2.434057593e-01
2.334367633e-01
2.376659214e-01
2.414304018e-01
2.363140881e-01
2.391353846e-01
2.416712642e-01
2.447350472e-01
2.413055897e-01
2.395267934e-01
2.433698177e-01
2.363756597e-01
2.392842621e-01
2.383460999e-01
2.409279197e-01
2.402596325e-01
2.469120473e-01
2.378282994e-01
2.409348041e-01
2.461705208e-01
2.418233901e-01
2.453979850e-01
2.470983118e-01
2.464165092e-01
2.440910190e-01
2.439303994e-01
2.501453161e-01
2.458424866e-01
2.498424947e-01
2.478964478e-01
2.486926168e-01
2.457929850e-01
2.541045547e-01
2.450854033e-01
2.489710897e-01
2.539644539e-01
2.488874197e-01
2.502426505e-01
2.530896068e-01
2.542226017e-01
2.523565888e-01
2.528725863e-01
2.571340501e-01
2.508628964e-01
2.541285157e-01
2.522078454e-01
2.513772845e-01
2.497606426e-01
2.586052716e-01
2.512747049e-01
2.551110387e-01
2.602064908e-01
2.530621886e-01
2.520590127e-01
2.537662685e-01
2.546752989e-01
2.511997819e-01
2.504595816e-01
2.556390464e-01
2.517175376e-01
2.550615072e-01
2.523581982e-01
2.525904179e-01
2.515465021e-01
2.601584792e-01
2.507893741e-01
2.551366687e-01
2.589981258e-01
2.522848248e-01
2.543540597e-01
2.548067868e-01
2.549212575e-01
2.518044114e-01
2.512317002e-01
2.561619282e-01
2.483148277e-01
2.510284185e-01
2.495622635e-01
2.493024319e-01
2.486992925e-01
2.571307421e-01
2.483012676e-01
2.523426414e-01
2.575681806e-01
2.506764829e-01
2.513754964e-01
2.543457448e-01
2.550990880e-01
2.525597811e-01
2.497076541e-01
2.549265027e-01
2.501519918e-01
2.536926866e-01
2.527288496e-01
2.532653809e-01
2.512302101e-01
2.602148056e-01
2.522249222e-01
2.541763484e-01
2.591708601e-01
2.538499832e-01
2.556541562e-01
2.583985627e-01
2.615872920e-01
2.599040270e-01
2.598613203e-01
2.656455338e-01
2.594903409e-01
2.637523413e-01
2.616075575e-01
2.598953247e-01
2.578227222e-01
2.661204934e-01
2.586737275e-01
2.610247433e-01
2.667562664e-01
2.603121996e-01
2.615801096e-01
2.607428730e-01
2.619869411e-01
2.606164813e-01
2.619425058e-01
2.693742216e-01
2.650662959e-01
