3.490012838e-03
3.417758737e-03
3.296476789e-03
3.220049664e-03
3.053342458e-03
3.014983376e-03
2.765214536e-03
2.813089639e-03
2.755549736e-03
2.735650633e-03
2.778479597e-03
2.861693036e-03
2.975616371e-03
3.014984541e-03
2.920386149e-03
2.991623711e-03
3.138282336e-03
3.239803948e-03
3.222645726e-03
3.154000035e-03
3.037333954e-03
2.840918722e-03
2.823477378e-03
2.804008313e-03
2.764920937e-03
2.722670790e-03
2.796506742e-03
2.751366701e-03
2.749205567e-03
2.831546590e-03
2.793330932e-03
2.977344207e-03
3.001713194e-03
2.889232012e-03
2.946625929e-03
3.101071343e-03
3.263743594e-03
3.328204388e-03
3.321138909e-03
3.132947255e-03
3.023921978e-03
2.980084624e-03
3.038345138e-03
3.062573262e-03
3.044396406e-03
3.170006210e-03
3.135396633e-03
3.056946443e-03
2.951529110e-03
3.032863606e-03
3.017428564e-03
3.110589692e-03
3.261867678e-03
3.351130057e-03
3.463618224e-03
3.450640710e-03
3.275424475e-03
3.264608327e-03
3.206637921e-03
3.115494968e-03
3.061702941e-03
3.054782050e-03
3.183851950e-03
3.279896686e-03
3.344934434e-03
3.514955984e-03
3.471980570e-03
3.536734032e-03
3.489719704e-03
3.597880714e-03
3.786362242e-03
3.945998847e-03
3.991284873e-03
4.087472800e-03
4.144724458e-03
3.831211245e-03
3.588937456e-03
3.395547625e-03
3.542934777e-03
3.762566252e-03
3.846496809e-03
3.969793208e-03
4.210476298e-03
4.395928700e-03
4.421895370e-03
4.435593262e-03
4.611089360e-03
4.559463821e-03
4.531632178e-03
4.727171734e-03
4.724144004e-03
4.933241755e-03
4.878591280e-03
4.741167650e-03
4.562925547e-03
4.798555281e-03
4.994390532e-03
4.920986947e-03
5.028420594e-03
5.172184203e-03
5.251499359e-03
5.250063259e-03
5.321165547e-03
5.405956414e-03
5.453118123e-03
5.492629018e-03
5.670871120e-03
5.777296145e-03
5.904775579e-03
5.944580771e-03
6.058502477e-03
6.165788975e-03
6.300195120e-03
6.193052512e-03
6.036003586e-03
6.139400415e-03
6.289238110e-03
6.352256984e-03
6.348500960e-03
6.290389225e-03
6.443681195e-03
6.581266876e-03
6.530072074e-03
6.512766238e-03
6.585732568e-03
6.844575051e-03
6.948264316e-03
7.100109477e-03
7.156639360e-03
7.050942630e-03
7.042441051e-03
6.941351574e-03
6.955766585e-03
7.246343419e-03
7.677815389e-03
7.899607532e-03
8.115066215e-03
8.228843100e-03
8.269948885e-03
8.154277690e-03
7.994211279e-03
8.012377657e-03
8.104091510e-03
8.276143111e-03
8.387329057e-03
8.795602247e-03
8.964327164e-03
8.913707919e-03
8.898275904e-03
8.900440298e-03
9.014507756e-03
9.073341265e-03
9.185113944e-03
9.349655360e-03
9.797879495e-03
1.013474632e-02
1.029524952e-02
1.036245655e-02
1.026164461e-02
1.032899972e-02
1.029078849e-02
1.023251470e-02
1.056101732e-02
1.118588168e-02
1.150734816e-02
1.169769745e-02
1.174326520e-02
1.167995762e-02
1.167087164e-02
1.159271318e-02
1.164649799e-02
1.187189762e-02
1.219969522e-02
1.259828452e-02
1.311266050e-02
1.344780065e-02
1.373435464e-02
1.379549038e-02
1.365243364e-02
1.350576617e-02
1.367276441e-02
1.387826633e-02
1.425333787e-02
1.478416007e-02
1.531299669e-02
1.570611820e-02
1.582624204e-02
1.577779464e-02
1.606807671e-02
1.633789018e-02
1.642455347e-02
1.649117097e-02
1.656745933e-02
1.680798084e-02
1.704967208e-02
1.717513427e-02
1.725213602e-02
1.734732091e-02
1.744106598e-02
1.793080568e-02
1.782510057e-02
1.797853224e-02
1.846698299e-02
1.859489642e-02
1.872641034e-02
1.878266037e-02
1.893652789e-02
1.875942387e-02
1.894647442e-02
1.930065826e-02
1.979226246e-02
2.033550665e-02
2.074230649e-02
2.105884068e-02
2.125022374e-02
2.136862278e-02
2.146827057e-02
2.142125182e-02
2.140726335e-02
2.173894830e-02
2.225794643e-02
2.253713086e-02
2.287659980e-02
2.300205082e-02
2.316859737e-02
2.323896810e-02
2.336385287e-02
2.351858094e-02
2.351456881e-02
2.339861169e-02
2.384533547e-02
2.432597801e-02
2.512665838e-02
2.549728006e-02
2.562575974e-02
2.577257343e-02
2.658662386e-02
2.744940668e-02
2.798470296e-02
2.800806053e-02
2.812949382e-02
2.864374034e-02
2.881218679e-02
2.929370478e-02
8.777943999e-02
4.343718886e-01
1.487355232e+00
3.131823778e+00
5.058025360e+00
7.009474277e+00
8.840066910e+00
1.049928665e+01
1.195154285e+01
1.316574383e+01
1.414821529e+01
1.491502380e+01
1.547732067e+01
1.583031464e+01
1.599217606e+01
1.599999905e+01
1.590529251e+01
1.577358437e+01
1.565125084e+01
1.554328728e+01
1.544971180e+01
1.536200047e+01
1.526719952e+01
1.515011024e+01
1.499471188e+01
1.480206490e+01
1.458739090e+01
1.436388302e+01
1.414831543e+01
1.394210911e+01
1.375757885e+01
1.359664822e+01
1.345392227e+01
1.330032921e+01
1.311395073e+01
1.288363838e+01
1.262463284e+01
1.236055565e+01
1.211280823e+01
1.189787674e+01
1.171817493e+01
1.156351948e+01
1.141603470e+01
1.125150394e+01
1.106008625e+01
1.083854580e+01
1.059955215e+01
1.035818863e+01
1.013385963e+01
9.935482979e+00
9.767215729e+00
9.622640610e+00
9.489426613e+00
9.350080490e+00
9.188401222e+00
9.000184059e+00
8.792298317e+00
8.578640938e+00
8.379182816e+00
8.204240799e+00
8.060280800e+00
7.935399532e+00
7.817075253e+00
7.686264038e+00
7.539042950e+00
7.375565052e+00
7.206394196e+00
7.039110184e+00
6.881678581e+00
6.739344120e+00
6.612282753e+00
6.498020649e+00
6.387033939e+00
6.268317699e+00
6.140872002e+00
6.005898952e+00
5.873429775e+00
5.745975494e+00
5.628366947e+00
5.518257141e+00
5.418627262e+00
5.324542522e+00
5.232511997e+00
5.133391380e+00
5.024332523e+00
4.910581589e+00
4.798413277e+00
4.695915222e+00
4.605804920e+00
4.524872780e+00
4.451864719e+00
4.379871368e+00
4.308688164e+00
4.230248928e+00
4.146240711e+00
4.055263519e+00
3.965729713e+00
3.879898310e+00
3.803291321e+00
3.732626438e+00
3.667809725e+00
3.608956337e+00
3.552407742e+00
3.497891665e+00
3.442419767e+00
3.381202221e+00
3.315786600e+00
3.243746758e+00
3.173443079e+00
3.103432894e+00
3.041597843e+00
2.985640764e+00
2.939958811e+00
2.898020267e+00
2.860193968e+00
2.818206072e+00
2.770385027e+00
2.717681646e+00
2.658424854e+00
2.597828388e+00
2.539897203e+00
2.486702204e+00
2.443843126e+00
2.406767607e+00
2.378306389e+00
2.347759008e+00
2.314479828e+00
2.270993233e+00
2.222118616e+00
2.167932272e+00
2.119461060e+00
2.077825069e+00
2.045587540e+00
2.022103786e+00
1.999230146e+00
1.973322868e+00
1.941588879e+00
1.901299357e+00
1.857345581e+00
1.810878038e+00
1.772695422e+00
1.742052555e+00
1.723298311e+00
1.708955646e+00
1.697201014e+00
1.678132653e+00
1.652790189e+00
1.616544485e+00
1.573827386e+00
1.532358170e+00
1.495908260e+00
1.470865607e+00
1.458316445e+00
1.453087687e+00
1.450661898e+00
1.439731598e+00
1.421897173e+00
1.391432166e+00
1.356223583e+00
1.317704916e+00
1.286360502e+00
1.262153268e+00
1.250501513e+00
1.244560122e+00
1.240448356e+00
1.235057354e+00
1.221744537e+00
1.201174974e+00
1.176011324e+00
1.147595048e+00
1.122521400e+00
1.099777937e+00
1.086324692e+00
1.075136900e+00
1.068666577e+00
1.059398413e+00
1.049105167e+00
1.032524705e+00
1.015592098e+00
9.957242012e-01
9.767679572e-01
9.616873264e-01
9.480460286e-01
9.368498921e-01
9.273384809e-01
9.160475135e-01
9.043896198e-01
8.882904649e-01
8.741620183e-01
8.579072356e-01
8.450032473e-01
8.317933083e-01
8.221861124e-01
8.116558194e-01
8.042603731e-01
7.949805260e-01
7.845089436e-01
7.743795514e-01
7.611951232e-01
7.470361590e-01
7.336236835e-01
7.203736305e-01
7.110120058e-01
7.016934156e-01
6.974709630e-01
6.914510727e-01
6.871427298e-01
6.793467999e-01
6.710433364e-01
6.579464674e-01
6.459264755e-01
6.320375800e-01
6.194242239e-01
6.112204790e-01
6.047441959e-01
6.013201475e-01
6.003578305e-01
5.978441238e-01
5.944455862e-01
5.848250389e-01
5.750276446e-01
5.605236888e-01
5.486646295e-01
5.371629596e-01
5.318793654e-01
5.277262330e-01
5.278784037e-01
5.263703465e-01
5.224015117e-01
5.170535445e-01
5.074216723e-01
4.960868359e-01
4.858197868e-01
4.764222205e-01
4.714908302e-01
4.665673375e-01
4.660671949e-01
4.630373120e-01
4.603092372e-01
4.531666338e-01
4.458050728e-01
4.352451563e-01
4.280003905e-01
4.211927056e-01
4.166459441e-01
4.157002568e-01
4.139701128e-01
4.111344516e-01
4.069175720e-01
3.990151882e-01
3.908377588e-01
3.801145256e-01
3.736146092e-01
3.673188090e-01
3.658463657e-01
3.647172749e-01
3.657395840e-01
3.629622757e-01
3.602556586e-01
3.532673120e-01
3.443536162e-01
3.365171552e-01
3.285762966e-01
3.230060041e-01
3.208780587e-01
3.199110925e-01
3.211584687e-01
3.191694915e-01
3.183000982e-01
3.127423525e-01
3.074550033e-01
2.991972864e-01
2.936460078e-01
2.872196436e-01
2.851052880e-01
2.830387652e-01
2.816224694e-01
2.819420099e-01
2.798945010e-01
2.766186893e-01
2.733297050e-01
2.683541477e-01
2.648234665e-01
2.593053281e-01
2.576748133e-01
2.541349530e-01
2.532223165e-01
2.504000664e-01
2.495235503e-01
2.461037487e-01
2.445131540e-01
2.406994849e-01
2.365085185e-01
2.342904508e-01
2.310443968e-01
2.281625718e-01
2.266984880e-01
2.242724001e-01
2.232206762e-01
2.193293124e-01
2.174316347e-01
2.126724422e-01
2.101213932e-01
2.057607323e-01
2.038052976e-01
2.003228366e-01
1.998349279e-01
1.983308345e-01
1.961195469e-01
1.951303035e-01
1.921163350e-01
1.885690540e-01
1.851643175e-01
1.806771457e-01
1.782477200e-01
1.743270457e-01
1.747087389e-01
1.733157039e-01
1.741287559e-01
1.725204736e-01
1.720718741e-01
1.681766808e-01
1.657028645e-01
1.613884866e-01
1.569399685e-01
1.549418420e-01
1.526879966e-01
1.517827660e-01
1.523360908e-01
1.519116610e-01
1.521725953e-01
1.487843841e-01
1.476018578e-01
1.431384683e-01
1.407490820e-01
1.370713115e-01
1.366279870e-01
1.345776767e-01
1.357720941e-01
1.350463927e-01
1.337456107e-01
1.330914646e-01
1.304070801e-01
1.273604035e-01
1.254139245e-01
1.229939759e-01
1.228383556e-01
1.205148250e-01
1.216342151e-01
1.196276546e-01
1.193804964e-01
1.166256368e-01
1.152664870e-01
1.116494536e-01
1.108615696e-01
1.088547558e-01
1.069595441e-01
1.074097455e-01
1.063653678e-01
1.051954627e-01
1.044285744e-01
1.020706147e-01
1.009166539e-01
9.725156426e-02
9.660729766e-02
9.383884817e-02
9.407228231e-02
9.245131910e-02
9.296670556e-02
9.136599302e-02
9.216555208e-02
9.052242339e-02
8.805702627e-02
8.719925582e-02
8.490180224e-02
8.286851645e-02
8.198954910e-02
8.044902980e-02
8.101920038e-02
7.926131040e-02
8.063275367e-02
7.893484086e-02
7.908566296e-02
7.688523084e-02
7.626472414e-02
7.303681225e-02
7.278100401e-02
7.118254900e-02
6.954696029e-02
6.997118890e-02
6.910324097e-02
6.811385602e-02
6.782744080e-02
6.622558832e-02
6.614294648e-02
6.317758560e-02
6.332280487e-02
6.068326160e-02
6.057666242e-02
5.868825689e-02
5.922330916e-02
5.739533156e-02
5.818597600e-02
5.681547150e-02
5.492064729e-02
5.471210554e-02
5.306544527e-02
5.169531330e-02
5.169270933e-02
5.050139129e-02
5.085184425e-02
4.842437804e-02
4.915605858e-02
4.681305960e-02
4.651078954e-02
4.426091164e-02
4.436158016e-02
4.266639799e-02
4.382422939e-02
4.320157319e-02
4.234682024e-02
4.321154207e-02
4.174898565e-02
3.995474800e-02
3.886625916e-02
3.695122153e-02
3.692252934e-02
3.435258195e-02
3.548506275e-02
3.415343538e-02
3.505169973e-02
3.361682594e-02
3.431191295e-02
3.230104223e-02
3.270396590e-02
3.103861399e-02
2.911273763e-02
2.937807143e-02
2.848223224e-02
2.769987658e-02
2.797057852e-02
2.718897164e-02
2.803994343e-02
2.585994080e-02
2.675473131e-02
2.461414784e-02
2.484026738e-02
2.300519682e-02
2.342047915e-02
2.125340141e-02
2.220299281e-02
2.140551433e-02
2.006466873e-02
2.048806660e-02
1.918962784e-02
1.823941432e-02
1.818547957e-02
1.687834971e-02
1.722864062e-02
1.508515794e-02
1.631016470e-02
1.434666384e-02
1.462800428e-02
1.300176699e-02
1.354989130e-02
1.149742492e-02
1.227812003e-02
1.091277227e-02
9.380931966e-03
9.928991087e-03
8.785651065e-03
7.881309837e-03
7.961343043e-03
7.125355303e-03
7.694109343e-03
5.189642776e-03
6.235733163e-03
4.237456247e-03
4.502783995e-03
2.617260208e-03
3.359648632e-03
1.786181005e-03
3.035182133e-03
2.184052952e-03
7.697954425e-04
1.461849199e-03
2.073763171e-04
-1.102476846e-03
-1.330330153e-03
-2.400352620e-03
-1.522127073e-03
-3.427834716e-03
-1.913936692e-03
-3.369428450e-03
-2.613057382e-03
-4.123199731e-03
-3.405771451e-03
-5.634237546e-03
-4.729312379e-03
-6.015100982e-03
-7.482854649e-03
-6.711907219e-03
-7.367063314e-03
-7.853344083e-03
-7.506235968e-03
-8.257272653e-03
-7.408161182e-03
-9.710867889e-03
-8.617936634e-03
-1.038170513e-02
-9.613534436e-03
-1.083641872e-02
-9.916345589e-03
-1.174854394e-02
-1.078939997e-02
-1.186851691e-02
-1.308920700e-02
-1.251976006e-02
-1.340011694e-02
-1.394986548e-02
-1.349430345e-02
-1.406090893e-02
-1.324049104e-02
-1.507472061e-02
-1.374810841e-02
-1.564446650e-02
-1.516051590e-02
-1.670339704e-02
-1.580367051e-02
-1.739906706e-02
-1.615438797e-02
-1.704906672e-02
-1.819034480e-02
-1.750780642e-02
-1.865758561e-02
-1.963792369e-02
-1.954359747e-02
-2.048213594e-02
-1.968939602e-02
-2.180477045e-02
-2.041378431e-02
-2.199194022e-02
-2.099894919e-02
-2.254283056e-02
-2.190412581e-02
-2.375406399e-02
-2.248600312e-02
-2.339470945e-02
-2.476933599e-02
-2.393492498e-02
-2.473531291e-02
-2.565373294e-02
-2.562259696e-02
-2.648337930e-02
-2.568187565e-02
-2.782368287e-02
-2.635892853e-02
-2.818709053e-02
-2.748926543e-02
-2.867552638e-02
-2.785096318e-02
-2.962887660e-02
-2.860285901e-02
-2.938775718e-02
-3.059463948e-02
-2.968711965e-02
-3.060434759e-02
-3.120510466e-02
-3.090285137e-02
-3.176751733e-02
-3.092102520e-02
-3.295190260e-02
-3.147507831e-02
-3.282946721e-02
-3.204815462e-02
-3.343226388e-02
-3.235977888e-02
-3.400891647e-02
-3.295376152e-02
-3.388965502e-02
-3.502039239e-02
-3.431046754e-02
-3.513475135e-02
-3.582117707e-02
-3.537370265e-02
-3.571144491e-02
-3.470112756e-02
-3.671066836e-02
-3.535264730e-02
-3.726457804e-02
-3.653674945e-02
-3.800145537e-02
-3.697602823e-02
-3.847825527e-02
-3.677585721e-02
-3.742751479e-02
-3.857588395e-02
-3.774450347e-02
-3.857889399e-02
-3.927630931e-02
-3.904603049e-02
-3.987595439e-02
-3.902770206e-02
-4.092446715e-02
-3.926565126e-02
-4.064748064e-02
-3.971286118e-02
-4.098141566e-02
-4.013074562e-02
-4.193153605e-02
-4.076106474e-02
-4.152452946e-02
-4.292431474e-02
-4.194967821e-02
-4.270769283e-02
-4.336635023e-02
-4.319011793e-02
-4.398191348e-02
-4.306218773e-02
-4.506710544e-02
-4.370956868e-02
-4.508294910e-02
-4.410422966e-02
-4.526179656e-02
-4.425274953e-02
-4.608019814e-02
-4.495994747e-02
-4.561480135e-02
-4.679766670e-02
-4.588003829e-02
-4.676883295e-02
-4.740837961e-02
-4.695918038e-02
-4.772217944e-02
-4.685432091e-02
-4.872558638e-02
-4.731189832e-02
-4.877835885e-02
-4.811779782e-02
-4.951826856e-02
-4.844558612e-02
-5.011475831e-02
-4.892561585e-02
-4.964821413e-02
-5.063010007e-02
-4.963611066e-02
-5.025619268e-02
-5.078009143e-02
-5.031993985e-02
-5.094577000e-02
-4.996230081e-02
-5.203602090e-02
-5.050076917e-02
-5.203647912e-02
-5.130591616e-02
-5.274723843e-02
-5.157542601e-02
-5.324059725e-02
-5.194720998e-02
-5.255506188e-02
-5.355861038e-02
-5.253559351e-02
-5.315088853e-02
-5.381457508e-02
-5.365578830e-02
-5.443811417e-02
-5.337328836e-02
-5.512179062e-02
-5.341120437e-02
-5.469032750e-02
-5.358917639e-02
-5.494946241e-02
-5.399858579e-02
-5.560411885e-02
-5.447458103e-02
-5.526702479e-02
-5.645330623e-02
-5.519375950e-02
-5.555854738e-02
-5.599184707e-02
-5.562916398e-02
-5.624745041e-02
-5.520202592e-02
-5.714979023e-02
-5.548957735e-02
-5.675967783e-02
-5.588571727e-02
-5.716679990e-02
-5.622647330e-02
-5.786122009e-02
-5.652648211e-02
-5.725418776e-02
-5.838989839e-02
-5.734724924e-02
-5.796807632e-02
-5.857303366e-02
-5.824235082e-02
-5.889519677e-02
-5.785788968e-02
-5.981641263e-02
-5.839621648e-02
-5.987149850e-02
-5.884804204e-02
-5.989530683e-02
-5.890515447e-02
-6.050282717e-02
-5.916256085e-02
-5.976898596e-02
-6.079315767e-02
-5.980343372e-02
-6.045670807e-02
-6.104930118e-02
-6.092512608e-02
-6.171292439e-02
-6.074005365e-02
-6.255293638e-02
-6.098867953e-02
-6.251531094e-02
-6.161532924e-02
-6.304482371e-02
-6.213371456e-02
-6.393536180e-02
-6.267334521e-02
-6.352203339e-02
-6.463722885e-02
-6.352951378e-02
-6.412661076e-02
-6.448020041e-02
-6.406903267e-02
-6.485743821e-02
-6.400099397e-02
-6.582809985e-02
-6.429068744e-02
-6.556867808e-02
-6.441283971e-02
-6.542172283e-02
-6.442569196e-02
-6.600691378e-02
-6.485238671e-02
-6.566458195e-02
-6.673689932e-02
-6.567133963e-02
-6.613627076e-02
-6.656543165e-02
-6.598453969e-02
-6.657768786e-02
-6.563529372e-02
-6.740720570e-02
-6.584770232e-02
-6.742494553e-02
-6.638401002e-02
-6.760379672e-02
-6.658879668e-02
-6.822679192e-02
-6.670141220e-02
-6.713102758e-02
-6.794672459e-02
-6.691802293e-02
-6.765727699e-02
-6.819748878e-02
-6.787938625e-02
-6.844125688e-02
-6.736154109e-02
-6.908571720e-02
-6.741616130e-02
-6.880985200e-02
-6.789913774e-02
-6.905154139e-02
-6.808847934e-02
-6.950379908e-02
-6.814401597e-02
-6.865856797e-02
-6.960806996e-02
-6.841354817e-02
-6.869129837e-02
-6.904705614e-02
-6.866722554e-02
-6.912656128e-02
-6.805720180e-02
-6.953755021e-02
