1.152864769e-01
1.140924841e-01
1.119863689e-01
1.110677496e-01
1.115892306e-01
1.107936278e-01
1.093864739e-01
1.090451628e-01
1.089461967e-01
1.080238521e-01
1.073451117e-01
1.060864627e-01
1.062882319e-01
1.048138887e-01
1.039524823e-01
1.030173451e-01
1.024324298e-01
1.014249027e-01
1.010341570e-01
9.969815612e-02
9.868314117e-02
9.696125984e-02
9.636110812e-02
9.509129077e-02
9.431348741e-02
9.342666715e-02
9.174403548e-02
9.064392000e-02
9.022776783e-02
8.897810429e-02
8.735662699e-02
8.567029238e-02
8.543810993e-02
8.516914397e-02
8.457908779e-02
8.431015909e-02
8.372394741e-02
8.263409138e-02
8.174339682e-02
8.011931181e-02
7.992517203e-02
7.965873182e-02
7.918675244e-02
7.762611657e-02
7.686100900e-02
7.654379308e-02
7.502757013e-02
7.305829227e-02
7.218153030e-02
7.209017873e-02
7.193413377e-02
7.229953259e-02
7.186308503e-02
7.002067566e-02
6.892955303e-02
6.796016544e-02
6.687786430e-02
6.785740703e-02
6.702760607e-02
6.623196602e-02
6.524863094e-02
6.405480951e-02
6.472335011e-02
6.334039569e-02
6.205896661e-02
6.098049879e-02
5.971673504e-02
5.969006941e-02
5.866354704e-02
5.822452903e-02
5.783498287e-02
5.745683610e-02
5.658517033e-02
5.641392991e-02
5.637205020e-02
5.619696155e-02
5.557778105e-02
5.557773262e-02
5.487105250e-02
5.509820208e-02
5.518064275e-02
5.392332003e-02
5.134758726e-02
5.152401328e-02
5.109637603e-02
5.024885759e-02
4.974256083e-02
4.910181835e-02
4.816272855e-02
4.643842205e-02
4.501612112e-02
4.476869106e-02
4.442868009e-02
4.387171194e-02
4.324610531e-02
4.211566225e-02
4.067556188e-02
4.060706869e-02
4.023530334e-02
4.003863782e-02
3.969475999e-02
3.995738178e-02
3.947397321e-02
3.883828595e-02
3.906925395e-02
3.867591172e-02
3.786642104e-02
3.760885075e-02
3.736652061e-02
3.622203693e-02
3.534147888e-02
3.580332547e-02
3.604692966e-02
3.570307791e-02
3.569674492e-02
3.453959152e-02
3.393818438e-02
3.337355331e-02
3.422619402e-02
3.458909318e-02
3.492277488e-02
3.462078795e-02
3.306651488e-02
3.208322451e-02
3.272015601e-02
3.178506345e-02
3.062791564e-02
3.010766394e-02
2.916368470e-02
2.913195640e-02
2.930452861e-02
2.948595956e-02
2.956210077e-02
2.972830273e-02
2.995795384e-02
3.013559245e-02
2.987168729e-02
2.867521718e-02
2.787712961e-02
2.734930255e-02
2.707778476e-02
2.799638733e-02
2.785429545e-02
2.756121382e-02
2.772995085e-02
2.662483416e-02
2.610459179e-02
2.564401180e-02
2.651443332e-02
2.654996514e-02
2.663748339e-02
2.584443614e-02
2.587234974e-02
2.534708567e-02
2.470124513e-02
2.513645776e-02
2.435613610e-02
2.379277907e-02
2.271804772e-02
2.272184193e-02
2.274720743e-02
2.244143747e-02
2.275230177e-02
2.257974446e-02
2.226000652e-02
2.215977758e-02
2.239577100e-02
2.203923836e-02
2.152794227e-02
2.075901814e-02
2.125638537e-02
2.066384442e-02
2.092397213e-02
2.171569504e-02
2.156471834e-02
2.203288488e-02
2.148350887e-02
2.065875940e-02
2.109652013e-02
2.103053220e-02
2.136679366e-02
2.201637439e-02
2.144417539e-02
2.117138542e-02
2.138073929e-02
2.147209458e-02
2.135029435e-02
2.179181017e-02
2.157102525e-02
2.217882685e-02
2.199480496e-02
2.185778879e-02
2.109652571e-02
2.074251138e-02
2.054076083e-02
1.934046857e-02
2.112063766e-02
2.120565251e-02
2.028446272e-02
2.100261301e-02
2.017917112e-02
2.043163776e-02
2.049507946e-02
2.178674378e-02
2.170046605e-02
2.212043852e-02
2.154063061e-02
2.177152783e-02
2.153426595e-02
2.232219838e-02
2.308727801e-02
2.352884039e-02
2.395769022e-02
2.402113006e-02
2.493474446e-02
2.465303056e-02
2.426097170e-02
2.500829287e-02
2.498548850e-02
2.466823533e-02
2.408586442e-02
2.330174297e-02
2.436373942e-02
2.449949272e-02
2.347805910e-02
2.439418621e-02
2.360113338e-02
2.483191341e-02
2.479637973e-02
2.645861916e-02
2.652966417e-02
2.618327737e-02
2.510602586e-02
2.475957945e-02
2.487760410e-02
2.459211648e-02
2.444872074e-02
2.462257259e-02
2.398940548e-02
2.368109860e-02
2.440178581e-02
2.435739525e-02
2.508319169e-02
2.502739429e-02
2.469114773e-02
2.568591200e-02
2.687476017e-02
2.629489452e-02
2.695975639e-02
2.770455368e-02
3.506233543e-02
2.578740753e-02
3.983512819e-01
1.777274609e+00
4.048738956e+00
6.598447800e+00
8.856900215e+00
1.058427620e+01
1.177645874e+01
1.251815128e+01
1.289500332e+01
1.297999954e+01
1.284920979e+01
1.256324959e+01
1.219105816e+01
1.178030682e+01
1.135938168e+01
1.095310402e+01
1.056990051e+01
1.021984673e+01
9.902055740e+00
9.617510796e+00
9.361824036e+00
9.133340836e+00
8.922729492e+00
8.726929665e+00
8.541478157e+00
8.354467392e+00
8.177481651e+00
8.001819611e+00
7.821665287e+00
7.650820255e+00
7.492560863e+00
7.344119072e+00
7.195188046e+00
7.048494339e+00
6.899696827e+00
6.753159046e+00
6.609871864e+00
6.469713688e+00
6.330862522e+00
6.196644783e+00
6.067164898e+00
5.936678410e+00
5.811365604e+00
5.688080311e+00
5.565788269e+00
5.447431087e+00
5.329762459e+00
5.216545105e+00
5.103281021e+00
4.994564533e+00
4.885749340e+00
4.779930592e+00
4.676465034e+00
4.575216293e+00
4.472882748e+00
4.377216816e+00
4.283491611e+00
4.187232971e+00
4.096309185e+00
4.004862785e+00
3.914418221e+00
3.826419830e+00
3.739498615e+00
3.656777620e+00
3.574194908e+00
3.495455027e+00
3.417407751e+00
3.338979244e+00
3.262817383e+00
3.188244820e+00
3.114186049e+00
3.043756723e+00
2.975588560e+00
2.904394627e+00
2.839305162e+00
2.775258780e+00
2.711047888e+00
2.650144100e+00
2.590377331e+00
2.532432318e+00
2.472624540e+00
2.418672562e+00
2.365529060e+00
2.312926054e+00
2.262522221e+00
2.212754250e+00
2.161720514e+00
2.114221096e+00
2.069234133e+00
2.021579742e+00
1.976638556e+00
1.933143497e+00
1.889077067e+00
1.847607493e+00
1.804942489e+00
1.765962243e+00
1.725817919e+00
1.688383579e+00
1.650306344e+00
1.613664627e+00
1.577860594e+00
1.543731451e+00
1.507243276e+00
1.474536419e+00
1.443079710e+00
1.409276247e+00
1.381212592e+00
1.351660967e+00
1.320521593e+00
1.292583585e+00
1.264000177e+00
1.238864183e+00
1.211404085e+00
1.187258124e+00
1.161698580e+00
1.136032701e+00
1.111700535e+00
1.088991165e+00
1.066562176e+00
1.046450734e+00
1.024360180e+00
1.000472903e+00
9.813609123e-01
9.613892436e-01
9.418094158e-01
9.224610925e-01
9.042400122e-01
8.875738382e-01
8.682101369e-01
8.526405096e-01
8.362558484e-01
8.219346404e-01
8.069357872e-01
7.922410369e-01
7.767080665e-01
7.627481222e-01
7.495451570e-01
7.346118689e-01
7.221283317e-01
7.080194354e-01
6.934260130e-01
6.795716882e-01
6.670379043e-01
6.565588117e-01
6.429542899e-01
6.318578124e-01
6.184061766e-01
6.076704860e-01
5.964627862e-01
5.871105194e-01
5.761508346e-01
5.675680637e-01
5.594902039e-01
5.472396612e-01
5.397527814e-01
5.308231115e-01
5.208892822e-01
5.124474168e-01
5.040745735e-01
4.966977835e-01
4.866921306e-01
4.793248475e-01
4.703118205e-01
4.630937874e-01
4.566404819e-01
4.502383173e-01
4.424599111e-01
4.365890324e-01
4.312004149e-01
4.226800799e-01
4.179000556e-01
4.113642275e-01
4.049909711e-01
4.004994929e-01
3.944255114e-01
3.907890916e-01
3.839957714e-01
3.804189265e-01
3.752236664e-01
3.704583347e-01
3.650175035e-01
3.604332805e-01
3.547153771e-01
3.498606682e-01
3.467872739e-01
3.406208456e-01
3.377080560e-01
3.343571126e-01
3.287479579e-01
3.256472349e-01
3.213144839e-01
3.187146783e-01
3.123515248e-01
3.101169765e-01
3.055403531e-01
3.020741343e-01
2.992739081e-01
2.977882028e-01
2.927931547e-01
2.900171280e-01
2.880671024e-01
2.827800214e-01
2.812054753e-01
2.795381248e-01
2.755300105e-01
2.726550400e-01
2.700233459e-01
2.681150138e-01
2.642769814e-01
2.624346614e-01
2.594061792e-01
2.569216192e-01
2.544359267e-01
2.529603243e-01
2.501957715e-01
2.480564266e-01
2.483927906e-01
2.439215928e-01
2.431057096e-01
2.419624031e-01
2.397317737e-01
2.382092029e-01
2.361129671e-01
2.355293930e-01
2.318650931e-01
2.295254022e-01
2.282236964e-01
2.255286872e-01
2.244171202e-01
2.234414071e-01
2.202250510e-01
2.195487618e-01
2.198254019e-01
2.157128602e-01
2.154958993e-01
2.140964717e-01
2.100198567e-01
2.085722685e-01
2.064494193e-01
2.065560371e-01
2.043711096e-01
2.045361251e-01
2.033333331e-01
2.010419369e-01
1.995714158e-01
1.992479414e-01
1.978712529e-01
1.972305328e-01
1.978725195e-01
1.945658326e-01
1.946368515e-01
1.939657629e-01
1.917111278e-01
1.913443953e-01
1.891935170e-01
1.898712218e-01
1.872952133e-01
1.874906123e-01
1.874653250e-01
1.862790138e-01
1.855606586e-01
1.850073487e-01
1.820867360e-01
1.803941280e-01
1.814117134e-01
1.792660505e-01
1.798307896e-01
1.793497056e-01
1.780059934e-01
1.783244610e-01
1.774133742e-01
1.779221743e-01
1.745220721e-01
1.737431288e-01
1.718144566e-01
1.704413146e-01
1.696140021e-01
1.685355604e-01
1.668277830e-01
1.681600958e-01
1.685774624e-01
1.656070650e-01
1.664673686e-01
1.652695537e-01
1.628155112e-01
1.638052315e-01
1.626430452e-01
1.627242565e-01
1.604060084e-01
1.600138694e-01
1.587982774e-01
1.586143672e-01
1.585191935e-01
1.592804939e-01
1.569965780e-01
1.571361572e-01
1.586067528e-01
1.552925259e-01
1.564243436e-01
1.563989669e-01
1.546569169e-01
1.546328217e-01
1.547863185e-01
1.549512893e-01
1.530278027e-01
1.537510455e-01
1.543409824e-01
1.532714516e-01
1.533184052e-01
1.537002921e-01
1.530290991e-01
1.521485746e-01
1.536317915e-01
1.501070857e-01
1.513669938e-01
1.518122852e-01
1.502276063e-01
1.505383849e-01
1.499281526e-01
1.509050578e-01
1.486123949e-01
1.489626169e-01
1.489042193e-01
1.484690309e-01
1.495905966e-01
1.491453052e-01
1.465263665e-01
1.469679028e-01
1.487773657e-01
1.454326212e-01
1.460543275e-01
1.472788304e-01
1.461051255e-01
1.467027515e-01
1.456876546e-01
1.467090845e-01
1.452169418e-01
1.463601887e-01
1.454275548e-01
1.442043930e-01
1.451129019e-01
1.452994496e-01
1.443389058e-01
1.435966194e-01
1.445825249e-01
1.424800158e-01
1.425980181e-01
1.427109241e-01
1.413254142e-01
1.409131140e-01
1.408839077e-01
1.414409131e-01
1.397508979e-01
1.389921308e-01
1.395060420e-01
1.394692361e-01
1.397788078e-01
1.397687346e-01
1.381395459e-01
1.391977370e-01
1.404207498e-01
1.388347298e-01
1.398472935e-01
1.409219652e-01
1.393943727e-01
1.397724152e-01
1.401086599e-01
1.413013339e-01
1.391444504e-01
1.394413561e-01
1.399108022e-01
1.402343214e-01
1.413775086e-01
1.416401416e-01
1.399805993e-01
1.395973563e-01
1.419191957e-01
1.396899372e-01
1.421819478e-01
1.426310241e-01
1.417111754e-01
1.420385540e-01
1.420219988e-01
1.427058876e-01
1.421552449e-01
1.430750489e-01
1.416515410e-01
1.406314224e-01
1.399399489e-01
1.407849938e-01
1.390098929e-01
1.390860230e-01
1.402710378e-01
1.376903206e-01
1.393498927e-01
1.403598487e-01
1.384884417e-01
1.385087222e-01
1.382879466e-01
1.388970166e-01
1.364088058e-01
1.381751150e-01
1.381585747e-01
1.379974037e-01
1.369379759e-01
1.379644573e-01
1.370825768e-01
1.365482211e-01
1.377969086e-01
1.353454441e-01
1.364429146e-01
1.363807768e-01
1.341235340e-01
1.336643100e-01
1.320187002e-01
1.321531236e-01
1.304782778e-01
1.317648888e-01
1.318384409e-01
1.313652247e-01
1.311354786e-01
1.314247698e-01
1.295177639e-01
1.294961721e-01
1.304909140e-01
1.266881526e-01
1.273315847e-01
1.285343915e-01
1.269888729e-01
1.272933930e-01
1.260904819e-01
1.268023551e-01
1.253659725e-01
1.265460998e-01
1.263518929e-01
1.263201386e-01
1.264292747e-01
1.256653666e-01
1.243140772e-01
1.232128069e-01
1.240222529e-01
1.216661483e-01
1.231950298e-01
1.235566065e-01
1.233181134e-01
1.252885908e-01
1.246110350e-01
1.254852712e-01
1.231862307e-01
1.244258136e-01
1.253394186e-01
1.242493689e-01
1.240996942e-01
1.252621114e-01
1.235617176e-01
1.230821088e-01
1.242228746e-01
1.219237372e-01
1.236150861e-01
1.229324117e-01
1.219237000e-01
1.224261820e-01
1.224807501e-01
1.234044433e-01
1.232953221e-01
1.243168339e-01
1.237914488e-01
1.236988232e-01
1.237026304e-01
1.237749457e-01
1.225568801e-01
1.227661446e-01
1.236518770e-01
1.209784523e-01
1.219821125e-01
1.225314811e-01
1.214707270e-01
1.217003986e-01
1.210189909e-01
1.219744310e-01
1.194367781e-01
1.207056344e-01
1.206116378e-01
1.210951358e-01
1.218717247e-01
1.214173958e-01
1.192325130e-01
1.194698364e-01
1.208248511e-01
1.180690229e-01
1.203820631e-01
1.209759340e-01
1.184560210e-01
1.187719330e-01
1.187161133e-01
1.198935509e-01
1.189597026e-01
1.185879484e-01
1.179725677e-01
1.174815074e-01
1.180740595e-01
1.190320477e-01
1.172658652e-01
1.162965447e-01
1.174663305e-01
1.151748598e-01
1.167494580e-01
1.164919287e-01
1.155529618e-01
1.149971709e-01
1.138616204e-01
1.146610081e-01
1.138083711e-01
1.143259630e-01
1.144731417e-01
1.141610369e-01
1.148094833e-01
1.168737784e-01
1.154603809e-01
1.148474291e-01
1.153841913e-01
1.128655598e-01
1.141115353e-01
1.144528240e-01
1.126182228e-01
1.130267009e-01
1.132767573e-01
1.130686626e-01
1.116563976e-01
1.128085405e-01
1.133363545e-01
1.124177054e-01
1.134987548e-01
1.126055121e-01
1.119012609e-01
1.117185727e-01
1.131143123e-01
1.111170948e-01
1.121322066e-01
1.131625026e-01
1.119660065e-01
1.121005043e-01
1.108989194e-01
1.128300503e-01
1.107022539e-01
1.120878384e-01
1.122032329e-01
1.127881631e-01
1.121702939e-01
1.129188910e-01
1.114266440e-01
1.119520143e-01
1.128212139e-01
1.098954082e-01
1.105589122e-01
1.104853228e-01
1.091671064e-01
1.094969809e-01
1.089006737e-01
1.111627743e-01
1.092711911e-01
1.097685844e-01
1.100806147e-01
1.095083803e-01
1.093574241e-01
1.112059653e-01
1.095680892e-01
1.094868854e-01
1.121411845e-01
1.090986058e-01
1.103293225e-01
1.105512977e-01
1.089869514e-01
1.083513424e-01
1.089134067e-01
1.107275859e-01
1.086545438e-01
1.086849794e-01
1.081965044e-01
1.086050048e-01
1.097000092e-01
1.110664234e-01
1.098699495e-01
1.104369909e-01
1.112478450e-01
1.089374498e-01
1.113506183e-01
1.120015979e-01
1.098977849e-01
1.100704223e-01
1.086861417e-01
1.094904765e-01
1.076509133e-01
1.077256575e-01
1.081582978e-01
1.075746417e-01
1.072588116e-01
1.086505577e-01
1.072956696e-01
1.068261638e-01
1.076178476e-01
1.058657095e-01
1.071421355e-01
1.073248908e-01
1.060649976e-01
1.062007397e-01
1.056716442e-01
1.069874018e-01
1.047645658e-01
1.055549383e-01
1.058582067e-01
1.050055996e-01
1.054229587e-01
1.062729806e-01
1.044231504e-01
1.042353883e-01
1.064519212e-01
1.049256250e-01
1.062019840e-01
1.064583138e-01
1.047670990e-01
1.051045433e-01
1.049117073e-01
1.061653122e-01
1.044345945e-01
1.046198383e-01
1.041363999e-01
1.040031537e-01
1.039232388e-01
1.035210267e-01
1.021659747e-01
1.018297374e-01
1.031530723e-01
1.001283154e-01
1.020073295e-01
1.025224701e-01
1.002526805e-01
1.007246003e-01
9.968037158e-02
1.007765830e-01
9.820348769e-02
9.925402701e-02
9.884806722e-02
9.907895327e-02
9.928836673e-02
9.989866614e-02
9.893174469e-02
1.002564505e-01
1.018488109e-01
9.993161261e-02
1.009505317e-01
1.011217386e-01
9.983008355e-02
1.000737771e-01
1.002044678e-01
1.004823595e-01
1.001968160e-01
1.019502953e-01
1.008033901e-01
1.007005721e-01
1.010000780e-01
1.031480357e-01
1.004797816e-01
1.002170965e-01
1.010076702e-01
9.910696000e-02
1.011002511e-01
1.018120125e-01
9.958403558e-02
9.876046330e-02
9.856888652e-02
9.954085201e-02
9.879725426e-02
1.000978053e-01
9.959025681e-02
9.863360226e-02
9.968421608e-02
1.007271558e-01
9.999001771e-02
1.002170965e-01
1.014085710e-01
9.837850928e-02
1.003325358e-01
1.009657383e-01
9.950279444e-02
9.876549244e-02
9.823391587e-02
9.871985763e-02
9.710354358e-02
9.759695828e-02
9.651359171e-02
9.593251348e-02
9.677620977e-02
9.726969898e-02
9.673685580e-02
9.665055573e-02
9.741928428e-02
9.447979927e-02
9.675210714e-02
9.656564891e-02
9.481855482e-02
9.445192665e-02
9.399891645e-02
9.440876544e-02
9.260562062e-02
9.457999468e-02
9.430596977e-02
9.360302985e-02
9.267417341e-02
9.278454632e-02
9.186842293e-02
9.227065742e-02
9.382889420e-02
9.159814566e-02
9.369569272e-02
9.393038601e-02
9.205367416e-02
9.219197184e-02
9.176310897e-02
9.339746088e-02
9.126818925e-02
9.120858461e-02
8.991841227e-02
9.023421258e-02
9.067322314e-02
9.157905728e-02
8.925230801e-02
8.998557925e-02
9.014794976e-02
8.811545372e-02
9.001474828e-02
9.094605595e-02
8.970147371e-02
8.966588229e-02
9.010235965e-02
9.105636179e-02
8.909745514e-02
9.000968933e-02
8.971909434e-02
8.989553899e-02
9.073541313e-02
9.129109234e-02
8.851001412e-02
8.855568618e-02
9.024317563e-02
8.753675222e-02
8.885762841e-02
8.827276528e-02
8.634921908e-02
8.652428538e-02
8.659152687e-02
8.713709563e-02
8.465785533e-02
8.447510749e-02
8.425552398e-02
8.423145115e-02
8.518944681e-02
8.506135643e-02
8.453599364e-02
8.464135975e-02
8.589754254e-02
8.371258527e-02
8.538742363e-02
8.549909294e-02
8.347783983e-02
8.422013372e-02
8.427213877e-02
8.515144140e-02
8.491544425e-02
8.687191457e-02
8.807861060e-02
8.871553838e-02
