-3.840894982e-02
-4.216996979e-02
-4.174733428e-02
-4.300993497e-02
-4.502721483e-02
-2.775690401e-02
-2.817243845e-02
-3.751374721e-02
-3.687076783e-02
-3.681480255e-02
-3.319861771e-02
-3.442892187e-02
-3.323171534e-02
-3.755737439e-02
-3.894700873e-02
-3.963954024e-02
-4.099781893e-02
-4.172157294e-02
-3.759151499e-02
-4.048379048e-02
-2.544883104e-02
-4.021613575e-02
-4.304909514e-02
-2.726519287e-02
-2.599628776e-02
-4.251066786e-02
-4.138149843e-02
-4.366038601e-02
-4.490273979e-02
-4.147352381e-02
-4.258965613e-02
-3.746672484e-02
-4.186177462e-02
-4.376456088e-02
-4.411414416e-02
-4.075814684e-02
-4.215715680e-02
-4.272746121e-02
-4.319795124e-02
-4.631905860e-02
-4.633815381e-02
-4.356270196e-02
-4.358289562e-02
-3.981567997e-02
-4.239895921e-02
-4.440728506e-02
-3.948359416e-02
-4.110993811e-02
-4.379192217e-02
-4.627638563e-02
-3.194467144e-02
-3.368643657e-02
-3.406710478e-02
-4.931723984e-02
-4.802668757e-02
-4.173975833e-02
-4.135512462e-02
-4.274849812e-02
-4.949295795e-02
-5.173004910e-02
-4.709967663e-02
-4.799994762e-02
-4.882656724e-02
-5.135221688e-02
-3.898736276e-02
-3.787805190e-02
-3.768098843e-02
-3.516651852e-02
-5.097850107e-02
-5.041341151e-02
-4.824977202e-02
-4.878198586e-02
-5.064939992e-02
-5.105995252e-02
-3.915562031e-02
-5.024491651e-02
-5.328234224e-02
-5.555074465e-02
-4.007448056e-02
-4.160904989e-02
-3.792616606e-02
-5.343485983e-02
-5.314672297e-02
-5.222467167e-02
-5.428855227e-02
-5.231515479e-02
-3.932878425e-02
-3.902076218e-02
-4.021526143e-02
-5.250997921e-02
-5.600758733e-02
-4.022917286e-02
-4.243204574e-02
-5.385965895e-02
-5.336609044e-02
-5.305913575e-02
-5.250729412e-02
-5.367751659e-02
-5.190908474e-02
-5.333069606e-02
-3.681327582e-02
-4.418813506e-02
-4.169237646e-02
-4.458829569e-02
-4.180313979e-02
-5.681997153e-02
-4.391492818e-02
-4.325045919e-02
-4.328485720e-02
-4.271892439e-02
-4.304110866e-02
-4.451977705e-02
-4.654083822e-02
-4.399923781e-02
-5.609359900e-02
-5.352543172e-02
-4.031872175e-02
-3.870064610e-02
-5.576028159e-02
-5.918343947e-02
-4.390209744e-02
-4.517671003e-02
-5.748867009e-02
-4.286977767e-02
-5.516877385e-02
-4.269652718e-02
-5.584481757e-02
-5.540545018e-02
-4.564829630e-02
-4.721482042e-02
-4.684719599e-02
-4.648524353e-02
-4.400328320e-02
-4.693514935e-02
-5.321782683e-02
-5.391922136e-02
-5.028170891e-02
-4.946383692e-02
-5.121145155e-02
-5.211976451e-02
-5.508570912e-02
-5.440242453e-02
-5.109908605e-02
-5.096772964e-02
-5.335983707e-02
-5.240112651e-02
-5.151717466e-02
-4.950203400e-02
-5.145657371e-02
-5.234944185e-02
-5.390856754e-02
-5.329466481e-02
-5.839571372e-02
-5.659856028e-02
-5.795267597e-02
-5.571360761e-02
-5.781549446e-02
-5.835622736e-02
-5.705472391e-02
-5.577712887e-02
-5.239018643e-02
-5.325091558e-02
-5.286264702e-02
-4.937675122e-02
-4.916917373e-02
-5.411188661e-02
-4.888253252e-02
-6.496246493e-02
-6.245355827e-02
-6.266550292e-02
-5.706563515e-02
-5.554876967e-02
-6.120765396e-02
-6.531349062e-02
-5.348049528e-02
-6.450594402e-02
-6.328058842e-02
-6.557098195e-02
-6.490132919e-02
-6.672369586e-02
-6.538197153e-02
-6.399572130e-02
-6.239612840e-02
-6.460181952e-02
-6.106340245e-02
-5.969604771e-02
-5.896500401e-02
-5.965245382e-02
-6.147914771e-02
-6.302951024e-02
-6.301773801e-02
-6.568806079e-02
-6.300868415e-02
-6.030243441e-02
-5.731792272e-02
-5.914690227e-02
-5.755184739e-02
-5.384692141e-02
-7.241490110e-02
-7.228215554e-02
-6.834396618e-02
-6.651563239e-02
-6.667293655e-02
-7.002717192e-02
-6.455616410e-02
-6.962711115e-02
-7.404733865e-02
-5.765211667e-02
-7.463978063e-02
-7.226302926e-02
-7.526152783e-02
-7.590899198e-02
-6.133892383e-02
-6.528164678e-02
-6.544879923e-02
-6.537126446e-02
-6.055098283e-02
-6.372368388e-02
-7.614982465e-02
-7.894497752e-02
-7.904517579e-02
-7.790321112e-02
-7.214595486e-02
-7.199327084e-02
-6.961960843e-02
-7.423030651e-02
-7.795740113e-02
-7.798146043e-02
-7.713191546e-02
-7.417088390e-02
-7.463476772e-02
-7.983973187e-02
-7.843472594e-02
-8.101405077e-02
-8.041809377e-02
-8.391322983e-02
-8.235402203e-02
-8.143028201e-02
-8.019578157e-02
-7.796583586e-02
-8.086491506e-02
-8.476764791e-02
-8.653355001e-02
-8.759200613e-02
-8.009592282e-02
-8.115987783e-02
-8.138915352e-02
-7.843529181e-02
-7.827528481e-02
-6.654466466e-02
2.578492674e-02
6.046429790e-01
2.379351137e+00
5.186469144e+00
8.304378261e+00
1.078034047e+01
1.235261808e+01
1.339148990e+01
1.395440627e+01
1.412000000e+01
1.403180621e+01
1.369656822e+01
1.321307225e+01
1.262950984e+01
1.219146436e+01
1.160406031e+01
1.105311029e+01
1.056207884e+01
1.013325589e+01
9.751359127e+00
9.293735171e+00
9.116560295e+00
8.731373613e+00
8.483354831e+00
8.360728300e+00
8.042424260e+00
7.870312234e+00
7.734217866e+00
7.624753916e+00
7.610412722e+00
7.363782984e+00
7.201092020e+00
7.033158117e+00
6.868364721e+00
6.709288066e+00
6.562254692e+00
6.426502186e+00
6.291628669e+00
6.163135383e+00
6.037156502e+00
5.845999628e+00
5.733257409e+00
5.620299317e+00
5.524639232e+00
5.415007557e+00
5.304313345e+00
5.202194257e+00
5.095478796e+00
4.940782391e+00
4.841153538e+00
4.740940178e+00
4.657602361e+00
4.595542559e+00
4.529871299e+00
4.444713170e+00
4.356976768e+00
4.207492323e+00
4.132330530e+00
4.052371789e+00
3.981563537e+00
3.906578460e+00
3.828358837e+00
3.759350795e+00
3.674303651e+00
3.558078325e+00
3.490373317e+00
3.445620146e+00
3.385937739e+00
3.325548143e+00
3.219204049e+00
3.168914125e+00
3.096615746e+00
3.046928250e+00
2.994486629e+00
2.898825763e+00
2.842364844e+00
2.794145014e+00
2.756937864e+00
2.705899368e+00
2.653966548e+00
2.563899430e+00
2.558416845e+00
2.503065056e+00
2.422724304e+00
2.386950858e+00
2.344356384e+00
2.298718988e+00
2.221797825e+00
2.177188726e+00
2.153580986e+00
2.127203231e+00
2.078333691e+00
2.006452890e+00
1.973080434e+00
1.938450892e+00
1.914064418e+00
1.887687287e+00
1.848014584e+00
1.811474074e+00
1.781524673e+00
1.747288641e+00
1.707833142e+00
1.685460698e+00
1.616375038e+00
1.579860427e+00
1.550656873e+00
1.520971249e+00
1.493455850e+00
1.465414788e+00
1.435427519e+00
1.409277360e+00
1.373199144e+00
1.350890194e+00
1.326132305e+00
1.295169263e+00
1.268843730e+00
1.240816877e+00
1.184691492e+00
1.170934584e+00
1.150243113e+00
1.119644049e+00
1.101668962e+00
1.089761818e+00
1.067440945e+00
1.050428556e+00
1.036964414e+00
1.011718139e+00
9.930607237e-01
9.810413253e-01
9.612812230e-01
9.091262328e-01
8.927849479e-01
9.026457174e-01
8.834324083e-01
8.621253675e-01
8.515198825e-01
8.338866517e-01
8.096098517e-01
7.928100487e-01
7.688635281e-01
7.591553605e-01
7.452810061e-01
7.302243440e-01
7.167371552e-01
7.010653433e-01
6.892493173e-01
6.749167842e-01
6.627533363e-01
6.518035450e-01
6.348309464e-01
6.195856445e-01
6.075982942e-01
5.988261825e-01
5.879783869e-01
5.773186653e-01
5.670520609e-01
5.550515625e-01
5.379981116e-01
5.225257708e-01
5.069957850e-01
4.928651796e-01
4.855105163e-01
4.768608913e-01
4.656967898e-01
4.595785109e-01
4.570730283e-01
4.513436859e-01
4.332408394e-01
4.165749935e-01
4.020516171e-01
4.246266044e-01
3.873695918e-01
3.852841550e-01
3.736687519e-01
3.738734157e-01
3.734314409e-01
3.689896838e-01
3.591672512e-01
3.439568333e-01
3.316130338e-01
3.221109214e-01
3.424258345e-01
3.071512887e-01
3.005589737e-01
3.188112622e-01
2.870114969e-01
3.035770202e-01
2.671778320e-01
2.871680865e-01
2.844690266e-01
2.539694688e-01
2.759291020e-01
2.651842031e-01
2.353494804e-01
2.321926258e-01
2.205345963e-01
2.429232738e-01
2.368549287e-01
2.329507291e-01
2.292978162e-01
1.952224608e-01
1.925328054e-01
1.940104020e-01
1.818538776e-01
2.023504781e-01
1.978958681e-01
1.909801328e-01
1.819230575e-01
1.828260491e-01
1.681866835e-01
1.652037806e-01
1.590893651e-01
1.590493084e-01
1.438702573e-01
1.497429658e-01
1.404993877e-01
1.408521043e-01
1.370601081e-01
1.407816617e-01
1.392479201e-01
1.270340768e-01
1.295732784e-01
1.285322798e-01
1.264815983e-01
1.211452489e-01
1.138188567e-01
1.085305815e-01
1.038960660e-01
1.015006055e-01
1.199876996e-01
1.169697197e-01
8.664967685e-02
7.884518312e-02
1.012929747e-01
9.381890030e-02
6.805592917e-02
9.154121102e-02
9.222846999e-02
8.591900818e-02
8.638054199e-02
8.534074836e-02
5.541808785e-02
5.275626195e-02
7.389265301e-02
7.558975687e-02
7.248135599e-02
7.289098323e-02
6.976263278e-02
6.561870556e-02
5.909306952e-02
5.704356636e-02
5.722317009e-02
5.184220823e-02
5.008344714e-02
4.601265646e-02
4.759281241e-02
5.259815670e-02
2.793814320e-02
4.834502839e-02
2.631937741e-02
4.126165905e-02
3.582858424e-02
3.183267653e-02
3.693842768e-02
1.664012224e-02
4.133663522e-02
4.286952470e-02
3.965712869e-02
3.256515376e-02
3.197462685e-02
2.898724367e-02
3.436834311e-02
3.211270043e-02
3.208264295e-02
3.170701206e-02
4.611794308e-03
1.322304686e-02
2.565478860e-02
8.783397941e-04
-1.874373109e-03
2.142228223e-02
1.366436040e-03
3.716640520e-03
2.320372678e-02
1.532099927e-02
2.084243798e-02
1.718607442e-02
1.735185326e-02
9.866710021e-03
7.024763341e-03
6.226703323e-04
5.294073656e-03
1.685675580e-03
1.369551632e-04
-2.591059342e-03
-4.476483486e-03
-3.837500672e-03
-5.920707271e-03
-1.103988832e-02
-1.386030323e-02
-1.680341348e-02
-1.462846554e-02
-1.070586302e-02
-6.336201768e-03
-1.610404497e-02
-1.479637248e-02
-1.899047983e-02
-1.259280724e-02
-1.444214021e-02
-1.784307619e-02
-1.312735555e-02
-1.826080974e-02
-1.726602133e-02
-2.029462842e-02
-2.228623348e-02
-2.647907152e-02
-4.491646482e-03
-6.965047809e-03
-1.202965050e-02
-1.381858668e-02
-9.350040859e-03
-6.713636768e-03
-9.899330545e-03
-6.867019805e-03
-1.007211947e-02
-1.997018513e-02
-1.274164337e-02
-1.280135890e-02
-2.221211388e-02
-2.679865946e-02
-1.545623686e-02
-2.154755391e-02
-2.523823338e-02
-2.577370927e-02
-2.116832368e-02
-2.337350441e-02
-2.111469953e-02
-2.571935283e-02
-2.574927717e-02
-2.521393442e-02
-2.804539593e-02
-3.172851942e-02
-3.150916303e-02
-3.371713981e-02
-2.992533672e-02
-3.004057371e-02
-2.794493803e-02
-1.069587937e-02
-8.866578059e-03
-3.578494819e-02
-2.854708628e-02
-2.576106050e-02
-2.242055238e-02
-2.774605269e-02
-2.099753193e-02
-2.636380790e-02
-3.305654090e-02
-3.756319948e-02
-3.476399235e-02
-3.545311757e-02
-3.751606616e-02
-4.002501720e-02
-3.629985318e-02
-2.632952306e-02
-3.192281125e-02
-3.161527959e-02
-2.827793367e-02
-3.448342255e-02
-3.266139984e-02
-2.918495067e-02
-2.759826174e-02
-3.161627818e-02
-3.513952781e-02
-3.341822929e-02
-3.833224499e-02
-3.980309777e-02
-3.269545167e-02
-3.048581058e-02
-1.186583777e-02
-1.948202453e-02
-3.516252861e-02
-3.036534765e-02
-2.647641528e-02
-3.166590798e-02
-3.484744098e-02
-3.592431771e-02
-2.013560448e-02
-3.332333019e-02
-3.443119643e-02
-1.079875829e-02
-3.528765162e-02
-1.672526624e-02
-3.387135500e-02
-3.424262983e-02
-3.038135833e-02
-1.641544671e-02
-1.872132722e-02
-2.068101299e-02
-1.849131702e-02
-2.217771809e-02
-2.117046509e-02
-2.808348206e-02
-2.980749230e-02
-2.621467219e-02
-1.628334024e-02
-1.799344793e-02
-2.075057903e-02
-2.333843180e-02
-2.827423445e-02
-3.524714226e-02
-3.219644641e-02
-2.577876434e-02
-2.886081362e-02
-2.999284345e-02
-3.452865857e-02
-3.276290737e-02
-4.113430365e-02
-1.371598737e-02
-3.594007320e-02
-3.957146986e-02
-4.028022065e-02
-4.282524289e-02
-4.078256341e-02
-4.139731605e-02
-3.986144413e-02
-2.063034466e-02
-1.738429403e-02
-2.440077798e-02
-5.018893792e-02
-4.476695186e-02
-1.887205402e-02
-2.262768827e-02
-2.658731397e-02
-2.470232033e-02
-3.250875798e-02
-4.523814313e-02
-3.719212438e-02
-3.804300523e-02
-3.751277747e-02
-3.254028671e-02
-2.938299720e-02
-3.537844763e-02
-3.724632327e-02
-4.132163200e-02
-4.499051341e-02
-3.651440303e-02
-3.923601326e-02
-4.298271570e-02
-3.627428268e-02
-1.863575937e-02
-4.430893751e-02
-4.264920967e-02
-3.836532264e-02
-4.420390164e-02
-4.192755269e-02
-4.643258912e-02
-4.548358706e-02
-3.557806083e-02
-4.817993303e-02
-5.053141348e-02
-2.277676184e-02
-4.059160908e-02
-3.512332407e-02
-4.165142328e-02
-4.160687740e-02
-3.893902890e-02
-3.955068593e-02
-4.348976735e-02
-2.447484210e-02
-2.183729074e-02
-1.836353111e-02
-2.049206914e-02
-2.689297272e-02
-2.870346064e-02
-2.457864860e-02
-2.919796116e-02
-3.189655506e-02
-2.058972212e-02
-2.258037075e-02
-4.363386131e-02
-1.914277330e-02
-2.720968916e-02
-2.257433707e-02
-2.477159345e-02
-1.686196843e-02
-2.144794814e-02
-2.393265126e-02
-1.886954201e-02
-1.972011886e-02
-4.833475181e-02
-1.995030215e-02
-4.538583422e-02
-3.988370153e-02
-1.418930896e-02
-3.078682479e-02
-2.655073904e-02
-2.279844007e-02
-4.319732990e-02
-1.785250286e-02
-1.393430744e-02
-1.546762964e-02
-4.166827944e-02
-3.777083467e-02
-3.966246781e-02
-4.110901497e-02
-3.848824654e-02
-1.428683989e-02
-1.980951685e-02
-1.721286097e-02
-2.581349078e-02
-2.418003245e-02
-1.618889606e-02
-1.934240203e-02
-2.528084865e-02
-3.300015400e-02
-2.936612329e-02
-2.550255061e-02
-2.992742931e-02
-2.706306989e-02
-3.312748722e-02
-2.750922102e-02
-2.759776467e-02
-2.817515904e-02
-3.031041424e-02
-3.238324884e-02
-3.378864089e-02
-2.159754542e-02
-2.087671172e-02
-3.193944994e-02
-3.482004861e-02
-2.760729785e-02
-2.204619746e-02
-1.917571115e-02
-1.392893282e-02
-3.524010332e-02
-2.487785647e-02
-2.786691506e-02
-2.741295941e-02
-2.512382632e-02
-2.228536804e-02
-2.659773700e-02
-3.079925166e-02
-2.411102339e-02
-2.632981376e-02
-2.326309836e-02
-2.203725012e-02
-2.464254932e-02
-3.131213728e-02
-3.815842641e-02
-3.811694953e-02
-3.981127731e-02
-3.764400740e-02
-3.389434027e-02
-3.132656133e-02
-3.198537609e-02
-2.307292070e-02
-2.964599186e-02
-3.082154457e-02
-3.078756819e-02
-2.517872200e-02
-2.835928304e-02
-2.842616399e-02
-3.102282430e-02
-3.690067664e-02
-1.613172804e-02
-1.165685782e-02
-3.765498299e-02
-4.274638333e-02
-1.381389332e-02
-1.831849481e-02
-1.249144395e-02
-1.302990229e-02
-1.408177440e-02
-1.329892176e-02
-1.683043969e-02
-1.832356764e-02
-1.547411824e-02
-1.468688513e-02
-1.402645931e-02
-2.291665064e-02
-2.203407905e-02
-2.948521927e-02
-2.585310363e-02
-3.294346751e-02
-2.916250243e-02
-3.614013244e-02
-3.305958992e-02
-3.746663607e-02
-3.776345622e-02
-3.639439944e-02
-3.168677180e-02
-3.597125798e-02
-1.057480840e-02
-1.153557383e-02
-1.065776661e-02
-8.357422713e-03
-3.198032989e-02
-3.068041531e-02
-1.962731014e-02
-1.044409108e-02
-3.510123531e-02
-1.449860479e-02
-1.485457903e-02
-3.579503392e-02
-2.898039336e-02
-2.680199474e-02
-8.619205750e-03
-1.082936167e-02
-1.258198255e-02
-1.253394827e-02
-3.477988320e-02
-5.420727835e-03
-8.075252959e-03
-9.957557071e-03
-3.055440689e-02
-3.692108111e-02
-3.377037783e-02
-3.094072044e-02
-2.995354349e-02
-2.810817380e-02
-2.931759638e-02
-2.696960432e-02
-3.574101700e-02
-1.169439140e-02
-1.312243807e-02
-1.228466755e-02
-1.915717515e-02
-4.210226556e-02
-3.826069287e-02
-1.350569372e-02
-2.263689524e-02
-3.077460652e-02
-2.634584220e-02
-2.103982988e-02
-2.702295552e-02
-2.138964173e-02
-2.138605791e-02
-2.555496314e-02
-2.301546419e-02
-2.066476930e-02
-2.508274443e-02
-2.946604861e-02
-2.327902250e-02
-2.110633580e-02
-1.172087394e-02
-1.733565617e-02
-1.946896523e-02
-2.519350110e-02
-4.172083843e-02
-1.798152036e-02
-2.195658866e-02
-2.900945225e-02
-1.842620690e-02
-1.104097345e-02
-1.916002445e-02
-2.127025283e-02
-2.127668373e-02
-1.729402173e-02
-1.365785182e-02
-3.609712661e-02
-3.913869092e-02
-2.400918522e-02
-2.960877117e-02
-2.308348575e-02
-1.716691264e-02
-1.382880334e-02
-7.998406105e-03
-1.853249877e-02
-2.141728263e-02
-2.329604287e-02
-2.392351086e-02
-2.619776721e-02
-2.614873879e-02
-3.140626858e-02
-3.475717311e-02
-3.322102823e-02
-2.580245528e-02
-4.985936189e-03
-2.844548333e-02
-3.058383637e-02
-3.435668405e-02
-2.917608100e-02
-2.908470581e-02
-3.223423740e-02
-2.138205025e-02
-2.393017476e-02
-2.533584420e-02
-2.583730154e-02
-3.085868093e-02
-1.535912978e-02
-1.469694423e-02
-1.082169695e-02
-1.770697981e-02
-2.374450407e-02
-1.696679792e-02
-1.026035986e-02
-1.296811858e-02
-1.596524797e-02
-1.934065561e-02
-1.801564764e-02
-1.678574736e-02
-5.349737141e-03
-1.369134889e-02
-3.678021370e-02
-1.465902010e-02
-7.725716274e-03
-3.696728242e-02
-1.991331225e-02
-2.570446944e-02
-2.482097693e-02
-3.171041170e-02
-3.617846710e-02
-3.039879367e-02
-3.251538416e-02
-2.930121732e-02
-3.783231659e-02
-3.833542050e-02
-1.268929520e-02
-2.247435405e-02
-1.641275052e-02
-1.727595173e-02
-1.150847660e-02
-1.444842909e-02
-1.914633937e-02
-2.115173603e-02
-2.489564021e-02
-1.323827421e-02
-1.546151828e-02
-1.224819692e-02
-2.129209305e-02
-1.629692547e-02
-1.327685298e-02
-1.277005873e-02
-1.171004703e-02
-1.005924878e-02
-2.040257351e-02
-1.100858371e-02
-1.819514041e-02
-1.257900676e-02
-3.783070997e-02
-2.558189171e-02
-3.624300026e-02
-2.909929406e-02
-2.630392594e-02
-2.073491452e-02
-2.480443588e-02
-1.773131872e-02
-2.356683094e-02
-3.227578974e-02
-2.384456031e-02
-2.539715303e-02
-2.678887330e-02
-2.412706071e-02
-2.381146268e-02
-1.176366008e-02
-3.536000483e-02
-3.257148258e-02
-7.866472727e-03
-1.192526482e-02
-1.303344173e-02
-1.385500184e-02
-3.117463623e-02
-4.965831294e-03
-1.076529451e-02
-8.710268052e-03
-1.263158794e-02
-1.992958700e-02
-2.488508847e-02
-2.149916680e-02
-1.870280009e-02
-2.137820457e-02
-1.181721766e-02
-3.147754110e-02
-2.661012393e-02
