-3.693748535e-02
-1.661774858e-02
-3.763335270e-02
-5.891750471e-03
4.996355997e-03
4.343909854e-03
2.425497706e-02
1.579138439e-02
3.300851405e-02
-2.794726902e-02
2.584158355e-02
2.248996380e-02
2.593097734e-02
2.699164084e-03
-2.781503475e-03
-2.093589703e-02
-2.657823026e-03
-6.720385205e-03
2.356754453e-03
4.053351477e-03
-2.311452555e-02
3.763949793e-03
-2.653756037e-02
1.381433935e-02
-6.878038150e-03
1.847990500e-02
8.109211501e-03
1.838326165e-02
1.679178563e-02
-2.595818580e-03
2.771878649e-03
4.830073076e-03
6.376357156e-03
-2.423044375e-02
-8.315550266e-03
1.475140332e-03
-1.250112173e-02
-9.616934394e-03
-1.200462443e-02
-1.973955775e-03
-2.170248448e-02
1.997137707e-02
-2.233652350e-02
1.428042467e-02
-3.636513186e-02
5.168303381e-03
2.965110608e-02
4.518670429e-03
-8.492624226e-03
1.445052039e-02
1.721772943e-02
1.567531527e-02
-5.263905231e-02
-2.997624148e-03
-3.541263103e-02
1.665501980e-02
1.187385150e-02
-1.425936143e-02
9.849772372e-03
-2.496104996e-03
1.659839897e-02
8.589933984e-03
-7.543350716e-03
-7.290449116e-03
3.022181260e-03
2.087045107e-03
-1.988747638e-02
7.872670202e-03
-7.829539365e-03
8.947233059e-04
3.330093837e-02
4.238008201e-02
5.866926796e-03
-1.152287378e-02
-2.292900726e-02
-2.993192539e-03
3.841505331e-03
-9.300452770e-03
-4.395584034e-02
-5.000125959e-02
-5.466016117e-03
3.389172755e-02
1.018389475e-02
-1.055206103e-02
2.314861229e-02
1.477782161e-03
1.102785209e-02
-5.354202479e-03
-4.102440472e-02
-2.457122544e-02
-3.241352651e-02
-2.814562041e-02
1.382752945e-02
-2.204190004e-02
-4.714094392e-03
-1.849897377e-02
-5.939046354e-03
-3.367546884e-03
-5.884305748e-03
-1.448717279e-03
-8.226784803e-03
-3.648066310e-02
3.986829740e-04
-1.091718087e-03
-2.925618831e-02
-2.021834765e-02
-1.555239643e-02
4.342490406e-02
1.014664258e-02
-2.097685729e-02
-1.716024703e-02
-5.512976417e-02
-5.924556754e-03
-3.817756000e-02
-2.580972451e-02
1.338005594e-02
-1.228362540e-02
-1.598207687e-02
-4.053672304e-02
-2.127524595e-02
-1.628458297e-02
1.059017001e-02
-1.384820236e-02
-2.799411746e-02
-4.799989543e-02
-6.409934568e-03
-1.691373342e-02
6.358906803e-03
-2.552805791e-02
-1.046139630e-02
1.121482221e-02
-4.848374527e-02
-1.880225577e-02
2.690024783e-03
1.662417465e-02
-2.900428632e-02
1.309133494e-03
2.584370653e-03
1.406490376e-02
-1.429708009e-02
7.060200607e-03
-3.144076690e-02
-4.843817252e-02
-2.978398295e-02
-1.922501985e-02
-3.628373972e-03
-1.363484252e-02
1.574344590e-03
-4.855417977e-02
-3.989269267e-02
-2.450889255e-02
-5.897419693e-03
-2.222578087e-02
1.289988562e-03
-1.967741526e-02
-1.125752464e-02
-1.683686809e-02
7.109924118e-03
3.402856955e-03
-9.949971481e-03
3.735451357e-03
-1.578224509e-02
-6.843099363e-04
-3.362834432e-02
-4.750300305e-02
1.707095796e-02
-9.526003107e-03
-3.669279484e-02
-7.145967237e-03
-3.588539471e-02
1.031075492e-02
-1.502258352e-02
-1.721473059e-03
-6.288538944e-03
-2.505111015e-02
-2.606035081e-02
-3.464250210e-02
-2.540918036e-02
-5.212809874e-03
-5.656456306e-03
2.928269704e-02
-1.180218891e-02
-1.136900507e-02
-1.556504865e-02
-1.705316964e-02
-3.262651982e-02
-1.207744372e-02
-1.267314051e-02
-5.471376412e-02
-2.230219400e-02
-4.950302487e-03
-2.723464153e-02
-6.990998961e-03
-3.673906256e-02
-3.671600010e-02
-3.169393506e-02
-4.947644474e-02
8.538106530e-04
1.239589124e-03
-2.239985600e-02
3.363305677e-03
-5.769033456e-02
-3.391680351e-02
-1.677561573e-03
-1.696190039e-02
-3.945721925e-02
-2.762311895e-02
-4.605543294e-02
-7.219340117e-02
9.222768710e-03
5.852341994e-03
-5.216981584e-02
-8.706115922e-02
-4.204900607e-02
-4.291331264e-02
-3.426069828e-02
-3.524931838e-02
-4.019228087e-02
-6.614930521e-02
-7.130582746e-03
-1.192774006e-04
-4.807055841e-02
-2.932044902e-02
-6.731025827e-02
-5.556013005e-02
-4.932176683e-02
-6.867169998e-02
-4.654948357e-02
-4.955747512e-02
-5.632815980e-02
-3.904641242e-02
-2.152509160e-02
-5.386437556e-03
-3.540296336e-02
-6.565682064e-02
-7.435579315e-02
-8.273820788e-02
-8.250397044e-02
-7.204881457e-02
-9.912148578e-02
-7.385390747e-02
-4.935588212e-02
-7.763037621e-02
-7.505475453e-02
-4.871164707e-02
-7.609063244e-02
-9.525569942e-02
-8.985453903e-02
-2.298569949e-02
-7.405276820e-02
-4.916074852e-02
2.731720464e-02
6.786312173e-01
2.425462391e+00
5.453724685e+00
8.995019395e+00
1.249919284e+01
1.538699952e+01
1.705669231e+01
1.761000000e+01
1.726537989e+01
1.690566923e+01
1.632268471e+01
1.532908804e+01
1.462314558e+01
1.413121255e+01
1.366125285e+01
1.321750374e+01
1.283892346e+01
1.259065796e+01
1.228714824e+01
1.179500518e+01
1.169067087e+01
1.141709999e+01
1.099307343e+01
1.074942160e+01
1.070902914e+01
1.058975582e+01
1.036126940e+01
1.017775375e+01
9.975298727e+00
9.562680741e+00
9.262805989e+00
9.029754737e+00
8.856837517e+00
8.744428325e+00
8.566390739e+00
8.451420901e+00
8.261630459e+00
8.037677058e+00
7.822301709e+00
7.616655366e+00
7.534957501e+00
7.373184977e+00
7.249475121e+00
7.052088744e+00
6.747858430e+00
6.631858730e+00
6.464382283e+00
6.382908421e+00
6.254182835e+00
5.995834059e+00
5.939194649e+00
5.693232439e+00
5.669692456e+00
5.348996148e+00
5.214195620e+00
5.116533833e+00
4.912982008e+00
4.794162382e+00
4.837848399e+00
4.726254704e+00
4.583840581e+00
4.573928229e+00
4.474811736e+00
4.253783235e+00
4.144561403e+00
4.085254302e+00
3.973040315e+00
3.928312413e+00
3.866009935e+00
3.764833468e+00
3.626575505e+00
3.537820481e+00
3.482001351e+00
3.439683645e+00
3.327251110e+00
3.229280586e+00
3.104741828e+00
3.037993132e+00
2.941970088e+00
2.836290968e+00
2.821637622e+00
2.714484337e+00
2.654885431e+00
2.559630303e+00
2.523088949e+00
2.460349408e+00
2.411157428e+00
2.300813133e+00
2.258513177e+00
2.206515051e+00
2.136915441e+00
2.133118514e+00
2.078565763e+00
2.003169575e+00
1.960685295e+00
1.982252537e+00
1.925226639e+00
1.814545489e+00
1.767050112e+00
1.818498856e+00
1.763835839e+00
1.673830525e+00
1.590439771e+00
1.531200806e+00
1.545422796e+00
1.500773097e+00
1.501856913e+00
1.356503934e+00
1.366662325e+00
1.355059244e+00
1.302090987e+00
1.273229069e+00
1.225005655e+00
1.149841386e+00
1.149047153e+00
1.144050897e+00
1.106020279e+00
1.079254051e+00
1.098719196e+00
1.010823819e+00
1.029156272e+00
1.012845047e+00
9.916348849e-01
8.846387297e-01
8.802215769e-01
8.913218865e-01
8.641732353e-01
8.388697805e-01
8.122167079e-01
7.974742107e-01
7.149415181e-01
7.373451250e-01
7.413269043e-01
7.766826099e-01
7.454615718e-01
6.609900478e-01
6.352238588e-01
6.010035305e-01
6.348432640e-01
6.322267725e-01
6.412122764e-01
6.389890462e-01
6.403396159e-01
5.910204576e-01
6.536021366e-01
6.189189028e-01
5.095453630e-01
5.518483132e-01
5.021187764e-01
4.870917089e-01
4.927399827e-01
4.369332962e-01
4.775169914e-01
4.505234942e-01
4.106137938e-01
4.004713734e-01
3.594737821e-01
3.845076656e-01
3.786141730e-01
4.095445575e-01
4.057179511e-01
3.455115193e-01
3.861141977e-01
3.381043061e-01
3.394009159e-01
3.819279217e-01
3.629327458e-01
3.407047515e-01
3.100652585e-01
2.690100467e-01
2.513662307e-01
2.439147395e-01
2.771171067e-01
2.592333221e-01
2.367136842e-01
2.451051192e-01
2.405630674e-01
2.567572284e-01
2.754085096e-01
2.530452013e-01
2.767642297e-01
2.756091696e-01
2.302624562e-01
2.304580229e-01
1.826308841e-01
2.086648975e-01
1.638810032e-01
1.980925967e-01
2.214675448e-01
2.034160683e-01
1.714984584e-01
2.101929316e-01
1.800426911e-01
1.621627193e-01
1.680744049e-01
1.347598528e-01
1.509273337e-01
2.168291352e-01
1.460252125e-01
1.893773639e-01
1.765806524e-01
1.501710470e-01
1.833910502e-01
1.190449196e-01
2.085073112e-01
1.310494393e-01
1.527572075e-01
9.692363141e-02
7.304110944e-02
1.017043808e-01
1.180634015e-01
1.196309963e-01
1.254277314e-01
1.038099901e-01
1.046607639e-01
1.229531894e-01
1.375386002e-01
1.358243101e-01
1.209094561e-01
1.706179010e-01
8.464237652e-02
8.684973672e-02
9.942592924e-02
7.102313745e-02
9.951409017e-02
1.067220476e-01
1.371717858e-01
7.453165806e-02
7.189244208e-02
1.352645612e-01
9.261032394e-02
5.388287788e-02
5.849244152e-02
1.016916715e-01
9.380728679e-02
1.069779956e-01
1.296609319e-01
9.998749169e-02
1.441837290e-01
1.304143055e-01
1.261503836e-01
9.480902560e-02
6.976102376e-02
1.035062369e-01
8.179104307e-02
8.109969778e-02
9.323876513e-02
8.124361321e-02
1.249399926e-01
7.379500182e-02
9.478128877e-02
1.256555380e-01
7.995424821e-02
4.896447251e-02
4.544834058e-02
1.625141493e-02
2.546083169e-02
4.855803541e-02
7.622693179e-02
6.676053406e-02
8.679886127e-02
7.501048604e-02
6.014915406e-02
6.453363384e-02
8.975390675e-02
1.115718606e-01
1.017665471e-01
1.143507222e-01
8.288559339e-02
3.093067965e-02
3.561425734e-02
9.960585923e-02
5.462989676e-02
4.999733255e-02
2.417673131e-02
3.530834304e-02
7.658311701e-02
5.876011356e-02
4.959041944e-02
5.087582407e-02
7.915086080e-02
4.642750722e-02
3.590854284e-02
3.317857170e-02
9.440739615e-02
5.911228606e-02
5.835333850e-02
8.041492611e-02
6.504773382e-02
8.229702715e-04
6.301956580e-02
7.171850975e-02
7.760323438e-02
2.676239194e-02
7.114341446e-03
7.935620471e-02
7.862416573e-02
2.830438721e-02
3.126372150e-02
4.005277324e-02
-6.413975852e-03
5.560772106e-02
5.238320900e-02
9.364599716e-02
5.760701460e-02
9.668189689e-02
6.221381264e-02
4.533170977e-02
6.178352292e-02
5.845401837e-02
-3.107526625e-02
1.305801457e-02
2.726353029e-02
4.501454270e-02
2.630619325e-03
4.507866537e-02
4.859564935e-02
6.018451173e-02
9.285370067e-02
2.718230475e-02
4.356667747e-02
5.960739342e-02
7.671026754e-02
3.682262052e-02
4.519505818e-02
1.010178384e-04
2.519581576e-02
-2.829613328e-04
2.042878482e-02
3.304371464e-02
8.636980916e-02
6.432521494e-02
4.805961505e-02
4.758461415e-02
6.106285570e-02
3.099751079e-02
2.476116106e-02
6.293107166e-02
6.362083662e-02
3.262719099e-02
4.947526425e-02
-7.142425757e-03
4.502880858e-02
4.874360607e-02
4.392813683e-02
2.262632503e-02
5.883672185e-02
7.342347495e-02
2.124535758e-02
3.065474415e-02
1.333707742e-02
6.447174364e-02
2.127523167e-02
4.239509522e-02
5.536794293e-02
8.297361628e-02
3.201788997e-02
-1.584062238e-02
-3.113993157e-03
2.876033838e-02
3.170598275e-02
3.450776881e-02
3.257878602e-02
6.051155115e-02
1.375253006e-02
9.028558560e-03
2.610674704e-03
4.159365466e-02
-2.038075113e-02
4.649912222e-02
8.056258295e-02
6.744599593e-03
8.082759888e-03
-3.191512043e-02
2.390597000e-02
-2.422802088e-02
4.951780484e-02
5.016956553e-02
9.296659008e-03
3.235789577e-02
9.632766329e-03
2.341093403e-02
-1.374499490e-02
3.744100849e-02
5.187651567e-02
-1.211099733e-02
-4.574524887e-03
-2.521590318e-04
1.751468531e-02
5.501652252e-02
2.867706126e-02
5.762933448e-02
2.628001772e-02
2.324161420e-02
5.911561334e-02
3.813683299e-02
2.475338314e-02
5.211225728e-02
2.819523920e-02
4.534147740e-02
3.204126183e-02
2.075535299e-02
1.723843090e-02
7.895061490e-02
1.612155593e-02
5.478891108e-02
9.294320870e-02
8.908903211e-02
-4.189041539e-03
5.809746663e-02
3.527434674e-02
7.908382498e-02
2.425603379e-02
1.107426261e-04
3.957737250e-02
1.698692399e-02
3.953803067e-02
2.665582864e-02
1.823289159e-02
7.765421455e-03
5.204790613e-02
1.153692545e-02
1.269722162e-02
1.701270920e-02
4.763430910e-02
3.511290955e-02
2.675075361e-02
4.775538580e-02
3.770504861e-02
2.812651832e-02
8.784258375e-03
2.829941772e-02
2.643157304e-03
2.588537127e-02
3.288086372e-02
6.682237190e-02
3.611466264e-03
6.545098168e-02
4.123824057e-03
4.954265707e-02
1.446305361e-02
5.937839681e-02
2.600950868e-02
1.754767724e-02
3.302620717e-02
6.370332833e-02
4.956239701e-02
4.246201204e-02
1.081703412e-02
4.169372049e-02
1.164259862e-02
5.690643004e-04
1.638568173e-02
1.778803610e-02
3.336422327e-02
5.114020216e-02
5.610059120e-02
5.230509178e-02
5.525239741e-02
5.254400834e-02
4.450605959e-02
1.321510107e-02
2.738727738e-02
4.904753543e-02
5.044845226e-02
6.091197631e-02
1.485715265e-02
2.077272243e-02
-7.304872076e-03
4.382355847e-02
5.288774603e-02
1.532832171e-03
4.292602674e-02
5.563336823e-02
-2.194846020e-03
2.597939183e-02
5.045573990e-02
-2.028865363e-02
-9.502945412e-03
-2.808252592e-02
1.312049502e-02
-3.099753459e-02
1.388189877e-02
2.329427942e-02
3.847088873e-03
6.140127640e-02
2.113341066e-02
-1.741747076e-02
8.654646900e-03
3.752610395e-02
2.848313195e-02
-1.818386780e-02
-2.188058185e-03
-2.782824390e-02
3.165443138e-02
8.562187636e-03
5.158270142e-02
-2.638244929e-03
-3.285888656e-02
2.548918256e-02
2.584869982e-02
3.354713306e-02
3.742321541e-02
1.980515127e-03
8.841217166e-03
3.372960492e-02
4.458736129e-02
7.152855033e-03
1.003911775e-02
5.884728917e-02
3.470740542e-02
2.093756781e-03
3.799872006e-02
7.949374644e-02
2.217856115e-02
2.780799940e-02
4.854564499e-02
2.237778840e-02
3.100945376e-02
3.309741280e-02
1.142294123e-02
5.185221084e-02
4.605196286e-02
1.790772763e-02
1.528363909e-02
7.330739154e-02
3.968081321e-02
1.590905290e-02
4.399320675e-02
3.756392733e-02
9.091415056e-04
-7.615565476e-03
-1.915459963e-02
5.297290337e-02
6.138374989e-02
3.288781816e-02
-4.088394985e-03
2.356034257e-02
5.522179503e-02
3.414190164e-02
-3.797850888e-03
5.809335394e-02
2.888676062e-02
2.395628851e-02
-1.710610143e-02
-1.391545715e-02
7.948867222e-02
6.861471739e-02
5.914585871e-02
1.076321221e-02
3.503651071e-02
2.501944152e-02
-2.355704861e-02
1.453083200e-02
2.066938644e-03
1.019621853e-02
-5.831431083e-03
8.245260471e-02
6.480335747e-05
2.164295050e-02
1.185075097e-02
2.719733224e-02
8.950293773e-03
-9.448585610e-03
1.067722661e-03
6.637248980e-02
-5.094184600e-03
1.415639673e-03
-5.499288885e-04
-4.083506411e-03
8.702409269e-03
4.008106700e-02
1.772781667e-02
2.645999531e-02
-3.893611248e-02
-5.577484651e-02
3.306787191e-02
1.653744649e-02
5.310093927e-02
8.914579098e-04
5.938269990e-02
3.453096455e-02
2.991766903e-02
3.616454324e-02
-1.512180206e-02
3.124877017e-02
3.156584680e-02
-1.083025279e-02
9.465793201e-04
1.140542424e-02
2.612944773e-02
-2.176429376e-03
2.242818783e-02
3.522388066e-02
2.218449694e-02
5.950940774e-02
5.176167464e-02
-4.760787177e-02
2.073104816e-02
4.236724891e-02
-1.660682426e-03
4.171473137e-02
-1.521919274e-02
2.969761656e-02
5.727057407e-03
-3.145415216e-02
-2.975613665e-03
3.472027661e-02
6.877424103e-03
6.361105947e-02
2.214484094e-02
2.827656946e-02
3.388984257e-02
9.309192227e-03
-2.138258038e-02
-1.625944514e-02
1.828252942e-02
3.409938961e-02
1.388266990e-02
5.418457479e-02
4.885641931e-03
2.801628978e-03
-3.134047259e-03
1.729168637e-02
-5.277003944e-03
-1.479924185e-03
-1.324309494e-02
-4.609082870e-03
1.671518210e-02
-1.276533321e-02
7.455480143e-03
2.735199111e-02
2.793994806e-02
1.776148929e-02
2.807152067e-02
-1.160673162e-02
-5.230372564e-02
-4.873146793e-02
-4.142602465e-03
-1.958093851e-02
-2.491907581e-02
-2.151077336e-03
-1.606549203e-02
1.195349670e-02
-3.293461424e-03
4.274678695e-02
-3.171770676e-03
5.875285448e-03
-2.629792504e-02
1.858196529e-02
1.740261463e-02
-7.610258017e-03
6.272845050e-03
2.664821732e-02
-7.139902930e-03
6.428670135e-03
-4.270269458e-02
-1.366173206e-03
-9.553758975e-04
3.139699345e-02
-3.319815455e-02
-2.400536942e-02
-9.367859876e-03
-2.491563905e-02
-1.641198103e-02
-1.207626798e-02
-1.144095803e-02
-1.154623135e-02
-2.750499348e-02
4.064379091e-02
5.591775281e-02
3.907632459e-02
3.289616253e-02
1.883285339e-02
2.856316272e-02
7.275869075e-02
1.827401844e-02
2.059600071e-02
-3.855485606e-03
2.207663890e-02
-2.032386374e-02
2.167727048e-02
5.837533946e-02
1.951976231e-02
1.219514078e-02
-2.236115677e-02
1.694386455e-02
7.247251638e-03
1.255897065e-03
-1.817798914e-02
-2.848753500e-02
1.621440552e-03
6.099262112e-02
2.190556261e-02
2.110478846e-02
2.474084992e-03
8.859067363e-03
3.431105012e-02
9.209074038e-03
5.760004588e-02
4.992645536e-02
2.092258792e-02
3.159783436e-02
5.451848772e-02
3.542191789e-02
1.212998042e-02
-1.498131863e-02
4.029389371e-03
2.672730083e-02
-1.619654104e-02
4.789110919e-02
-1.032412590e-02
-4.195938855e-03
-9.393302358e-03
3.436434367e-03
3.660018802e-02
3.323013259e-02
1.380657094e-02
2.953585569e-02
-4.709867465e-03
2.582819352e-02
1.488013895e-02
5.661939886e-04
1.145355789e-02
-2.893679829e-02
1.433984916e-02
3.062375621e-02
2.063822238e-02
-1.341568493e-02
-1.300143183e-02
8.195573137e-04
3.862611405e-02
-2.713324289e-02
-6.129586504e-03
1.899765117e-02
-1.536772542e-02
-4.401299429e-02
-4.594922665e-02
1.918086084e-02
-9.321001918e-03
3.337101587e-02
5.615808787e-02
6.146622732e-03
4.056498824e-02
4.125723318e-02
-3.214519282e-02
1.005544473e-02
-3.498141786e-02
-1.422515093e-02
1.724487601e-02
3.850834559e-02
1.995271767e-02
-8.242078852e-03
4.666079741e-03
-2.414774735e-03
3.941605908e-02
4.645933293e-02
-3.664962593e-02
-5.224330153e-02
-1.539391047e-02
5.032127793e-03
2.268792963e-02
3.159021351e-02
2.678858175e-02
-2.976893167e-02
3.580692524e-02
-3.120679603e-02
3.187688293e-03
-9.161735314e-03
3.415423494e-02
4.973717187e-02
1.490621451e-02
