7.269934186e-03
5.305290395e-03
4.641646364e-03
7.861697865e-03
4.725447255e-03
4.606767853e-03
2.406889510e-03
5.738436531e-03
4.567754341e-03
3.598804987e-03
1.661435959e-03
1.476308641e-04
1.051014485e-03
-1.083628482e-03
-8.092041656e-04
-2.046585268e-03
-3.056937225e-03
-8.630828239e-03
-2.311203147e-03
-1.671895729e-03
-4.295003957e-03
1.202243289e-03
-4.559199199e-03
-2.765177466e-03
-3.521616775e-03
-3.561572451e-03
-7.602851086e-03
-5.731337544e-03
-6.656596711e-03
-7.343276229e-03
-6.190793208e-03
-1.096607455e-02
-1.132460612e-02
-7.588677106e-03
-6.499888409e-03
-1.046609109e-02
-1.093739531e-02
-7.053457088e-03
-8.066423294e-03
-8.862441782e-03
-6.445886098e-03
-1.109785566e-02
-1.159367921e-02
-1.104009669e-02
-1.338438999e-02
-1.252267381e-02
-1.599968407e-02
-1.523603689e-02
-1.251231186e-02
-1.540789271e-02
-1.085004078e-02
-9.011514960e-03
-1.183221180e-02
-1.470276302e-02
-1.282972504e-02
-1.406871087e-02
-1.610473947e-02
-1.110784019e-02
-1.511441380e-02
-1.548184841e-02
-1.243728850e-02
-1.576925262e-02
-1.300644763e-02
-1.170912610e-02
-1.054322209e-02
-1.599616180e-02
-1.320035986e-02
-1.269570157e-02
-1.288744249e-02
-1.326992864e-02
-1.083062169e-02
-1.467251966e-02
-1.808502540e-02
-1.499499710e-02
-6.273291310e-02
-1.276577972e-02
-1.743051602e-02
-1.684381289e-02
-1.700830581e-02
-1.179588451e-02
-1.555376751e-02
-1.580894899e-02
-1.246262172e-02
-1.438558884e-02
-1.517794018e-02
-1.551494779e-02
-1.280545395e-02
-1.988069153e-02
-1.594310904e-02
-1.518539998e-02
-1.480375263e-02
-1.439385146e-02
-1.497406833e-02
-1.782637240e-02
-1.218162164e-02
-1.525495952e-02
-1.269294705e-02
-1.544767398e-02
-1.297523258e-02
-1.519089977e-02
-1.993354867e-02
-2.176892225e-02
-1.753143273e-02
-2.006960411e-02
-1.923904670e-02
-1.838635167e-02
-1.873747697e-02
-2.228457922e-02
-2.054368961e-02
-1.863846581e-02
-1.985407379e-02
-1.992716761e-02
-2.163880493e-02
-1.792360535e-02
-1.944786745e-02
-2.556550502e-02
-1.787249044e-02
-2.193060344e-02
-2.236786520e-02
-2.063029300e-02
-2.325897578e-02
-1.915682100e-02
-2.202424953e-02
-1.881779988e-02
-1.973622951e-02
-2.532724188e-02
-2.058103565e-02
-2.241963345e-02
-2.485102936e-02
-2.471382044e-02
-2.296056827e-02
-2.104040550e-02
-2.209878565e-02
-2.487823953e-02
-1.890647031e-02
-2.287478340e-02
-2.108328271e-02
-2.015991064e-02
-2.041737970e-02
-1.893842820e-02
-2.341552075e-02
-2.083408919e-02
-2.214625280e-02
-2.850422054e-02
-2.407762557e-02
-2.303554180e-02
-2.346419674e-02
-2.288889370e-02
-2.176860389e-02
-2.726161094e-02
-2.454818050e-02
-2.709740224e-02
-2.684603094e-02
-2.747199765e-02
-2.495546558e-02
-2.571592361e-02
-2.666421919e-02
-2.337349157e-02
-2.694267608e-02
-2.528370580e-02
-2.407785165e-02
-2.387680352e-02
-2.300154178e-02
-2.357554185e-02
-2.844713244e-02
-2.192903655e-02
-2.394259073e-02
-2.166722025e-02
-2.040443856e-02
-2.066175998e-02
-2.290562195e-02
-2.242797358e-02
-2.439499354e-02
-2.943869556e-02
-2.717100266e-02
-2.330747737e-02
-2.939468702e-02
-2.631482227e-02
-2.766798246e-02
-2.771880485e-02
-2.760051025e-02
-2.663431541e-02
-2.542649850e-02
-2.986504723e-02
-2.650411965e-02
-2.887946283e-02
-3.051014882e-02
-2.975584668e-02
-2.865236355e-02
-3.035452848e-02
-2.864831622e-02
-3.161236957e-02
-2.976196751e-02
-3.062230874e-02
-2.814117563e-02
-2.954857805e-02
-2.673981468e-02
-2.582933853e-02
-2.731216388e-02
-2.997225918e-02
-3.284012880e-02
-2.718766262e-02
-2.981327621e-02
-3.359817467e-02
-2.838941130e-02
-2.716637397e-02
-3.194724093e-02
-2.836837180e-02
-2.910073195e-02
-2.822907368e-02
-3.434634583e-02
-2.784166540e-02
-2.499168028e-02
-2.545168408e-02
-2.933311048e-02
-3.027004750e-02
-3.217323841e-02
-3.639262381e-02
-3.287989438e-02
-2.926641988e-02
-2.891747420e-02
-3.518700866e-02
-3.434422619e-02
-3.488230223e-02
-3.295137332e-02
-3.139518101e-02
-3.683991440e-02
-3.092217517e-02
-3.740437563e-02
-4.019939320e-02
-3.601669497e-02
-3.448296971e-02
-3.528403583e-02
-4.089433626e-02
-3.831548573e-02
-3.685098136e-02
-3.643971723e-02
-3.828652873e-02
-4.108306336e-02
-3.959175023e-02
-3.667936823e-02
-4.466485588e-02
-8.355951850e-02
-3.935228471e-02
-3.875682528e-02
-4.090479788e-02
-4.361071869e-02
-4.349920656e-02
-4.639369392e-02
-4.756346255e-02
-2.097008558e-02
3.182861810e-01
1.709098062e+00
4.282430760e+00
7.619421236e+00
1.095257415e+01
1.370923550e+01
1.574587659e+01
1.715535249e+01
1.789658823e+01
1.818000000e+01
1.804645152e+01
1.765572399e+01
1.714347479e+01
1.652648321e+01
1.592233602e+01
1.533126873e+01
1.485370653e+01
1.434035386e+01
1.390929298e+01
1.346258498e+01
1.308186198e+01
1.276155566e+01
1.245747758e+01
1.215339996e+01
1.188569744e+01
1.164075028e+01
1.129045731e+01
1.100188050e+01
1.075365852e+01
1.054102037e+01
1.037129579e+01
1.018507393e+01
9.962562967e+00
9.745383811e+00
9.534084147e+00
9.335951111e+00
9.131407455e+00
8.885542107e+00
8.714607779e+00
8.505629925e+00
8.327753072e+00
8.134107577e+00
7.967392891e+00
7.785441894e+00
7.571055867e+00
7.406933033e+00
7.251074639e+00
7.084111679e+00
6.893746266e+00
6.742627387e+00
6.602380181e+00
6.475264329e+00
6.345763553e+00
6.233540878e+00
6.103557746e+00
5.925430862e+00
5.795717880e+00
5.651534347e+00
5.538156493e+00
5.438998157e+00
5.324381401e+00
5.223994089e+00
5.089278140e+00
4.984048337e+00
4.900357538e+00
4.820135722e+00
4.732104593e+00
4.629904320e+00
4.507663502e+00
4.439788319e+00
4.355688816e+00
4.243587744e+00
4.166963289e+00
4.082942478e+00
4.010421902e+00
3.964036260e+00
3.873669103e+00
3.841906445e+00
3.743243757e+00
3.682156073e+00
3.631291711e+00
3.567000588e+00
3.494246652e+00
3.432571038e+00
3.365348452e+00
3.307841450e+00
3.246507790e+00
3.192940048e+00
3.141525056e+00
3.071554884e+00
3.036872447e+00
2.966995789e+00
2.946745833e+00
2.890176603e+00
2.835462292e+00
2.789394003e+00
2.743197808e+00
2.718410190e+00
2.680586720e+00
2.617768348e+00
2.587456051e+00
2.548000987e+00
2.505237661e+00
2.455808121e+00
2.422369519e+00
2.392110651e+00
2.373146196e+00
2.339908088e+00
2.277695068e+00
2.251969681e+00
2.212174819e+00
2.184565567e+00
2.147391300e+00
2.139486486e+00
2.109772851e+00
2.066825781e+00
2.040100911e+00
2.014094053e+00
1.999387606e+00
1.986346881e+00
1.958205372e+00
1.910447901e+00
1.893227207e+00
1.866183114e+00
1.850768025e+00
1.833035144e+00
1.802389821e+00
1.787680344e+00
1.754866856e+00
1.731554897e+00
1.719490868e+00
1.704070322e+00
1.695849194e+00
1.651486676e+00
1.659534923e+00
1.633945265e+00
1.624169972e+00
1.598581469e+00
1.578397367e+00
1.569451816e+00
1.541051421e+00
1.558288577e+00
1.542762227e+00
1.499767752e+00
1.499258486e+00
1.477798708e+00
1.462069473e+00
1.456348646e+00
1.443337195e+00
1.406483677e+00
1.412843828e+00
1.401357810e+00
1.398039327e+00
1.362177255e+00
1.366639102e+00
1.343230095e+00
1.337049215e+00
1.326791171e+00
1.290270271e+00
1.278121964e+00
1.271385885e+00
1.260131022e+00
1.258479818e+00
1.247679766e+00
1.241253475e+00
1.243941556e+00
1.235865613e+00
1.223118678e+00
1.215645475e+00
1.202638841e+00
1.191643458e+00
1.185207239e+00
1.171731065e+00
1.158602235e+00
1.148788518e+00
1.142385778e+00
1.134889155e+00
1.131182048e+00
1.113192756e+00
1.091565085e+00
1.090201818e+00
1.069856880e+00
1.071612543e+00
1.075432516e+00
1.074534323e+00
1.064356589e+00
1.039057878e+00
1.029455759e+00
1.037851674e+00
1.030049756e+00
1.022597122e+00
1.002410374e+00
9.971212875e-01
9.861161755e-01
9.760031198e-01
9.828145101e-01
9.710197514e-01
9.560974697e-01
9.671869493e-01
9.535872366e-01
9.478156721e-01
9.374682235e-01
9.281995384e-01
9.134440161e-01
9.077267667e-01
9.059376690e-01
8.979777711e-01
8.900232548e-01
8.844765768e-01
8.790679409e-01
8.767935015e-01
8.742552886e-01
8.671288207e-01
8.630002688e-01
8.577577370e-01
8.460566613e-01
8.559558494e-01
8.281749273e-01
8.315716479e-01
8.096545134e-01
8.219343203e-01
8.119474205e-01
8.027436912e-01
7.934809351e-01
7.913265002e-01
7.815627871e-01
7.805929574e-01
7.701806268e-01
7.608541173e-01
7.750957415e-01
7.724725862e-01
7.703674318e-01
7.681034152e-01
7.572621197e-01
7.453991616e-01
7.393782855e-01
7.335788085e-01
7.243832690e-01
7.190568883e-01
7.179002593e-01
7.148414598e-01
7.111509125e-01
7.111631348e-01
7.071583864e-01
7.028400517e-01
6.978039562e-01
7.046185153e-01
7.016749607e-01
6.908807918e-01
6.897836740e-01
6.909207474e-01
6.937880099e-01
6.917233269e-01
6.864895330e-01
6.789501732e-01
6.784749352e-01
6.758459922e-01
6.719507978e-01
6.774479952e-01
6.519110034e-01
6.508916616e-01
6.506384226e-01
6.492946398e-01
6.368042699e-01
6.485680341e-01
6.411475226e-01
6.331100194e-01
6.211243050e-01
6.247740699e-01
6.109192763e-01
6.320667831e-01
6.279708940e-01
6.218973766e-01
6.167973146e-01
6.106134506e-01
6.072214990e-01
5.985038145e-01
5.839482458e-01
6.007675339e-01
5.909121734e-01
5.898258347e-01
5.845720237e-01
5.824510989e-01
5.629329632e-01
5.585168427e-01
5.741817653e-01
5.695608502e-01
5.523264823e-01
5.639490779e-01
5.450862055e-01
5.593562561e-01
5.484561017e-01
5.576345217e-01
5.523142766e-01
5.531982956e-01
5.458289433e-01
5.409902103e-01
5.429982952e-01
5.252370816e-01
5.274651150e-01
5.175729271e-01
5.353961159e-01
5.293921553e-01
5.242594986e-01
5.252379868e-01
5.179999616e-01
5.305847306e-01
5.225735120e-01
5.262310153e-01
5.197110120e-01
5.004337473e-01
5.007415247e-01
4.998684315e-01
4.974988262e-01
4.917259763e-01
4.908657282e-01
4.913132034e-01
4.924119554e-01
4.899693393e-01
4.705702466e-01
4.628427457e-01
4.722902047e-01
4.717430208e-01
4.686017068e-01
4.695756641e-01
4.684178133e-01
4.671502589e-01
4.589426670e-01
4.573943083e-01
4.531655400e-01
4.544576875e-01
4.563664705e-01
4.602314399e-01
4.532186444e-01
4.456768005e-01
4.353936839e-01
4.501443754e-01
4.483340536e-01
4.460393693e-01
4.351191359e-01
4.327114897e-01
4.346807659e-01
4.216862979e-01
4.203337550e-01
4.295425393e-01
4.469847618e-01
4.323199981e-01
4.424617117e-01
4.373133041e-01
4.359552873e-01
4.237430901e-01
4.208226383e-01
4.340775255e-01
4.172169484e-01
4.316143673e-01
4.307579489e-01
4.230865727e-01
4.073875210e-01
4.213510214e-01
4.153346374e-01
4.279987621e-01
4.173727109e-01
4.042076337e-01
4.097705611e-01
4.071320691e-01
4.113997383e-01
4.010625188e-01
3.949571044e-01
3.971288517e-01
4.045696792e-01
3.910613260e-01
3.887408008e-01
3.844550137e-01
3.772872041e-01
3.771602529e-01
3.728622212e-01
3.833496250e-01
3.830183912e-01
3.892779753e-01
3.778200683e-01
3.731681116e-01
3.771543110e-01
3.665758284e-01
3.658758599e-01
3.654524703e-01
3.589509228e-01
3.601838994e-01
3.559649856e-01
3.544761898e-01
3.605579190e-01
3.644343587e-01
3.614493378e-01
3.538652626e-01
3.709588532e-01
3.700850494e-01
3.607082656e-01
3.577838090e-01
3.398548589e-01
3.522408156e-01
3.549845549e-01
3.423882807e-01
3.380431510e-01
3.377696569e-01
3.313127177e-01
3.380763455e-01
3.305459782e-01
3.320477493e-01
3.378465932e-01
3.346739516e-01
3.312039702e-01
3.387630942e-01
3.273739014e-01
3.165977305e-01
3.106739479e-01
3.209953048e-01
3.245636366e-01
3.154774001e-01
3.067379351e-01
3.265200889e-01
3.178364053e-01
3.202842075e-01
3.129217659e-01
3.097970815e-01
3.112468222e-01
3.184159357e-01
3.214573895e-01
3.223352350e-01
3.091575997e-01
3.050758117e-01
3.098664925e-01
3.034658745e-01
2.987091614e-01
3.046716318e-01
3.024237824e-01
3.155604609e-01
2.971952032e-01
3.018047781e-01
3.012579864e-01
3.080885992e-01
3.053750571e-01
2.896065805e-01
2.995348650e-01
3.022898494e-01
2.971525428e-01
2.970768283e-01
2.905167752e-01
2.931431805e-01
2.722524453e-01
2.798420830e-01
2.806113795e-01
2.845256939e-01
2.824540910e-01
2.822820700e-01
2.817513975e-01
2.779284535e-01
2.743042341e-01
2.809511582e-01
2.715064224e-01
2.717149654e-01
2.769290735e-01
2.826074247e-01
2.864902907e-01
2.681578555e-01
2.782949340e-01
2.706542035e-01
2.651609418e-01
2.705821294e-01
2.670082654e-01
2.716721287e-01
2.625354334e-01
2.603426466e-01
2.456485301e-01
2.642450867e-01
2.541727849e-01
2.500235183e-01
2.500840346e-01
2.498431738e-01
2.495488699e-01
2.578193367e-01
2.565856910e-01
2.491026664e-01
2.394781184e-01
2.430771283e-01
2.416181597e-01
2.488968945e-01
2.354753393e-01
2.383850609e-01
2.540182378e-01
2.440043465e-01
2.450666402e-01
2.426463223e-01
2.312011368e-01
2.398398973e-01
2.301218380e-01
2.380117934e-01
2.299614257e-01
2.298623739e-01
2.451911627e-01
2.428679560e-01
2.450813393e-01
2.335382933e-01
2.245774724e-01
2.371485113e-01
2.343508416e-01
2.269262846e-01
2.217521940e-01
2.307101108e-01
2.317049775e-01
2.267968418e-01
2.289668423e-01
2.297531309e-01
2.277473521e-01
2.339670977e-01
2.311150049e-01
2.188776572e-01
2.201772128e-01
2.248441638e-01
2.141768557e-01
2.193197673e-01
2.288262504e-01
2.307225702e-01
2.246777506e-01
2.255931378e-01
2.275678667e-01
2.205943680e-01
2.278676436e-01
2.209195741e-01
2.348339870e-01
2.150075091e-01
2.091082376e-01
2.158475509e-01
2.178363292e-01
2.154448198e-01
2.044436655e-01
2.174652505e-01
2.098428447e-01
2.129564972e-01
2.088750553e-01
2.116599241e-01
2.038396242e-01
2.059968837e-01
2.086486453e-01
1.951280061e-01
1.964353805e-01
1.958101612e-01
1.950952473e-01
1.984942203e-01
1.895634223e-01
1.850316105e-01
1.981742483e-01
1.864839036e-01
1.892408120e-01
2.051859807e-01
1.997479781e-01
2.120069836e-01
2.045433577e-01
1.997044549e-01
2.030664603e-01
1.964492370e-01
1.898153934e-01
1.873865435e-01
2.015878420e-01
1.931650437e-01
1.909127179e-01
1.899839835e-01
1.817939882e-01
1.920131983e-01
1.842146983e-01
1.794753862e-01
1.786781081e-01
1.739420765e-01
1.711852373e-01
1.846132880e-01
1.747312562e-01
1.755751829e-01
1.793522174e-01
1.787634962e-01
1.815111103e-01
1.787239133e-01
1.743570493e-01
1.883164646e-01
1.845479271e-01
1.931867706e-01
1.882518262e-01
1.818003444e-01
1.868189826e-01
1.916147562e-01
1.659838018e-01
1.795092072e-01
1.612350477e-01
1.715943578e-01
1.655882822e-01
1.629845497e-01
1.669350438e-01
1.700218442e-01
1.758102320e-01
1.615633055e-01
1.660007856e-01
1.636320145e-01
1.759201994e-01
1.742137943e-01
1.625809391e-01
1.726471505e-01
1.594979332e-01
1.531791313e-01
1.545176948e-01
1.536017235e-01
1.375023805e-01
1.488707026e-01
1.614371238e-01
1.485176792e-01
1.550361875e-01
1.591020935e-01
1.645281368e-01
1.638826651e-01
1.619147252e-01
1.621556994e-01
1.492174779e-01
1.557073476e-01
1.615602465e-01
1.564546791e-01
1.625210024e-01
1.587812632e-01
1.542651701e-01
1.533778337e-01
1.409868662e-01
1.444427013e-01
1.397222122e-01
1.472211060e-01
1.534227899e-01
1.433664782e-01
1.477458063e-01
1.397846811e-01
1.388444313e-01
1.523008862e-01
1.426495682e-01
1.575430128e-01
1.495066972e-01
1.418178573e-01
1.569019014e-01
1.537044350e-01
1.494023570e-01
1.513753529e-01
1.504313566e-01
1.515633215e-01
1.506593777e-01
1.362993307e-01
1.353975951e-01
1.447646583e-01
1.352305000e-01
1.459800744e-01
1.466567297e-01
1.388849046e-01
1.411424543e-01
1.360501907e-01
1.489571778e-01
1.412525065e-01
1.393730635e-01
1.424259682e-01
1.447856655e-01
1.386885525e-01
1.413795971e-01
1.494637185e-01
1.373442336e-01
1.417904811e-01
1.452374685e-01
1.428933524e-01
1.497341749e-01
1.400993480e-01
1.345781259e-01
1.485830594e-01
1.547452472e-01
1.569660802e-01
1.490099897e-01
1.465088044e-01
1.374834080e-01
1.513269621e-01
1.336341997e-01
1.324728774e-01
1.381270451e-01
1.355796256e-01
1.423469261e-01
1.460236843e-01
1.390259763e-01
1.397367405e-01
1.272259217e-01
1.438047218e-01
1.418994491e-01
1.283530097e-01
1.261709900e-01
1.301045686e-01
1.193821730e-01
1.191006626e-01
1.191735451e-01
1.250020990e-01
1.300597074e-01
1.211970912e-01
1.258887562e-01
1.195092636e-01
1.143776432e-01
1.134609161e-01
1.104322133e-01
1.238934455e-01
1.127135487e-01
1.239939645e-01
1.268064937e-01
1.113668766e-01
1.134762749e-01
1.142576986e-01
1.232767989e-01
1.104812630e-01
1.150673624e-01
1.267660434e-01
1.250281686e-01
1.147767948e-01
1.111199808e-01
1.222856409e-01
1.195468301e-01
1.195773107e-01
1.205645995e-01
1.185323026e-01
1.153460103e-01
1.241756277e-01
1.195581896e-01
1.161674764e-01
1.164357688e-01
1.293370531e-01
1.222388224e-01
1.280596609e-01
1.206950231e-01
1.175654867e-01
1.309440521e-01
1.218790488e-01
1.221252018e-01
1.274052863e-01
1.269360408e-01
1.342263436e-01
1.338168623e-01
1.237292949e-01
1.188237458e-01
1.286044502e-01
1.145981630e-01
1.095989466e-01
1.008294007e-01
1.107172377e-01
1.106265279e-01
1.162147811e-01
1.160661481e-01
9.610955566e-02
1.018221588e-01
1.025650092e-01
9.661836372e-02
1.109472004e-01
9.872761257e-02
1.081344266e-01
1.012547142e-01
1.092106663e-01
1.083483466e-01
1.003530341e-01
9.523721269e-02
9.866868350e-02
1.166072232e-01
1.033344099e-01
1.052891615e-01
1.017796526e-01
1.061151742e-01
1.007107351e-01
1.054146049e-01
1.112254016e-01
1.137498189e-01
1.067362271e-01
1.197140361e-01
1.121641408e-01
