-1.564034132e-01
-2.387416521e-01
-1.524345554e-01
-2.275532861e-01
-2.309244674e-01
-2.345918572e-01
-2.266918950e-01
-2.395104028e-01
-1.828925376e-01
-2.021488863e-01
-1.382592317e-01
-2.171593951e-01
-1.491255201e-01
-1.577649574e-01
-1.298210042e-01
-1.940877801e-01
-1.218376778e-01
-2.057667753e-01
-1.380813227e-01
-1.593777355e-01
-1.506905135e-01
-1.453593584e-01
-1.489109635e-01
-1.673754986e-01
-1.626144982e-01
-1.708151100e-01
-1.890878601e-01
-1.993160038e-01
-1.167923472e-01
-1.866049160e-01
-1.233034990e-01
-1.758873144e-01
-1.915465285e-01
-2.046449037e-01
-1.348811937e-01
-1.670497528e-01
-1.636806939e-01
-1.647505736e-01
-1.425546795e-01
-1.269195015e-01
-1.518581584e-01
-1.559171974e-01
-1.673370239e-01
-1.514438822e-01
-1.639275066e-01
-1.519562326e-01
-1.755172757e-01
-1.167349591e-01
-1.807431828e-01
-1.092318717e-01
-1.745108738e-01
-1.048673499e-01
-1.263849936e-01
-1.131571401e-01
-1.256284621e-01
-1.277424674e-01
-1.362746868e-01
-1.144125841e-01
-1.197362999e-01
-1.377023247e-01
-1.388422971e-01
-1.444147617e-01
-1.426654822e-01
-1.356550531e-01
-1.439714834e-01
-1.290160083e-01
-1.283381186e-01
-1.253774423e-01
-1.250505095e-01
-1.185919698e-01
-1.037193099e-01
-1.131748149e-01
-1.241451009e-01
-1.439359971e-01
-1.372741647e-01
-1.289105542e-01
-1.433985781e-01
-1.464791076e-01
-1.406462775e-01
-1.380100727e-01
-1.420056061e-01
-1.576625432e-01
-1.509976788e-01
-1.539651385e-01
-1.569830245e-01
-8.541196129e-02
-1.518436424e-01
-1.444881777e-01
-1.452788103e-01
-1.443436346e-01
-1.396771315e-01
-1.475895745e-01
-1.106270533e-01
-1.034976391e-01
-1.286924345e-01
-1.144061674e-01
-8.909765412e-02
-8.226636073e-02
-7.775579159e-02
-8.981760343e-02
-8.755134421e-02
-8.571928715e-02
-1.502379846e-01
-1.014988636e-01
-9.936869562e-02
-1.055088378e-01
-9.777204262e-02
-9.244079242e-02
-1.002114310e-01
-1.397155606e-01
-8.214270271e-02
-7.516774406e-02
-1.273414825e-01
-7.805206948e-02
-9.568807594e-02
-1.010452943e-01
-1.498074822e-01
-1.498521240e-01
-1.288396114e-01
-1.400849651e-01
-1.528177644e-01
-7.498944861e-02
-1.240556391e-01
-1.267016057e-01
-1.252195940e-01
-1.093127548e-01
-1.071504099e-01
-1.290418338e-01
-6.886397700e-02
-1.308120758e-01
-1.150705340e-01
-1.081132779e-01
-1.125691284e-01
-1.248007500e-01
-1.269945028e-01
-1.205664258e-01
-9.436345078e-02
-7.849308473e-02
-8.648035275e-02
-1.031777651e-01
-1.046112588e-01
-9.945745989e-02
-1.035045671e-01
-1.011774063e-01
-9.736081430e-02
-1.058012949e-01
-8.411815155e-02
-9.919470442e-02
-9.589208988e-02
-1.054610213e-01
-1.190355513e-01
-1.113388975e-01
-6.774660784e-02
-1.146922415e-01
-6.141082842e-02
-9.556377188e-02
-6.809391449e-02
-7.849545088e-02
-9.262663815e-02
-9.247150678e-02
-6.686081212e-02
-9.700931041e-02
-9.815630994e-02
-8.350624051e-02
-8.142006424e-02
-1.017541580e-01
-9.932618025e-02
-7.942558514e-02
-5.733255108e-02
-1.160408730e-01
-5.029219438e-02
-1.049074337e-01
-4.707310846e-02
-6.516656638e-02
-5.218883501e-02
-5.731520923e-02
-4.937307044e-02
-4.387638800e-02
-8.036664253e-02
-7.813808909e-02
-6.535699380e-02
-8.495442065e-02
-5.666412793e-02
-5.056159449e-02
-1.133721208e-01
-3.372350134e-02
-5.056351674e-02
-7.602022545e-02
-8.209246862e-02
-1.072779620e-01
-7.701804266e-02
-7.268205130e-02
-5.129153750e-02
-1.091657583e-01
-9.967971339e-02
-8.761138771e-02
-8.680956450e-02
-8.724908357e-02
-1.009039675e-01
-8.024586589e-02
-9.371836016e-02
-8.509763408e-02
-9.687110275e-02
-9.868345776e-02
-8.700436354e-02
-9.673696749e-02
-9.002575318e-02
-8.934453618e-02
-8.443802553e-02
-9.915523888e-02
-8.338060277e-02
-7.676730025e-02
-7.453194959e-02
-6.705277733e-02
-5.002868587e-02
-5.932922986e-02
-6.167575781e-02
-8.891485427e-02
-8.679265863e-02
-8.280530759e-02
-9.351032535e-02
-6.151817706e-02
-1.344071772e-01
-1.061500997e-01
-5.480983225e-02
-5.791943326e-02
-5.904021292e-02
-7.224078834e-02
-4.160672422e-02
-6.521776754e-02
-9.284680888e-02
-7.996757588e-02
-8.293107216e-02
-9.018267006e-02
-6.591963385e-02
-7.428258843e-02
-8.881641138e-02
-8.545891765e-02
-8.230761178e-02
-8.453767329e-02
-6.567302923e-02
-8.528134750e-02
-8.769637486e-02
-8.944397388e-02
-9.032303777e-02
6.913724142e-03
2.983598058e-01
1.045049773e+00
2.184891594e+00
3.762429491e+00
5.475548633e+00
7.499009049e+00
9.355544180e+00
1.077143241e+01
1.221627000e+01
1.338327246e+01
1.460605155e+01
1.525078193e+01
1.572391185e+01
1.591947894e+01
1.600000000e+01
1.588906892e+01
1.566260502e+01
1.539866051e+01
1.512111216e+01
1.484148998e+01
1.452756998e+01
1.425427359e+01
1.401442987e+01
1.377588050e+01
1.360049294e+01
1.341614192e+01
1.327686000e+01
1.305722193e+01
1.289538628e+01
1.265191363e+01
1.238951080e+01
1.217695773e+01
1.191336168e+01
1.165868516e+01
1.142063780e+01
1.116939663e+01
1.098324127e+01
1.078614578e+01
1.057879249e+01
1.039499116e+01
1.019956601e+01
9.955058736e+00
9.763109824e+00
9.532068508e+00
9.304998368e+00
9.063948242e+00
8.798507552e+00
8.616036938e+00
8.441537818e+00
8.289442658e+00
8.143415699e+00
8.013520742e+00
7.876681187e+00
7.699785152e+00
7.348089104e+00
7.169076890e+00
6.997409082e+00
6.808274115e+00
6.619908672e+00
6.461267445e+00
6.311607426e+00
6.185129352e+00
6.089354367e+00
5.979154529e+00
5.821708537e+00
5.690889167e+00
5.589130824e+00
5.460040920e+00
5.294375838e+00
5.145253046e+00
5.038448540e+00
4.909742329e+00
4.827279804e+00
4.718711101e+00
4.525347611e+00
4.450482498e+00
4.357849153e+00
4.264394280e+00
4.171105209e+00
4.089922355e+00
3.971799994e+00
3.745965289e+00
3.625187426e+00
3.551163237e+00
3.456728061e+00
3.370818689e+00
3.430839052e+00
3.258149215e+00
3.209153538e+00
3.123082095e+00
3.039430829e+00
2.996509180e+00
2.935580430e+00
2.850685597e+00
2.798484733e+00
2.699006414e+00
2.601863491e+00
2.549443115e+00
2.476784969e+00
2.433302176e+00
2.436208240e+00
2.387962769e+00
2.369980337e+00
2.293639354e+00
2.227860829e+00
2.159926618e+00
2.076109926e+00
2.051421897e+00
1.981962340e+00
1.917177439e+00
1.881255708e+00
1.838037831e+00
1.803834810e+00
1.802417025e+00
1.782476239e+00
1.747120055e+00
1.673911530e+00
1.617724641e+00
1.599250187e+00
1.521907477e+00
1.535481300e+00
1.386384928e+00
1.430458529e+00
1.376560249e+00
1.354097774e+00
1.317748587e+00
1.324139509e+00
1.310247069e+00
1.265957487e+00
1.270232949e+00
1.246717646e+00
1.203665779e+00
1.076729196e+00
1.139817095e+00
1.111987919e+00
1.056282752e+00
1.022738388e+00
1.023662510e+00
1.022598296e+00
1.010622979e+00
1.013595896e+00
9.891475593e-01
9.759360013e-01
9.493767426e-01
8.144233358e-01
8.160374396e-01
8.087113239e-01
7.491730446e-01
7.343850450e-01
8.129214041e-01
7.293345758e-01
7.048333968e-01
7.242986899e-01
7.196489143e-01
7.040989454e-01
6.929296591e-01
6.448084181e-01
6.116967426e-01
6.165977699e-01
5.944458001e-01
5.672914530e-01
5.368144326e-01
5.415985594e-01
5.639704800e-01
5.471088482e-01
5.503000655e-01
5.428868422e-01
5.408797377e-01
5.431697179e-01
4.927345221e-01
4.760598082e-01
4.553149062e-01
4.545872778e-01
4.313243060e-01
4.083430011e-01
4.205757781e-01
4.177978422e-01
4.029670834e-01
3.875096598e-01
3.838899517e-01
3.808422391e-01
3.736054722e-01
3.843565070e-01
3.314579245e-01
3.463161258e-01
3.186403957e-01
3.136774125e-01
2.883167667e-01
3.837897530e-01
2.939250307e-01
2.980948229e-01
3.252165889e-01
3.092804027e-01
2.975195297e-01
3.551271208e-01
2.770270565e-01
2.666282906e-01
2.835714970e-01
2.796003186e-01
2.808193985e-01
2.647300071e-01
2.756711166e-01
2.916900447e-01
2.649250479e-01
2.580897971e-01
2.417197951e-01
2.379909686e-01
2.290204231e-01
2.114513842e-01
2.067974867e-01
1.878410285e-01
1.684229276e-01
1.883464787e-01
2.122519253e-01
2.193314582e-01
1.884786640e-01
2.005593020e-01
2.186235358e-01
2.221695367e-01
1.963188900e-01
1.998199697e-01
2.080474038e-01
1.981673357e-01
1.841039780e-01
1.608384736e-01
1.603054897e-01
1.777087417e-01
1.668583346e-01
1.579481694e-01
1.647931405e-01
1.761638368e-01
1.364817605e-01
1.347845403e-01
1.160367174e-01
1.039192594e-01
7.906498724e-02
9.072410395e-02
1.135348381e-01
1.200606288e-01
1.175234118e-01
1.032597420e-01
1.297376322e-01
1.270521584e-01
1.148627231e-01
1.263675963e-01
1.051677338e-01
1.108995924e-01
1.222651521e-01
9.613969724e-02
9.970943095e-02
1.019641745e-01
8.362313104e-02
1.042912521e-01
1.139607211e-01
9.175999951e-02
8.733506553e-02
1.069274192e-01
1.154466863e-01
1.092504621e-01
9.873151991e-02
5.227651331e-02
4.820975955e-02
4.164465592e-02
3.573307900e-02
5.998842424e-02
6.430278932e-02
5.665560068e-02
5.965669573e-02
7.382886058e-02
7.091272889e-02
4.981424621e-02
4.355291327e-02
4.635119529e-02
4.810472157e-02
2.713985099e-02
6.324154188e-02
5.799467837e-02
6.066474446e-02
5.968527382e-02
8.008634109e-02
6.412922616e-02
5.897088516e-02
5.915605314e-02
4.531911054e-02
4.288833660e-02
5.718135933e-02
5.737654084e-02
5.092903717e-02
4.927644676e-02
5.639440283e-02
6.580286619e-02
6.351256500e-02
3.048321322e-02
3.746084716e-02
4.246883666e-02
4.415831244e-02
3.853775399e-02
2.013124309e-02
3.240272464e-02
3.293141620e-02
3.100257693e-02
2.680360817e-02
4.199507185e-02
5.236462361e-02
5.680270617e-02
6.259044671e-02
4.894458944e-02
5.082281414e-02
3.079980749e-02
1.363695746e-02
3.812113345e-03
2.285641627e-02
2.704380397e-02
5.220142276e-03
2.841580165e-03
2.107833079e-02
4.356167040e-02
3.744968029e-02
2.679136721e-02
2.583967801e-02
1.276868788e-02
9.969730097e-03
5.651231194e-04
-1.062229569e-02
4.049484833e-02
2.102439488e-02
-4.698773092e-02
3.578966048e-02
5.219311945e-03
4.775260733e-04
1.904733888e-03
4.501500890e-03
1.711472645e-02
-7.801739371e-02
-2.926587131e-03
2.633850537e-03
2.036572367e-03
-8.439716686e-02
3.249911250e-03
5.628461471e-04
1.044044507e-02
6.181672597e-04
2.211813030e-02
5.224248357e-03
2.201752340e-02
1.529937314e-02
6.620393039e-03
1.309391839e-03
-1.759905768e-02
5.004416492e-03
-8.811677647e-02
-7.274953212e-02
-8.011223794e-02
-6.267125445e-02
-6.046571251e-02
3.571853729e-02
3.249792348e-02
-7.103621451e-02
-6.640944249e-02
-9.877092599e-02
5.434502670e-03
-8.403710204e-02
-1.760880368e-03
-1.018868704e-01
-3.991695910e-02
1.009771021e-02
3.506251760e-02
3.130694808e-02
-9.037888601e-02
-6.070958040e-02
-6.416163091e-02
-8.042816041e-02
-7.358300504e-02
-7.901533775e-02
2.485737552e-02
-7.992529435e-02
-6.555591477e-03
9.081300693e-03
2.206385552e-02
1.527048988e-02
-6.273958344e-03
1.110542205e-03
4.071561357e-03
1.559404387e-02
1.262859562e-02
-7.740870492e-02
-8.295916671e-02
-6.040141628e-02
-7.231937460e-02
-8.203841976e-02
2.826366661e-02
1.662974523e-02
3.680842623e-02
-7.727826948e-02
-6.812650551e-02
-8.113851037e-02
-7.220733924e-02
7.747446760e-03
1.961377587e-02
2.522448132e-02
-9.851448422e-02
-8.542179448e-03
-4.308879735e-03
1.196881268e-02
-9.850699340e-02
-1.377536130e-02
-9.133411453e-02
-8.306029282e-02
2.386418557e-02
-7.842002543e-02
-4.869566821e-02
-8.031674929e-02
-8.148225590e-02
-7.151862944e-02
-7.516122031e-02
-5.181919264e-02
-5.297833800e-02
-5.881434282e-02
-5.396977216e-02
2.458656643e-02
3.148386625e-02
-6.146261616e-02
-7.837719100e-02
-6.438041049e-02
-4.363549860e-02
-8.163769047e-02
-6.302775221e-02
-5.989186199e-02
-5.405553019e-02
-7.951103997e-02
-8.261765059e-02
-6.852985064e-02
-6.791373048e-02
-3.365296672e-02
-4.277271634e-02
-3.568782492e-02
-2.888137213e-02
-4.128302357e-02
-6.212118432e-02
-7.776541076e-02
-7.359988912e-02
-6.402765814e-02
-6.206342770e-02
-4.776472542e-02
-5.562179581e-02
-5.129432972e-02
-4.211527775e-02
-5.412574179e-02
-5.792346998e-02
-4.583444148e-02
-6.847857418e-02
-5.413843457e-02
-2.236260261e-02
-3.002104730e-02
-4.305924031e-02
-3.141704533e-02
-3.778736578e-02
-5.746361670e-02
-2.631380349e-02
-2.082734067e-02
-4.172293105e-02
-5.515712700e-03
-9.693302887e-03
-1.839151538e-02
-6.562495717e-03
-3.579106154e-02
-1.568049153e-02
-2.729394196e-02
-1.326847636e-02
-3.505505848e-02
-3.031749958e-02
-3.709497002e-02
-2.360923007e-02
-1.068406129e-01
-9.809291736e-03
-2.919580833e-02
-3.845728907e-02
-2.503831258e-02
8.386332684e-03
1.550867822e-03
-4.738138554e-02
-1.975231844e-02
-3.284577113e-02
-2.049061035e-02
-1.959548677e-02
-9.595293003e-02
-1.010862739e-02
-2.865227781e-02
-2.282825236e-02
-1.243591700e-01
-1.857599175e-02
-3.735961602e-02
-3.777574311e-02
-4.268128075e-02
-4.070991619e-02
-2.367736089e-02
-3.430859206e-02
-3.201934315e-02
-3.874696394e-02
-5.334720156e-02
-1.822695508e-02
-4.108344666e-02
-3.082684579e-02
-1.152448780e-01
-7.232721816e-02
-7.470158304e-02
-7.912411916e-02
-1.006916185e-01
-8.645525057e-02
-1.137313255e-01
-1.146024289e-01
-1.050260661e-01
-1.012394790e-01
-9.792412416e-02
-6.139784234e-02
-6.925179156e-02
-8.443102815e-02
-1.040824722e-01
-1.082695864e-01
-1.855152767e-02
-8.207801411e-03
-1.054170811e-01
-1.016120880e-01
-9.512217401e-02
-1.073864620e-01
-7.740608115e-02
-7.772661503e-02
-7.729886330e-02
-8.684954528e-02
-7.411934200e-02
-7.036943815e-02
-6.043382895e-02
-6.220927481e-02
-6.742197977e-02
-6.718267771e-02
-7.667936830e-02
-5.174201933e-02
-5.913692974e-02
-7.139969182e-02
-7.699944640e-02
-8.188497085e-02
2.645003539e-02
-7.579036222e-02
-7.381899172e-02
-8.170108502e-02
3.318300678e-02
-7.923585132e-02
-8.388338956e-02
-7.396231216e-02
-6.685832707e-02
-6.529248156e-02
-6.805187076e-02
-6.370846982e-02
-6.844143119e-02
-7.882498168e-02
-5.113684013e-02
-4.579278617e-02
-6.966114916e-02
-4.881979590e-02
-5.356653602e-02
-4.283814412e-02
-3.217783746e-02
-4.299103815e-02
-2.368245980e-02
-4.917325968e-02
-4.033455265e-02
-4.196705855e-02
-5.313429375e-02
-2.846442660e-02
-3.073436188e-02
-2.870064316e-02
-5.316537670e-02
-5.962557909e-02
-5.137766215e-02
-3.803501872e-02
-2.779030211e-02
-2.737654513e-02
-4.220679064e-02
-3.438067835e-02
-1.234084340e-01
-2.594721095e-02
-4.714400177e-02
-2.865858159e-02
-4.762929015e-02
-5.032726848e-02
-9.931158305e-03
-1.162333118e-02
-1.744542646e-02
-2.965922669e-02
-2.961492383e-02
-7.105687372e-03
-2.510038336e-02
-4.050245409e-02
-1.154778287e-02
-7.606409036e-02
-9.252373842e-02
-9.447171695e-02
-9.362558097e-02
-8.741001735e-02
-1.015760132e-01
1.706486690e-03
-1.149522008e-01
8.407199976e-03
2.701089588e-03
-9.121589627e-02
-1.041227363e-01
-9.204338050e-02
-9.897507667e-02
-8.785537252e-02
-8.058201359e-02
-6.999902292e-02
1.299193025e-02
9.508323164e-03
-7.601943871e-02
-6.473460750e-02
-7.302332565e-02
-7.189413962e-02
-9.641776530e-02
-9.225023224e-02
-8.199948135e-02
-8.552262928e-02
-1.039984778e-01
-7.713037924e-02
-9.205994552e-02
-7.311483457e-02
-6.778260739e-02
-9.401867873e-02
-8.885661213e-02
-1.005861584e-01
-7.126562987e-02
-8.236897708e-02
-9.278912162e-02
-5.794061167e-02
-7.401361637e-02
-5.750339534e-02
-8.404399042e-02
-8.555704148e-02
-5.953163863e-02
-7.138597846e-02
-8.174180300e-02
-8.015868897e-02
-5.808064844e-02
-6.875640245e-02
-5.910219650e-02
-8.521918160e-02
-7.413138875e-02
-2.965233831e-02
-4.214939468e-02
-3.917577787e-02
-6.444165292e-02
-4.453118300e-02
-2.893039343e-02
-5.743223649e-02
-7.715163098e-02
-7.628165318e-02
-5.627097270e-02
-5.396059689e-02
-3.801101638e-02
-4.005206937e-02
-4.478932507e-02
-2.437963146e-02
-1.290184617e-02
-1.492719617e-02
-4.316311702e-02
-6.034202872e-02
-7.326879277e-02
-5.071491260e-02
-3.262553500e-02
5.825204560e-03
4.004435263e-03
-3.474301023e-02
-4.038580335e-02
-3.822425909e-02
-1.206302464e-01
-1.214296598e-01
-1.971965409e-02
-3.629730639e-02
-1.417587062e-02
-2.125938476e-02
-2.355816763e-02
3.009816908e-02
-1.577918015e-03
-1.421218526e-02
-7.376524209e-03
-2.514626762e-02
-2.806086943e-02
-1.069499472e-01
-1.070564358e-01
-1.676776066e-02
-2.694371232e-02
-7.455342328e-03
8.467986615e-03
-1.011463967e-01
1.530406580e-02
9.955130920e-03
-3.904129977e-02
-1.318056620e-02
-1.131143592e-01
-1.035575676e-01
-9.724026556e-02
-8.195374968e-02
-1.003250161e-01
-1.089144154e-01
-1.549212905e-02
-1.373749302e-02
-6.089596911e-03
1.307390323e-03
3.112594166e-02
-9.228565115e-02
-5.961653858e-02
3.309704463e-02
-1.047379548e-01
-7.256981777e-02
-8.980422101e-02
-9.194101385e-02
-9.879565165e-02
-1.009170526e-01
-9.750283078e-02
-1.027908046e-01
-9.195353423e-02
-8.065272457e-02
-6.960403758e-02
1.280011168e-02
-8.815643622e-02
-9.504084112e-02
3.472649872e-02
-5.685777561e-02
-4.593742840e-02
-4.587803094e-02
-6.538928162e-02
-6.113765119e-02
-6.050129392e-02
-4.567301425e-02
-4.556295861e-02
-3.246834068e-02
-6.834966069e-02
-5.824383344e-02
-5.531713335e-02
-5.581456559e-02
-6.679702122e-02
-7.768579401e-02
-7.376710093e-02
-7.760006571e-02
-7.712690730e-02
-2.512835702e-02
-2.462558608e-02
-6.767740691e-02
-3.516108930e-02
-2.081535535e-02
-5.410477937e-02
-3.060929090e-02
-4.321412793e-02
-3.458233407e-02
-2.454250335e-02
-1.545000605e-02
-2.246434106e-02
-4.841169469e-02
-2.924553907e-02
-2.319396502e-02
-1.501516380e-02
-1.858486183e-02
-2.208962752e-02
-3.865844144e-02
-3.962529857e-02
-2.162679574e-02
-1.352531645e-02
7.677439275e-04
-1.336310150e-01
-1.882474651e-02
-1.528329958e-02
9.514729998e-03
1.266981695e-02
1.420985280e-03
-7.998189168e-03
-1.618241827e-02
1.464598514e-03
1.329458128e-02
-1.117804656e-01
