-4.535242699e-02
-4.510076003e-02
-4.693589763e-02
-4.629730997e-02
-4.490378326e-02
-4.892046739e-02
-5.009107608e-02
-5.013493428e-02
-5.117914862e-02
-5.124308787e-02
-4.690217388e-02
-5.147037347e-02
-5.474202756e-02
-5.244001657e-02
-5.815816385e-02
-5.765481175e-02
-5.506004693e-02
-5.701173652e-02
-5.623860659e-02
-5.586907803e-02
-5.439401449e-02
-5.567036804e-02
-5.899226535e-02
-5.751034167e-02
-6.079064305e-02
-5.691446139e-02
-5.932817319e-02
-6.008175779e-02
-4.014460103e-02
-4.067713415e-02
-3.928046341e-02
-6.048943343e-02
-5.955911611e-02
-6.289345559e-02
-4.439061062e-02
-6.351761939e-02
-4.748531505e-02
-6.334763107e-02
-6.228160731e-02
-5.480881509e-02
-6.165861434e-02
-4.387009425e-02
-6.522273683e-02
-4.073267943e-02
-4.505308694e-02
-4.867707441e-02
-4.600015462e-02
-4.814779379e-02
-4.693758054e-02
-4.894715101e-02
-4.935945057e-02
-4.979712233e-02
-5.047576663e-02
-4.831153406e-02
-5.124805238e-02
-5.263978467e-02
-4.927511212e-02
-5.460417157e-02
-5.431379879e-02
-5.527875009e-02
-5.742582384e-02
-5.862792007e-02
-5.616006895e-02
-5.587058399e-02
-5.596058569e-02
-5.729818897e-02
-5.621508154e-02
-5.590380837e-02
-5.744442499e-02
-5.524529784e-02
-5.655639992e-02
-5.890543010e-02
-5.867478715e-02
-6.441536198e-02
-6.033888983e-02
-5.566231708e-02
-6.241730405e-02
-6.082584366e-02
-6.175427626e-02
-6.027784372e-02
-5.860601188e-02
-5.481176398e-02
-5.490124147e-02
-6.048410167e-02
-6.053189536e-02
-5.780121685e-02
-6.372677169e-02
-6.098102209e-02
-6.008253592e-02
-5.659722560e-02
-5.511239364e-02
-5.798050029e-02
-5.600394453e-02
-5.716580412e-02
-5.539751405e-02
-6.079901399e-02
-6.322133247e-02
-6.095239981e-02
-6.028190586e-02
-6.517490011e-02
-6.582276350e-02
-6.066396569e-02
-5.774648061e-02
-5.986821004e-02
-6.355768997e-02
-6.296532884e-02
-6.426812663e-02
-6.465118517e-02
-6.555034827e-02
-6.461752870e-02
-6.493546626e-02
-6.440902423e-02
-6.592460075e-02
-6.633666517e-02
-6.723326905e-02
-6.890551056e-02
-6.836386897e-02
-6.726229493e-02
-6.851021226e-02
-7.121246606e-02
-6.839359784e-02
-6.764875142e-02
-6.880196797e-02
-7.353448719e-02
-6.647257766e-02
-6.944869507e-02
-7.036384313e-02
-6.751913184e-02
-7.170852896e-02
-7.406051651e-02
-7.412393822e-02
-7.453068240e-02
-7.606519762e-02
-7.696786592e-02
-7.742451577e-02
-6.334297684e-02
-7.950358934e-02
-7.909398111e-02
-7.998933901e-02
-7.967883913e-02
-7.743173285e-02
-7.960625502e-02
-8.090223450e-02
-6.688006664e-02
-8.172031043e-02
-6.364145816e-02
-7.727661442e-02
-6.560567780e-02
-8.314748756e-02
-6.372943212e-02
-8.189057025e-02
-7.684594642e-02
-7.735807428e-02
-7.994632318e-02
-7.656609594e-02
-7.782792564e-02
-7.201981606e-02
-7.601432657e-02
-7.630186197e-02
-7.996396682e-02
-7.552703276e-02
-7.793067495e-02
-7.579270482e-02
-7.737724993e-02
-7.308810451e-02
-7.107813043e-02
-7.123338644e-02
-7.542035827e-02
-7.758775729e-02
-7.928491042e-02
-7.934793397e-02
-8.087405825e-02
-8.029903471e-02
-8.093810719e-02
-7.767241572e-02
-8.252385282e-02
-8.264216348e-02
-7.930091781e-02
-8.145004536e-02
-8.239797056e-02
-7.816654299e-02
-7.919562080e-02
-7.606961125e-02
-8.205397782e-02
-7.881509784e-02
-7.751969833e-02
-7.691979832e-02
-7.930678407e-02
-7.476046238e-02
-7.341421666e-02
-8.915572764e-02
-7.365147673e-02
-7.908548594e-02
-7.608693612e-02
-9.470521559e-02
-7.635128463e-02
-7.560924227e-02
-7.620526436e-02
-7.673034042e-02
-8.095206198e-02
-7.807802665e-02
-7.820698749e-02
-7.583795504e-02
-7.969215336e-02
-9.356865971e-02
-9.396774382e-02
-9.315688860e-02
-7.488780636e-02
-9.946147135e-02
-9.545892261e-02
-9.512176213e-02
-9.554422463e-02
-9.901887327e-02
-7.664477054e-02
-9.845693247e-02
-1.014112090e-01
-8.420023223e-02
-8.353823830e-02
-8.205354573e-02
-7.839962880e-02
-8.321346606e-02
-8.283432483e-02
-8.188772560e-02
-8.208469026e-02
-8.558657883e-02
-8.197938961e-02
-8.217856381e-02
-8.551061981e-02
-8.530937302e-02
-8.489669228e-02
-1.044696425e-01
-8.482489175e-02
-1.066919432e-01
-9.350905653e-02
-9.049740943e-02
-9.054781991e-02
-9.174377717e-02
-9.345799277e-02
-9.379971233e-02
-9.450365247e-02
-9.139399452e-02
-1.015588091e-01
-9.591816744e-02
-9.833075144e-02
-9.459662547e-02
-8.973185959e-02
-9.949409820e-02
-1.015439089e-01
-1.018109924e-01
-8.634010223e-02
-2.646779187e-02
4.760901025e-01
2.565173947e+00
6.119662546e+00
9.710836640e+00
1.219360855e+01
1.349046079e+01
1.394986239e+01
1.399000000e+01
1.388432806e+01
1.359401281e+01
1.315155489e+01
1.259566158e+01
1.201026816e+01
1.143893029e+01
1.088200643e+01
1.040964022e+01
9.977326567e+00
9.667192525e+00
9.420571751e+00
9.223918953e+00
9.041307780e+00
8.836909027e+00
8.625824495e+00
8.401580475e+00
8.181545940e+00
7.946109604e+00
7.720274754e+00
7.570874853e+00
7.451600621e+00
7.333767882e+00
7.209010528e+00
7.071074642e+00
6.926582468e+00
6.785747424e+00
6.531851242e+00
6.387742072e+00
6.239007286e+00
6.100098898e+00
5.893617292e+00
5.800755230e+00
5.697515060e+00
5.605419413e+00
5.515181029e+00
5.418796139e+00
5.322405852e+00
5.214164675e+00
5.113722887e+00
5.038836435e+00
4.879707892e+00
4.799048444e+00
4.735877404e+00
4.673533113e+00
4.609711175e+00
4.553419850e+00
4.487467180e+00
4.412429255e+00
4.329906465e+00
4.252417526e+00
4.179993355e+00
4.111571476e+00
4.045503013e+00
3.915321900e+00
3.842065472e+00
3.781804927e+00
3.720601138e+00
3.645238588e+00
3.528708434e+00
3.462017556e+00
3.398503865e+00
3.335895632e+00
3.275273703e+00
3.222741026e+00
3.117865472e+00
3.065643599e+00
3.009043201e+00
2.959483734e+00
2.923011698e+00
2.826966442e+00
2.790819043e+00
2.750184479e+00
2.718671925e+00
2.673757614e+00
2.624884886e+00
2.579222463e+00
2.489727868e+00
2.451049579e+00
2.409550638e+00
2.364589599e+00
2.320121144e+00
2.298157152e+00
2.249912420e+00
2.167761207e+00
2.135833808e+00
2.081336370e+00
2.040892207e+00
2.010356892e+00
1.975160239e+00
1.951917742e+00
1.916856981e+00
1.889289353e+00
1.852092526e+00
1.819871289e+00
1.787500507e+00
1.761524315e+00
1.688655935e+00
1.668125174e+00
1.628722417e+00
1.595868396e+00
1.568697754e+00
1.537332335e+00
1.502757163e+00
1.474870556e+00
1.447333311e+00
1.382068390e+00
1.358184068e+00
1.338289004e+00
1.296772757e+00
1.266461493e+00
1.244952950e+00
1.212383686e+00
1.181807573e+00
1.166025360e+00
1.141595656e+00
1.119084097e+00
1.106124487e+00
1.077359817e+00
1.058764660e+00
1.042910212e+00
1.025629990e+00
1.002411545e+00
9.867524111e-01
9.693457684e-01
9.529986257e-01
9.447290264e-01
9.229706426e-01
9.114683326e-01
8.902502971e-01
8.428271675e-01
8.524606216e-01
8.389645303e-01
7.903606255e-01
7.982250829e-01
7.819154594e-01
7.307280623e-01
7.148796483e-01
7.341525471e-01
7.151884950e-01
7.020013225e-01
6.832992270e-01
6.438070678e-01
6.270427362e-01
6.482173473e-01
6.285071956e-01
5.906506101e-01
5.787700837e-01
5.580202397e-01
5.570039422e-01
5.332056470e-01
5.291214972e-01
5.121380939e-01
5.060030347e-01
4.856435003e-01
4.765857860e-01
4.698667862e-01
4.558357845e-01
4.485610192e-01
4.280717574e-01
4.181679697e-01
4.067274960e-01
4.054926796e-01
3.903044622e-01
3.814005137e-01
3.735955715e-01
3.564987494e-01
3.459887131e-01
3.404566900e-01
3.320791878e-01
3.552079205e-01
3.390080658e-01
3.385720485e-01
3.257663425e-01
3.092137103e-01
3.027214598e-01
3.010433714e-01
2.904348909e-01
2.944586182e-01
2.855264626e-01
2.791041491e-01
2.798821030e-01
2.619452585e-01
2.625717228e-01
2.238984601e-01
2.165829365e-01
2.143168018e-01
2.083784515e-01
2.011483311e-01
1.863408535e-01
1.860384767e-01
2.089043996e-01
2.002997542e-01
1.857500444e-01
1.822820753e-01
1.722195846e-01
1.628119543e-01
1.597586386e-01
1.631110302e-01
-5.417696819e-02
1.505248619e-01
1.476139036e-01
1.469790054e-01
1.294044397e-01
1.246785552e-01
1.251653327e-01
9.716572600e-02
9.141074428e-02
8.450465435e-02
8.019424979e-02
8.737544022e-02
7.357731333e-02
7.501371892e-02
6.949192059e-02
9.311597565e-02
9.739738524e-02
9.272176818e-02
8.651701614e-02
7.731620624e-02
7.702141376e-02
7.446259496e-02
7.035391896e-02
6.660568185e-02
5.184073955e-02
5.965673183e-02
5.174596060e-02
4.519150168e-02
3.801553271e-02
3.579357077e-02
3.590951008e-02
3.202315881e-02
2.409110177e-02
2.619176113e-02
2.411751632e-02
1.457163194e-02
9.718421624e-03
9.586403419e-03
7.964636621e-03
9.148889831e-03
5.080160183e-03
3.183225011e-03
2.454935030e-03
-1.126320825e-03
-4.449930740e-03
-9.283764204e-03
-1.849656965e-02
7.395918711e-03
4.043004142e-03
5.167063911e-03
7.915129718e-03
-4.335830698e-03
-7.638395391e-03
-7.268249297e-03
-5.422789984e-03
-2.790730695e-02
-3.446868540e-02
-3.930394422e-02
-1.029400997e-02
-3.950752660e-02
-4.379017428e-02
-1.318469932e-02
-4.235195124e-02
-4.855044735e-02
-4.870558760e-02
-4.337674631e-02
-1.784737544e-02
-5.156765103e-02
-5.277188832e-02
-5.202799760e-02
-5.518490987e-02
-5.222967829e-02
-5.987748213e-02
-3.134312370e-02
-6.035487661e-02
-4.315540152e-02
-5.900066416e-02
-2.938310680e-02
-2.867216108e-02
-3.105724273e-02
-3.763947429e-02
-4.527122772e-02
-3.922960145e-02
-4.316503782e-02
-4.338062484e-02
-3.840840512e-02
-4.603561643e-02
-4.324313973e-02
-4.909378760e-02
-4.423156882e-02
-5.050359623e-02
-4.639337065e-02
-4.594553292e-02
-4.565619825e-02
-6.758816528e-02
-6.841519939e-02
-4.287779573e-02
-4.255726139e-02
-5.435533775e-02
-5.857456131e-02
-4.806433043e-02
-4.543245058e-02
-5.141417066e-02
-5.813805311e-02
-5.937337857e-02
-6.661100391e-02
-6.045954518e-02
-7.262755553e-02
-6.883268223e-02
-6.751252502e-02
-5.356853361e-02
-6.102503725e-02
-7.386482813e-02
-6.794766725e-02
-6.863005130e-02
-7.405852816e-02
-7.843707593e-02
-7.529004540e-02
-7.140484800e-02
-6.893397770e-02
-7.723983755e-02
-7.911626807e-02
-7.839781681e-02
-8.103819546e-02
-8.275671804e-02
-5.022395059e-02
-4.822742347e-02
-7.840959418e-02
-8.189481299e-02
-5.048661255e-02
-8.006870508e-02
-8.155412912e-02
-5.257889976e-02
-5.864704542e-02
-5.295952392e-02
-5.393144444e-02
-5.501653537e-02
-6.039798941e-02
-7.283746718e-02
-6.565645128e-02
-6.642512455e-02
-6.575576204e-02
-6.877686182e-02
-7.375525445e-02
-8.013440481e-02
-7.960021968e-02
-7.929066094e-02
-7.580917035e-02
-7.765466360e-02
-8.091044302e-02
-7.572054129e-02
-8.401495405e-02
-8.206656241e-02
-8.111911960e-02
-8.686255544e-02
-8.591791123e-02
-8.585266420e-02
-7.934574140e-02
-7.823340991e-02
-7.823768295e-02
-7.953577562e-02
-8.462259474e-02
-8.617148654e-02
-7.585654407e-02
-8.499837499e-02
-7.439751397e-02
-6.719792844e-02
-6.845805705e-02
-7.155822110e-02
-7.383131468e-02
-8.541884308e-02
-8.432531273e-02
-8.563903038e-02
-8.230527753e-02
-8.362450511e-02
-5.551374183e-02
-5.690035569e-02
-8.417998756e-02
-9.017862163e-02
-8.574955734e-02
-9.097857396e-02
-8.495487374e-02
-5.846174845e-02
-6.498754571e-02
-6.358039690e-02
-8.319497339e-02
-8.163339519e-02
-8.741445572e-02
-5.651592754e-02
-5.905148067e-02
-5.876611845e-02
-6.453382233e-02
-6.302220796e-02
-6.985801120e-02
-6.617636406e-02
-6.372506878e-02
-5.476028449e-02
-5.464486514e-02
-5.652108174e-02
-8.885994129e-02
-6.513107222e-02
-6.907997373e-02
-7.439487234e-02
-7.185732843e-02
-6.981999563e-02
-6.748770127e-02
-7.299707743e-02
-7.478493646e-02
-5.986622472e-02
-6.070189460e-02
-7.783038184e-02
-7.731839882e-02
-8.094691325e-02
-6.880542895e-02
-6.762552817e-02
-6.825048524e-02
-5.607880302e-02
-6.824647643e-02
-6.135155907e-02
-6.169422644e-02
-6.933871050e-02
-7.351771440e-02
-6.778988961e-02
-6.186457838e-02
-6.551773657e-02
-7.011852058e-02
-7.129100369e-02
-7.264635606e-02
-7.550637782e-02
-8.218453734e-02
-7.940880979e-02
-8.041621333e-02
-8.047337304e-02
-7.586147161e-02
-7.999519679e-02
-7.637819067e-02
-6.060534668e-02
-6.647008934e-02
-5.338748786e-02
-7.086097868e-02
-7.208416740e-02
-7.197279323e-02
-7.575965133e-02
-7.793814716e-02
-7.401151685e-02
-7.413833541e-02
-8.123992949e-02
-7.543120116e-02
-8.252095969e-02
-8.374075773e-02
-4.880844841e-02
-4.723792052e-02
-8.546558472e-02
-8.124938338e-02
-4.897769618e-02
-8.234491723e-02
-5.229057956e-02
-5.524918424e-02
-4.624470389e-02
-5.604067776e-02
-7.987746852e-02
-4.602728003e-02
-8.145297849e-02
-7.640988849e-02
-8.062946232e-02
-5.093414060e-02
-5.782913432e-02
-4.624897632e-02
-8.506163065e-02
-7.992554703e-02
-8.115228096e-02
-8.321103956e-02
-7.214590861e-02
-7.906795139e-02
-6.876922234e-02
-7.801180574e-02
-8.273404505e-02
-8.597005916e-02
-5.808011648e-02
-8.427138492e-02
-5.344283982e-02
-5.042786568e-02
-8.500989784e-02
-7.609992796e-02
-7.675057418e-02
-8.159095083e-02
-4.511962904e-02
-8.124117486e-02
-8.013861422e-02
-6.844416285e-02
-6.360018645e-02
-7.285395089e-02
-4.780360955e-02
-7.586864384e-02
-7.785525286e-02
-7.392150485e-02
-7.436539254e-02
-7.728531927e-02
-4.934011372e-02
-6.967417837e-02
-7.121522708e-02
-7.807640130e-02
-4.884955165e-02
-5.124627553e-02
-5.610670414e-02
-5.556456743e-02
-5.382701586e-02
-4.833761893e-02
-7.960465998e-02
-4.488309619e-02
-7.719776165e-02
-4.653804313e-02
-4.360030005e-02
-7.950793935e-02
-4.548976240e-02
-4.976909092e-02
-7.842369563e-02
-5.476000572e-02
-4.993970102e-02
-5.891854738e-02
-5.981996062e-02
-4.794134130e-02
-4.887989987e-02
-8.085770119e-02
-5.534277297e-02
-5.565764831e-02
-6.920364039e-02
-6.422322184e-02
-6.207633414e-02
-5.298264779e-02
-4.891941958e-02
-4.364898883e-02
-5.388065157e-02
-6.370221702e-02
-5.196059859e-02
-7.821325554e-02
-7.428527986e-02
-7.030329880e-02
-7.065821988e-02
-4.444063809e-02
-4.775491350e-02
-4.736449365e-02
-4.183460738e-02
-7.525345882e-02
-6.908647328e-02
-7.252210096e-02
-4.917687947e-02
-4.567219533e-02
-4.764417989e-02
-7.124237067e-02
-4.254122188e-02
-7.759718876e-02
-5.146264673e-02
-4.942067000e-02
-5.209104660e-02
-4.994194390e-02
-5.816793105e-02
-6.373216466e-02
-5.449516027e-02
-5.042759418e-02
-6.324811487e-02
-6.258444288e-02
-6.640443082e-02
-5.970046156e-02
-7.055526513e-02
-6.299061801e-02
-5.355756830e-02
-6.413202689e-02
-7.175648748e-02
-7.309981401e-02
-6.367595458e-02
-6.162249925e-02
-3.685632747e-02
-3.450548105e-02
-4.809611552e-02
-3.786434067e-02
-4.022110850e-02
-4.355879078e-02
-5.846644389e-02
-4.615315684e-02
-5.523625119e-02
-5.411283562e-02
-4.772787354e-02
-5.005605424e-02
-4.786251944e-02
-5.004906866e-02
-6.189034146e-02
-6.203133117e-02
-5.433616877e-02
-3.635195302e-02
-4.676976480e-02
-3.406400713e-02
-4.449228667e-02
-4.120111210e-02
-3.581737277e-02
-4.748805728e-02
-4.059837168e-02
-4.196535961e-02
-4.027978083e-02
-5.795773458e-02
-5.856549223e-02
-5.965576644e-02
-5.360127863e-02
-3.988615938e-02
-4.569021530e-02
-3.675469506e-02
-4.602359968e-02
-5.094986982e-02
-4.782215191e-02
-5.124739424e-02
-3.871746632e-02
-3.444165453e-02
-4.548215384e-02
-4.191295170e-02
-3.610070240e-02
-3.772448058e-02
-3.669751414e-02
-3.832786398e-02
-4.672170385e-02
-3.907407455e-02
-3.330276366e-02
-3.788704517e-02
-4.544071305e-02
-4.452166829e-02
-4.857654737e-02
-4.467165980e-02
-5.721703273e-02
-4.913607016e-02
-4.619438552e-02
-5.211321599e-02
-4.675048915e-02
-5.386469206e-02
-4.945571184e-02
-4.271632804e-02
-3.988097671e-02
-3.818199946e-02
-4.515028027e-02
-4.547570034e-02
-4.350140563e-02
-3.831437037e-02
-3.745780192e-02
-4.158674562e-02
-4.708940224e-02
-3.928184089e-02
-5.644027274e-02
-4.690537730e-02
-5.732901231e-02
-5.863597588e-02
-6.789146748e-02
-6.044196093e-02
-6.524392871e-02
-5.693645927e-02
-6.964911100e-02
-5.673366714e-02
-5.955134816e-02
-5.985370618e-02
-3.620164820e-02
-4.342596839e-02
-3.036044937e-02
-3.610865458e-02
-6.731333870e-02
-5.814299034e-02
-5.517392274e-02
-6.166367218e-02
-5.141945818e-02
-5.378412911e-02
-4.682309022e-02
-5.452954700e-02
-3.483075689e-02
-6.011159332e-02
-6.527770336e-02
-6.393916438e-02
-5.733166061e-02
-6.830182414e-02
-6.254910712e-02
-5.702269335e-02
-5.495284035e-02
-4.738759570e-02
-4.876008325e-02
-4.566548246e-02
-4.795579788e-02
-5.473205491e-02
-5.640925245e-02
-5.899461064e-02
-6.044076526e-02
-6.222396642e-02
-6.652297238e-02
-6.761988007e-02
-6.481898092e-02
-3.850036486e-02
-5.797966883e-02
-5.401271947e-02
-4.438848774e-02
-4.580424505e-02
-3.667477752e-02
-3.670215746e-02
-4.293676199e-02
-4.680130021e-02
-3.991104071e-02
-4.045024913e-02
-3.645696521e-02
-3.836871936e-02
-4.257877567e-02
-4.453903012e-02
-3.901228243e-02
-6.684805853e-02
-7.068221460e-02
-6.070194914e-02
-4.167021625e-02
-3.681033912e-02
-3.034227608e-02
-4.472950795e-02
-3.990834634e-02
-3.645947412e-02
-3.283615934e-02
-3.451851289e-02
-3.386055080e-02
-6.060048580e-02
-3.791091444e-02
-6.751084089e-02
-3.522942042e-02
-2.970466169e-02
-4.090914670e-02
-4.080779548e-02
-5.888057968e-02
-5.996598332e-02
-5.426778013e-02
-4.588041800e-02
-4.624992716e-02
-4.070506435e-02
-3.550617778e-02
-3.114954790e-02
-4.484388919e-02
-5.069859799e-02
-5.588849609e-02
-4.197706245e-02
-4.436631290e-02
-4.391679650e-02
-4.981971654e-02
-5.363470543e-02
-3.054040974e-02
-2.790434776e-02
-2.542446414e-02
-6.337383654e-02
-6.570697448e-02
-6.236155879e-02
-6.465328685e-02
-6.074346083e-02
-5.737167059e-02
-4.247803713e-02
-4.142920735e-02
-4.674529860e-02
-4.833776559e-02
-5.593707457e-02
-5.181659575e-02
-4.312216380e-02
-4.952718208e-02
-4.565488621e-02
-5.181131611e-02
-3.300567739e-02
-3.163756954e-02
-5.401433572e-02
-6.303033468e-02
-4.159587287e-02
-6.847070103e-02
-5.320832744e-02
-5.793034313e-02
