-2.083181977e-02
-2.185932119e-02
-1.549641206e-02
-1.732807097e-02
-1.768969302e-02
-1.608779107e-02
-1.868499888e-02
-1.726431332e-02
-1.576251407e-02
-1.673946629e-02
-1.788497939e-02
-1.850503597e-02
-1.737541269e-02
-1.811023418e-02
-1.731812079e-02
-1.659721977e-02
-1.708573326e-02
-1.760645187e-02
-1.804340897e-02
-1.913136855e-02
-1.909914042e-02
-1.905120647e-02
-1.807440087e-02
-1.949415208e-02
-1.928323751e-02
-1.802031741e-02
-1.929156047e-02
-1.895276261e-02
-1.920888281e-02
-1.884455831e-02
-1.992663864e-02
-2.017386088e-02
-1.922816506e-02
-1.988429645e-02
-1.947101740e-02
-1.986522982e-02
-2.133139413e-02
-2.153447447e-02
-2.182162683e-02
-2.091318454e-02
-2.175458599e-02
-2.051886575e-02
-2.010127140e-02
-2.365514870e-02
-2.352035692e-02
-2.076276169e-02
-2.056048345e-02
-2.086387062e-02
-2.200275409e-02
-2.244914676e-02
-2.211908586e-02
-2.050491364e-02
-2.173230229e-02
-2.074608988e-02
-2.223466726e-02
-2.277467675e-02
-2.217806822e-02
-2.167575788e-02
-2.123569297e-02
-2.185410508e-02
-2.031069675e-02
-2.207144802e-02
-2.113851409e-02
-2.219775872e-02
-2.213787937e-02
-2.275790433e-02
-2.315353697e-02
-2.309853640e-02
-2.345487430e-02
-2.238564211e-02
-2.352154139e-02
-2.237390083e-02
-2.310498778e-02
-2.237908723e-02
-2.254646077e-02
-2.288762183e-02
-2.423495318e-02
-2.574104472e-02
-2.618967697e-02
-2.591063196e-02
-2.496168746e-02
-2.361428711e-02
-2.423569204e-02
-2.351577138e-02
-2.626356593e-02
-2.545502797e-02
-2.449800775e-02
-2.489373526e-02
-2.424527423e-02
-2.578718758e-02
-2.538544568e-02
-1.983932752e-02
-2.622609965e-02
-2.610198253e-02
-2.628692773e-02
-2.608458624e-02
-2.133000074e-02
-2.717565939e-02
-2.513354303e-02
-2.490385794e-02
-2.665503277e-02
-2.541655546e-02
-2.635702750e-02
-2.559873783e-02
-2.503542116e-02
-2.631367334e-02
-2.604642710e-02
-2.627390423e-02
-2.612100317e-02
-2.590419783e-02
-2.457674098e-02
-2.490517754e-02
-2.462584216e-02
-2.489564710e-02
-2.494238220e-02
-2.544127711e-02
-2.591880543e-02
-2.599751279e-02
-2.604513050e-02
-2.448696508e-02
-2.484706628e-02
-2.381591848e-02
-2.664371412e-02
-2.712671633e-02
-2.194228251e-02
-2.760360929e-02
-2.701142530e-02
-2.613316418e-02
-2.804962246e-02
-2.662120330e-02
-2.687357745e-02
-2.657592579e-02
-2.671880767e-02
-2.684018784e-02
-2.723065708e-02
-2.659763450e-02
-2.550474439e-02
-2.584866253e-02
-2.711450356e-02
-2.664837728e-02
-2.784156846e-02
-2.715462054e-02
-2.779146967e-02
-2.687840735e-02
-2.723732120e-02
-2.761519531e-02
-2.331592151e-02
-2.825685710e-02
-2.893637329e-02
-2.406357964e-02
-2.861849065e-02
-2.892975804e-02
-2.904985311e-02
-2.910428443e-02
-2.858622802e-02
-2.903920431e-02
-2.368674147e-02
-2.471705937e-02
-2.388301394e-02
-2.887962188e-02
-2.904488233e-02
-2.442599038e-02
-2.495779286e-02
-2.371211286e-02
-2.964549278e-02
-2.965541709e-02
-2.469716475e-02
-3.010767177e-02
-2.994431741e-02
-2.932117026e-02
-2.833595546e-02
-2.830804837e-02
-2.995899975e-02
-3.006426298e-02
-3.056106205e-02
-3.073228801e-02
-2.929447353e-02
-3.019469634e-02
-3.008739191e-02
-3.033042248e-02
-2.859232578e-02
-2.850819914e-02
-2.956982998e-02
-2.948108331e-02
-3.000100557e-02
-3.029668501e-02
-2.946763432e-02
-2.827331329e-02
-2.841639066e-02
-2.752809886e-02
-2.740890653e-02
-2.852807651e-02
-2.844624121e-02
-2.833863778e-02
-2.699044395e-02
-2.697533324e-02
-3.318275577e-02
-2.672960309e-02
-3.482504015e-02
-2.698583254e-02
-3.303140335e-02
-3.420686187e-02
-2.730029399e-02
-3.334045990e-02
-3.406665369e-02
-2.659913810e-02
-2.667672423e-02
-3.235797246e-02
-3.367671152e-02
-3.271858349e-02
-3.481570425e-02
-2.802379108e-02
-3.545578386e-02
-3.542176656e-02
-3.326953598e-02
-3.339738669e-02
-3.313606475e-02
-3.357779138e-02
-3.216292854e-02
-3.228174330e-02
-3.400239676e-02
-3.318539880e-02
-3.304304591e-02
-3.144436869e-02
-3.157646569e-02
-3.242523850e-02
-3.255642990e-02
-3.384740466e-02
-3.573583127e-02
-3.539461462e-02
-3.550041067e-02
-3.603712739e-02
-3.474255895e-02
-3.226632210e-02
-3.361955091e-02
-3.423222847e-02
-3.538757484e-02
-3.541504206e-02
-3.566913830e-02
-3.726302011e-02
-3.531541756e-02
-3.263221152e-02
-3.458187254e-02
-3.630383601e-02
-3.759911553e-02
-3.920459295e-02
-3.608760663e-02
-3.577627791e-02
-3.639933018e-02
-3.775488866e-02
-3.616822583e-02
-2.837865797e-02
1.186645568e-01
9.021845117e-01
2.741945085e+00
5.494334139e+00
8.524814419e+00
1.132767069e+01
1.341295660e+01
1.478636419e+01
1.554801752e+01
1.580000000e+01
1.567373915e+01
1.531282628e+01
1.479553558e+01
1.422948887e+01
1.364168097e+01
1.308717313e+01
1.259608212e+01
1.215388475e+01
1.175120877e+01
1.140421523e+01
1.110370628e+01
1.082992641e+01
1.057793979e+01
1.033737364e+01
1.011266932e+01
9.894491992e+00
9.686506177e+00
9.479773301e+00
9.310731702e+00
9.172570764e+00
9.006508217e+00
8.757963087e+00
8.562885874e+00
8.390664984e+00
8.214171998e+00
8.042343710e+00
7.870229495e+00
7.697688470e+00
7.539131033e+00
7.382064872e+00
7.236847068e+00
7.083469898e+00
6.938832191e+00
6.788335188e+00
6.640081059e+00
6.498114818e+00
6.360313930e+00
6.229363159e+00
6.092879748e+00
5.954520676e+00
5.823748056e+00
5.696844354e+00
5.532507202e+00
5.440158075e+00
5.353653331e+00
5.255309484e+00
5.143756080e+00
5.023277402e+00
4.917032598e+00
4.811178935e+00
4.712929468e+00
4.618586736e+00
4.486163298e+00
4.392123802e+00
4.301942691e+00
4.209444273e+00
4.124988169e+00
4.042559820e+00
3.961261238e+00
3.882188470e+00
3.807636766e+00
3.700269064e+00
3.626405792e+00
3.551994097e+00
3.483819199e+00
3.414255396e+00
3.343179203e+00
3.275037267e+00
3.219164390e+00
3.167240032e+00
3.082847075e+00
3.024168473e+00
2.972129800e+00
2.911195812e+00
2.860231584e+00
2.802202546e+00
2.748542428e+00
2.696348671e+00
2.643066085e+00
2.565720118e+00
2.515912965e+00
2.470023208e+00
2.424293680e+00
2.379515808e+00
2.337615290e+00
2.295247397e+00
2.254126900e+00
2.189576246e+00
2.148917067e+00
2.106236787e+00
2.067767967e+00
2.029663881e+00
1.991512112e+00
1.957554985e+00
1.926253884e+00
1.896976510e+00
1.863417840e+00
1.834050647e+00
1.800898287e+00
1.769963082e+00
1.747590594e+00
1.696717197e+00
1.667870695e+00
1.637624824e+00
1.606117581e+00
1.573226824e+00
1.545904195e+00
1.517923134e+00
1.494015304e+00
1.467312300e+00
1.443401028e+00
1.419020660e+00
1.379905538e+00
1.359350741e+00
1.336593351e+00
1.336145678e+00
1.295279521e+00
1.295436021e+00
1.274415451e+00
1.238841993e+00
1.222806505e+00
1.206500803e+00
1.190976627e+00
1.174913400e+00
1.160147287e+00
1.146507971e+00
1.130509529e+00
1.112327070e+00
1.096810034e+00
1.078612939e+00
1.063774291e+00
1.049157397e+00
1.033097237e+00
9.979522363e-01
9.824607413e-01
9.705661827e-01
9.595162943e-01
9.472728525e-01
9.379960546e-01
9.270245171e-01
9.148257260e-01
8.841432225e-01
8.929438969e-01
8.776192686e-01
8.501962345e-01
8.391157088e-01
8.287125920e-01
8.193757059e-01
8.139507714e-01
8.235280508e-01
7.978771279e-01
7.897180923e-01
7.802468169e-01
7.842193542e-01
7.753625072e-01
7.505089349e-01
7.406118946e-01
7.305718545e-01
7.242669138e-01
7.155264062e-01
7.072012563e-01
6.991002371e-01
6.897183868e-01
6.829915911e-01
6.754311621e-01
6.715972508e-01
6.637998689e-01
6.550782497e-01
6.490799506e-01
6.415857603e-01
6.359888898e-01
6.256084563e-01
6.199334591e-01
6.127666963e-01
6.138223904e-01
6.050753710e-01
5.990998991e-01
5.954208898e-01
5.896680679e-01
5.854014487e-01
5.818782470e-01
5.757102975e-01
5.663432388e-01
5.599550398e-01
5.401212331e-01
5.338364976e-01
5.317820860e-01
5.245062085e-01
5.179482670e-01
5.154113075e-01
5.142272500e-01
5.069846614e-01
5.013608239e-01
4.982964405e-01
5.085409083e-01
4.895576406e-01
4.842231107e-01
4.816032886e-01
4.785900571e-01
4.789170073e-01
4.753792728e-01
4.724262369e-01
4.697119834e-01
4.656210616e-01
4.619911133e-01
4.599787775e-01
4.560626668e-01
4.494361511e-01
4.467375996e-01
4.423711307e-01
4.348811455e-01
4.349335797e-01
4.282249469e-01
4.264207025e-01
4.221475639e-01
4.179733741e-01
4.148500869e-01
4.136465958e-01
4.108973206e-01
4.094242344e-01
4.078470982e-01
4.044559562e-01
4.019568625e-01
3.990500510e-01
4.005515474e-01
3.996165876e-01
3.958072494e-01
3.941132831e-01
3.951402871e-01
3.934035589e-01
3.902932655e-01
3.856361339e-01
3.830238738e-01
3.804948836e-01
3.766861454e-01
3.737055483e-01
3.711038067e-01
3.678831959e-01
3.681936554e-01
3.643682195e-01
3.609013735e-01
3.597730372e-01
3.566233944e-01
3.580768304e-01
3.566297777e-01
3.548985263e-01
3.415359720e-01
3.394470697e-01
3.380686650e-01
3.372963791e-01
3.361227682e-01
3.346814540e-01
3.357441016e-01
3.340407285e-01
3.333513915e-01
3.307691161e-01
3.273729238e-01
3.253600102e-01
3.218636011e-01
3.203454655e-01
3.162220549e-01
3.127717906e-01
3.102173150e-01
3.105730521e-01
3.104479210e-01
3.082705845e-01
3.049523252e-01
3.030364582e-01
3.043345217e-01
3.019750555e-01
3.026197915e-01
3.015970482e-01
2.999727868e-01
2.969733033e-01
2.951598639e-01
2.983359974e-01
2.978393162e-01
2.976298698e-01
2.971572107e-01
2.958171290e-01
2.949211745e-01
2.916510648e-01
2.916537519e-01
2.906534666e-01
2.884564415e-01
2.831404301e-01
2.830041453e-01
2.760529707e-01
2.784572199e-01
2.786678278e-01
2.778753081e-01
2.758071457e-01
2.757529328e-01
2.751707671e-01
2.611926267e-01
2.605388614e-01
2.610921474e-01
2.613920070e-01
2.608752242e-01
2.589562877e-01
2.733099016e-01
2.711872475e-01
2.713004427e-01
2.710361787e-01
2.708744775e-01
2.710527844e-01
2.683952306e-01
2.658039480e-01
2.650372932e-01
2.500631551e-01
2.446542657e-01
2.425425613e-01
2.417939315e-01
2.387127210e-01
2.394380408e-01
2.360035053e-01
2.488045829e-01
2.475057854e-01
2.339956151e-01
2.311905344e-01
2.314607850e-01
2.459427958e-01
2.431642739e-01
2.275662009e-01
2.289672477e-01
2.425341684e-01
2.284000383e-01
2.426496473e-01
2.445378467e-01
2.406487519e-01
2.295139472e-01
2.404209757e-01
2.258226964e-01
2.236971836e-01
2.382480360e-01
2.339333352e-01
2.301166084e-01
2.302286153e-01
2.282472274e-01
2.235807215e-01
2.244889195e-01
2.232512213e-01
2.206454816e-01
2.201885139e-01
2.187779807e-01
2.175440640e-01
2.192828785e-01
2.170729305e-01
2.153818056e-01
2.132484127e-01
2.154236418e-01
2.162951171e-01
2.183773361e-01
2.216141070e-01
2.210444875e-01
2.173995463e-01
2.181769294e-01
2.170413454e-01
2.017218048e-01
2.132688113e-01
2.119013707e-01
2.120280791e-01
2.109979500e-01
1.959510288e-01
2.090804759e-01
1.924086427e-01
2.074539587e-01
2.050997709e-01
1.914877318e-01
1.946166923e-01
1.937966286e-01
1.934946272e-01
1.925761916e-01
1.934192605e-01
1.899742085e-01
2.022161870e-01
2.031349848e-01
1.886823061e-01
1.914964860e-01
1.905541337e-01
1.890243641e-01
1.882740381e-01
1.885432191e-01
1.848281724e-01
1.835250836e-01
1.831610380e-01
1.829868623e-01
1.848355208e-01
1.839561011e-01
1.793736002e-01
1.772503615e-01
1.781560467e-01
1.769261281e-01
1.754190534e-01
1.748329815e-01
1.780477849e-01
1.773150506e-01
1.767230593e-01
1.776198207e-01
1.725849731e-01
1.730775402e-01
1.756897121e-01
1.736186020e-01
1.745682393e-01
1.761021373e-01
1.729403364e-01
1.711117364e-01
1.697014035e-01
1.713931561e-01
1.693342443e-01
1.695502102e-01
1.690530517e-01
1.677940416e-01
1.788081101e-01
1.665558661e-01
1.765407485e-01
1.632403534e-01
1.753502080e-01
1.728903881e-01
1.741754107e-01
1.591075571e-01
1.719796372e-01
1.708758779e-01
1.709456068e-01
1.593298708e-01
1.695710909e-01
1.666223301e-01
1.659497856e-01
1.665059533e-01
1.634853974e-01
1.654015614e-01
1.637856058e-01
1.634905598e-01
1.630103137e-01
1.624156966e-01
1.625581731e-01
1.625221261e-01
1.591359270e-01
1.595303666e-01
1.593506490e-01
1.592730092e-01
1.574649459e-01
1.571490039e-01
1.550228596e-01
1.561511987e-01
1.533041659e-01
1.568619272e-01
1.542128362e-01
1.542763562e-01
1.591058829e-01
1.431796647e-01
1.576779688e-01
1.438979409e-01
1.428802909e-01
1.422551515e-01
1.431077163e-01
1.571823484e-01
1.558020060e-01
1.434113507e-01
1.548913261e-01
1.548133432e-01
1.400992822e-01
1.409464105e-01
1.375009474e-01
1.505890537e-01
1.492090333e-01
1.491126076e-01
1.359319463e-01
1.468405244e-01
1.470891458e-01
1.464501242e-01
1.448941284e-01
1.463249357e-01
1.464079737e-01
1.474698652e-01
1.449278601e-01
1.458130288e-01
1.357404951e-01
1.357408746e-01
1.327819211e-01
1.329052361e-01
1.461276531e-01
1.338977245e-01
1.338927077e-01
1.368496890e-01
1.364430655e-01
1.338199371e-01
1.307544008e-01
1.431618678e-01
1.402843654e-01
1.389232793e-01
1.375341961e-01
1.366893112e-01
1.347852430e-01
1.342840491e-01
1.339633030e-01
1.338776775e-01
1.347854394e-01
1.312080566e-01
1.311139692e-01
1.309678904e-01
1.290528782e-01
1.279392741e-01
1.337517751e-01
1.341784993e-01
1.340256557e-01
1.316679557e-01
1.339827865e-01
1.320463013e-01
1.348203365e-01
1.359046190e-01
1.347881869e-01
1.328361981e-01
1.316302767e-01
1.178678550e-01
1.280692906e-01
1.261099382e-01
1.277740942e-01
1.246223239e-01
1.261767068e-01
1.254689357e-01
1.237606282e-01
1.244014285e-01
1.268742585e-01
1.267026301e-01
1.141206463e-01
1.259762791e-01
1.113210423e-01
1.244553107e-01
1.258274921e-01
1.229454865e-01
1.220859432e-01
1.230488580e-01
1.185773990e-01
1.189029338e-01
1.191860564e-01
1.215896310e-01
1.168700326e-01
1.185274698e-01
1.142365343e-01
1.234376770e-01
1.105754983e-01
1.156625395e-01
1.116438392e-01
1.111296429e-01
1.123802716e-01
1.098193993e-01
1.105396142e-01
1.113755820e-01
1.127856868e-01
1.134924498e-01
1.111565313e-01
1.117009471e-01
1.114963814e-01
1.137206399e-01
1.119610664e-01
1.098298813e-01
1.081053314e-01
1.084868538e-01
1.093539802e-01
1.082325295e-01
1.091879579e-01
1.069880196e-01
1.059438013e-01
1.072464790e-01
1.040646972e-01
1.037212668e-01
1.040997178e-01
1.028007776e-01
1.008761477e-01
1.019292141e-01
1.016420263e-01
1.036953454e-01
1.022563407e-01
1.046209683e-01
1.009851982e-01
9.852828675e-02
1.012272954e-01
9.699836959e-02
1.100528477e-01
9.834989548e-02
1.003055009e-01
1.033899285e-01
1.052325036e-01
1.067366555e-01
1.023986926e-01
1.029630442e-01
1.024709122e-01
9.918440856e-02
9.620151732e-02
9.476750352e-02
9.420166840e-02
9.667279168e-02
9.634916203e-02
9.606239012e-02
9.673911282e-02
9.730491536e-02
9.862579434e-02
9.769770756e-02
9.688988738e-02
9.564173875e-02
9.297840721e-02
1.070931333e-01
1.061784121e-01
9.452529326e-02
9.670255023e-02
9.589999791e-02
9.470288818e-02
9.565859839e-02
9.845027992e-02
9.413062468e-02
1.072237094e-01
9.601860951e-02
9.502720398e-02
8.973889457e-02
1.005471046e-01
8.836494507e-02
8.573004098e-02
8.784115602e-02
9.774090168e-02
8.410695931e-02
9.427650513e-02
9.647216462e-02
9.548189470e-02
9.657964443e-02
9.738575401e-02
8.392634666e-02
8.612677281e-02
9.364516056e-02
8.308007218e-02
8.916423337e-02
8.893053487e-02
9.053250582e-02
8.491161705e-02
8.668603581e-02
8.889476480e-02
8.513676931e-02
8.671292421e-02
8.702196735e-02
8.445619322e-02
8.403645513e-02
8.316589120e-02
9.428105233e-02
8.396221926e-02
8.270277306e-02
8.085895984e-02
9.041273466e-02
9.150965161e-02
9.071266135e-02
9.023804056e-02
8.253390360e-02
8.298043235e-02
8.188521928e-02
8.138431574e-02
9.395352425e-02
9.045122921e-02
9.256680233e-02
9.240660370e-02
8.961638360e-02
8.771398092e-02
8.981023537e-02
8.627639931e-02
8.461894576e-02
8.567816165e-02
8.702425198e-02
8.548144739e-02
8.594591675e-02
7.892050153e-02
7.772131800e-02
7.829997154e-02
8.029767289e-02
7.971112283e-02
8.251600036e-02
8.308969079e-02
8.038355036e-02
8.067447847e-02
8.235835852e-02
8.287031238e-02
7.943514347e-02
7.839263676e-02
7.962782418e-02
7.673778695e-02
7.902907957e-02
8.130337934e-02
8.235145386e-02
8.054927942e-02
8.350098134e-02
8.260945236e-02
8.203080744e-02
8.184721634e-02
8.068768405e-02
7.625882020e-02
7.339257219e-02
8.482888093e-02
7.398602211e-02
7.571116911e-02
7.414766492e-02
7.143404005e-02
7.442109516e-02
7.496340557e-02
7.298221887e-02
7.154563486e-02
7.407843625e-02
7.630020408e-02
7.572782845e-02
7.864251354e-02
7.477860029e-02
7.387476367e-02
7.576636901e-02
7.836380107e-02
7.834520113e-02
7.849942371e-02
7.738044347e-02
7.669262445e-02
7.544143796e-02
7.118838752e-02
7.400022625e-02
7.048294988e-02
7.166003754e-02
7.439164135e-02
7.384511628e-02
7.565109235e-02
7.467464612e-02
7.207709331e-02
7.367322429e-02
7.383054893e-02
7.240638661e-02
7.342454349e-02
7.478338228e-02
7.189329905e-02
6.339598688e-02
6.207356023e-02
7.463951717e-02
7.140440129e-02
7.437418086e-02
7.208448575e-02
7.741359254e-02
7.730615107e-02
7.675402752e-02
6.276783829e-02
7.048815736e-02
7.094712216e-02
7.126672306e-02
6.923646201e-02
6.934138695e-02
6.740766463e-02
6.936201085e-02
6.692246979e-02
6.361165278e-02
6.565316924e-02
6.897065804e-02
6.438132915e-02
6.581693950e-02
6.469266649e-02
6.175726647e-02
6.269051378e-02
6.029264792e-02
6.159563900e-02
6.174206185e-02
6.051609629e-02
6.482213388e-02
6.547941716e-02
