-2.204151551e-02
-2.018888151e-02
-2.899972564e-02
-2.831552188e-02
-2.590651313e-02
-2.341511419e-02
-1.848111957e-02
-1.808368587e-02
-1.850487508e-02
-1.961458607e-02
-1.822133604e-02
-2.391347903e-02
-2.396004837e-02
-1.522821603e-02
-1.945151172e-02
-1.988173393e-02
-1.878338962e-02
-1.936019649e-02
-1.722993462e-02
-2.503589493e-02
-2.387817869e-02
-1.749237817e-02
-2.368500417e-02
-1.817015764e-02
-1.949649160e-02
-1.751716239e-02
-1.823756220e-02
-1.818536166e-02
-1.774802634e-02
-1.738096332e-02
-1.929267535e-02
-1.942182041e-02
-2.222225687e-02
-1.489472024e-02
-1.496515755e-02
-2.176547545e-02
-2.107928242e-02
-2.142947644e-02
-2.094536326e-02
-2.104578416e-02
-1.928343586e-02
-2.330949886e-02
-2.025762594e-02
-1.950967597e-02
-1.851173450e-02
-2.107551898e-02
-1.826807943e-02
-2.054340547e-02
-2.048562051e-02
-2.059367749e-02
-1.930139021e-02
-1.977064255e-02
-1.597160044e-02
-2.061942884e-02
-1.533819906e-02
-1.551683456e-02
-2.055207190e-02
-1.903024329e-02
-2.097986642e-02
-2.003953831e-02
-2.041088775e-02
-1.720178514e-02
-2.207180943e-02
-1.379669365e-02
-1.264536311e-02
-2.048699814e-02
-1.854046442e-02
-1.825252238e-02
-1.706911062e-02
-1.902807914e-02
-1.667091052e-02
-1.533401855e-02
-1.699413278e-02
-2.066428639e-02
-1.618823900e-02
-1.312531713e-02
-1.498132870e-02
-1.649513208e-02
-1.772639968e-02
-1.825453957e-02
-1.302122802e-02
-1.699664872e-02
-1.553314528e-02
-1.532740051e-02
-1.806102598e-02
-1.957677676e-02
-1.496163138e-02
-1.432763888e-02
-1.611043818e-02
-1.656882546e-02
-1.332963419e-02
-1.442721005e-02
-1.569106132e-02
-1.580720674e-02
-1.201941227e-02
-1.449151289e-02
-1.070965421e-02
-1.727513946e-02
-1.692992231e-02
-1.129884579e-02
-1.800373199e-02
-1.683485184e-02
-1.558997460e-02
-1.569585676e-02
-1.624856494e-02
-1.447423668e-02
-1.192853216e-02
-1.598102711e-02
-1.219063007e-02
-1.046994402e-02
-1.510817170e-02
-1.515319181e-02
-1.614376075e-02
-1.513432533e-02
-1.220149103e-02
-1.474405523e-02
-1.166003541e-02
-1.019969116e-02
-1.522672921e-02
-1.071894541e-02
-1.086489708e-02
-9.412631429e-03
-9.612507729e-03
-1.528359054e-02
-9.989268349e-03
-8.922167026e-03
-1.032375919e-02
-1.254540525e-02
-1.527212452e-02
-1.272241436e-02
-1.082873305e-02
-7.823995125e-03
-9.657851315e-03
-1.115305914e-02
-1.221870977e-02
-9.798224319e-03
-1.079291506e-02
-8.847499120e-03
-1.414611922e-02
-9.844346208e-03
-1.201980881e-02
-1.070456403e-02
-9.775010668e-03
-7.857900601e-03
-8.592476546e-03
-5.820751948e-03
-1.090858554e-02
-7.847403351e-03
-8.578105018e-03
-6.752822485e-03
-6.870476899e-03
-7.411048304e-03
-9.143298902e-03
-7.157559350e-03
-6.474175764e-03
-8.552274855e-03
-1.132196338e-02
-7.106160101e-03
-7.795495906e-03
-5.873257899e-03
-8.417722710e-03
-6.557611082e-03
-4.375094488e-03
-9.074860710e-03
-8.705686090e-03
-6.374836119e-03
-5.871294078e-03
-6.045453513e-03
-8.773284403e-03
-7.915457317e-03
-8.593761404e-03
-4.937757242e-03
-7.508046469e-03
-7.428998552e-03
-5.721711146e-03
-5.447768729e-03
-2.520840663e-03
-4.627970158e-03
-4.038329489e-03
-5.277967960e-03
-2.509345904e-03
-7.659248405e-03
-9.032622129e-03
-5.977976707e-03
-5.458421968e-03
-9.557722694e-03
-8.123977059e-03
-5.651840317e-03
-1.097183832e-02
-6.131704846e-03
-8.378644963e-03
-5.555649190e-03
-1.120859949e-02
-5.724880189e-03
-5.746201444e-03
-8.190206773e-03
-1.249287303e-02
-8.197378169e-03
-1.056705138e-02
-9.182845438e-03
-9.940264764e-03
-8.970664877e-03
-8.538556019e-03
-4.230952294e-03
-6.621875332e-03
-4.850040432e-03
-6.444796437e-03
-4.333521735e-03
-9.298666569e-03
-5.882046657e-03
-1.332254161e-02
-1.192150115e-02
-4.159649648e-03
-9.045156269e-03
-6.631596741e-03
-7.831672255e-03
-9.426002984e-03
-5.036041907e-03
-7.333855837e-03
-1.169453528e-02
-1.094735377e-02
-1.105362180e-02
-8.402402933e-03
-4.466828429e-03
-5.210638112e-03
-5.518964645e-03
-3.390286478e-03
-3.460817798e-03
-1.363702150e-02
-1.228086242e-02
-8.747107780e-03
-1.359141520e-02
-5.978869129e-03
-7.993369798e-03
-5.388742431e-03
-5.862479048e-03
-1.304903514e-02
-5.525717333e-03
-3.920901670e-03
-5.447672672e-03
-7.497071400e-03
-8.382356684e-03
-5.347450458e-03
-5.896909140e-03
-1.536105722e-03
1.716241307e-01
9.223659731e-01
2.477072761e+00
4.407025807e+00
6.359482569e+00
8.185734175e+00
9.889715331e+00
1.143256447e+01
1.278773395e+01
1.389317137e+01
1.473536908e+01
1.534526262e+01
1.575487745e+01
1.595862402e+01
1.600000000e+01
1.588805357e+01
1.575010655e+01
1.568292570e+01
1.567379757e+01
1.573095243e+01
1.570106467e+01
1.557934386e+01
1.538057922e+01
1.515440358e+01
1.493893603e+01
1.475758093e+01
1.459005259e+01
1.444178879e+01
1.428766102e+01
1.411686598e+01
1.393802414e+01
1.385520965e+01
1.366454948e+01
1.346144810e+01
1.321711382e+01
1.297834876e+01
1.275428362e+01
1.253222084e+01
1.234743018e+01
1.217094610e+01
1.197095471e+01
1.178985210e+01
1.158154552e+01
1.136429144e+01
1.115858125e+01
1.096970345e+01
1.079544176e+01
1.061743410e+01
1.042489421e+01
1.021693385e+01
9.992113209e+00
9.800925651e+00
9.642425223e+00
9.489642933e+00
9.273228641e+00
9.122586136e+00
8.957094844e+00
8.774166490e+00
8.579335095e+00
8.380549339e+00
8.195122576e+00
8.034205126e+00
7.889496812e+00
7.763598102e+00
7.624867496e+00
7.494681366e+00
7.354453537e+00
7.205340936e+00
7.046752973e+00
6.875843511e+00
6.714591546e+00
6.574138065e+00
6.448762988e+00
6.354989490e+00
6.251997644e+00
6.095095249e+00
5.973727381e+00
5.834970175e+00
5.684873119e+00
5.556288955e+00
5.443679588e+00
5.344031676e+00
5.255629856e+00
5.176572945e+00
5.094501596e+00
4.992258862e+00
4.872320450e+00
4.757524891e+00
4.642375080e+00
4.549018211e+00
4.442842261e+00
4.392439496e+00
4.337557804e+00
4.271266321e+00
4.189039056e+00
4.100777980e+00
3.998898530e+00
3.904400995e+00
3.818471973e+00
3.713343403e+00
3.661887290e+00
3.611930385e+00
3.594200658e+00
3.515078452e+00
3.455946339e+00
3.411208149e+00
3.322077100e+00
3.207452110e+00
3.125712897e+00
3.070119900e+00
3.048546198e+00
3.009225220e+00
2.975396514e+00
2.930259705e+00
2.866552849e+00
2.788505951e+00
2.719312831e+00
2.651434382e+00
2.602141867e+00
2.559649617e+00
2.526660345e+00
2.494607293e+00
2.432415556e+00
2.397690837e+00
2.350471731e+00
2.272982945e+00
2.222148384e+00
2.178983313e+00
2.139137799e+00
2.084778038e+00
2.059001222e+00
2.033752413e+00
2.009279524e+00
1.982395031e+00
1.938197961e+00
1.870802231e+00
1.822326657e+00
1.786563967e+00
1.750953259e+00
1.727601382e+00
1.702092322e+00
1.683775985e+00
1.655406150e+00
1.628767758e+00
1.572841985e+00
1.549409178e+00
1.520104668e+00
1.489980516e+00
1.467790186e+00
1.435215464e+00
1.401807469e+00
1.377129787e+00
1.356285699e+00
1.352825959e+00
1.334160498e+00
1.314225061e+00
1.272184338e+00
1.251557400e+00
1.225646196e+00
1.195673586e+00
1.142793867e+00
1.119983661e+00
1.099871528e+00
1.087052848e+00
1.087567582e+00
1.079543557e+00
1.066248221e+00
1.049092212e+00
1.035072866e+00
1.014222679e+00
9.819442917e-01
9.609045484e-01
9.318498382e-01
9.318379321e-01
9.252576123e-01
9.204151045e-01
8.949977865e-01
8.845750161e-01
8.711515478e-01
8.480050995e-01
8.262213660e-01
8.108667215e-01
7.885057057e-01
7.842941749e-01
7.732949145e-01
7.747180952e-01
7.620441257e-01
7.495690379e-01
7.289529021e-01
7.111354458e-01
6.734272747e-01
6.598361505e-01
6.498323419e-01
6.511778100e-01
6.472016258e-01
6.389574796e-01
6.329646142e-01
6.224706774e-01
6.122831115e-01
5.913614922e-01
5.525986341e-01
5.402788565e-01
5.557098699e-01
5.582353180e-01
5.537595662e-01
5.356016389e-01
5.282880083e-01
5.193871716e-01
4.999733829e-01
4.970801863e-01
4.821137283e-01
4.680179895e-01
4.619811876e-01
4.594016679e-01
4.565811204e-01
4.590538441e-01
4.529391569e-01
4.248631325e-01
4.294662126e-01
4.233488448e-01
3.946000170e-01
3.872469289e-01
4.007210588e-01
3.959971717e-01
3.664275134e-01
3.655246908e-01
3.604207587e-01
3.533637438e-01
3.458158594e-01
3.397515751e-01
3.351604180e-01
3.309154004e-01
3.236016844e-01
3.217200660e-01
3.138447291e-01
3.096252067e-01
3.065599523e-01
3.030775961e-01
2.912295901e-01
2.853926723e-01
2.819187133e-01
2.745540455e-01
2.739343687e-01
2.678188029e-01
2.668155463e-01
2.595248872e-01
2.546712607e-01
2.472177620e-01
2.376585377e-01
2.368348500e-01
2.251479525e-01
2.183928484e-01
2.157184561e-01
2.159296852e-01
2.054394864e-01
2.081029627e-01
1.861556885e-01
1.821600540e-01
2.006464321e-01
1.805175817e-01
1.774238093e-01
1.953885547e-01
1.708675110e-01
1.681377483e-01
1.617172443e-01
1.548325338e-01
1.506391979e-01
1.603105612e-01
1.568282969e-01
1.582581691e-01
1.536598443e-01
1.522014064e-01
1.461009823e-01
1.222924954e-01
1.363255504e-01
1.266531527e-01
1.388170536e-01
1.220816687e-01
1.209220165e-01
1.160097931e-01
1.317370480e-01
1.090517701e-01
1.195278207e-01
1.182745373e-01
9.841454662e-02
9.763821730e-02
9.952182008e-02
1.013458999e-01
9.689103415e-02
9.494899537e-02
8.895754531e-02
7.834509410e-02
8.027859658e-02
7.692054239e-02
6.941654178e-02
7.155879881e-02
7.383364662e-02
7.415059771e-02
7.186274902e-02
6.750969909e-02
6.314517245e-02
5.666497633e-02
5.450775133e-02
3.474775955e-02
2.481177956e-02
3.390813558e-02
3.439829457e-02
3.174865858e-02
3.388929373e-02
2.730787295e-02
4.279710975e-02
2.630774434e-02
1.973817464e-02
1.778062151e-02
1.831973236e-02
1.877385786e-02
1.568261656e-02
1.460856961e-02
9.181140230e-03
-1.471683693e-01
8.939426816e-03
1.194539541e-02
8.317432353e-03
7.030045600e-03
-1.072751414e-02
-1.175658695e-02
8.603179865e-03
-1.244315682e-02
-1.697422610e-02
-1.369924065e-02
-1.865667141e-02
3.951747295e-03
-1.266913175e-03
-1.704690515e-02
-1.768961908e-02
-1.986205466e-02
-2.380791706e-02
-2.063131685e-02
-2.655398719e-02
-3.064876177e-02
-2.873728825e-02
-3.163562884e-02
-1.473904634e-02
-3.774863879e-02
-3.490037442e-02
-3.130616988e-02
-3.342022529e-02
-3.056305968e-02
-3.638148411e-02
-1.668673726e-02
-1.642151669e-02
-3.711147890e-02
-4.516634455e-02
-4.318499486e-02
-5.219886135e-02
-5.347164792e-02
-5.019982988e-02
-4.849983702e-02
-4.172438953e-02
-2.240238297e-01
-4.933670203e-02
-5.052390967e-02
-5.418895217e-02
-4.837721229e-02
-5.295392934e-02
-5.413409407e-02
-5.720494595e-02
-5.630592500e-02
-6.553666116e-02
-6.102073555e-02
-6.461667650e-02
-5.719601516e-02
-5.773770229e-02
-7.844758350e-02
-6.178851009e-02
-8.252398501e-02
-8.461641376e-02
-6.522650709e-02
-6.579945446e-02
-6.467191144e-02
-6.876802342e-02
-6.467707386e-02
-9.090988963e-02
-8.783350548e-02
-9.498929066e-02
-9.163446133e-02
-7.557829507e-02
-7.793733885e-02
-2.535886934e-01
-8.863613087e-02
-7.151331278e-02
-7.363643937e-02
-7.472650066e-02
-9.576113241e-02
-1.022528898e-01
-9.682170025e-02
-1.006271626e-01
-1.017991678e-01
-1.002241243e-01
-9.756318159e-02
-1.042076446e-01
-1.007195336e-01
-1.035015732e-01
-9.926856264e-02
-9.399905504e-02
-9.332955080e-02
-1.143240913e-01
-1.140316522e-01
-1.117903914e-01
-1.162731496e-01
-2.505594094e-01
-1.149223582e-01
-1.202072947e-01
-9.789389421e-02
-1.236856502e-01
-1.012097476e-01
-1.013905021e-01
-1.160243280e-01
-1.220070673e-01
-1.242498844e-01
-1.233638068e-01
-1.031761978e-01
-1.060093255e-01
-1.103136933e-01
-1.144032619e-01
-1.105967623e-01
-1.133062735e-01
-1.141794581e-01
-1.181641430e-01
-1.132280326e-01
-1.195372252e-01
-1.187596808e-01
-1.208258246e-01
-1.137701188e-01
-1.179011711e-01
-1.201299635e-01
-1.182740554e-01
-1.191341451e-01
-1.246436704e-01
-1.230356081e-01
-1.178489816e-01
-1.159554924e-01
-1.388976598e-01
-1.167485758e-01
-1.347343165e-01
-1.351162116e-01
-1.360544216e-01
-1.330591538e-01
-1.368829457e-01
-1.194934021e-01
-1.370564056e-01
-1.209748304e-01
-1.150702244e-01
-1.343800380e-01
-1.160307597e-01
-1.353127284e-01
-1.402225275e-01
-1.137874992e-01
-1.381900059e-01
-1.303403013e-01
-1.302723943e-01
-1.490476331e-01
-1.340638743e-01
-1.284018799e-01
-1.373296223e-01
-1.380126085e-01
-1.406257262e-01
-1.427701121e-01
-1.374739812e-01
-1.323141159e-01
-1.375725639e-01
-1.367139511e-01
-1.377033345e-01
-1.323514351e-01
-1.374529539e-01
-1.343831545e-01
-1.457236445e-01
-1.433217242e-01
-1.410110206e-01
-1.350906860e-01
-1.423515061e-01
-1.327155729e-01
-1.373966779e-01
-1.429622102e-01
-1.406205724e-01
-1.432645123e-01
-1.441539009e-01
-1.421549573e-01
-1.597739170e-01
-1.579734527e-01
-1.635176950e-01
-1.439024981e-01
-1.468156409e-01
-1.394237768e-01
-1.588555320e-01
-1.356367860e-01
-1.427936332e-01
-1.413577320e-01
-1.659745009e-01
-1.684229770e-01
-1.697451846e-01
-1.667643155e-01
-1.615945408e-01
-1.593852269e-01
-1.634500491e-01
-1.633640096e-01
-1.641598831e-01
-1.663897334e-01
-1.655726511e-01
-1.654313150e-01
-1.667880981e-01
-1.618557873e-01
-1.656750251e-01
-1.596114362e-01
-1.584871739e-01
-1.596618326e-01
-1.625463325e-01
-1.610602303e-01
-1.623735268e-01
-1.621266297e-01
-1.637250403e-01
-1.560318150e-01
-1.577317845e-01
-1.596334787e-01
-1.619155345e-01
-1.558276667e-01
-1.603220498e-01
-1.545167001e-01
-1.586644855e-01
-1.563208305e-01
-3.044829189e-01
-1.690722277e-01
-1.699490509e-01
-1.766650887e-01
-1.730177231e-01
-1.677430104e-01
-1.681846042e-01
-1.651433180e-01
-1.651765240e-01
-1.636603364e-01
-1.637377235e-01
-1.606072033e-01
-1.603501217e-01
-1.801707850e-01
-1.851277203e-01
-1.638159061e-01
-1.704787261e-01
-1.725413297e-01
-1.725168341e-01
-1.706572089e-01
-1.684029615e-01
-1.710140218e-01
-1.666220090e-01
-1.690748113e-01
-1.687851850e-01
-1.632509757e-01
-1.702130092e-01
-1.662352979e-01
-1.630640621e-01
-1.669598594e-01
-1.857804631e-01
-1.635901118e-01
-1.659510323e-01
-1.890254071e-01
-1.644756491e-01
-1.707190003e-01
-1.733899321e-01
-1.738084490e-01
-1.711408533e-01
-1.709632572e-01
-1.698923505e-01
-1.682641192e-01
-1.757472826e-01
-1.716187860e-01
-1.766799996e-01
-1.739779702e-01
-1.740196144e-01
-1.677347150e-01
-1.695749331e-01
-1.667483800e-01
-1.655892898e-01
-1.654714642e-01
-1.910711639e-01
-1.899638666e-01
-1.931413658e-01
-1.671397904e-01
-1.709107980e-01
-1.677237449e-01
-1.689876339e-01
-1.844447033e-01
-1.882374360e-01
-1.643510170e-01
-1.726596146e-01
-1.726974560e-01
-1.706341406e-01
-1.707057519e-01
-1.688830456e-01
-1.741148556e-01
-1.693540758e-01
-1.903899941e-01
-1.916158123e-01
-1.918524643e-01
-1.766742239e-01
-1.779179953e-01
-1.788541051e-01
-1.788120669e-01
-1.796691001e-01
-1.759300608e-01
-1.769119908e-01
-1.727997783e-01
-1.955861880e-01
-1.962808119e-01
-1.933020141e-01
-1.986519908e-01
-1.998227921e-01
-1.947139623e-01
-1.948354491e-01
-1.961135340e-01
-1.797732499e-01
-1.750952585e-01
-1.998214990e-01
-1.985164034e-01
-1.776554655e-01
-1.728738378e-01
-1.777303342e-01
-1.782141928e-01
-1.953021646e-01
-1.785672017e-01
-1.790380287e-01
-2.019436289e-01
-2.004346185e-01
-1.779164535e-01
-2.770280619e-01
-1.749079349e-01
-1.770103403e-01
-1.764889285e-01
-1.819016325e-01
-1.786839768e-01
-1.846784186e-01
-1.743665876e-01
-1.728192260e-01
-1.694303656e-01
-1.763359524e-01
-1.786890333e-01
-1.921381913e-01
-1.702237306e-01
-1.952619358e-01
-1.917735666e-01
-1.892926411e-01
-1.749202806e-01
-1.777780164e-01
-1.759164861e-01
-1.947858610e-01
-1.930720738e-01
-1.950443309e-01
-1.872917723e-01
-1.920047898e-01
-1.895459799e-01
-1.889735407e-01
-1.893786199e-01
-1.893488486e-01
-1.884795887e-01
-1.874215922e-01
-1.894294601e-01
-1.921434765e-01
-1.849153082e-01
-1.908160498e-01
-1.828448908e-01
-1.861797132e-01
-1.868345393e-01
-1.890713623e-01
-2.071559952e-01
-1.866544745e-01
-2.041612201e-01
-2.061781213e-01
-1.850739348e-01
-1.843679812e-01
-1.865651809e-01
-1.895411360e-01
-1.870398293e-01
-1.893095331e-01
-2.082664229e-01
-2.129641818e-01
-1.838076518e-01
-1.878371391e-01
-2.073064303e-01
-2.080360885e-01
-2.077442369e-01
-2.094213117e-01
-2.057524622e-01
-2.827189483e-01
-1.880246648e-01
-2.086529394e-01
-2.120082359e-01
-2.069923728e-01
-2.053083799e-01
-2.090021006e-01
-2.068363529e-01
-2.081173539e-01
-1.853845585e-01
-2.099793867e-01
-2.093843217e-01
-2.115423291e-01
-2.067209349e-01
-2.145527032e-01
-2.076662489e-01
-2.102977577e-01
-2.049681791e-01
-2.025612089e-01
-2.038086172e-01
-2.082778586e-01
-2.032328567e-01
-2.088726953e-01
-2.095434787e-01
-2.133097364e-01
-1.983933944e-01
-2.064331792e-01
-2.037300956e-01
-2.079790232e-01
-1.987970968e-01
-2.022532748e-01
-1.954807550e-01
-1.977325545e-01
-1.986204038e-01
-1.965420962e-01
-2.013220392e-01
-1.975873418e-01
-2.192045274e-01
-2.213650519e-01
-1.933026348e-01
-1.971699115e-01
-2.004437512e-01
-2.006342189e-01
-1.938929290e-01
-2.018538506e-01
-2.027411703e-01
-2.044521944e-01
-2.021728730e-01
-2.023508542e-01
-2.013286761e-01
-2.022646176e-01
-2.024351901e-01
-2.055403744e-01
-2.036748606e-01
-2.005928293e-01
-1.978932004e-01
-1.990907752e-01
-1.980740998e-01
-2.008307308e-01
-1.991158590e-01
-2.222197822e-01
-1.996718036e-01
-2.070520489e-01
-2.062228968e-01
-2.117063452e-01
-2.106119671e-01
-2.074646395e-01
-2.067241778e-01
-2.068450965e-01
-2.069583734e-01
-2.084763925e-01
-2.022852903e-01
-2.050916511e-01
-2.002481827e-01
-2.031710682e-01
-2.044349437e-01
-2.101089529e-01
-2.073513503e-01
-2.091167198e-01
-2.054154608e-01
-1.996003310e-01
-2.039629143e-01
-2.028655002e-01
-2.092415456e-01
-2.048771836e-01
-3.312035715e-01
-2.016077506e-01
-1.953854714e-01
-2.233245882e-01
