-7.968578246e-02
-8.149059524e-02
-8.663575257e-02
-9.310904603e-02
-9.628574826e-02
-9.527715570e-02
-6.125483004e-02
-5.685262735e-02
-6.132712113e-02
-9.495513574e-02
-9.143997839e-02
-9.299027489e-02
-9.277513766e-02
-5.873057790e-02
-9.549747010e-02
-5.675059309e-02
-6.021133954e-02
-5.888482296e-02
-6.560115439e-02
-6.848175355e-02
-6.623206746e-02
-6.859530325e-02
-6.088179142e-02
-6.631546797e-02
-6.569579815e-02
-6.633376488e-02
-6.739653786e-02
-6.885121877e-02
-7.800544105e-02
-7.716857178e-02
-7.483312021e-02
-8.300522854e-02
-7.858832524e-02
-8.707242993e-02
-5.611015048e-02
-9.114922803e-02
-6.102356751e-02
-6.536273084e-02
-9.178702889e-02
-9.001112583e-02
-8.928520013e-02
-8.944872186e-02
-6.326674793e-02
-6.607270170e-02
-9.380166129e-02
-9.178763794e-02
-6.461266961e-02
-6.972332384e-02
-7.636257625e-02
-7.417140311e-02
-7.385834742e-02
-7.497006462e-02
-7.805644037e-02
-8.491250655e-02
-8.110327374e-02
-8.906309064e-02
-6.477994129e-02
-6.541822145e-02
-6.849008943e-02
-8.982050015e-02
-9.291956060e-02
-8.667009336e-02
-8.576996645e-02
-8.821285536e-02
-9.638768330e-02
-9.268379153e-02
-7.420075449e-02
-7.132301639e-02
-7.027033113e-02
-7.756993447e-02
-7.972723442e-02
-7.505156828e-02
-7.245080495e-02
-7.938986866e-02
-8.041001789e-02
-7.875520361e-02
-7.937570586e-02
-8.143210569e-02
-7.847754195e-02
-7.900040811e-02
-8.078261638e-02
-7.386622791e-02
-8.356082053e-02
-8.229905902e-02
-8.579034898e-02
-8.807060098e-02
-8.055003807e-02
-8.815757235e-02
-8.844280515e-02
-9.114288364e-02
-9.729350891e-02
-9.258027968e-02
-9.123442669e-02
-9.800098761e-02
-9.565156760e-02
-9.502663106e-02
-1.013623243e-01
-1.017084619e-01
-1.012630345e-01
-1.031756668e-01
-1.022567891e-01
-1.033884192e-01
-9.965476136e-02
-9.457579751e-02
-9.263596669e-02
-1.002187549e-01
-1.014609398e-01
-9.646536782e-02
-9.797468454e-02
-1.015606188e-01
-1.017766734e-01
-9.863146259e-02
-9.665243283e-02
-9.853331769e-02
-9.969056651e-02
-9.342444583e-02
-9.662360604e-02
-1.002992312e-01
-9.784456839e-02
-9.578486383e-02
-1.012551607e-01
-9.129644587e-02
-9.533930922e-02
-9.695292492e-02
-1.020371270e-01
-1.030362088e-01
-9.667928287e-02
-1.019604947e-01
-1.057573929e-01
-1.063235463e-01
-1.032731044e-01
-9.821183962e-02
-1.006578501e-01
-1.081212479e-01
-1.021866747e-01
-1.039019156e-01
-1.037371009e-01
-1.052935057e-01
-1.074492920e-01
-1.024361609e-01
-1.061269665e-01
-1.059191419e-01
-1.075275448e-01
-1.077114348e-01
-1.093252184e-01
-1.111441935e-01
-1.154364082e-01
-9.233905816e-02
-8.963490357e-02
-1.163728272e-01
-9.264267589e-02
-9.427977687e-02
-1.179057732e-01
-1.197979944e-01
-9.284292628e-02
-9.045346118e-02
-1.157663224e-01
-1.188542256e-01
-1.004146025e-01
-9.735296012e-02
-9.729538643e-02
-9.780014497e-02
-9.585954736e-02
-1.176531375e-01
-1.186011472e-01
-1.181899018e-01
-1.203881841e-01
-1.203701136e-01
-1.178249534e-01
-1.163586975e-01
-1.072719733e-01
-1.145691826e-01
-1.116965963e-01
-1.103668650e-01
-1.150940357e-01
-1.115707567e-01
-1.137130645e-01
-1.135194816e-01
-1.098060058e-01
-1.138462945e-01
-1.109475018e-01
-1.074560159e-01
-1.076456504e-01
-1.083257270e-01
-1.125567366e-01
-1.098716961e-01
-1.151963987e-01
-1.203681242e-01
-1.150212958e-01
-1.140850371e-01
-1.161341711e-01
-1.176576583e-01
-1.159998140e-01
-1.175669242e-01
-1.211511285e-01
-1.205612491e-01
-1.206915586e-01
-1.206096220e-01
-1.237525762e-01
-1.219933993e-01
-1.151117933e-01
-1.226533625e-01
-1.264521815e-01
-1.175949267e-01
-1.284029340e-01
-1.303628171e-01
-1.271092088e-01
-1.181073317e-01
-1.186521760e-01
-1.187418441e-01
-1.139124885e-01
-1.394747708e-01
-1.108274805e-01
-1.088391623e-01
-1.132131101e-01
-1.125913918e-01
-1.335496549e-01
-1.313168084e-01
-1.387884826e-01
-1.408592259e-01
-1.174244643e-01
-1.154345739e-01
-1.210320714e-01
-1.253919989e-01
-1.121482210e-01
-1.192089953e-01
-1.157504398e-01
-1.210898827e-01
-1.329964039e-01
-1.247762667e-01
-1.252625671e-01
-1.307556409e-01
-1.274384539e-01
-1.323778097e-01
-1.468203911e-01
-1.436572676e-01
-1.487799970e-01
-1.452552551e-01
-1.390312794e-01
-1.411093699e-01
-1.416964762e-01
-1.446538105e-01
-1.526908412e-01
-1.553173530e-01
-1.425148074e-01
-1.456891503e-01
-1.545748120e-01
-1.500000155e-01
-1.562727634e-01
-1.261239703e-01
-1.213143714e-01
-1.676743669e-01
2.280888581e-01
1.676744537e+00
4.019872442e+00
6.510442948e+00
8.900457095e+00
1.062509639e+01
1.179326302e+01
1.255014091e+01
1.291835853e+01
1.298000000e+01
1.284754587e+01
1.257792001e+01
1.218925540e+01
1.179437515e+01
1.139334825e+01
1.098993495e+01
1.058805097e+01
1.023447227e+01
9.904042920e+00
9.618648541e+00
9.364333964e+00
9.160570304e+00
8.935024747e+00
8.754800707e+00
8.566325036e+00
8.380539563e+00
8.210134348e+00
8.022221714e+00
7.845028722e+00
7.685969908e+00
7.527972206e+00
7.378129663e+00
7.254108724e+00
7.107124021e+00
6.970569296e+00
6.709927841e+00
6.567288791e+00
6.439004899e+00
6.301814268e+00
6.176435750e+00
6.045514793e+00
5.911939961e+00
5.791924630e+00
5.668050327e+00
5.556398410e+00
5.450120814e+00
5.243482948e+00
5.127860431e+00
5.040229892e+00
4.928807444e+00
4.820729377e+00
4.720870488e+00
4.631482868e+00
4.530456922e+00
4.354910737e+00
4.340269728e+00
4.177513108e+00
4.070916709e+00
3.992817703e+00
3.888117795e+00
3.805244296e+00
3.731680721e+00
3.658928607e+00
3.582088586e+00
3.436120396e+00
3.346321773e+00
3.274497870e+00
3.206912381e+00
3.151520485e+00
3.085219108e+00
3.015222312e+00
2.943243459e+00
2.865879969e+00
2.804244231e+00
2.679637431e+00
2.623097705e+00
2.558560493e+00
2.507768673e+00
2.450098624e+00
2.401633165e+00
2.335518794e+00
2.299086888e+00
2.242429992e+00
2.138102234e+00
2.088084375e+00
2.039037425e+00
1.998400421e+00
1.952902388e+00
1.919595892e+00
1.875719075e+00
1.835779791e+00
1.791125000e+00
1.690471478e+00
1.691289853e+00
1.654920662e+00
1.558242481e+00
1.520922958e+00
1.495930836e+00
1.459947343e+00
1.413516113e+00
1.386510482e+00
1.359037844e+00
1.325316595e+00
1.282636213e+00
1.203061427e+00
1.217499192e+00
1.139141492e+00
1.116875298e+00
1.133007994e+00
1.052249704e+00
1.024918526e+00
1.001576635e+00
9.748379807e-01
9.461654217e-01
9.308851310e-01
8.976197162e-01
8.827388170e-01
8.573204627e-01
8.361812277e-01
8.110537748e-01
7.926900620e-01
7.617149141e-01
7.468319512e-01
7.191546697e-01
7.137572267e-01
7.074090127e-01
6.911675777e-01
6.656428855e-01
6.548961073e-01
6.354131291e-01
6.079468527e-01
5.935094047e-01
5.737895568e-01
5.683808126e-01
5.595248131e-01
5.441215123e-01
5.335632945e-01
5.125697850e-01
4.970923263e-01
4.845359031e-01
4.639930226e-01
4.512084533e-01
4.353464833e-01
4.350752606e-01
4.245669380e-01
3.732601947e-01
3.978127543e-01
3.783351013e-01
3.728059429e-01
3.687496531e-01
3.446500727e-01
3.412115400e-01
3.468371778e-01
2.822126397e-01
2.768473353e-01
2.696157470e-01
3.078105317e-01
2.939425551e-01
2.846821883e-01
2.785544006e-01
2.720434698e-01
2.568739430e-01
2.064752208e-01
2.404585994e-01
2.256618629e-01
2.203892261e-01
2.111200712e-01
2.072540442e-01
1.913789610e-01
1.760117814e-01
1.732508285e-01
1.722712154e-01
1.609633861e-01
1.512311780e-01
1.519320320e-01
1.519984992e-01
1.498145451e-01
1.440658819e-01
1.272650989e-01
1.203057641e-01
1.146105323e-01
1.184320209e-01
1.218878721e-01
1.020775639e-01
9.726934896e-02
1.004763601e-01
9.331656023e-02
1.027839379e-01
8.609522297e-02
7.509775372e-02
7.628280255e-02
8.880748957e-02
7.534550127e-02
7.303519624e-02
6.690137502e-02
7.271356247e-02
7.423433867e-02
5.578262720e-02
5.525201843e-02
5.677103465e-02
4.913540729e-02
3.220448881e-02
4.119289867e-02
4.269744833e-02
2.815702427e-02
1.689733073e-02
6.530805077e-02
5.605614051e-02
6.038256012e-03
1.009386053e-02
5.216308945e-02
7.877088014e-03
4.232602672e-02
9.989729459e-04
2.031854700e-03
4.330248165e-02
4.744380789e-02
4.141441489e-02
4.255395448e-02
3.903021244e-03
-3.385631431e-03
-5.692460757e-03
3.742934250e-02
-1.364467904e-02
3.125921952e-02
2.407440433e-02
2.688408110e-02
2.041040297e-02
1.906154290e-02
-2.399543965e-02
-1.745853492e-02
-2.528268860e-02
1.730252886e-02
6.986416372e-03
1.036877461e-02
1.012761263e-02
-3.271019679e-02
-2.358918726e-02
-3.239400782e-02
1.618883187e-02
5.564920733e-03
7.897898455e-03
4.093411345e-03
-3.497832632e-02
-4.137018023e-02
-1.960763382e-03
1.754350767e-03
-1.631854096e-03
-3.689317342e-03
-4.293914863e-02
1.617665852e-03
-6.654354991e-04
-6.123123944e-03
-4.874047141e-03
-2.952902464e-03
-4.108843636e-03
-4.656092414e-02
-4.645556682e-02
-5.590471529e-02
-2.024431122e-02
-1.858446988e-02
-1.261307390e-02
-1.959065983e-02
-2.331242161e-02
-1.470392035e-02
-3.154742633e-02
-2.927769658e-02
-2.947175267e-02
-2.765896222e-02
-1.952680891e-02
-1.837803437e-02
-2.529212046e-02
-3.481200459e-02
-4.210106788e-02
-5.295112848e-02
-4.498736421e-02
-4.686800485e-02
-5.947696500e-02
-5.801398077e-02
-5.691481546e-02
-4.938678063e-02
-5.312898143e-02
-4.503848463e-02
-5.046558325e-02
-6.114881177e-02
-5.846275362e-02
-1.718014667e-02
-1.722732888e-02
-3.425698604e-02
-2.538008300e-02
-1.831852058e-02
-6.746585444e-02
-1.845907552e-02
-5.954057931e-02
-6.461481883e-02
-6.408202318e-02
-5.921747812e-02
-6.713932639e-02
-6.870442171e-02
-5.085861821e-02
-6.516977836e-02
-6.657564327e-02
-6.444602529e-02
-6.199582474e-02
-3.275560629e-02
-6.645135303e-02
-6.690075172e-02
-7.496268887e-02
-3.803878519e-02
-3.431376700e-02
-4.153417109e-02
-3.650776710e-02
-2.464917551e-02
-4.005555105e-02
-2.822584476e-02
-3.608177023e-02
-5.457635478e-02
-3.406025766e-02
-2.862313390e-02
-1.962970714e-02
-3.090726814e-02
-3.682849620e-02
-3.323980269e-02
-3.948495926e-02
-3.193575528e-02
-2.489213869e-02
-3.326622330e-02
-4.153344502e-02
-4.262021411e-02
-5.083668634e-02
-5.244383198e-02
-4.391942627e-02
-4.946858144e-02
-5.786615692e-02
-5.682146104e-02
-5.771219832e-02
-1.208624714e-02
-5.992495885e-02
-5.881791408e-02
-5.464720237e-02
-6.157830367e-02
-5.002386559e-02
-4.534935854e-02
-4.186356121e-02
-5.907367034e-02
-5.541869379e-02
-6.693229608e-02
-5.092470688e-02
-6.931175843e-02
-6.246418993e-02
-6.762967383e-02
-4.457880385e-02
-5.425153889e-02
-6.442893885e-02
-2.349948052e-02
-7.132746952e-02
-6.579714601e-02
-1.848723017e-02
-6.729928644e-02
-2.855031058e-02
-6.205128228e-02
-7.443935358e-02
-6.416531787e-02
-5.567666949e-02
-2.677527759e-02
-1.959039321e-02
-5.793152410e-02
-5.728081160e-02
-6.616383872e-02
-5.137895812e-02
-4.872369992e-02
-4.338480297e-02
-4.187864140e-02
-3.950431297e-02
-5.932731757e-02
-5.795012476e-02
-6.391038741e-02
-5.691558326e-02
-6.798143542e-02
-2.897823178e-02
-6.552019567e-02
-6.229322936e-02
-4.890954225e-02
-5.528592826e-02
-5.853907400e-02
-6.179310661e-02
-2.097250165e-02
-6.972585314e-02
-6.582410546e-02
-2.775686441e-02
-2.855352119e-02
-2.078504435e-02
-2.335087463e-02
-2.225590653e-02
-7.043948593e-02
-5.973934600e-02
-6.789534074e-02
-5.907629378e-02
-6.720286490e-02
-7.454268582e-02
-3.974952867e-02
-3.506449529e-02
-7.231794325e-02
-2.710878095e-02
-6.596722991e-02
-2.240337471e-02
-3.384770927e-02
-3.617112029e-02
-2.504140552e-02
-3.347808886e-02
-3.007927765e-02
-3.708124232e-02
-5.290130451e-02
-5.741772905e-02
-2.532507627e-02
-2.625381321e-02
-2.740442864e-02
-3.248486550e-02
-2.587897645e-02
-3.429757200e-02
-4.200808337e-02
-4.065428221e-02
-3.389058234e-02
-2.773650528e-02
-2.932369122e-02
-3.815143786e-02
-3.433521702e-02
-3.308038096e-02
-4.984358560e-02
-3.752804047e-02
-4.004509596e-02
-3.219564361e-02
-4.280863002e-02
-5.155684771e-02
-5.032329936e-02
-4.197451699e-02
-5.426736856e-02
-4.576395036e-02
-4.620120471e-02
-5.676828808e-02
-3.858769850e-02
-4.781071938e-02
-5.425151192e-02
-6.034888027e-02
-4.935429192e-02
-4.616789325e-02
-4.239999334e-02
-4.550966254e-02
-5.028825997e-02
-4.034543796e-02
-3.633363153e-02
-3.765665205e-02
-3.591440289e-02
-2.833047294e-02
-2.590164253e-02
-2.647884074e-02
-2.457044335e-02
-4.360281143e-02
-3.339359694e-02
-3.525947234e-02
-3.621495248e-02
-2.137540351e-02
-2.126231885e-02
-2.220071052e-02
-2.916476915e-02
-3.045060106e-02
-2.643611268e-02
-1.988473579e-02
-6.042694996e-02
-6.534495954e-02
-6.883791128e-02
-6.992627551e-02
-2.211544826e-02
-6.771053333e-02
-2.143245872e-02
-6.743342627e-02
-2.271757015e-02
-3.429218978e-02
-2.322984894e-02
-3.290459633e-02
-2.513931636e-02
-3.396301336e-02
-2.550743374e-02
-4.200128766e-02
-4.299874028e-02
-3.692728627e-02
-3.407068832e-02
-4.497118854e-02
-4.010889956e-02
-2.770451266e-02
-2.719754588e-02
-2.761310954e-02
-7.624333394e-02
-4.378106889e-02
-3.963144493e-02
-3.672139569e-02
-4.129314853e-02
-3.210171423e-02
-3.895241650e-02
-4.217298602e-02
-4.556338553e-02
-4.636999368e-02
-4.372307492e-02
-5.820916490e-02
-5.623133594e-02
-5.309847556e-02
-5.748905391e-02
-4.374087930e-02
-6.637074030e-02
-6.511304981e-02
-2.102426724e-02
-2.863382914e-02
-2.631295913e-02
-7.144809834e-02
-7.099666185e-02
-6.587003039e-02
-2.997199957e-02
-2.397260617e-02
-3.771273187e-02
-4.363791086e-02
-4.821275168e-02
-4.819919690e-02
-3.908768386e-02
-2.704887893e-02
-3.619829090e-02
-3.719479508e-02
-3.494591648e-02
-3.730196987e-02
-3.982362147e-02
-3.743317996e-02
-2.919737896e-02
-3.772677815e-02
-3.107559765e-02
-3.258385654e-02
-4.734571388e-02
-6.115241061e-02
-3.541167757e-02
-3.350907759e-02
-3.650520166e-02
-3.541774821e-02
-4.130591973e-02
-4.583829503e-02
-4.573417210e-02
-4.552124363e-02
-3.838560112e-02
-2.949077260e-02
-7.173253790e-02
-6.428645296e-02
-1.730442979e-02
-3.686163467e-02
-4.316749261e-02
-4.702036018e-02
-4.047392030e-02
-4.478214425e-02
-5.482727121e-02
-5.558612371e-02
-5.615724568e-02
-5.855680816e-02
-2.032015994e-02
-5.742706983e-02
-5.890625466e-02
-5.152028188e-02
-6.138971477e-02
-4.655953966e-02
-4.612977554e-02
-4.322502864e-02
-3.728154104e-02
-2.834914586e-02
-2.613782527e-02
-3.636655731e-02
-2.579683575e-02
-1.832383920e-02
-3.271735884e-02
-3.941266664e-02
-3.601972408e-02
-2.556014216e-02
-2.555690408e-02
-4.074007669e-02
-6.249063446e-02
-5.611220303e-02
-5.227953431e-02
-4.850283143e-02
-4.007986975e-02
-3.935868618e-02
-3.851366980e-02
-4.524883952e-02
-4.915705422e-02
-5.347843912e-02
-6.442014809e-02
-1.869132565e-02
-3.182552303e-02
-3.276460566e-02
-2.311833499e-02
-2.579245894e-02
-1.433447650e-02
-6.466426525e-02
-5.571310455e-02
-1.044332586e-02
-2.251383999e-02
-2.066317097e-02
-1.994567121e-02
-6.494571249e-02
-5.689654044e-02
-5.740495886e-02
-6.393256910e-02
-5.738539501e-02
-5.714888256e-02
-6.254366649e-02
-2.115661249e-02
-5.997905125e-02
-3.290781864e-02
-4.373207226e-02
-2.648544157e-02
-2.315808090e-02
-4.518969360e-02
-3.711014645e-02
-3.091208711e-02
-3.986626049e-02
-3.402915292e-02
-3.959080962e-02
-4.779483527e-02
-3.235538028e-02
-1.799942171e-02
-6.288076206e-02
-6.814039565e-02
-2.795667874e-02
-3.330728499e-02
-3.103644603e-02
-2.966566630e-02
-5.742982556e-02
-6.004019019e-02
-4.861801544e-02
-4.090870589e-02
-3.451688302e-02
-4.021923916e-02
-4.703335118e-02
-5.121624743e-02
-5.028678899e-02
-5.328750713e-02
-5.099251228e-02
-5.041507849e-02
-4.990145237e-02
-6.071949083e-02
-5.038632040e-02
-4.654607647e-02
-3.561019443e-02
-4.221917858e-02
-4.124488865e-02
-3.005715193e-02
-4.810569951e-02
-4.902518267e-02
-4.863643446e-02
-6.526434121e-02
-5.974424179e-02
-2.655642044e-02
-5.278182866e-02
-5.216866350e-02
-4.570523032e-02
-5.375629922e-02
-4.637685044e-02
-3.518759745e-02
-1.713802970e-02
-2.008819475e-02
-2.676215684e-02
-2.463176546e-02
-6.912026878e-02
-1.956333913e-02
-1.709263851e-02
-2.025312132e-02
-2.338553292e-02
-2.022639084e-02
-2.552835459e-02
-2.916428476e-02
-3.306365018e-02
-4.125314668e-02
-5.073743427e-02
-4.362568205e-02
-2.451201129e-02
-3.069952040e-02
-2.666398396e-02
-3.634404489e-02
-2.722115428e-02
-6.499496810e-02
-2.714483237e-02
-3.051847719e-02
-3.532296454e-02
-3.229673452e-02
-6.563611441e-02
-3.283058596e-02
-2.456779498e-02
-2.716327429e-02
-4.754499803e-02
-5.602947872e-02
-5.487091971e-02
-7.303469048e-02
-7.097909967e-02
-5.575872928e-02
-5.290874183e-02
-3.488480043e-02
-3.561709902e-02
-5.503380594e-02
-4.992723391e-02
-6.558685726e-02
-6.646869337e-02
-4.528284450e-02
-4.924449878e-02
-4.142363203e-02
-6.223995055e-02
-7.296801566e-02
-7.042983630e-02
-2.020577476e-02
-2.108699063e-02
-6.435531924e-02
-5.928328542e-02
-6.919129955e-02
-6.680793410e-02
-5.982953662e-02
-2.192533190e-02
-2.948252475e-02
-6.629686222e-02
-2.703778885e-02
-5.680285631e-02
-6.524774374e-02
-7.055720231e-02
-2.299407833e-02
-6.541290945e-02
-7.107113372e-02
-7.057230896e-02
-6.905984014e-02
-7.519987957e-02
-6.660989909e-02
-1.901121928e-02
-2.698659974e-02
-6.116256753e-02
-6.864044614e-02
-5.212240479e-02
-6.456139858e-02
-5.472569437e-02
-1.732131321e-02
-5.963904476e-02
-6.870794778e-02
-6.324482268e-02
-2.467278187e-02
-6.921536639e-02
-1.936668554e-02
-3.437162715e-02
-2.862631805e-02
-2.520512875e-02
-3.029530886e-02
-2.531207254e-02
-6.665014109e-02
-5.772104454e-02
-6.139920108e-02
-3.940568624e-02
-4.822540687e-02
-3.796765927e-02
-2.693112592e-02
-1.757605439e-02
-2.304010961e-02
-6.657085534e-02
-6.315949732e-02
-3.330173894e-02
-3.658647534e-02
-6.901892396e-02
-6.815157630e-02
-6.683112070e-02
-2.593314821e-02
-3.273291629e-02
-3.069842594e-02
-4.166125980e-02
-4.336171814e-02
-3.120207883e-02
