-3.899325389e-02
-4.032368831e-02
-2.943211020e-02
-4.197043870e-02
-4.041926229e-02
-3.898480336e-02
-3.928150622e-02
-3.702687199e-02
-3.449093990e-02
-3.643515022e-02
-3.851424207e-02
-3.570399734e-02
-3.407345419e-02
-3.782425054e-02
-3.861741015e-02
-3.859013969e-02
-3.568462272e-02
-3.197707461e-02
-2.972848964e-02
-3.029097692e-02
-3.160005463e-02
-2.837771215e-02
-2.859625163e-02
-3.095187671e-02
-3.050399835e-02
-2.983665902e-02
-2.739569744e-02
-3.632131523e-02
-2.756265920e-02
-3.670867148e-02
-3.581143315e-02
-3.580262848e-02
-2.602625903e-02
-3.475306369e-02
-3.521232447e-02
-2.482068909e-02
-2.602348916e-02
-3.389672231e-02
-3.426275919e-02
-3.457419553e-02
-3.522508911e-02
-2.620850655e-02
-2.738385729e-02
-2.563838542e-02
-2.602629878e-02
-2.594294618e-02
-2.690740755e-02
-2.570436175e-02
-2.514555498e-02
-3.267466687e-02
-2.777084555e-02
-2.768956720e-02
-2.532169904e-02
-2.610676045e-02
-2.746833193e-02
-2.722768410e-02
-2.669096400e-02
-2.896181632e-02
-2.712059521e-02
-2.666994517e-02
-2.714735252e-02
-2.676011673e-02
-2.534331051e-02
-3.406603656e-02
-2.590346157e-02
-3.123829933e-02
-3.262862046e-02
-3.200959933e-02
-2.906480071e-02
-3.019636237e-02
-3.171849342e-02
-3.225058383e-02
-3.205907450e-02
-3.135035941e-02
-3.112528403e-02
-3.145895460e-02
-3.149393299e-02
-3.200457635e-02
-2.494756817e-02
-2.479884634e-02
-3.154951283e-02
-3.208783017e-02
-3.173955381e-02
-3.081425543e-02
-3.047344970e-02
-2.948824775e-02
-2.753158055e-02
-2.734099512e-02
-2.906883054e-02
-2.747428182e-02
-2.813280262e-02
-2.884995138e-02
-2.913250437e-02
-2.756160281e-02
-2.556185240e-02
-2.521567376e-02
-2.647976627e-02
-2.711425324e-02
-2.625042979e-02
-2.663805465e-02
-2.687554414e-02
-2.491990684e-02
-2.695043536e-02
-2.664989299e-02
-2.413417028e-02
-2.612453241e-02
-2.484331780e-02
-2.528633399e-02
-2.480895253e-02
-2.392645792e-02
-2.381296381e-02
-2.303489483e-02
-2.487228065e-02
-2.543548465e-02
-2.616130859e-02
-2.361968078e-02
-2.554263136e-02
-2.404998052e-02
-2.444297046e-02
-2.556343819e-02
-2.590488354e-02
-2.558787735e-02
-2.384135029e-02
-2.576074081e-02
-2.472672077e-02
-2.520944382e-02
-2.571018456e-02
-2.359558312e-02
-2.200765461e-02
-2.281314462e-02
-2.419754899e-02
-2.392219260e-02
-2.256105235e-02
-2.261741153e-02
-2.142729720e-02
-2.088924064e-02
-2.175722823e-02
-2.109321528e-02
-2.208974303e-02
-2.241872970e-02
-2.203473716e-02
-2.399218250e-02
-2.475051911e-02
-2.499133979e-02
-2.345879418e-02
-2.440064912e-02
-2.542226348e-02
-2.485642875e-02
-2.375780497e-02
-2.415780178e-02
-2.498786285e-02
-2.388200031e-02
-2.306509958e-02
-2.282728245e-02
-2.323942416e-02
-2.175966444e-02
-2.219084771e-02
-2.268181893e-02
-2.078113390e-02
-2.061307539e-02
-2.324450858e-02
-2.217947975e-02
-2.205603906e-02
-2.341361264e-02
-2.204957303e-02
-2.236595345e-02
-2.082328479e-02
-2.193331267e-02
-2.245595096e-02
-2.221509836e-02
-2.040045870e-02
-2.363393425e-02
-2.197176739e-02
-2.236226210e-02
-2.202114439e-02
-2.233805181e-02
-2.106763300e-02
-1.997580831e-02
-1.927886772e-02
-1.943247100e-02
-2.027031527e-02
-1.759485872e-02
-1.797687338e-02
-1.855674295e-02
-1.966761944e-02
-1.822910719e-02
-1.931018427e-02
-1.895572494e-02
-2.040062553e-02
-2.089754000e-02
-1.987036543e-02
-1.798018831e-02
-1.741368204e-02
-1.866401253e-02
-2.100908454e-02
-1.871875702e-02
-1.833135740e-02
-1.614061201e-02
-1.715126494e-02
-1.847003749e-02
-1.838440106e-02
-1.744862790e-02
-1.793087876e-02
-1.752496398e-02
-1.714523977e-02
-1.547667193e-02
-1.747458901e-02
-1.962713685e-02
-1.910678721e-02
-1.753963844e-02
-1.677677873e-02
-1.764709894e-02
-1.899347379e-02
-1.894715575e-02
-1.957886804e-02
-2.191754870e-02
-2.000993568e-02
-1.717293604e-02
-1.805813126e-02
-1.580962217e-02
-1.628465596e-02
-1.794770274e-02
-2.470182750e-02
-1.498078132e-02
-2.491639376e-02
-1.865937019e-02
-1.622376947e-02
-1.653319300e-02
-1.772649880e-02
-2.487553234e-02
-2.522359249e-02
-1.532325295e-02
-1.763353749e-02
-1.696463345e-02
-1.838023211e-02
-1.763099287e-02
-1.894835669e-02
-2.127537367e-02
-2.017131916e-02
-2.021905857e-02
-1.867125370e-02
-2.009603767e-02
-1.852724889e-02
-1.815532898e-02
-1.673906481e-02
-2.021215769e-02
-2.084811482e-02
-2.035961896e-02
-1.896938817e-02
-1.793925100e-02
3.216232208e-02
4.166770061e-01
1.434127936e+00
2.960584850e+00
4.526335351e+00
5.912547510e+00
7.072534011e+00
8.031350697e+00
8.812870606e+00
9.404117232e+00
9.816310626e+00
1.002835164e+01
1.009000000e+01
1.002094624e+01
9.829831955e+00
9.548010349e+00
9.215561409e+00
8.822734816e+00
8.407638560e+00
7.985083619e+00
7.591303945e+00
7.264643095e+00
6.992964422e+00
6.779524094e+00
6.580371395e+00
6.378829572e+00
6.174483874e+00
5.985693611e+00
5.783673186e+00
5.591030010e+00
5.403807661e+00
5.212179693e+00
5.030110777e+00
4.792933936e+00
4.616603986e+00
4.446294145e+00
4.276191294e+00
4.135643472e+00
3.986580210e+00
3.808928935e+00
3.686243708e+00
3.579304314e+00
3.489373137e+00
3.423082835e+00
3.339843446e+00
3.266753518e+00
3.196252394e+00
3.123061441e+00
3.057527108e+00
2.988823281e+00
2.926511741e+00
2.861086980e+00
2.754853273e+00
2.695200600e+00
2.628826691e+00
2.571943422e+00
2.505178446e+00
2.447665991e+00
2.356895711e+00
2.305346239e+00
2.244207187e+00
2.197397884e+00
2.150537453e+00
2.067158380e+00
2.020886942e+00
1.976466021e+00
1.926676899e+00
1.855766011e+00
1.811587276e+00
1.781500037e+00
1.711616115e+00
1.681522225e+00
1.638373390e+00
1.578045761e+00
1.535508170e+00
1.504574460e+00
1.462187835e+00
1.431858319e+00
1.376601154e+00
1.338158803e+00
1.307235208e+00
1.277597679e+00
1.231113820e+00
1.200400254e+00
1.168462181e+00
1.145771554e+00
1.115225824e+00
1.096655208e+00
1.046365957e+00
1.025274489e+00
1.000074599e+00
9.858404831e-01
9.548331994e-01
9.141113115e-01
9.010377493e-01
8.772350230e-01
8.578570429e-01
8.374757872e-01
8.011826940e-01
7.832201373e-01
7.601555659e-01
7.500496545e-01
7.275608343e-01
7.150817626e-01
6.963751685e-01
6.824716169e-01
6.626295127e-01
6.559858652e-01
6.328955231e-01
6.023750037e-01
5.954545255e-01
5.767776965e-01
5.646342232e-01
5.536700455e-01
5.414782034e-01
5.283762909e-01
4.968100342e-01
4.920610303e-01
4.742814048e-01
4.681866392e-01
4.576338293e-01
4.504515700e-01
4.353338209e-01
4.147676303e-01
4.130677808e-01
3.905080444e-01
3.867399513e-01
3.697056761e-01
3.600925264e-01
3.544520137e-01
3.452465676e-01
3.421795365e-01
3.313041566e-01
3.299772618e-01
3.173169778e-01
3.143287605e-01
3.021404597e-01
2.987474009e-01
2.890030972e-01
2.781285611e-01
2.611607049e-01
2.543748450e-01
2.530267754e-01
2.442334373e-01
2.390079650e-01
2.312345953e-01
2.291378742e-01
2.207124207e-01
2.154566311e-01
2.129557949e-01
2.009085333e-01
2.004050161e-01
1.929626482e-01
1.904049415e-01
1.845394889e-01
1.900270030e-01
1.765583200e-01
1.718035566e-01
1.740814742e-01
1.655330324e-01
1.631221533e-01
1.433954235e-01
1.382357746e-01
1.348989003e-01
1.295586258e-01
1.317834485e-01
1.213918674e-01
1.229192671e-01
1.152597486e-01
1.124804771e-01
1.047034239e-01
1.082951230e-01
9.490629396e-02
9.612510253e-02
9.608760060e-02
8.941955856e-02
9.035751979e-02
8.685389271e-02
8.425130554e-02
7.832608969e-02
7.798093914e-02
8.170533351e-02
7.210015200e-02
7.208429226e-02
6.777133326e-02
6.650702876e-02
5.845094640e-02
6.085560218e-02
5.095565412e-02
5.389089944e-02
5.628833694e-02
4.885926009e-02
4.713831169e-02
4.998623842e-02
4.381865646e-02
3.846822517e-02
3.472200431e-02
4.220852385e-02
3.168533511e-02
3.768452671e-02
3.398455524e-02
3.263009121e-02
2.896782824e-02
3.383146811e-02
2.171239119e-02
2.521950785e-02
2.772185642e-02
2.057016925e-02
1.883562989e-02
2.028400079e-02
3.920883921e-03
1.836258843e-02
-4.326197030e-04
2.443052081e-03
8.877607961e-03
-2.330916713e-03
-6.068420225e-03
-4.026755016e-03
5.232498412e-03
-3.308038531e-03
-1.446503608e-02
-1.159761969e-02
-9.413614370e-03
-1.569004930e-02
-1.615563639e-02
-6.784525241e-04
-4.132785112e-03
-5.727851791e-03
-2.365301014e-02
-1.724209660e-02
-2.437216207e-02
-2.213124166e-02
-2.571088260e-02
-2.538721282e-02
-2.895747632e-02
-2.415988144e-02
-1.812540851e-02
-3.259070778e-02
-2.925990141e-02
-2.135203618e-02
-2.090986619e-02
-3.565185228e-02
-2.238409461e-02
-2.418118033e-02
-2.920345790e-02
-2.443944775e-02
-2.992271222e-02
-2.556839131e-02
-3.014860127e-02
-3.031568469e-02
-3.212340421e-02
-2.645059984e-02
-3.592017831e-02
-4.783579132e-02
-4.612866396e-02
-5.098222534e-02
-3.664407677e-02
-4.949449208e-02
-5.152035477e-02
-5.079632079e-02
-3.911691803e-02
-3.448297902e-02
-4.267261548e-02
-5.116430302e-02
-5.396269134e-02
-5.309005117e-02
-5.747720516e-02
-3.565380426e-02
-4.469418997e-02
-1.542795171e-01
-4.057079374e-02
-4.706672516e-02
-4.674026685e-02
-5.940093328e-02
-4.589765616e-02
-6.048413940e-02
-5.175989983e-02
-5.898522368e-02
-5.096969799e-02
-6.035692966e-02
-6.331007282e-02
-6.113261905e-02
-6.669312182e-02
-6.093313438e-02
-6.967448221e-02
-6.632749207e-02
-6.238350063e-02
-6.816242001e-02
-6.751151740e-02
-6.654441444e-02
-6.754960895e-02
-6.608602575e-02
-6.881763552e-02
-6.003594845e-02
-6.870553809e-02
-6.589087928e-02
-6.952228584e-02
-6.587066449e-02
-6.916600644e-02
-6.302492281e-02
-6.895385229e-02
-6.854289646e-02
-6.540344403e-02
-7.054949475e-02
-6.966329975e-02
-6.915097543e-02
-6.856513128e-02
-6.677996520e-02
-7.214094175e-02
-6.811196614e-02
-7.493203229e-02
-6.968504492e-02
-7.292576104e-02
-7.181172501e-02
-7.305904352e-02
-6.857003502e-02
-7.873424916e-02
-7.593880777e-02
-7.355361033e-02
-7.785951849e-02
-7.622336694e-02
-7.645084841e-02
-7.628703053e-02
-7.968942344e-02
-8.053501901e-02
-7.589400205e-02
-7.818283412e-02
-7.584101862e-02
-8.068398657e-02
-7.994225290e-02
-8.069597487e-02
-7.665688825e-02
-8.213132999e-02
-8.133614312e-02
-7.826681368e-02
-8.450724395e-02
-8.111285710e-02
-8.079316235e-02
-7.853763012e-02
-8.134447259e-02
-8.475600985e-02
-8.014668285e-02
-8.461681543e-02
-7.889029949e-02
-8.482127610e-02
-8.153199967e-02
-8.360160387e-02
-7.565325485e-02
-8.572324652e-02
-9.838594804e-02
-8.007733318e-02
-8.506067722e-02
-8.443233285e-02
-9.795324281e-02
-8.352277195e-02
-8.308451675e-02
-8.669348432e-02
-8.217223116e-02
-8.970783739e-02
-8.304588315e-02
-9.851489534e-02
-8.527309335e-02
-8.763355351e-02
-9.548321840e-02
-1.027366396e-01
-8.714488600e-02
-9.831680674e-02
-1.029899871e-01
-1.006956014e-01
-1.003256082e-01
-1.035556748e-01
-1.024526364e-01
-1.051688712e-01
-9.590369742e-02
-1.066938191e-01
-1.013244679e-01
-1.050534751e-01
-1.026106134e-01
-1.048407061e-01
-9.808455404e-02
-1.071404219e-01
-1.034473254e-01
-1.013753151e-01
-1.071870983e-01
-1.038397233e-01
-1.004944412e-01
-1.042106350e-01
-1.021019310e-01
-1.076731200e-01
-1.019479893e-01
-1.073149464e-01
-1.006349070e-01
-1.063777296e-01
-1.030921331e-01
-1.017230542e-01
-9.580167186e-02
-1.050286463e-01
-1.027723546e-01
-9.998456935e-02
-1.054948682e-01
-1.053837332e-01
-1.022275507e-01
-1.025538790e-01
-1.036042183e-01
-1.041599836e-01
-9.912083021e-02
-1.036081331e-01
-1.008053210e-01
-1.024895860e-01
-1.007264831e-01
-1.050019052e-01
-9.480701297e-02
-1.050744645e-01
-1.048855907e-01
-1.014577667e-01
-1.040490443e-01
-1.035869330e-01
-1.014073411e-01
-1.046258591e-01
-1.038452190e-01
-1.063635610e-01
-1.014081542e-01
-1.086379662e-01
-1.037115890e-01
-1.055972852e-01
-1.039999739e-01
-1.069437034e-01
-1.889857225e-01
-1.086424230e-01
-1.065890984e-01
-1.027044028e-01
-1.082787537e-01
-1.071430719e-01
-1.027447704e-01
-1.034861872e-01
-1.068543558e-01
-1.111076292e-01
-1.018414316e-01
-1.075015466e-01
-1.021173342e-01
-1.083614763e-01
-1.033073414e-01
-1.073701149e-01
-9.886725694e-02
-1.093614503e-01
-1.079004189e-01
-1.021513929e-01
-1.075574679e-01
-1.057071554e-01
-1.067418506e-01
-1.050708056e-01
-1.049770162e-01
-1.097215963e-01
-1.047028601e-01
-1.110165350e-01
-1.057848340e-01
-1.093694154e-01
-1.769390994e-01
-1.801304337e-01
-1.015265466e-01
-2.000576401e-01
-1.057736317e-01
-1.012954683e-01
-1.054774624e-01
-1.066826770e-01
-1.055430051e-01
-1.213970409e-01
-1.221218061e-01
-1.076723069e-01
-1.034553959e-01
-1.095064332e-01
-1.228243605e-01
-1.238473221e-01
-1.040630322e-01
-1.261148938e-01
-1.182020966e-01
-1.256739519e-01
-1.244560245e-01
-1.208604876e-01
-1.078212949e-01
-1.213280460e-01
-1.224876364e-01
-1.197549931e-01
-1.211007717e-01
-1.216031356e-01
-1.174858326e-01
-1.227202300e-01
-1.171688932e-01
-1.185546383e-01
-1.229099288e-01
-1.242525551e-01
-1.171598266e-01
-1.242950084e-01
-1.214211386e-01
-1.183823355e-01
-1.227020388e-01
-1.209734186e-01
-1.214680342e-01
-1.220886526e-01
-1.222883529e-01
-1.244317039e-01
-1.182155183e-01
-1.240004900e-01
-1.180260188e-01
-1.225665243e-01
-1.181529768e-01
-1.207119194e-01
-1.148990780e-01
-1.224699481e-01
-1.203567729e-01
-1.154318249e-01
-1.231117570e-01
-1.203450381e-01
-1.171616671e-01
-1.168753607e-01
-1.178761490e-01
-1.217239262e-01
-1.174279454e-01
-1.220696014e-01
-1.184733238e-01
-1.227088234e-01
-1.179141430e-01
-1.207632164e-01
-1.149011047e-01
-1.257785221e-01
-1.220076555e-01
-1.184903290e-01
-1.227597194e-01
-1.210816633e-01
-1.241609899e-01
-1.217031935e-01
-1.222235184e-01
-1.255414981e-01
-1.177737717e-01
-1.227974032e-01
-1.191950143e-01
-1.195635085e-01
-1.193073593e-01
-1.228710537e-01
-1.161875446e-01
-1.208104680e-01
-1.195560716e-01
-1.169567186e-01
-1.222043052e-01
-1.214899601e-01
-1.209326662e-01
-1.215045490e-01
-1.222297159e-01
-1.229583308e-01
-1.165121660e-01
-1.240159913e-01
-1.192714214e-01
-1.229205964e-01
-1.179806174e-01
-1.240333917e-01
-1.182990534e-01
-1.272613582e-01
-1.209026686e-01
-1.163935050e-01
-1.239958777e-01
-1.217256728e-01
-1.187344195e-01
-1.197869456e-01
-1.199297049e-01
-1.251480517e-01
-1.162985260e-01
-1.221783736e-01
-1.186457988e-01
-1.222436200e-01
-1.177520994e-01
-1.200075816e-01
-1.133374118e-01
-1.203010551e-01
-1.177749389e-01
-1.114373091e-01
-1.185678727e-01
-1.162306634e-01
-1.137093058e-01
-1.309973946e-01
-1.140098361e-01
-1.361538996e-01
-1.307116086e-01
-1.186203731e-01
-1.308649559e-01
-1.169875654e-01
-1.314655022e-01
-1.350703050e-01
-1.296163798e-01
-1.192618639e-01
-1.327263412e-01
-1.287353686e-01
-1.342765672e-01
-1.147218968e-01
-1.141425765e-01
-1.320998073e-01
-1.301753203e-01
-1.346679750e-01
-1.275182043e-01
-1.357616950e-01
-1.305717312e-01
-1.376144130e-01
-1.326006835e-01
-1.357776313e-01
-1.264167835e-01
-1.325564108e-01
-1.321317701e-01
-1.284493333e-01
-1.324137310e-01
-1.323764309e-01
-1.294088295e-01
-1.332657318e-01
-1.318864805e-01
-1.308011225e-01
-1.288242971e-01
-1.358175260e-01
-1.297674939e-01
-1.329487509e-01
-1.268763828e-01
-1.304974362e-01
-1.242088540e-01
-1.324812396e-01
-1.285993669e-01
-1.248723231e-01
-1.287002240e-01
-1.278191441e-01
-1.265189994e-01
-1.282801347e-01
-1.297279316e-01
-1.316261870e-01
-1.252852610e-01
-1.312389856e-01
-1.269625522e-01
-1.323288752e-01
-1.283252277e-01
-1.289972991e-01
-1.234622979e-01
-1.300637740e-01
-1.299977236e-01
-1.260811309e-01
-1.292768064e-01
-1.279515883e-01
-1.294093083e-01
-1.301117633e-01
-1.284724787e-01
-1.298102055e-01
-1.244163863e-01
-1.286689478e-01
-1.259259659e-01
-1.266481786e-01
-1.238525077e-01
-1.282127779e-01
-1.204341117e-01
-1.286404306e-01
-1.273082454e-01
-1.243768330e-01
-1.265229094e-01
-1.267012270e-01
-1.287003180e-01
-1.284735628e-01
-1.271610341e-01
-1.297804001e-01
-1.251538992e-01
-1.276025127e-01
-1.245827879e-01
-1.273222248e-01
-1.258650216e-01
-1.259365701e-01
-1.186412395e-01
-1.237233177e-01
-1.231757729e-01
-1.198997423e-01
-1.236777784e-01
-1.208725223e-01
-1.201633423e-01
-1.175472882e-01
-1.206649123e-01
-1.228011235e-01
-1.168541257e-01
-1.208663430e-01
-1.188478124e-01
-1.244453877e-01
-1.207306158e-01
-1.247828526e-01
-1.158863072e-01
-1.253322674e-01
-1.231364617e-01
-1.188142849e-01
-1.211704755e-01
-1.219613712e-01
-1.184669113e-01
-1.175351102e-01
-1.165151159e-01
-1.221542826e-01
-1.147523347e-01
-1.218981376e-01
-1.156876591e-01
-1.205802498e-01
-1.169463480e-01
-1.209537591e-01
-1.123587409e-01
-1.191856567e-01
-1.190158366e-01
-1.344472739e-01
-1.200712772e-01
-1.389272315e-01
-1.176391293e-01
-1.385440695e-01
-1.370430723e-01
-1.404294501e-01
-1.326363196e-01
-1.411647731e-01
-1.352973252e-01
-1.355116698e-01
-1.347774128e-01
-1.380562000e-01
-1.305757140e-01
-1.360244392e-01
-1.335108286e-01
-1.301923942e-01
-1.386366477e-01
-1.343711752e-01
-1.367373624e-01
-1.365468956e-01
-1.380715243e-01
-1.402336453e-01
-1.304759452e-01
-1.365744798e-01
-1.349083548e-01
-1.190286361e-01
-1.350822054e-01
-1.356873471e-01
-1.289528529e-01
-1.393160356e-01
-1.359152766e-01
-1.304696622e-01
-1.357323202e-01
-1.338776316e-01
-1.312041228e-01
-1.343643164e-01
-1.331638743e-01
-1.348466408e-01
-1.306728419e-01
-1.354943802e-01
-1.295001815e-01
-1.318116507e-01
-1.317799650e-01
-1.333875006e-01
-1.254732458e-01
-1.346391139e-01
-1.304976922e-01
-1.291480078e-01
-1.334574164e-01
-1.298574366e-01
-1.322142277e-01
-1.286764504e-01
-1.305920989e-01
-1.340014536e-01
-1.257510221e-01
-1.319701138e-01
-1.262531674e-01
-1.301277465e-01
-1.290593401e-01
-1.294984012e-01
-1.220474870e-01
-1.979795860e-01
-1.295427112e-01
-1.249926090e-01
-1.305280240e-01
-1.293204286e-01
-1.264990893e-01
-1.273997402e-01
-1.261445927e-01
-1.306152986e-01
-1.880359585e-01
