-1.033916324e-01
-1.061286696e-01
-1.016515721e-01
-1.064556444e-01
-1.070989193e-01
-1.112079070e-01
-1.103928764e-01
-1.071221504e-01
-1.010257002e-01
-1.012455696e-01
-1.161382577e-01
-1.120303091e-01
-1.177380651e-01
-1.206153925e-01
-1.243765705e-01
-1.190258740e-01
-1.222677304e-01
-1.120885086e-01
-1.231987573e-01
-1.202533206e-01
-1.199495363e-01
-8.782901654e-02
-1.138985532e-01
-9.480198327e-02
-9.695417527e-02
-1.559441932e-01
-1.197203426e-01
-1.138373076e-01
-1.118008277e-01
-1.113032784e-01
-1.283535195e-01
-1.293047755e-01
-1.349888469e-01
-1.229208135e-01
-1.049932606e-01
-1.550261085e-01
-1.611729598e-01
-1.601435974e-01
-1.645806003e-01
-1.649787108e-01
-1.105316267e-01
-1.132893329e-01
-1.663164882e-01
-1.775901248e-01
-1.751392252e-01
-1.844227966e-01
-1.794068828e-01
-1.855098631e-01
-1.858603600e-01
-1.861444453e-01
-1.758726999e-01
-1.922812406e-01
-1.252648109e-01
-1.899903694e-01
-1.747596894e-01
-1.948163529e-01
-1.896084557e-01
-1.896404959e-01
-1.876532229e-01
-1.970485655e-01
-1.856053725e-01
-1.708542214e-01
-1.603927081e-01
-1.695952794e-01
-1.610494025e-01
-1.653314841e-01
-1.729192413e-01
-5.585578415e-01
-1.642779951e-01
-1.576777499e-01
-1.670732570e-01
-1.640433531e-01
-1.643166473e-01
-1.576271329e-01
-1.484626959e-01
-1.574851674e-01
-1.621462366e-01
-1.654963883e-01
-1.630868965e-01
-1.573924340e-01
-1.723453808e-01
-1.785546717e-01
-1.725946986e-01
-1.800280341e-01
-1.782504927e-01
-1.697061246e-01
-2.189315029e-01
-1.796037277e-01
-1.863418242e-01
-1.851240301e-01
-1.787620314e-01
-1.678603277e-01
-1.818767247e-01
-1.656329643e-01
-1.679948344e-01
-1.706372788e-01
-1.704360599e-01
-1.980843084e-01
-1.975988478e-01
-2.057071640e-01
-1.988537730e-01
-2.104795372e-01
-2.146219846e-01
-2.137638357e-01
-1.989218397e-01
-1.888066767e-01
-1.924241341e-01
-1.834505128e-01
-1.842372180e-01
-1.819992910e-01
-1.883475501e-01
-1.839688970e-01
-1.883295541e-01
-1.979895889e-01
-2.024031292e-01
-1.969167495e-01
-2.072028985e-01
-2.070724531e-01
-2.139470831e-01
-2.005908915e-01
-2.219502867e-01
-1.990020925e-01
-2.398185551e-01
-1.966891112e-01
-1.973946518e-01
-1.921479299e-01
-1.924723751e-01
-1.981838284e-01
-1.956794892e-01
-1.851040928e-01
-1.972881138e-01
-2.063080713e-01
-2.072118863e-01
-1.913506956e-01
-2.046863487e-01
-2.176910158e-01
-2.211431609e-01
-2.069439491e-01
-2.160431888e-01
-2.257949579e-01
-2.205152251e-01
-2.210279132e-01
-2.330082317e-01
-2.130923335e-01
-2.197091187e-01
-2.149840402e-01
-2.205928259e-01
-2.246110824e-01
-2.404494584e-01
-2.274836892e-01
-2.076032854e-01
-2.173550444e-01
-2.100370196e-01
-2.101207287e-01
-2.255660851e-01
-2.205063003e-01
-2.256361459e-01
-2.224321205e-01
-2.150530755e-01
-2.132332288e-01
-2.228928148e-01
-2.198252741e-01
-2.255079200e-01
-2.152299790e-01
-2.036972366e-01
-2.040062385e-01
-1.893496830e-01
-2.561166445e-01
-1.979448285e-01
-2.688606788e-01
-2.186835984e-01
-2.211410064e-01
-2.585625256e-01
-2.624807335e-01
-2.705100153e-01
-2.172057786e-01
-2.186031100e-01
-2.136046358e-01
-2.668452381e-01
-2.706319968e-01
-2.784870468e-01
-2.109967659e-01
-2.688588356e-01
-2.740413715e-01
-2.828667470e-01
-2.777982702e-01
-2.670248823e-01
-2.677270588e-01
-2.874675311e-01
-2.746795697e-01
-2.706853511e-01
-2.869371821e-01
-2.194576707e-01
-2.862692790e-01
-2.742363955e-01
-2.793431799e-01
-2.904470705e-01
-2.738360262e-01
-2.752051743e-01
-2.814089045e-01
-2.671702431e-01
-2.798029496e-01
-2.555677100e-01
-2.450102595e-01
-2.474940069e-01
-2.529185028e-01
-2.720579643e-01
-2.714944582e-01
-2.695427730e-01
-2.764207502e-01
-2.555695322e-01
-3.224964065e-01
-3.325470268e-01
-3.359502762e-01
-3.100179993e-01
-3.110606275e-01
-3.100779486e-01
-3.147279498e-01
-3.070888541e-01
-2.952250302e-01
-3.082167530e-01
-2.982721313e-01
-3.166372856e-01
-3.117507971e-01
-3.101237643e-01
-3.070397629e-01
-3.068890952e-01
-3.129331489e-01
-3.281875535e-01
-3.332299956e-01
-3.485608434e-01
-3.393494995e-01
-3.437919420e-01
-3.507339827e-01
-3.665515637e-01
-2.913661381e-01
-3.613479783e-01
-3.724594543e-01
-3.031922893e-01
-3.886349977e-01
-3.737748941e-01
-3.774880518e-01
-3.896260349e-01
-3.933844431e-01
-3.788799016e-01
-3.909929121e-01
-3.941576240e-01
-4.080986614e-01
-4.244264050e-01
-4.216694041e-01
-2.836719389e-01
4.048062077e-01
2.483644315e+00
6.301887459e+00
1.072100120e+01
1.507806276e+01
1.846204058e+01
2.059584681e+01
2.191957695e+01
2.238590931e+01
2.280000000e+01
2.229092386e+01
2.165038528e+01
2.081931428e+01
1.998915226e+01
1.922766049e+01
1.855619367e+01
1.793859453e+01
1.737397226e+01
1.684237228e+01
1.638765661e+01
1.600101854e+01
1.567757133e+01
1.538025719e+01
1.508244856e+01
1.478728801e+01
1.450861428e+01
1.426686735e+01
1.395408761e+01
1.371072670e+01
1.344027537e+01
1.322131733e+01
1.296092658e+01
1.274214129e+01
1.246027987e+01
1.223930470e+01
1.198561269e+01
1.173393026e+01
1.151359875e+01
1.128795235e+01
1.105398600e+01
1.086809204e+01
1.066837468e+01
1.043014285e+01
1.023285304e+01
1.002896688e+01
9.826225825e+00
9.639528737e+00
9.495937928e+00
9.301144552e+00
9.130344470e+00
8.762125429e+00
8.636566914e+00
8.448768335e+00
8.303524976e+00
8.146576060e+00
7.959791369e+00
7.818469047e+00
7.671101124e+00
7.491308813e+00
7.347018312e+00
7.183017173e+00
7.004120486e+00
6.879674218e+00
6.717083653e+00
6.528259187e+00
6.379840421e+00
6.235315112e+00
6.091609183e+00
5.910651335e+00
5.807229665e+00
5.681501128e+00
5.559323439e+00
5.428069316e+00
5.322642249e+00
5.220074788e+00
5.118003975e+00
5.027490585e+00
4.940317317e+00
4.763681928e+00
4.712548858e+00
4.632696625e+00
4.531131222e+00
4.340396462e+00
4.310798486e+00
4.219298465e+00
4.014532991e+00
3.938365821e+00
3.860167149e+00
3.760934514e+00
3.712976830e+00
3.636947566e+00
3.570842621e+00
3.390848607e+00
3.317850734e+00
3.260089091e+00
3.187647580e+00
3.134861986e+00
3.084138415e+00
3.034459072e+00
2.892272248e+00
2.821322372e+00
2.778313714e+00
2.737195857e+00
2.699320255e+00
2.652048405e+00
2.518386371e+00
2.460947761e+00
2.438723697e+00
2.364666942e+00
2.326622246e+00
2.252058327e+00
2.206490049e+00
2.152754472e+00
2.109331526e+00
1.964233338e+00
1.936545340e+00
1.855938814e+00
1.833914274e+00
1.799299978e+00
1.739985958e+00
1.725806067e+00
1.708062055e+00
1.658187462e+00
1.519160776e+00
1.587358936e+00
1.449275894e+00
1.417898262e+00
1.408176688e+00
1.375335003e+00
1.350209737e+00
1.336417342e+00
1.315093761e+00
1.299497726e+00
1.254737516e+00
1.208934732e+00
1.178228596e+00
1.143573774e+00
1.119348242e+00
1.104621849e+00
1.092259340e+00
1.083806487e+00
1.039998699e+00
1.014360146e+00
1.002985359e+00
9.134266971e-01
8.710866951e-01
9.513513860e-01
8.265501211e-01
7.938726050e-01
8.639448658e-01
8.440378458e-01
8.141532495e-01
8.123170415e-01
7.228668899e-01
7.972710499e-01
7.680322208e-01
7.467712246e-01
7.454107428e-01
7.274371602e-01
7.001118447e-01
6.898629466e-01
6.774888437e-01
6.325714120e-01
6.281259309e-01
5.841187312e-01
5.867738409e-01
5.677390148e-01
5.354316669e-01
5.299332939e-01
5.434908817e-01
5.256896518e-01
5.114863556e-01
4.218707137e-01
4.833856601e-01
4.665997578e-01
4.537120544e-01
4.209423030e-01
4.276753289e-01
4.124884163e-01
4.083254955e-01
3.990526386e-01
4.191210707e-01
3.986067663e-01
3.958296541e-01
3.665727329e-01
3.657048767e-01
3.605042649e-01
3.606746621e-01
3.477329112e-01
3.466595106e-01
3.336850642e-01
3.396961294e-01
2.273342162e-01
2.270452654e-01
2.002066628e-01
1.952076667e-01
2.952233224e-01
2.900554535e-01
1.851795085e-01
1.964003696e-01
1.873547726e-01
1.953458733e-01
1.841989842e-01
1.747919855e-01
2.826500177e-01
1.918076453e-01
1.953243257e-01
2.703632987e-01
2.455894222e-01
2.529882894e-01
2.501085740e-01
2.363862722e-01
2.043875268e-01
1.944237124e-01
1.945173197e-01
1.980140357e-01
1.984777239e-01
1.854732931e-01
1.934237083e-01
1.825475561e-01
1.533699238e-01
1.312249762e-01
1.381222814e-01
1.403993013e-01
1.306756930e-01
1.421311284e-01
1.355037809e-01
1.118112200e-01
1.163087314e-01
1.466575582e-01
1.624952281e-01
1.627257032e-01
1.483572145e-01
1.263214421e-01
8.818392549e-02
1.838000418e-01
9.178151327e-02
8.324218397e-02
1.051904364e-01
9.586134368e-02
8.316987994e-02
7.298003022e-02
6.124707272e-02
5.836626066e-02
5.933352256e-02
8.948152974e-02
5.865272659e-02
7.354400606e-02
5.691936624e-02
1.476609860e-01
4.595809090e-02
3.340499899e-02
6.475598640e-02
5.908866545e-02
8.829362129e-02
9.806966191e-02
1.026077464e-01
8.753258534e-02
6.776514139e-02
8.396800168e-02
5.139524949e-02
3.416765880e-02
3.465519341e-02
2.777660025e-02
8.373714008e-02
1.177810311e-02
-2.255763312e-02
-2.848065912e-02
-8.849695080e-03
-1.290408096e-02
-1.397343372e-02
-9.350642392e-03
1.019235558e-02
-1.537260424e-02
-2.874857877e-02
-4.209687568e-03
-3.096951840e-02
-1.937128764e-02
4.957496007e-02
-1.566285876e-02
6.777138305e-02
9.206858773e-02
6.199820567e-02
6.643649197e-02
6.171940356e-02
-2.102664381e-02
-2.110543251e-02
-4.087985797e-02
-2.896428939e-02
6.868324843e-02
4.283565797e-02
-4.709262134e-02
-3.069229820e-02
5.438224696e-03
-1.365624076e-02
1.644071896e-02
-4.021539213e-02
-2.685142980e-02
-3.652043010e-02
-3.753084008e-02
-4.056273338e-02
-2.140478046e-02
-4.586853954e-02
-6.854188201e-02
4.963542520e-02
4.686518213e-02
2.329544746e-02
2.867461836e-02
-6.631825239e-02
-5.242641785e-02
-6.420084812e-02
2.057639062e-02
1.901761335e-02
2.847068099e-02
-1.862872082e-02
-1.466495985e-03
6.344577428e-03
-8.991121746e-03
-1.043123150e-01
-8.516808953e-02
-9.674744165e-02
1.780084677e-02
-4.617056664e-03
-2.751447484e-02
-2.842928336e-02
-4.259006440e-02
-2.769954914e-02
-2.285217849e-02
-4.375409940e-02
-9.879821021e-03
-2.492182095e-02
-2.671723374e-02
2.531903796e-04
2.292837062e-02
3.355527269e-02
-5.326111027e-03
-2.548812802e-02
-7.523634649e-02
-5.184764234e-02
-5.220772414e-02
-6.278148849e-02
-5.506791252e-02
-4.936909626e-02
-1.707519694e-02
-2.224087202e-02
-1.876020929e-02
-4.392860802e-02
-2.332650753e-02
-2.693220859e-02
-2.151471993e-02
-3.484703803e-02
-1.584540756e-02
-2.511949771e-02
-4.308461775e-02
-3.732099340e-02
-4.514747027e-02
-5.877754898e-02
-5.504550251e-02
-5.603736485e-02
1.547684628e-02
2.322958070e-02
-4.388363164e-02
-3.652426404e-02
-8.457786703e-02
2.464743830e-02
-6.510965527e-02
-6.906004279e-02
-7.740202025e-02
1.913303095e-02
-7.670264753e-02
-1.532421969e-02
-8.452357588e-03
-5.705454583e-03
1.857177894e-02
-6.812947545e-02
1.853286078e-02
1.943265913e-02
-7.653025963e-02
8.093788658e-03
9.356938205e-03
3.366098698e-02
3.637254584e-02
5.357891988e-02
4.988763475e-02
2.499020847e-02
4.659627354e-02
1.839871346e-02
-6.462060442e-02
-7.839277789e-02
2.327949504e-02
-2.004584601e-03
-5.735793078e-03
1.073955319e-02
-7.885935512e-02
-1.755978502e-02
-1.027301252e-02
-9.053136961e-03
-2.598583503e-02
-1.273553783e-02
-1.075646213e-01
-1.101151831e-01
-1.117016793e-01
-5.211469150e-03
1.244836792e-02
2.661695290e-03
-7.299354784e-02
-5.065574832e-02
2.053417597e-02
1.886611717e-04
1.498324668e-02
-9.183073853e-02
4.722062921e-03
-9.516723045e-02
-6.443752222e-03
5.205133400e-03
-8.690641491e-02
6.468638317e-03
-7.577297572e-02
-1.140101971e-02
-7.908907411e-02
-1.115494920e-01
-1.115997143e-01
-6.716191504e-02
-5.743016239e-02
-6.801983042e-02
-4.734938505e-02
-6.021955757e-02
-6.865441061e-02
-5.530173622e-02
-4.741102662e-02
-2.587798513e-02
-4.029682208e-02
-3.585063843e-02
-1.450615658e-02
-9.063351327e-03
-2.021001707e-02
-3.211731804e-02
-1.599411357e-02
-3.946984425e-02
-7.489731753e-02
-5.830801914e-02
-7.038835512e-02
-7.230299035e-02
-5.967021555e-02
-8.063514130e-02
-8.968537437e-02
-6.811167849e-02
-1.622652255e-02
-5.337633834e-03
-2.226280346e-02
-1.225610566e-02
-1.116275693e-01
-2.173541861e-02
-1.309834988e-01
-1.266089680e-01
-1.009967696e-01
-2.851949267e-02
-2.935624015e-02
-2.351063078e-02
-2.237099520e-02
-3.873352721e-02
-5.284923846e-02
-5.726913078e-02
-3.354861880e-02
-1.417858815e-02
-4.586414445e-02
-6.785368891e-02
-5.043710200e-02
-6.873091480e-02
-7.124334564e-02
-9.165188355e-02
-9.385023312e-02
1.087658748e-03
-5.746402075e-02
-9.278439345e-02
-8.576540184e-02
-6.168503550e-02
-6.710113381e-02
-4.119555635e-02
-4.425000586e-02
3.913870113e-02
2.760797115e-02
4.127433828e-03
-7.055259997e-02
-7.853378421e-02
-4.986578454e-02
-5.302136576e-02
-4.558386333e-02
-1.628554250e-02
-1.821236051e-02
-4.056073653e-02
-5.842988824e-02
-6.692890023e-02
-7.007861953e-02
-1.084602554e-01
-1.012869720e-01
-9.683899391e-02
-8.513411068e-02
-7.308370232e-02
-5.669413506e-02
-8.820031180e-02
-8.841675550e-02
-8.200212066e-02
-7.089664812e-02
-6.584527917e-02
-2.778308831e-02
-3.735031588e-02
-4.969441130e-02
-2.707021219e-02
-3.826536943e-02
-3.919139616e-02
-4.848577289e-02
-9.529983039e-02
-7.829631610e-02
-1.102910279e-01
-1.051119449e-01
-1.832402945e-02
9.858769544e-03
5.029597926e-03
-3.046706906e-02
-6.453048717e-03
1.211027849e-02
-3.524124149e-02
-5.301002707e-02
-5.246065323e-02
-3.440329997e-02
-2.085213112e-02
9.904807974e-04
-6.977752384e-04
6.786508176e-03
2.594829436e-03
1.221699798e-02
-8.735819112e-02
3.083623480e-02
-7.272225319e-03
1.271890648e-02
-1.721774455e-02
2.375730942e-03
-1.182582295e-02
-5.787298800e-02
-1.981961980e-02
-4.805793716e-02
-6.203969197e-02
-5.998780450e-02
-5.311508409e-02
-5.396392026e-02
-6.583811896e-02
-1.761513890e-02
-3.438179091e-02
-4.643336963e-02
-5.398608929e-02
-3.610480828e-02
-2.493432797e-02
-1.569547975e-02
-5.542702973e-03
4.747028213e-03
-1.657432680e-02
-1.173684086e-02
-3.100541760e-02
-2.927722942e-02
4.809420459e-03
-3.953136533e-02
1.015633048e-02
2.572717262e-03
-3.653778301e-03
-2.928063014e-02
-4.076935599e-02
-4.405780520e-02
-5.882185930e-02
-2.858586574e-02
-8.766281276e-02
-9.782462475e-02
9.134784878e-03
-8.550092353e-02
-9.190195344e-02
-6.914113904e-02
1.676343810e-02
2.199656252e-02
-6.357025484e-02
-5.620091791e-02
2.634663975e-02
-4.509734406e-02
2.296793454e-02
3.855906191e-02
3.281833222e-02
-6.506767755e-02
-8.760161727e-02
-9.221997628e-02
-4.223631701e-02
-7.801701512e-02
-8.441913212e-02
-7.645274010e-02
-6.275142752e-02
-6.741014106e-02
-8.332064168e-02
-5.516966493e-02
-5.234072480e-02
-3.656275981e-02
-6.958994841e-02
-6.965095776e-02
-7.660982541e-02
-4.092096724e-02
-6.041648567e-02
-1.029694622e-02
-2.458235607e-02
-3.468839721e-02
-4.333168357e-02
-3.434049888e-02
-7.300497250e-02
-6.861798411e-02
-4.102335256e-02
-5.789437048e-02
-7.323262155e-02
1.942404291e-02
-8.560732758e-02
-8.060942262e-03
4.013321961e-03
8.822219180e-03
-9.052236350e-02
-8.831958906e-02
-2.116696916e-03
-4.086802041e-02
-2.481872490e-02
-1.854491089e-02
-2.126786598e-02
-6.354030285e-03
-3.138048249e-03
-1.394090208e-02
-4.778899269e-02
-3.035618057e-02
-2.165483613e-02
1.654259457e-02
-1.354921871e-02
1.439171710e-02
-1.745001815e-02
1.427362846e-02
1.069026024e-02
-7.556056090e-03
2.744720014e-04
-8.986713120e-03
-3.157965248e-02
-5.109776707e-02
-9.249398393e-02
-6.362626802e-02
-6.107212005e-02
-7.018583450e-02
-1.013922077e-01
-8.475988717e-02
-5.174457404e-02
-3.880072610e-02
-2.092009016e-02
-4.268763969e-02
-8.043742325e-03
-1.345425353e-02
-7.572076196e-03
-4.167075587e-03
-3.460845372e-02
-3.382930064e-02
-4.975038251e-02
-3.302668702e-02
-3.203086551e-02
-3.247107017e-02
-7.484412769e-02
-1.036739855e-01
-9.175606603e-02
-5.196287515e-02
-7.971979803e-02
-6.984929652e-02
-6.487927833e-02
-9.350683683e-02
-8.730585349e-02
-8.071733344e-02
-5.321811719e-02
-5.961003811e-02
-4.432622101e-02
-5.590533622e-02
-6.473289408e-02
-4.592939320e-02
-2.449925282e-02
-5.585360035e-02
-3.986098949e-02
-4.431726567e-02
-7.578652177e-02
-3.634869743e-02
-3.395046577e-02
-6.707243272e-02
-8.068163596e-02
-9.330237689e-02
-3.102316108e-02
-4.433297914e-02
-1.024799667e-01
-1.040524348e-01
-1.015299494e-01
4.349570910e-03
-4.067872160e-02
-1.764514639e-02
-9.269899621e-02
-8.154392138e-02
-6.577016195e-02
-9.171912644e-03
1.348778495e-02
-3.806805617e-03
-1.061352416e-01
-1.531518380e-02
-9.314474262e-02
-1.146902769e-01
-1.113903523e-01
-6.173923798e-02
-8.571606151e-02
4.267718570e-03
-8.592290953e-02
-1.104740404e-01
-1.722889574e-02
-2.967292814e-02
-1.254462624e-01
-1.141152873e-01
-1.020123375e-01
-1.174510556e-01
-2.660232991e-02
-2.105800848e-02
-2.961887458e-02
-6.624600250e-02
-4.768430119e-02
-2.729634634e-02
-1.850954509e-02
-1.159298116e-01
-2.630537615e-02
-3.988619847e-02
-9.226123447e-02
-6.847221110e-02
7.902329197e-03
-9.484415120e-02
-7.549044121e-02
-4.947856055e-02
-5.066341485e-02
-6.706483998e-02
-2.640808840e-02
-5.472159677e-02
-6.461831244e-02
-5.588103699e-02
-8.027860306e-02
-6.364106565e-03
-8.103592148e-03
-8.724186647e-02
-5.969637692e-02
6.862375398e-05
-3.894236734e-02
-7.410961864e-02
-9.549245547e-02
-9.701755037e-02
-6.721070235e-02
-7.839601075e-02
-7.780458338e-02
-4.509926036e-02
-6.936134629e-02
-5.405381345e-02
-8.158859316e-02
-5.609037396e-02
-7.258399440e-02
-4.700997906e-02
-7.418268013e-02
-6.548438781e-02
-5.432692895e-02
-7.885862068e-02
-9.724244987e-02
-6.380896641e-02
-1.908079080e-02
-1.689027495e-02
-3.200369421e-02
-3.234706411e-02
-5.834467782e-02
-2.505734982e-03
-2.696585237e-03
