-1.505724964e-01
-1.548910419e-01
-1.395331611e-01
-1.527158875e-01
-1.437080840e-01
-1.435755650e-01
-1.479607478e-01
-8.050398992e-02
-9.321380563e-02
-1.375677078e-01
-8.712087229e-02
-8.371754989e-02
-1.348668451e-01
-1.248929133e-01
-1.361399806e-01
-1.410804985e-01
-1.416236688e-01
-1.425058359e-01
-1.456070048e-01
-1.404324181e-01
-1.441369083e-01
-1.452518336e-01
-1.038324142e-01
-9.429785383e-02
-1.088574009e-01
-9.080366570e-02
-9.450176792e-02
-8.634679508e-02
-8.936066933e-02
-1.253271665e-01
-1.317034092e-01
-1.383778636e-01
-1.296110999e-01
-1.239826896e-01
-1.253875591e-01
-1.292577776e-01
-1.253244162e-01
-1.360458941e-01
-1.417805160e-01
-1.338683487e-01
-1.339750539e-01
-1.404972117e-01
-1.343920612e-01
-1.450210623e-01
-1.375692716e-01
-1.486100044e-01
-1.525274740e-01
-1.414838694e-01
-1.345121189e-01
-1.259343313e-01
-1.339300865e-01
-1.293856144e-01
-1.220226615e-01
-1.277279713e-01
-1.314775567e-01
-1.373793698e-01
-1.298276275e-01
-1.426221205e-01
-1.321861550e-01
-1.328501733e-01
-1.360697350e-01
-1.445543618e-01
-1.465685046e-01
-1.494956532e-01
-1.427250550e-01
-1.459402363e-01
-1.469337946e-01
-1.506346177e-01
-1.398438046e-01
-1.465527904e-01
-1.470869888e-01
-1.527169795e-01
-1.379095738e-01
-1.358843902e-01
-1.423725255e-01
-1.443151952e-01
-1.316638516e-01
-1.417058029e-01
-1.333506982e-01
-1.345817955e-01
-1.361172316e-01
-1.358577504e-01
-1.381471907e-01
-1.402288889e-01
-1.507101913e-01
-1.497993744e-01
-1.623310937e-01
-1.616302041e-01
-1.566789626e-01
-1.465086796e-01
-1.506758273e-01
-1.647734431e-01
-1.590258714e-01
-1.493648641e-01
-1.503257975e-01
-1.494946981e-01
-1.517870204e-01
-1.550445480e-01
-1.517909957e-01
-1.529517349e-01
-1.542376246e-01
-1.489445043e-01
-1.562512866e-01
-1.560124536e-01
-1.463895131e-01
-1.546890610e-01
-1.548798221e-01
-1.518639775e-01
-1.542169264e-01
-1.619267689e-01
-1.571919616e-01
-1.630630752e-01
-1.150831691e-01
-1.602617840e-01
-1.531988353e-01
-1.619901484e-01
-1.669321315e-01
-1.611725536e-01
-1.582552605e-01
-1.585645986e-01
-1.655104291e-01
-1.661693840e-01
-1.676925455e-01
-1.599513131e-01
-1.587303295e-01
-1.526048357e-01
-1.600252014e-01
-1.555224722e-01
-1.556778476e-01
-1.562556658e-01
-1.641745854e-01
-1.701465238e-01
-1.753966304e-01
-1.677425263e-01
-1.753813177e-01
-1.685009853e-01
-1.792466110e-01
-1.797803184e-01
-1.386062349e-01
-1.320501032e-01
-1.345337172e-01
-1.370419892e-01
-1.365803443e-01
-1.873258313e-01
-1.825195420e-01
-1.804839225e-01
-1.330930479e-01
-1.338707832e-01
-1.413138270e-01
-1.372364071e-01
-1.423562577e-01
-1.790554319e-01
-1.821787348e-01
-1.832084088e-01
-1.738818336e-01
-1.632625576e-01
-1.643269881e-01
-1.704038480e-01
-1.746402888e-01
-1.853267417e-01
-1.844569131e-01
-1.719793276e-01
-1.755508666e-01
-1.781938568e-01
-1.668478007e-01
-1.727636478e-01
-1.817324486e-01
-1.713133275e-01
-1.595238685e-01
-1.720586194e-01
-1.729180080e-01
-1.812701720e-01
-1.660153460e-01
-1.769619821e-01
-1.700100641e-01
-1.758002008e-01
-1.785823460e-01
-1.814045233e-01
-1.746121005e-01
-1.671501141e-01
-1.737234943e-01
-1.635358670e-01
-1.640584607e-01
-1.582023593e-01
-1.627722130e-01
-1.668763623e-01
-1.639687342e-01
-1.582105334e-01
-1.780178676e-01
-1.786936862e-01
-1.652819043e-01
-1.842451343e-01
-1.838324040e-01
-1.772528072e-01
-1.770151557e-01
-1.773810224e-01
-1.850732699e-01
-1.885890845e-01
-1.920591196e-01
-1.840352287e-01
-1.727849188e-01
-1.787412658e-01
-1.676947600e-01
-1.759800412e-01
-1.693877644e-01
-1.695386187e-01
-1.804414866e-01
-1.733041829e-01
-1.734700520e-01
-1.769095220e-01
-1.841535462e-01
-1.823102936e-01
-1.600712148e-01
-1.724691032e-01
-1.688612888e-01
-2.191799922e-01
-2.145653909e-01
-2.192673648e-01
-2.224526739e-01
-2.069876711e-01
-2.113099360e-01
-2.291773853e-01
-1.687825699e-01
-1.670654701e-01
-1.792080251e-01
-1.760396538e-01
-1.830991694e-01
-1.844480537e-01
-1.808122198e-01
-2.375011744e-01
-2.311946453e-01
-2.321354405e-01
-2.417107924e-01
-1.808604017e-01
-2.459116686e-01
-1.909138963e-01
-2.072232040e-01
-1.987521036e-01
-2.128868349e-01
-2.043188849e-01
-1.907198761e-01
-2.021777493e-01
-2.118762339e-01
-2.103010867e-01
-2.163719449e-01
-2.051320748e-01
-2.038316307e-01
-2.090630593e-01
-1.984551898e-01
-2.095472448e-01
-2.004871065e-01
-2.299963776e-01
-5.016389643e-01
-6.150132588e-01
1.301267803e+00
6.412586924e+00
1.298407862e+01
1.840905767e+01
2.187296217e+01
2.353520314e+01
2.396000000e+01
2.384773747e+01
2.354333656e+01
2.300512370e+01
2.226060971e+01
2.140844384e+01
2.054448803e+01
1.985619314e+01
1.925025489e+01
1.880437932e+01
1.846089747e+01
1.820638266e+01
1.800850786e+01
1.781646251e+01
1.762158412e+01
1.736161701e+01
1.711767296e+01
1.687002639e+01
1.663251941e+01
1.639788607e+01
1.611876988e+01
1.588573437e+01
1.568722611e+01
1.525238375e+01
1.503892368e+01
1.482585102e+01
1.457497321e+01
1.431830526e+01
1.407455225e+01
1.386677557e+01
1.363622940e+01
1.322936772e+01
1.302338950e+01
1.282320570e+01
1.263140618e+01
1.240814193e+01
1.216823996e+01
1.195161690e+01
1.157015109e+01
1.137388977e+01
1.119260479e+01
1.100803364e+01
1.080945185e+01
1.043815571e+01
1.023592108e+01
1.006164615e+01
9.849749974e+00
9.637657651e+00
9.463223363e+00
9.235633270e+00
8.916543930e+00
8.723104615e+00
8.535315458e+00
8.343745760e+00
8.159768097e+00
7.833394165e+00
7.657855426e+00
7.504915451e+00
7.294435758e+00
7.004131863e+00
6.847738914e+00
6.682767997e+00
6.502636085e+00
6.328956802e+00
6.051016804e+00
5.877416063e+00
5.711518816e+00
5.578147680e+00
5.457414837e+00
5.201648468e+00
5.082230439e+00
4.924808447e+00
4.791557826e+00
4.632623608e+00
4.503709981e+00
4.251359979e+00
4.131143269e+00
4.000700049e+00
3.901651368e+00
3.760042827e+00
3.655285150e+00
3.548626290e+00
3.353280220e+00
3.258995864e+00
3.147806402e+00
3.026758611e+00
2.918982126e+00
2.822402446e+00
2.720298529e+00
2.604489569e+00
2.513184861e+00
2.417327890e+00
2.233070233e+00
2.237944216e+00
2.040648975e+00
1.964081546e+00
1.884307319e+00
1.804152186e+00
1.733544074e+00
1.634735956e+00
1.536386047e+00
1.454114852e+00
1.380081679e+00
1.212342962e+00
1.123640269e+00
1.031690700e+00
9.727367638e-01
2.843428499e-01
8.617195174e-01
7.853134576e-01
7.158874720e-01
6.562091925e-01
5.915893927e-01
5.313164544e-01
4.749220725e-01
4.354820393e-01
3.723519333e-01
3.361419440e-01
2.852623550e-01
2.367157968e-01
1.919531714e-01
4.535023772e-02
9.901218803e-02
4.986079336e-02
-1.242760208e-02
-5.851198216e-02
-7.206242420e-02
-1.077030201e-01
-1.591555174e-01
-1.893836297e-01
-2.307882671e-01
-2.618192867e-01
-3.035087154e-01
-3.329523950e-01
-3.903055187e-01
-4.173153837e-01
-4.593815128e-01
-4.854187361e-01
-5.149884765e-01
-5.451513975e-01
-5.641096653e-01
-6.031980153e-01
-6.369888186e-01
-6.604093859e-01
-6.738050419e-01
-6.971997033e-01
-7.242593548e-01
-7.529939080e-01
-7.766014504e-01
-8.109686027e-01
-8.329506334e-01
-8.514280183e-01
-8.638232920e-01
-8.981804954e-01
-9.140000786e-01
-9.369121029e-01
-8.758615214e-01
-9.168261812e-01
-1.453243611e+00
-9.480293478e-01
-9.626427653e-01
-9.775110699e-01
-9.757195218e-01
-1.000531756e+00
-1.019826464e+00
-1.015785922e+00
-1.009459880e+00
-1.036014560e+00
-1.050910275e+00
-1.056482369e+00
-1.058128451e+00
-1.076298302e+00
-1.062238145e+00
-1.080581023e+00
-1.077852876e+00
-1.092321483e+00
-1.103653324e+00
-1.118731870e+00
-1.115988392e+00
-1.131123444e+00
-1.146856230e+00
-1.139567179e+00
-1.145435606e+00
-1.140163640e+00
-1.146085600e+00
-1.141093261e+00
-1.137734580e+00
-1.152088243e+00
-1.152896076e+00
-1.154058974e+00
-1.154629236e+00
-1.168562065e+00
-1.164400844e+00
-1.184980836e+00
-1.161901454e+00
-1.173743560e+00
-1.181505273e+00
-1.205296328e+00
-1.190947990e+00
-1.184501192e+00
-1.172003823e+00
-1.183372932e+00
-1.187032400e+00
-1.207758610e+00
-1.184880974e+00
-1.181970042e+00
-1.193195296e+00
-1.207813796e+00
-1.181160705e+00
-1.196009573e+00
-1.185897423e+00
-1.162990589e+00
-1.166926248e+00
-1.179594868e+00
-1.187694610e+00
-1.184737690e+00
-1.195756926e+00
-1.118836566e+00
-1.107623586e+00
-1.184865228e+00
-1.165611348e+00
-1.170945943e+00
-1.181441817e+00
-1.181269481e+00
-1.170458040e+00
-1.103672462e+00
-1.170350031e+00
-1.085839969e+00
-1.165716783e+00
-1.157586316e+00
-1.077486422e+00
-1.079710565e+00
-1.150360546e+00
-1.069197389e+00
-1.066617658e+00
-1.073386820e+00
-1.050325551e+00
-1.059159478e+00
-1.049280965e+00
-1.115364313e+00
-1.043384972e+00
-1.051147461e+00
-1.037542655e+00
-1.036533550e+00
-1.044193584e+00
-1.095683225e+00
-1.087598052e+00
-1.014798514e+00
-1.086498760e+00
-1.023290738e+00
-1.020260105e+00
-1.022902974e+00
-1.024477346e+00
-1.023041863e+00
-1.033310646e+00
-1.021889931e+00
-1.002663547e+00
-1.007380987e+00
-9.952496519e-01
-9.772607845e-01
-9.786689246e-01
-9.770408826e-01
-9.731473665e-01
-9.626421938e-01
-9.617269324e-01
-9.789074878e-01
-9.640190463e-01
-9.665212743e-01
-9.572512841e-01
-9.358906568e-01
-9.433563613e-01
-9.474237301e-01
-9.387107026e-01
-9.554835091e-01
-9.409725646e-01
-8.980027161e-01
-9.011228263e-01
-9.094864479e-01
-9.131465089e-01
-9.092640080e-01
-9.008552515e-01
-8.948661630e-01
-8.834648952e-01
-8.847175564e-01
-8.755605569e-01
-8.653062667e-01
-8.717356894e-01
-8.793208929e-01
-8.683584507e-01
-8.832899621e-01
-8.877428064e-01
-7.984275546e-01
-8.723839002e-01
-7.999039035e-01
-8.471593886e-01
-8.364231325e-01
-8.354705613e-01
-8.347339282e-01
-8.369023813e-01
-8.462608834e-01
-8.397431023e-01
-8.449565728e-01
-8.366019782e-01
-8.266308682e-01
-8.111079738e-01
-7.828412897e-01
-8.015833163e-01
-7.850863380e-01
-8.074083845e-01
-8.093925771e-01
-7.405787967e-01
-7.186029838e-01
-7.183061377e-01
-7.357779069e-01
-7.141217761e-01
-7.390069892e-01
-7.260112379e-01
-7.259125279e-01
-7.301622789e-01
-7.418636059e-01
-7.201180631e-01
-7.172043578e-01
-7.014649575e-01
-6.857843235e-01
-6.823305305e-01
-6.990557574e-01
-6.841742703e-01
-6.740337444e-01
-6.911851513e-01
-6.754439764e-01
-6.680933864e-01
-6.638799913e-01
-6.404715734e-01
-6.606003080e-01
-6.703073389e-01
-6.866269496e-01
-6.884667525e-01
-6.726737490e-01
-6.777051096e-01
-6.605971767e-01
-6.543396184e-01
-6.466407886e-01
-6.543576737e-01
-6.333865827e-01
-6.346788475e-01
-6.429975298e-01
-6.225346508e-01
-6.127713035e-01
-6.015728169e-01
-5.884285537e-01
-5.825980040e-01
-5.944449724e-01
-5.780673077e-01
-5.882961050e-01
-5.535229504e-01
-5.734429659e-01
-5.990961624e-01
-5.834498834e-01
-5.817830061e-01
-5.844547805e-01
-5.992095995e-01
-5.864706672e-01
-5.654537675e-01
-5.715851921e-01
-5.691643247e-01
-5.068238131e-01
-5.039668282e-01
-9.921553812e-01
-8.198800143e-01
-5.770118773e-01
-4.930469559e-01
-5.090356341e-01
-5.239542495e-01
-4.884605940e-01
-4.956368826e-01
-5.526960346e-01
-5.596881086e-01
-4.850524500e-01
-5.427932433e-01
-5.377417165e-01
-5.393071578e-01
-5.323325010e-01
-5.375879917e-01
-4.720261884e-01
-4.525640036e-01
-4.780695756e-01
-4.674657759e-01
-4.506127084e-01
-4.494123693e-01
-4.629649415e-01
-4.378862363e-01
-4.344841490e-01
-4.519703819e-01
-4.438571109e-01
-4.421807528e-01
-4.437448898e-01
-4.492093503e-01
-9.310858583e-01
-4.385476449e-01
-4.282733009e-01
-4.209576068e-01
-4.178404949e-01
-4.192220617e-01
-4.731970696e-01
-9.535705352e-01
-4.088097084e-01
-4.005858658e-01
-3.917424711e-01
-3.905401681e-01
-3.882072767e-01
-3.782975400e-01
-4.441706735e-01
-3.736588113e-01
-3.919511941e-01
-3.956385483e-01
-3.885164677e-01
-3.844158141e-01
-3.940850633e-01
-3.836103586e-01
-3.873066272e-01
-3.914300273e-01
-3.871283186e-01
-3.804039984e-01
-3.755472334e-01
-3.831301278e-01
-3.902693315e-01
-3.850279630e-01
-3.916642739e-01
-3.870949699e-01
-3.774813940e-01
-3.695016176e-01
-3.765065442e-01
-3.692597531e-01
-3.721401212e-01
-3.550029107e-01
-3.540175776e-01
-3.594372893e-01
-3.517076590e-01
-3.491825388e-01
-3.406343075e-01
-3.324929544e-01
-3.341780813e-01
-3.259270503e-01
-3.496661412e-01
-3.495610855e-01
-3.698635590e-01
-3.402940846e-01
-3.182102432e-01
-3.054397894e-01
-3.323331384e-01
-3.300626636e-01
-3.396264696e-01
-3.347136593e-01
-3.292997321e-01
-3.275878119e-01
-3.105773027e-01
-3.289420331e-01
-3.277732475e-01
-3.062782255e-01
-3.058851103e-01
-3.025263947e-01
-3.168999538e-01
-3.199958842e-01
-3.060673238e-01
-2.816776566e-01
-3.003472473e-01
-2.831622730e-01
-3.505945109e-01
-2.906580863e-01
-2.900020517e-01
-2.887168755e-01
-2.929333827e-01
-2.902320558e-01
-3.150188505e-01
-3.050762331e-01
-3.034099785e-01
-2.924566656e-01
-3.043681232e-01
-2.912296751e-01
-2.962976525e-01
-3.102880810e-01
-3.028988655e-01
-2.974730932e-01
-2.884568637e-01
-2.906681362e-01
-2.910528931e-01
-3.074594506e-01
-2.943637298e-01
-2.900943955e-01
-2.748761978e-01
-2.677652067e-01
-2.731120490e-01
-2.853732693e-01
-2.887358053e-01
-2.695239009e-01
-2.739085326e-01
-2.418182916e-01
-2.720927803e-01
-2.746018898e-01
-2.663943111e-01
-2.552788269e-01
-2.346313049e-01
-2.449589593e-01
-2.400006329e-01
-2.599111382e-01
-2.643730350e-01
-2.604634135e-01
-2.780929454e-01
-2.098186120e-01
-2.152396521e-01
-2.763375806e-01
-2.200336757e-01
-2.809054500e-01
-2.928277209e-01
-2.884717582e-01
-2.699796706e-01
-2.556983594e-01
-2.816128387e-01
-2.756632683e-01
-2.027078753e-01
-1.999052467e-01
-1.995105511e-01
-2.022900612e-01
-2.111487672e-01
-2.100557700e-01
-2.080694140e-01
-2.690693587e-01
-2.626524613e-01
-2.595821926e-01
-2.835447246e-01
-2.806600949e-01
-2.663907515e-01
-1.982942869e-01
-2.663527768e-01
-2.035219640e-01
-1.947836891e-01
-1.983979336e-01
-2.625724305e-01
-2.337317257e-01
-2.426470077e-01
-1.839006830e-01
-2.611986657e-01
-1.859431803e-01
-2.197774409e-01
-1.993261141e-01
-2.220891163e-01
-2.280477163e-01
-2.119474909e-01
-2.125050840e-01
-2.035481436e-01
-2.003627194e-01
-2.030268630e-01
-1.972577979e-01
-1.955855722e-01
-1.684852929e-01
-1.785962509e-01
-1.691996731e-01
-2.423655305e-01
-1.555057300e-01
-1.729352667e-01
-1.631029934e-01
-2.011858863e-01
-1.952646487e-01
-1.853788207e-01
-1.761104019e-01
-1.777084848e-01
-2.075631187e-01
-2.021897222e-01
-1.951867736e-01
-1.973485447e-01
-4.843328748e-01
-1.935439560e-01
-1.771333108e-01
-1.590554572e-01
-1.730524578e-01
-1.490089156e-01
-1.580903364e-01
-1.773155626e-01
-1.782478155e-01
-1.512559214e-01
-1.734383041e-01
-1.810730307e-01
-1.825257139e-01
-1.510718821e-01
-1.595794267e-01
-1.776149327e-01
-1.653740793e-01
-1.648892405e-01
-1.555094367e-01
-1.466830489e-01
-1.522109655e-01
-1.742068372e-01
-1.677011403e-01
-1.823257379e-01
-1.694808562e-01
-1.508994244e-01
-1.431537296e-01
-1.401483940e-01
-1.688421186e-01
-1.455278217e-01
-1.654957225e-01
-1.792875368e-01
-1.592284404e-01
-1.904901904e-01
-2.019143402e-01
-1.920794943e-01
-1.855657459e-01
-1.733009097e-01
-1.673345882e-01
-1.810936125e-01
-1.968930985e-01
-1.418516643e-01
-2.053588901e-01
-1.259950973e-01
-1.917578304e-01
-1.933849608e-01
-1.284670465e-01
-1.990035948e-01
-1.260451178e-01
-1.240249784e-01
-1.369784768e-01
-1.298903088e-01
-1.290904126e-01
-1.992906646e-01
-1.851882196e-01
-1.862005518e-01
-1.839606192e-01
-1.820299493e-01
-5.892579563e-01
-1.906984850e-01
-1.084852485e-01
-1.847238397e-01
-1.623731075e-01
-1.699727619e-01
-1.785946718e-01
-1.246256543e-01
-1.126951018e-01
-1.233079272e-01
-1.230857226e-01
-1.371019880e-01
-1.043376380e-01
-1.346217470e-01
-1.309453134e-01
-1.246383432e-01
-1.181271354e-01
-1.799595540e-01
-1.066378877e-01
-1.183694577e-01
-1.271200239e-01
-1.434675838e-01
-1.206213171e-01
-1.205443499e-01
-1.285517251e-01
-1.470031222e-01
-1.304178021e-01
-1.440810828e-01
-1.177731483e-01
-1.153741949e-01
-1.072943212e-01
-1.117539728e-01
-1.024633241e-01
-1.626317091e-01
-1.011598394e-01
-1.057089733e-01
-1.156038934e-01
-1.015373121e-01
-9.817506253e-02
-1.678643766e-01
-1.661543297e-01
-1.637244889e-01
-8.908125074e-02
-9.697562613e-02
-9.495766162e-02
-1.185912519e-01
-1.102530043e-01
-9.243406929e-02
-1.051563400e-01
-1.116318783e-01
-1.035943612e-01
-1.605054680e-01
-1.561871399e-01
-1.519742883e-01
-1.540623872e-01
-1.632180402e-01
-8.736038161e-02
-8.352341718e-02
-1.365676285e-01
-1.495895927e-01
-1.479532321e-01
-1.498355693e-01
-8.115486405e-02
-8.445600629e-02
-1.589511251e-01
-1.533843489e-01
-6.456992019e-01
-8.135771689e-02
-1.032220810e-01
-9.212851590e-02
-9.245321393e-02
-1.710406920e-01
-1.046631556e-01
-1.133033407e-01
-1.222525940e-01
-1.302398899e-01
-1.420444187e-01
-1.386646879e-01
-1.336710591e-01
-1.289750423e-01
-1.320675524e-01
-1.081893576e-01
-1.632266005e-01
-1.020389980e-01
-1.143714152e-01
-1.196668587e-01
-9.451370247e-02
-1.309685892e-01
-1.183239059e-01
-1.232874464e-01
-1.465047556e-01
-1.441479810e-01
-1.527833726e-01
-1.433506408e-01
-1.409001159e-01
-1.364479519e-01
-1.531227874e-01
-1.414437594e-01
-1.091625694e-01
-1.385635025e-01
-1.439390215e-01
-9.521740367e-02
-1.482507430e-01
-8.858431108e-02
-7.137364438e-02
-7.570065420e-02
-1.438905494e-01
-1.448016643e-01
-1.282312183e-01
-1.241174475e-01
-1.192127653e-01
-9.668011750e-02
-1.377059704e-01
-1.336472661e-01
-1.055078990e-01
-9.275681616e-02
-9.352238038e-02
-1.173867585e-01
-9.669399937e-02
-1.264488186e-01
-1.062335578e-01
-1.207136546e-01
-1.348952188e-01
-1.386120028e-01
-1.274469557e-01
-1.293904897e-01
-1.322235416e-01
-1.164427898e-01
-1.185781832e-01
-1.147113670e-01
-1.453640522e-01
-1.408192106e-01
-1.281456946e-01
-1.169358425e-01
-1.221834928e-01
-9.192512477e-02
