-2.326888454e-01
-2.058826212e-01
-2.210760851e-01
-2.661182556e-01
-2.722712217e-01
-1.089916693e-01
-2.634432018e-01
-1.151588988e-01
-1.843826617e-01
-1.971144972e-01
-1.863642806e-01
-2.208689231e-01
-2.242650441e-01
-2.542564377e-01
-1.274684626e-01
-1.138173981e-01
-9.487105853e-01
-2.596433884e-01
-1.002026501e-01
-1.303308360e-01
-1.497994914e-01
-1.306068416e-01
-1.371455522e-01
-1.122651037e-01
-1.600499084e-01
-1.515142628e-01
-1.483111456e-01
-2.283886009e-01
-1.950566662e-01
-1.492147954e-01
-1.820468252e-01
-1.607661333e-01
-1.540842093e-01
-1.731663305e-01
-1.570556902e-01
-1.322372955e-01
-1.465227938e-01
-1.863095953e-01
-1.851544141e-01
-1.510483060e-01
-1.486908901e-01
-1.388292177e-01
-1.684740781e-01
-1.116613020e-01
-1.511469922e-01
-1.457569889e-01
-1.225497845e-01
-9.477033019e-02
-1.455212473e-01
-1.593881582e-01
-1.547227484e-01
-1.450000263e-01
-1.558212443e-01
-1.618066806e-01
-1.594833707e-01
-1.569663200e-01
-1.239468653e-01
-1.336065862e-01
-1.646486852e-01
-1.607803442e-01
-1.704160646e-01
-1.669579423e-01
-1.782334326e-01
-1.789441311e-01
-1.930903635e-01
-1.744801991e-01
-2.123276984e-01
-2.237925083e-01
-1.947255543e-01
-1.648154254e-01
-2.058763052e-01
-1.884658492e-01
-1.988594797e-01
-1.638705643e-01
-1.718301983e-01
-1.884396382e-01
-2.251166402e-01
-2.163010416e-01
-2.025550804e-01
-2.292736187e-01
-2.365421335e-01
-2.077497640e-01
-2.182305541e-01
-2.414436007e-01
-2.229577020e-01
-1.956151512e-01
-2.111210425e-01
-1.878508369e-01
-1.792564532e-01
-1.395980227e-01
-1.331327346e-01
-1.808259585e-01
-1.728107444e-01
-1.489092629e-01
-1.218878765e-01
-1.472140709e-01
-1.501703936e-01
-1.439842690e-01
-1.765995049e-01
-1.871181905e-01
-1.555382912e-01
-1.901491989e-01
-1.844775057e-01
-1.865339682e-01
-1.997324973e-01
-1.733332286e-01
-1.743177221e-01
-2.098092266e-01
-2.203621760e-01
-2.005755142e-01
-1.835830140e-01
-2.352140541e-01
-2.548232386e-01
-2.047103870e-01
-1.997634453e-01
-2.067186906e-01
-2.336150219e-01
-2.051112898e-01
-2.072479645e-01
-1.961532673e-01
-2.058862528e-01
-2.392093451e-01
-2.274350553e-01
-1.865754954e-01
-2.299633168e-01
-1.228223163e-01
-2.048213893e-01
-1.678281177e-01
-1.669723110e-01
-2.012041059e-01
-2.195224749e-01
-1.922154511e-01
-2.062031539e-01
-1.587744090e-01
-1.965183273e-01
-1.851852042e-01
-1.960149487e-01
-1.847748275e-01
-1.336657979e-01
-1.502995541e-01
-1.817117658e-01
-2.060114659e-01
-2.168086834e-01
-1.755505891e-01
-2.060247293e-01
-2.228268046e-01
-2.076758678e-01
-2.228148044e-01
-2.407490077e-01
-2.126747580e-01
-2.344916712e-01
-2.296500473e-01
-2.250438493e-01
-2.310117590e-01
-2.050309198e-01
-2.394288233e-01
-1.858409543e-01
-1.641890444e-01
-2.041181119e-01
-2.039769512e-01
-2.069888540e-01
-1.948447672e-01
-2.039088972e-01
-1.885722724e-01
-1.695776266e-01
-1.593633682e-01
-1.908467919e-01
-2.003773524e-01
-1.971309712e-01
-1.408067313e-01
-1.711322895e-01
-1.594814759e-01
-1.341927033e-01
-1.440504282e-01
-1.301716749e-01
-1.382238371e-01
-1.450169213e-01
-1.200701556e-01
-1.406172538e-01
-1.587740932e-01
-1.118915172e-01
-1.099831630e-01
-1.295247672e-01
-1.135188131e-01
-1.176342645e-01
-2.707172957e-01
-2.635697833e-01
-1.207546431e-01
-1.653783315e-01
-1.288717014e-01
-2.540366965e-01
-2.500589848e-01
-1.328216757e-01
-2.162188294e-01
-1.827273652e-01
-1.984882090e-01
-2.328178480e-01
-1.777680548e-01
-2.048659691e-01
-1.959052623e-01
-2.238716151e-01
-2.074291786e-01
-2.100423892e-01
-2.215689372e-01
-2.237624024e-01
-1.955184124e-01
-2.156385545e-01
-2.200899600e-01
-2.194307362e-01
-2.513892747e-01
-2.710699343e-01
-1.339048554e-01
-2.626829233e-01
-1.181858019e-01
-2.291611954e-01
-1.668165184e-01
-1.288118054e-01
-1.552004949e-01
-2.953986876e-01
-1.375106649e-01
-2.679309237e-01
-2.990247606e-01
-2.465476509e-01
-2.479062572e-01
-2.293298303e-01
-2.484617421e-01
-2.281464381e-01
-2.344481440e-01
-2.208011322e-01
-2.198963245e-01
-2.126760738e-01
-2.238408250e-01
-2.229984923e-01
-2.202545949e-01
-2.653561877e-01
-2.942479276e-01
-2.672279096e-01
-2.033622020e-01
-1.559413519e-01
-2.101796025e-01
-1.442641693e-01
-3.244647468e-01
-2.694163221e-01
-2.616093753e-01
-2.390331311e-01
-2.026430296e-01
-1.507876165e-01
-1.167621943e-01
-3.065708600e-01
3.412489797e-03
4.199560389e-01
1.465121620e+00
3.302687216e+00
5.872976205e+00
7.619394386e+00
4.844050741e+00
7.958360267e+00
7.426997458e+00
7.586895468e+00
7.861842639e+00
7.290301599e+00
6.502082299e+00
7.048493043e+00
7.004480315e+00
6.069636693e+00
5.905972343e+00
5.564564045e+00
5.278794077e+00
4.993208693e+00
4.634674154e+00
4.344488730e+00
4.074532712e+00
3.957041661e+00
3.831050492e+00
1.032000000e+01
3.617096761e+00
3.476112552e+00
3.391230895e+00
9.364188640e+00
9.067943199e+00
8.784545384e+00
3.314769407e+00
7.676791437e+00
7.394955286e+00
7.095110667e+00
6.815258661e+00
6.565898111e+00
2.280037773e+00
6.142161628e+00
5.925960430e+00
2.754783389e+00
5.123924168e+00
5.018975896e+00
4.922834064e+00
4.775874683e+00
1.930653735e+00
4.598279790e+00
4.468755654e+00
4.387117851e+00
4.263168302e+00
4.196752964e+00
4.055030741e+00
3.922966185e+00
3.814927377e+00
3.696996107e+00
1.528066730e+00
3.506059471e+00
3.422498630e+00
1.609306261e+00
1.521925080e+00
3.090626576e+00
2.984493122e+00
1.325065641e+00
2.836782936e+00
2.736172909e+00
2.634861974e+00
7.769908629e-01
2.406535900e+00
2.348831159e+00
2.267658524e+00
2.225252196e+00
2.390138886e+00
2.309502525e+00
2.237430178e+00
1.957337009e+00
2.102240191e+00
2.078114916e+00
1.978155534e+00
1.900959242e+00
1.837978815e+00
1.804142818e+00
1.777432911e+00
1.735945286e+00
1.697639567e+00
1.683794393e+00
1.632909158e+00
1.631174702e+00
1.558736400e+00
1.520859480e+00
1.461325175e+00
1.449563728e+00
1.420119240e+00
1.363374149e+00
1.357971619e+00
1.278484018e+00
1.278153538e+00
1.237979728e+00
1.194957599e+00
1.180767523e+00
1.210687915e+00
1.165209894e+00
1.148810406e+00
1.135767827e+00
8.826394122e-01
1.081678264e+00
1.062946887e+00
1.031386935e+00
1.007657089e+00
9.841886158e-01
9.344052445e-01
9.492040163e-01
9.288476062e-01
9.026584471e-01
8.555992359e-01
8.494482699e-01
8.439208428e-01
6.460874890e-01
6.520591883e-01
8.267813396e-01
7.865526871e-01
5.993373893e-01
5.488383194e-01
7.609855405e-01
5.061664072e-01
-3.970284191e-01
6.968798280e-01
6.369284624e-01
6.185515659e-01
5.996459219e-01
6.423416241e-01
6.190776817e-01
6.082779379e-01
4.193842905e-01
3.874879638e-01
3.851821805e-01
5.759771293e-01
5.469569131e-01
5.510414164e-01
3.440087195e-01
3.473016805e-01
3.111875846e-01
3.188075802e-01
-5.747666838e-01
3.110437396e-01
2.598734456e-01
2.846218916e-01
2.982994829e-01
2.503542539e-01
4.518830505e-01
4.512975650e-01
2.581589900e-01
2.336016006e-01
2.501155122e-01
2.031730929e-01
2.003481412e-01
2.243181504e-01
1.888305934e-01
1.838266505e-01
1.770144607e-01
1.664916697e-01
1.564062560e-01
1.326067766e-01
3.382134448e-01
2.752350709e-01
8.840814939e-02
-8.581753931e-01
-8.089329800e-01
2.542093842e-01
2.452375192e-01
2.543792297e-01
2.714236257e-01
-8.605444408e-01
2.548171333e-01
3.420716278e-02
-8.880704690e-01
4.212890131e-02
4.780438406e-02
1.656428105e-02
1.804662670e-02
-3.646952415e-02
-6.294442590e-03
1.564542044e-01
1.736203397e-01
-5.313264930e-02
1.512206779e-01
1.437627382e-01
1.341521235e-01
9.714653595e-02
-8.780861100e-02
1.036091925e-01
9.220838384e-02
-1.145454654e-01
8.725549459e-02
8.768045052e-02
1.019458432e-01
1.031743942e-01
1.044326301e-01
9.951626790e-02
9.805629112e-02
1.040360432e-01
8.226192031e-02
-1.281861086e-01
6.257736587e-02
7.025431000e-02
7.082800577e-02
6.634344174e-03
6.373702081e-02
3.654431513e-02
6.542705486e-02
4.705594793e-02
4.965426344e-02
4.029744336e-02
4.842202809e-02
2.638153145e-02
5.850238905e-02
6.771715362e-03
-2.933659098e-02
-5.260479656e-02
-4.672662551e-02
-5.651377004e-02
-4.879682511e-02
-4.100482604e-02
-5.214810315e-02
-6.666881672e-02
-9.900857346e-02
-1.061171377e-01
-8.815656537e-02
-9.368536096e-02
-1.099323725e-01
-1.315224916e-01
-1.089660898e-01
-1.102903270e-01
-8.612910348e-02
-9.915268163e-02
-8.183412222e-02
-7.365095737e-02
-6.051137689e-02
-9.202601174e-02
-1.112006085e-01
-1.311430629e-01
-1.264279153e-01
-9.752528042e-02
-9.598535466e-02
-8.495692197e-02
-5.915213898e-02
-8.320457088e-02
-1.310960620e-01
-1.235209094e-01
-1.251339945e-01
-1.508228804e-01
-1.081660211e-01
-1.525574943e-01
-1.273701448e-01
-2.000878728e-01
-1.788534977e-01
-1.637499829e-01
-1.558798770e-01
-1.343016002e-01
-1.192553497e-01
-1.741430344e-01
-1.332931062e-01
-1.331925252e-01
-1.195774089e-01
-1.467357454e-01
-1.383022598e-01
-1.556248719e-01
-1.815881317e-01
-1.824458332e-01
-1.784737006e-01
-1.569763202e-01
-1.551983896e-01
-1.687383466e-01
-1.664508268e-01
-1.509097243e-01
-1.572997477e-01
-2.086284659e-01
-1.916672295e-01
-2.164482024e-01
-8.902795135e-02
-1.487905237e-01
-1.705878575e-01
-1.885293242e-01
-1.787567589e-01
-1.876753070e-01
-2.277485353e-01
-2.079915057e-01
-2.296899955e-01
-2.094141134e-01
-1.791201873e-01
-1.906071029e-01
-1.876028319e-01
-1.760787050e-01
-1.872941941e-01
-2.232085491e-01
-1.892711813e-01
-1.736004445e-01
-2.276672179e-01
-2.194174728e-01
-1.923020318e-01
-1.841690258e-01
-2.208489753e-01
-1.990177987e-01
-2.539581159e-01
-2.582494656e-01
-2.403843162e-01
-2.200522750e-01
-2.555081998e-01
-2.405692146e-01
-2.372069364e-01
-2.364756585e-01
-1.916699138e-01
-2.230603356e-01
-2.022115998e-01
-2.680541894e-01
-2.150048049e-01
-2.316251397e-01
-2.733383485e-01
-2.689816818e-01
-2.568070154e-01
-2.090617905e-01
-2.290938782e-01
-2.356458523e-01
-1.939176959e-01
-2.152071248e-01
-1.932491561e-01
-2.379492671e-01
-2.252269582e-01
-2.657343532e-01
-2.718946878e-01
-2.928157935e-01
-3.014844418e-01
-2.944356156e-01
-2.869314644e-01
-2.875667930e-01
-3.234619898e-01
-2.555414636e-01
-2.673892813e-01
-2.740256255e-01
-3.013905451e-01
-3.124583471e-01
-2.867099336e-01
-3.309633514e-01
-3.084362660e-01
-3.059692163e-01
-3.114451687e-01
-3.126802989e-01
-2.772704803e-01
-3.121104453e-01
-3.075911964e-01
-3.155402512e-01
-3.174149206e-01
-2.862581877e-01
-2.400350986e-01
-2.592413276e-01
-2.636186263e-01
-2.635037293e-01
-2.445552423e-01
-2.515017507e-01
-2.702502336e-01
-3.103992003e-01
-2.749492230e-01
-2.468071298e-01
-2.610642591e-01
-2.510169514e-01
-2.437924375e-01
-2.737208299e-01
-3.187199469e-01
-2.712382009e-01
-2.688413105e-01
-2.531145200e-01
-2.837439791e-01
-2.996134041e-01
-3.064750686e-01
-2.865082980e-01
-2.572090235e-01
-2.910778111e-01
-2.801436961e-01
-3.144888616e-01
-2.849931096e-01
-3.026649392e-01
-3.423256329e-01
-3.475276851e-01
-3.317509989e-01
-3.362531948e-01
-3.423367911e-01
-3.592003939e-01
-3.473023121e-01
-3.620888732e-01
-3.146103378e-01
-2.908713332e-01
-3.030942637e-01
-3.184467308e-01
-3.248914923e-01
-3.231918264e-01
-3.172445487e-01
-3.152695089e-01
-2.844543619e-01
-3.335394033e-01
-3.244723785e-01
-3.407213375e-01
-3.521600942e-01
-3.393129933e-01
-2.976184692e-01
-3.362231942e-01
-2.937109694e-01
-3.131313080e-01
-3.226735528e-01
-3.151246639e-01
-3.062053264e-01
-3.403529616e-01
-3.739685335e-01
-3.645730285e-01
-3.286209884e-01
-3.355444437e-01
-3.396847376e-01
-3.305654487e-01
-3.301819673e-01
-3.334170851e-01
-3.347120059e-01
-3.441776176e-01
-3.372968474e-01
-3.343850519e-01
-3.378420689e-01
-1.267920279e+00
-3.190566905e-01
-3.279963969e-01
-2.899004189e-01
-3.116825420e-01
-3.477071624e-01
-3.543296642e-01
-3.508181198e-01
-1.471911230e-01
-3.847629615e-01
-3.774291822e-01
-1.756443278e-01
-3.610641157e-01
-3.434599716e-01
-3.236462040e-01
-2.910152309e-01
-3.428026952e-01
-3.225663402e-01
-3.669520238e-01
-1.574005392e-01
-3.485842853e-01
-3.120899186e-01
-3.408517085e-01
-3.538942344e-01
-3.691026460e-01
-3.392935192e-01
-3.806646158e-01
-3.610464837e-01
-3.062632223e-01
-3.236658886e-01
-3.381701808e-01
-3.453899578e-01
-2.868763580e-01
-2.852819575e-01
-3.442003549e-01
-3.366396763e-01
-3.093657058e-01
-3.578241030e-01
-3.567957665e-01
-4.016926710e-01
-1.903998882e-01
-3.564722337e-01
-3.711493715e-01
-3.757799911e-01
-3.865183653e-01
-3.526704729e-01
-1.883682683e-01
-1.790036060e-01
-1.655809672e-01
-3.620735571e-01
-4.054858000e-01
-3.818639031e-01
-3.378024892e-01
-3.241111081e-01
-3.091589648e-01
-3.549499925e-01
-1.046397816e+00
-3.494161968e-01
-3.284845646e-01
-3.368187852e-01
-3.318515272e-01
-1.635427682e-01
-3.580916874e-01
-3.393225724e-01
-3.943452598e-01
-3.893080004e-01
-3.825237059e-01
-3.668079682e-01
-3.806567209e-01
-1.767351392e-01
-1.980171469e-01
-3.849601760e-01
-3.590375485e-01
-3.748572356e-01
-3.892346305e-01
-3.795636989e-01
-3.606964241e-01
-3.517053482e-01
-3.524033623e-01
-3.433892333e-01
-3.396073150e-01
-3.551124168e-01
-3.744144373e-01
-3.774916045e-01
-1.399475561e-01
-3.862514652e-01
-1.702679037e-01
-3.809560954e-01
-1.643822588e-01
-1.567518420e-01
-1.928341478e-01
-1.943749683e-01
-1.789233412e-01
-3.936529301e-01
-3.883956663e-01
-3.751045564e-01
-4.060398638e-01
-2.172741138e-01
-1.913578022e-01
-1.642967308e-01
-3.635352181e-01
-3.581157931e-01
-3.985506077e-01
-3.583397450e-01
-1.618308916e-01
-2.161530386e-01
-1.772627815e-01
-3.632117905e-01
-3.847810671e-01
-3.285648294e-01
-3.506036418e-01
-3.399581116e-01
-3.606415282e-01
-3.715244317e-01
-3.680250980e-01
-3.514054474e-01
-3.811303620e-01
-3.992108315e-01
-4.129277394e-01
-3.958024997e-01
-3.718382801e-01
-1.937407450e-01
-2.050699206e-01
-4.090011340e-01
-1.817983991e-01
-3.444632023e-01
-3.741915380e-01
-3.664247500e-01
-3.829493460e-01
-3.738906899e-01
-1.971500242e-01
-1.354053593e-01
-1.266155770e+00
-3.620878205e-01
-1.263092550e+00
-3.816439513e-01
-3.095181299e-01
-3.233155131e-01
-3.290366284e-01
-3.542878213e-01
-3.571634055e-01
-3.293414240e-01
-3.349415894e-01
-1.249922285e+00
-3.637301694e-01
-3.706217293e-01
-3.457216487e-01
-3.234666741e-01
-3.504177433e-01
-1.443858034e-01
-3.477215837e-01
-3.611939604e-01
-3.626910958e-01
-3.573453039e-01
-3.611807496e-01
-3.563160200e-01
-3.725862952e-01
-3.519008258e-01
-3.928181238e-01
-3.596928775e-01
-3.772301782e-01
-3.604837882e-01
-1.604953384e-01
-3.577156272e-01
-3.888243065e-01
-2.168662108e-01
-1.917354414e-01
-3.795973311e-01
-1.875814104e-01
-1.867103402e-01
-2.198702187e-01
-1.702863251e-01
-1.596308473e-01
-1.778864782e-01
-2.030054053e-01
-3.329416544e-01
-3.731470959e-01
-3.495842528e-01
-3.621140842e-01
-3.333914530e-01
-3.237907332e-01
-3.462978709e-01
-3.123919773e-01
-3.096646592e-01
-3.194895413e-01
-3.295929554e-01
-3.344928436e-01
-3.558280102e-01
-3.530870076e-01
-3.108239457e-01
-2.960878067e-01
-3.240165799e-01
-3.356898150e-01
-3.603085741e-01
-1.721218884e-01
-1.776825268e-01
-3.781209856e-01
-3.292254743e-01
-3.610467469e-01
-3.740769568e-01
-1.520583263e-01
-1.589163592e-01
-2.068581145e-01
-3.475015267e-01
-3.338890946e-01
-3.317452619e-01
-3.466460358e-01
-3.674917189e-01
-1.585716155e-01
-1.455687219e-01
-1.365251187e-01
-1.580150253e-01
-1.857721634e-01
-1.790772917e-01
-1.491214251e-01
-3.695080226e-01
-1.673573188e-01
-3.462134481e-01
-3.397079486e-01
-3.568936632e-01
-3.527505798e-01
-3.636410623e-01
-3.439164018e-01
-3.404171208e-01
-3.299376465e-01
-3.418768344e-01
-3.321833234e-01
-3.584486946e-01
-3.703971458e-01
-1.298262995e-01
-3.585291172e-01
-3.473386813e-01
-3.445144139e-01
-1.494240628e-01
-1.719626747e-01
-3.520681450e-01
-1.671375775e-01
-1.627993322e-01
-1.898761934e-01
-1.389620099e-01
-1.561110396e-01
-1.491832684e-01
-1.818023466e-01
-1.451134496e-01
-3.638704880e-01
-3.208408843e-01
-3.567646607e-01
-1.378369872e-01
-3.134427353e-01
-2.731052911e-01
-3.409061307e-01
-3.412336636e-01
-3.141799607e-01
-2.496004492e-01
-3.128438811e-01
-3.136303707e-01
-3.113505353e-01
-3.075260372e-01
-3.309149294e-01
-3.349830640e-01
-1.247643555e-01
-3.195118576e-01
-3.058775303e-01
-3.513556570e-01
-3.053153084e-01
-2.713919935e-01
-2.422091424e-01
-3.058966359e-01
-3.074576147e-01
-3.217090597e-01
-3.396908430e-01
-3.142227510e-01
-3.335262978e-01
-3.490607686e-01
-3.263568902e-01
-3.179957744e-01
-3.236897312e-01
-3.450510563e-01
-3.592408684e-01
-3.541981353e-01
-3.554262126e-01
-3.079343612e-01
-3.154258805e-01
-3.323656428e-01
-3.477901114e-01
-3.180000376e-01
-2.960302266e-01
-3.053776781e-01
-3.286445679e-01
-3.516505576e-01
-3.743960158e-01
-1.558176126e-01
-1.522478038e-01
-1.433015710e-01
-3.382864989e-01
-3.675445094e-01
-3.393503098e-01
-3.488789755e-01
-3.443395156e-01
-3.609020598e-01
-1.749679984e-01
-3.400312183e-01
-3.636731156e-01
-3.371454233e-01
-1.436476306e-01
-1.330882074e-01
-1.428015609e-01
-1.539202060e-01
-1.829786861e-01
-1.774496273e-01
-3.525451546e-01
-1.394330720e-01
-1.315565976e-01
-1.382830488e-01
-1.313289614e-01
-3.088384847e-01
-3.394542593e-01
-1.698442110e-01
-1.526175481e-01
-3.396076308e-01
-3.723809226e-01
-3.539483934e-01
-1.262130689e-01
-1.167865632e-01
-3.439113491e-01
-1.864498086e-01
-1.795088793e-01
-1.488358930e-01
-1.357922092e-01
-1.386093712e-01
-3.514055001e-01
-3.482601735e-01
-3.317524726e-01
-3.380271779e-01
-3.455471189e-01
-3.013233333e-01
-2.862660826e-01
-3.063465924e-01
-3.380063354e-01
-2.783548706e-01
-3.066135451e-01
-2.785137159e-01
-3.296839046e-01
-3.529107409e-01
-1.281012648e-01
-3.038970693e-01
-3.182081471e-01
-2.851485864e-01
-2.485818497e-01
-2.434582728e-01
-2.433835871e-01
