-1.076308155e-02
-1.053879279e-02
-1.032903511e-02
-1.040761921e-02
-1.056410025e-02
-1.071539428e-02
-9.712477281e-03
-9.524125333e-03
-1.005378544e-02
-9.813580382e-03
-9.854095872e-03
-1.015543270e-02
-9.355659770e-03
-9.220901067e-03
-9.311592362e-03
-9.306352935e-03
-8.958603475e-03
-9.217282293e-03
-9.087623117e-03
-9.202493458e-03
-8.835153904e-03
-8.634390625e-03
-8.669525576e-03
-8.364652811e-03
-1.065676654e-02
-8.219958109e-03
-8.023972516e-03
-8.387586281e-03
-8.359136264e-03
-1.039326908e-02
-1.013915380e-02
-7.860907141e-03
-8.108446582e-03
-7.758248106e-03
-9.794075294e-03
-9.645130799e-03
-9.701612665e-03
-9.783392012e-03
-9.837173608e-03
-9.532960377e-03
-9.163545990e-03
-9.311244111e-03
-9.652606459e-03
-7.711934067e-03
-9.125490139e-03
-9.804427102e-03
-7.916308657e-03
-9.637672652e-03
-9.092460355e-03
-7.651442593e-03
-8.871469521e-03
-9.213670855e-03
-9.062001116e-03
-8.281358710e-03
-8.776736946e-03
-8.584700261e-03
-8.613201409e-03
-8.226387771e-03
-8.175473010e-03
-7.971170731e-03
-8.224187391e-03
-8.509066884e-03
-8.447623478e-03
-8.547696020e-03
-8.078140576e-03
-8.768888698e-03
-8.419891334e-03
-8.278635124e-03
-8.054393224e-03
-8.069372293e-03
-8.365532498e-03
-8.354295293e-03
-8.125847907e-03
-8.526095206e-03
-8.010789916e-03
-8.311621750e-03
-7.922931933e-03
-7.731720646e-03
-8.136726812e-03
-7.897421061e-03
-8.345426662e-03
-8.208710411e-03
-7.485787759e-03
-7.457839194e-03
-8.734971445e-03
-8.880392505e-03
-8.739718479e-03
-8.548384357e-03
-8.570898700e-03
-8.629322868e-03
-8.625391025e-03
-8.375626132e-03
-8.427335192e-03
-6.846152511e-03
-8.376490986e-03
-8.280824786e-03
-8.227797872e-03
-8.221947331e-03
-6.761092593e-03
-8.184650946e-03
-8.233857402e-03
-7.963414474e-03
-7.596541733e-03
-7.772718418e-03
-7.580599631e-03
-7.251197336e-03
-7.354541773e-03
-7.165855035e-03
-6.892166654e-03
-6.956051231e-03
-7.166053115e-03
-7.026802394e-03
-6.715422905e-03
-7.112745443e-03
-7.179650790e-03
-6.770499135e-03
-6.744205767e-03
-6.709588440e-03
-6.551709574e-03
-6.450409095e-03
-6.276268711e-03
-7.115162404e-03
-6.291851590e-03
-6.414360232e-03
-5.995564275e-03
-6.136357915e-03
-6.010641714e-03
-6.235947633e-03
-7.341671157e-03
-6.218868340e-03
-6.020068415e-03
-6.141029736e-03
-6.105741998e-03
-5.711762325e-03
-6.210926954e-03
-5.985079042e-03
-6.329103095e-03
-6.168214177e-03
-6.140102108e-03
-6.503650357e-03
-6.630926702e-03
-6.185814602e-03
-6.151184070e-03
-6.225486131e-03
-5.829824212e-03
-5.743168840e-03
-5.596834123e-03
-5.572138984e-03
-5.604851871e-03
-5.697126786e-03
-5.676522433e-03
-5.251814310e-03
-5.772886028e-03
-6.099280567e-03
-6.020794326e-03
-5.851774553e-03
-5.734672829e-03
-5.571435274e-03
-5.622889125e-03
-5.844516399e-03
-5.584705686e-03
-5.625030018e-03
-5.637017215e-03
-5.536971052e-03
-5.707100935e-03
-5.376553699e-03
-5.502765578e-03
-5.201476788e-03
-4.770590096e-03
-4.565861068e-03
-4.675764924e-03
-6.076547474e-03
-5.764683278e-03
-5.616874443e-03
-5.725729495e-03
-5.552708312e-03
-4.748780516e-03
-4.850501206e-03
-5.030837192e-03
-4.730445568e-03
-4.557172845e-03
-4.695875831e-03
-4.455665865e-03
-6.056465146e-03
-4.358150662e-03
-5.973231936e-03
-5.922151342e-03
-5.584307843e-03
-5.347432984e-03
-5.350660956e-03
-5.234879128e-03
-5.029532861e-03
-5.179044452e-03
-5.138209322e-03
-4.827915669e-03
-4.633096356e-03
-4.228264890e-03
-4.515532605e-03
-4.500926188e-03
-5.970008875e-03
-6.003504896e-03
-5.762312759e-03
-5.235765034e-03
-5.839788313e-03
-5.622418231e-03
-5.261629516e-03
-5.273773264e-03
-5.107164710e-03
-5.385805668e-03
-5.251369156e-03
-4.822966600e-03
-4.310866859e-03
-4.193932020e-03
-6.165199851e-03
-6.175158210e-03
-6.035099189e-03
-4.106158500e-03
-5.738623842e-03
-5.508957927e-03
-6.092156284e-03
-4.091526119e-03
-6.247297402e-03
-6.532533950e-03
-6.169107356e-03
-5.690674031e-03
-6.010583662e-03
-5.512771113e-03
-5.853197860e-03
-5.891484677e-03
-5.785187347e-03
-5.966961120e-03
-5.405075963e-03
-5.807578536e-03
-6.202753293e-03
-5.296335261e-03
-4.819119060e-03
-4.904356485e-03
-4.880258266e-03
-4.401801161e-03
-3.774674865e-03
-3.979378950e-03
-6.116044143e-03
-6.192111127e-03
-5.976305655e-03
-5.834775896e-03
-5.059933474e-03
-5.277910364e-03
-4.553417297e-03
-5.198456497e-03
-4.230356119e-03
4.218596793e-03
1.171562750e-01
5.733255261e-01
1.455100716e+00
2.592462855e+00
3.787936645e+00
4.897074789e+00
5.894080094e+00
6.774739015e+00
7.530881528e+00
8.167967746e+00
8.671405601e+00
9.065891903e+00
9.352282839e+00
9.554718230e+00
9.678577192e+00
9.790000000e+00
9.758845054e+00
9.738997192e+00
9.688303296e+00
9.615008111e+00
9.570195175e+00
9.438153630e+00
9.375067222e+00
9.345248961e+00
9.331821048e+00
9.322424069e+00
9.301598445e+00
9.269065785e+00
9.223146395e+00
9.201672795e+00
9.089918450e+00
9.000247668e+00
8.901385896e+00
8.792877705e+00
8.673386730e+00
8.544447139e+00
8.411040654e+00
8.276511868e+00
8.142102221e+00
8.006301494e+00
7.868676038e+00
7.731906470e+00
7.600291516e+00
7.472395968e+00
7.348711434e+00
7.230743020e+00
7.114694073e+00
6.999262213e+00
6.885737166e+00
6.773106358e+00
6.659277461e+00
6.545455226e+00
6.431874202e+00
6.320175501e+00
6.208576016e+00
6.096445928e+00
5.986409075e+00
5.879886196e+00
5.744955052e+00
5.639162687e+00
5.537198164e+00
5.436083573e+00
5.359192742e+00
5.259429986e+00
5.163650684e+00
5.069669752e+00
4.952408511e+00
4.883161866e+00
4.771212342e+00
4.685187710e+00
4.600925129e+00
4.520462140e+00
4.440145154e+00
4.359494242e+00
4.281215087e+00
4.204922593e+00
4.108443253e+00
4.033957033e+00
3.960379281e+00
3.904967860e+00
3.832773136e+00
3.765393538e+00
3.678334105e+00
3.612620061e+00
3.547214679e+00
3.483401978e+00
3.422382854e+00
3.362285573e+00
3.302766616e+00
3.243990164e+00
3.189266581e+00
3.131934880e+00
3.075727073e+00
3.004264274e+00
2.950916101e+00
2.899315523e+00
2.849874411e+00
2.798969187e+00
2.750690576e+00
2.702544662e+00
2.654277512e+00
2.610053638e+00
2.565357602e+00
2.522171225e+00
2.481514429e+00
2.441618460e+00
2.400617873e+00
2.347286788e+00
2.306944260e+00
2.268665388e+00
2.233085301e+00
2.196858901e+00
2.163220197e+00
2.127839911e+00
2.095214802e+00
2.063050995e+00
2.028382147e+00
1.997219321e+00
1.951476144e+00
1.920756172e+00
1.890337472e+00
1.860208359e+00
1.829528120e+00
1.801844065e+00
1.774163792e+00
1.746710663e+00
1.720662709e+00
1.695191694e+00
1.668711505e+00
1.644159904e+00
1.618908729e+00
1.595253167e+00
1.571287958e+00
1.548947139e+00
1.528454517e+00
1.506914678e+00
1.485134089e+00
1.465142971e+00
1.442383433e+00
1.410583514e+00
1.391905316e+00
1.371697485e+00
1.352122634e+00
1.333390419e+00
1.314842961e+00
1.297535568e+00
1.280017405e+00
1.264479520e+00
1.245512298e+00
1.230063930e+00
1.213238501e+00
1.186430534e+00
1.180642733e+00
1.165813414e+00
1.138794039e+00
1.124545195e+00
1.110757461e+00
1.095412580e+00
1.082365374e+00
1.068895310e+00
1.055968587e+00
1.041499030e+00
1.027660058e+00
1.015999681e+00
1.003151457e+00
9.924637278e-01
9.792642189e-01
9.678333688e-01
9.568128938e-01
9.454170216e-01
9.339992996e-01
9.228793495e-01
9.122154712e-01
9.006986881e-01
8.906756237e-01
8.778791506e-01
8.682381596e-01
8.575347660e-01
8.472632556e-01
8.391708259e-01
8.292136307e-01
8.205169809e-01
8.106260412e-01
8.026344555e-01
7.941544479e-01
7.845030319e-01
7.759663578e-01
7.667884728e-01
7.581451177e-01
7.501845931e-01
7.428767460e-01
7.341521248e-01
7.269397338e-01
7.208475440e-01
7.129965810e-01
7.056103305e-01
6.886090356e-01
6.817261876e-01
6.735593804e-01
6.669152275e-01
6.594554463e-01
6.529379983e-01
6.449617310e-01
6.390363541e-01
6.322648587e-01
6.254427034e-01
6.207379003e-01
6.137105039e-01
6.082178983e-01
6.022920519e-01
5.954780730e-01
5.903736849e-01
5.851875668e-01
5.800937558e-01
5.741565093e-01
5.691776165e-01
5.626183667e-01
5.573208937e-01
5.518636006e-01
5.475970523e-01
5.418662136e-01
5.359948296e-01
5.301264750e-01
5.252714443e-01
5.200676192e-01
5.162584608e-01
5.114105381e-01
5.062998464e-01
5.026655471e-01
4.996649689e-01
4.939156594e-01
4.901077858e-01
4.851545853e-01
4.801173096e-01
4.760914051e-01
4.730255772e-01
4.686138819e-01
4.632450216e-01
4.599466800e-01
4.551144348e-01
4.507641256e-01
4.473457100e-01
4.439866915e-01
4.400917821e-01
4.364051717e-01
4.252694487e-01
4.284878824e-01
4.238447062e-01
4.197088567e-01
4.164258581e-01
4.116891304e-01
3.998312037e-01
3.965900649e-01
3.922171828e-01
3.896411904e-01
3.855155871e-01
3.830694591e-01
3.806234015e-01
3.774184956e-01
3.749897105e-01
3.688985112e-01
3.671513020e-01
3.630647714e-01
3.613606803e-01
3.569393889e-01
3.554130621e-01
3.517982002e-01
3.497040007e-01
3.467628902e-01
3.443768635e-01
3.419855132e-01
3.388916360e-01
3.356963540e-01
3.331429169e-01
3.299781364e-01
3.286943796e-01
3.246005444e-01
3.223172729e-01
3.190941863e-01
3.171530695e-01
3.136605851e-01
3.108572923e-01
3.074485462e-01
3.054112447e-01
3.019539728e-01
2.985800622e-01
2.961152115e-01
2.937098988e-01
2.919984457e-01
2.903375616e-01
2.881138175e-01
2.855186795e-01
2.833396858e-01
2.820140953e-01
2.790631035e-01
2.785132891e-01
2.757322588e-01
2.741042964e-01
2.631246717e-01
2.625195956e-01
2.605000569e-01
2.577788702e-01
2.565967209e-01
2.549879972e-01
2.530069044e-01
2.532415761e-01
2.510743281e-01
2.497083291e-01
2.459962443e-01
2.442399982e-01
2.421938297e-01
2.404874427e-01
2.378333095e-01
2.365523123e-01
2.342887826e-01
2.333629799e-01
2.307149964e-01
2.213518584e-01
2.198490734e-01
2.183604894e-01
2.154757036e-01
2.140919542e-01
2.121473217e-01
2.113749195e-01
2.158566735e-01
2.150700168e-01
2.130845821e-01
2.110025461e-01
2.082218018e-01
2.076758813e-01
1.978105024e-01
1.976479778e-01
1.963432152e-01
1.946531313e-01
1.930259614e-01
1.908551446e-01
1.902628460e-01
1.889275897e-01
1.866344625e-01
1.858210296e-01
1.839213266e-01
1.833676829e-01
1.806288004e-01
1.791440460e-01
1.781395844e-01
1.771979724e-01
1.673016696e-01
1.669077136e-01
1.650031444e-01
1.642268009e-01
1.629309985e-01
1.613974940e-01
1.595479724e-01
1.586344837e-01
1.563591032e-01
1.561774752e-01
1.539167182e-01
1.529272065e-01
1.504654464e-01
1.507337263e-01
1.488370248e-01
1.483812453e-01
1.467023305e-01
1.458617482e-01
1.440106419e-01
1.422513731e-01
1.427922448e-01
1.405100142e-01
1.395327720e-01
1.392162638e-01
1.368992477e-01
1.355367195e-01
1.334510041e-01
1.327191286e-01
1.303918071e-01
1.306443334e-01
1.284100048e-01
1.275424061e-01
1.179416059e-01
1.184364031e-01
1.174348599e-01
1.164448894e-01
1.155455448e-01
1.145338834e-01
1.130222245e-01
1.134039299e-01
1.113029101e-01
1.111934597e-01
1.094775442e-01
1.084649523e-01
1.061286438e-01
1.054416245e-01
1.038833409e-01
1.029608409e-01
1.021961061e-01
1.018806856e-01
1.003966249e-01
9.832578216e-02
9.700984512e-02
9.572807556e-02
9.518688273e-02
9.453172240e-02
9.260118593e-02
9.289163365e-02
9.043718134e-02
8.960882054e-02
8.841281343e-02
8.799528410e-02
8.685316257e-02
8.737632035e-02
7.832872323e-02
7.785561647e-02
7.667769921e-02
7.569808314e-02
7.613166187e-02
7.437702341e-02
7.307923867e-02
7.206210246e-02
7.166248624e-02
7.106568820e-02
6.950110084e-02
6.882886705e-02
6.691994633e-02
6.676257622e-02
6.534481801e-02
6.472127386e-02
6.282360897e-02
6.299436633e-02
6.096530283e-02
5.932726174e-02
5.957697164e-02
5.893011773e-02
5.747134510e-02
5.695026859e-02
5.560099383e-02
5.616047992e-02
5.488355673e-02
5.494954140e-02
5.348787957e-02
5.302990391e-02
5.169800457e-02
5.213148735e-02
4.990232196e-02
5.023720973e-02
4.165888973e-02
4.045743579e-02
4.008510360e-02
3.961539090e-02
3.847256640e-02
3.831317303e-02
3.574689661e-02
3.555422301e-02
3.416213196e-02
3.460965892e-02
3.277149590e-02
3.256081040e-02
3.111696456e-02
3.184621783e-02
2.967172948e-02
2.950545287e-02
2.918572196e-02
2.853364655e-02
2.845892900e-02
2.709571287e-02
2.587128490e-02
2.564426018e-02
2.503911454e-02
2.407932728e-02
2.249828816e-02
2.215906176e-02
2.144710060e-02
2.151946052e-02
2.116087777e-02
2.092907195e-02
1.937377847e-02
2.006378585e-02
1.873580559e-02
1.777268570e-02
1.722827048e-02
1.723419623e-02
1.700345842e-02
1.683616845e-02
1.625405552e-02
8.927504064e-03
7.502830944e-03
7.793077452e-03
7.131355152e-03
6.998265075e-03
6.629254280e-03
5.988781322e-03
5.206390739e-03
4.265773390e-03
4.491121508e-03
3.750133629e-03
2.854641647e-03
1.885607198e-03
1.186180295e-03
3.127686027e-04
-1.242219654e-03
-1.122197827e-03
-1.924833540e-03
-1.449307495e-03
-2.624956498e-03
-2.800208778e-03
-3.624453089e-03
-3.855786991e-03
-4.055740024e-03
-3.528631359e-03
-4.583573770e-03
-1.278923521e-02
-5.255585137e-03
-6.365071450e-03
-7.734574435e-03
-8.097946995e-03
-9.159574946e-03
-9.814175930e-03
-1.856923088e-02
-1.831817563e-02
-1.975950640e-02
-1.858174566e-02
-1.886378610e-02
-1.941804686e-02
-2.063484023e-02
-2.046895816e-02
-2.200267928e-02
-2.227645984e-02
-2.177081898e-02
-2.335654108e-02
-2.405009141e-02
-2.459057492e-02
-2.476777148e-02
-2.488319240e-02
-2.585100876e-02
-2.560345420e-02
-2.537466638e-02
-2.590875486e-02
-2.755379112e-02
-2.803784922e-02
-2.981694888e-02
-2.986393869e-02
-3.004848240e-02
-3.075800530e-02
-3.104412185e-02
-3.183888013e-02
-3.262138822e-02
-3.353758717e-02
-3.423172807e-02
-3.315036410e-02
-3.466808666e-02
-3.419678543e-02
-3.516026158e-02
-3.496665116e-02
-3.600600731e-02
-3.553910723e-02
-3.621871604e-02
-3.626860863e-02
-4.388661064e-02
-4.470401120e-02
-4.514661333e-02
-4.613928036e-02
-4.484744409e-02
-7.965858164e-02
-4.674411185e-02
-4.626519895e-02
-4.798678166e-02
-4.762384899e-02
-4.844875593e-02
-4.772080511e-02
-4.822694596e-02
-4.754494765e-02
-4.852993118e-02
-4.889996670e-02
-4.984482140e-02
-5.101632839e-02
-5.100085546e-02
-5.196501321e-02
-5.173989724e-02
-5.190917653e-02
-5.264494042e-02
-5.266300399e-02
-5.342077745e-02
-5.260245481e-02
-5.380995229e-02
-5.329987039e-02
-5.429043519e-02
-5.401486811e-02
-5.532059200e-02
-5.489928215e-02
-5.520818746e-02
-5.689373566e-02
-5.734738367e-02
-5.686343897e-02
-5.796744752e-02
-5.756458180e-02
-5.740948429e-02
-5.814086793e-02
-5.871250319e-02
-5.921136543e-02
-5.974971184e-02
-5.894021765e-02
-6.055361588e-02
-5.993502347e-02
-6.166979239e-02
-6.049481957e-02
-6.099598835e-02
-6.280291968e-02
-6.305140729e-02
-6.313087311e-02
-6.402625285e-02
-6.367751200e-02
-6.465263899e-02
-1.317054405e-01
-6.593806627e-02
-6.650740390e-02
-6.771165966e-02
-6.733621340e-02
-6.665587186e-02
-6.668520695e-02
-6.811292524e-02
-6.717027516e-02
-6.704748241e-02
-6.824579635e-02
-7.544589290e-02
-7.636572261e-02
-7.642352894e-02
-7.660107659e-02
-7.794519913e-02
-7.797902187e-02
-7.875556867e-02
-7.748860409e-02
-7.805320438e-02
-7.831382853e-02
-7.900700232e-02
-7.807927444e-02
-7.914434793e-02
-7.853520886e-02
-7.963525909e-02
-7.945749202e-02
-7.888540127e-02
-7.908825269e-02
-8.088831893e-02
-8.013822909e-02
-8.160548485e-02
-8.182987737e-02
-8.156445090e-02
-8.099195452e-02
-8.259151569e-02
-8.176697601e-02
-8.271269247e-02
-8.268354554e-02
-8.320723552e-02
-8.286215105e-02
-8.329981259e-02
-8.442672106e-02
-8.451128323e-02
-8.430828834e-02
-8.434156520e-02
-8.519227244e-02
-8.582723344e-02
-8.514753520e-02
-8.649755960e-02
-8.538508968e-02
-8.652586445e-02
-8.580602404e-02
-8.582805224e-02
-8.488145437e-02
-9.397086439e-02
-8.556853134e-02
-9.377366457e-02
-9.508532962e-02
-8.733249153e-02
-9.625483836e-02
-9.673516417e-02
-9.710249610e-02
-9.750677906e-02
-9.678641184e-02
-9.788690876e-02
-9.754000562e-02
-9.807282831e-02
-9.710935404e-02
-9.758082959e-02
-9.695268397e-02
-9.777677818e-02
-9.629628317e-02
-9.701483754e-02
-9.723255778e-02
-9.703984019e-02
-9.778771747e-02
-9.879909181e-02
-9.839790228e-02
-9.898094654e-02
-9.911164696e-02
-1.004604581e-01
-9.894009881e-02
-9.956510691e-02
-1.002049183e-01
-1.008437294e-01
-1.003241431e-01
-1.017055700e-01
-1.012557431e-01
-1.008109628e-01
-1.014182468e-01
-1.003212141e-01
-1.010325776e-01
-1.008903489e-01
-1.015553776e-01
-1.024575396e-01
-1.022718931e-01
-1.032118914e-01
-1.017888004e-01
-1.027049550e-01
-1.027224900e-01
-1.037275141e-01
-1.024832635e-01
-1.045122420e-01
-1.049254185e-01
-1.045837418e-01
-1.054208798e-01
-1.050601053e-01
-1.049578230e-01
-1.052762859e-01
-1.056055294e-01
-1.056163753e-01
-1.050541522e-01
-1.063487338e-01
-1.061472835e-01
-1.062774705e-01
-1.058763215e-01
-1.076272455e-01
-1.073023344e-01
-1.074307630e-01
-1.068812290e-01
-1.081735865e-01
-1.090491756e-01
-1.086421009e-01
-1.085575519e-01
-1.087482104e-01
-1.097511840e-01
-1.099795884e-01
-1.095896015e-01
-1.106181744e-01
-1.102992823e-01
-1.106283518e-01
-1.187637147e-01
-1.198099882e-01
-1.196635778e-01
-1.196473827e-01
-1.182925441e-01
-1.191490203e-01
-1.187938842e-01
-1.189500682e-01
-1.191581827e-01
-1.185426954e-01
-1.189692464e-01
-1.190822300e-01
-1.187900508e-01
-1.199465580e-01
-1.183709883e-01
-1.198901963e-01
-1.200211482e-01
-1.208783280e-01
-1.207349042e-01
-1.205893516e-01
-1.204934687e-01
-1.206552464e-01
-1.206315812e-01
-1.197226659e-01
-1.202453215e-01
-1.197451755e-01
-1.190855646e-01
-1.193598593e-01
-1.185159991e-01
-1.197864530e-01
