-5.995480095e-02
-3.817623464e-02
-4.245113645e-02
-4.316803693e-02
-5.214135747e-02
-4.880329929e-02
-5.801204296e-02
-5.813891480e-02
-5.034087520e-02
-4.936590355e-02
-5.409213904e-02
-3.786385394e-02
-5.463990362e-02
-4.738387548e-02
-4.626886466e-02
-4.950774112e-02
-2.543060087e-02
-3.097245424e-02
-3.593865673e-02
-3.693865448e-02
-3.714205466e-02
-3.679720275e-02
-4.353781209e-02
-4.095706594e-02
-2.846369196e-02
-4.511893027e-02
-3.235810545e-02
-3.544608394e-02
-4.874619971e-02
-2.930946780e-02
-3.485258512e-02
-4.191219685e-02
-4.764408571e-02
-4.380928065e-02
-4.739378425e-02
-3.203769762e-02
-3.096382308e-02
-4.007364423e-02
-4.740180069e-02
-5.110497660e-02
-3.466009191e-02
-3.834252163e-02
-3.851780957e-02
-3.254814807e-02
-3.056270688e-02
-3.642166199e-02
-4.972234790e-02
-3.376707116e-02
-5.072941800e-02
-3.300734896e-02
-4.644095293e-02
-3.353024617e-02
-3.726990983e-02
-2.792026377e-02
-3.637185711e-02
-3.540285141e-02
-3.352949946e-02
-4.627120705e-02
-4.556680565e-02
-3.693948205e-02
-2.360724999e-02
-3.453163865e-02
-3.101210303e-02
-3.679711239e-02
-3.840836415e-02
-3.689996821e-02
-3.319727505e-02
-3.641230433e-02
-3.936518348e-02
-3.869748623e-02
-2.573607092e-02
-3.809133078e-02
-3.594086357e-02
-2.553890126e-02
-3.957832062e-02
-3.923947926e-02
-2.744253542e-02
-2.778070854e-02
-3.451971625e-02
-3.059200398e-02
-2.641442425e-02
-4.313311156e-02
-2.932937335e-02
-2.848330857e-02
-2.965307598e-02
-3.729816355e-02
-3.377162633e-02
-4.763420725e-02
-4.004001252e-02
-3.137804178e-02
-3.426779178e-02
-2.684898725e-02
-3.579102324e-02
-4.385308569e-02
-3.143027705e-02
-3.000554362e-02
-3.981986486e-02
-3.935013512e-02
-3.451726804e-02
-4.425173881e-02
-3.943480592e-02
-3.327912072e-02
-2.674495905e-02
-2.776666372e-02
-3.565994222e-02
-3.889679139e-02
-3.014512738e-02
-3.582290707e-02
-3.448119169e-02
-3.924983808e-02
-2.496041215e-02
-3.031337271e-02
-3.357555652e-02
-2.934737526e-02
-3.195565338e-02
-2.873187879e-02
-3.662866612e-02
-3.619758102e-02
-3.187402174e-02
-3.374520134e-02
-2.503824723e-02
-3.239487144e-02
-2.827463029e-02
-4.221674065e-02
-3.607810732e-02
-2.815844187e-02
-3.507685514e-02
-2.928477641e-02
-2.890765067e-02
-2.289658359e-02
-3.471229507e-02
-3.404142193e-02
-3.357494417e-02
-3.459358829e-02
-2.375129737e-02
-3.302273500e-02
-3.478819678e-02
-3.083823182e-02
-4.036619904e-02
-2.749318808e-02
-3.794776853e-02
-2.989486992e-02
-2.782299520e-02
-3.767129059e-02
-3.344211767e-02
-2.640220459e-02
-3.446535857e-02
-3.002855372e-02
-2.870357513e-02
-2.877069229e-02
-2.567955158e-02
-2.987100848e-02
-3.051929600e-02
-2.496248463e-02
-4.346958081e-02
-3.965190966e-02
-3.524844996e-02
-4.071939080e-02
-3.109416451e-02
-3.992650894e-02
-3.491138263e-02
-4.086966750e-02
-2.754218324e-02
-2.767069952e-02
-3.335987129e-02
-2.908519659e-02
-1.880851045e-02
-3.438539751e-02
-2.614542055e-02
-3.964854947e-02
-3.569180346e-02
-4.294842315e-02
-3.328304571e-02
-3.562873852e-02
-2.794653776e-02
-3.984087859e-02
-3.347902158e-02
-3.705806636e-02
-1.969653608e-02
-1.897395442e-02
-2.380443273e-02
-2.145050470e-02
-2.051938387e-02
-3.398061970e-02
-2.088153378e-02
-2.062918601e-02
-2.801960363e-02
-2.477061448e-02
-2.653592525e-02
-3.009350685e-02
-2.482422902e-02
-2.588943672e-02
-1.856920514e-02
-2.294525057e-02
-2.808362099e-02
-3.322684265e-02
-3.491316975e-02
-3.292818931e-02
-2.718542083e-02
-2.421650048e-02
-2.184817925e-02
-3.046751495e-02
-3.778146608e-02
-2.531660978e-02
-2.334460998e-02
-4.046914166e-02
-2.293659919e-02
-2.389143284e-02
-2.369192793e-02
-2.516023454e-02
-4.028023219e-02
-2.502624278e-02
-3.017225391e-02
-2.254176286e-02
-3.657048214e-02
-3.119043192e-02
-3.413721967e-02
-4.556116608e-02
-4.337146564e-02
-3.980577843e-02
-3.605447536e-02
-3.169332371e-02
-2.625520485e-02
-3.748787324e-02
-2.126303633e-02
-4.373752984e-02
-3.184787022e-02
-3.474892075e-02
-2.381604717e-02
-2.708026304e-02
-2.871722638e-02
-4.251798726e-02
-3.412304881e-02
-3.353315335e-02
-3.855265052e-02
-4.375277795e-02
-2.842247543e-02
-3.900766246e-02
-2.393479081e-02
-3.303920069e-02
-3.902804956e-02
-3.670665695e-02
-2.111289220e-02
-3.262743733e-02
-3.927788610e-02
-2.389645412e-02
-3.493459368e-02
-3.729303408e-02
-3.651757032e-02
-3.057307938e-02
1.226756690e-01
7.042837388e-01
1.860836113e+00
3.312406115e+00
4.827361775e+00
6.255202185e+00
7.621630504e+00
8.657081554e+00
9.563279756e+00
1.029475845e+01
1.082683021e+01
1.120091867e+01
1.138110619e+01
1.149489514e+01
1.150000000e+01
1.138920117e+01
1.122319447e+01
1.116719338e+01
1.095699825e+01
1.062213769e+01
1.058348444e+01
1.046116332e+01
1.036411590e+01
1.030839087e+01
1.027635883e+01
1.023178790e+01
1.015832695e+01
1.009742296e+01
9.975595015e+00
9.867730255e+00
9.593187674e+00
9.460649087e+00
9.334911393e+00
9.142762904e+00
8.975594767e+00
8.782806762e+00
8.624798870e+00
8.458653241e+00
8.285095208e+00
8.097764229e+00
7.946241427e+00
7.803842324e+00
7.675559053e+00
7.524057906e+00
7.392161055e+00
7.266751137e+00
7.138427561e+00
7.026215488e+00
6.891276529e+00
6.735607232e+00
6.622764500e+00
6.497022199e+00
6.357430160e+00
6.288850580e+00
6.175937651e+00
5.998149814e+00
5.877686341e+00
5.764610475e+00
5.660183406e+00
5.554157834e+00
5.376930948e+00
5.281065968e+00
5.178258001e+00
5.067780849e+00
4.959116188e+00
4.874888102e+00
4.781353769e+00
4.676882032e+00
4.597954596e+00
4.470939561e+00
4.385393037e+00
4.305606130e+00
4.222598523e+00
4.069389282e+00
3.998590165e+00
3.912568230e+00
3.847092359e+00
3.789275073e+00
3.724635645e+00
3.641485204e+00
3.547639038e+00
3.475628733e+00
3.411337991e+00
3.345831109e+00
3.283195968e+00
3.192437969e+00
3.129930798e+00
3.069683347e+00
2.996287412e+00
2.950642238e+00
2.901249092e+00
2.805394690e+00
2.765613627e+00
2.709134861e+00
2.649954614e+00
2.585013876e+00
2.551632223e+00
2.501189415e+00
2.478742082e+00
2.423102538e+00
2.382102604e+00
2.310525879e+00
2.248450600e+00
2.224179693e+00
2.174143059e+00
2.128269764e+00
2.069058368e+00
2.020278740e+00
1.970987172e+00
1.971947059e+00
1.894047972e+00
1.849521608e+00
1.830824821e+00
1.780627763e+00
1.755680549e+00
1.717098811e+00
1.675766631e+00
1.644920766e+00
1.606304364e+00
1.541188554e+00
1.519012274e+00
1.497582975e+00
1.459414323e+00
1.456272254e+00
1.377434503e+00
1.358983760e+00
1.341116984e+00
1.309516022e+00
1.269166230e+00
1.234362513e+00
1.224049674e+00
1.195139328e+00
1.126328676e+00
1.097646050e+00
1.084059096e+00
1.039560881e+00
1.065572984e+00
1.009128817e+00
9.858770289e-01
1.004909935e+00
9.407402323e-01
9.601892730e-01
9.413379314e-01
9.055126225e-01
8.559816513e-01
8.423047278e-01
8.428276084e-01
8.157656849e-01
7.979281849e-01
7.847218152e-01
7.541312702e-01
7.377830120e-01
7.382604609e-01
6.990557358e-01
4.261649397e-01
6.624308639e-01
6.531752510e-01
6.326683246e-01
6.353255135e-01
5.940715349e-01
6.089107212e-01
5.872446817e-01
5.811607937e-01
5.787670962e-01
5.777808876e-01
5.667538036e-01
5.513504008e-01
5.352200917e-01
5.263150013e-01
4.708112723e-01
4.598226856e-01
4.948813236e-01
4.815674811e-01
4.768800763e-01
4.378039139e-01
4.273677735e-01
4.453624698e-01
4.338064816e-01
4.219138697e-01
3.989847102e-01
3.982367368e-01
3.896218933e-01
3.696862742e-01
3.560323704e-01
3.596230962e-01
3.489895941e-01
3.570548616e-01
3.233924792e-01
3.056562607e-01
2.935034973e-01
3.231416207e-01
3.135620989e-01
2.961409221e-01
2.953839240e-01
2.854298371e-01
2.793149986e-01
2.945668252e-01
2.666362121e-01
2.553166589e-01
2.589515810e-01
2.542748537e-01
2.377588793e-01
2.433702006e-01
2.249288553e-01
2.152499105e-01
2.113772723e-01
2.115403031e-01
2.020069763e-01
2.113916179e-01
1.646914672e-01
1.945444453e-01
1.770740486e-01
1.754509470e-01
1.763751572e-01
1.887988053e-01
1.655708474e-01
1.632921648e-01
1.482109937e-01
1.465622251e-01
1.562615273e-01
1.292908583e-01
1.542552406e-01
1.242166158e-01
1.193226624e-01
1.173313159e-01
9.653102491e-02
8.285169488e-02
1.160843162e-01
9.238771778e-02
8.896372128e-02
8.151934787e-02
6.683150424e-02
7.019714673e-02
6.888660771e-02
6.335692405e-02
8.166329180e-02
7.170305283e-02
8.302997918e-02
8.473501922e-02
6.669280036e-02
6.621305542e-02
6.180455185e-02
7.116460787e-02
5.468925073e-02
6.272947070e-02
5.824276466e-02
5.197237019e-02
6.021489882e-02
-1.520009676e-01
4.653959721e-02
2.511864941e-02
2.381605668e-02
3.805250064e-02
3.696039113e-02
3.527587255e-02
1.924366797e-02
-1.258782159e-01
1.657625464e-02
-1.889253668e-01
6.251021601e-03
-5.103275018e-03
1.732281309e-02
-7.357834647e-04
1.941483355e-02
-1.224994215e-01
1.563006285e-02
7.756229747e-03
-1.008257348e-02
5.803112926e-03
2.296488740e-02
2.284597967e-02
2.473602204e-02
8.536475788e-03
-7.951123604e-03
-4.746987027e-04
-5.339522139e-03
8.724183150e-03
-1.151097625e-02
-2.203330879e-02
-3.122308743e-02
1.518682231e-04
-1.337986340e-02
-1.985335483e-02
-1.848826670e-02
-3.636341856e-02
-1.564057031e-02
-1.812032265e-02
-4.827921067e-02
-4.793722076e-02
-4.169114434e-02
-4.741940547e-02
-2.742601385e-02
-3.775877582e-02
-2.593807042e-02
-3.736481580e-02
-3.887437580e-02
-6.128594704e-02
-4.151694792e-02
-5.631177806e-02
-4.490933465e-02
-5.797468483e-02
-6.192099472e-02
-4.681086364e-02
-6.003458603e-02
-7.117476278e-02
-7.082913028e-02
-6.693481547e-02
-7.016198117e-02
-6.449709770e-02
-8.460940656e-02
-6.461046634e-02
-9.098161763e-02
-8.517947614e-02
-8.319670611e-02
-8.009199857e-02
-7.250928869e-02
-7.337505450e-02
-6.902999993e-02
-6.151840829e-02
-6.474399734e-02
-8.894872167e-02
-6.481414534e-02
-6.860189455e-02
-5.296766296e-02
-7.563839036e-02
-7.455092877e-02
-1.001336363e-01
-9.908237111e-02
-9.094083748e-02
-6.950207029e-02
-8.605466739e-02
-7.704213919e-02
-8.587701922e-02
-1.164665560e-01
-1.116181703e-01
-1.154103694e-01
-9.123164323e-02
-9.047758676e-02
-8.840248381e-02
-1.197717838e-01
-1.028496024e-01
-1.015787829e-01
-9.777817200e-02
-1.095464709e-01
-1.151666409e-01
-1.129168701e-01
-1.032692966e-01
-1.061171690e-01
-1.140284161e-01
-1.015511285e-01
-9.149911546e-02
-8.856485652e-02
-1.053639710e-01
-1.034332329e-01
-1.064356161e-01
-1.067011847e-01
-1.035390672e-01
-1.075860761e-01
-1.073736773e-01
-1.152164648e-01
-1.140384925e-01
-1.138523333e-01
-1.264864866e-01
-1.239198554e-01
-2.935279438e-01
-1.134046993e-01
-1.081612501e-01
-1.250434201e-01
-1.193390876e-01
-1.132721635e-01
-1.171928212e-01
-1.140982347e-01
-1.245670586e-01
-1.278675113e-01
-1.295668220e-01
-1.282662262e-01
-1.415639978e-01
-1.127592149e-01
-1.495773767e-01
-1.381064386e-01
-1.255819263e-01
-1.261073359e-01
-1.241542286e-01
-1.291226677e-01
-1.241362517e-01
-1.303881110e-01
-1.392566536e-01
-1.367717451e-01
-1.677355759e-01
-1.528622686e-01
-1.758467976e-01
-1.539442654e-01
-1.453183793e-01
-1.408989902e-01
-1.489579291e-01
-1.469244041e-01
-1.575775656e-01
-1.499922803e-01
-1.586974484e-01
-1.683521532e-01
-1.491552319e-01
-1.490581036e-01
-1.446853910e-01
-1.461761560e-01
-1.621741023e-01
-1.500895048e-01
-1.508051378e-01
-1.401436603e-01
-1.404226970e-01
-1.375716678e-01
-1.470144743e-01
-1.504019414e-01
-1.517799293e-01
-1.473995499e-01
-1.399118779e-01
-1.529528465e-01
-1.485356820e-01
-1.515746267e-01
-1.367915079e-01
-1.604733725e-01
-1.714071759e-01
-1.647785743e-01
-1.518567716e-01
-1.471073125e-01
-1.830336331e-01
-1.789738773e-01
-1.826183407e-01
-1.629926922e-01
-1.821834923e-01
-1.788080463e-01
-1.766733634e-01
-1.934702972e-01
-1.485229451e-01
-1.733268453e-01
-1.487985313e-01
-1.549271257e-01
-1.914900194e-01
-1.800749051e-01
-1.553806870e-01
-1.466677794e-01
-1.479716491e-01
-1.829316536e-01
-1.815238377e-01
-1.860013692e-01
-1.825123744e-01
-1.665545685e-01
-1.620863234e-01
-1.777270827e-01
-1.732259847e-01
-1.650831027e-01
-1.996926430e-01
-1.983525388e-01
-1.992636898e-01
-1.978192399e-01
-1.694609733e-01
-1.895407146e-01
-1.593505527e-01
-1.953602944e-01
-1.776663822e-01
-1.693701041e-01
-1.785048116e-01
-1.735160449e-01
-1.704506348e-01
-1.820473127e-01
-1.861576017e-01
-1.856822163e-01
-1.756544090e-01
-1.867736392e-01
-1.785960625e-01
-1.735853178e-01
-1.808598930e-01
-1.713310067e-01
-1.689661740e-01
-1.634979466e-01
-1.652892103e-01
-1.590817571e-01
-1.905730421e-01
-1.711248372e-01
-1.943786398e-01
-1.993428293e-01
-1.935986803e-01
-1.715011604e-01
-1.748244984e-01
-1.748847988e-01
-2.021449151e-01
-1.924420362e-01
-1.979655221e-01
-1.623693737e-01
-1.868861577e-01
-1.849206137e-01
-1.880860652e-01
-1.680577161e-01
-1.764413172e-01
-2.035997553e-01
-1.966494107e-01
-1.989973805e-01
-1.624105539e-01
-1.945050087e-01
-1.924567017e-01
-1.780320415e-01
-1.860098077e-01
-2.056367475e-01
-1.863826945e-01
-1.878397042e-01
-1.738354504e-01
-2.129971088e-01
-2.108549791e-01
-1.993555852e-01
-2.065625165e-01
-2.011371381e-01
-1.850857782e-01
-1.889546217e-01
-2.092845883e-01
-2.045577054e-01
-1.925512177e-01
-1.968452772e-01
-2.007827561e-01
-1.944740059e-01
-2.058255910e-01
-2.059314224e-01
-2.074001653e-01
-1.836356234e-01
-2.051605387e-01
-2.066185828e-01
-2.017671776e-01
-1.725587940e-01
-1.808160416e-01
-1.881034060e-01
-1.937408027e-01
-1.939545308e-01
-1.985209101e-01
-1.821483256e-01
-1.921035242e-01
-1.954689479e-01
-2.053886041e-01
-1.881814218e-01
-1.865789534e-01
-1.904779316e-01
-1.866829079e-01
-1.826030236e-01
-1.992796395e-01
-1.890738706e-01
-1.826460439e-01
-1.736267769e-01
-1.857646904e-01
-1.943992219e-01
-1.668236721e-01
-1.917479925e-01
-1.896737230e-01
-1.905491628e-01
-1.837388097e-01
-1.964318599e-01
-1.967396509e-01
-1.915892499e-01
-1.941380492e-01
-1.875822662e-01
-2.036672114e-01
-2.001516049e-01
-1.944282152e-01
-2.061801364e-01
-2.105314310e-01
-2.115422442e-01
-2.085591899e-01
-1.747865552e-01
-2.083314467e-01
-1.980663488e-01
-2.099510549e-01
-1.991316291e-01
-2.048885327e-01
-2.040962501e-01
-1.699166986e-01
-2.001166010e-01
-2.076406109e-01
-1.996798788e-01
-1.689775792e-01
-1.909790256e-01
-2.055722486e-01
-2.058197415e-01
-2.039839392e-01
-2.059125988e-01
-2.076302366e-01
-1.976329249e-01
-1.781777928e-01
-1.833170395e-01
-2.020438244e-01
-2.120989693e-01
-2.061301770e-01
-2.106615846e-01
-2.000038561e-01
-1.950915475e-01
-1.777877030e-01
-1.893852074e-01
-1.976170312e-01
-1.824175576e-01
-1.872539168e-01
-1.817735398e-01
-2.031055910e-01
-1.699848871e-01
-1.799040986e-01
-2.067135899e-01
-1.811001436e-01
-1.795070067e-01
-2.172609848e-01
-2.040049410e-01
-2.088513125e-01
-2.007786766e-01
-2.222547204e-01
-2.304024311e-01
-1.940384715e-01
-2.132671006e-01
-2.038434410e-01
-2.131832645e-01
-2.038374673e-01
-1.865976687e-01
-2.082835098e-01
-1.981548257e-01
-2.018872303e-01
-1.946642638e-01
-2.002119696e-01
-1.958393747e-01
-2.128712441e-01
-2.054493968e-01
-2.098057068e-01
-2.298517498e-01
-2.052880776e-01
-1.984297555e-01
-2.079255738e-01
-2.197119174e-01
-2.137870502e-01
-1.987169859e-01
-2.224005882e-01
-2.119373219e-01
-2.099405487e-01
-2.050872600e-01
-2.005390431e-01
-2.195905650e-01
-2.339382998e-01
-3.535679149e-01
-2.272995998e-01
-2.333742503e-01
-1.996934670e-01
-2.040635899e-01
-2.082848248e-01
-2.042920025e-01
-2.043739492e-01
-1.988088753e-01
-1.831952733e-01
-1.969405505e-01
-2.022922971e-01
-2.170720902e-01
-2.216062284e-01
-2.261400153e-01
-2.217323975e-01
-2.200725418e-01
-2.206543536e-01
-2.311037452e-01
-1.900948916e-01
-2.187499829e-01
-1.897959886e-01
-1.919337635e-01
-2.293519459e-01
-2.188884311e-01
-2.328395234e-01
-2.183677693e-01
-2.308396563e-01
-2.185806573e-01
-2.192140053e-01
-2.120973623e-01
-2.256879159e-01
-2.183261770e-01
-2.140382803e-01
-2.204561032e-01
-2.191374651e-01
-2.197627692e-01
-2.095712586e-01
-2.089853976e-01
-2.051179322e-01
-2.345760228e-01
-2.214869651e-01
-2.145931113e-01
-2.021142744e-01
-2.239870499e-01
-2.195670900e-01
-2.097312343e-01
-2.352764041e-01
-2.097538865e-01
-2.117586809e-01
-2.017695473e-01
-1.981227837e-01
-2.053850787e-01
-2.027092553e-01
-2.007031054e-01
-2.374072392e-01
-1.963613635e-01
-2.001221098e-01
-1.901042089e-01
-2.064409810e-01
-1.916772500e-01
-2.012416740e-01
-2.294405857e-01
-2.002207042e-01
-2.237144286e-01
-1.967805737e-01
-2.089110880e-01
-1.996941043e-01
-2.284293344e-01
-2.052152234e-01
-2.338089964e-01
-2.270212718e-01
-1.985655552e-01
-2.017438714e-01
-1.991457107e-01
-2.247679487e-01
-2.219938515e-01
-2.395245408e-01
-2.097613060e-01
-2.293904051e-01
-2.154521615e-01
-2.110395486e-01
-2.211966160e-01
-2.147072177e-01
-2.291879680e-01
-2.232395735e-01
-2.161969578e-01
-2.145253925e-01
-2.059527238e-01
-2.170708126e-01
-2.106417159e-01
-2.286181208e-01
-2.121556337e-01
-2.031077895e-01
-2.104555519e-01
-2.215207716e-01
-2.208801712e-01
-2.179626181e-01
-2.049636378e-01
-2.104229166e-01
-2.125878436e-01
-2.143776639e-01
-2.415872291e-01
-2.493119520e-01
-2.018084286e-01
-2.475952927e-01
-2.448702031e-01
-2.481040762e-01
-2.482719017e-01
-2.473067200e-01
-2.047658831e-01
-2.066836584e-01
-2.020675562e-01
-2.357126508e-01
-2.424924077e-01
-2.454041999e-01
-2.444102532e-01
-2.163858458e-01
-2.091417466e-01
-2.096354389e-01
-2.103078423e-01
-2.182167578e-01
-2.126592805e-01
-2.144900747e-01
-2.265561376e-01
-2.256309738e-01
-2.117455469e-01
-2.156189692e-01
-2.165761584e-01
-2.173940693e-01
-2.246506212e-01
-2.129732284e-01
-2.056004357e-01
-2.072687074e-01
-2.113385646e-01
-2.097957225e-01
-3.350357481e-01
