-5.592681104e-02
-5.480133645e-02
-4.269967474e-02
-3.920959178e-02
-5.576892271e-02
-4.493986387e-02
-4.033105844e-02
-4.012328720e-02
-5.417180400e-02
-3.864469583e-02
-3.755039053e-02
-4.448847866e-02
-5.152988436e-02
-3.843020482e-02
-5.361684611e-02
-5.625433844e-02
-4.157132028e-02
-3.594162301e-02
-4.947994157e-02
-4.445332007e-02
-3.900728648e-02
-4.714030663e-02
-2.760634380e-02
-2.931764020e-02
-4.668737682e-02
-2.950907879e-02
-3.527932805e-02
-4.116520613e-02
-3.972310342e-02
-3.559567038e-02
-4.603883270e-02
-3.898513887e-02
-3.695095831e-02
-3.070348218e-02
-3.417153884e-02
-3.565994391e-02
-3.912278149e-02
-3.000113146e-02
-3.379470199e-02
-3.195869986e-02
-3.815429466e-02
-4.494081093e-02
-3.835772213e-02
-3.468180693e-02
-3.200514123e-02
-4.041349453e-02
-4.094462239e-02
-2.948959040e-02
-3.595548358e-02
-3.229886797e-02
-3.306719329e-02
-2.558337617e-02
-2.805469716e-02
-2.894722318e-02
-3.278789563e-02
-3.376890186e-02
-3.846368901e-02
-4.587432584e-02
-3.290941636e-02
-3.165112104e-02
-4.110116034e-02
-3.366619222e-02
-3.352641076e-02
-3.007875109e-02
-3.012024030e-02
-4.089647618e-02
-4.507667059e-02
-3.208571766e-02
-3.545010629e-02
-3.955679897e-02
-4.095749437e-02
-3.353460788e-02
-4.151565710e-02
-3.851610558e-02
-3.610328398e-02
-2.971836276e-02
-3.647234944e-02
-3.732095880e-02
-3.793588634e-02
-3.724607225e-02
-3.803764633e-02
-3.894300280e-02
-4.218014636e-02
-3.880988873e-02
-4.285468225e-02
-3.994460637e-02
-3.813157075e-02
-3.775954329e-02
-2.809722310e-02
-3.321118399e-02
-3.201869123e-02
-3.006645235e-02
-2.565167463e-02
-3.784496380e-02
-3.992258502e-02
-4.167660489e-02
-3.728734788e-02
-3.689908430e-02
-3.553283832e-02
-3.471157063e-02
-4.478076441e-02
-3.422972907e-02
-3.256960036e-02
-2.971885741e-02
-2.969647829e-02
-3.886435564e-02
-3.711720730e-02
-3.296333788e-02
-3.300314537e-02
-4.301848654e-02
-3.482408524e-02
-3.316843362e-02
-3.535842738e-02
-3.555654539e-02
-4.182976360e-02
-3.518727508e-02
-4.151357938e-02
-3.716907117e-02
-4.467784709e-02
-4.545555329e-02
-3.514039665e-02
-4.262445803e-02
-4.179966053e-02
-4.371820377e-02
-3.788789849e-02
-3.699925320e-02
-3.708582301e-02
-4.651478566e-02
-3.722495737e-02
-3.387272069e-02
-3.267093461e-02
-4.287640388e-02
-4.153429614e-02
-3.275836675e-02
-2.945647177e-02
-3.804582953e-02
-3.284685735e-02
-2.644647125e-02
-3.073822872e-02
-3.281239872e-02
-2.731508299e-02
-3.628202759e-02
-3.614231339e-02
-3.726029366e-02
-3.081238061e-02
-2.787678780e-02
-3.348405191e-02
-3.374763665e-02
-3.228820728e-02
-2.857001818e-02
-2.723721816e-02
-3.894465808e-02
-2.960531952e-02
-3.078844415e-02
-3.522491919e-02
-3.373056747e-02
-3.327788475e-02
-3.532579207e-02
-3.328388993e-02
-2.441366230e-02
-3.499769025e-02
-3.391455563e-02
-2.591851565e-02
-2.888771065e-02
-3.753191764e-02
-3.719902201e-02
-3.406200605e-02
-4.215165138e-02
-3.062703121e-02
-3.150746805e-02
-3.010747522e-02
-3.823734812e-02
-4.397688096e-02
-3.699810248e-02
-3.528983463e-02
-3.044206885e-02
-3.016568953e-02
-3.268967678e-02
-3.760673126e-02
-3.365937073e-02
-3.801419933e-02
-3.776553266e-02
-3.461452137e-02
-3.218313932e-02
-4.074755881e-02
-2.856840892e-02
-4.034112984e-02
-3.014605765e-02
-3.142443631e-02
-3.561474672e-02
-2.559993702e-02
-3.328539464e-02
-2.803127682e-02
-3.602431893e-02
-2.922579043e-02
-3.443697309e-02
-3.311530787e-02
-3.178544413e-02
-3.882730129e-02
-3.670352402e-02
-2.721741755e-02
-3.659225784e-02
-3.014702831e-02
-3.147218604e-02
-2.949549504e-02
-2.513371657e-02
-3.911359484e-02
-3.417895929e-02
-4.134225457e-02
-4.014287519e-02
-2.936330395e-02
-3.879182741e-02
-2.688460169e-02
-3.503314336e-02
-4.255144624e-02
-2.647492847e-02
-4.100360298e-02
-3.351804538e-02
-3.106689103e-02
-3.957373105e-02
-3.865092733e-02
-3.916965119e-02
-3.165088481e-02
-2.922546404e-02
-2.991851247e-02
-3.385341308e-02
-3.476070661e-02
-3.333954697e-02
-4.314455611e-02
-3.654117205e-02
-3.970547586e-02
-4.014954847e-02
-3.201239105e-02
-4.290961643e-02
-3.155213354e-02
-2.790269861e-02
-3.887602050e-02
-3.737776444e-02
-3.655905448e-02
-3.989565329e-02
-4.321698616e-02
-3.910203807e-02
-3.243929063e-02
-4.477774459e-02
-3.572436447e-02
-2.639702894e-02
-4.748523574e-02
-3.848179186e-02
-4.946783540e-02
-3.771549800e-02
6.679418941e-02
5.752724001e-01
1.673912818e+00
3.124394341e+00
4.677248033e+00
6.182651384e+00
7.416980876e+00
8.517014547e+00
9.428525981e+00
1.019285273e+01
1.086123222e+01
1.129339541e+01
1.162444453e+01
1.180993901e+01
1.194000000e+01
1.193910275e+01
1.187943960e+01
1.176866576e+01
1.163574059e+01
1.145983280e+01
1.129416039e+01
1.118061330e+01
1.111451014e+01
1.104011750e+01
1.100868637e+01
1.094572835e+01
1.088399097e+01
1.080357839e+01
1.070798472e+01
1.061463146e+01
1.048622808e+01
1.035713909e+01
1.021549903e+01
1.007652816e+01
9.949835870e+00
9.770241750e+00
9.592780422e+00
9.471641111e+00
9.272893369e+00
9.095767224e+00
8.917907509e+00
8.719797190e+00
8.572855355e+00
8.412113157e+00
8.273194678e+00
8.130360457e+00
7.971880202e+00
7.858825469e+00
7.709973757e+00
7.569071579e+00
7.431513772e+00
7.295393903e+00
7.169121649e+00
7.046396591e+00
6.878953015e+00
6.769669227e+00
6.650583488e+00
6.522939515e+00
6.325105203e+00
6.193570917e+00
6.134434750e+00
5.942459839e+00
5.835524100e+00
5.712107680e+00
5.614352630e+00
5.496736916e+00
5.403102595e+00
5.295960178e+00
5.145747550e+00
5.068708117e+00
4.960002044e+00
4.864494511e+00
4.712636958e+00
4.672540668e+00
4.527610517e+00
4.462766903e+00
4.346497286e+00
4.260404942e+00
4.192182946e+00
4.107666889e+00
3.993675936e+00
3.909294151e+00
3.860639004e+00
3.783376858e+00
3.697201412e+00
3.632277595e+00
3.513333911e+00
3.467315769e+00
3.420810426e+00
3.297350328e+00
3.288315175e+00
3.232074420e+00
3.110861566e+00
3.055492449e+00
3.012821060e+00
2.945494856e+00
2.899493083e+00
2.811286703e+00
2.796003033e+00
2.745061971e+00
2.661512583e+00
2.613231056e+00
2.568345204e+00
2.517153621e+00
2.459562057e+00
2.416926568e+00
2.339306918e+00
2.287879746e+00
2.235183828e+00
2.226041221e+00
2.162242358e+00
2.122834728e+00
2.082139725e+00
2.059796000e+00
1.978177527e+00
1.927650135e+00
1.906428525e+00
1.868013674e+00
1.852470962e+00
1.815027323e+00
1.778919900e+00
1.746580515e+00
1.690031170e+00
1.667690127e+00
1.628432706e+00
1.610521979e+00
1.558357593e+00
1.512048599e+00
1.493709734e+00
1.478021664e+00
1.462000521e+00
1.419615251e+00
1.377909033e+00
1.371564233e+00
1.351943368e+00
1.326376592e+00
1.303419291e+00
1.272728265e+00
1.257844333e+00
1.249794786e+00
1.222411574e+00
1.197370695e+00
1.180161525e+00
1.161681635e+00
1.157853012e+00
1.138327360e+00
1.122799066e+00
1.098355655e+00
1.045295786e+00
1.036603749e+00
1.017616622e+00
1.008066173e+00
9.836812742e-01
9.435441446e-01
9.293840782e-01
9.234550601e-01
8.901312303e-01
8.877783380e-01
8.635031958e-01
8.270481352e-01
8.394161553e-01
8.295361157e-01
8.201973225e-01
8.041508873e-01
7.819033989e-01
7.809300231e-01
7.320956011e-01
7.529238403e-01
7.157740397e-01
6.904375987e-01
6.928323741e-01
6.819965454e-01
6.573195143e-01
6.476384284e-01
6.523343212e-01
6.393094203e-01
6.037011265e-01
6.271116762e-01
6.101872927e-01
5.925079569e-01
5.820225880e-01
5.723405967e-01
5.715435458e-01
5.671928226e-01
5.329165059e-01
5.312369952e-01
5.239794442e-01
5.249410288e-01
5.145253089e-01
4.807711361e-01
4.894325121e-01
4.837955723e-01
4.806327078e-01
4.691427818e-01
4.615860367e-01
4.518799471e-01
4.492193070e-01
4.203404670e-01
4.240589928e-01
4.352805146e-01
4.161809056e-01
4.124671296e-01
3.968051638e-01
4.001517901e-01
3.668854423e-01
3.965892936e-01
3.858798095e-01
3.460882492e-01
3.369330940e-01
3.630535803e-01
3.649717866e-01
3.464617767e-01
3.382509269e-01
3.322471598e-01
3.183021152e-01
3.255698967e-01
3.276327094e-01
3.354984101e-01
3.212539000e-01
3.206465607e-01
3.165953863e-01
3.015974630e-01
3.273639931e-01
3.176919312e-01
3.163274401e-01
2.815934528e-01
2.721685366e-01
2.703550556e-01
2.626674863e-01
2.654754463e-01
2.513022138e-01
2.635301212e-01
2.390910812e-01
2.642936539e-01
2.317038047e-01
2.620198099e-01
2.219746672e-01
2.253795069e-01
2.362292636e-01
1.351961037e-02
2.158996272e-01
2.027897575e-01
2.060814131e-01
2.026957293e-01
1.893386125e-01
1.900181911e-01
1.823137716e-01
2.038193699e-01
1.733016199e-01
1.659157491e-01
1.506792058e-01
1.640485711e-01
1.477046997e-01
1.520045386e-01
1.875509033e-01
1.708228202e-01
1.490718372e-01
1.504075816e-01
1.605647965e-01
1.435851539e-01
1.222880645e-01
1.363217095e-01
1.243683332e-01
1.233967343e-01
1.139162016e-01
1.122546408e-01
1.203664295e-01
1.235231359e-01
1.161053580e-01
1.175867450e-01
1.144765989e-01
1.061243067e-01
1.119174123e-01
1.001224576e-01
1.077409521e-01
-8.526751828e-02
8.981666558e-02
9.952667651e-02
8.434444387e-02
7.482184968e-02
9.947872004e-02
9.933100625e-02
7.726577945e-02
7.944905556e-02
7.105150833e-02
6.178867454e-02
7.250269692e-02
6.890564245e-02
5.433543814e-02
5.799830035e-02
5.404929445e-02
5.539340415e-02
3.285612495e-02
3.239430561e-02
3.457306993e-02
4.347731533e-02
3.282724529e-02
6.140343432e-02
2.928884692e-02
3.888721407e-02
2.066484882e-02
3.081817693e-02
2.637158682e-02
2.437092042e-02
2.232724099e-02
1.899551623e-02
1.414569444e-02
8.902013816e-03
9.075933647e-03
2.536814649e-02
1.496598250e-02
9.912910474e-03
1.027610221e-02
1.940640861e-02
-1.175822337e-01
9.887986837e-03
-1.151000205e-02
-1.067596622e-02
-1.391106675e-02
-6.769742781e-03
-1.656066266e-03
-1.834288675e-02
-2.886317830e-03
-1.491812563e-02
-2.389166917e-02
-1.516237255e-02
-2.887195385e-02
-1.709895539e-02
-2.192257444e-02
-2.266141950e-02
-2.224329121e-02
-2.498379078e-02
-2.748283221e-02
-2.442933273e-02
-2.335204141e-02
-3.650859173e-02
-3.271241957e-02
-2.204506299e-02
-5.508149172e-02
-2.526297445e-02
-3.600389977e-02
-2.474645645e-02
-6.067544017e-02
-3.440114521e-02
-2.919495341e-02
-4.545530053e-02
-5.296162162e-02
-4.236854413e-02
-5.839990956e-02
-5.682906745e-02
-5.955085718e-02
-6.708851040e-02
-4.972570736e-02
-6.752276294e-02
-6.738949263e-02
-6.587718909e-02
-5.936463648e-02
-5.266383620e-02
-9.048608435e-02
-6.191880514e-02
-5.988230285e-02
-5.994587122e-02
-7.292034447e-02
-8.373461504e-02
-9.961205288e-02
-8.828953648e-02
-5.596273780e-02
-7.341256942e-02
-9.341364878e-02
-9.666084604e-02
-7.180183628e-02
-1.040764657e-01
-9.792598881e-02
-6.722521776e-02
-7.061001776e-02
-8.723895080e-02
-7.141406759e-02
-8.899297349e-02
-1.007159050e-01
-7.427638241e-02
-1.007119551e-01
-9.229983102e-02
-1.037625077e-01
-8.895485338e-02
-9.946168484e-02
-8.239851177e-02
-7.945054187e-02
-9.376536492e-02
-1.101446012e-01
-1.100944676e-01
-9.044402804e-02
-1.038435549e-01
-9.749252380e-02
-1.201708558e-01
-1.096985967e-01
-9.723316765e-02
-1.138288098e-01
-1.184961467e-01
-1.073742256e-01
-9.198769109e-02
-9.531381918e-02
-1.214894858e-01
-1.113949387e-01
-1.302877594e-01
-1.229157432e-01
-1.181716960e-01
-1.169232594e-01
-9.247358943e-02
-1.205058640e-01
-1.250145693e-01
-1.218733627e-01
-1.205530134e-01
-1.241161662e-01
-1.243989493e-01
-1.271122733e-01
-1.263576571e-01
-1.159552300e-01
-1.306282869e-01
-1.367500744e-01
-1.282679789e-01
-1.377641320e-01
-1.097047420e-01
-1.372334282e-01
-1.301580135e-01
-1.496422815e-01
-1.110751748e-01
-1.371933288e-01
-1.392690399e-01
-1.178018439e-01
-1.446158526e-01
-1.408837654e-01
-1.304194223e-01
-1.451517757e-01
-1.307943740e-01
-1.210595443e-01
-1.360144233e-01
-1.397258339e-01
-1.429091893e-01
-1.517309292e-01
-1.116067865e-01
-1.429808663e-01
-1.300496097e-01
-1.493891498e-01
-1.227690159e-01
-1.571346327e-01
-1.497573029e-01
-1.387569631e-01
-1.525736004e-01
-1.438023780e-01
-1.504899131e-01
-1.561891625e-01
-1.645543934e-01
-1.647066516e-01
-1.714324520e-01
-1.753081207e-01
-1.661864071e-01
-1.505370030e-01
-1.666024811e-01
-1.431240586e-01
-1.334669261e-01
-1.545743610e-01
-1.776935881e-01
-1.659313379e-01
-1.741401770e-01
-1.452734646e-01
-1.426934029e-01
-1.390840251e-01
-1.440369408e-01
-1.640472957e-01
-1.603998167e-01
-1.704422692e-01
-1.468809729e-01
-1.696362769e-01
-1.503450639e-01
-1.692508477e-01
-1.501900054e-01
-1.604029517e-01
-1.649209890e-01
-1.611726682e-01
-1.535625113e-01
-1.534936368e-01
-1.528150510e-01
-1.589438841e-01
-1.466815069e-01
-1.509919869e-01
-2.927085562e-01
-1.675183352e-01
-1.464206160e-01
-1.622008989e-01
-1.640737626e-01
-3.045140821e-01
-1.591843034e-01
-1.659846569e-01
-1.701926676e-01
-1.577674342e-01
-1.699039043e-01
-1.650347074e-01
-1.601056029e-01
-1.737719175e-01
-1.732208767e-01
-1.872758034e-01
-1.879783990e-01
-2.006144860e-01
-1.601940052e-01
-1.879112751e-01
-1.906805069e-01
-1.852420117e-01
-1.747460600e-01
-1.960959310e-01
-1.997553814e-01
-1.646193466e-01
-1.843933139e-01
-3.327167590e-01
-1.802227243e-01
-1.885542195e-01
-1.879347753e-01
-1.819271135e-01
-1.804306997e-01
-1.998540113e-01
-1.858303570e-01
-1.992969408e-01
-1.947773656e-01
-1.863280774e-01
-1.834847124e-01
-1.972262173e-01
-2.013958268e-01
-1.969670523e-01
-2.080177901e-01
-2.150414538e-01
-2.071910471e-01
-2.074099392e-01
-1.951251918e-01
-2.018149181e-01
-1.857956325e-01
-1.976006300e-01
-1.967725316e-01
-2.189978804e-01
-2.146599414e-01
-2.158559999e-01
-2.210832449e-01
-1.857444237e-01
-1.765659367e-01
-2.162521122e-01
-2.135472996e-01
-2.116187086e-01
-2.189454983e-01
-1.893826681e-01
-1.957590482e-01
-2.219837403e-01
-2.070285070e-01
-2.135061996e-01
-2.131582096e-01
-1.929834516e-01
-1.879764764e-01
-1.960621541e-01
-1.798945729e-01
-1.921966111e-01
-1.880969752e-01
-2.183901619e-01
-1.897201570e-01
-1.841766937e-01
-1.790683396e-01
-1.765487476e-01
-1.823507252e-01
-1.854897472e-01
-1.861164370e-01
-1.853646525e-01
-2.145385505e-01
-1.885250399e-01
-2.055751267e-01
-1.964860617e-01
-1.817121376e-01
-1.887789141e-01
-1.828931857e-01
-1.848712742e-01
-1.888273692e-01
-1.833179660e-01
-1.790183519e-01
-1.804362192e-01
-1.863244723e-01
-1.932747134e-01
-1.846393607e-01
-2.039378496e-01
-2.054153991e-01
-1.907770275e-01
-1.912078595e-01
-2.066009818e-01
-1.991356624e-01
-2.001683489e-01
-1.920195285e-01
-1.854347455e-01
-2.040519027e-01
-2.021995922e-01
-2.133949511e-01
-2.191404849e-01
-2.107326352e-01
-2.131065187e-01
-3.575281803e-01
-2.206455721e-01
-2.239546102e-01
-2.215761196e-01
-2.176841504e-01
-2.277031181e-01
-2.055396677e-01
-2.037616977e-01
-2.067353330e-01
-2.157842658e-01
-2.168968936e-01
-2.145919519e-01
-2.209500225e-01
-2.252397030e-01
-2.197212984e-01
-2.127722260e-01
-2.157984126e-01
-2.275003328e-01
-2.139327584e-01
-2.145270770e-01
-2.169989444e-01
-2.261711086e-01
-1.984883690e-01
-2.351279952e-01
-2.383194293e-01
-2.375267096e-01
-2.384933163e-01
-2.400017049e-01
-2.201841129e-01
-2.118134972e-01
-2.065231472e-01
-3.931716485e-01
-2.323694081e-01
-2.114228019e-01
-2.095047080e-01
-2.175992139e-01
-2.208186386e-01
-2.440638265e-01
-2.390396990e-01
-2.268452015e-01
-2.162850574e-01
-2.056525941e-01
-2.125457140e-01
-2.232620444e-01
-2.346686942e-01
-2.354883092e-01
-2.191830113e-01
-2.247749479e-01
-2.149895515e-01
-2.197283235e-01
-2.162250089e-01
-2.188658972e-01
-2.118593273e-01
-2.232770536e-01
-2.154415477e-01
-2.206911054e-01
-2.300011041e-01
-2.329133662e-01
-2.259919562e-01
-2.089517733e-01
-2.111666517e-01
-2.055621663e-01
-2.119367015e-01
-2.308879072e-01
-2.150373050e-01
-2.231892285e-01
-2.212650454e-01
-2.238815251e-01
-2.266053658e-01
-2.080156799e-01
-2.025990956e-01
-2.168567661e-01
-2.073939688e-01
-2.385853395e-01
-2.444718578e-01
-2.417115190e-01
-2.127167870e-01
-2.128538205e-01
-2.455622041e-01
-2.269760488e-01
-2.120384039e-01
-2.434839135e-01
-1.998439597e-01
-2.025645037e-01
-2.129837423e-01
-2.254965038e-01
-2.068842674e-01
-2.186907778e-01
-2.213696940e-01
-2.212294989e-01
-2.350493424e-01
-2.291371509e-01
-2.214518320e-01
-2.398953599e-01
-2.118502634e-01
-2.232551658e-01
-2.287618830e-01
-2.266045993e-01
-2.131128158e-01
-2.301195490e-01
-2.375705706e-01
-2.352386570e-01
-2.522000937e-01
-2.334555154e-01
-2.211851010e-01
-2.188061886e-01
-2.516896326e-01
-3.730078781e-01
-2.287519765e-01
-2.264431661e-01
-2.240947245e-01
-2.216270484e-01
-2.085845113e-01
-2.221971380e-01
-2.205139613e-01
-2.100324290e-01
-2.279282125e-01
-2.348652660e-01
-2.214928684e-01
-2.228163498e-01
-2.212208014e-01
-2.127586852e-01
-2.154694107e-01
-2.296832922e-01
-2.343791238e-01
-2.279839191e-01
-2.149676158e-01
-2.167497948e-01
-2.105044974e-01
-3.679803593e-01
-2.089274823e-01
-2.411987238e-01
-2.085064674e-01
-2.403181697e-01
-1.937945507e-01
-2.126768669e-01
-2.093535965e-01
-1.957379354e-01
-2.409982555e-01
-2.325508726e-01
-2.396546145e-01
-2.168449745e-01
-2.382045592e-01
-2.117469448e-01
-2.338450182e-01
-2.331064898e-01
-2.291384654e-01
-2.357002349e-01
-2.358221422e-01
-2.495240602e-01
-2.419321303e-01
-2.491585140e-01
-2.103245292e-01
-2.439903474e-01
-2.446606476e-01
-2.401214360e-01
-2.336197393e-01
-2.301006495e-01
-2.297355355e-01
-2.287587001e-01
-2.267173155e-01
-2.308960663e-01
-2.199598922e-01
-2.337956528e-01
-2.254416954e-01
-2.200310040e-01
-2.182693685e-01
-2.212047567e-01
-2.473367396e-01
-2.184508154e-01
-2.391874423e-01
-2.377975336e-01
-2.421203813e-01
-2.184541430e-01
-2.435908681e-01
-2.412195074e-01
-2.199252365e-01
