2.081390211e-02
2.705160557e-02
2.636913152e-02
1.657717243e-02
2.152689218e-02
2.672279288e-02
1.877812203e-02
1.511184646e-02
1.679865121e-02
2.171611899e-02
1.281635608e-02
2.235029757e-02
1.618377241e-02
1.374618369e-02
1.303614309e-02
1.328585330e-02
1.913803440e-02
1.239712174e-02
1.294436235e-02
9.418814086e-03
1.632732022e-02
1.719512411e-02
1.590145429e-02
6.743525425e-03
7.290369947e-03
1.513654321e-02
1.390528653e-02
1.289803690e-02
1.788992980e-02
7.846922025e-03
1.448144347e-02
9.835174297e-03
7.850214719e-03
1.072296146e-02
1.167656033e-02
1.332871227e-02
6.456935488e-03
2.958426850e-03
1.111512192e-02
1.063442318e-02
1.022639067e-02
1.301163360e-02
6.890536765e-03
1.320333380e-02
8.735598710e-03
3.897541280e-03
1.628661173e-02
1.313187987e-02
8.211129313e-03
4.150023000e-03
1.464800758e-03
5.895044719e-03
1.199317672e-02
1.090701064e-02
5.734993288e-03
8.307521221e-03
8.420785550e-04
3.804731339e-03
7.305125990e-03
2.489771406e-03
4.955244777e-03
2.678564613e-03
7.660225352e-03
2.228263612e-03
8.773603280e-03
6.766196955e-03
9.524900218e-03
6.023157795e-03
3.946543820e-03
6.368562933e-04
1.842742177e-03
4.409608196e-03
4.124131637e-03
6.666699001e-03
1.759918214e-03
1.510060107e-03
6.216498455e-03
4.933453158e-03
3.820921037e-03
3.213166019e-03
2.539825003e-03
6.760812067e-05
-1.853445292e-03
-8.861764693e-04
4.875634756e-03
4.887085394e-03
2.170705493e-03
2.530943101e-03
-1.953057343e-04
1.761447053e-03
-6.410617641e-04
-6.467678600e-04
-1.536319806e-03
4.127373173e-03
2.439491474e-03
-2.305635407e-03
-1.582658426e-03
2.582762879e-03
-4.119067027e-04
-1.300162964e-03
6.350946091e-04
-2.722338529e-03
9.275844202e-04
-1.715766041e-03
-2.479249202e-03
-3.348232508e-03
9.225886409e-04
9.004875959e-04
-4.182327365e-03
-3.820425583e-03
-4.773282204e-03
-3.114311722e-03
2.351847528e-03
3.289411415e-03
-8.632317878e-04
1.281352133e-03
1.264431655e-05
3.156297909e-03
1.269389918e-03
5.237317956e-03
5.191852736e-04
-3.407876774e-03
3.016876507e-04
3.090639671e-03
-1.335876601e-03
-5.697253342e-03
-2.485466100e-03
2.931079818e-03
2.049035029e-03
-4.862750774e-03
-1.777649153e-03
-1.019734272e-03
-3.715364155e-03
-3.154078596e-03
-6.210816853e-03
-2.945006797e-03
-9.700648219e-04
-3.064489729e-03
-5.200151441e-03
-5.360695381e-03
-3.911545150e-03
1.639799377e-03
-5.210261127e-03
-2.984566561e-04
4.446962599e-03
3.402211914e-03
-5.578470806e-03
-5.695277726e-03
1.687768222e-03
-3.808884102e-03
-2.588756853e-03
-2.131218436e-03
-6.255682752e-03
8.712654028e-04
4.436827488e-04
2.662152301e-05
1.362431154e-03
-6.554908634e-03
-2.501700445e-03
-3.574662881e-03
-3.152581382e-03
-4.573229038e-03
3.538948314e-04
-7.107390421e-03
-3.225260933e-03
-7.969374427e-03
-6.265366125e-03
-9.499316731e-03
-1.135793670e-02
-1.075229930e-02
-9.457257683e-03
-7.452356379e-03
-9.046128577e-03
-4.997892294e-03
-8.354261042e-03
-7.304593485e-03
-4.557688267e-03
-1.771219099e-03
-4.062884740e-03
-9.233327525e-03
-7.395494315e-03
-1.729179893e-03
-1.083553624e-03
-1.059372477e-03
-9.983811521e-03
-1.003769357e-02
-6.583129377e-03
-8.531183344e-03
-8.514455250e-03
-6.792652293e-03
-7.843947129e-03
-9.758871232e-03
-4.167414129e-03
-2.197643729e-03
-7.053946465e-03
-7.149158646e-03
-9.956764615e-03
-9.100588865e-03
-8.620328380e-03
-9.474790812e-03
-4.903283463e-03
-1.238741480e-02
-1.417543625e-02
-7.005698268e-03
-1.424607229e-02
-1.247787366e-02
-1.044139738e-02
-8.434599982e-03
-1.502362303e-02
-1.563807009e-02
-1.011803995e-02
-1.307138359e-02
-7.764930692e-03
-7.409079312e-03
-1.301327809e-02
-1.421931000e-02
-1.522860098e-02
-1.500360922e-02
-1.217695369e-02
-1.208584342e-02
-9.484704549e-03
-1.307089465e-02
-1.361637109e-02
-1.246300910e-02
-1.661157550e-02
-1.983557393e-02
-1.404501364e-02
-2.151697038e-02
-1.804762224e-02
-1.838655237e-02
-1.606746528e-02
-6.119675892e-03
-1.460979993e-02
-2.153454537e-02
-2.430363550e-02
-1.727869389e-02
-1.489889535e-02
-2.240687981e-02
-1.383120557e-02
-1.615315810e-02
-1.323518643e-02
-2.323931918e-02
-1.286218157e-02
-1.853985827e-02
-1.576829769e-02
-1.541160903e-02
-2.444713215e-02
-2.052119371e-02
-1.124748139e-02
-1.921003743e-02
-1.630725525e-02
2.037149027e-01
1.504641190e+00
4.425380779e+00
8.496809688e+00
1.251443390e+01
1.572027879e+01
1.802815086e+01
1.967982095e+01
2.067810178e+01
2.109237528e+01
2.116000000e+01
2.090045332e+01
2.049850970e+01
1.997514397e+01
1.938411343e+01
1.882154097e+01
1.823267753e+01
1.779643151e+01
1.730411010e+01
1.698175215e+01
1.651340472e+01
1.620711866e+01
1.586236477e+01
1.552651228e+01
1.507430106e+01
1.476630343e+01
1.436169513e+01
1.385054765e+01
1.382506995e+01
1.349412800e+01
1.324992268e+01
1.299056152e+01
1.264040342e+01
1.240398031e+01
1.214494768e+01
1.187386059e+01
1.162144743e+01
1.134187675e+01
1.111308246e+01
1.083931156e+01
1.059289323e+01
1.036749354e+01
1.012510852e+01
9.898732404e+00
9.695444051e+00
9.441940771e+00
9.282505952e+00
9.030799086e+00
8.856616815e+00
8.683215933e+00
8.511177758e+00
8.331245567e+00
8.105425737e+00
7.943333995e+00
7.795734240e+00
7.618433358e+00
7.480674603e+00
7.314792190e+00
7.123937065e+00
6.976524520e+00
6.831473858e+00
6.700539534e+00
6.570665547e+00
6.458920237e+00
6.320080499e+00
6.148074130e+00
6.044176077e+00
5.910355744e+00
5.798869383e+00
5.666686426e+00
5.554235469e+00
5.448199772e+00
5.363766028e+00
5.263919626e+00
5.159125168e+00
5.009849952e+00
4.946926147e+00
4.860178954e+00
4.781213336e+00
4.690678309e+00
4.562339171e+00
4.501872225e+00
4.434029613e+00
4.314249530e+00
3.808196449e+00
4.201768004e+00
4.091023037e+00
4.047600329e+00
3.965148047e+00
3.868933720e+00
3.804724776e+00
3.781188643e+00
3.673709945e+00
3.621422353e+00
3.591660450e+00
3.487292936e+00
3.447360138e+00
3.404168313e+00
3.357445243e+00
3.293170022e+00
3.237325497e+00
3.183814349e+00
3.131677561e+00
3.072781780e+00
3.054130667e+00
2.978119808e+00
2.934590062e+00
2.894277337e+00
2.835869109e+00
2.810463711e+00
2.789648577e+00
2.749621198e+00
2.669660648e+00
2.633504795e+00
2.602645226e+00
2.576762773e+00
2.542143799e+00
2.511143305e+00
2.468825641e+00
2.454432355e+00
2.391955267e+00
2.364392856e+00
2.335846104e+00
2.317371401e+00
2.269963338e+00
1.917482760e+00
2.236193544e+00
2.210100656e+00
2.159087883e+00
2.132064646e+00
2.101867509e+00
2.080375922e+00
2.080886475e+00
2.053443423e+00
2.015855119e+00
2.002056384e+00
1.975859285e+00
1.983427717e+00
1.928989226e+00
1.900775583e+00
1.883009312e+00
1.863337481e+00
1.882047361e+00
1.851081524e+00
1.835557021e+00
1.816058913e+00
1.793035767e+00
1.776023744e+00
1.728349932e+00
1.731740641e+00
1.716781314e+00
1.706905011e+00
1.663854982e+00
1.670835883e+00
1.626256793e+00
1.616976393e+00
1.594098196e+00
1.582051678e+00
1.597937537e+00
1.557432689e+00
1.578032082e+00
1.531892376e+00
1.521611773e+00
1.504948276e+00
1.514233477e+00
1.468990854e+00
1.462955156e+00
1.452589315e+00
1.450165950e+00
1.433303887e+00
1.418677873e+00
1.407489582e+00
1.391706704e+00
1.383002817e+00
1.360480180e+00
1.384680899e+00
1.366538925e+00
1.335675501e+00
1.322239097e+00
1.289661503e+00
1.301296033e+00
1.288436846e+00
1.274795656e+00
1.248984460e+00
1.252041211e+00
1.233649776e+00
1.232099474e+00
1.216415872e+00
1.209769014e+00
1.202715654e+00
1.200034872e+00
1.165552073e+00
1.161116693e+00
1.155670852e+00
1.141317500e+00
8.231124318e-01
1.118347854e+00
1.135386831e+00
1.123499158e+00
1.106268961e+00
1.095964225e+00
1.075036098e+00
1.100095400e+00
1.096542155e+00
1.096327121e+00
1.088384692e+00
1.072997281e+00
1.054473856e+00
1.058751014e+00
1.052692614e+00
1.034668596e+00
1.035223394e+00
1.021795226e+00
1.016523065e+00
1.018580393e+00
1.008736423e+00
9.990847165e-01
9.909659333e-01
9.852622887e-01
9.823419299e-01
9.740804326e-01
9.760312480e-01
9.722647445e-01
9.636448328e-01
9.493568841e-01
9.457660969e-01
9.422587045e-01
9.256685765e-01
9.297519696e-01
9.125739242e-01
9.042028060e-01
9.006109126e-01
8.967894703e-01
8.932268211e-01
9.077342570e-01
8.957018849e-01
8.668337807e-01
8.698015359e-01
8.659421042e-01
8.641190194e-01
8.603477458e-01
8.503703429e-01
8.467830562e-01
8.521069801e-01
8.366181118e-01
8.307581501e-01
8.319660289e-01
8.098067595e-01
8.121801254e-01
8.291573483e-01
8.238375754e-01
8.232790886e-01
8.176811410e-01
8.096504529e-01
7.959354332e-01
8.034260690e-01
8.029611291e-01
7.865098526e-01
7.824736159e-01
7.747307708e-01
7.785232596e-01
7.686622265e-01
7.654324308e-01
7.572787683e-01
7.581353220e-01
7.606440512e-01
7.597733123e-01
7.524992021e-01
7.302324032e-01
7.512944588e-01
7.226621184e-01
7.284707403e-01
7.206075731e-01
7.278438753e-01
7.088774724e-01
7.124362218e-01
7.041874247e-01
7.000350041e-01
6.957833596e-01
6.991192216e-01
6.979628507e-01
6.859597193e-01
7.034792233e-01
6.918168964e-01
6.731241461e-01
6.807397947e-01
6.737200215e-01
6.631567247e-01
6.815939775e-01
6.800204139e-01
6.585442971e-01
6.703818724e-01
6.709233057e-01
6.501652857e-01
6.480887795e-01
6.463608607e-01
6.664285423e-01
6.607881629e-01
6.560257723e-01
6.561870061e-01
6.290184554e-01
6.483919456e-01
6.380517154e-01
6.318477587e-01
6.175048049e-01
6.161546386e-01
6.260452526e-01
6.228347502e-01
6.199084126e-01
6.043520084e-01
6.053384037e-01
6.032173114e-01
6.026451295e-01
5.908343299e-01
5.930365648e-01
5.882101549e-01
5.893907153e-01
5.854183005e-01
5.865950692e-01
5.829414303e-01
5.762310499e-01
5.677582023e-01
5.581139051e-01
5.693522661e-01
5.581215120e-01
5.578967782e-01
5.538317858e-01
5.514753049e-01
5.653220302e-01
5.574960143e-01
5.611003055e-01
5.375558456e-01
5.521306732e-01
5.499122514e-01
5.306148162e-01
5.297073032e-01
5.519838979e-01
5.500014536e-01
5.402911617e-01
3.224701222e-01
5.190002022e-01
5.132188379e-01
5.117227801e-01
5.290237468e-01
5.159747331e-01
4.999726250e-01
4.965364546e-01
5.141777441e-01
4.968513074e-01
5.182064633e-01
5.159357444e-01
5.112692633e-01
4.989252129e-01
4.878280232e-01
4.992090218e-01
5.050192715e-01
4.972795610e-01
4.923998492e-01
4.745226366e-01
4.794358348e-01
4.772510802e-01
4.706874937e-01
4.731772924e-01
4.818241564e-01
4.756851086e-01
4.737792787e-01
4.778143423e-01
4.556112331e-01
4.479378277e-01
4.721585685e-01
4.639102823e-01
4.604863557e-01
4.591274792e-01
4.790834619e-01
4.617242604e-01
4.653205468e-01
4.683420161e-01
4.508268944e-01
4.604308344e-01
4.744896795e-01
4.494701646e-01
4.490261725e-01
4.472828538e-01
4.460968708e-01
4.664369316e-01
4.616290893e-01
4.597177944e-01
4.637785278e-01
4.385085142e-01
4.448648306e-01
4.427831148e-01
4.450933925e-01
4.479569724e-01
4.417942699e-01
4.439759679e-01
4.407090755e-01
4.318235708e-01
4.362806257e-01
4.362654009e-01
4.318432572e-01
4.226355612e-01
4.156002576e-01
4.323529086e-01
4.074758932e-01
4.029444991e-01
4.195513522e-01
4.168215233e-01
4.168676359e-01
4.089058469e-01
4.059642999e-01
4.127494658e-01
4.001940610e-01
3.937440355e-01
3.994278453e-01
3.941360159e-01
3.858219585e-01
3.874118153e-01
3.780490824e-01
3.972656789e-01
3.743704906e-01
3.814540488e-01
3.820014337e-01
3.682891143e-01
3.867206128e-01
3.709974948e-01
3.741425145e-01
3.721775349e-01
3.732899077e-01
3.724430206e-01
3.679173908e-01
3.647392207e-01
3.694468106e-01
3.631818680e-01
3.744387676e-01
3.739411858e-01
3.852526481e-01
3.604026714e-01
3.733565334e-01
3.844176944e-01
3.809074618e-01
3.791406269e-01
3.718570950e-01
3.707110097e-01
3.731355578e-01
3.677728896e-01
3.741693940e-01
3.614039112e-01
3.804745400e-01
3.769701231e-01
3.539373822e-01
3.588639157e-01
3.567940623e-01
3.756660861e-01
3.614533218e-01
3.595741586e-01
3.544165280e-01
3.534117588e-01
3.328601715e-01
3.532180851e-01
3.511336518e-01
3.519658476e-01
3.300459780e-01
3.405639510e-01
3.215469646e-01
3.240056680e-01
3.302867517e-01
3.273433451e-01
3.372062589e-01
3.373765582e-01
3.339800003e-01
3.238759784e-01
3.280646362e-01
3.211211842e-01
3.311280408e-01
3.284474610e-01
3.280482042e-01
3.214466295e-01
3.183818778e-01
3.124527416e-01
3.218731323e-01
3.194120041e-01
3.181441239e-01
3.246284078e-01
3.250940403e-01
3.223780353e-01
3.226071426e-01
3.167572998e-01
3.236816072e-01
3.088519241e-01
3.184948237e-01
3.205309317e-01
2.964386412e-01
3.124761304e-01
3.065297136e-01
3.031904523e-01
3.022555645e-01
2.958173480e-01
2.841948409e-01
2.845503542e-01
2.848607278e-01
3.069218726e-01
3.024662011e-01
3.100414346e-01
2.862154016e-01
2.904912529e-01
3.067048598e-01
3.034416812e-01
2.896976579e-01
2.865447035e-01
3.061021648e-01
2.926649099e-01
2.975087323e-01
2.885856203e-01
2.817083687e-01
2.790110571e-01
2.838167485e-01
2.734281272e-01
2.866240444e-01
2.846886055e-01
2.823278463e-01
2.844199812e-01
2.843797387e-01
2.860742715e-01
2.837788639e-01
2.803508440e-01
2.836303904e-01
2.738254596e-01
2.789983375e-01
2.760671749e-01
2.524696290e-01
2.503489767e-01
2.531290167e-01
2.547977208e-01
2.598242422e-01
2.630049804e-01
2.580245391e-01
2.597398723e-01
2.696987003e-01
2.721022599e-01
2.516757960e-01
2.511993902e-01
2.519571240e-01
2.543135385e-01
2.510066659e-01
2.693393688e-01
2.650085602e-01
2.474525210e-01
2.507429779e-01
2.628753410e-01
2.492129309e-01
2.415230490e-01
2.551465188e-01
2.472456301e-01
2.407658271e-01
2.512038434e-01
2.511142291e-01
2.477420176e-01
2.385906400e-01
2.393478015e-01
2.579018143e-01
2.402443490e-01
2.455964043e-01
2.395137337e-01
2.491271784e-01
2.313729760e-01
2.342069344e-01
2.306868121e-01
2.321160691e-01
2.294092794e-01
2.467741110e-01
2.534065273e-01
2.519963979e-01
2.374160301e-01
2.496228657e-01
2.444798940e-01
2.241417319e-01
2.267250130e-01
2.306515365e-01
2.296304433e-01
2.321318210e-01
2.392840738e-01
2.235659197e-01
2.423193594e-01
2.383616580e-01
2.305784542e-01
2.483277479e-01
2.411190997e-01
2.366739611e-01
2.493429899e-01
2.484867003e-01
2.465254965e-01
2.517063259e-01
2.474749625e-01
2.396084529e-01
2.274177878e-01
2.460777038e-01
2.304224363e-01
2.367443487e-01
2.285536487e-01
2.338313657e-01
2.258664251e-01
2.423541491e-01
2.441403283e-01
2.300604270e-01
2.339143323e-01
2.227471027e-01
2.417664076e-01
2.255994712e-01
2.183036677e-01
2.174427082e-01
2.276188228e-01
2.420922990e-01
2.408238148e-01
2.220693057e-01
2.271067057e-01
2.326189013e-01
2.334973294e-01
2.102781699e-01
2.182984051e-01
2.184733628e-01
2.187371039e-01
2.253685611e-01
2.197844627e-01
2.103925005e-01
2.271338540e-01
2.233683970e-01
2.171159389e-01
2.160394993e-01
2.263581479e-01
2.190435929e-01
2.348412002e-01
2.145518704e-01
2.184001202e-01
2.115967391e-01
2.006159553e-01
2.184820795e-01
2.146660136e-01
2.143415473e-01
2.267352371e-01
2.242127374e-01
2.166483029e-01
1.992651788e-01
2.083283593e-01
2.072522403e-01
1.971149536e-01
2.002271276e-01
2.182687175e-01
1.969739032e-01
2.122373107e-01
2.107772967e-01
2.003160812e-01
1.962978766e-01
1.998715631e-01
1.934206918e-01
2.069680331e-01
2.074465796e-01
1.907469900e-01
1.883225600e-01
1.927276489e-01
1.984106854e-01
1.989898916e-01
1.930428075e-01
2.071615737e-01
2.102142172e-01
1.892787431e-01
1.852270158e-01
1.847538889e-01
1.997828936e-01
2.012381777e-01
1.956503141e-01
2.054465118e-01
1.951700710e-01
2.017272569e-01
1.957145867e-01
1.886755430e-01
1.956812462e-01
1.933283057e-01
1.879791785e-01
1.989829134e-01
1.876729558e-01
1.967935529e-01
1.948628322e-01
1.950144273e-01
1.823742198e-01
1.841945177e-01
1.838762454e-01
1.781767811e-01
1.806822970e-01
1.829878580e-01
1.861160418e-01
1.822619827e-01
1.857361030e-01
1.827119153e-01
1.685878240e-01
1.896158570e-01
1.745906375e-01
1.848298241e-01
1.823794337e-01
1.736078818e-01
1.859429633e-01
1.851310972e-01
1.653331570e-01
1.675385448e-01
1.670641067e-01
1.789329017e-01
1.781469571e-01
1.840284274e-01
1.850491532e-01
1.803064099e-01
1.793861848e-01
1.769919257e-01
1.808748107e-01
1.796400598e-01
1.823783282e-01
1.750364934e-01
1.624917185e-01
1.670039629e-01
1.939537235e-01
1.869319155e-01
1.826524097e-01
1.826190936e-01
1.634688914e-01
1.781172032e-01
1.668522888e-01
1.584625457e-01
1.776869876e-01
1.641826489e-01
1.803728588e-01
1.596215042e-01
1.744220283e-01
1.694301221e-01
1.593316588e-01
1.578509334e-01
1.695549964e-01
1.511944588e-01
1.517069955e-01
1.672924941e-01
1.586375264e-01
1.623931141e-01
1.661451450e-01
1.674181995e-01
1.553574759e-01
1.486822869e-01
1.652930603e-01
1.658413791e-01
1.578152040e-01
1.582848376e-01
1.574378147e-01
1.440848395e-01
1.682290940e-01
1.577538442e-01
1.585488034e-01
1.635684672e-01
1.752633950e-01
1.718556196e-01
1.592819521e-01
1.600618874e-01
1.664795062e-01
1.502114536e-01
1.473509174e-01
1.706713486e-01
1.543131747e-01
1.460076846e-01
1.451157841e-01
1.521422719e-01
1.581440473e-01
1.530911416e-01
1.443680194e-01
1.483849213e-01
1.613893035e-01
1.438786809e-01
1.602018499e-01
1.557648717e-01
