-1.688869869e-02
-1.744499991e-02
-1.813188975e-02
-1.902253547e-02
-1.967299970e-02
-1.337802612e-02
-1.402365805e-02
-1.942899538e-02
-1.947698835e-02
-1.901219397e-02
-1.980168885e-02
-1.990021881e-02
-1.979770365e-02
-1.328977792e-02
-1.472691878e-02
-1.603895250e-02
-1.476731439e-02
-1.345435047e-02
-1.376022457e-02
-1.337540281e-02
-1.413775306e-02
-1.391130015e-02
-1.294578863e-02
-1.527728482e-02
-1.580019047e-02
-1.699845391e-02
-1.228808543e-02
-1.717140766e-02
-1.626665978e-02
-1.458094322e-02
-1.427043230e-02
-1.581722547e-02
-1.456272118e-02
-1.606824775e-02
-1.501164560e-02
-1.445785529e-02
-1.518449184e-02
-1.372828700e-02
-1.396469613e-02
-1.581569253e-02
-1.616814394e-02
-1.141390183e-02
-1.605705018e-02
-1.578837170e-02
-1.097478267e-02
-1.063380088e-02
-1.522508727e-02
-1.611670988e-02
-1.658965467e-02
-1.330303542e-02
-1.328497575e-02
-1.345304832e-02
-1.367184631e-02
-1.286478781e-02
-1.399418035e-02
-1.326573501e-02
-1.405140244e-02
-1.397436782e-02
-1.279379860e-02
-1.370641480e-02
-1.438656037e-02
-1.474817085e-02
-1.410807227e-02
-1.346126689e-02
-1.338410032e-02
-1.381580728e-02
-1.507630920e-02
-1.419349162e-02
-1.461876709e-02
-1.404567143e-02
-1.287974740e-02
-1.182110296e-02
-1.182434803e-02
-1.085950035e-02
-1.062124903e-02
-1.277425324e-02
-1.377984921e-02
-1.007408353e-02
-1.055789791e-02
-9.809743213e-03
-9.842959587e-03
-8.925805936e-03
-1.327803436e-02
-1.287737712e-02
-1.213429639e-02
-1.233920671e-02
-1.242717227e-02
-7.968996811e-03
-9.206304825e-03
-9.147976612e-03
-9.161137182e-03
-7.882554417e-03
-1.161832507e-02
-1.215905879e-02
-1.159797983e-02
-1.044583921e-02
-1.122302253e-02
-1.117101341e-02
-1.093747738e-02
-9.344290430e-03
-9.814024362e-03
-1.050574923e-02
-1.061843892e-02
-9.112935700e-03
-1.020074505e-02
-9.478736105e-03
-6.489220674e-03
-7.095088522e-03
-9.891743183e-03
-9.968999352e-03
-1.003626780e-02
-8.991072825e-03
-9.866499390e-03
-9.932357082e-03
-9.617559043e-03
-9.786486864e-03
-9.934313574e-03
-9.683180522e-03
-6.477559919e-03
-6.086305032e-03
-8.868138032e-03
-8.970370830e-03
-8.530497424e-03
-9.425909201e-03
-9.588190490e-03
-8.360849561e-03
-5.039405522e-03
-5.771452691e-03
-6.150157360e-03
-9.476530368e-03
-8.780377734e-03
-8.196440730e-03
-8.072541539e-03
-8.679718602e-03
-7.619409277e-03
-9.377663193e-03
-4.139371037e-03
-4.940354263e-03
-5.712784006e-03
-4.425325622e-03
-4.069817569e-03
-4.292529634e-03
-4.558529959e-03
-5.035007081e-03
-4.388088204e-03
-8.578021762e-03
-3.836409691e-03
-7.359116065e-03
-6.751412818e-03
-7.275387671e-03
-6.330081284e-03
-6.171064616e-03
-6.342895408e-03
-6.480812593e-03
-6.415072193e-03
-6.214948023e-03
-5.797280227e-03
-6.522918704e-03
-6.792691371e-03
-5.511743222e-03
-5.944587268e-03
-3.627133505e-03
-3.988787972e-03
-4.254193149e-03
-4.152421374e-03
-3.376101454e-03
-6.902979831e-03
-2.975512641e-03
-2.335185996e-03
-7.179849192e-03
-6.467749224e-03
-5.425449071e-03
-4.440506216e-03
-4.147169853e-03
-3.803824303e-03
-3.198662921e-03
-2.583889588e-03
-1.646385818e-03
-6.267034250e-03
-6.069636570e-03
-6.518825439e-03
-6.607302520e-03
-5.387688728e-03
-4.346420308e-03
-5.217162263e-03
-4.325663469e-03
-4.447273842e-03
-2.870047261e-03
-1.857537042e-03
-5.792722139e-03
-5.977008664e-03
-5.523969259e-03
-6.524837185e-04
-8.785060173e-04
-5.152032215e-03
-5.178137776e-03
-4.538205361e-03
-2.960272858e-03
-2.844960401e-03
-9.841918622e-04
-1.666145677e-03
-5.661725710e-03
-4.972631217e-03
-8.806248712e-04
-5.554121928e-03
-6.374286157e-03
-6.617285895e-03
-5.865255143e-03
-4.312156454e-03
-3.393268406e-03
-2.442939108e-03
-6.654770385e-03
-1.141702200e-03
-8.514550632e-04
-1.522941132e-03
-1.635425555e-03
-1.124177400e-03
-4.133937062e-05
-3.376926841e-03
-6.671406809e-03
-5.175668133e-03
-3.999323052e-06
-5.225342277e-04
-5.984930745e-03
-6.605915654e-03
-6.589820618e-03
-6.096439908e-04
3.515440259e-05
-5.927467559e-03
-6.158641464e-03
-4.353216714e-03
-4.120755858e-03
-3.954452439e-03
-3.000503930e-03
-3.266484164e-03
-1.022648897e-03
-3.548759806e-04
1.399319966e-03
-5.078339868e-03
-2.236501274e-03
-3.450659914e-03
-2.631473116e-03
1.782867265e-04
-6.737457000e-03
5.235832830e-02
4.054044717e-01
1.465552239e+00
3.114494743e+00
5.019094355e+00
6.998339734e+00
8.826708103e+00
1.048966459e+01
1.193579792e+01
1.314701072e+01
1.414068157e+01
1.490887317e+01
1.547061229e+01
1.582696103e+01
1.599090136e+01
1.600000000e+01
1.590627441e+01
1.576399313e+01
1.564258970e+01
1.553390706e+01
1.543497515e+01
1.534685646e+01
1.525548801e+01
1.513872438e+01
1.498282294e+01
1.478985318e+01
1.457581920e+01
1.434757015e+01
1.413242183e+01
1.392185643e+01
1.373678714e+01
1.358137600e+01
1.344243129e+01
1.328735585e+01
1.310325248e+01
1.287796786e+01
1.261924708e+01
1.228523966e+01
1.204740519e+01
1.183898604e+01
1.166036505e+01
1.151165625e+01
1.136432849e+01
1.120367698e+01
1.102007541e+01
1.079744460e+01
1.056396568e+01
1.032832582e+01
1.010442104e+01
9.905017538e+00
9.744306012e+00
9.598312318e+00
9.465753157e+00
9.330958967e+00
9.174293098e+00
8.988226480e+00
8.779552339e+00
8.563930038e+00
8.365990304e+00
8.147565948e+00
8.013445358e+00
7.888420346e+00
7.771637536e+00
7.647178888e+00
7.503222426e+00
7.345589144e+00
7.176219775e+00
7.009552768e+00
6.857737184e+00
6.674217821e+00
6.553531582e+00
6.442481963e+00
6.330795223e+00
6.213480281e+00
6.086057012e+00
5.958080621e+00
5.827197882e+00
5.700082289e+00
5.581876939e+00
5.475395869e+00
5.382441830e+00
5.257556277e+00
5.166469583e+00
5.070217001e+00
4.969266586e+00
4.855587199e+00
4.746765091e+00
4.647065156e+00
4.555919790e+00
4.474995011e+00
4.402337636e+00
4.333099818e+00
4.231443618e+00
4.158839569e+00
4.080860046e+00
3.991973466e+00
3.902249459e+00
3.818085209e+00
3.744921766e+00
3.675665033e+00
3.612430802e+00
3.558442874e+00
3.500825989e+00
3.449234928e+00
3.394819706e+00
3.309522322e+00
3.246344767e+00
3.176061877e+00
3.112150647e+00
3.041462361e+00
2.981554250e+00
2.925375000e+00
2.881702288e+00
2.816956631e+00
2.777403793e+00
2.758365535e+00
2.708830379e+00
2.658565136e+00
2.574930225e+00
2.518212279e+00
2.463812289e+00
2.416374040e+00
2.374784882e+00
2.336594830e+00
2.310171319e+00
2.276177507e+00
2.240782953e+00
2.199117527e+00
2.151651661e+00
2.098339973e+00
2.049537293e+00
1.990047000e+00
1.957584555e+00
1.938529541e+00
1.916909628e+00
1.888857899e+00
1.857400838e+00
1.815710781e+00
1.771116390e+00
1.725417574e+00
1.692752543e+00
1.660207147e+00
1.639515163e+00
1.628338935e+00
1.619519193e+00
1.601008900e+00
1.575877850e+00
1.540258451e+00
1.496991795e+00
1.437154919e+00
1.402931772e+00
1.379628775e+00
1.367208508e+00
1.363886861e+00
1.359166113e+00
1.351240806e+00
1.332004911e+00
1.303491536e+00
1.268857624e+00
1.234146775e+00
1.202775334e+00
1.178575752e+00
1.166737535e+00
1.159676635e+00
1.156980520e+00
1.151294865e+00
1.140678839e+00
1.120921470e+00
1.095842107e+00
1.065953905e+00
1.039558675e+00
1.019687708e+00
1.006201421e+00
9.940677417e-01
9.871063392e-01
9.791657297e-01
9.712014224e-01
9.557148250e-01
9.391014041e-01
9.210211960e-01
8.844638227e-01
8.862901167e-01
8.726973462e-01
8.623937787e-01
8.536138799e-01
8.252616063e-01
8.147383632e-01
7.998010420e-01
7.869635012e-01
7.708380319e-01
7.577388534e-01
7.438932985e-01
7.348002340e-01
7.240505157e-01
7.154045239e-01
7.074399239e-01
6.968245086e-01
6.882184807e-01
6.737685154e-01
6.597573158e-01
6.503579683e-01
6.363863433e-01
6.291606059e-01
6.203176475e-01
6.158365942e-01
6.117930924e-01
6.074552240e-01
6.012290328e-01
5.931332387e-01
5.791400475e-01
5.682307280e-01
5.540435283e-01
5.236399360e-01
5.303370205e-01
5.098853170e-01
5.060578367e-01
5.050082346e-01
5.024870801e-01
5.018975486e-01
4.943515298e-01
4.860016812e-01
4.708541830e-01
4.581638732e-01
4.456653256e-01
4.419246890e-01
4.371791009e-01
4.339653063e-01
4.335118813e-01
4.304673349e-01
4.266408820e-01
4.171149104e-01
4.074490728e-01
3.977426318e-01
3.881269014e-01
3.835190065e-01
3.777769672e-01
3.797941101e-01
3.776309026e-01
3.755512633e-01
3.701192812e-01
3.477306564e-01
3.395371268e-01
3.300130118e-01
3.249078393e-01
3.205322622e-01
3.171642620e-01
3.166944760e-01
3.137464128e-01
3.100224322e-01
3.016055351e-01
2.976415217e-01
2.884138454e-01
2.819688345e-01
2.775676650e-01
2.770816128e-01
2.757896441e-01
2.779143680e-01
2.611890937e-01
2.563725854e-01
2.658467243e-01
2.412817635e-01
2.347929441e-01
2.412480285e-01
2.209953746e-01
2.207555233e-01
2.193668769e-01
2.203485828e-01
2.218655540e-01
2.210093937e-01
2.142593794e-01
2.108809818e-01
2.022754193e-01
1.970662801e-01
1.905958657e-01
1.891807825e-01
1.901482848e-01
1.888470951e-01
1.894740141e-01
1.888323408e-01
1.875620944e-01
1.829012366e-01
1.775496585e-01
1.748616714e-01
1.720413667e-01
1.519392655e-01
1.522928860e-01
1.651297345e-01
1.632072764e-01
1.449992877e-01
1.583064185e-01
1.399777431e-01
1.369052307e-01
1.317196829e-01
1.331726886e-01
1.328903089e-01
1.290232839e-01
1.273718692e-01
1.262335761e-01
1.267424741e-01
1.202731496e-01
1.177442698e-01
1.123854636e-01
1.123742112e-01
1.067074838e-01
1.049871520e-01
1.010445678e-01
1.027326562e-01
1.037503811e-01
1.028496466e-01
1.023626127e-01
8.288850017e-02
7.992453262e-02
9.381391930e-02
9.017648747e-02
8.891981817e-02
6.915252459e-02
8.633250486e-02
8.365639409e-02
8.349337484e-02
6.585846871e-02
8.094160310e-02
6.246501134e-02
7.596238725e-02
7.019284164e-02
4.924696031e-02
6.303809886e-02
4.646371329e-02
4.603656604e-02
5.024701262e-02
5.439749543e-02
5.149537973e-02
4.676870607e-02
4.403215094e-02
4.038806552e-02
3.956974293e-02
3.561183772e-02
3.432877506e-02
3.384133333e-02
3.593711871e-02
3.713349624e-02
3.504224696e-02
3.559972897e-02
3.414484855e-02
3.101385429e-02
2.906184905e-02
2.936140242e-02
3.162464622e-02
2.971681599e-02
1.494452322e-02
1.236954075e-02
3.013696646e-02
2.759034090e-02
2.579384743e-02
2.215405212e-02
2.185604635e-02
2.109778936e-02
1.969657806e-02
3.613509199e-03
1.665103898e-02
1.309464707e-03
1.542877472e-03
-1.553105748e-03
-3.027384648e-03
-5.855812614e-03
-7.329420073e-03
-6.217854252e-03
-5.476753897e-03
-9.413220514e-03
-8.153192110e-03
-1.006913013e-02
-1.046798943e-02
-1.130375944e-02
-1.444997937e-02
-1.261454965e-02
-1.528785085e-02
-1.462349460e-02
-1.550127406e-02
-1.499963216e-01
-1.591820390e-02
-1.872410071e-02
-1.790003110e-02
-1.988870223e-02
-1.957529296e-02
-2.145200177e-02
-2.081836510e-02
-2.269330884e-02
-3.834747107e-02
-3.782149086e-02
-2.502519139e-02
-2.590093453e-02
-2.591317849e-02
-2.904350077e-02
-3.054025353e-02
-1.813552132e-01
-2.967404523e-02
-3.220713282e-02
-3.084918264e-02
-3.372585417e-02
-3.325457318e-02
-3.479221053e-02
-3.481128076e-02
-3.546686619e-02
-3.309043260e-02
-5.033016922e-02
-5.166841656e-02
-5.130639773e-02
-5.193168090e-02
-5.701956782e-02
-5.487514872e-02
-4.031506661e-02
-4.173222605e-02
-4.318379108e-02
-4.269247546e-02
-4.606354559e-02
-6.082840581e-02
-6.252654335e-02
-6.163445539e-02
-6.576797161e-02
-6.264057972e-02
-6.089431047e-02
-6.246712368e-02
-6.054948221e-02
-6.198805745e-02
-6.359099047e-02
-6.630741866e-02
-6.908188726e-02
-7.007812596e-02
-7.025478309e-02
-6.808034599e-02
-6.857198578e-02
-6.934623083e-02
-7.091696021e-02
-6.874969908e-02
-6.975026156e-02
-6.989340230e-02
-7.251268468e-02
-7.360783943e-02
-7.079893538e-02
-7.066634411e-02
-7.084549369e-02
-6.741872546e-02
-1.671559495e-01
-6.916518341e-02
-7.107941744e-02
-7.017931996e-02
-7.221603428e-02
-7.066580924e-02
-7.410869966e-02
-7.296683727e-02
-7.466656586e-02
-7.363585098e-02
-7.428353225e-02
-7.244193766e-02
-8.745847775e-02
-8.770385454e-02
-8.678911162e-02
-8.839288822e-02
-9.015609527e-02
-8.995304125e-02
-9.259484581e-02
-9.012902449e-02
-9.115840300e-02
-8.961482232e-02
-9.187591903e-02
-8.931304693e-02
-9.172547769e-02
-9.312561870e-02
-9.270121966e-02
-9.594713867e-02
-9.395457329e-02
-9.486957279e-02
-9.647285335e-02
-9.560756112e-02
-9.832127856e-02
-9.539703382e-02
-9.851295609e-02
-9.641431336e-02
-9.942463885e-02
-9.710333889e-02
-9.910878681e-02
-9.837039285e-02
-9.850147779e-02
-9.986021726e-02
-9.975925756e-02
-1.038630159e-01
-1.026880808e-01
-1.051931630e-01
-1.061048442e-01
-1.020830027e-01
-1.034900778e-01
-1.027870563e-01
-1.053039809e-01
-1.049936196e-01
-1.072099557e-01
-1.045046849e-01
-1.059775647e-01
-1.042475732e-01
-1.042765394e-01
-1.001813026e-01
-1.163285181e-01
-1.194481916e-01
-1.038918583e-01
-1.052040337e-01
-1.034489434e-01
-1.049506355e-01
-1.215184092e-01
-1.206717265e-01
-1.201371275e-01
-1.176392133e-01
-1.183747325e-01
-1.189154334e-01
-1.057206827e-01
-1.207472656e-01
-1.231200567e-01
-1.210311551e-01
-1.221881780e-01
-1.224359058e-01
-1.212017508e-01
-1.212487922e-01
-1.193791350e-01
-1.197067640e-01
-1.216718575e-01
-1.206080740e-01
-1.219674659e-01
-1.211759317e-01
-1.211179803e-01
-1.189886457e-01
-1.210396257e-01
-1.180024371e-01
-1.211139703e-01
-1.207302858e-01
-1.209730987e-01
-1.213475420e-01
-1.223676909e-01
-1.258791155e-01
-2.445978588e-01
-1.238259144e-01
-1.241405596e-01
-1.218827894e-01
-1.220185877e-01
-1.369283464e-01
-1.220277305e-01
-1.213197336e-01
-1.244401520e-01
-2.482161009e-01
-1.297948359e-01
-1.234764319e-01
-1.230143176e-01
-1.264913997e-01
-1.279404676e-01
-1.281935154e-01
-1.271365958e-01
-1.264812892e-01
-1.281657438e-01
-1.281190579e-01
-1.285109150e-01
-1.270369301e-01
-1.278045515e-01
-1.274419652e-01
-1.290044000e-01
-1.285540094e-01
-1.447926392e-01
-1.267367208e-01
-1.266010018e-01
-1.273830972e-01
-1.273814095e-01
-1.292444278e-01
-1.268679046e-01
-1.422246448e-01
-1.431078620e-01
-1.415252308e-01
-1.445233422e-01
-1.423120614e-01
-1.277431242e-01
-1.428329497e-01
-1.448543824e-01
-1.401069432e-01
-2.312671512e-01
-1.396102297e-01
-1.388875200e-01
-1.418640239e-01
-1.405474517e-01
-1.414213298e-01
-1.427110564e-01
-1.421121207e-01
-1.446714371e-01
-1.417856321e-01
-1.454804926e-01
-1.417105252e-01
-1.446965995e-01
-1.437908858e-01
-1.457214851e-01
-1.469235540e-01
-1.493723506e-01
-1.473686230e-01
-1.454554847e-01
-1.453369169e-01
-1.448367376e-01
-1.455250806e-01
-1.443070850e-01
-1.432415676e-01
-1.431653214e-01
-1.440147222e-01
-1.478151793e-01
-1.447922129e-01
-1.427962526e-01
-1.418947612e-01
-1.424223031e-01
-1.415431449e-01
-1.438670096e-01
-1.451822889e-01
-1.468367820e-01
-1.464041576e-01
-1.441181763e-01
-1.455881645e-01
-1.458932778e-01
-1.451714226e-01
-1.450207532e-01
-1.434158446e-01
-1.451370938e-01
-1.466903532e-01
-1.487881242e-01
-1.476809546e-01
-1.483842246e-01
-1.451823644e-01
-1.493603809e-01
-1.469564657e-01
-1.473434462e-01
-1.471616367e-01
-1.464751460e-01
-1.488379596e-01
-1.479428541e-01
-1.490185748e-01
-1.485484591e-01
-1.459798055e-01
-1.494786137e-01
-1.498382644e-01
-1.527049602e-01
-1.499002558e-01
-1.529739422e-01
-1.501757394e-01
-1.690604071e-01
-1.675030063e-01
-1.509919309e-01
-1.528881009e-01
-1.528006512e-01
-1.529422922e-01
-1.532016783e-01
-1.693353691e-01
-1.692354683e-01
-1.677475312e-01
-1.702198214e-01
-1.699906496e-01
-1.696857872e-01
-1.660399522e-01
-1.659873729e-01
-1.645469454e-01
-1.690776288e-01
-1.683720136e-01
-1.687131176e-01
-1.695738860e-01
-1.681488498e-01
-1.681275133e-01
-1.686418319e-01
-1.709239760e-01
-1.708428899e-01
-1.520436236e-01
-1.546468751e-01
-1.532998493e-01
-1.714133123e-01
-1.697718419e-01
-1.706428113e-01
-1.687724249e-01
-1.715257690e-01
-1.545104441e-01
-1.523467408e-01
-1.539220394e-01
-1.688017266e-01
-1.695640709e-01
-1.701211726e-01
-1.713245583e-01
-1.704206738e-01
-1.675170757e-01
-1.710585552e-01
-1.702012942e-01
-1.711041043e-01
-1.693538678e-01
-1.721232263e-01
-1.687362534e-01
-1.711156682e-01
-1.700245404e-01
-1.712947580e-01
-1.709980074e-01
-1.707509951e-01
-1.706451613e-01
-1.719963615e-01
-1.712674453e-01
-1.739614268e-01
-1.723594104e-01
-1.743414602e-01
-1.733077419e-01
-1.709778683e-01
-1.712449123e-01
-1.748071672e-01
-1.720911756e-01
-1.729778092e-01
-1.699255201e-01
-1.713934615e-01
-1.735953902e-01
-1.708445157e-01
-1.696669602e-01
-1.688560612e-01
-2.424892039e-01
-1.694915634e-01
-1.696602005e-01
-1.699302704e-01
-1.697779264e-01
-1.732858621e-01
-1.710119529e-01
-1.715875402e-01
-1.694820840e-01
-1.721190047e-01
-1.732049096e-01
-1.737306569e-01
-1.770011127e-01
-1.779499020e-01
-1.763173604e-01
-1.739050877e-01
-1.728523078e-01
-1.717765811e-01
-1.702969774e-01
-1.733974017e-01
-1.720096040e-01
-1.725755824e-01
-1.723642251e-01
-1.722569381e-01
-1.693662038e-01
-1.721107340e-01
-1.882016334e-01
-1.895907737e-01
-1.720798781e-01
-1.865778553e-01
-1.686447365e-01
-1.699821427e-01
-1.689743883e-01
-1.719509068e-01
-1.709187728e-01
-1.897289852e-01
-1.704845131e-01
-1.743865931e-01
-1.717391553e-01
-1.724808676e-01
-1.733700499e-01
-1.717126066e-01
-1.694910568e-01
-1.720162978e-01
-1.710949515e-01
-1.722770952e-01
-1.896279161e-01
-1.909923287e-01
-1.716453691e-01
-1.727592678e-01
-1.700955964e-01
-1.896198794e-01
-1.826395063e-01
-1.879466596e-01
-1.874005674e-01
-1.882965461e-01
-1.854688237e-01
-1.871330566e-01
-1.868768678e-01
-1.873382697e-01
-1.871503585e-01
-2.631049622e-01
-1.869473243e-01
-1.871431228e-01
-1.842759774e-01
-1.847937581e-01
-1.823067520e-01
-1.806471823e-01
