-7.314187877e-02
-1.153689959e-01
-8.894328510e-02
-8.347949355e-02
-1.042009936e-01
-5.408124832e-02
-5.669953576e-02
-6.575533772e-02
-5.921259023e-02
-5.353473615e-02
-4.939130113e-02
-1.001435566e-01
-9.399531500e-02
-9.575846571e-02
-5.794610004e-02
-5.985938993e-02
-5.751063326e-02
-9.673827285e-02
-1.052752164e-01
-8.795838289e-02
-6.432238891e-02
-8.533338746e-02
-5.142879713e-02
-6.495477035e-02
-8.714866616e-02
-8.287578692e-02
-1.048587855e-01
-7.886807612e-02
-5.505266525e-02
-1.067789781e-01
-1.109715926e-01
-1.072315730e-01
-5.354066959e-02
-8.382110904e-02
-9.082788589e-02
-7.454012362e-02
-6.480688220e-02
-7.263055134e-02
-7.811714586e-02
-1.260226573e-01
-9.670815787e-02
-9.254174165e-02
-1.194181428e-01
-9.730092291e-02
-1.038732859e-01
-6.870639716e-02
-1.081461948e-01
-8.578738399e-02
-8.630080072e-02
-7.393283580e-02
-1.232663010e-01
-9.622198897e-02
-2.833837289e-01
-8.971092316e-02
-9.955152207e-02
-1.025977519e-01
-6.476122784e-02
-6.780121953e-02
-1.108488409e-01
-1.198720073e-01
-1.084603457e-01
-1.289479398e-01
-9.475802522e-02
-1.265414012e-01
-8.359436988e-02
-1.230747488e-01
-1.203446392e-01
-9.513078218e-02
-1.135637434e-01
-8.633273874e-02
-8.359738005e-02
-1.076331148e-01
-9.924183360e-02
-1.108955548e-01
-7.503169676e-02
-8.538764106e-02
-8.563984021e-02
-8.680397228e-02
-8.521601036e-02
-1.256376758e-01
-8.021422488e-02
-1.212300164e-01
-1.212072266e-01
-1.273144743e-01
-9.187277050e-02
-9.430294498e-02
-1.299229259e-01
-6.755830836e-02
-1.094647052e-01
-1.035433458e-01
-1.258104200e-01
-1.346330311e-01
-9.663786100e-02
-1.091559948e-01
-6.807358774e-02
-1.174132285e-01
-1.053428992e-01
-1.197865176e-01
-8.288557550e-02
-1.124575440e-01
-1.041654337e-01
-8.296096525e-02
-1.188721951e-01
-1.097848985e-01
-6.704183415e-02
-1.061363251e-01
-9.649334389e-02
-1.057153228e-01
-9.262439829e-02
-8.737818556e-02
-9.358301426e-02
-9.592687390e-02
-7.824896983e-02
-1.128927952e-01
-1.072637453e-01
-1.020097904e-01
-1.001577779e-01
-8.783618686e-02
-1.004684378e-01
-1.200262415e-01
-8.227490893e-02
-1.091208409e-01
-1.094578256e-01
-9.670158191e-02
-1.077358304e-01
-8.705498980e-02
-8.103451134e-02
-8.495930584e-02
-8.334275934e-02
-1.109939191e-01
-1.228757933e-01
-1.174518349e-01
-1.062835751e-01
-1.020217739e-01
-1.007877631e-01
-1.103356806e-01
-9.256352582e-02
-1.042665552e-01
-8.582131230e-02
-9.326252502e-02
-9.852525522e-02
-1.313723250e-01
-1.192366597e-01
-1.173110849e-01
-1.051837152e-01
-8.199838852e-02
-7.691385288e-02
-9.843745509e-02
-1.059085374e-01
-1.126461081e-01
-1.203241170e-01
-1.390466317e-01
-1.153904335e-01
-1.203390205e-01
-1.203710223e-01
-1.018769312e-01
-8.358510390e-02
-1.143774803e-01
-1.066871138e-01
-1.065292280e-01
-1.209052880e-01
-9.816319561e-02
-1.331307173e-01
-1.256930000e-01
-1.052743737e-01
-1.132404783e-01
-1.207736016e-01
-1.264481858e-01
-1.207131835e-01
-9.398480029e-02
-1.077416253e-01
-1.125795673e-01
-9.431626193e-02
-1.236383495e-01
-1.366628729e-01
-1.115028184e-01
-1.131167695e-01
-1.057112916e-01
-1.045484567e-01
-1.220339141e-01
-1.187373059e-01
-1.361862330e-01
-1.536112063e-01
-1.275862429e-01
-1.123771868e-01
-1.302198882e-01
-1.359844752e-01
-1.073081312e-01
-1.445256524e-01
-1.448384611e-01
-1.277023196e-01
-1.349983187e-01
-1.287091677e-01
-1.307049602e-01
-1.334771649e-01
-8.816659120e-02
-9.812732104e-02
-1.581634004e-01
-1.228954595e-01
-1.385246554e-01
-1.455952180e-01
-1.335528693e-01
-1.531993445e-01
-1.478366216e-01
-1.275558441e-01
-1.394194525e-01
-1.458914421e-01
-1.540113442e-01
-1.189106276e-01
-1.169689237e-01
-1.196627208e-01
-1.190365116e-01
-9.953274147e-02
-1.452318118e-01
-1.444155664e-01
-1.432266290e-01
-1.138232534e-01
-1.334869326e-01
-1.306289642e-01
-1.486429090e-01
-1.136966962e-01
-1.152933916e-01
-1.437187863e-01
-1.504378327e-01
-1.662746845e-01
-1.330892889e-01
-1.578051498e-01
-1.280327349e-01
-1.394502122e-01
-1.498545889e-01
-1.792349557e-01
-1.833198166e-01
-1.237056241e-01
-1.802972192e-01
-1.655300013e-01
-1.947927049e-01
-1.739681250e-01
-1.422893285e-01
-1.658330610e-01
-1.548085515e-01
-1.664964276e-01
-1.459008038e-01
-1.498117027e-01
-1.087566667e-01
-1.608075483e-01
-1.628176810e-01
-1.498103208e-01
-1.189593021e-01
-1.332449489e-01
-1.871967332e-01
-1.691958127e-01
-3.824827034e-02
8.049229054e-01
3.323016375e+00
7.225834340e+00
1.155590139e+01
1.562427716e+01
1.848481015e+01
2.042496684e+01
2.106000000e+01
2.086765154e+01
2.021749678e+01
1.933908751e+01
1.864040854e+01
1.753256579e+01
1.673409569e+01
1.611428956e+01
1.563021313e+01
1.490877720e+01
1.450582823e+01
1.402165191e+01
1.368150618e+01
1.332380381e+01
1.328600595e+01
1.296145325e+01
1.254380955e+01
1.234726287e+01
1.194969335e+01
1.169061686e+01
1.133570876e+01
1.098080212e+01
1.065063263e+01
1.043262585e+01
1.028175495e+01
9.888845846e+00
9.668603739e+00
9.419404047e+00
9.218971849e+00
9.011668731e+00
8.803201680e+00
8.628678996e+00
8.256700573e+00
8.123366716e+00
7.894714045e+00
7.678119726e+00
7.490773703e+00
7.295199326e+00
7.114856999e+00
6.992684215e+00
6.904838019e+00
6.714405006e+00
6.564022051e+00
6.379161258e+00
6.232303891e+00
5.952616881e+00
5.906263680e+00
5.806631664e+00
5.680085452e+00
5.568557447e+00
5.285141500e+00
5.169090630e+00
5.049613035e+00
4.959949054e+00
4.865615267e+00
4.690237633e+00
4.633021650e+00
4.517405059e+00
4.350103885e+00
4.201968351e+00
4.112756273e+00
4.089055642e+00
4.004066330e+00
3.818851487e+00
3.776876468e+00
3.669207816e+00
3.638594559e+00
3.454461738e+00
3.345593044e+00
3.333556222e+00
3.234777542e+00
3.132354857e+00
3.088043436e+00
3.016020913e+00
2.941725815e+00
2.986467069e+00
2.835333128e+00
2.901513517e+00
2.733981563e+00
2.737968809e+00
2.631768030e+00
2.506352248e+00
2.405955309e+00
2.364253168e+00
2.315462164e+00
2.326664424e+00
2.235301502e+00
2.201188482e+00
2.092903454e+00
2.025543003e+00
2.002740655e+00
1.920751444e+00
1.874868830e+00
1.900237394e+00
1.789944553e+00
1.765081003e+00
1.227005521e+00
1.733729508e+00
1.678553407e+00
1.641169171e+00
1.604550356e+00
1.030467061e+00
1.480606368e+00
1.438675115e+00
1.492330759e+00
1.031392533e+00
1.347517928e+00
1.399337803e+00
1.371110381e+00
1.235904027e+00
1.287997124e+00
1.220266332e+00
1.184563118e+00
1.225072982e+00
1.195339312e+00
1.112413175e+00
1.121736730e+00
1.095311057e+00
1.043924220e+00
1.047714750e+00
9.645546000e-01
9.658668073e-01
9.621584451e-01
9.734400178e-01
9.315567441e-01
9.296839255e-01
9.263837119e-01
7.978302373e-01
7.766796473e-01
8.288930708e-01
8.366218820e-01
8.059181727e-01
7.457960282e-01
6.500784947e-01
7.234757841e-01
7.042689005e-01
6.974110229e-01
6.196679861e-01
6.709087198e-01
6.386131252e-01
5.855392927e-01
5.751896868e-01
5.890572645e-01
5.618577995e-01
5.494026660e-01
5.520655846e-01
5.300058210e-01
5.447424377e-01
5.853445477e-01
5.657417982e-01
4.778905363e-01
4.574088448e-01
5.229102153e-01
4.408438118e-01
5.114193331e-01
4.805368890e-01
4.673931137e-01
4.562476778e-01
4.536334468e-01
4.416664439e-01
4.507755698e-01
4.522226288e-01
4.029039702e-01
3.944734170e-01
4.032652002e-01
4.188633690e-01
3.602877052e-01
3.517034272e-01
3.527596847e-01
4.039607437e-01
3.066721915e-01
3.040678944e-01
2.808585303e-01
2.896199125e-01
2.972387763e-01
3.229189291e-01
3.722209591e-01
3.546505182e-01
2.954918295e-01
3.053097970e-01
2.660033659e-01
2.639734371e-01
2.542188384e-01
-5.851694007e-02
2.840892897e-01
2.343225845e-01
2.993659219e-01
2.148689621e-01
2.467273042e-01
1.871059911e-01
2.597990080e-01
2.324051689e-01
2.334756939e-01
2.349829278e-01
2.283845383e-01
2.309048277e-01
2.225051729e-01
2.173301207e-01
2.369102564e-01
1.846148749e-01
1.911300159e-01
2.023008105e-01
-2.514283173e-01
1.989541416e-01
2.478349217e-01
2.381229001e-01
2.396394022e-01
2.282400993e-01
1.819033929e-01
1.697026337e-01
2.220810570e-01
2.184351560e-01
2.012139176e-01
1.543156889e-01
1.542201312e-01
1.796623359e-01
1.504006764e-01
1.790159158e-01
1.275091786e-01
1.381838540e-01
1.736912987e-01
1.606019651e-01
1.871609984e-01
1.630699528e-01
1.439196353e-01
1.515170593e-01
1.356865645e-01
1.592788592e-01
1.228136457e-01
1.551917219e-01
7.094667853e-02
6.367791396e-02
1.001609278e-01
1.504013706e-01
1.150255441e-01
9.876395148e-02
9.924436848e-02
1.123346197e-01
9.218365930e-02
1.129977311e-01
8.660384061e-02
1.098978758e-01
5.933337579e-02
7.979025860e-02
1.017169022e-01
-2.630915509e-01
1.068279287e-01
1.181907574e-01
4.287996686e-02
2.975417667e-02
1.182064684e-01
1.127004277e-01
9.245528817e-02
9.704959403e-02
7.394256056e-02
6.359239457e-02
5.620293576e-02
1.053551193e-01
4.481738548e-02
1.191781516e-01
5.767343037e-02
7.316858969e-02
9.207339726e-02
3.863813008e-02
8.935163498e-02
6.818883264e-02
6.285482087e-02
7.833433850e-02
1.023942316e-01
7.985820103e-02
1.178084726e-01
7.986708413e-02
4.543499108e-02
4.368123947e-02
-3.618845656e-03
1.655851537e-02
4.485250751e-02
7.805672668e-02
3.717459981e-02
7.970786161e-02
6.264971075e-02
9.845464589e-02
1.079575879e-01
9.970843415e-02
-2.647105355e-01
4.964694504e-02
4.995360463e-02
4.104924450e-02
4.293613153e-02
5.893991946e-02
4.475796749e-02
4.705824557e-02
2.049804721e-02
3.540748724e-02
1.755385309e-02
4.613252260e-02
3.309359185e-02
5.942176783e-02
4.415364914e-02
1.845190905e-02
1.988918388e-02
4.237994741e-02
4.823195167e-02
1.256249101e-02
3.681733712e-03
2.464174408e-02
-1.976895724e-02
-1.669868995e-02
1.929388176e-02
4.909260817e-02
2.303632181e-02
5.156580970e-02
6.747053133e-02
1.918869060e-02
5.285262849e-02
4.425256250e-02
5.292488924e-02
5.501617675e-02
3.875081148e-02
-2.367380272e-02
5.441011677e-03
3.018666518e-02
2.884594265e-02
-2.892104745e-02
-7.163966178e-03
-1.201789211e-02
-1.884598920e-02
-1.827604033e-02
3.260982691e-02
2.939231069e-02
3.489067747e-02
3.051473377e-02
-6.492473349e-03
-1.794178305e-02
1.180247191e-02
1.286492029e-03
4.621945467e-02
5.298754295e-02
3.277707988e-02
-1.606868277e-02
-3.485584039e-02
-2.803908416e-01
4.939844260e-02
1.111239432e-02
-3.861101098e-03
3.688149042e-03
2.308987898e-02
3.900096974e-03
2.355432642e-02
5.303292445e-02
6.763644314e-02
4.980916564e-02
1.676079795e-02
5.692878561e-03
1.933030974e-02
-1.665503468e-02
-1.705616058e-02
-1.153150316e-02
-2.725272722e-02
-4.392759210e-02
-3.696704282e-02
1.523500895e-02
1.498961020e-02
2.584333503e-02
2.184105707e-03
2.179904002e-02
2.186914546e-03
3.547486746e-02
2.294981993e-02
2.374644415e-02
-1.994526461e-01
2.345604898e-02
-2.685822679e-02
-4.825944595e-02
-9.081070499e-03
6.667551012e-03
-1.704374690e-02
-1.865890845e-01
1.644065528e-02
1.357533748e-03
-4.737469703e-03
3.281663796e-02
4.335095066e-03
1.263760791e-02
5.565855910e-03
-3.245526378e-02
-4.799726678e-02
-3.919924645e-02
-3.359225585e-03
-1.261327675e-02
3.178408231e-02
2.151195868e-02
4.459514618e-03
-3.119204562e-02
-2.337424499e-03
-4.588742751e-02
-5.029087098e-02
-6.068484077e-02
4.710666365e-03
-7.183051537e-03
-1.670962934e-02
1.788580872e-02
-3.564562900e-02
-2.157756756e-02
-4.116812999e-02
-5.630392412e-02
-2.522577234e-02
-6.568670656e-03
-8.868868419e-03
-6.757296317e-03
-2.741732208e-03
8.499711349e-03
-5.077250922e-02
-4.455852345e-02
-6.957423253e-02
-8.607266538e-02
-5.025263975e-03
-1.290901674e-02
-2.069870037e-02
-7.185983599e-03
-7.711127143e-02
-5.721193700e-02
-4.809362986e-03
3.616149039e-03
-8.356604715e-03
1.810068982e-02
-4.892238463e-02
-3.280833357e-03
-4.383341515e-03
5.424914491e-03
-3.636996276e-02
-4.337325413e-02
-4.055548525e-02
-1.162725782e-02
-1.649842625e-02
-2.017592635e-02
-8.598282546e-03
-4.840321051e-02
-3.932167572e-02
-4.380890465e-02
-4.976519131e-02
-5.352237968e-02
-2.183411034e-02
2.295460254e-03
-6.891770697e-03
-1.516633048e-03
-2.199307101e-02
-2.431393624e-02
4.369164197e-03
-3.555537649e-02
-4.585779333e-02
-4.256380585e-02
-2.944773052e-02
-1.223494282e-02
-1.717015893e-02
-7.671080895e-03
-3.803067943e-02
-3.523210922e-03
-1.580781066e-02
-3.817662900e-02
-6.599811026e-03
-3.648353863e-02
-5.821970049e-02
-3.816047461e-02
-5.922789857e-02
-5.795676218e-02
-1.982201491e-02
-5.854141206e-02
-3.538709483e-02
-3.581651926e-02
-8.234133636e-02
-9.011340232e-02
-6.871671714e-02
-1.515391350e-02
-3.114118506e-02
-3.897987209e-02
-3.672398202e-02
-7.531751285e-02
-7.162243798e-02
3.315483399e-03
-5.718327870e-02
-1.277526740e-02
-5.244825697e-02
-5.289654341e-02
-6.492816175e-02
-5.659831196e-02
-6.548155463e-02
-4.433462063e-02
-7.807651617e-02
-6.830530867e-02
-6.184816419e-02
-5.617491339e-02
-2.795000900e-02
-7.051437046e-02
-6.791314949e-02
-2.983132676e-02
-4.884369865e-02
-6.473066948e-02
-7.212493401e-02
-5.037988575e-02
-4.801637855e-02
-1.026650849e-01
-8.855983739e-02
-7.984902417e-02
-7.734501564e-02
-4.244393347e-02
-6.360477414e-02
-4.947944673e-02
-1.134826072e-01
-5.522216044e-02
-6.490410233e-02
-8.135359781e-02
-6.618517472e-02
-9.589017196e-02
-6.086699609e-02
-7.775595432e-02
-4.561364113e-02
-7.217963540e-02
-7.078158088e-02
-7.991089343e-02
-1.017153553e-01
-6.344561873e-02
-7.122736984e-02
-7.589702915e-02
-6.343331177e-02
-4.098277746e-01
-3.985556737e-02
-4.136391803e-02
-1.123443070e-01
-9.198759731e-02
-6.217978646e-02
-7.224745020e-02
-9.730999305e-02
-8.674635753e-02
-5.835791449e-02
-7.940718167e-02
-7.154491272e-02
-7.426952674e-02
-7.290790241e-02
-7.127229146e-02
-1.017231140e-01
-7.316798787e-02
-6.696989026e-02
-5.934964461e-02
-3.359515161e-02
-3.847143052e-02
-6.680289804e-02
-5.163838621e-02
-9.997630580e-02
-1.031999645e-01
-5.816554701e-02
-6.343040942e-02
-7.320185346e-02
-5.895733030e-02
-1.128220516e-01
-7.130111918e-02
-4.560341687e-02
-4.218002368e-02
-6.839618829e-02
-5.520431172e-02
-6.619437689e-02
-5.691416931e-02
-1.096631249e-01
-5.966288346e-02
-5.233067193e-02
-7.661958387e-02
-7.016566521e-02
-8.668610778e-02
-4.078061261e-02
-1.118742452e-01
-1.248103194e-01
-9.960254435e-02
-1.162023693e-01
-7.338524652e-02
-5.795223922e-02
-4.547140696e-02
-9.126699327e-02
-4.636469131e-02
-7.801261152e-02
-5.892440979e-02
-3.994635237e-02
-7.739084052e-02
-8.954833399e-03
-8.451574261e-02
-7.353288603e-02
-6.806432397e-02
-5.130735585e-02
-8.250462307e-02
-4.098299970e-02
-7.950663523e-02
-6.334745241e-02
-7.703153474e-02
-1.033095345e-01
-1.016369521e-01
-8.025128659e-02
-9.266310811e-02
-1.165191542e-01
-9.105259187e-02
-1.027607647e-01
-9.885044566e-02
-1.013330221e-01
-8.940650360e-02
-1.207531002e-01
-1.030785210e-01
-9.581831389e-02
-5.624796740e-02
-9.829083108e-02
-1.053749539e-01
-1.281601712e-01
-9.733612856e-02
-6.602923853e-02
-5.523123498e-02
-5.145196427e-02
-8.982356715e-02
-7.718699124e-02
-7.497289488e-02
-6.625682046e-02
-7.587726716e-02
-7.777638853e-02
-7.714624603e-02
-8.255054917e-02
-1.007865341e-01
-9.752738262e-02
-8.887151834e-02
-2.237330061e-02
-2.297406858e-02
-1.118079762e-01
-7.325097348e-02
-5.630687159e-02
-4.433146963e-02
-7.879732485e-02
-2.306215476e-02
-1.267421303e-02
-7.490929499e-02
-2.925448617e-02
-1.488525080e-02
-8.290717484e-02
-5.174559406e-02
-8.392664018e-02
-9.903348335e-02
-9.801283859e-02
-7.564485090e-02
-3.649222589e-02
-7.193446880e-02
-4.977403920e-02
-1.183035466e-01
-6.281958112e-02
-6.073116735e-02
-4.511941758e-02
-4.430132825e-02
-8.113203183e-02
-7.003400077e-02
-2.973509406e-01
-4.315229657e-02
-9.244000624e-02
-7.247463385e-02
-4.286202022e-02
-8.691936460e-02
-6.989333000e-02
-4.596951975e-02
-4.138383625e-02
-1.586275299e-02
-5.694031582e-02
-5.636405835e-02
-6.760623685e-02
-2.043511734e-02
-4.534173390e-02
-1.160139318e-01
-1.138886797e-01
-1.059656032e-01
-9.343363093e-02
-5.425537430e-02
-1.004157707e-01
-7.631212222e-02
-8.455530619e-02
-7.663579987e-02
-6.520859341e-02
-1.072360068e-01
-8.781855378e-02
-1.112136874e-01
-1.301993131e-01
-4.703531167e-02
-4.091282275e-02
-3.861188565e-02
-5.392885811e-02
-8.698411201e-02
-9.137388316e-02
-6.465555478e-02
-2.985484817e-02
-7.375469185e-02
-1.019107395e-01
-7.080089068e-02
-9.879392013e-02
-2.037778425e-02
-4.281184621e-02
-8.351623290e-02
-3.174969852e-02
-1.043589267e-01
-7.421455911e-02
-1.211921163e-01
-6.145692699e-02
-8.038435820e-02
-5.198378753e-02
-9.881146959e-02
-2.621628013e-02
-8.970034793e-02
-6.230353819e-02
-5.325939517e-02
-9.526209896e-02
-4.051109614e-01
-7.978596778e-02
-6.096558489e-02
-9.486893638e-02
-8.811495390e-02
-9.359878689e-02
-5.392353199e-02
-6.185059456e-02
-5.816252693e-02
-1.065899740e-01
-8.600956058e-02
-8.763856698e-02
-7.755351001e-02
-1.119741697e-01
-9.067134568e-02
-1.116351969e-01
-1.077279661e-01
-1.047037922e-01
-7.975926786e-02
-4.529165450e-01
-8.104955452e-02
-9.069382299e-02
-7.701100260e-02
-7.718684601e-02
-6.586032315e-02
-7.362812798e-02
-6.541811207e-02
-5.791493326e-02
-7.506345435e-02
-7.647214460e-02
-1.236772364e-01
-1.371681866e-01
-1.560440796e-01
-1.303046286e-01
-6.991913435e-02
-8.364220815e-02
-1.017481834e-01
-5.480325624e-02
-7.636458248e-02
-1.111253657e-01
-1.118497193e-01
-1.101011376e-01
-7.871766518e-02
-5.760447135e-02
-7.885053655e-02
-8.865151246e-02
-7.520744335e-02
-6.788394219e-02
-7.286843785e-02
-8.729947207e-02
-8.460654632e-02
-1.021367196e-01
-1.140887277e-01
-6.544243774e-02
-1.263548593e-01
-1.011105440e-01
