-9.912083947e-02
-1.017626851e-01
-1.041556614e-01
-9.828383914e-02
-9.638513243e-02
-9.416282636e-02
-9.361145489e-02
-9.378333606e-02
-9.249020266e-02
-1.028224588e-01
-9.929832811e-02
-1.052701351e-01
-9.967005473e-02
-1.014318246e-01
-9.989182753e-02
-6.623506940e-02
-6.770376325e-02
-7.129477846e-02
-6.794922556e-02
-7.035261099e-02
-7.318393277e-02
-6.879185992e-02
-6.550730068e-02
-7.214480017e-02
-8.251224856e-02
-7.778306574e-02
-7.846943705e-02
-8.427176477e-02
-8.391568061e-02
-8.858049821e-02
-8.874951256e-02
-9.182901514e-02
-6.077034311e-02
-9.118119877e-02
-9.200714577e-02
-9.831818128e-02
-9.659127605e-02
-9.287787503e-02
-9.491363595e-02
-9.847987692e-02
-6.494965097e-02
-7.453751083e-02
-7.838029757e-02
-7.616515303e-02
-6.970285315e-02
-9.925461953e-02
-9.715741555e-02
-9.979031532e-02
-9.983236580e-02
-7.521718771e-02
-7.271815433e-02
-7.125742782e-02
-8.178521038e-02
-8.641451254e-02
-8.673694747e-02
-8.755206030e-02
-8.966720021e-02
-9.513005144e-02
-8.450328700e-02
-9.073777714e-02
-1.005007547e-01
-9.753489796e-02
-9.771853644e-02
-1.058774019e-01
-1.056310895e-01
-9.838089282e-02
-9.899951295e-02
-1.043241821e-01
-8.314059266e-02
-1.049841609e-01
-1.101440229e-01
-1.092272185e-01
-1.038025813e-01
-9.628418916e-02
-1.054963310e-01
-1.055691528e-01
-1.077032602e-01
-8.084610234e-02
-8.116754660e-02
-8.813261142e-02
-8.787735320e-02
-9.071452596e-02
-8.355756643e-02
-1.143500686e-01
-8.712691995e-02
-8.707061283e-02
-9.263134791e-02
-9.513051190e-02
-9.872796917e-02
-9.421282868e-02
-9.371451010e-02
-8.863440561e-02
-8.906447381e-02
-8.553763566e-02
-9.224145955e-02
-9.003350532e-02
-9.146878903e-02
-9.114234719e-02
-9.101909580e-02
-9.660016432e-02
-9.115725690e-02
-9.669919711e-02
-9.182859231e-02
-8.804647381e-02
-9.252391388e-02
-9.437209803e-02
-9.937744366e-02
-9.645823982e-02
-9.493875555e-02
-9.878353468e-02
-8.716265012e-02
-9.585807696e-02
-9.761244174e-02
-9.331091853e-02
-8.893442616e-02
-9.830778544e-02
-1.019639960e-01
-1.010598279e-01
-9.784487603e-02
-1.037483463e-01
-9.744454977e-02
-9.771034551e-02
-1.029170995e-01
-9.556232898e-02
-1.028279512e-01
-1.028806831e-01
-9.971813108e-02
-9.663666931e-02
-1.001734362e-01
-9.196805953e-02
-1.055951136e-01
-1.087111987e-01
-1.110776806e-01
-9.996726823e-02
-1.056192437e-01
-1.030870060e-01
-1.084320871e-01
-1.043640830e-01
-1.024903077e-01
-1.050643634e-01
-1.080747190e-01
-1.113334591e-01
-1.134915261e-01
-1.159380025e-01
-1.190574082e-01
-1.113340789e-01
-1.159350803e-01
-1.142996169e-01
-1.203759269e-01
-1.131612213e-01
-1.078273196e-01
-1.050687355e-01
-1.081195920e-01
-1.162380120e-01
-1.070942534e-01
-1.078515493e-01
-1.039642991e-01
-1.167381458e-01
-1.188149123e-01
-1.109834849e-01
-1.137303361e-01
-1.214458064e-01
-1.194412973e-01
-1.179045567e-01
-1.155604448e-01
-1.109298232e-01
-1.062639696e-01
-1.104124552e-01
-1.355036360e-01
-1.332822653e-01
-1.276009752e-01
-1.172476329e-01
-1.337887039e-01
-1.113476936e-01
-1.370518516e-01
-1.102367265e-01
-1.045360261e-01
-1.163903744e-01
-1.340347507e-01
-1.299967962e-01
-1.386914216e-01
-1.288725775e-01
-1.080990925e-01
-1.074323950e-01
-1.119216233e-01
-1.139012277e-01
-1.389622271e-01
-1.407505156e-01
-1.098645815e-01
-1.136745713e-01
-1.111951873e-01
-1.141946069e-01
-1.462605931e-01
-1.126281244e-01
-1.476392199e-01
-1.196605486e-01
-1.139515466e-01
-1.226781764e-01
-1.230810596e-01
-1.299222255e-01
-1.270258677e-01
-1.205859025e-01
-1.208536796e-01
-1.230856310e-01
-1.279793918e-01
-1.268995502e-01
-1.214179241e-01
-1.231789301e-01
-1.267740962e-01
-1.224633969e-01
-1.244066069e-01
-1.143636943e-01
-1.344933521e-01
-1.265193360e-01
-1.323802356e-01
-1.324116157e-01
-1.436515444e-01
-1.462693995e-01
-1.468845938e-01
-1.362023679e-01
-1.374903476e-01
-1.425733411e-01
-1.306922727e-01
-1.336026436e-01
-1.276934397e-01
-1.292846721e-01
-1.382707553e-01
-1.250577971e-01
-1.316968019e-01
-1.276174633e-01
-1.352247138e-01
-1.457076897e-01
-1.576036789e-01
-1.680067711e-01
-1.314110602e-01
-1.662951542e-01
-1.273138653e-01
-1.604400768e-01
-1.622258992e-01
-1.682308595e-01
-1.560709452e-01
-1.510400528e-01
-1.443282593e-01
-1.530260881e-01
-1.490355436e-01
-1.401002553e-01
-1.776107649e-01
-1.559754877e-01
-1.472309485e-01
-1.552991824e-01
-1.578808755e-01
-2.054001571e-01
-1.731162279e-01
7.144639815e-01
2.709293526e+00
5.450018628e+00
8.050627408e+00
1.023103855e+01
1.177286786e+01
1.276474939e+01
1.328949329e+01
1.344724136e+01
1.365000000e+01
1.316224890e+01
1.306794128e+01
1.246970079e+01
1.228292211e+01
1.188762855e+01
1.153026082e+01
1.117371300e+01
1.088470343e+01
1.061195352e+01
1.038957854e+01
1.017946984e+01
9.986472507e+00
9.787145580e+00
9.576343515e+00
9.350153371e+00
9.154461224e+00
8.937399465e+00
8.753697854e+00
8.569735577e+00
8.385912347e+00
8.223044730e+00
8.050970342e+00
7.889050450e+00
7.750696472e+00
7.588692627e+00
7.424590836e+00
7.303517690e+00
7.018438471e+00
6.871479798e+00
6.729810113e+00
6.592515197e+00
6.462690211e+00
6.326817541e+00
6.210792342e+00
6.082418443e+00
5.945443139e+00
5.829529470e+00
5.703661886e+00
5.598168086e+00
5.477256344e+00
5.271172768e+00
5.171819344e+00
5.062344241e+00
4.962842838e+00
4.860482511e+00
4.746895683e+00
4.646627453e+00
4.559418425e+00
4.464338497e+00
4.292026189e+00
4.193882174e+00
4.105375713e+00
4.016017720e+00
3.921669327e+00
3.855122830e+00
3.769444168e+00
3.676768096e+00
3.599037005e+00
3.529087881e+00
3.434350107e+00
3.291213278e+00
3.215172782e+00
3.142305259e+00
3.078294342e+00
3.014780818e+00
2.959429188e+00
2.895303523e+00
2.832181975e+00
2.704206433e+00
2.638946890e+00
2.591234522e+00
2.533262918e+00
2.480337524e+00
2.434358197e+00
2.396208919e+00
2.271095671e+00
2.233471766e+00
2.189524780e+00
2.149087164e+00
2.084400430e+00
2.021647676e+00
2.008130073e+00
1.903563485e+00
1.856838414e+00
1.804341858e+00
1.768847816e+00
1.726266548e+00
1.697270948e+00
1.651793544e+00
1.615953856e+00
1.585576900e+00
1.546257306e+00
1.510964662e+00
1.476126780e+00
1.387937430e+00
1.358401496e+00
1.318298174e+00
1.295654017e+00
1.253286283e+00
1.241495677e+00
1.203448376e+00
1.188095517e+00
1.158032293e+00
1.130904149e+00
1.051229272e+00
1.026161399e+00
1.009043848e+00
9.800517965e-01
9.511882765e-01
9.233314265e-01
9.601760466e-01
8.787174640e-01
8.631830186e-01
8.443350668e-01
8.321755288e-01
7.995460596e-01
7.856144734e-01
7.520157690e-01
7.377194682e-01
7.141606934e-01
7.523944889e-01
6.828801113e-01
6.663702455e-01
6.497159890e-01
6.490017398e-01
6.297942215e-01
6.100673938e-01
5.999512631e-01
5.876949902e-01
5.868533587e-01
5.564695597e-01
5.312420630e-01
5.300073154e-01
5.084732781e-01
5.127112485e-01
4.925935074e-01
4.765979325e-01
4.666841577e-01
4.484146628e-01
4.259147065e-01
4.177746270e-01
4.092033526e-01
4.063393003e-01
4.055582307e-01
3.805733162e-01
3.694040331e-01
3.703298874e-01
3.621959401e-01
3.477984801e-01
3.428588346e-01
3.382481967e-01
3.253582889e-01
3.019978332e-01
2.963859800e-01
2.890980386e-01
2.699038185e-01
2.652767655e-01
2.687908037e-01
2.502629867e-01
2.718420918e-01
2.456282896e-01
2.417200152e-01
2.402525721e-01
2.318279951e-01
2.279168295e-01
2.164336212e-01
2.260887530e-01
2.158056070e-01
2.065710818e-01
1.914316895e-01
1.916921257e-01
1.867152557e-01
1.826670913e-01
1.699812683e-01
1.678612227e-01
1.480654959e-01
1.544535240e-01
1.414120728e-01
1.408269813e-01
1.235883771e-01
1.337208144e-01
1.267237574e-01
1.284775399e-01
1.172549250e-01
1.071270193e-01
1.000590532e-01
1.057093638e-01
1.015697311e-01
8.809042369e-02
7.889824119e-02
8.306735244e-02
7.635000244e-02
6.405867461e-02
5.991205521e-02
5.418798852e-02
5.532599010e-02
4.654214326e-02
9.853237636e-02
5.532848280e-02
8.120020296e-02
8.565744464e-02
8.347390602e-02
7.280482324e-02
2.857724694e-02
7.796861691e-02
7.298121385e-02
7.443783383e-02
6.248370452e-02
6.956260447e-02
6.842443907e-02
2.086730210e-02
6.912748446e-02
6.099208713e-02
5.741379443e-02
6.257157994e-02
5.181767895e-02
5.723637220e-02
3.835785492e-02
5.495193238e-02
2.555309513e-03
5.345679510e-02
4.870862702e-02
3.771835345e-02
4.174603166e-02
2.235726803e-02
8.607009050e-03
1.029225564e-02
2.126380298e-02
2.484197835e-02
1.058582528e-02
2.308412911e-02
1.797436459e-02
4.158365640e-03
1.579096766e-02
1.270522226e-02
8.778527163e-03
8.295718220e-03
1.234912482e-02
2.535476389e-03
1.375525987e-02
1.335967550e-03
-1.087741582e-02
-7.728387714e-04
3.136885598e-03
-7.205664581e-03
1.138640475e-02
1.270191711e-02
9.675188473e-03
2.107486917e-03
2.582935091e-03
7.632013653e-03
-6.659139043e-04
-3.776183623e-02
8.721040104e-04
3.771014259e-03
7.875665097e-03
-7.260043514e-03
3.013390697e-03
8.521387247e-03
-7.404668805e-03
-1.315050788e-02
-9.027522636e-03
-2.144343675e-02
-2.341608544e-02
-2.954499004e-02
-3.582855272e-02
-3.183377991e-02
-2.674910622e-02
-3.366600060e-02
-3.837520420e-02
-2.851764352e-02
-3.032833313e-02
-1.046284398e-02
-1.866877187e-02
-3.795059957e-02
-2.971708152e-02
-2.694873030e-02
-3.372814321e-02
-4.983873432e-02
-5.642567362e-02
-3.740710025e-04
-5.433336649e-02
-6.101139338e-02
-1.499166333e-02
-9.452490318e-03
-6.540796460e-02
-1.225614667e-02
-1.265933976e-02
-4.933853182e-02
-6.599110139e-02
-2.325061312e-02
-3.822079185e-02
-3.038233572e-02
-4.497731443e-02
-1.530971500e-02
-2.846157327e-02
-4.966616909e-02
-5.001765969e-02
-4.593382710e-02
-4.596577174e-02
-4.556025420e-02
-4.227952034e-02
-3.423133208e-02
-5.944474705e-02
-6.291914110e-02
-6.826389017e-02
-6.483435807e-02
-6.513175531e-02
-9.384388254e-03
-6.070297380e-02
-1.174424221e-02
-5.435628560e-02
-5.434157513e-02
-6.059867225e-02
-4.216954047e-02
-3.828033107e-02
-5.101886828e-02
-4.520022953e-02
-4.606617153e-02
-3.881482258e-02
-3.231222995e-02
-4.285608446e-02
-4.785870715e-02
-5.561042796e-02
-3.832731824e-02
-4.288939056e-02
-5.154429442e-02
-5.360130306e-02
-5.121382353e-02
-6.448645377e-02
-1.164651332e-02
-5.819253067e-02
-4.465663945e-02
-4.614223097e-02
-4.906642685e-02
-5.782656205e-02
-1.420555303e-02
-1.966062288e-02
-1.776857297e-02
-3.069882004e-02
-2.553970628e-02
-2.528385034e-02
-1.753033861e-02
-6.390680145e-02
-6.142494910e-02
-5.259092948e-02
-6.174306718e-02
-4.509808640e-02
-3.214958461e-02
-3.661808107e-02
-5.652543253e-02
-4.627243358e-02
-3.776174546e-02
-3.898082177e-02
-4.513375016e-02
-3.909618109e-02
-2.869302244e-02
-2.257519330e-02
-2.956897619e-02
-2.058086190e-02
-2.017672243e-02
-3.075331852e-02
-7.472111831e-02
-2.844928687e-02
-2.793717653e-02
-3.930856974e-02
-2.819392904e-02
-5.321876441e-02
-4.034414704e-02
-4.616421366e-02
-4.689319553e-02
-5.743037553e-02
-4.295019162e-02
-4.318051177e-02
-5.322676717e-02
-4.990034119e-02
-3.994819296e-02
-5.009370253e-02
-4.260985841e-02
-1.485519355e-02
-1.417259228e-02
-6.507301304e-02
-5.611881917e-02
-5.172859039e-02
-6.488217540e-02
-5.955256849e-02
-6.921764670e-02
-2.826384196e-02
-2.733790803e-02
-3.643954311e-02
-4.123439064e-02
-7.472776403e-02
-7.588271863e-02
-2.303095668e-02
-2.447720295e-02
-7.066182974e-02
-1.513370515e-02
-3.019749295e-02
-3.136703184e-02
-3.025190952e-02
-4.485573222e-02
-3.739233222e-02
-3.906359668e-02
-5.192918852e-02
-4.369378655e-02
-5.358777695e-02
-4.274438893e-02
-4.252298583e-02
-3.822115712e-02
-4.935826754e-02
-4.310134310e-02
-4.947318852e-02
-5.062033074e-02
-4.365316175e-02
-6.045642011e-02
-4.582680704e-02
-5.474031855e-02
-5.975690346e-02
-5.006695139e-02
-5.341034145e-02
-3.706328035e-02
-5.088526754e-02
-4.711609956e-02
-5.241986962e-02
-5.568815547e-02
-4.913542106e-02
-5.296852480e-02
-4.580273456e-02
-5.069148116e-02
-6.419837206e-02
-5.881239161e-02
-6.190399907e-02
-4.336894969e-02
-4.695552188e-02
-4.718142556e-02
-4.854155415e-02
-4.268323144e-02
-3.583713770e-02
-2.541318737e-02
-2.647132515e-02
-3.484454287e-02
-2.798314980e-02
-6.843998413e-02
-2.376331896e-02
-2.058507358e-02
-3.331669278e-02
-4.544614345e-02
-6.088333812e-02
-6.548216116e-02
-4.363726470e-02
-5.836012599e-02
-4.884349846e-02
-4.988240969e-02
-5.566949343e-02
-4.817668134e-02
-3.672722634e-02
-3.610337177e-02
-3.771582754e-02
-3.919771986e-02
-4.438982316e-02
-4.645475930e-02
-6.965416138e-02
-6.599745047e-02
-6.442146648e-02
-5.710460668e-02
-4.970770155e-02
-5.547982023e-02
-6.961162166e-02
-2.495999861e-02
-3.403607797e-02
-3.128576008e-02
-3.232421085e-02
-7.787652870e-02
-6.494504191e-02
-5.481263783e-02
-6.869690267e-02
-7.270763451e-02
-3.916188343e-02
-4.396080208e-02
-2.974821149e-02
-5.743154883e-02
-4.100415240e-02
-5.644979702e-02
-3.980142032e-02
-3.623906673e-02
-5.359560483e-02
-2.889411867e-02
-4.222529858e-02
-3.808068928e-02
-4.032268458e-02
-4.207435299e-02
-4.589482941e-02
-5.112007057e-02
-5.601980187e-02
-5.046935859e-02
-5.509518735e-02
-4.185387524e-02
-5.420238906e-02
-5.327079232e-02
-5.501537668e-02
-4.658363808e-02
-5.949982775e-02
-3.847767497e-02
-3.041112574e-02
-3.225790858e-02
-5.014895590e-02
-5.687139314e-02
-5.601280195e-02
-3.591384467e-02
-4.067603917e-02
-5.843253826e-02
-5.471834471e-02
-4.737482896e-02
-6.189580814e-02
-6.869091886e-02
-6.152353250e-02
-5.593705575e-02
-6.673023780e-02
-7.587568550e-02
-7.671433287e-02
-6.250220939e-02
-5.557793874e-02
-6.859765071e-02
-6.996218027e-02
-7.949450339e-02
-2.493633346e-02
-7.652966610e-02
-6.212089716e-02
-5.939995372e-02
-6.763279215e-02
-6.298453573e-02
-6.616681459e-02
-6.678474070e-02
-7.872344227e-02
-6.818426767e-02
-7.909233085e-02
-2.717180700e-02
-3.359441850e-02
-2.440172904e-02
-3.885575289e-02
-8.199294127e-02
-4.120471954e-02
-4.963221215e-02
-5.733379116e-02
-5.937312731e-02
-4.887514424e-02
-5.719519395e-02
-6.109852276e-02
-4.937579170e-02
-4.694648529e-02
-6.138844854e-02
-4.568985245e-02
-4.225899873e-02
-4.186518316e-02
-4.640800900e-02
-5.510930896e-02
-3.546464733e-02
-3.528480767e-02
-2.911303129e-02
-7.987578905e-02
-3.751795677e-02
-3.534234786e-02
-2.807356883e-02
-2.307617947e-02
-2.653957554e-02
-2.417571910e-02
-2.282110722e-02
-1.648212956e-02
-2.239033947e-02
-7.308468303e-02
-6.161016599e-02
-6.243209501e-02
-2.580721325e-02
-1.550906014e-02
-1.649413038e-02
-6.049323946e-02
-6.761187428e-02
-2.000009716e-02
-1.895949904e-02
-2.468526590e-02
-3.805701749e-02
-4.143448846e-02
-3.694349130e-02
-7.653037783e-02
-3.697058778e-02
-3.049267421e-02
-2.725345510e-02
-4.590633214e-02
-3.920758219e-02
-3.917197820e-02
-3.921879934e-02
-3.609273462e-02
-3.424096196e-02
-1.816977588e-02
-2.518285173e-02
-2.989070049e-02
-3.342990031e-02
-4.380724424e-02
-4.142596104e-02
-7.759981024e-02
-2.826552885e-02
-7.308236964e-02
-7.282504377e-02
-7.677668800e-02
-2.792390722e-02
-3.497364303e-02
-4.045766671e-02
-3.301094079e-02
-4.716237390e-02
-3.507635731e-02
-3.183113446e-02
-4.388844073e-02
-7.693273190e-02
-8.379552850e-02
-2.634562313e-02
-3.238206318e-02
-4.668583434e-02
-4.996267640e-02
-6.579344092e-02
-7.214489757e-02
-5.681903758e-02
-5.834510117e-02
-5.986666195e-02
-4.420436054e-02
-5.229082923e-02
-5.326833504e-02
-7.487889337e-02
-7.121052698e-02
-6.562554896e-02
-7.828670179e-02
-3.627726082e-02
-3.544425855e-02
-2.410040901e-02
-6.839962498e-02
-6.691488354e-02
-6.349215213e-02
-6.581721676e-02
-2.049207552e-02
-7.210830403e-02
-7.140192249e-02
-1.855045940e-02
-6.756060347e-02
-7.450012697e-02
-6.377865764e-02
-6.053710743e-02
-5.803037679e-02
-5.456608414e-02
-4.422534040e-02
-6.081258175e-02
-4.933755112e-02
-3.545536944e-02
-4.130614542e-02
-4.253770736e-02
-5.397915296e-02
-7.788908075e-02
-7.528542039e-02
-6.465928022e-02
-6.472591899e-02
-3.356087553e-02
-3.379287371e-02
-2.823919833e-02
-3.129912237e-02
-3.997031733e-02
-4.260882015e-02
-3.079934713e-02
-4.236354602e-02
-2.862478755e-02
-2.592477748e-02
-6.984639812e-02
-6.353429115e-02
-7.546566516e-02
-3.190937115e-02
-2.615443571e-02
-2.753052554e-02
-3.661566807e-02
-3.765808811e-02
-3.038751815e-02
-3.947710148e-02
-3.135169487e-02
-4.465867169e-02
-3.422376543e-02
-4.523611688e-02
-2.857546486e-02
-7.848265987e-02
-3.437369047e-02
-4.136531051e-02
-4.352439144e-02
-5.602531858e-02
-6.079140044e-02
-4.904598494e-02
-3.114355665e-02
-4.755180179e-02
-7.091640612e-02
-6.536716933e-02
-6.218571842e-02
-4.139903280e-02
-4.590714459e-02
-6.534817522e-02
-6.132952474e-02
-5.524640523e-02
-4.507271001e-02
-6.205476092e-02
-6.497419720e-02
-5.257421555e-02
-6.182935976e-02
-5.894260751e-02
-6.482631325e-02
-5.015599567e-02
-5.157730609e-02
-5.696569290e-02
-6.141388470e-02
-6.226546268e-02
-3.997593144e-02
-5.175780324e-02
-6.188749988e-02
-6.608098248e-02
-5.626663671e-02
-7.126733663e-02
-6.999816281e-02
-6.075222565e-02
-6.644695553e-02
-7.263822190e-02
-7.068648887e-02
-6.570170470e-02
-7.395068812e-02
-8.431177194e-02
-2.715513071e-02
-3.095210358e-02
-8.219218679e-02
-7.031891084e-02
-6.641708519e-02
-2.646388247e-02
-7.196345515e-02
-6.528765088e-02
-7.579508009e-02
-6.568879180e-02
-2.978766300e-02
-8.225273328e-02
-8.425349457e-02
-7.683231107e-02
-6.864815113e-02
-6.347255366e-02
-7.419350054e-02
-6.395680820e-02
-6.670026563e-02
-7.269320076e-02
-6.540935706e-02
-6.774763787e-02
-5.423495023e-02
-4.630447119e-02
-6.858446110e-02
-6.782320032e-02
-8.045428801e-02
-7.097548487e-02
-7.748061226e-02
-8.935304034e-02
-8.757752303e-02
-6.968848803e-02
-7.341503438e-02
-5.670798847e-02
-6.174795075e-02
