1.022743881e-01
1.013367251e-01
1.006126329e-01
9.996800870e-02
9.898767620e-02
9.850399941e-02
9.792070091e-02
9.770566970e-02
9.659788758e-02
9.570279717e-02
9.522338957e-02
9.448052943e-02
9.367024899e-02
9.321097285e-02
9.286757559e-02
9.175262600e-02
9.068521857e-02
9.011866897e-02
8.947792649e-02
8.897221833e-02
8.832906187e-02
8.728496730e-02
8.633295447e-02
8.580616862e-02
8.512990177e-02
8.455806971e-02
8.403596282e-02
8.349581063e-02
8.276733756e-02
8.203551173e-02
8.157574385e-02
8.117006719e-02
8.083147556e-02
7.994832844e-02
7.916627824e-02
7.864047587e-02
7.831389457e-02
7.816830277e-02
7.753950357e-02
7.691933960e-02
7.639928907e-02
7.587437332e-02
7.536959648e-02
7.473312318e-02
7.444962114e-02
7.429062575e-02
7.387160510e-02
7.346118242e-02
7.275000960e-02
7.227731496e-02
7.172751427e-02
7.138174027e-02
7.124573737e-02
7.086645067e-02
7.041773945e-02
6.996799260e-02
6.952458620e-02
6.931240857e-02
6.851509959e-02
6.808069348e-02
6.738773733e-02
6.705390662e-02
6.683553755e-02
6.655148417e-02
6.570950896e-02
6.467222422e-02
6.434126943e-02
6.396345049e-02
6.335239112e-02
6.281220913e-02
6.279019266e-02
6.260724366e-02
6.197411194e-02
6.147075072e-02
6.094634533e-02
6.079548970e-02
6.070114300e-02
6.033859774e-02
5.999520421e-02
5.971886590e-02
5.938411504e-02
5.920022354e-02
5.863269791e-02
5.839372054e-02
5.814947560e-02
5.762315542e-02
5.710110813e-02
5.658341944e-02
5.630761012e-02
5.589380860e-02
5.540677533e-02
5.469226465e-02
5.376026034e-02
5.319465324e-02
5.281725526e-02
5.245182291e-02
5.207063258e-02
5.185655132e-02
5.174208432e-02
5.169036239e-02
5.104953796e-02
5.096093193e-02
5.104809999e-02
5.060127005e-02
5.034792423e-02
5.014104024e-02
5.018939078e-02
4.967984185e-02
4.954862595e-02
4.942747205e-02
4.929477349e-02
4.902993515e-02
4.828477651e-02
4.772734642e-02
4.743476957e-02
4.704206064e-02
4.673362523e-02
4.647597298e-02
4.625519365e-02
4.590608180e-02
4.536922276e-02
4.495830089e-02
4.501768574e-02
4.476387799e-02
4.483715817e-02
4.455459863e-02
4.413222149e-02
4.397082701e-02
4.405750334e-02
4.429741576e-02
4.413987696e-02
4.413415119e-02
4.357520863e-02
4.334773496e-02
4.311306402e-02
4.311593249e-02
4.283769056e-02
4.238418117e-02
4.221176356e-02
4.201927781e-02
4.218399152e-02
4.189665988e-02
4.158538207e-02
4.139525443e-02
4.096135125e-02
4.093164578e-02
4.090005904e-02
4.129515216e-02
4.116345197e-02
4.117351770e-02
4.127695411e-02
4.119266570e-02
4.108348116e-02
4.059693590e-02
4.007107019e-02
3.952656686e-02
3.919901326e-02
3.874021769e-02
3.830246255e-02
3.805246949e-02
3.780870140e-02
3.770047054e-02
3.734030575e-02
3.685275093e-02
3.669944406e-02
3.648106009e-02
3.645998985e-02
3.642934561e-02
3.606489673e-02
3.594658151e-02
3.554716706e-02
3.535272926e-02
3.516406193e-02
3.541834652e-02
3.534939140e-02
3.506162018e-02
3.513775766e-02
3.510041162e-02
3.502282500e-02
3.506161273e-02
3.498498723e-02
3.507645056e-02
3.496868536e-02
3.469716012e-02
3.472014517e-02
3.479772434e-02
3.461575136e-02
3.433318809e-02
3.402140737e-02
3.380591050e-02
3.383031860e-02
3.368614987e-02
3.280114010e-02
3.247598186e-02
3.208860010e-02
3.149570525e-02
3.181418404e-02
3.201631457e-02
3.064515442e-02
3.103735857e-02
3.061736189e-02
2.988511510e-02
2.993587777e-02
2.974432707e-02
2.876922861e-02
2.875247039e-02
2.878312394e-02
2.863514051e-02
2.891579270e-02
2.853169478e-02
2.818734385e-02
2.825822495e-02
2.840046212e-02
2.825775743e-02
2.867393196e-02
2.835258655e-02
2.816532739e-02
2.834588476e-02
2.795029618e-02
2.757292055e-02
2.725540102e-02
2.685355395e-02
2.689568698e-02
2.655088343e-02
2.624772489e-02
2.579754964e-02
2.592111193e-02
2.607915178e-02
2.625059709e-02
2.609494328e-02
2.600060031e-02
2.558587305e-02
2.573672310e-02
2.569074742e-02
2.552984096e-02
2.560598403e-02
2.550493740e-02
2.554469556e-02
2.556241490e-02
2.579659037e-02
2.615672536e-02
2.666102350e-02
2.683775313e-02
2.697762847e-02
2.740192972e-02
2.759877034e-02
2.770939469e-02
2.797279693e-02
2.833485976e-02
2.912317030e-02
2.847900055e-02
2.508493513e-02
2.081300877e-02
2.248252556e-02
1.009482220e-01
6.559258103e-01
2.238225698e+00
4.813524723e+00
7.766341686e+00
1.043168354e+01
1.245729446e+01
1.375889683e+01
1.441470718e+01
1.456465340e+01
1.434798813e+01
1.389368343e+01
1.330445766e+01
1.266564560e+01
1.203526402e+01
1.144728470e+01
1.091885090e+01
1.044970989e+01
1.004066467e+01
9.681001663e+00
9.365444183e+00
9.086218834e+00
8.836867332e+00
8.603989601e+00
8.388890266e+00
8.183781624e+00
7.983816147e+00
7.792126656e+00
7.591195107e+00
7.365231514e+00
7.137349606e+00
6.938412189e+00
6.770131588e+00
6.612217426e+00
6.456059456e+00
6.298721313e+00
6.146771431e+00
6.003832817e+00
5.872860432e+00
5.746907234e+00
5.627733231e+00
5.509321213e+00
5.386707783e+00
5.263959408e+00
5.140782833e+00
5.018642902e+00
4.898222446e+00
4.780680180e+00
4.667295456e+00
4.553672314e+00
4.445076466e+00
4.337483406e+00
4.231602192e+00
4.118060112e+00
3.991602898e+00
3.865503788e+00
3.763608456e+00
3.678893566e+00
3.595916510e+00
3.511044979e+00
3.424676180e+00
3.338985443e+00
3.255371094e+00
3.176501513e+00
3.104763031e+00
3.036559105e+00
2.974513292e+00
2.913130999e+00
2.851205826e+00
2.787591457e+00
2.724874496e+00
2.659918070e+00
2.597709417e+00
2.536903620e+00
2.475864649e+00
2.417569160e+00
2.360823870e+00
2.304596663e+00
2.243847609e+00
2.173979998e+00
2.106015682e+00
2.049203396e+00
2.005566359e+00
1.963858843e+00
1.921075344e+00
1.876405597e+00
1.833745003e+00
1.788957953e+00
1.747891545e+00
1.709206820e+00
1.672136188e+00
1.639536619e+00
1.609587908e+00
1.580388904e+00
1.550010920e+00
1.518647552e+00
1.488078237e+00
1.454916000e+00
1.424022079e+00
1.392976165e+00
1.363031387e+00
1.332656503e+00
1.305024028e+00
1.271070719e+00
1.232031345e+00
1.191460252e+00
1.157465339e+00
1.134571910e+00
1.113918424e+00
1.091951728e+00
1.068118095e+00
1.045034051e+00
1.024606347e+00
1.001133323e+00
9.803882241e-01
9.596682787e-01
9.422666430e-01
9.269149899e-01
9.147928357e-01
8.988036513e-01
8.849447966e-01
8.704484701e-01
8.534829021e-01
8.383056521e-01
8.228172064e-01
8.073278666e-01
7.913988829e-01
7.759088278e-01
7.608155608e-01
7.372921705e-01
7.114891410e-01
6.901269555e-01
6.774448752e-01
6.672790051e-01
6.587957740e-01
6.460277438e-01
6.354090571e-01
6.252887845e-01
6.123766899e-01
6.013323069e-01
5.903326869e-01
5.811628103e-01
5.740752816e-01
5.683356524e-01
5.647884607e-01
5.577865243e-01
5.517929792e-01
5.440936089e-01
5.365065336e-01
5.283424258e-01
5.222957730e-01
5.120439529e-01
5.044702888e-01
4.965114295e-01
4.816388190e-01
4.628659785e-01
4.467642605e-01
4.379507601e-01
4.329169095e-01
4.278608263e-01
4.234653711e-01
4.157898724e-01
4.106668830e-01
4.043476284e-01
3.977946341e-01
3.903277218e-01
3.866948783e-01
3.808268011e-01
3.790365160e-01
3.791792393e-01
3.761492968e-01
3.746239841e-01
3.714639246e-01
3.676357269e-01
3.633431494e-01
3.589131236e-01
3.564634919e-01
3.507874906e-01
3.473127484e-01
3.392767310e-01
3.259017766e-01
3.112356365e-01
3.061038554e-01
3.019568324e-01
3.012249172e-01
3.001512885e-01
2.957211137e-01
2.934339345e-01
2.907532752e-01
2.875087559e-01
2.831305563e-01
2.787434161e-01
2.782275379e-01
2.761400044e-01
2.780675590e-01
2.783477604e-01
2.787400782e-01
2.772026956e-01
2.771984041e-01
2.730626166e-01
2.715539932e-01
2.705120146e-01
2.666784227e-01
2.643990517e-01
2.605411112e-01
2.507782578e-01
2.376608849e-01
2.302529663e-01
2.303128242e-01
2.290471196e-01
2.294527590e-01
2.275199294e-01
2.266338766e-01
2.247809917e-01
2.245420218e-01
2.194095850e-01
2.171285152e-01
2.169556916e-01
2.155986130e-01
2.173718065e-01
2.196260542e-01
2.212825716e-01
2.211207002e-01
2.204928547e-01
2.214492708e-01
2.189450115e-01
2.188961655e-01
2.173067033e-01
2.160323858e-01
2.127113640e-01
2.076498121e-01
1.940988004e-01
1.864434928e-01
1.856638491e-01
1.851935834e-01
1.856585890e-01
1.855111122e-01
1.850863099e-01
1.838221699e-01
1.827153713e-01
1.824577451e-01
1.788329780e-01
1.786998361e-01
1.784679443e-01
1.806201935e-01
1.826995909e-01
1.865038276e-01
1.857898235e-01
1.868534088e-01
1.879118532e-01
1.863103509e-01
1.860814840e-01
1.858583093e-01
1.851102859e-01
1.825285852e-01
1.775753051e-01
1.687648594e-01
1.579742283e-01
1.559278667e-01
1.559953988e-01
1.571643800e-01
1.563047916e-01
1.577472240e-01
1.551988721e-01
1.554364711e-01
1.561452746e-01
1.533286124e-01
1.526519656e-01
1.530743688e-01
1.545896083e-01
1.565700322e-01
1.581409574e-01
1.612771600e-01
1.609146595e-01
1.625845283e-01
1.619097143e-01
1.616941988e-01
1.608830690e-01
1.622794718e-01
1.591849178e-01
1.567170620e-01
1.500549912e-01
1.383360475e-01
1.341369301e-01
1.350549906e-01
1.367063820e-01
1.364165694e-01
1.364424676e-01
1.381416321e-01
1.363174617e-01
1.366948485e-01
1.347456127e-01
1.337999105e-01
1.333630979e-01
1.362451166e-01
1.366660893e-01
1.401046962e-01
1.440686435e-01
1.438627243e-01
1.453665048e-01
1.460819691e-01
1.458957046e-01
1.455959082e-01
1.451568007e-01
1.464114934e-01
1.433317214e-01
1.384782642e-01
1.277134120e-01
1.218577474e-01
1.207917184e-01
1.243786514e-01
1.233236715e-01
1.240960956e-01
1.252482831e-01
1.245414615e-01
1.244677454e-01
1.236043125e-01
1.229372025e-01
1.223270968e-01
1.231048033e-01
1.267637014e-01
1.278594285e-01
1.315476000e-01
1.330991983e-01
1.344256997e-01
1.344007999e-01
1.364544034e-01
1.342336833e-01
1.349213868e-01
1.359185725e-01
1.331303865e-01
1.296414882e-01
1.206849068e-01
1.132099703e-01
1.107742637e-01
1.118843555e-01
1.142267138e-01
1.129187942e-01
1.135088056e-01
1.130830571e-01
1.135011539e-01
1.125878766e-01
1.134709939e-01
1.107503101e-01
1.118063107e-01
1.144220829e-01
1.156438142e-01
1.186178625e-01
1.214822903e-01
1.233131438e-01
1.236569658e-01
1.239946410e-01
1.252129525e-01
1.233844757e-01
1.240190119e-01
1.228064224e-01
1.199995875e-01
1.113207117e-01
1.043853909e-01
9.857010096e-02
9.978600591e-02
1.024448648e-01
1.015746817e-01
1.023600996e-01
1.029266343e-01
1.031660736e-01
1.022906750e-01
1.011882201e-01
1.020387784e-01
1.010344848e-01
1.036526635e-01
1.053221375e-01
1.083038300e-01
1.100270599e-01
1.135519147e-01
1.128211245e-01
1.142262071e-01
1.156251207e-01
1.140557304e-01
1.146088690e-01
1.146165356e-01
1.133296788e-01
1.068440899e-01
9.692595899e-02
9.285324067e-02
9.099168330e-02
9.392175823e-02
9.472299367e-02
9.512478113e-02
9.434033930e-02
9.657639265e-02
9.448683262e-02
9.462093562e-02
9.470189363e-02
9.257884324e-02
9.354097396e-02
9.561807662e-02
9.845940024e-02
1.005521715e-01
1.022014990e-01
1.053930148e-01
1.048154309e-01
1.064504460e-01
1.059585810e-01
1.060649008e-01
1.049998552e-01
1.055280417e-01
9.907141328e-02
9.064783901e-02
8.474053442e-02
8.214719594e-02
8.403324336e-02
8.562126756e-02
8.618641645e-02
8.612512797e-02
8.655562252e-02
8.834521472e-02
8.664903045e-02
8.675535023e-02
8.575681597e-02
8.673378080e-02
8.798366040e-02
9.245863557e-02
9.287814796e-02
9.574162215e-02
9.857431799e-02
9.804224223e-02
9.892294556e-02
9.976243973e-02
1.001833975e-01
9.985966235e-02
9.889660031e-02
9.750258178e-02
8.804920316e-02
8.067017794e-02
7.671335340e-02
7.802356780e-02
7.883244753e-02
8.098720759e-02
7.849670202e-02
7.913415879e-02
8.068643510e-02
7.930037379e-02
7.898902148e-02
7.850246876e-02
7.846271247e-02
7.919115573e-02
8.139434457e-02
8.605135977e-02
8.771353960e-02
9.088009596e-02
9.161616862e-02
9.260661900e-02
9.285086393e-02
9.459459782e-02
9.229194373e-02
9.269234538e-02
9.230966121e-02
8.467924595e-02
7.594188303e-02
7.139559090e-02
7.161349058e-02
7.253158092e-02
7.278585434e-02
7.445292920e-02
7.287301868e-02
7.376088947e-02
7.349081337e-02
7.313354313e-02
7.148375362e-02
7.336292416e-02
7.251001149e-02
7.540024817e-02
7.912219316e-02
8.018589765e-02
8.253792673e-02
8.391151577e-02
8.484210074e-02
8.485455811e-02
8.527933806e-02
8.752111346e-02
8.603642881e-02
8.578744531e-02
8.105371147e-02
7.248795033e-02
6.545767188e-02
6.632453948e-02
6.549071521e-02
6.725747138e-02
6.845130026e-02
6.710471213e-02
6.844411045e-02
6.920604408e-02
6.903603673e-02
6.787665933e-02
6.689209491e-02
6.858874112e-02
6.867685914e-02
7.209195197e-02
7.412532717e-02
7.706248015e-02
7.824149728e-02
8.094216138e-02
7.952208072e-02
8.018065989e-02
8.165728301e-02
8.015576005e-02
7.995795459e-02
7.749731094e-02
7.020213455e-02
6.177483872e-02
5.861065164e-02
6.102199480e-02
6.083233654e-02
6.228824705e-02
6.199562550e-02
6.237349659e-02
6.248509511e-02
6.436520070e-02
6.136251613e-02
6.134193018e-02
6.260720640e-02
6.266946346e-02
6.532400101e-02
6.824103743e-02
7.071262598e-02
7.210391015e-02
7.250520587e-02
7.494670153e-02
7.381313294e-02
7.536479831e-02
7.492564619e-02
7.479632646e-02
7.224899530e-02
6.751177460e-02
5.715189129e-02
5.403517932e-02
5.604848266e-02
5.590623990e-02
5.707911029e-02
5.767343193e-02
5.846170336e-02
5.857665092e-02
5.874188617e-02
5.981368199e-02
5.758292228e-02
5.819831043e-02
5.888219923e-02
6.110436469e-02
6.328817457e-02
6.734461337e-02
6.721294671e-02
6.940001994e-02
7.163216919e-02
7.031758875e-02
7.084725052e-02
7.156607509e-02
7.170732319e-02
7.041478902e-02
6.564494967e-02
5.853018910e-02
5.149018764e-02
5.176508427e-02
5.292646959e-02
5.460654199e-02
5.431057140e-02
5.588756129e-02
5.395760387e-02
5.466784537e-02
5.552364513e-02
5.360028893e-02
5.345327407e-02
5.413335562e-02
5.635648221e-02
5.842102692e-02
6.075283512e-02
6.438336521e-02
6.486520171e-02
6.712770462e-02
6.727614999e-02
6.807296723e-02
6.778756529e-02
6.929275393e-02
6.645387411e-02
6.422871351e-02
5.771653354e-02
4.875269160e-02
4.718998447e-02
4.904672876e-02
5.048016459e-02
5.054334924e-02
5.013004318e-02
5.215350538e-02
5.114008859e-02
5.226748437e-02
5.137331784e-02
5.093464628e-02
5.040254816e-02
5.352944136e-02
5.360654742e-02
5.715718493e-02
6.130504608e-02
6.194872409e-02
6.355733424e-02
6.453619152e-02
6.481828541e-02
6.479147822e-02
6.424067914e-02
6.581832469e-02
6.262972206e-02
5.700680614e-02
4.823496565e-02
4.466858879e-02
4.476627707e-02
4.803764448e-02
4.588310048e-02
4.637200758e-02
4.764878377e-02
4.684420303e-02
4.722158611e-02
4.719139263e-02
4.673454911e-02
4.614978656e-02
4.667035863e-02
5.026559532e-02
5.126367137e-02
5.451649427e-02
5.574196205e-02
5.768778920e-02
5.794353783e-02
5.997079611e-02
5.776824057e-02
5.860874057e-02
5.939991772e-02
5.644980073e-02
5.177420378e-02
4.360587522e-02
3.839057311e-02
3.778377548e-02
3.910177946e-02
4.160640389e-02
4.040580615e-02
4.206039757e-02
4.221752286e-02
4.266052321e-02
4.177593067e-02
4.251536727e-02
3.948252276e-02
4.081336036e-02
4.356184229e-02
4.462691396e-02
4.734178632e-02
4.971530661e-02
5.131873116e-02
5.190638080e-02
5.240734294e-02
5.464239791e-02
5.358070880e-02
5.488661677e-02
5.357256904e-02
5.068609118e-02
4.279456660e-02
3.773976862e-02
3.393424675e-02
3.603331000e-02
3.877948597e-02
3.766503185e-02
3.777135536e-02
3.814493120e-02
3.854003176e-02
3.790304810e-02
3.652805462e-02
3.696673736e-02
3.584027663e-02
3.816883639e-02
4.001368210e-02
4.273805395e-02
4.449474066e-02
4.803484678e-02
4.746158794e-02
4.899933562e-02
5.078998208e-02
4.972772673e-02
5.033405125e-02
5.062810332e-02
4.871727154e-02
4.208436981e-02
3.420095891e-02
3.262155876e-02
3.208523244e-02
3.468948230e-02
3.478621691e-02
3.507453203e-02
3.406590968e-02
3.596142679e-02
3.403047845e-02
3.409035504e-02
3.465594724e-02
3.295201063e-02
3.426229209e-02
3.652758151e-02
3.933213651e-02
4.148333147e-02
4.297751561e-02
4.556844011e-02
4.474998638e-02
4.654301703e-02
4.685761407e-02
4.774311930e-02
4.711142927e-02
4.808315635e-02
4.101260379e-02
3.376419842e-02
3.019063920e-02
2.864137664e-02
3.104408830e-02
3.251001984e-02
3.254545107e-02
3.197894245e-02
3.217240795e-02
3.384129331e-02
3.208093718e-02
3.276670724e-02
3.166091070e-02
3.243532404e-02
3.315167874e-02
3.721340001e-02
3.725649416e-02
4.042356089e-02
4.327731952e-02
4.299668223e-02
4.419878870e-02
4.553157091e-02
4.647455737e-02
4.605981335e-02
4.455654323e-02
4.290377349e-02
3.375507891e-02
2.832766436e-02
2.650682814e-02
2.828456648e-02
2.892151661e-02
3.108381666e-02
2.896414138e-02
3.015951253e-02
3.184770793e-02
2.991957776e-02
2.961068042e-02
2.955081686e-02
3.022177145e-02
3.121646494e-02
3.281743452e-02
3.672441468e-02
3.741166368e-02
4.018316790e-02
4.102505744e-02
4.211023077e-02
4.192917794e-02
4.426344112e-02
4.254649207e-02
4.290039092e-02
4.230896011e-02
3.449695930e-02
2.762270905e-02
2.535072342e-02
2.680088766e-02
2.806570940e-02
2.856234089e-02
3.047464974e-02
2.980942465e-02
