-2.118753672e+00
-2.066075325e+00
-1.984693050e+00
-1.894092321e+00
-1.848992705e+00
-1.869562268e+00
-1.878316283e+00
-1.876089215e+00
-1.870675921e+00
-1.886204004e+00
-1.905350804e+00
-1.897586703e+00
-1.877048373e+00
-1.880141377e+00
-1.931767106e+00
-1.979248047e+00
-2.007550955e+00
-2.033905268e+00
-2.039690018e+00
-1.952400088e+00
-1.746885538e+00
-1.655727863e+00
-1.687186003e+00
-1.715272784e+00
-1.689227819e+00
-1.657243729e+00
-1.600915790e+00
-1.437315226e+00
-1.194154978e+00
-9.846493602e-01
-9.210830331e-01
-8.851708770e-01
-8.798195720e-01
-8.896869421e-01
-8.945433497e-01
-8.944505453e-01
-9.060192704e-01
-9.066069722e-01
-9.033900499e-01
-9.083701372e-01
-9.432925582e-01
-9.669556022e-01
-9.844636321e-01
-1.034821868e+00
-1.101481438e+00
-1.133713007e+00
-1.166470051e+00
-1.221653938e+00
-1.259205818e+00
-1.278105497e+00
-1.324751735e+00
-1.365799069e+00
-1.392432094e+00
-1.409259200e+00
-1.438088417e+00
-1.458132148e+00
-1.464596987e+00
-1.489157557e+00
-1.522749662e+00
-1.536576152e+00
-1.549815536e+00
-1.578273177e+00
-1.600451827e+00
-1.611649394e+00
-1.624269724e+00
-1.653779268e+00
-1.670791745e+00
-1.677256703e+00
-1.686845899e+00
-1.693187118e+00
-1.692568421e+00
-1.693310499e+00
-1.704044104e+00
-1.711498857e+00
-1.730274677e+00
-1.734945774e+00
-1.726934195e+00
-1.727707624e+00
-1.746236086e+00
-1.759134650e+00
-1.770394087e+00
-1.785922050e+00
-1.800955176e+00
-1.812276483e+00
-1.828144789e+00
-1.849055171e+00
-1.865325570e+00
-1.888803244e+00
-1.899320126e+00
-1.895979524e+00
-1.898237348e+00
-1.903527021e+00
-1.916797042e+00
-1.931830049e+00
-1.952090621e+00
-1.955338478e+00
-1.944666982e+00
-1.942872882e+00
-1.966102958e+00
-1.985590339e+00
-1.995859623e+00
-2.019089699e+00
-2.039969444e+00
-2.036381483e+00
-1.986487865e+00
-1.876739264e+00
-1.733584285e+00
-1.686568022e+00
-1.698817253e+00
-1.681959033e+00
-1.679144144e+00
-1.700177908e+00
-1.710726023e+00
-1.701848626e+00
-1.709643722e+00
-1.724460244e+00
-1.741999269e+00
-1.742864966e+00
-1.720686913e+00
-1.658296108e+00
-1.549507022e+00
-1.419405341e+00
-1.316183925e+00
-1.323112607e+00
-1.343590140e+00
-1.347332716e+00
-1.331649661e+00
-1.332887173e+00
-1.355684638e+00
-1.372851610e+00
-1.386059761e+00
-1.405670524e+00
-1.424199343e+00
-1.431747079e+00
-1.447182417e+00
-1.469732285e+00
-1.501314044e+00
-1.524451494e+00
-1.572705984e+00
-1.614495516e+00
-1.643912315e+00
-1.671256423e+00
-1.695136309e+00
-1.701972365e+00
-1.712056398e+00
-1.738503337e+00
-1.764332294e+00
-1.777911067e+00
-1.784840345e+00
-1.808225036e+00
-1.831175923e+00
-1.841445088e+00
-1.853973031e+00
-1.873522043e+00
-1.887627244e+00
-1.893751860e+00
-1.922921062e+00
-1.945285082e+00
-1.948780298e+00
-1.943862081e+00
-1.938387275e+00
-1.937737703e+00
-1.945501685e+00
-1.962947369e+00
-1.972103953e+00
-1.971609473e+00
-1.975197911e+00
-1.990972996e+00
-1.997344851e+00
-2.007955074e+00
-2.027565956e+00
-2.039320469e+00
-2.020575047e+00
-2.017884254e+00
-2.033473969e+00
-2.036752939e+00
-2.040712118e+00
-2.064623117e+00
-2.073995113e+00
-2.079562902e+00
-2.091997623e+00
-2.085038424e+00
-2.080460548e+00
-2.109288931e+00
-2.138705492e+00
-2.135705233e+00
-2.145015717e+00
-2.166235447e+00
-2.169081211e+00
-2.162585497e+00
-2.166080713e+00
-2.183279276e+00
-2.193641424e+00
-2.202828407e+00
-2.209014893e+00
-2.211365700e+00
-2.215541601e+00
-2.224233627e+00
-2.229182720e+00
-2.179381609e+00
-2.069756746e+00
-1.913611174e+00
-1.870676994e+00
-1.859881759e+00
-1.881750941e+00
-1.898485303e+00
-1.886297941e+00
-1.885957599e+00
-1.909311652e+00
-1.925550818e+00
-1.930747509e+00
-1.941450119e+00
-1.953606248e+00
-1.963412285e+00
-1.964866161e+00
-1.958370090e+00
-1.955369592e+00
-1.982156992e+00
-2.001457930e+00
-1.997622371e+00
-1.998766899e+00
-2.012531757e+00
-2.031585217e+00
-2.030440807e+00
-2.023295403e+00
-2.028956175e+00
-2.038576126e+00
-2.047855854e+00
-2.064064264e+00
-2.085840702e+00
-2.104028940e+00
-2.136940956e+00
-2.155623674e+00
-2.184948683e+00
-2.230635643e+00
-2.259959459e+00
-2.274590492e+00
-2.264290094e+00
-2.271806717e+00
-2.291603565e+00
-2.296459675e+00
-2.272672415e+00
-2.250246763e+00
-2.260082722e+00
-2.241461039e+00
-2.191042185e+00
-2.155222178e+00
-2.139786720e+00
-2.137312174e+00
-2.100287199e+00
-1.871666551e+00
-1.155334830e+00
3.094373047e-01
2.394432545e+00
4.510365486e+00
6.275640011e+00
7.724856377e+00
8.973564148e+00
1.002606392e+01
1.077926922e+01
1.119731998e+01
1.135216999e+01
1.134465313e+01
1.117297649e+01
1.084936428e+01
1.044092846e+01
9.973447800e+00
9.453509331e+00
8.907338142e+00
8.359463692e+00
7.854123116e+00
7.411542416e+00
7.066339016e+00
6.790513992e+00
6.557004929e+00
6.333948612e+00
6.134249210e+00
5.944477558e+00
5.750501156e+00
5.535769939e+00
5.308420181e+00
5.067083836e+00
4.798995972e+00
4.534740925e+00
4.288762569e+00
4.022584915e+00
3.751958609e+00
3.517708778e+00
3.313617468e+00
3.103153706e+00
2.904475927e+00
2.731750488e+00
2.613340139e+00
2.495828629e+00
2.356168985e+00
2.236243725e+00
2.151551247e+00
2.063363075e+00
1.950613022e+00
1.845659494e+00
1.772041082e+00
1.683111548e+00
1.563402772e+00
1.428444028e+00
1.322843909e+00
1.249255300e+00
1.143931270e+00
1.002291679e+00
8.987612724e-01
8.464857936e-01
7.708252668e-01
6.668613553e-01
5.963971615e-01
5.655575991e-01
5.103428364e-01
4.002245069e-01
3.117886186e-01
2.806082964e-01
2.627915144e-01
1.904405057e-01
9.634368867e-02
3.417021781e-02
-7.712824736e-03
-6.902085990e-02
-1.466921270e-01
-1.914200783e-01
-2.011638284e-01
-2.452422529e-01
-3.278001249e-01
-3.787775338e-01
-3.905937672e-01
-4.215569496e-01
-4.935984313e-01
-5.669701099e-01
-5.922418833e-01
-6.029133797e-01
-6.691086888e-01
-7.470892072e-01
-7.657723427e-01
-7.820117474e-01
-8.339777589e-01
-8.849544525e-01
-9.114015698e-01
-9.416841865e-01
-9.917019606e-01
-1.029624939e+00
-1.040636897e+00
-1.053195477e+00
-1.074136734e+00
-1.122020245e+00
-1.162077665e+00
-1.172377944e+00
-1.185555100e+00
-1.224870205e+00
-1.264742732e+00
-1.280147076e+00
-1.295520663e+00
-1.349373937e+00
-1.401835442e+00
-1.405640125e+00
-1.405794740e+00
-1.437748432e+00
-1.485477328e+00
-1.519007802e+00
-1.530422091e+00
-1.545331597e+00
-1.558106661e+00
-1.568252087e+00
-1.585481524e+00
-1.602091908e+00
-1.612299919e+00
-1.639922738e+00
-1.653037548e+00
-1.647655606e+00
-1.658915162e+00
-1.684712410e+00
-1.699900389e+00
-1.701787353e+00
-1.728172779e+00
-1.757929564e+00
-1.775004148e+00
-1.785428405e+00
-1.795233965e+00
-1.821432710e+00
-1.845528841e+00
-1.852581263e+00
-1.864737868e+00
-1.880451441e+00
-1.892267704e+00
-1.897897601e+00
-1.903836250e+00
-1.912621021e+00
-1.930809379e+00
-1.933314800e+00
-1.920787334e+00
-1.925241590e+00
-1.944914579e+00
-1.947883964e+00
-1.934212089e+00
-1.942872882e+00
-1.954194546e+00
-1.958401084e+00
-1.970000863e+00
-1.996880531e+00
-2.015439510e+00
-2.020977020e+00
-2.030380011e+00
-2.028740406e+00
-2.045444012e+00
-2.064653397e+00
-2.076159239e+00
-2.090481043e+00
-2.123981237e+00
-2.144520998e+00
-2.142077208e+00
-2.151418924e+00
-2.178051472e+00
-2.186434269e+00
-2.191692829e+00
-2.201343060e+00
-2.209973335e+00
-2.232522964e+00
-2.256247997e+00
-2.252072334e+00
-2.267445326e+00
-2.305337429e+00
-2.337166786e+00
-2.332681417e+00
-2.343631029e+00
-2.376202822e+00
-2.396680117e+00
-2.395349979e+00
-2.404042244e+00
-2.440232992e+00
-2.464484453e+00
-2.466278076e+00
-2.475434542e+00
-2.499561787e+00
-2.520874739e+00
-2.540918350e+00
-2.571727037e+00
-2.593565226e+00
-2.595513821e+00
-2.608536482e+00
-2.632570982e+00
-2.659945965e+00
-2.691868305e+00
-2.729110956e+00
-2.764404774e+00
-2.781541348e+00
-2.789243460e+00
-2.813958406e+00
-2.831342459e+00
-2.848633528e+00
-2.879040718e+00
-2.889590502e+00
-2.896147728e+00
-2.910902977e+00
-2.929276705e+00
-2.936267376e+00
-2.955940247e+00
-2.988945246e+00
-3.005834341e+00
-3.000328302e+00
-3.010938168e+00
-3.030270815e+00
-3.048675537e+00
-3.066616535e+00
-3.075556040e+00
-3.090248823e+00
-3.108251333e+00
-3.106055498e+00
-3.104477644e+00
-3.113015175e+00
-3.128047943e+00
-3.133213758e+00
-3.143359661e+00
-3.166837454e+00
-3.155578136e+00
-3.155423403e+00
-3.158733130e+00
-3.165198088e+00
-3.180323839e+00
-3.188984871e+00
-3.178591490e+00
-3.172467232e+00
-3.186015606e+00
-3.190995693e+00
-3.193037033e+00
-3.208843470e+00
-3.220721722e+00
-3.207203865e+00
-3.209678650e+00
-3.229877710e+00
-3.238600492e+00
-3.248560667e+00
-3.246921301e+00
-3.248560667e+00
-3.251499414e+00
-3.262078285e+00
-3.261335611e+00
-3.260407686e+00
-3.278564930e+00
-3.280266285e+00
-3.269873381e+00
-3.268048286e+00
-3.272440672e+00
-3.287782907e+00
-3.284256458e+00
-3.280204296e+00
-3.281349182e+00
-3.284504175e+00
-3.291866302e+00
-3.307919979e+00
-3.316550255e+00
-3.325396776e+00
-3.329108477e+00
-3.318096638e+00
-3.318220377e+00
-3.329603672e+00
-3.349802256e+00
-3.356174469e+00
-3.354504108e+00
-3.360845327e+00
-3.348224640e+00
-3.329572439e+00
-3.331645012e+00
-3.345379114e+00
-3.352864504e+00
-3.334892988e+00
-3.336284876e+00
-3.343213797e+00
-3.341172457e+00
-3.334274292e+00
-3.336625099e+00
-3.332480192e+00
-3.339533091e+00
-3.347451448e+00
-3.347080469e+00
-3.349771500e+00
-3.370155811e+00
-3.378631353e+00
-3.368701935e+00
-3.361556768e+00
-3.377919912e+00
-3.383271456e+00
-3.371795177e+00
-3.370465279e+00
-3.390911341e+00
-3.402079582e+00
-3.402140856e+00
-3.392923117e+00
-3.400965929e+00
-3.409316778e+00
-3.407770157e+00
-3.401584625e+00
-3.401398897e+00
-3.418318033e+00
-3.418596268e+00
-3.412719727e+00
-3.411018610e+00
-3.420884848e+00
-3.414080858e+00
-3.402295589e+00
-3.392241716e+00
-3.400686741e+00
-3.411141872e+00
-3.402326345e+00
-3.393664360e+00
-3.402140141e+00
-3.412564516e+00
-3.394314051e+00
-3.373898506e+00
-3.375073910e+00
-3.389055490e+00
-3.393603563e+00
-3.384540558e+00
-3.385622501e+00
-3.392428160e+00
-3.390757322e+00
-3.383271456e+00
-3.377734423e+00
-3.398088217e+00
-3.396851540e+00
-3.380363464e+00
-3.381570101e+00
-3.408297062e+00
-3.417699575e+00
-3.394437790e+00
-3.389086246e+00
-3.397098780e+00
-3.403254032e+00
-3.383982420e+00
-3.371176720e+00
-3.384632111e+00
-3.401120186e+00
-3.385807514e+00
-3.367619514e+00
-3.386147976e+00
-3.406286240e+00
-3.395799160e+00
-3.374548197e+00
-3.378476620e+00
-3.401368141e+00
-3.389395714e+00
-3.366289139e+00
-3.364031315e+00
-3.387694120e+00
-3.388560534e+00
-3.367619514e+00
-3.363072395e+00
-3.379559278e+00
-3.380827427e+00
-3.369135141e+00
-3.369846821e+00
-3.380641699e+00
-3.397779465e+00
-3.394561768e+00
-3.381631851e+00
-3.392830133e+00
-3.411976814e+00
-3.409286499e+00
-3.378198147e+00
-3.382745504e+00
-3.406562805e+00
-3.408915043e+00
-3.374455452e+00
-3.365546942e+00
-3.397191525e+00
-3.408449650e+00
-3.396046400e+00
-3.375073910e+00
-3.384293079e+00
-3.400099039e+00
-3.397809982e+00
-3.375723600e+00
-3.370960236e+00
-3.404553175e+00
-3.420700073e+00
-3.402605057e+00
-3.386426449e+00
-3.416987658e+00
-3.433845520e+00
-3.407027960e+00
-3.385375500e+00
-3.408481121e+00
-3.433567286e+00
-3.409780025e+00
-3.387695551e+00
-3.393108130e+00
-3.402418375e+00
-3.396386862e+00
-3.377641678e+00
-3.385962725e+00
-3.410306215e+00
-3.430721998e+00
-3.419864416e+00
-3.402017355e+00
-3.401490688e+00
-3.415471315e+00
-3.397315979e+00
-3.382528782e+00
-3.410275221e+00
-3.423979282e+00
-3.391840458e+00
-3.376806498e+00
-3.395861864e+00
-3.403531551e+00
-3.388777971e+00
-3.387540579e+00
-3.397315502e+00
-3.394717216e+00
-3.381446362e+00
-3.370960236e+00
-3.376991987e+00
-3.382961988e+00
-3.384075403e+00
-3.380177736e+00
-3.382683754e+00
-3.398490191e+00
-3.397563219e+00
-3.378724098e+00
-3.373651266e+00
-3.387756348e+00
-3.401243210e+00
-3.386395216e+00
-3.367062569e+00
-3.372785091e+00
-3.378043652e+00
-3.374671936e+00
-3.366908073e+00
-3.391963005e+00
-3.398985624e+00
-3.387694597e+00
-3.383642197e+00
-3.381446362e+00
-3.386828423e+00
-3.388591528e+00
-3.387818336e+00
-3.392118454e+00
-3.387199879e+00
-3.380053997e+00
-3.373775244e+00
-3.370434523e+00
-3.364124060e+00
-3.364619017e+00
-3.370867252e+00
-3.368640184e+00
-3.369104147e+00
-3.359453440e+00
-3.346616507e+00
-3.358123064e+00
-3.371300459e+00
-3.366784334e+00
-3.350544930e+00
-3.349957228e+00
-3.356081486e+00
-3.355493784e+00
-3.346245050e+00
-3.357875824e+00
-3.369413614e+00
-3.357752085e+00
-3.339749336e+00
-3.340429783e+00
-3.355926991e+00
-3.368825912e+00
-3.373775244e+00
-3.359515190e+00
-3.353947401e+00
-3.347451448e+00
-3.335727930e+00
-3.334861994e+00
-3.354875326e+00
-3.366567612e+00
-3.361618519e+00
-3.351256371e+00
-3.345873833e+00
-3.351101398e+00
-3.361804247e+00
-3.359638929e+00
-3.353421688e+00
-3.357875824e+00
-3.382002831e+00
-3.384601355e+00
-3.380053997e+00
-3.381044149e+00
-3.378198147e+00
-3.366196632e+00
-3.350885153e+00
-3.348936319e+00
-3.346616507e+00
-3.360505104e+00
-3.348843575e+00
-3.338480949e+00
-3.357659101e+00
-3.377053976e+00
-3.358865738e+00
-3.354627848e+00
-3.368330717e+00
-3.375197649e+00
-3.364557266e+00
-3.346492767e+00
-3.341110468e+00
-3.355803251e+00
-3.360041142e+00
-3.354565859e+00
-3.332325459e+00
-3.345471859e+00
-3.369753599e+00
-3.362144470e+00
-3.345409870e+00
-3.363010406e+00
-3.377022743e+00
-3.363226891e+00
-3.350606680e+00
-3.346492767e+00
-3.358216047e+00
-3.367000818e+00
-3.353019476e+00
-3.333748341e+00
-3.347606182e+00
-3.362515688e+00
-3.346894741e+00
-3.325242043e+00
-3.342285872e+00
-3.380086184e+00
-3.384818792e+00
-3.365825415e+00
-3.364062071e+00
-3.385313511e+00
-3.381415844e+00
-3.349276304e+00
-3.352091312e+00
-3.381848335e+00
-3.388066530e+00
-3.375569105e+00
-3.370743513e+00
-3.378414631e+00
-3.377455950e+00
-3.366536856e+00
-3.351658344e+00
-3.356298208e+00
-3.372506618e+00
-3.366382360e+00
-3.339409113e+00
-3.341264963e+00
-3.381755352e+00
-3.388777971e+00
-3.360257387e+00
-3.361092806e+00
-3.390324354e+00
-3.379126072e+00
-3.356792927e+00
-3.368423700e+00
-3.388437510e+00
-3.382529497e+00
-3.356267214e+00
-3.362793922e+00
-3.371918917e+00
-3.362113237e+00
-3.332480192e+00
-3.326324701e+00
-3.330933571e+00
-3.348657846e+00
-3.353235960e+00
-3.336068630e+00
-3.343925476e+00
-3.371424198e+00
-3.373310804e+00
-3.349925995e+00
-3.344636917e+00
-3.373991489e+00
-3.381260633e+00
-3.349524021e+00
-3.340306044e+00
-3.365608931e+00
-3.369753599e+00
-3.344543934e+00
-3.338264465e+00
-3.340739250e+00
-3.338604689e+00
-3.336439371e+00
-3.342688084e+00
-3.349771500e+00
-3.352710009e+00
-3.366660595e+00
-3.357813835e+00
-3.348998070e+00
-3.360969067e+00
-3.363907576e+00
-3.335511684e+00
-3.326634169e+00
-3.343337536e+00
-3.352122307e+00
-3.344883919e+00
-3.338945389e+00
-3.342378616e+00
-3.339718342e+00
-3.322458267e+00
-3.307610512e+00
-3.315931320e+00
-3.338573933e+00
-3.333748341e+00
-3.322087049e+00
-3.327005148e+00
-3.344110727e+00
-3.343430281e+00
-3.335820913e+00
-3.340770006e+00
-3.350327969e+00
-3.347822666e+00
-3.334367275e+00
-3.322952986e+00
-3.322118044e+00
-3.333965063e+00
-3.330562592e+00
-3.322767258e+00
-3.329912901e+00
-3.332851648e+00
-3.322334528e+00
-3.303094387e+00
-3.301702738e+00
-3.320911407e+00
-3.326726913e+00
-3.312962055e+00
-3.306125641e+00
-3.326077223e+00
-3.337676764e+00
-3.324283361e+00
-3.311631680e+00
-3.324963570e+00
-3.338202715e+00
-3.331645012e+00
-3.320107460e+00
-3.324716091e+00
-3.340646505e+00
-3.343244553e+00
-3.334861994e+00
-3.340986729e+00
-3.344481945e+00
-3.339285374e+00
-3.332356453e+00
-3.330036879e+00
-3.318034649e+00
-3.312776327e+00
-3.317570686e+00
-3.317601919e+00
-3.316982985e+00
-3.320756912e+00
-3.337893486e+00
-3.326664925e+00
-3.313426018e+00
-3.327067137e+00
-3.333686590e+00
-3.332016468e+00
-3.328428030e+00
-3.332140207e+00
-3.332170963e+00
-3.337460518e+00
-3.323262453e+00
-3.306033134e+00
-3.323045969e+00
-3.353235960e+00
-3.337584257e+00
-3.310549259e+00
-3.320571423e+00
-3.336532593e+00
-3.343646765e+00
-3.329851151e+00
-3.324561596e+00
-3.338790417e+00
-3.346214294e+00
-3.331830740e+00
-3.314755917e+00
-3.324685335e+00
-3.337893486e+00
-3.333253622e+00
-3.328953981e+00
-3.334676266e+00
-3.343523026e+00
-3.347853661e+00
-3.339965820e+00
-3.333593845e+00
-3.344141722e+00
-3.359081984e+00
-3.343430281e+00
-3.326046467e+00
-3.348967314e+00
-3.352895737e+00
-3.343616009e+00
-3.342316628e+00
-3.347080469e+00
-3.348100901e+00
-3.346059561e+00
-3.334088564e+00
-3.345471859e+00
-3.367155313e+00
-3.379250050e+00
-3.356422186e+00
-3.344667673e+00
-3.355308533e+00
-3.371578693e+00
-3.373249292e+00
-3.360876322e+00
-3.351998568e+00
-3.354504108e+00
-3.352895737e+00
-3.340522766e+00
-3.333872080e+00
-3.343244553e+00
-3.363567352e+00
-3.357659101e+00
-3.333222628e+00
-3.320416689e+00
-3.327531099e+00
-3.338542938e+00
-3.346771002e+00
-3.359081984e+00
-3.352586269e+00
-3.332604170e+00
-3.316147804e+00
-3.324685335e+00
-3.332542181e+00
-3.325520515e+00
-3.319736004e+00
-3.330407619e+00
-3.327036381e+00
-3.321375370e+00
-3.309992313e+00
-3.309807062e+00
-3.314972401e+00
-3.323664427e+00
-3.320323706e+00
-3.315003395e+00
-3.329294205e+00
-3.328366280e+00
-3.312466860e+00
-3.307208538e+00
-3.323571920e+00
-3.319797993e+00
-3.296072960e+00
-3.284504175e+00
-3.288896561e+00
-3.303372860e+00
-3.300279617e+00
-3.302846909e+00
-3.292051554e+00
-3.286360025e+00
-3.291958809e+00
-3.287256956e+00
-3.279833555e+00
-3.291742563e+00
-3.316643000e+00
-3.304919481e+00
-3.267336607e+00
-3.250756979e+00
-3.264243603e+00
-3.266532660e+00
-3.271357775e+00
-3.275409937e+00
-3.273987055e+00
-3.259572506e+00
-3.232073545e+00
-3.206121445e+00
