1.867667437e-01
1.839234531e-01
1.823953986e-01
1.809701324e-01
1.790617257e-01
1.772955954e-01
1.755365431e-01
1.745519936e-01
1.721523404e-01
1.708501577e-01
1.696480662e-01
1.691851616e-01
1.676328629e-01
1.665858179e-01
1.659371853e-01
1.640156358e-01
1.615401804e-01
1.602459401e-01
1.589558721e-01
1.581669748e-01
1.572046876e-01
1.562888324e-01
1.556192636e-01
1.538248658e-01
1.526691020e-01
1.511005908e-01
1.502643824e-01
1.490063965e-01
1.484173685e-01
1.456910074e-01
1.441587955e-01
1.427696794e-01
1.420121193e-01
1.404122710e-01
1.398594975e-01
1.384261250e-01
1.380680501e-01
1.369113177e-01
1.358108670e-01
1.340245157e-01
1.332164705e-01
1.320838034e-01
1.313726902e-01
1.302833706e-01
1.288177520e-01
1.274611801e-01
1.267278939e-01
1.255658865e-01
1.238804832e-01
1.228628159e-01
1.223393232e-01
1.214799210e-01
1.200557649e-01
1.187162474e-01
1.169328839e-01
1.170045137e-01
1.162580103e-01
1.152947098e-01
1.140216589e-01
1.131512225e-01
1.124925688e-01
1.109876782e-01
1.104208082e-01
1.103280112e-01
1.101182103e-01
1.091025621e-01
1.074553877e-01
1.057203934e-01
1.045401990e-01
1.032298654e-01
1.034184694e-01
1.023664773e-01
1.019902751e-01
1.015424356e-01
1.002221256e-01
9.829958528e-02
9.742309153e-02
9.719414264e-02
9.642456472e-02
9.535742551e-02
9.436181933e-02
9.321802109e-02
9.274295717e-02
9.207618982e-02
9.056312591e-02
8.955042064e-02
8.823822439e-02
8.723159879e-02
8.742427081e-02
8.631172776e-02
8.551786095e-02
8.399165422e-02
8.369920403e-02
8.268654346e-02
8.265018463e-02
8.190176636e-02
8.091337979e-02
7.997539639e-02
7.940140367e-02
7.915326953e-02
7.852694392e-02
7.800844312e-02
7.699377090e-02
7.664375007e-02
7.565528899e-02
7.487761229e-02
7.456998527e-02
7.391329110e-02
7.309823483e-02
7.178410888e-02
7.157330215e-02
7.097111642e-02
7.088135183e-02
7.129891962e-02
7.064938545e-02
6.933911145e-02
6.912726909e-02
6.879741699e-02
6.850284338e-02
6.870354712e-02
6.769095361e-02
6.722702086e-02
6.634044647e-02
6.628186256e-02
6.619209051e-02
6.524903327e-02
6.398718804e-02
6.385709345e-02
6.373302639e-02
6.385105103e-02
6.361199170e-02
6.277579814e-02
6.257808954e-02
6.201723590e-02
6.138987839e-02
6.145644188e-02
6.097730994e-02
6.002216786e-02
5.964493379e-02
5.867867172e-02
5.802906305e-02
5.724634603e-02
5.813298002e-02
5.704763904e-02
5.584228784e-02
5.558810383e-02
5.454108492e-02
5.453098565e-02
5.425057188e-02
5.431112275e-02
5.436862260e-02
5.402463302e-02
5.396618322e-02
5.313803628e-02
5.215260014e-02
5.159984902e-02
5.101180077e-02
5.027756095e-02
5.021299422e-02
4.986702278e-02
4.919322580e-02
4.752182961e-02
4.742501304e-02
4.749964550e-02
4.851034284e-02
4.770745337e-02
4.815733805e-02
4.718291759e-02
4.718494415e-02
4.734433442e-02
4.668874294e-02
4.697917774e-02
4.625393823e-02
4.611071572e-02
4.501731694e-02
4.460478202e-02
4.361227527e-02
4.384929687e-02
4.337219149e-02
4.300912470e-02
4.199739546e-02
4.244825616e-02
4.241298512e-02
4.260667041e-02
4.202766344e-02
4.109767452e-02
3.990647569e-02
3.960083798e-02
3.829661384e-02
3.834909573e-02
3.805253282e-02
3.718316928e-02
3.699349985e-02
3.683004156e-02
3.582748771e-02
3.489147127e-02
3.451421857e-02
3.366383910e-02
3.350143880e-02
3.373948112e-02
3.332796693e-02
3.304248303e-02
3.224059939e-02
3.161120415e-02
3.210544586e-02
3.182504699e-02
3.116842359e-02
3.120271675e-02
3.107157350e-02
3.038466536e-02
2.992674522e-02
3.047645837e-02
3.036853485e-02
3.053698130e-02
3.037559241e-02
2.996002510e-02
2.972904034e-02
2.875367366e-02
2.874757349e-02
2.891804837e-02
2.871529199e-02
2.803850546e-02
2.856803685e-02
2.885952964e-02
2.925794572e-02
2.908142656e-02
2.811919339e-02
2.932553180e-02
2.839355543e-02
2.850550599e-02
2.761587873e-02
2.697237954e-02
2.632886358e-02
2.551083826e-02
2.419253066e-02
2.399585024e-02
2.539182827e-02
2.490463853e-02
2.539686859e-02
2.553606592e-02
2.560870722e-02
2.542208508e-02
2.539082244e-02
2.484614402e-02
2.437207475e-02
2.457683720e-02
2.406746894e-02
2.407957427e-02
2.465450577e-02
2.552497387e-02
3.098077700e-02
-2.824849449e-02
-3.236806020e-03
6.543143988e-01
2.154616356e+00
4.191071033e+00
6.237384319e+00
7.932759762e+00
9.145314217e+00
9.913759232e+00
1.032630730e+01
1.046926785e+01
1.041757774e+01
1.022929859e+01
9.965228081e+00
9.665729523e+00
9.359313965e+00
9.066740036e+00
8.793246269e+00
8.547430038e+00
8.325451851e+00
8.128343582e+00
7.946642399e+00
7.778585434e+00
7.613041401e+00
7.453699589e+00
7.293980598e+00
7.132334709e+00
6.975137711e+00
6.823159218e+00
6.672867298e+00
6.524699211e+00
6.380596161e+00
6.246570110e+00
6.118719101e+00
5.999073029e+00
5.876805782e+00
5.755355358e+00
5.633371353e+00
5.514132500e+00
5.394755840e+00
5.281730175e+00
5.170862675e+00
5.061149120e+00
4.955145359e+00
4.850565910e+00
4.746479511e+00
4.644810200e+00
4.544169426e+00
4.447920322e+00
4.351727962e+00
4.260406494e+00
4.167971134e+00
4.079174519e+00
3.991097689e+00
3.906230688e+00
3.819279194e+00
3.737045765e+00
3.655875444e+00
3.575469494e+00
3.500254393e+00
3.426547766e+00
3.354337215e+00
3.283093452e+00
3.210708380e+00
3.139392614e+00
3.066999674e+00
2.999519110e+00
2.930057049e+00
2.864042521e+00
2.797918558e+00
2.734862328e+00
2.671667099e+00
2.613003731e+00
2.554214716e+00
2.494919300e+00
2.440601587e+00
2.385448694e+00
2.331307173e+00
2.279958963e+00
2.229084969e+00
2.181296825e+00
2.130921841e+00
2.086054325e+00
2.039135695e+00
1.995442152e+00
1.950989008e+00
1.909879088e+00
1.869023919e+00
1.831055045e+00
1.792446494e+00
1.754254580e+00
1.718525052e+00
1.681445122e+00
1.645114660e+00
1.608607054e+00
1.572589874e+00
1.539380908e+00
1.504420161e+00
1.473446608e+00
1.440124631e+00
1.409808159e+00
1.378378272e+00
1.350265265e+00
1.318790197e+00
1.291780591e+00
1.264006257e+00
1.236402631e+00
1.210881352e+00
1.184578061e+00
1.159990668e+00
1.136642814e+00
1.112067103e+00
1.089622736e+00
1.064939976e+00
1.045054674e+00
1.022836804e+00
1.003725767e+00
9.826450348e-01
9.646035433e-01
9.427541494e-01
9.259668589e-01
9.063060284e-01
8.871226907e-01
8.702427149e-01
8.529837728e-01
8.377327323e-01
8.215785623e-01
8.048456311e-01
7.907324433e-01
7.739598155e-01
7.612647414e-01
7.445641160e-01
7.325964570e-01
7.171089053e-01
7.053249478e-01
6.907030940e-01
6.803255081e-01
6.671519876e-01
6.557487249e-01
6.453142762e-01
6.327888370e-01
6.217566133e-01
6.110009551e-01
5.997176170e-01
5.899956822e-01
5.782788992e-01
5.702391267e-01
5.573602319e-01
5.485482812e-01
5.368421674e-01
5.296422243e-01
5.177689791e-01
5.103045106e-01
5.010424852e-01
4.914630353e-01
4.838033319e-01
4.741204083e-01
4.665108025e-01
4.592454433e-01
4.514677227e-01
4.449188113e-01
4.352560639e-01
4.303704202e-01
4.214369357e-01
4.163904190e-01
4.090181887e-01
4.043875635e-01
3.964252472e-01
3.914635777e-01
3.853593171e-01
3.792677820e-01
3.761138320e-01
3.705724180e-01
3.657752872e-01
3.603388369e-01
3.544494808e-01
3.508927226e-01
3.439722657e-01
3.409577608e-01
3.351086378e-01
3.316379488e-01
3.258143067e-01
3.228990436e-01
3.172323406e-01
3.147269785e-01
3.099928498e-01
3.056827188e-01
3.024097085e-01
2.980526388e-01
2.947704196e-01
2.905134261e-01
2.853689194e-01
2.823744714e-01
2.777406275e-01
2.760280371e-01
2.705308795e-01
2.685480416e-01
2.649560273e-01
2.633278370e-01
2.583448887e-01
2.574099898e-01
2.549115419e-01
2.514893115e-01
2.496424615e-01
2.450621575e-01
2.421974987e-01
2.398927063e-01
2.373024374e-01
2.357864380e-01
2.316468656e-01
2.302983403e-01
2.264271826e-01
2.265229672e-01
2.227959335e-01
2.213193476e-01
2.166441530e-01
2.156849504e-01
2.135474831e-01
2.107363790e-01
2.103561461e-01
2.083551884e-01
2.069208324e-01
2.057215869e-01
2.032965720e-01
2.030808777e-01
1.988857538e-01
1.989905536e-01
1.963408142e-01
1.957971007e-01
1.934592128e-01
1.925392300e-01
1.882950664e-01
1.879308373e-01
1.860235929e-01
1.833707094e-01
1.828349829e-01
1.813886613e-01
1.796668619e-01
1.777019948e-01
1.760679781e-01
1.752932668e-01
1.730994284e-01
1.733990163e-01
1.710995138e-01
1.721755713e-01
1.697872877e-01
1.698145866e-01
1.670637578e-01
1.668094546e-01
1.659630984e-01
1.651380509e-01
1.657836139e-01
1.646498293e-01
1.634937227e-01
1.628491879e-01
1.614825130e-01
1.612100601e-01
1.587882489e-01
1.593268663e-01
1.570090652e-01
1.572481543e-01
1.551603675e-01
1.556141675e-01
1.519860923e-01
1.523351371e-01
1.520526856e-01
1.508360952e-01
1.513415277e-01
1.495196670e-01
1.483396143e-01
1.477677524e-01
1.462196410e-01
1.454045475e-01
1.432648897e-01
1.439306736e-01
1.418083161e-01
1.419374496e-01
1.398584247e-01
1.392532885e-01
1.366571635e-01
1.381993741e-01
1.375498176e-01
1.353883445e-01
1.354265660e-01
1.338268220e-01
1.334142089e-01
1.334596276e-01
1.325861514e-01
1.333366036e-01
1.312214583e-01
1.324994713e-01
1.303327829e-01
1.318861544e-01
1.300181001e-01
1.303499341e-01
1.280965656e-01
1.285726279e-01
1.279886663e-01
1.270284802e-01
1.283669025e-01
1.273482293e-01
1.258866489e-01
1.248335615e-01
1.236504018e-01
1.238158345e-01
1.207042634e-01
1.217421144e-01
1.191236526e-01
1.203461885e-01
1.196249798e-01
1.205458716e-01
1.181150451e-01
1.199477315e-01
1.183178201e-01
1.165123507e-01
1.167241186e-01
1.158102751e-01
1.155027002e-01
1.154341325e-01
1.149842590e-01
1.151919886e-01
1.139270514e-01
1.153028533e-01
1.135145575e-01
1.136648208e-01
1.124644130e-01
1.138362810e-01
1.107577458e-01
1.118934602e-01
1.117189825e-01
1.115475148e-01
1.121244282e-01
1.107496545e-01
1.099931598e-01
1.102907509e-01
1.093768999e-01
1.095846519e-01
1.080787927e-01
1.092477515e-01
1.074049920e-01
1.086002663e-01
1.073545367e-01
1.085608751e-01
1.062682047e-01
1.077771336e-01
1.076571047e-01
1.065940261e-01
1.074210629e-01
1.069258302e-01
1.070105508e-01
1.071699336e-01
1.060664058e-01
1.062337756e-01
1.041801348e-01
1.066342741e-01
1.046441197e-01
1.057940200e-01
1.041256562e-01
1.048388034e-01
1.032461151e-01
1.047874168e-01
1.043032259e-01
1.030524820e-01
1.044837907e-01
1.041519418e-01
1.043496877e-01
1.052030027e-01
1.047097892e-01
1.062470526e-01
1.050133705e-01
1.060937494e-01
1.038997397e-01
1.053926423e-01
1.037706360e-01
1.051505357e-01
1.031996161e-01
1.047903970e-01
1.042739749e-01
1.023029387e-01
1.029041484e-01
1.026075855e-01
1.028921232e-01
1.021920145e-01
1.011571363e-01
1.013215184e-01
9.911458194e-02
1.022655815e-01
1.010592729e-01
1.017047986e-01
1.003270149e-01
1.012216508e-01
9.903291613e-02
9.960885346e-02
9.848522395e-02
9.754110873e-02
9.946459532e-02
9.849935770e-02
9.781947732e-02
9.680479020e-02
9.554690868e-02
9.633070230e-02
9.411975741e-02
9.566806257e-02
9.348933399e-02
9.482476115e-02
9.392406791e-02
9.502656013e-02
9.280447662e-02
9.406731278e-02
9.303043038e-02
9.227088094e-02
9.340564907e-02
9.320290387e-02
9.316557646e-02
9.219322354e-02
9.153558314e-02
9.289220721e-02
9.065395594e-02
9.154264629e-02
8.993674815e-02
9.047233313e-02
8.849238604e-02
8.950109035e-02
8.731624484e-02
8.760072291e-02
8.661919087e-02
8.516481519e-02
8.580833673e-02
8.586279303e-02
8.549261093e-02
8.588194102e-02
8.598282188e-02
8.676344156e-02
8.529189229e-02
8.612696826e-02
8.385961503e-02
8.565594256e-02
8.539272845e-02
8.592425287e-02
8.412788808e-02
8.518598229e-02
8.498322964e-02
8.328266442e-02
8.496910334e-02
8.536449820e-02
8.560350537e-02
8.640237153e-02
8.581028879e-02
8.693398535e-02
8.458781987e-02
8.579210192e-02
8.491265029e-02
8.619050682e-02
8.592323214e-02
8.632770181e-02
8.405228704e-02
8.462720364e-02
8.382228017e-02
8.292157948e-02
8.351361006e-02
8.302143961e-02
8.343797922e-02
8.283782750e-02
8.168198913e-02
8.279448748e-02
8.110297471e-02
8.353180438e-02
8.233154565e-02
8.308704942e-02
8.262105286e-02
8.397455513e-02
8.159624040e-02
8.308805525e-02
8.144693822e-02
8.002779633e-02
8.136624843e-02
8.088817447e-02
8.075202256e-02
8.055027574e-02
7.877106965e-02
7.953558117e-02
7.740931958e-02
7.878613472e-02
7.825765014e-02
7.920985669e-02
7.921889424e-02
8.019929379e-02
7.815583795e-02
7.907064259e-02
7.814266533e-02
7.731753588e-02
7.809428126e-02
7.760608941e-02
7.749612629e-02
7.803279907e-02
7.730749249e-02
7.797935605e-02
7.511365414e-02
7.781582326e-02
7.687375695e-02
7.835348696e-02
7.690604031e-02
7.827275246e-02
7.620099932e-02
7.735487074e-02
7.683235407e-02
7.635836303e-02
7.686968893e-02
7.606180757e-02
7.579351962e-02
7.573801279e-02
7.580961287e-02
7.701695710e-02
7.421901077e-02
7.399707288e-02
7.249525934e-02
7.458706945e-02
7.354421914e-02
7.504301518e-02
7.256387174e-02
7.432184368e-02
7.368850708e-02
7.260217518e-02
7.451952249e-02
7.422193885e-02
7.334958762e-02
7.379638404e-02
7.380852848e-02
7.477367669e-02
7.239436358e-02
7.393150777e-02
7.228039205e-02
7.363703102e-02
7.273026556e-02
7.393552363e-02
7.192433625e-02
7.251341641e-02
7.243677229e-02
7.176091522e-02
7.277968526e-02
7.194354385e-02
7.093784958e-02
7.155010849e-02
7.111436129e-02
7.144421339e-02
6.858071685e-02
7.087734342e-02
6.908602268e-02
7.043454796e-02
6.885300577e-02
6.978700310e-02
6.764970720e-02
6.912330538e-02
6.825182587e-02
6.689118594e-02
6.879656762e-02
6.819026917e-02
6.864930689e-02
6.892567128e-02
6.735412031e-02
6.821347028e-02
6.761436164e-02
6.936740875e-02
6.841825694e-02
6.949039549e-02
6.871379912e-02
6.916463375e-02
6.781202555e-02
6.930784136e-02
6.917677820e-02
6.852827966e-02
6.847985089e-02
6.826697290e-02
6.831846386e-02
6.833557785e-02
6.871486455e-02
6.960536540e-02
6.805612892e-02
7.051422447e-02
6.838399917e-02
6.976987422e-02
6.819536537e-02
6.962653250e-02
6.805320084e-02
6.945107132e-02
6.881573796e-02
6.820240617e-02
6.947632134e-02
6.758616120e-02
6.660582870e-02
6.632230431e-02
6.580989063e-02
6.737439334e-02
6.405782700e-02
6.646355987e-02
6.525814533e-02
6.678434461e-02
6.497070193e-02
6.593900919e-02
6.327915192e-02
6.434427947e-02
6.473465264e-02
6.377841532e-02
6.472957879e-02
6.490305811e-02
6.523287296e-02
6.526821107e-02
6.479313225e-02
6.565651298e-02
6.337190419e-02
6.514009833e-02
6.326192617e-02
6.427262723e-02
6.295228004e-02
6.409209967e-02
6.111346930e-02
6.297345459e-02
6.220584735e-02
6.099645793e-02
6.253770739e-02
6.210295856e-02
6.230568886e-02
6.197184324e-02
6.133435667e-02
6.243486330e-02
6.062226743e-02
6.288567185e-02
6.064042822e-02
6.091276184e-02
5.898221955e-02
6.053451449e-02
5.865441635e-02
5.992932990e-02
5.988999829e-02
5.847184733e-02
5.992728099e-02
5.901646987e-02
5.916779488e-02
5.830843374e-02
5.762458965e-02
5.839618668e-02
5.651202053e-02
5.832959339e-02
5.647170171e-02
5.898420885e-02
5.897817388e-02
6.020568684e-02
5.773753673e-02
5.920914561e-02
5.791911110e-02
5.697095022e-02
5.853134021e-02
5.768913031e-02
5.813496560e-02
5.747024715e-02
5.695283785e-02
5.845268816e-02
5.791810155e-02
6.009473279e-02
5.764478445e-02
5.922129005e-02
5.840229616e-02
5.964891613e-02
5.678644404e-02
5.800083652e-02
5.682579055e-02
5.576264113e-02
5.661087483e-02
5.585345998e-02
5.613989383e-02
5.625890940e-02
5.550947040e-02
5.599969625e-02
5.473787338e-02
5.722320825e-02
5.571120605e-02
5.705977231e-02
5.562748015e-02
5.703356490e-02
5.459860712e-02
5.623770878e-02
5.578778684e-02
5.451384187e-02
5.497285351e-02
5.443823710e-02
5.430912971e-02
5.430103093e-02
5.317734927e-02
5.479130894e-02
5.367766693e-02
5.477011576e-02
5.245919526e-02
5.331555009e-02
5.227965862e-02
5.299378559e-02
5.133048818e-02
5.305938795e-02
5.258828402e-02
5.183279887e-02
5.363833532e-02
5.273857713e-02
5.329432711e-02
5.279405788e-02
5.177329481e-02
5.157763511e-02
4.956033453e-02
5.118323863e-02
4.991841689e-02
5.113986135e-02
4.997591674e-02
5.116302520e-02
4.919824377e-02
5.079685524e-02
4.954517260e-02
4.926980659e-02
5.016348511e-02
5.132445320e-02
5.087156966e-02
5.023612082e-02
4.871404171e-02
4.924155027e-02
4.690961540e-02
4.842961952e-02
4.657272995e-02
4.892485961e-02
4.779024795e-02
4.892891273e-02
4.676942900e-02
4.841046035e-02
4.780931026e-02
4.686928168e-02
4.842054844e-02
4.771047086e-02
4.691875353e-02
4.635995254e-02
4.650011286e-02
4.818955064e-02
4.651725665e-02
4.811893404e-02
4.620759562e-02
4.665643349e-02
4.529168829e-02
4.765496403e-02
4.652937502e-02
4.827126488e-02
4.700752348e-02
4.645171389e-02
4.792226478e-02
4.695504159e-02
4.644263908e-02
4.584445804e-02
4.536837339e-02
4.703367874e-02
4.498203844e-02
4.713962600e-02
4.452815279e-02
4.612793773e-02
4.570426047e-02
4.758347571e-02
4.581320286e-02
4.711747542e-02
4.561048746e-02
4.454734921e-02
4.565992206e-02
4.501835257e-02
4.535023123e-02
4.581724852e-02
4.545616359e-02
4.658892378e-02
4.493970051e-02
4.741907120e-02
4.589392990e-02
4.776604101e-02
