7.414940596e-01
7.342123985e-01
7.311181426e-01
7.301088572e-01
7.311118245e-01
7.257597446e-01
7.207214832e-01
7.175739408e-01
7.139898539e-01
7.144218683e-01
7.105184793e-01
7.068409920e-01
7.027207613e-01
6.957831979e-01
6.916907430e-01
6.885265708e-01
6.835069656e-01
6.767539978e-01
6.708517075e-01
6.706070304e-01
6.718109250e-01
6.694257259e-01
6.621507406e-01
6.545517445e-01
6.463806629e-01
6.448991895e-01
6.421485543e-01
6.384993792e-01
6.385360360e-01
6.334426403e-01
6.272699833e-01
6.259222627e-01
6.224300861e-01
6.201817989e-01
6.190745234e-01
6.138652563e-01
6.130886078e-01
6.126287580e-01
6.125594378e-01
6.154575348e-01
6.150278449e-01
6.092424393e-01
6.032453775e-01
5.998389721e-01
5.965319276e-01
6.006361842e-01
6.004514098e-01
5.971470475e-01
5.891117454e-01
5.817417502e-01
5.801960826e-01
5.796138048e-01
5.786058307e-01
5.750747919e-01
5.713033080e-01
5.673075914e-01
5.641598105e-01
5.594918132e-01
5.583638549e-01
5.584378839e-01
5.544607043e-01
5.508738756e-01
5.480868220e-01
5.448117256e-01
5.449531078e-01
5.405897498e-01
5.371234417e-01
5.342899561e-01
5.346065760e-01
5.377516150e-01
5.391777158e-01
5.318192840e-01
5.263742805e-01
5.193044543e-01
5.142874718e-01
5.123003721e-01
5.130975842e-01
5.151727200e-01
5.149878860e-01
5.188169479e-01
5.182536244e-01
5.128780007e-01
5.053647757e-01
5.037982464e-01
5.044178963e-01
5.044571161e-01
5.031697154e-01
4.999413192e-01
5.005421042e-01
5.043921471e-01
5.077497959e-01
5.042233467e-01
4.981367588e-01
4.917240441e-01
4.893968999e-01
4.903583229e-01
4.867904484e-01
4.817941189e-01
4.774567485e-01
4.783830941e-01
4.777384102e-01
4.755503535e-01
4.730681181e-01
4.703830481e-01
4.676884115e-01
4.661631584e-01
4.663873017e-01
4.659505785e-01
4.656015635e-01
4.665096104e-01
4.678479135e-01
4.691812694e-01
4.717833102e-01
4.677346647e-01
4.617558420e-01
4.593503177e-01
4.608753622e-01
4.617950916e-01
4.595789611e-01
4.556412697e-01
4.541320801e-01
4.542706311e-01
4.529418051e-01
4.501985610e-01
4.457756281e-01
4.446963072e-01
4.441162646e-01
4.422789812e-01
4.389207065e-01
4.394683540e-01
4.409613609e-01
4.384260774e-01
4.305523336e-01
4.229564667e-01
4.232383668e-01
4.237074256e-01
4.261779487e-01
4.267900586e-01
4.213664234e-01
4.181332290e-01
4.178074300e-01
4.182302356e-01
4.158455133e-01
4.169316292e-01
4.183459580e-01
4.174771607e-01
4.167007208e-01
4.134925008e-01
4.085145593e-01
4.060238600e-01
4.023611248e-01
3.986563385e-01
3.978360295e-01
3.972908258e-01
3.966226578e-01
4.005377591e-01
4.006300569e-01
4.008057714e-01
4.000824392e-01
3.990494311e-01
3.986679614e-01
3.987697065e-01
3.987535238e-01
3.932740390e-01
3.916470408e-01
3.947159052e-01
3.959504664e-01
3.948551118e-01
3.894014359e-01
3.859345615e-01
3.845410645e-01
3.825791180e-01
3.816480041e-01
3.808112144e-01
3.783522248e-01
3.775644600e-01
3.772869408e-01
3.791193366e-01
3.795562387e-01
3.776589334e-01
3.755747974e-01
3.747197986e-01
3.718770146e-01
3.694501817e-01
3.668892384e-01
3.679592311e-01
3.709383011e-01
3.742597103e-01
3.736611605e-01
3.717379570e-01
3.681025207e-01
3.679755628e-01
3.697849810e-01
3.670600951e-01
3.631824851e-01
3.626232445e-01
3.637093902e-01
3.607029319e-01
3.549119830e-01
3.531625569e-01
3.542324901e-01
3.506413698e-01
3.505233228e-01
3.521390855e-01
3.551266789e-01
3.551638722e-01
3.514386415e-01
3.483648300e-01
3.444178700e-01
3.446536660e-01
3.453258574e-01
3.436945379e-01
3.430982232e-01
3.397589326e-01
3.403621018e-01
3.383332491e-01
3.360660374e-01
3.306288123e-01
3.283478320e-01
3.284126818e-01
3.300579190e-01
3.310194314e-01
3.309592605e-01
3.292536736e-01
3.269218802e-01
3.227510750e-01
3.197122812e-01
3.201604784e-01
3.210155368e-01
3.249301016e-01
3.258729875e-01
3.248677850e-01
3.233956099e-01
3.232894838e-01
3.173464835e-01
3.159252107e-01
3.172216117e-01
3.173350692e-01
3.137209117e-01
3.142242432e-01
3.167986274e-01
3.208196759e-01
3.225987554e-01
3.223769069e-01
3.205396831e-01
3.198856115e-01
3.196984231e-01
3.174156547e-01
3.130553365e-01
3.157957196e-01
3.994748592e-01
6.881081462e-01
2.176348925e+00
5.838733673e+00
1.087495136e+01
1.579652119e+01
1.959835815e+01
2.205296516e+01
2.334542274e+01
2.379748344e+01
2.369436646e+01
2.324039459e+01
2.260454559e+01
2.186705399e+01
2.112900734e+01
2.045792389e+01
1.985129166e+01
1.930710220e+01
1.880647659e+01
1.836030197e+01
1.795742607e+01
1.758163071e+01
1.723728752e+01
1.690710640e+01
1.659028435e+01
1.629094696e+01
1.602122498e+01
1.575256348e+01
1.551184464e+01
1.530355549e+01
1.508749008e+01
1.486465073e+01
1.463027954e+01
1.437635994e+01
1.410256863e+01
1.382824802e+01
1.355336761e+01
1.327529716e+01
1.300540733e+01
1.273799896e+01
1.247967911e+01
1.223485756e+01
1.200458431e+01
1.176464081e+01
1.154141617e+01
1.132495975e+01
1.110330391e+01
1.089426422e+01
1.068579865e+01
1.048953819e+01
1.029284191e+01
1.010814953e+01
9.939305305e+00
9.771631241e+00
9.612132072e+00
9.451031685e+00
9.278840065e+00
9.099844933e+00
8.912221909e+00
8.702718735e+00
8.506378174e+00
8.314245224e+00
8.115994453e+00
7.930987835e+00
7.754480839e+00
7.585579872e+00
7.414609432e+00
7.256295204e+00
7.103417873e+00
6.949142456e+00
6.802002430e+00
6.656949520e+00
6.514367580e+00
6.375118256e+00
6.243352413e+00
6.109606743e+00
5.998123646e+00
5.898234844e+00
5.800384045e+00
5.702629089e+00
5.602293015e+00
5.501606941e+00
5.396931171e+00
5.292035580e+00
5.173463345e+00
5.051607609e+00
4.938229561e+00
4.825211525e+00
4.715636253e+00
4.611579895e+00
4.514009953e+00
4.412179947e+00
4.324493408e+00
4.241841793e+00
4.151281357e+00
4.067190647e+00
3.982776403e+00
3.906512260e+00
3.827664614e+00
3.752393723e+00
3.679397583e+00
3.607813597e+00
3.552431822e+00
3.504660368e+00
3.455249548e+00
3.404753447e+00
3.355472565e+00
3.289128780e+00
3.225271702e+00
3.158657551e+00
3.080016851e+00
3.004495621e+00
2.931303263e+00
2.862842798e+00
2.796077251e+00
2.738345385e+00
2.684538603e+00
2.623549938e+00
2.573339224e+00
2.522595644e+00
2.476148367e+00
2.433876276e+00
2.395780325e+00
2.340325117e+00
2.298285484e+00
2.262378693e+00
2.223596811e+00
2.200921774e+00
2.190171719e+00
2.176030636e+00
2.154112577e+00
2.134087563e+00
2.110520363e+00
2.070779800e+00
2.030627489e+00
1.986092329e+00
1.943057179e+00
1.896699786e+00
1.856147051e+00
1.810782313e+00
1.784816742e+00
1.756654382e+00
1.716107965e+00
1.686349988e+00
1.659102559e+00
1.638567209e+00
1.609808803e+00
1.584654450e+00
1.559833884e+00
1.530746102e+00
1.511424780e+00
1.491937995e+00
1.479009986e+00
1.475577950e+00
1.480984211e+00
1.469614983e+00
1.464624166e+00
1.454941154e+00
1.427411795e+00
1.400448322e+00
1.369571567e+00
1.343330026e+00
1.312923312e+00
1.282273531e+00
1.258047462e+00
1.236827731e+00
1.220952392e+00
1.203467846e+00
1.186412215e+00
1.171536803e+00
1.163679600e+00
1.142356157e+00
1.126919508e+00
1.116358757e+00
1.100239515e+00
1.093352318e+00
1.083745360e+00
1.082483411e+00
1.085411787e+00
1.089273453e+00
1.094136000e+00
1.093021989e+00
1.094459295e+00
1.084050417e+00
1.059940457e+00
1.034837127e+00
1.017746091e+00
9.905076623e-01
9.752110839e-01
9.633305669e-01
9.460065365e-01
9.337071180e-01
9.192563891e-01
9.102924466e-01
8.964426517e-01
8.878083229e-01
8.779684901e-01
8.655332923e-01
8.579619527e-01
8.487223387e-01
8.386838436e-01
8.377249241e-01
8.482670784e-01
8.501945734e-01
8.624963760e-01
8.727621436e-01
8.748974204e-01
8.769075274e-01
8.688335419e-01
8.562009931e-01
8.384161592e-01
8.243333101e-01
8.068430424e-01
7.857292295e-01
7.718797922e-01
7.666054964e-01
7.553391457e-01
7.425669432e-01
7.375105023e-01
7.241697311e-01
7.241167426e-01
7.208330035e-01
7.109455466e-01
7.049627304e-01
6.986397505e-01
6.973247528e-01
6.913502812e-01
6.963651776e-01
7.077357769e-01
7.174902558e-01
7.310817838e-01
7.447345257e-01
7.497418523e-01
7.500029802e-01
7.462201715e-01
7.277029753e-01
7.176520228e-01
7.075113058e-01
6.858271956e-01
6.686049700e-01
6.549358368e-01
6.480233669e-01
6.396778226e-01
6.398742199e-01
6.406459808e-01
6.351416111e-01
6.266668439e-01
6.203617454e-01
6.148059964e-01
6.102710962e-01
6.123028994e-01
6.067537069e-01
6.191114783e-01
6.324837208e-01
6.395670772e-01
6.525972486e-01
6.646651626e-01
6.730170846e-01
6.672507524e-01
6.588735580e-01
6.462135911e-01
6.312539577e-01
6.227417588e-01
6.113757491e-01
5.949839950e-01
5.896431804e-01
5.935163498e-01
5.814160109e-01
5.757030249e-01
5.774084926e-01
5.731978416e-01
5.718945861e-01
5.671893954e-01
5.655348301e-01
5.549182296e-01
5.537627339e-01
5.584194064e-01
5.666995645e-01
5.804594159e-01
5.928460360e-01
6.035271287e-01
6.145005226e-01
6.238634586e-01
6.153164506e-01
6.098504663e-01
6.016695499e-01
5.825713873e-01
5.699070692e-01
5.581210256e-01
5.482620597e-01
5.393694639e-01
5.387664437e-01
5.370169282e-01
5.307747722e-01
5.291269422e-01
5.304235220e-01
5.269199610e-01
5.228873491e-01
5.233009458e-01
5.074750781e-01
5.071843863e-01
5.125384331e-01
5.169062614e-01
5.282695889e-01
5.385214090e-01
5.513173938e-01
5.582876801e-01
5.671178699e-01
5.682849288e-01
5.606678128e-01
5.528727174e-01
5.468665361e-01
5.388080478e-01
5.293974280e-01
5.210961103e-01
5.085564852e-01
5.060076118e-01
5.049191117e-01
4.973560572e-01
4.982735515e-01
4.997109473e-01
4.983474314e-01
4.875717163e-01
4.831091464e-01
4.816212058e-01
4.819492698e-01
4.883158505e-01
4.974963367e-01
5.080712438e-01
5.225174427e-01
5.372874737e-01
5.362080336e-01
5.449158549e-01
5.508253574e-01
5.421519279e-01
5.305621624e-01
5.160185695e-01
5.112674236e-01
5.027291775e-01
4.946477413e-01
4.905461073e-01
4.850620627e-01
4.823304713e-01
4.800402224e-01
4.770200551e-01
4.816301465e-01
4.866937399e-01
4.721390903e-01
4.710227549e-01
4.722384810e-01
4.685780108e-01
4.658324420e-01
4.681043327e-01
4.780781567e-01
4.873175025e-01
5.043582916e-01
5.164021254e-01
5.178650022e-01
5.196259618e-01
5.153277516e-01
5.042192340e-01
4.932585955e-01
4.941970110e-01
4.827489257e-01
4.768468738e-01
4.718504250e-01
4.601152539e-01
4.576770961e-01
4.558283091e-01
4.580401182e-01
4.587171078e-01
4.605611563e-01
4.581094384e-01
4.518003464e-01
4.509104490e-01
4.519921541e-01
4.509868622e-01
4.582109451e-01
4.736230671e-01
4.769507349e-01
4.886372983e-01
5.020656586e-01
5.044089556e-01
5.082725883e-01
5.062089562e-01
4.977580905e-01
4.817157984e-01
4.773551524e-01
4.766179323e-01
4.713743329e-01
4.652456343e-01
4.565978944e-01
4.491469562e-01
4.496972561e-01
4.533255100e-01
4.488117099e-01
4.539448619e-01
4.545063376e-01
4.466535449e-01
4.476240575e-01
4.479637742e-01
4.546150565e-01
4.579866827e-01
4.704778492e-01
4.837079644e-01
4.944466949e-01
5.043324232e-01
5.082081556e-01
5.056570768e-01
5.031752586e-01
5.023133755e-01
4.845746160e-01
4.792596102e-01
4.729483128e-01
4.589341581e-01
4.542844296e-01
4.532652795e-01
4.543075562e-01
4.449136257e-01
4.452669621e-01
4.478345215e-01
4.438385963e-01
4.383847117e-01
4.349063337e-01
4.324796200e-01
4.343842566e-01
4.429487586e-01
4.399518669e-01
4.437879920e-01
4.485880733e-01
4.521861970e-01
4.652988613e-01
4.742930532e-01
4.822472036e-01
4.780068398e-01
4.721553922e-01
4.615757167e-01
4.499097466e-01
4.467275739e-01
4.389254451e-01
4.307604134e-01
4.256761372e-01
4.314145744e-01
4.213686883e-01
4.200144410e-01
4.232545495e-01
4.174029827e-01
4.151960015e-01
4.143919945e-01
4.154872298e-01
4.121274352e-01
4.143108726e-01
4.209410846e-01
4.233075678e-01
4.316270053e-01
4.452275634e-01
4.562027156e-01
4.657219350e-01
4.733226299e-01
4.644945562e-01
4.558538496e-01
4.464549422e-01
4.352944791e-01
4.324171245e-01
4.288676381e-01
4.237743616e-01
4.159216881e-01
4.141998887e-01
4.110385180e-01
4.043204486e-01
4.053767622e-01
4.069344997e-01
4.025847018e-01
4.004009962e-01
4.009254277e-01
3.897824287e-01
3.926894367e-01
3.978633881e-01
4.019565582e-01
4.129960537e-01
4.243728817e-01
4.382250905e-01
4.385021031e-01
4.432747364e-01
4.468339682e-01
4.431082904e-01
4.349085391e-01
4.245000184e-01
4.140406549e-01
4.052403271e-01
4.045216143e-01
3.984689116e-01
4.044939578e-01
4.052842259e-01
3.989176452e-01
3.997630179e-01
4.034286141e-01
4.021459222e-01
3.948569894e-01
3.963661492e-01
3.992595077e-01
4.022728801e-01
4.089449048e-01
4.116440713e-01
4.103175104e-01
4.209781587e-01
4.387059212e-01
4.413082600e-01
4.462261498e-01
4.465566576e-01
4.402729273e-01
4.359974563e-01
4.309290349e-01
4.250895381e-01
4.116927981e-01
4.044866562e-01
4.002413154e-01
3.964168429e-01
3.939280510e-01
3.897662461e-01
3.877671659e-01
3.936742842e-01
4.023860693e-01
3.947951794e-01
3.954029083e-01
3.946588337e-01
3.881208599e-01
3.917839527e-01
3.982127607e-01
4.043483138e-01
4.112119079e-01
4.277563393e-01
4.416016340e-01
4.441090822e-01
4.437624216e-01
4.361936748e-01
4.247035384e-01
4.166429639e-01
4.156095684e-01
4.021689296e-01
4.016421437e-01
4.057763219e-01
4.008585513e-01
3.960725069e-01
3.931127787e-01
3.935818672e-01
3.913699985e-01
3.896067142e-01
3.876447678e-01
3.857523799e-01
3.868637979e-01
3.874691427e-01
3.888927102e-01
3.965400457e-01
4.072161913e-01
4.109992981e-01
4.268317819e-01
4.372337759e-01
4.368409812e-01
4.383776784e-01
4.344324172e-01
4.289692938e-01
4.195106924e-01
4.118057489e-01
3.996781409e-01
3.905496895e-01
3.910581172e-01
3.924171627e-01
3.886640668e-01
3.893108666e-01
3.944091499e-01
3.838687837e-01
3.821678758e-01
3.868057430e-01
3.829882145e-01
3.828263581e-01
3.849180937e-01
3.886176944e-01
3.875130415e-01
3.930965960e-01
4.033776224e-01
4.114844799e-01
4.217546284e-01
4.273422956e-01
4.244583547e-01
4.167352319e-01
4.115215838e-01
3.967659473e-01
3.966411352e-01
3.949430883e-01
3.849317729e-01
3.829072714e-01
3.793739676e-01
3.802311420e-01
3.754085302e-01
3.762150109e-01
3.758011758e-01
3.705850840e-01
3.689697087e-01
3.634556830e-01
3.555816710e-01
3.584911823e-01
3.690968156e-01
3.637032509e-01
3.717200458e-01
3.828957677e-01
3.885807991e-01
3.959409297e-01
3.966664374e-01
3.997816443e-01
3.953011930e-01
3.921928704e-01
3.877096176e-01
3.796975017e-01
3.771045208e-01
3.717940152e-01
3.621637821e-01
3.589884639e-01
3.673337400e-01
3.656606376e-01
3.716300130e-01
3.740772009e-01
3.667653799e-01
3.655334115e-01
3.621174693e-01
3.607704639e-01
3.547683358e-01
3.589027524e-01
3.697092235e-01
3.790690005e-01
3.891884387e-01
3.998230398e-01
4.092244506e-01
4.124853313e-01
4.147521257e-01
4.015310705e-01
3.934678733e-01
3.916125298e-01
3.865193427e-01
3.777630627e-01
3.687941432e-01
3.676499128e-01
3.592259884e-01
3.588863015e-01
3.612644970e-01
3.581745923e-01
3.589350581e-01
3.576038480e-01
3.527274430e-01
3.531827629e-01
3.554523289e-01
3.444249928e-01
3.470107019e-01
3.546164036e-01
3.561779559e-01
3.656968474e-01
3.744075894e-01
3.843703270e-01
3.848346770e-01
3.866717815e-01
3.864222467e-01
3.824242055e-01
3.762494624e-01
3.714403510e-01
3.661804795e-01
3.613662124e-01
3.609966636e-01
3.512277007e-01
3.485152423e-01
3.464560807e-01
3.407482207e-01
3.445125520e-01
3.463151157e-01
3.460008204e-01
3.396875560e-01
3.412105739e-01
3.453006744e-01
3.459500372e-01
3.459198475e-01
3.464007676e-01
3.514956832e-01
3.631554842e-01
3.791914284e-01
3.747521639e-01
3.750569820e-01
3.728730381e-01
3.622380197e-01
3.554591238e-01
3.519701660e-01
3.509742022e-01
3.454669714e-01
3.440179229e-01
3.411639929e-01
3.365862966e-01
3.352017999e-01
3.351209164e-01
3.305571675e-01
3.309684396e-01
3.338986039e-01
3.268296123e-01
3.310033083e-01
3.334502876e-01
3.296051621e-01
3.314908147e-01
3.342892528e-01
3.437729478e-01
3.507103920e-01
3.634927273e-01
3.703770936e-01
3.646436632e-01
3.608970642e-01
3.612738550e-01
3.548004925e-01
3.523438275e-01
3.524941802e-01
3.386937082e-01
3.338383734e-01
3.337114453e-01
3.285582066e-01
3.347373009e-01
3.348898888e-01
3.348714709e-01
3.310518563e-01
3.305597007e-01
3.301596642e-01
3.264256716e-01
3.282210231e-01
3.320732415e-01
3.370482028e-01
3.430706859e-01
3.502718210e-01
3.489728868e-01
3.598823249e-01
3.692654371e-01
3.670355380e-01
3.645740449e-01
3.574880064e-01
3.482286930e-01
3.358399272e-01
3.352762759e-01
3.345644772e-01
3.343496323e-01
3.337626457e-01
3.272715211e-01
3.210065663e-01
3.196871579e-01
3.217694759e-01
3.144765198e-01
3.216238916e-01
3.297925293e-01
3.271329105e-01
3.232943118e-01
3.205790520e-01
3.253623545e-01
3.260209560e-01
3.350242078e-01
3.435979784e-01
3.464588821e-01
3.534817696e-01
3.561778069e-01
3.551011086e-01
3.521736860e-01
3.505790234e-01
3.398262858e-01
3.417120576e-01
3.393204212e-01
3.289677799e-01
3.285819292e-01
3.284039497e-01
3.299313188e-01
3.298571408e-01
3.338917792e-01
3.334504962e-01
3.312298059e-01
