2.075567469e-02
2.118532173e-02
2.067177929e-02
2.137853205e-02
2.081414685e-02
2.019892074e-02
1.966504008e-02
1.984808408e-02
1.934726164e-02
1.998536848e-02
1.989893243e-02
1.935489103e-02
1.943115704e-02
1.834560744e-02
1.766935550e-02
1.792612299e-02
1.795918308e-02
1.805324852e-02
1.781935990e-02
1.744564064e-02
1.714565046e-02
1.666007563e-02
1.648720354e-02
1.608297043e-02
1.631940156e-02
1.671345904e-02
1.713802107e-02
1.683548465e-02
1.673634537e-02
1.651770249e-02
1.712531224e-02
1.648974046e-02
1.668041199e-02
1.663973927e-02
1.649736986e-02
1.652279124e-02
1.660922542e-02
1.626348123e-02
1.573213749e-02
1.529741660e-02
1.511945389e-02
1.559740491e-02
1.519571710e-02
1.549824979e-02
1.541689597e-02
1.537367888e-02
1.499741897e-02
1.532029919e-02
1.579061896e-02
1.526945177e-02
1.550842915e-02
1.588722505e-02
1.569401473e-02
1.587706245e-02
1.524911821e-02
1.516522281e-02
1.475336775e-02
1.454490609e-02
1.419153064e-02
1.400086656e-02
1.447627228e-02
1.447118446e-02
1.479659602e-02
1.487795543e-02
1.422458235e-02
1.398052927e-02
1.420678850e-02
1.417374890e-02
1.470762212e-02
1.481694076e-02
1.465677936e-02
1.485761907e-02
1.452203840e-02
1.444830466e-02
1.458813529e-02
1.494659670e-02
1.476100553e-02
1.472796034e-02
1.473303977e-02
1.474575046e-02
1.482456177e-02
1.519572921e-02
1.521861181e-02
1.547284331e-02
1.502286550e-02
1.488303300e-02
1.600417867e-02
1.606774144e-02
1.539657544e-02
1.532539539e-02
1.540928893e-02
1.591774076e-02
1.609316282e-02
1.571436413e-02
1.555165369e-02
1.556690596e-02
1.557707973e-02
1.622027345e-02
1.621264778e-02
1.591519639e-02
1.549318247e-02
1.596605033e-02
1.603214629e-02
1.628383622e-02
1.672364771e-02
1.661433466e-02
1.618214138e-02
1.652534865e-02
1.664483361e-02
1.710752957e-02
1.697532833e-02
1.714819483e-02
1.671601459e-02
1.685583778e-02
1.703379676e-02
1.646178775e-02
1.677194424e-02
1.646686718e-02
1.634992287e-02
1.666262746e-02
1.642873138e-02
1.599145308e-02
1.589231007e-02
1.553130895e-02
1.508132741e-02
1.563808694e-02
1.519064885e-02
1.527454238e-02
1.590756699e-02
1.564825326e-02
1.529233716e-02
1.519064698e-02
1.517539751e-02
1.473050192e-02
1.553893648e-02
1.477880217e-02
1.469744835e-02
1.517793629e-02
1.490337402e-02
1.475846488e-02
1.484998688e-02
1.482202206e-02
1.495421864e-02
1.506353542e-02
1.484235469e-02
1.480168849e-02
1.404663082e-02
1.387630031e-02
1.421441976e-02
1.400341280e-02
1.395510789e-02
1.411527023e-02
1.402374823e-02
1.319496147e-02
1.343648229e-02
1.297632698e-02
1.351021416e-02
1.320513338e-02
1.327885967e-02
1.337292232e-02
1.326615177e-02
1.210432872e-02
1.146875881e-02
1.099589746e-02
1.072896086e-02
1.066540182e-02
1.133402158e-02
1.166197192e-02
1.156028174e-02
1.167214010e-02
1.102639921e-02
1.148147602e-02
1.143316366e-02
1.166197751e-02
1.155773550e-02
1.138740499e-02
1.167977229e-02
1.159588154e-02
1.187044382e-02
1.292039733e-02
1.254922710e-02
1.230771281e-02
1.172044314e-02
1.182467490e-02
1.216787938e-02
1.206110045e-02
1.228990685e-02
1.153994352e-02
1.179671194e-02
1.158570498e-02
1.187043637e-02
1.176366489e-02
1.158570591e-02
1.187297702e-02
1.210432220e-02
1.255431306e-02
1.296615787e-02
1.359919552e-02
1.365766115e-02
1.336276531e-02
1.400595438e-02
1.412544399e-02
1.350766793e-02
1.428561006e-02
1.422714628e-02
1.405681297e-02
1.398053393e-02
1.431103982e-02
1.435933821e-02
1.387884840e-02
1.458814740e-02
1.411782391e-02
1.432629116e-02
1.430086792e-02
1.423221920e-02
1.422967482e-02
1.472542807e-02
1.457543578e-02
1.501524448e-02
1.509150676e-02
1.491609681e-02
1.509914361e-02
1.528218482e-02
1.538641565e-02
1.544488780e-02
1.514235884e-02
1.535590924e-02
1.624316163e-02
1.668805815e-02
1.661941968e-02
1.652789488e-02
1.732107811e-02
1.765411533e-02
1.740243100e-02
1.727023162e-02
1.725498028e-02
1.673381589e-02
1.729819924e-02
1.754225604e-02
1.764140278e-02
1.727277599e-02
1.777105965e-02
1.688889414e-02
1.724481210e-02
1.740243100e-02
1.751174778e-02
1.733633317e-02
1.698804460e-02
1.716854423e-02
1.753208600e-02
3.894041851e-02
2.958133519e-01
1.158882380e+00
2.651344061e+00
4.455233574e+00
6.216845036e+00
7.749557018e+00
9.020084381e+00
1.004803467e+01
1.084794712e+01
1.142770481e+01
1.180165577e+01
1.199279308e+01
1.203945160e+01
1.196450901e+01
1.179263592e+01
1.155296326e+01
1.126730728e+01
1.095731354e+01
1.064117908e+01
1.034797955e+01
1.012709999e+01
9.978431702e+00
9.881616592e+00
9.798210144e+00
9.711305618e+00
9.607440948e+00
9.491254807e+00
9.351688385e+00
9.200438499e+00
9.033175468e+00
8.849998474e+00
8.659186363e+00
8.461021423e+00
8.257313728e+00
8.051392555e+00
7.846030235e+00
7.647810459e+00
7.451591492e+00
7.268263817e+00
7.095588207e+00
6.938624382e+00
6.791517735e+00
6.654632568e+00
6.516450405e+00
6.385526180e+00
6.255534172e+00
6.123645782e+00
5.993940830e+00
5.864026070e+00
5.734760761e+00
5.605552197e+00
5.477120399e+00
5.352117538e+00
5.224809647e+00
5.103668690e+00
4.982316971e+00
4.865552425e+00
4.750200272e+00
4.641572952e+00
4.530594349e+00
4.427517891e+00
4.327059269e+00
4.225440502e+00
4.129076958e+00
4.034164429e+00
3.940566063e+00
3.848325968e+00
3.757930279e+00
3.671103954e+00
3.581102371e+00
3.496812344e+00
3.412216425e+00
3.330313444e+00
3.249536753e+00
3.173857212e+00
3.093816280e+00
3.021907330e+00
2.949292421e+00
2.877057314e+00
2.808968544e+00
2.743155241e+00
2.677278280e+00
2.613520384e+00
2.551581144e+00
2.492814541e+00
2.432120800e+00
2.375657797e+00
2.318828106e+00
2.264223814e+00
2.210870028e+00
2.160310030e+00
2.106042624e+00
2.057508230e+00
2.009561777e+00
1.960358500e+00
1.914575934e+00
1.869311333e+00
1.825317860e+00
1.781525135e+00
1.739142537e+00
1.699735165e+00
1.657067537e+00
1.618602753e+00
1.579442501e+00
1.542396665e+00
1.504120111e+00
1.470315456e+00
1.431939244e+00
1.398538709e+00
1.366577506e+00
1.331309795e+00
1.300365210e+00
1.269311190e+00
1.239462137e+00
1.209145665e+00
1.178951144e+00
1.151944637e+00
1.121274471e+00
1.095597625e+00
1.067551374e+00
1.041116476e+00
1.015030384e+00
9.927118421e-01
9.648458362e-01
9.420848489e-01
9.197260141e-01
8.952595592e-01
8.739576340e-01
8.523713946e-01
8.316344619e-01
8.113471866e-01
7.907191515e-01
7.723250985e-01
7.514480948e-01
7.341049314e-01
7.148880363e-01
6.977428198e-01
6.805137992e-01
6.657257080e-01
6.461378336e-01
6.311792731e-01
6.158645153e-01
5.989227891e-01
5.846455693e-01
5.704242587e-01
5.570518374e-01
5.430541635e-01
5.285202265e-01
5.175607204e-01
5.030978918e-01
4.928450882e-01
4.796889424e-01
4.685639739e-01
4.560840428e-01
4.476361275e-01
4.340225458e-01
4.248295724e-01
4.154638648e-01
4.032839537e-01
3.939131796e-01
3.842527568e-01
3.750146031e-01
3.644691408e-01
3.543789089e-01
3.476142287e-01
3.377275467e-01
3.305736780e-01
3.211952448e-01
3.132735789e-01
3.043986261e-01
2.993903756e-01
2.887787819e-01
2.826875448e-01
2.764971852e-01
2.665695846e-01
2.609359324e-01
2.540996969e-01
2.476651669e-01
2.406637669e-01
2.332581729e-01
2.294574529e-01
2.217263430e-01
2.171629965e-01
2.108479887e-01
2.053566873e-01
1.979994178e-01
1.955207437e-01
1.866886616e-01
1.834346801e-01
1.798272133e-01
1.731206775e-01
1.686871350e-01
1.645278484e-01
1.595246792e-01
1.545622051e-01
1.494980901e-01
1.472761631e-01
1.412281543e-01
1.380046159e-01
1.331515312e-01
1.294474155e-01
1.250213385e-01
1.234984919e-01
1.166852862e-01
1.141200960e-01
1.115244180e-01
1.058857217e-01
1.031756923e-01
1.007147878e-01
9.695232660e-02
9.338551015e-02
8.928734809e-02
8.824248612e-02
8.385962248e-02
8.247920126e-02
7.815735787e-02
7.570151985e-02
7.179405540e-02
7.171524316e-02
6.627222896e-02
6.483587623e-02
6.312748045e-02
5.856921524e-02
5.590753630e-02
5.403133854e-02
5.202544481e-02
4.923399538e-02
4.676547647e-02
4.634092376e-02
4.214363918e-02
4.131995142e-02
3.861754015e-02
3.703880683e-02
3.406944498e-02
3.472026438e-02
2.939422987e-02
2.933576889e-02
2.837225236e-02
2.454615012e-02
2.343775518e-02
2.119295672e-02
1.902694255e-02
1.699312776e-02
1.407205034e-02
1.416103169e-02
9.722218849e-03
9.488330223e-03
6.902872119e-03
6.356287748e-03
3.036091570e-03
4.047912080e-03
-5.383294192e-04
-6.705272244e-04
-1.107794465e-03
-4.860169254e-03
-6.192306988e-03
-7.598184515e-03
-8.953218348e-03
-1.128192805e-02
-1.395890675e-02
-1.349114068e-02
-1.698926464e-02
-1.709858887e-02
-1.964338124e-02
-2.010860853e-02
-2.208649926e-02
-2.039079927e-02
-2.466945164e-02
-2.369575948e-02
-2.335764095e-02
-2.609059960e-02
-2.725751325e-02
-2.791849896e-02
-2.907013148e-02
-3.065394051e-02
-3.241827711e-02
-3.144457936e-02
-3.472664580e-02
-3.463766724e-02
-3.641979024e-02
-3.757143021e-02
-3.926204145e-02
-3.744940087e-02
-4.122212157e-02
-4.091959447e-02
-3.962050378e-02
-4.307797551e-02
-4.398810118e-02
-4.496432841e-02
-4.573208466e-02
-4.673628882e-02
-4.848033190e-02
-4.724727944e-02
-4.999295250e-02
-4.888199642e-02
-5.088272318e-02
-5.136319622e-02
-5.278429389e-02
-5.078610778e-02
-5.505956709e-02
-5.512314290e-02
-5.538498610e-02
-5.850435421e-02
-5.893146247e-02
-5.957721919e-02
-6.019752845e-02
-6.142798811e-02
-6.297367066e-02
-6.221353635e-02
-6.521342695e-02
-6.433379650e-02
-6.621000916e-02
-6.620491296e-02
-6.790568680e-02
-6.673625857e-02
-7.109872997e-02
-7.044284791e-02
-6.954796612e-02
-7.205970585e-02
-7.232155651e-02
-7.214868814e-02
-7.298000157e-02
-7.366640866e-02
-7.490957528e-02
-7.344524562e-02
-7.634340227e-02
-7.506211102e-02
-7.619849592e-02
-7.707303762e-02
-7.828314602e-02
-7.641204447e-02
-7.991272211e-02
-7.813062519e-02
-7.775437832e-02
-8.039322495e-02
-7.999663055e-02
-8.128046989e-02
-8.124995977e-02
-8.203804493e-02
-8.299647272e-02
-8.168213814e-02
-8.439221978e-02
-8.357360214e-02
-8.480409533e-02
-8.478121459e-02
-8.640825003e-02
-8.448884636e-02
-8.783949912e-02
-8.714037389e-02
-8.582858741e-02
-8.828693628e-02
-8.782678097e-02
-8.811660856e-02
-8.885388821e-02
-8.883354068e-02
-9.037665278e-02
-8.854624629e-02
-9.145712852e-02
-9.021904320e-02
-9.090799093e-02
-9.128931910e-02
-9.264688194e-02
-9.020633250e-02
-9.428153932e-02
-9.331042320e-02
-9.314263612e-02
-9.601029754e-02
-9.588572383e-02
-9.550184011e-02
-9.602554142e-02
-9.666618705e-02
-9.818904847e-02
-9.635348618e-02
-9.880934656e-02
-9.761956334e-02
-9.965337068e-02
-9.960252792e-02
-1.009880975e-01
-9.893135726e-02
-1.022236496e-01
-1.011991128e-01
-1.006652266e-01
-1.031541228e-01
-1.020380706e-01
-1.026227772e-01
-1.029710770e-01
-1.042879745e-01
-1.052565947e-01
-1.036574915e-01
-1.063802540e-01
-1.050939038e-01
-1.066242978e-01
-1.060624942e-01
-1.076539308e-01
-1.054498181e-01
-1.092250869e-01
-1.075192019e-01
-1.059912890e-01
-1.085005403e-01
-1.085386574e-01
-1.080759466e-01
-1.081522182e-01
-1.092835516e-01
-1.099801660e-01
-1.072776616e-01
-1.096979380e-01
-1.089072973e-01
-1.101657376e-01
-1.103996485e-01
-1.113249585e-01
-1.089835390e-01
-1.120851189e-01
-1.107123196e-01
-1.097615063e-01
-1.121384948e-01
-1.112715825e-01
-1.110936403e-01
-1.112436205e-01
-1.122630611e-01
-1.127435863e-01
-1.108495742e-01
-1.138138548e-01
-1.123622581e-01
-1.133206710e-01
-1.136130244e-01
-1.140172109e-01
-1.113631055e-01
-1.151231006e-01
-1.140019596e-01
-1.127511933e-01
-1.154612079e-01
-1.147519276e-01
-1.150391996e-01
-1.152781695e-01
-1.156950891e-01
-1.162620038e-01
-1.144621074e-01
-1.173145026e-01
-1.157383025e-01
-1.167856976e-01
-1.169229969e-01
-1.169738397e-01
-1.147951558e-01
-1.186161488e-01
-1.176882163e-01
-1.163509861e-01
-1.177848279e-01
-1.171822846e-01
-1.175789014e-01
-1.174136549e-01
-1.178559959e-01
-1.184330881e-01
-1.164501384e-01
-1.185297146e-01
-1.167399511e-01
-1.176348105e-01
-1.174644902e-01
-1.177161634e-01
-1.149883494e-01
-1.182271540e-01
-1.168746948e-01
-1.162111834e-01
-1.182729304e-01
-1.176780462e-01
-1.176195741e-01
-1.182017624e-01
-1.188627258e-01
-1.196457595e-01
-1.175865158e-01
-1.201415360e-01
-1.193178073e-01
-1.201695129e-01
-1.194576249e-01
-1.205686331e-01
-1.185068116e-01
-1.216083989e-01
-1.196838915e-01
-1.184152886e-01
-1.204186454e-01
-1.202432215e-01
-1.200144216e-01
-1.202127263e-01
-1.209728420e-01
-1.219185740e-01
-1.197423860e-01
-1.219083965e-01
-1.205864325e-01
-1.214304566e-01
-1.199813634e-01
-1.212855354e-01
-1.185907125e-01
-1.220838204e-01
-1.215931773e-01
-1.193864644e-01
-1.211813241e-01
-1.202177927e-01
-1.200626940e-01
-1.200321838e-01
-1.204059198e-01
-1.205076128e-01
-1.186339334e-01
-1.213567406e-01
-1.197143868e-01
-1.210160702e-01
-1.201567501e-01
-1.218524873e-01
-1.196711734e-01
-1.224270165e-01
-1.215372384e-01
-1.208508238e-01
-1.229354814e-01
-1.221448258e-01
-1.218422800e-01
-1.213923246e-01
-1.224626005e-01
-1.229481772e-01
-1.212194487e-01
-1.232990175e-01
-1.222083867e-01
-1.228108928e-01
-1.229303777e-01
-1.237871349e-01
-1.216287538e-01
-1.254040003e-01
-1.239396632e-01
-1.223278791e-01
-1.246845499e-01
-1.237159520e-01
-1.233295277e-01
-1.239244193e-01
-1.239371300e-01
-1.245167330e-01
-1.226634458e-01
-1.251522899e-01
-1.235608757e-01
-1.244735494e-01
-1.248472705e-01
-1.248904690e-01
-1.228236184e-01
-1.266344339e-01
-1.247684360e-01
-1.238888204e-01
-1.262607127e-01
-1.256633252e-01
-1.256709397e-01
-1.257039905e-01
-1.263598949e-01
-1.273615211e-01
-1.256124675e-01
-1.278089881e-01
-1.264310628e-01
-1.278623790e-01
-1.271861196e-01
-1.278674453e-01
-1.254345179e-01
-1.289834827e-01
-1.271326989e-01
-1.253938228e-01
-1.276259124e-01
-1.273055822e-01
-1.275700033e-01
-1.274250895e-01
-1.280581057e-01
-1.284547001e-01
-1.262276918e-01
-1.279996336e-01
-1.263268292e-01
-1.270717233e-01
-1.264030933e-01
-1.265225708e-01
-1.245472729e-01
-1.271886677e-01
-1.262047887e-01
-1.244125143e-01
-1.262683570e-01
-1.255489290e-01
-1.254192740e-01
-1.251218319e-01
-1.254930049e-01
-1.264031231e-01
-1.243972853e-01
-1.261234879e-01
-1.251574159e-01
-1.262150109e-01
-1.255311370e-01
-1.269267946e-01
-1.241786405e-01
-1.274937242e-01
-1.256836653e-01
-1.235176474e-01
-1.256734878e-01
-1.245167628e-01
-1.239727214e-01
-1.241252497e-01
-1.250430197e-01
-1.250328422e-01
-1.230371669e-01
-1.251904815e-01
-1.233930811e-01
-1.238379776e-01
-1.235252768e-01
-1.250328422e-01
-1.227626130e-01
-1.262683868e-01
-1.247328594e-01
-1.236371398e-01
-1.248243898e-01
-1.242625415e-01
-1.235202104e-01
-1.240438968e-01
-1.240108684e-01
-1.250023395e-01
-1.225439757e-01
-1.240642443e-01
-1.226634458e-01
-1.237007007e-01
-1.231312379e-01
-1.237642542e-01
-1.214304641e-01
-1.245803311e-01
-1.227778569e-01
-1.214431673e-01
-1.232608855e-01
-1.225261837e-01
-1.229710802e-01
-1.223075464e-01
-1.227524355e-01
-1.234032512e-01
-1.206398085e-01
-1.229507327e-01
-1.215092614e-01
-1.229609028e-01
-1.229024231e-01
-1.235583276e-01
-1.211787909e-01
-1.237439141e-01
-1.225668564e-01
-1.210059151e-01
-1.231287047e-01
-1.232303753e-01
-1.229202375e-01
-1.225770265e-01
-1.227880344e-01
-1.235354468e-01
-1.212448552e-01
-1.235201955e-01
-1.220685691e-01
-1.228795573e-01
-1.223787367e-01
-1.228795350e-01
-1.204084754e-01
-1.239803508e-01
-1.228160039e-01
-1.210465804e-01
-1.229151487e-01
-1.214889288e-01
-1.215880811e-01
-1.216668859e-01
-1.223634630e-01
-1.229151487e-01
-1.211177558e-01
-1.229761466e-01
-1.215753630e-01
-1.229354963e-01
-1.220482290e-01
-1.221880540e-01
-1.194220409e-01
-1.226532683e-01
-1.220380738e-01
-1.200195178e-01
-1.222312525e-01
-1.206677780e-01
-1.209982708e-01
-1.207262576e-01
-1.212270856e-01
-1.214965582e-01
-1.190890074e-01
-1.218473911e-01
-1.196839288e-01
-1.207847074e-01
-1.200728938e-01
-1.210567430e-01
-1.185347959e-01
-1.214152053e-01
-1.203296706e-01
-1.183771640e-01
-1.207516789e-01
-1.201720312e-01
-1.200855970e-01
-1.201364398e-01
-1.205660999e-01
-1.210262328e-01
-1.191805303e-01
-1.216567457e-01
-1.197118983e-01
-1.205025464e-01
-1.194398552e-01
-1.203017086e-01
-1.174365208e-01
-1.204008460e-01
-1.188246086e-01
-1.174441651e-01
-1.196228787e-01
-1.190101802e-01
-1.184966415e-01
-1.193203479e-01
-1.196686402e-01
-1.205559373e-01
-1.188856065e-01
-1.208635271e-01
-1.192720234e-01
-1.206550747e-01
-1.196813509e-01
-1.203092784e-01
-1.179907620e-01
-1.208990887e-01
-1.190915480e-01
-1.182475090e-01
-1.202050447e-01
-1.199991107e-01
-1.192008480e-01
-1.187483370e-01
-1.189644188e-01
-1.197067723e-01
-1.179373711e-01
-1.200321615e-01
-1.181814447e-01
-1.190737486e-01
-1.186695546e-01
-1.193101704e-01
-1.166662350e-01
-1.196127012e-01
-1.185525954e-01
-1.167196631e-01
-1.184559762e-01
-1.175738275e-01
-1.172764003e-01
-1.168010086e-01
-1.170806438e-01
-1.173018292e-01
-1.155985370e-01
-1.176983938e-01
-1.161349416e-01
-1.174594387e-01
-1.169942021e-01
-1.176246852e-01
-1.154510751e-01
-1.184966788e-01
-1.171060503e-01
-1.162188277e-01
-1.179221198e-01
-1.169204786e-01
-1.164527088e-01
-1.162849218e-01
-1.166993082e-01
-1.174874008e-01
-1.150341332e-01
-1.174314767e-01
-1.160713732e-01
-1.168213263e-01
-1.153010726e-01
-1.161171421e-01
-1.136664078e-01
-1.169636846e-01
-1.149400994e-01
-1.128528714e-01
-1.143096238e-01
-1.137248799e-01
-1.127944067e-01
-1.128223613e-01
-1.129418537e-01
-1.132392958e-01
-1.105623022e-01
