2.969622314e-01
2.953619659e-01
2.935355604e-01
2.918113470e-01
2.885876298e-01
2.866439819e-01
2.848372161e-01
2.838318348e-01
2.846859992e-01
2.834998965e-01
2.796165645e-01
2.767584920e-01
2.767537534e-01
2.777043283e-01
2.774867117e-01
2.762685418e-01
2.740820944e-01
2.726784945e-01
2.716986835e-01
2.711489499e-01
2.711499929e-01
2.709212303e-01
2.694116235e-01
2.678962350e-01
2.668812573e-01
2.664638758e-01
2.651786506e-01
2.646262944e-01
2.643340826e-01
2.634327114e-01
2.616696656e-01
2.606357336e-01
2.596937418e-01
2.594052553e-01
2.583638728e-01
2.565885186e-01
2.558687031e-01
2.541975081e-01
2.535543442e-01
2.535193264e-01
2.520900071e-01
2.509397268e-01
2.495948076e-01
2.475547642e-01
2.467763424e-01
2.472577691e-01
2.463838160e-01
2.465795875e-01
2.457549274e-01
2.436911762e-01
2.410891205e-01
2.388030738e-01
2.378232032e-01
2.370278239e-01
2.366693914e-01
2.367800325e-01
2.357453257e-01
2.352922708e-01
2.352922410e-01
2.357888371e-01
2.350756824e-01
2.328559458e-01
2.314352393e-01
2.310966402e-01
2.302832603e-01
2.292466164e-01
2.284179926e-01
2.289967984e-01
2.287196815e-01
2.281909585e-01
2.262869924e-01
2.239678651e-01
2.228423953e-01
2.215542495e-01
2.212591171e-01
2.205280215e-01
2.192000598e-01
2.178257257e-01
2.182098180e-01
2.183119357e-01
2.181141376e-01
2.166141272e-01
2.152265757e-01
2.137690037e-01
2.125309557e-01
2.112256587e-01
2.086947709e-01
2.076050937e-01
2.073762268e-01
2.074698955e-01
2.072229981e-01
2.072012872e-01
2.074925601e-01
2.071284801e-01
2.071303725e-01
2.054221034e-01
2.041906416e-01
2.037499249e-01
2.031454742e-01
2.013398707e-01
1.996827275e-01
1.984324455e-01
1.972653568e-01
1.967442483e-01
1.968559027e-01
1.959100068e-01
1.936439276e-01
1.914069653e-01
1.910191178e-01
1.922649145e-01
1.919111907e-01
1.906417459e-01
1.892145574e-01
1.889252216e-01
1.888192296e-01
1.887880564e-01
1.880436838e-01
1.865255535e-01
1.858133227e-01
1.849365383e-01
1.848429590e-01
1.837675720e-01
1.832747608e-01
1.816451401e-01
1.809839755e-01
1.798707396e-01
1.796191931e-01
1.797307730e-01
1.796740294e-01
1.796040535e-01
1.793232113e-01
1.786195189e-01
1.771743596e-01
1.754444391e-01
1.743416637e-01
1.733182818e-01
1.733164042e-01
1.726581156e-01
1.723223329e-01
1.713821590e-01
1.714162678e-01
1.713471860e-01
1.706161797e-01
1.712564081e-01
1.706652939e-01
1.700524241e-01
1.694811434e-01
1.685410589e-01
1.674344987e-01
1.665577739e-01
1.662427932e-01
1.665870398e-01
1.661784202e-01
1.661349535e-01
1.670230776e-01
1.669351161e-01
1.653858721e-01
1.643728167e-01
1.646481156e-01
1.654350311e-01
1.653754860e-01
1.640825570e-01
1.614257991e-01
1.602462828e-01
1.613113731e-01
1.616092771e-01
1.602132022e-01
1.584530622e-01
1.584842652e-01
1.586053967e-01
1.590290666e-01
1.593175083e-01
1.568243802e-01
1.541106850e-01
1.539980620e-01
1.546574086e-01
1.552021801e-01
1.547812670e-01
1.534551531e-01
1.541069299e-01
1.543264240e-01
1.536434740e-01
1.522586942e-01
1.513317376e-01
1.508011669e-01
1.506243050e-01
1.503623277e-01
1.490343064e-01
1.478434652e-01
1.481328905e-01
1.485084146e-01
1.468258649e-01
1.460095644e-01
1.452983469e-01
1.447592229e-01
1.455754340e-01
1.444083005e-01
1.420624554e-01
1.430518776e-01
1.412699372e-01
1.401139796e-01
1.401679963e-01
1.383358687e-01
1.376444995e-01
1.375234127e-01
1.357205957e-01
1.337371767e-01
1.344654560e-01
1.346878409e-01
1.345307380e-01
1.342412680e-01
1.350887567e-01
1.348012239e-01
1.347057223e-01
1.351626068e-01
1.342640221e-01
1.331328750e-01
1.317009628e-01
1.315997392e-01
1.312535852e-01
1.309528351e-01
1.311239898e-01
1.304733306e-01
1.301517487e-01
1.301233619e-01
1.292541772e-01
1.294187307e-01
1.293837428e-01
1.293629855e-01
1.291926801e-01
1.296145767e-01
1.295039356e-01
1.300912350e-01
1.301489025e-01
1.287396550e-01
1.287869662e-01
1.284880638e-01
1.274391413e-01
1.261093915e-01
1.243898496e-01
1.239235774e-01
1.235537678e-01
1.228519529e-01
1.219023839e-01
1.219355017e-01
1.225256994e-01
1.218323931e-01
1.204278693e-01
1.189154536e-01
1.186004654e-01
1.179290190e-01
1.145078763e-01
1.181918681e-01
3.160533905e-01
1.420464993e+00
3.911534309e+00
7.317825317e+00
1.079858780e+01
1.371008682e+01
1.583273983e+01
1.720598602e+01
1.795418549e+01
1.818000031e+01
1.801968575e+01
1.758777237e+01
1.697353363e+01
1.627728653e+01
1.556268978e+01
1.486531544e+01
1.421827412e+01
1.362201309e+01
1.309510708e+01
1.261538410e+01
1.219598770e+01
1.181228161e+01
1.147327614e+01
1.115342903e+01
1.086622524e+01
1.059158516e+01
1.034880924e+01
1.013137913e+01
9.870462418e+00
9.567667961e+00
9.268079758e+00
9.000701904e+00
8.773001671e+00
8.555132866e+00
8.357198715e+00
8.153467178e+00
7.963599682e+00
7.776513100e+00
7.605283260e+00
7.431006432e+00
7.272284031e+00
7.109794140e+00
6.947910786e+00
6.796985149e+00
6.641304493e+00
6.487211704e+00
6.338092804e+00
6.191013813e+00
6.050236702e+00
5.903755188e+00
5.773538589e+00
5.634428024e+00
5.489598274e+00
5.319999695e+00
5.161267281e+00
5.018551350e+00
4.909250259e+00
4.802937031e+00
4.693130493e+00
4.589962959e+00
4.484368801e+00
4.383172035e+00
4.290441036e+00
4.198301792e+00
4.112504959e+00
4.020937920e+00
3.944647789e+00
3.860316277e+00
3.785224676e+00
3.707013607e+00
3.637004137e+00
3.559774637e+00
3.495431185e+00
3.424593449e+00
3.351020813e+00
3.285990477e+00
3.215479851e+00
3.138826132e+00
3.056848764e+00
2.979772568e+00
2.918742895e+00
2.857657433e+00
2.810969591e+00
2.752787352e+00
2.701837778e+00
2.646185398e+00
2.597484589e+00
2.542712927e+00
2.500859737e+00
2.454444885e+00
2.406910181e+00
2.369789600e+00
2.329454184e+00
2.288518429e+00
2.249735117e+00
2.210373163e+00
2.175738573e+00
2.133110046e+00
2.103403330e+00
2.062530279e+00
2.029725552e+00
1.992915869e+00
1.957937360e+00
1.908708215e+00
1.874578714e+00
1.840291500e+00
1.809030414e+00
1.786321402e+00
1.756214261e+00
1.725575566e+00
1.698422432e+00
1.672058105e+00
1.649743795e+00
1.618574500e+00
1.601503849e+00
1.573969245e+00
1.554416776e+00
1.528994083e+00
1.511446238e+00
1.485476971e+00
1.470932722e+00
1.450241566e+00
1.427606225e+00
1.414740920e+00
1.395707965e+00
1.376857162e+00
1.359426141e+00
1.339196444e+00
1.321624279e+00
1.295261502e+00
1.285367846e+00
1.267165422e+00
1.255703568e+00
1.238329530e+00
1.228315473e+00
1.209233642e+00
1.201017857e+00
1.185337782e+00
1.168499470e+00
1.159840226e+00
1.145464778e+00
1.131800413e+00
1.121149063e+00
1.108978271e+00
1.101218700e+00
1.083921552e+00
1.078745008e+00
1.063339710e+00
1.055741906e+00
1.042658567e+00
1.037109852e+00
1.022120953e+00
1.017651200e+00
1.004269838e+00
9.879032969e-01
9.817175269e-01
9.721649289e-01
9.629323483e-01
9.554253221e-01
9.461381435e-01
9.405649900e-01
9.259894490e-01
9.237096310e-01
9.108135104e-01
9.052432775e-01
8.946408629e-01
8.913576603e-01
8.783782721e-01
8.781615496e-01
8.702467084e-01
8.599282503e-01
8.582020402e-01
8.506601453e-01
8.429720998e-01
8.379662633e-01
8.315458298e-01
8.294490576e-01
8.169604540e-01
8.149988055e-01
8.043697476e-01
8.010390401e-01
7.925837040e-01
7.901126742e-01
7.779034376e-01
7.768802643e-01
7.703924179e-01
7.622844577e-01
7.626694441e-01
7.554222941e-01
7.476131320e-01
7.422604561e-01
7.371475697e-01
7.349759936e-01
7.244325280e-01
7.268095016e-01
7.171525359e-01
7.149771452e-01
7.077406645e-01
7.069110870e-01
6.968455315e-01
6.993672252e-01
6.936258078e-01
6.849783063e-01
6.851844788e-01
6.790022254e-01
6.731883883e-01
6.708357930e-01
6.665111184e-01
6.641287804e-01
6.539106369e-01
6.580953002e-01
6.507923007e-01
6.498718858e-01
6.414475441e-01
6.413898468e-01
6.323935390e-01
6.340686083e-01
6.286556721e-01
6.206325889e-01
6.217213869e-01
6.171912551e-01
6.133119464e-01
6.119605899e-01
6.081783772e-01
6.079685688e-01
5.989951491e-01
6.029607654e-01
5.955126286e-01
5.948998928e-01
5.871774554e-01
5.872731209e-01
5.772600770e-01
5.794959664e-01
5.744736195e-01
5.671072006e-01
5.680115819e-01
5.622338653e-01
5.577006340e-01
5.566034317e-01
5.543978810e-01
5.544562936e-01
5.448507667e-01
5.480037332e-01
5.412891507e-01
5.422518253e-01
5.357350111e-01
5.355401635e-01
5.272900462e-01
5.298180580e-01
5.257381797e-01
5.195222497e-01
5.210832953e-01
5.170688629e-01
5.147178769e-01
5.140963197e-01
5.102725029e-01
5.112382174e-01
5.033900142e-01
5.082789063e-01
5.022256970e-01
5.044339895e-01
4.997220039e-01
5.018604398e-01
4.935381413e-01
4.962733388e-01
4.921854436e-01
4.852487147e-01
4.888713062e-01
4.866609871e-01
4.839897752e-01
4.832473397e-01
4.802869260e-01
4.807682633e-01
4.742004871e-01
4.813169241e-01
4.748672247e-01
4.767901897e-01
4.718595445e-01
4.727845192e-01
4.651090205e-01
4.691866040e-01
4.650447071e-01
4.582299292e-01
4.612652659e-01
4.573805034e-01
4.534448683e-01
4.518652856e-01
4.489832222e-01
4.498884380e-01
4.416589439e-01
4.454827309e-01
4.388583601e-01
4.405674934e-01
4.360813498e-01
4.386502504e-01
4.314995110e-01
4.362884760e-01
4.330072999e-01
4.271629751e-01
4.311079383e-01
4.283206165e-01
4.260421097e-01
4.254046679e-01
4.221822619e-01
4.233182073e-01
4.158761501e-01
4.208297431e-01
4.152312279e-01
4.170444012e-01
4.123164415e-01
4.143762887e-01
4.075796604e-01
4.125442505e-01
4.093113244e-01
4.035033584e-01
4.051442444e-01
4.001474679e-01
3.960633278e-01
3.958902359e-01
3.959678113e-01
3.980315328e-01
3.908442557e-01
3.963518441e-01
3.889032602e-01
3.906171322e-01
3.877124488e-01
3.903740644e-01
3.828046918e-01
3.871941566e-01
3.851144910e-01
3.802973330e-01
3.845187426e-01
3.808345795e-01
3.769463003e-01
3.770493567e-01
3.744455576e-01
3.755048811e-01
3.684437871e-01
3.736613989e-01
3.677778840e-01
3.696136475e-01
3.649328053e-01
3.677174151e-01
3.612224460e-01
3.648798168e-01
3.624964356e-01
3.568091094e-01
3.604497015e-01
3.586819470e-01
3.582014143e-01
3.587215841e-01
3.567315340e-01
3.584519327e-01
3.511504531e-01
3.574106991e-01
3.521548808e-01
3.549410701e-01
3.510057628e-01
3.539215326e-01
3.469962180e-01
3.520036042e-01
3.488709033e-01
3.430465758e-01
3.471368849e-01
3.443820477e-01
3.420110941e-01
3.414654136e-01
3.402386308e-01
3.420290649e-01
3.354960084e-01
3.413745165e-01
3.365998566e-01
3.373081386e-01
3.329666555e-01
3.358612061e-01
3.284816146e-01
3.327784836e-01
3.295948505e-01
3.243587017e-01
3.284758925e-01
3.262078762e-01
3.244031370e-01
3.253754377e-01
3.247407079e-01
3.265891075e-01
3.186277151e-01
3.231574893e-01
3.163841367e-01
3.186552525e-01
3.155120313e-01
3.178617656e-01
3.099032342e-01
3.140818477e-01
3.107837141e-01
3.055544794e-01
3.089384735e-01
3.056983054e-01
3.036473691e-01
3.045499027e-01
3.031007349e-01
3.048498631e-01
2.984168530e-01
3.046607673e-01
2.998130918e-01
3.014654815e-01
2.968733013e-01
2.997335494e-01
2.937819660e-01
2.990439534e-01
2.980149388e-01
2.933480144e-01
2.966717184e-01
2.935854495e-01
2.906844020e-01
2.911479473e-01
2.907279730e-01
2.939563990e-01
2.875991166e-01
2.931267321e-01
2.880094945e-01
2.898841202e-01
2.869028747e-01
2.898473144e-01
2.837646604e-01
2.886894345e-01
2.856192291e-01
2.801623642e-01
2.839055657e-01
2.811204195e-01
2.791080773e-01
2.800442576e-01
2.782446444e-01
2.804396152e-01
2.751951218e-01
2.819083035e-01
2.768464386e-01
2.785130143e-01
2.737735808e-01
2.757968605e-01
2.699618042e-01
2.756104469e-01
2.733688951e-01
2.693933547e-01
2.735343277e-01
2.712320089e-01
2.693375945e-01
2.703827024e-01
2.699239850e-01
2.729602158e-01
2.663307488e-01
2.717305124e-01
2.675535381e-01
2.691813707e-01
2.645345926e-01
2.674427629e-01
2.616137266e-01
2.682714462e-01
2.668707967e-01
2.620100677e-01
2.668206692e-01
2.652866244e-01
2.640645504e-01
2.641932368e-01
2.613716125e-01
2.631876767e-01
2.562459707e-01
2.619617879e-01
2.576855719e-01
2.603905797e-01
2.570888996e-01
2.602279186e-01
2.547943294e-01
2.612031698e-01
2.602250874e-01
2.553002536e-01
2.581027150e-01
2.559272945e-01
2.554099858e-01
2.565307021e-01
2.552936673e-01
2.567275465e-01
2.497632951e-01
2.568258047e-01
2.528749406e-01
2.550579906e-01
2.518014312e-01
2.532504201e-01
2.459867001e-01
2.523717582e-01
2.512388229e-01
2.476986349e-01
2.515650392e-01
2.476882637e-01
2.442804277e-01
2.455175817e-01
2.454749942e-01
2.478537709e-01
2.416831553e-01
2.500290275e-01
2.460964471e-01
2.479369938e-01
2.436873764e-01
2.463281751e-01
2.396922857e-01
2.450928390e-01
2.439275980e-01
2.397205979e-01
2.439362109e-01
2.404035628e-01
2.380247563e-01
2.381184250e-01
2.370269150e-01
2.388722450e-01
2.316998690e-01
2.370250076e-01
2.314946949e-01
2.333049625e-01
2.299483865e-01
2.318749279e-01
2.248512954e-01
2.307248712e-01
2.292796969e-01
2.251974344e-01
2.298367471e-01
2.271042615e-01
2.250764221e-01
2.251965106e-01
2.241740525e-01
2.266342491e-01
2.205609828e-01
2.266295552e-01
2.210840285e-01
2.235668898e-01
2.200871259e-01
2.225055695e-01
2.169838846e-01
2.226919681e-01
2.208513469e-01
2.172137499e-01
2.223193347e-01
2.199112028e-01
2.169129103e-01
2.164192647e-01
2.155235708e-01
2.194779664e-01
2.137870342e-01
2.187733799e-01
2.128951252e-01
2.153986841e-01
2.131997198e-01
2.167654037e-01
2.100671530e-01
2.156834304e-01
2.143422961e-01
2.093501836e-01
2.132905126e-01
2.101626247e-01
2.080667764e-01
2.094306052e-01
2.102288306e-01
2.132261992e-01
2.068589181e-01
2.125991136e-01
2.076855302e-01
2.109089196e-01
2.077706903e-01
2.109647393e-01
2.065042555e-01
2.129008621e-01
2.120779753e-01
2.087788880e-01
2.121820301e-01
2.096377462e-01
2.092282027e-01
2.102402747e-01
2.090069205e-01
2.119237781e-01
2.067283690e-01
2.128516287e-01
2.067237049e-01
2.085859925e-01
2.062980384e-01
2.100652009e-01
2.038160414e-01
2.095384896e-01
2.080440372e-01
2.037205398e-01
2.073214799e-01
2.050372064e-01
2.034813613e-01
2.049369812e-01
2.037366778e-01
2.068495452e-01
2.009002715e-01
2.068475783e-01
2.020192444e-01
2.048423737e-01
2.009173185e-01
2.041528672e-01
1.977877170e-01
2.018981725e-01
2.009618133e-01
1.974443197e-01
2.012285292e-01
1.987590194e-01
1.969704777e-01
1.980061382e-01
1.972325593e-01
1.996773481e-01
1.927473396e-01
1.988659203e-01
1.946814954e-01
1.978794038e-01
1.951148510e-01
1.976003200e-01
1.907317936e-01
1.968286335e-01
1.956776232e-01
1.918279678e-01
1.963236183e-01
1.949928105e-01
1.932125986e-01
1.933526397e-01
1.921335757e-01
1.954553425e-01
1.897820830e-01
1.960038990e-01
1.910675168e-01
1.926234812e-01
1.896373779e-01
1.929960698e-01
1.877732128e-01
1.943617761e-01
1.925807893e-01
1.874724478e-01
1.908537894e-01
1.876796037e-01
1.868255287e-01
1.882395595e-01
1.856894791e-01
1.868594587e-01
1.803465635e-01
1.864432991e-01
1.815572083e-01
1.829257756e-01
1.796324700e-01
1.835368127e-01
1.781447530e-01
1.852770597e-01
1.840095967e-01
1.797629744e-01
1.838762462e-01
1.820367128e-01
1.804638952e-01
1.831053942e-01
1.816120148e-01
1.841373444e-01
1.772632003e-01
1.835395694e-01
1.790678501e-01
1.812185496e-01
1.761519015e-01
1.797563732e-01
1.749242991e-01
1.812714785e-01
1.799105704e-01
1.749725193e-01
1.782232523e-01
1.762833595e-01
1.763060689e-01
1.783480644e-01
1.785126030e-01
1.809716523e-01
1.749449968e-01
1.823620051e-01
1.778685302e-01
1.799672246e-01
1.761849523e-01
1.790696979e-01
1.722381562e-01
1.781702489e-01
1.787131280e-01
1.761518270e-01
1.801289916e-01
1.781948507e-01
1.758539230e-01
1.765472442e-01
1.762786359e-01
1.795964241e-01
1.746320575e-01
1.804288477e-01
1.752430499e-01
1.784133315e-01
1.748921573e-01
1.774296910e-01
1.729267091e-01
1.799833030e-01
1.791614145e-01
1.742168367e-01
1.776765436e-01
1.758170873e-01
1.740125567e-01
1.745005697e-01
1.744409949e-01
1.770494878e-01
1.702889204e-01
1.773322821e-01
1.735604256e-01
1.768386066e-01
1.734242141e-01
1.758019626e-01
1.683055013e-01
1.729749739e-01
1.701772362e-01
1.649441272e-01
1.693325937e-01
1.660299003e-01
1.629210711e-01
1.636531204e-01
1.638555527e-01
1.674816757e-01
1.612535566e-01
1.672205925e-01
1.618948132e-01
1.660081744e-01
1.645971090e-01
1.684956253e-01
1.619790345e-01
1.656004041e-01
1.626231968e-01
1.583631486e-01
1.645298898e-01
1.650378555e-01
1.643595845e-01
1.647777408e-01
1.628643423e-01
1.658228785e-01
1.608629376e-01
1.674939990e-01
1.626467556e-01
1.650661677e-01
1.608507037e-01
1.650159955e-01
1.607730836e-01
1.662418246e-01
1.640645117e-01
1.586810201e-01
1.627508551e-01
1.613188088e-01
1.594726890e-01
1.606198549e-01
1.608866006e-01
1.634733975e-01
1.564365476e-01
1.625597924e-01
1.581901461e-01
1.623346657e-01
1.612442136e-01
1.654634178e-01
1.598830819e-01
1.657093763e-01
1.642017365e-01
1.598972976e-01
1.646254659e-01
1.629939526e-01
1.618220806e-01
1.624936163e-01
1.616536528e-01
1.642405093e-01
1.587433368e-01
1.665794998e-01
