1.537212133e-01
1.522352546e-01
1.510179192e-01
1.501549184e-01
1.489165574e-01
1.474185139e-01
1.462158114e-01
1.455865502e-01
1.445850730e-01
1.436261833e-01
1.429251134e-01
1.420620531e-01
1.409184486e-01
1.397493929e-01
1.388127655e-01
1.377745122e-01
1.371827424e-01
1.362194270e-01
1.350484341e-01
1.340286285e-01
1.330869198e-01
1.320105493e-01
1.314256489e-01
1.311614662e-01
1.303009987e-01
1.291762590e-01
1.276985705e-01
1.266628802e-01
1.264660656e-01
1.251439005e-01
1.241056100e-01
1.233283505e-01
1.222018301e-01
1.210568175e-01
1.204610690e-01
1.203715652e-01
1.200254634e-01
1.198781207e-01
1.186582968e-01
1.177527010e-01
1.167113110e-01
1.157009453e-01
1.148519292e-01
1.144360527e-01
1.134219766e-01
1.124897450e-01
1.112667248e-01
1.107002720e-01
1.102214903e-01
1.099153906e-01
1.084770039e-01
1.074990928e-01
1.064988673e-01
1.060162708e-01
1.054776385e-01
1.046604738e-01
1.036101133e-01
1.021120921e-01
1.014543176e-01
1.005596146e-01
1.000540853e-01
9.920008481e-02
9.837335348e-02
9.747736901e-02
9.733755887e-02
9.646834433e-02
9.572537243e-02
9.491497278e-02
9.394274652e-02
9.280920774e-02
9.257113189e-02
9.217873216e-02
9.171649814e-02
9.108715504e-02
9.053463489e-02
8.992626518e-02
8.924167603e-02
8.830955625e-02
8.692900836e-02
8.697726578e-02
8.663878590e-02
8.593201637e-02
8.482766896e-02
8.446641266e-02
8.354828507e-02
8.349430561e-02
8.294618130e-02
8.308587968e-02
8.221973479e-02
8.160314709e-02
8.141265064e-02
8.104365319e-02
8.061567694e-02
7.950118184e-02
7.840954512e-02
7.824445516e-02
7.782024890e-02
7.731979340e-02
7.704170048e-02
7.662769407e-02
7.629687339e-02
7.593239099e-02
7.449855655e-02
7.401912659e-02
7.367362827e-02
7.355169952e-02
7.367810607e-02
7.309831679e-02
7.208734751e-02
7.072210312e-02
7.048459351e-02
6.995183975e-02
6.981022656e-02
6.956957281e-02
6.778202951e-02
6.663452089e-02
6.646751612e-02
6.627448648e-02
6.581218541e-02
6.469773501e-02
6.447866559e-02
6.460058689e-02
6.422911584e-02
6.385952979e-02
6.338516623e-02
6.188788638e-02
6.143134087e-02
6.187327951e-02
6.074557453e-02
6.028778479e-02
5.971308425e-02
5.891934410e-02
5.804799497e-02
5.721540749e-02
5.644130334e-02
5.583612248e-02
5.553638563e-02
5.564940721e-02
5.587544292e-02
5.545508116e-02
5.478892848e-02
5.410502851e-02
5.404154584e-02
5.344914645e-02
5.402376503e-02
5.418634042e-02
5.404344201e-02
5.313807726e-02
5.214361101e-02
5.201220140e-02
5.208397657e-02
5.230873451e-02
5.203314871e-02
5.127754062e-02
5.098544806e-02
5.141534284e-02
5.109147727e-02
5.041198060e-02
4.970524460e-02
4.950964451e-02
4.943473265e-02
4.940996319e-02
4.955979809e-02
4.953883216e-02
4.933693632e-02
4.904800281e-02
4.802303016e-02
4.726222903e-02
4.652557895e-02
4.627158493e-02
4.619473591e-02
4.565060511e-02
4.547344148e-02
4.466445744e-02
4.419889301e-02
4.387691617e-02
4.355114326e-02
4.369213060e-02
4.302529246e-02
4.271660373e-02
4.251084849e-02
4.226322472e-02
4.166942835e-02
4.169164971e-02
4.205422103e-02
4.184907675e-02
4.177035764e-02
4.110493883e-02
4.057849571e-02
4.046357051e-02
4.069088399e-02
4.009398818e-02
3.955486044e-02
3.925893456e-02
3.898588941e-02
3.871536627e-02
3.860741481e-02
3.820542619e-02
3.612254933e-02
3.680646792e-02
3.655183688e-02
3.542277962e-02
3.636450693e-02
3.691443428e-02
3.700523451e-02
3.687440231e-02
3.683252633e-02
3.569648787e-02
3.542216122e-02
3.589523584e-02
3.565837443e-02
3.533897176e-02
3.565329686e-02
3.496811911e-02
3.535039723e-02
3.499732912e-02
3.383902833e-02
3.367201611e-02
3.290806711e-02
3.305094317e-02
3.282614797e-02
3.245847672e-02
3.238100559e-02
3.198157996e-02
3.197332099e-02
3.180887550e-02
3.175743669e-02
3.208827227e-02
3.210352361e-02
3.164567426e-02
3.214413300e-02
3.159233183e-02
3.166660294e-02
3.191997856e-02
3.199367225e-02
3.155041113e-02
3.153578565e-02
3.149134293e-02
3.150721639e-02
3.149009123e-02
3.090518154e-02
3.093062714e-02
3.124879487e-02
3.128495440e-02
3.184186295e-02
3.289917484e-02
3.467093036e-02
3.597272560e-02
3.687382862e-02
4.469743744e-02
1.007900089e-01
5.300341249e-01
2.332213163e+00
5.417206764e+00
8.475155830e+00
1.065452385e+01
1.179718208e+01
1.220062923e+01
1.225327206e+01
1.214447880e+01
1.192444038e+01
1.154661083e+01
1.106153393e+01
1.053899002e+01
1.002729034e+01
9.547895432e+00
9.113402367e+00
8.746218681e+00
8.456933975e+00
8.238802910e+00
8.065982819e+00
7.898964882e+00
7.723166943e+00
7.532803535e+00
7.336915970e+00
7.134369850e+00
6.931791306e+00
6.735553741e+00
6.591146946e+00
6.491021156e+00
6.395336151e+00
6.291958809e+00
6.171279430e+00
6.037801743e+00
5.897515774e+00
5.755621910e+00
5.617644787e+00
5.479444504e+00
5.356180191e+00
5.241966248e+00
5.140794277e+00
5.045032024e+00
4.957155228e+00
4.860863686e+00
4.769333363e+00
4.679489613e+00
4.584714413e+00
4.498178959e+00
4.417609215e+00
4.341403484e+00
4.267748356e+00
4.197730541e+00
4.139642715e+00
4.083664417e+00
4.033152103e+00
3.968690395e+00
3.896690369e+00
3.820361853e+00
3.753419876e+00
3.680713654e+00
3.616060734e+00
3.554404020e+00
3.485662699e+00
3.420150518e+00
3.355063200e+00
3.290253401e+00
3.224299431e+00
3.159439325e+00
3.098251343e+00
3.033312559e+00
2.976190329e+00
2.918685198e+00
2.865080833e+00
2.812213898e+00
2.765572071e+00
2.712059498e+00
2.665445328e+00
2.623928785e+00
2.581208229e+00
2.542820930e+00
2.501478434e+00
2.457100391e+00
2.411220789e+00
2.366814137e+00
2.328997374e+00
2.285418272e+00
2.248438120e+00
2.208257675e+00
2.171297312e+00
2.132041216e+00
2.098692417e+00
2.055264950e+00
2.017914295e+00
1.983282089e+00
1.942465067e+00
1.907178164e+00
1.873226404e+00
1.840458870e+00
1.807884812e+00
1.777234435e+00
1.750980020e+00
1.717863202e+00
1.690671206e+00
1.662252784e+00
1.635281086e+00
1.604831696e+00
1.577403665e+00
1.541417599e+00
1.513038397e+00
1.487379909e+00
1.457122087e+00
1.431294084e+00
1.406243920e+00
1.380019546e+00
1.353122950e+00
1.325578809e+00
1.302474499e+00
1.272795916e+00
1.249710679e+00
1.224715590e+00
1.202473760e+00
1.179392815e+00
1.162661076e+00
1.138874531e+00
1.120486021e+00
1.104006052e+00
1.082724452e+00
1.064422488e+00
1.047793746e+00
1.032380104e+00
1.015065908e+00
9.982261658e-01
9.829898477e-01
9.645197988e-01
9.496321678e-01
9.340595007e-01
9.185140729e-01
9.024701118e-01
8.912001848e-01
8.730215430e-01
8.592053652e-01
8.463718295e-01
8.288369775e-01
8.137879968e-01
7.991527915e-01
7.852306962e-01
7.707462907e-01
7.565580010e-01
7.452759743e-01
7.296361327e-01
7.181158066e-01
7.050333619e-01
6.927915215e-01
6.802491546e-01
6.719974279e-01
6.567274928e-01
6.453478336e-01
6.356361508e-01
6.215873361e-01
6.109367609e-01
6.009834409e-01
5.917439461e-01
5.805438757e-01
5.701567531e-01
5.619155169e-01
5.487800241e-01
5.392658710e-01
5.280884504e-01
5.191628337e-01
5.100222230e-01
5.056703687e-01
4.941058457e-01
4.869723916e-01
4.814153612e-01
4.710811079e-01
4.631730020e-01
4.553855658e-01
4.473744333e-01
4.394201338e-01
4.333255589e-01
4.303305149e-01
4.200899899e-01
4.147095084e-01
4.071141779e-01
4.012188315e-01
3.928856552e-01
3.903912306e-01
3.787599504e-01
3.735672832e-01
3.699619770e-01
3.604920506e-01
3.545317948e-01
3.488430083e-01
3.423994184e-01
3.350309730e-01
3.283783197e-01
3.263144195e-01
3.178952634e-01
3.150397241e-01
3.086647093e-01
3.032149971e-01
2.958618402e-01
2.938856483e-01
2.829285860e-01
2.797914147e-01
2.789074779e-01
2.713218331e-01
2.676950395e-01
2.648773193e-01
2.612446547e-01
2.564169466e-01
2.513983548e-01
2.504127324e-01
2.423218042e-01
2.400234044e-01
2.350634187e-01
2.323187292e-01
2.269973606e-01
2.278628051e-01
2.195670009e-01
2.181082368e-01
2.189681679e-01
2.124733478e-01
2.100409865e-01
2.076953650e-01
2.047333270e-01
2.003400475e-01
1.952021271e-01
1.952066123e-01
1.880995035e-01
1.877229810e-01
1.838736683e-01
1.813648492e-01
1.764422804e-01
1.776734591e-01
1.690820754e-01
1.673268974e-01
1.678539664e-01
1.620747447e-01
1.597473770e-01
1.577979326e-01
1.557417959e-01
1.529553235e-01
1.498512775e-01
1.507759243e-01
1.452283561e-01
1.454664320e-01
1.423605084e-01
1.409013271e-01
1.371865869e-01
1.385993958e-01
1.316790879e-01
1.307258457e-01
1.313507408e-01
1.274801344e-01
1.270127296e-01
1.263592988e-01
1.253998429e-01
1.217470765e-01
1.196311414e-01
1.206681058e-01
1.159060746e-01
1.158888862e-01
1.128491685e-01
1.112425774e-01
1.078375205e-01
1.101617590e-01
1.047411039e-01
1.045073941e-01
1.063502133e-01
1.035135910e-01
1.028963551e-01
1.022232622e-01
1.018721312e-01
1.005341932e-01
9.903434664e-02
9.992972016e-02
9.532972425e-02
9.569935501e-02
9.334331006e-02
9.343794733e-02
9.184786677e-02
9.438404441e-02
8.954660594e-02
8.914975822e-02
8.980505913e-02
8.609906584e-02
8.488554507e-02
8.385118842e-02
8.338446915e-02
8.126408607e-02
7.959335297e-02
8.113580197e-02
7.783619314e-02
7.885037363e-02
7.741136849e-02
7.718912512e-02
7.539010048e-02
7.782538980e-02
7.382416725e-02
7.415246218e-02
7.638581842e-02
7.346030325e-02
7.280244678e-02
7.224872708e-02
7.267928123e-02
7.138757408e-02
7.071450353e-02
7.204291970e-02
6.921079755e-02
6.981976330e-02
6.902216375e-02
6.920192391e-02
6.767087430e-02
7.010808587e-02
6.612207741e-02
6.598365307e-02
6.745241582e-02
6.463302672e-02
6.421135366e-02
6.447743624e-02
6.453205645e-02
6.218951195e-02
6.108145416e-02
6.253623217e-02
5.971432477e-02
5.997083336e-02
5.852480978e-02
5.775956810e-02
5.755952746e-02
6.054998562e-02
5.727439746e-02
5.851528421e-02
5.988446996e-02
5.693972856e-02
5.676640198e-02
5.653777346e-02
5.670476705e-02
5.530582368e-02
5.483973026e-02
5.575032532e-02
5.311445892e-02
5.393615365e-02
5.294425786e-02
5.283693969e-02
5.140703171e-02
5.305984989e-02
4.930315539e-02
4.991216213e-02
5.131494626e-02
4.866877198e-02
4.860780016e-02
4.832651839e-02
4.902122542e-02
4.861352593e-02
4.842809960e-02
5.041196197e-02
4.805021361e-02
4.893679544e-02
4.792774841e-02
4.825478047e-02
4.709332436e-02
4.954133183e-02
4.604686797e-02
4.655866325e-02
4.861355573e-02
4.638339579e-02
4.655611888e-02
4.651040211e-02
4.687423259e-02
4.637639970e-02
4.637702554e-02
4.849218577e-02
4.656882957e-02
4.696124047e-02
4.644309729e-02
4.652243853e-02
4.524541646e-02
4.714792967e-02
4.355859384e-02
4.421972483e-02
4.605508596e-02
4.399042577e-02
4.435947165e-02
4.418734461e-02
4.397777468e-02
4.247083142e-02
4.137605801e-02
4.351288453e-02
4.111060873e-02
4.230256379e-02
4.171448201e-02
4.183256999e-02
4.094487801e-02
4.348051175e-02
4.017589241e-02
4.030796140e-02
4.196211696e-02
3.951037675e-02
3.955166042e-02
3.998092562e-02
4.036891833e-02
3.951926902e-02
3.929130733e-02
4.120840505e-02
3.878202662e-02
4.003299773e-02
3.949576989e-02
4.015237093e-02
3.902649879e-02
4.175322503e-02
3.787267581e-02
3.795903921e-02
3.961260617e-02
3.747516125e-02
3.792222217e-02
3.829877824e-02
3.898839280e-02
3.763201460e-02
3.700905666e-02
3.905443847e-02
3.662294149e-02
3.771898150e-02
3.670486435e-02
3.690807894e-02
3.654357791e-02
3.925891966e-02
3.621208295e-02
3.718620166e-02
3.951165453e-02
3.741608188e-02
3.740847111e-02
3.786123171e-02
3.880998120e-02
3.756848723e-02
3.717985749e-02
3.910715133e-02
3.707507998e-02
3.825053573e-02
3.789870813e-02
3.854392096e-02
3.768980503e-02
4.049086198e-02
3.702554852e-02
3.810827062e-02
4.022097588e-02
3.822636232e-02
3.909383714e-02
3.952502087e-02
4.000953212e-02
3.876106441e-02
3.864294663e-02
3.999936208e-02
3.782438487e-02
3.938590363e-02
3.864165768e-02
3.826447204e-02
3.796853870e-02
4.131637141e-02
3.766120970e-02
3.882136941e-02
4.086044431e-02
3.844229504e-02
3.888997436e-02
3.890075907e-02
3.879915550e-02
3.726245090e-02
3.688015416e-02
3.903857246e-02
3.676899895e-02
3.793110698e-02
3.689349443e-02
3.734691069e-02
3.653343394e-02
3.991301358e-02
3.689285740e-02
3.774186596e-02
3.920243308e-02
3.731705621e-02
3.722309321e-02
3.793554381e-02
3.842390701e-02
3.737736493e-02
3.737228736e-02
3.992381319e-02
3.771012649e-02
3.923354670e-02
3.885000199e-02
3.914655373e-02
3.847151995e-02
4.157103598e-02
3.752787039e-02
3.835528716e-02
4.031880200e-02
3.770884871e-02
3.876237944e-02
3.992446139e-02
4.058170691e-02
4.012131691e-02
3.939613327e-02
4.210249335e-02
3.955424577e-02
4.083887860e-02
4.070171714e-02
4.123005271e-02
4.072330892e-02
4.362605512e-02
4.030102119e-02
4.132086039e-02
4.342529550e-02
4.049848765e-02
4.057535902e-02
4.037784413e-02
4.060518369e-02
3.971296549e-02
3.974153847e-02
4.234382138e-02
3.957452625e-02
4.108460248e-02
4.018859938e-02
4.040449858e-02
3.987424821e-02
4.358914495e-02
4.002284259e-02
4.075056314e-02
4.262511432e-02
4.035622627e-02
4.059626907e-02
4.135639220e-02
4.155514389e-02
4.055054858e-02
4.003934935e-02
4.246384650e-02
4.021653160e-02
4.154943675e-02
4.065343738e-02
4.129480198e-02
4.124335945e-02
4.494820163e-02
4.121478647e-02
4.180593044e-02
4.391239956e-02
4.233872890e-02
4.282902181e-02
4.372944683e-02
4.384186491e-02
4.224538058e-02
4.149607569e-02
4.403813183e-02
4.096455127e-02
4.210884124e-02
4.078103602e-02
4.018857330e-02
3.935289010e-02
4.298395663e-02
3.902206942e-02
3.980631381e-02
4.194498807e-02
3.944434971e-02
3.969962522e-02
4.017716274e-02
4.044131190e-02
3.950910270e-02
3.864865750e-02
4.055689275e-02
3.793934360e-02
3.948626295e-02
3.905634955e-02
3.922209516e-02
3.799585998e-02
4.132206365e-02
3.764470667e-02
3.851213306e-02
4.121287540e-02
3.897061199e-02
3.854513913e-02
3.854642436e-02
3.930589557e-02
3.849624842e-02
3.797236457e-02
4.047371447e-02
3.707446158e-02
3.839528561e-02
3.753800690e-02
3.791457415e-02
3.696902841e-02
3.996504471e-02
3.586724401e-02
3.666802868e-02
3.910840675e-02
3.616827726e-02
3.681283817e-02
3.728209808e-02
3.777868673e-02
3.688453883e-02
3.668835759e-02
3.940436617e-02
3.674486652e-02
3.835528716e-02
3.744275495e-02
3.779328987e-02
3.648770601e-02
3.959866986e-02
3.560498729e-02
3.641973808e-02
3.926716745e-02
3.678298369e-02
3.674107790e-02
3.736466542e-02
3.815079853e-02
3.761358932e-02
3.736022860e-02
3.979676962e-02
3.695760295e-02
3.806699440e-02
3.742180765e-02
3.815081343e-02
3.760024905e-02
3.996695206e-02
3.581327945e-02
3.657214344e-02
3.890774027e-02
3.592821211e-02
3.624699265e-02
3.688839078e-02
3.716654330e-02
3.640387580e-02
3.612829745e-02
3.837306052e-02
3.590794280e-02
3.754563630e-02
3.660201654e-02
3.673283756e-02
3.498964384e-02
3.814950958e-02
3.492360562e-02
3.601011634e-02
3.815398365e-02
3.484232724e-02
3.468867391e-02
3.585199267e-02
3.589135781e-02
3.530209139e-02
3.514651582e-02
3.788093850e-02
3.505951539e-02
3.612123802e-02
3.549704328e-02
3.560498729e-02
3.468103334e-02
3.868295997e-02
3.489696607e-02
3.545448929e-02
3.758754581e-02
3.527224064e-02
3.579166159e-02
3.631237522e-02
3.717728704e-02
3.587992862e-02
3.524176776e-02
3.727191314e-02
3.449691087e-02
3.620317206e-02
3.489505500e-02
3.511158377e-02
3.378884494e-02
3.709919006e-02
3.330814838e-02
3.413175419e-02
3.648385778e-02
3.372406960e-02
3.405048698e-02
3.455150127e-02
3.527223691e-02
3.418066353e-02
3.378502280e-02
3.664579242e-02
3.390379623e-02
3.543289006e-02
3.456227481e-02
3.493443877e-02
3.365421295e-02
3.706048056e-02
3.301285952e-02
3.356657922e-02
3.577074781e-02
3.257915005e-02
3.275441006e-02
3.355197608e-02
3.454005718e-02
3.377930447e-02
3.321606666e-02
3.518780693e-02
3.255565092e-02
3.420858458e-02
3.333227336e-02
3.345736861e-02
3.233082965e-02
3.620573878e-02
3.218222409e-02
3.313224018e-02
3.525383025e-02
3.246926144e-02
3.212317824e-02
3.239182010e-02
3.350754082e-02
3.224828467e-02
3.153637052e-02
3.511413932e-02
3.230800852e-02
3.442321345e-02
3.380025551e-02
3.444099054e-02
3.353228793e-02
3.709476069e-02
3.252834082e-02
3.289283440e-02
3.484931216e-02
3.214349225e-02
3.263629228e-02
3.269790113e-02
3.309096023e-02
3.274171054e-02
3.186471760e-02
3.438130766e-02
3.111856803e-02
3.215114027e-02
3.101061657e-02
3.146086261e-02
3.077246994e-02
3.410763294e-02
3.001171909e-02
3.034001216e-02
3.276520595e-02
3.098141402e-02
3.143418953e-02
3.197584301e-02
3.234863281e-02
3.121446446e-02
3.071850166e-02
3.380470723e-02
3.089756332e-02
3.268392012e-02
3.100235946e-02
3.128940612e-02
2.958811447e-02
3.289474919e-02
2.924583107e-02
3.015898354e-02
3.266802803e-02
2.980018407e-02
2.987640724e-02
3.010434844e-02
3.085688688e-02
3.086514212e-02
3.008848801e-02
3.308144584e-02
2.982939035e-02
3.119350970e-02
3.064862266e-02
3.106905147e-02
2.977542393e-02
3.352532908e-02
2.951887622e-02
3.059147485e-02
3.275949135e-02
2.942999080e-02
2.919629030e-02
2.982177027e-02
2.990560234e-02
2.869844623e-02
2.851556987e-02
3.181391582e-02
2.967383154e-02
