2.314869314e-01
2.303267568e-01
2.296591848e-01
2.277997732e-01
2.251104265e-01
2.229462564e-01
2.208601236e-01
2.207996994e-01
2.204204947e-01
2.183833420e-01
2.150792032e-01
2.134076059e-01
2.120886743e-01
2.112888247e-01
2.089646757e-01
2.070246935e-01
2.043566406e-01
2.025892437e-01
2.020841539e-01
2.016659677e-01
2.008207142e-01
1.994035095e-01
1.979748905e-01
1.965828389e-01
1.958698928e-01
1.955990791e-01
1.959882528e-01
1.957249045e-01
1.951492876e-01
1.937687546e-01
1.922495812e-01
1.909559518e-01
1.896484196e-01
1.882842034e-01
1.872184873e-01
1.864248365e-01
1.837933660e-01
1.812423319e-01
1.790316403e-01
1.788653731e-01
1.790731847e-01
1.789724678e-01
1.778199375e-01
1.763523817e-01
1.751820445e-01
1.746253222e-01
1.736365557e-01
1.716801375e-01
1.702932119e-01
1.695035398e-01
1.691243201e-01
1.677979082e-01
1.658867747e-01
1.655076742e-01
1.640703976e-01
1.628446728e-01
1.619654298e-01
1.609752625e-01
1.601047814e-01
1.580566019e-01
1.578575373e-01
1.582505852e-01
1.576018631e-01
1.558382660e-01
1.540848017e-01
1.532748342e-01
1.528717130e-01
1.523111016e-01
1.513512731e-01
1.494126916e-01
1.484125108e-01
1.474135965e-01
1.465544403e-01
1.459182799e-01
1.451221555e-01
1.437591463e-01
1.415786892e-01
1.399889588e-01
1.381975710e-01
1.372250170e-01
1.358418465e-01
1.358821541e-01
1.361366361e-01
1.347723454e-01
1.340909004e-01
1.340001971e-01
1.328475922e-01
1.318436116e-01
1.322353929e-01
1.320589930e-01
1.315400004e-01
1.303659528e-01
1.295043528e-01
1.286162734e-01
1.272596121e-01
1.265440732e-01
1.260779947e-01
1.254229397e-01
1.242464408e-01
1.244505122e-01
1.242086142e-01
1.229224354e-01
1.207331493e-01
1.186873987e-01
1.175208911e-01
1.165823936e-01
1.151765883e-01
1.151324585e-01
1.154461056e-01
1.148339137e-01
1.146399304e-01
1.149598807e-01
1.141234785e-01
1.131786406e-01
1.130174026e-01
1.130237207e-01
1.134419590e-01
1.135351732e-01
1.134910285e-01
1.125021800e-01
1.113217101e-01
1.093049198e-01
1.082064658e-01
1.076169461e-01
1.065889820e-01
1.054792106e-01
1.050848886e-01
1.043781713e-01
1.033641696e-01
1.026536748e-01
1.023576632e-01
1.014595255e-01
1.012995318e-01
1.002235934e-01
9.961393476e-02
9.946648777e-02
9.875730425e-02
9.838446975e-02
9.719783068e-02
9.622526169e-02
9.543044865e-02
9.478924423e-02
9.496684372e-02
9.441380948e-02
9.414559603e-02
9.412289411e-02
9.373494983e-02
9.349184483e-02
9.343891591e-02
9.290858358e-02
9.285314381e-02
9.236437082e-02
9.255460650e-02
9.256090969e-02
9.137050807e-02
9.013102204e-02
8.917500079e-02
8.890664577e-02
8.931605518e-02
9.007055312e-02
9.058947861e-02
8.957545459e-02
8.966363221e-02
9.031867981e-02
9.031111747e-02
9.033001214e-02
9.005037695e-02
8.915606886e-02
8.767603338e-02
8.692899346e-02
8.642005920e-02
8.711294830e-02
8.612401038e-02
8.499651402e-02
8.514138311e-02
8.526486903e-02
8.521822095e-02
8.511878550e-02
8.404811472e-02
8.389059454e-02
8.361722529e-02
8.390194923e-02
8.341693133e-02
8.283370733e-02
8.208037913e-02
8.061660081e-02
8.033819497e-02
7.974738628e-02
7.891724259e-02
7.756049931e-02
7.694702595e-02
7.732367516e-02
7.734510303e-02
7.777591050e-02
7.712466270e-02
7.647465169e-02
7.560921460e-02
7.486850023e-02
7.454602420e-02
7.443389297e-02
7.383803278e-02
7.363269478e-02
7.310866565e-02
7.323840261e-02
7.269930840e-02
7.150259614e-02
7.053516060e-02
6.947065890e-02
6.969993562e-02
6.894032657e-02
6.936865300e-02
6.912299246e-02
6.844396889e-02
6.889495254e-02
6.996446848e-02
7.035502791e-02
7.005266845e-02
7.090800256e-02
7.109445333e-02
7.125441730e-02
7.188553363e-02
7.281773537e-02
7.303313166e-02
7.246997952e-02
7.114104182e-02
6.933961064e-02
6.843520701e-02
6.800187379e-02
6.689711660e-02
6.653933972e-02
6.611987203e-02
6.618034840e-02
6.508309394e-02
6.420508027e-02
6.387627870e-02
6.382589787e-02
6.420384347e-02
6.444696337e-02
6.508057564e-02
6.455527246e-02
6.492438167e-02
6.479841471e-02
6.548366696e-02
6.575579196e-02
6.586540490e-02
6.608331949e-02
6.604424864e-02
6.785070151e-02
6.814672053e-02
6.891135871e-02
7.131858170e-02
1.858945042e-01
9.764711857e-01
3.043019295e+00
6.212305546e+00
9.678229332e+00
1.261185265e+01
1.463703537e+01
1.575159645e+01
1.613999939e+01
1.600172615e+01
1.550867653e+01
1.479862118e+01
1.398530293e+01
1.315596771e+01
1.236994457e+01
1.165821266e+01
1.103240013e+01
1.048798656e+01
1.002157688e+01
9.617012978e+00
9.265413284e+00
8.954998970e+00
8.674349785e+00
8.413988113e+00
8.172507286e+00
7.942706585e+00
7.720088005e+00
7.508720398e+00
7.317237377e+00
7.159337997e+00
7.011736393e+00
6.846091747e+00
6.663277149e+00
6.476188660e+00
6.298387051e+00
6.128400326e+00
5.964901447e+00
5.804494858e+00
5.649960995e+00
5.497025490e+00
5.349184513e+00
5.204938412e+00
5.063686848e+00
4.927500725e+00
4.794435501e+00
4.665296078e+00
4.540860653e+00
4.420234203e+00
4.305499554e+00
4.192750454e+00
4.083920956e+00
3.977170706e+00
3.873660326e+00
3.773738384e+00
3.681084871e+00
3.597543240e+00
3.521473646e+00
3.443170547e+00
3.355627537e+00
3.269557714e+00
3.187495708e+00
3.106988907e+00
3.029539347e+00
2.954320669e+00
2.882584333e+00
2.811599731e+00
2.744398832e+00
2.677633286e+00
2.612229586e+00
2.548660755e+00
2.488092899e+00
2.426865339e+00
2.367482662e+00
2.311272860e+00
2.254241943e+00
2.201663017e+00
2.148904800e+00
2.096855164e+00
2.045879602e+00
1.997300386e+00
1.951929808e+00
1.908548713e+00
1.870334387e+00
1.831548691e+00
1.792222023e+00
1.750084639e+00
1.711156011e+00
1.671594143e+00
1.634940505e+00
1.598881364e+00
1.562110662e+00
1.529477477e+00
1.497076273e+00
1.464759588e+00
1.433560848e+00
1.402839065e+00
1.372818708e+00
1.341389537e+00
1.313511133e+00
1.284572840e+00
1.258190751e+00
1.231272578e+00
1.207417846e+00
1.180688620e+00
1.155544877e+00
1.132160783e+00
1.107704282e+00
1.085671067e+00
1.065114260e+00
1.045582533e+00
1.025067329e+00
1.003586054e+00
9.837612510e-01
9.643396139e-01
9.475511312e-01
9.289777875e-01
9.125789404e-01
8.952941298e-01
8.796774149e-01
8.609718084e-01
8.457788825e-01
8.309040070e-01
8.149731755e-01
8.013738990e-01
7.873767018e-01
7.726588845e-01
7.577385902e-01
7.433410287e-01
7.316443920e-01
7.187897563e-01
7.081183195e-01
6.961202621e-01
6.850945950e-01
6.726112962e-01
6.616360545e-01
6.510891318e-01
6.420367360e-01
6.311451793e-01
6.191467047e-01
6.100267172e-01
6.010020971e-01
5.913087726e-01
5.835853815e-01
5.748912692e-01
5.662834644e-01
5.566359758e-01
5.499366522e-01
5.422273874e-01
5.351504087e-01
5.272709727e-01
5.204387903e-01
5.111243129e-01
5.050213337e-01
4.977337122e-01
4.896982610e-01
4.831945598e-01
4.757394791e-01
4.682564735e-01
4.612918198e-01
4.555954337e-01
4.500063658e-01
4.424483776e-01
4.380102158e-01
4.319021106e-01
4.269075394e-01
4.207751453e-01
4.160699844e-01
4.097912610e-01
4.062651098e-01
4.023309648e-01
3.970466256e-01
3.916347027e-01
3.853322566e-01
3.795006275e-01
3.737883568e-01
3.673714399e-01
3.621715605e-01
3.567904830e-01
3.535050452e-01
3.486676216e-01
3.447245955e-01
3.388533592e-01
3.356220722e-01
3.305011988e-01
3.284553885e-01
3.256891966e-01
3.203945458e-01
3.169251978e-01
3.140480816e-01
3.114428222e-01
3.085721135e-01
3.060285151e-01
3.043808341e-01
3.003423810e-01
2.988710105e-01
2.945715189e-01
2.913717926e-01
2.870989442e-01
2.847645879e-01
2.810914218e-01
2.786312103e-01
2.762530446e-01
2.724663317e-01
2.711877823e-01
2.698259950e-01
2.665092647e-01
2.638839185e-01
2.609639168e-01
2.597015798e-01
2.558381557e-01
2.543617785e-01
2.511255741e-01
2.499502897e-01
2.473491281e-01
2.440737635e-01
2.410656214e-01
2.414032966e-01
2.408124506e-01
2.380888313e-01
2.363693416e-01
2.336370051e-01
2.314188629e-01
2.284952551e-01
2.257340252e-01
2.239565104e-01
2.197753638e-01
2.191051990e-01
2.165329009e-01
2.153929025e-01
2.134945244e-01
2.121127844e-01
2.090869099e-01
2.076004148e-01
2.071520090e-01
2.045418769e-01
2.038630098e-01
2.015350908e-01
1.995043606e-01
1.980455518e-01
1.958586574e-01
1.949050725e-01
1.917773038e-01
1.926212609e-01
1.913502216e-01
1.904886663e-01
1.885763705e-01
1.874225289e-01
1.843009740e-01
1.833070666e-01
1.825536042e-01
1.803000122e-01
1.786448509e-01
1.773712784e-01
1.749743074e-01
1.736502796e-01
1.723086983e-01
1.723856330e-01
1.704139113e-01
1.698193997e-01
1.688494384e-01
1.693168283e-01
1.677586585e-01
1.674426347e-01
1.652342975e-01
1.648475975e-01
1.634506583e-01
1.612991095e-01
1.611920297e-01
1.600809991e-01
1.588955969e-01
1.576157510e-01
1.559429020e-01
1.557400823e-01
1.543455869e-01
1.547197253e-01
1.533429623e-01
1.526311934e-01
1.503398120e-01
1.490536630e-01
1.468039155e-01
1.469437331e-01
1.468012929e-01
1.445200890e-01
1.441447139e-01
1.428534985e-01
1.411906928e-01
1.413116157e-01
1.400027275e-01
1.398918331e-01
1.371960193e-01
1.364704370e-01
1.351389587e-01
1.357284784e-01
1.335517466e-01
1.330062896e-01
1.311987042e-01
1.308711916e-01
1.302601695e-01
1.282572299e-01
1.281930655e-01
1.275241524e-01
1.278063357e-01
1.272671521e-01
1.257479340e-01
1.248636171e-01
1.226012334e-01
1.240045205e-01
1.218970120e-01
1.215707958e-01
1.212999746e-01
1.220986098e-01
1.204786748e-01
1.203212515e-01
1.192038804e-01
1.188977882e-01
1.189494357e-01
1.178308204e-01
1.165068299e-01
1.158996001e-01
1.147494689e-01
1.142292693e-01
1.127010584e-01
1.135086492e-01
1.116617844e-01
1.102736667e-01
1.093942970e-01
1.100607812e-01
1.080187112e-01
1.073838398e-01
1.066330820e-01
1.042459458e-01
1.044651419e-01
1.047725379e-01
1.038781106e-01
1.033628881e-01
1.025932133e-01
1.024597064e-01
1.018008590e-01
1.021283641e-01
1.015463769e-01
1.024067774e-01
1.013309658e-01
1.014229283e-01
1.002262533e-01
1.003496572e-01
9.917175770e-02
9.719644487e-02
9.815640748e-02
9.862881154e-02
9.779612720e-02
9.737285227e-02
9.704786539e-02
9.864390641e-02
9.789692611e-02
9.913904965e-02
9.776467085e-02
9.795870632e-02
9.737412632e-02
9.699749947e-02
9.545434266e-02
9.582717717e-02
9.560423344e-02
9.339109063e-02
9.228753299e-02
9.069534391e-02
8.994078636e-02
8.930349350e-02
8.909816295e-02
8.974681795e-02
8.891680837e-02
8.962092549e-02
8.769989759e-02
8.756762743e-02
8.579022437e-02
8.730050921e-02
8.604840934e-02
8.614162356e-02
8.594009280e-02
8.415267617e-02
8.485804498e-02
8.578518778e-02
8.520572633e-02
8.380246162e-02
8.203885704e-02
8.260329813e-02
8.024495095e-02
8.165963739e-02
8.105753362e-02
8.075772226e-02
7.908476889e-02
7.847635448e-02
7.630207390e-02
7.618114352e-02
7.616474479e-02
7.607402653e-02
7.768145949e-02
7.697096467e-02
7.480303943e-02
7.341101766e-02
7.232895494e-02
7.185028493e-02
7.095836848e-02
7.253429294e-02
7.131861895e-02
7.127956301e-02
7.030077279e-02
7.256954163e-02
7.322079688e-02
7.502724230e-02
7.607785612e-02
7.424497604e-02
7.435203344e-02
7.422357053e-02
7.365294546e-02
7.332542539e-02
7.245995849e-02
7.237809151e-02
6.939251721e-02
7.002111524e-02
6.978682429e-02
6.985485554e-02
7.004255056e-02
7.184767723e-02
6.971503049e-02
6.947316974e-02
6.916581094e-02
6.845914572e-02
6.941271573e-02
6.905119866e-02
6.920866668e-02
6.850197166e-02
6.927414238e-02
6.965710968e-02
6.790481508e-02
6.923006475e-02
6.817317009e-02
6.795145571e-02
6.626722217e-02
6.553282589e-02
6.423534453e-02
6.519400328e-02
6.621056050e-02
6.525065750e-02
6.490677595e-02
6.441046298e-02
6.335105747e-02
6.225388497e-02
6.126249209e-02
6.188983098e-02
6.069054455e-02
6.212916598e-02
6.111889333e-02
6.062252074e-02
5.974955857e-02
6.043989584e-02
5.829597265e-02
5.839417130e-02
5.848105624e-02
5.631574616e-02
5.665587634e-02
5.691654608e-02
5.664071441e-02
5.674907565e-02
5.668482929e-02
5.644171685e-02
5.473487452e-02
5.455344543e-02
5.388331786e-02
5.369556695e-02
5.349150673e-02
5.502208322e-02
5.382160842e-02
5.359227583e-02
5.298130214e-02
5.089282990e-02
5.073652789e-02
5.149107426e-02
5.191686004e-02
5.212597921e-02
5.215622485e-02
5.228470266e-02
5.117994547e-02
5.299520120e-02
5.303174630e-02
5.343360081e-02
5.180725828e-02
5.203905329e-02
4.999217391e-02
4.973264411e-02
4.971374944e-02
4.836715013e-02
4.878161103e-02
4.851582646e-02
4.806231335e-02
4.738456383e-02
4.691718519e-02
4.727743939e-02
4.675342515e-02
4.938492924e-02
4.851952568e-02
4.795272648e-02
4.638681933e-02
4.781665653e-02
4.602524638e-02
4.750674218e-02
4.812276736e-02
4.759240523e-02
4.741099477e-02
4.688566923e-02
4.716155678e-02
4.795897380e-02
4.669293016e-02
4.698015749e-02
4.655690119e-02
4.867198691e-02
4.836080968e-02
4.924011603e-02
4.884582385e-02
4.951853678e-02
4.846033454e-02
4.839106649e-02
4.788212478e-02
4.529583827e-02
4.604164138e-02
4.717791453e-02
4.756841809e-02
4.653168470e-02
4.479191080e-02
4.477302358e-02
4.419989139e-02
4.529582709e-02
4.511441290e-02
4.508163780e-02
4.432083294e-02
4.563090950e-02
4.505768791e-02
4.522279277e-02
4.526436701e-02
4.486503080e-02
4.423137009e-02
4.303970933e-02
4.272225872e-02
4.238464683e-02
4.135790467e-02
4.305985942e-02
4.157080874e-02
4.269706458e-02
4.143224284e-02
4.168417677e-02
4.088677093e-02
4.123193398e-02
3.976563737e-02
3.985382617e-02
4.050384089e-02
3.967871517e-02
3.948975727e-02
3.885237128e-02
3.726515174e-02
3.628762811e-02
3.621959314e-02
3.827289864e-02
3.675622120e-02
3.629266098e-02
3.595253825e-02
3.640729934e-02
3.635185957e-02
3.695902601e-02
3.577870503e-02
3.665544093e-02
3.716439009e-02
3.674111888e-02
3.755363822e-02
3.575603291e-02
3.472434729e-02
3.476842120e-02
3.531385958e-02
3.673481196e-02
3.660126776e-02
3.811040148e-02
3.777153417e-02
3.686454520e-02
3.555446118e-02
3.564012796e-02
3.419775516e-02
3.422672674e-02
3.507829458e-02
3.355905414e-02
3.335875273e-02
3.274024650e-02
3.323908150e-02
3.313831985e-02
3.337641805e-02
3.382869437e-02
3.275790811e-02
3.489314020e-02
3.485156968e-02
3.448878601e-02
3.428848460e-02
3.490698710e-02
3.337899595e-02
3.411968052e-02
3.455300629e-02
3.275793791e-02
3.306532279e-02
3.365864605e-02
3.325929120e-02
3.199836239e-02
3.016042896e-02
3.166075051e-02
3.094017506e-02
3.177412972e-02
3.065548651e-02
2.996894345e-02
2.894472331e-02
2.993111871e-02
2.938944660e-02
3.092127852e-02
3.204242885e-02
3.122987039e-02
3.229561448e-02
3.266974539e-02
3.226663917e-02
3.167835996e-02
3.060884215e-02
3.161286563e-02
3.151082993e-02
3.286629170e-02
3.138234094e-02
3.056227975e-02
3.036072105e-02
3.160029277e-02
3.058872744e-02
3.110269085e-02
3.155369312e-02
3.029266372e-02
3.001672402e-02
3.016292490e-02
2.999533340e-02
3.014400788e-02
3.017931804e-02
3.150575981e-02
3.066433780e-02
3.114176542e-02
3.064285405e-02
3.245559707e-02
3.276674822e-02
3.377957642e-02
3.194916621e-02
3.159135580e-02
3.071083874e-02
2.932010032e-02
3.031529300e-02
2.991718799e-02
2.827330120e-02
2.741797082e-02
2.803775668e-02
2.921302617e-02
2.774547786e-02
2.919162065e-02
2.856428176e-02
2.948514000e-02
2.802260779e-02
2.869780734e-02
2.778830193e-02
2.840430662e-02
2.903793193e-02
2.812844142e-02
2.794578113e-02
2.788153104e-02
2.746833302e-02
2.720251679e-02
2.713953704e-02
2.813347057e-02
2.761444822e-02
2.832872979e-02
2.771901339e-02
2.849878930e-02
2.811076678e-02
2.893460169e-02
2.756910585e-02
2.804400586e-02
2.848615684e-02
2.741038240e-02
2.744313516e-02
2.794323675e-02
2.848865837e-02
2.787520178e-02
2.784370631e-02
2.983277291e-02
2.970302105e-02
3.142632544e-02
3.020186722e-02
2.937549353e-02
2.794700116e-02
2.820522897e-02
2.695688419e-02
2.853781544e-02
2.886026911e-02
2.887161076e-02
2.870910987e-02
2.815487050e-02
2.786387131e-02
2.788653970e-02
2.729699947e-02
2.777946368e-02
2.664196491e-02
2.791045420e-02
2.674274519e-02
2.733230032e-02
2.679815888e-02
2.732598595e-02
2.627412044e-02
2.606000565e-02
2.598063648e-02
2.485069260e-02
2.635098249e-02
2.647318318e-02
2.747840434e-02
2.894216031e-02
2.846978232e-02
2.814352512e-02
2.735872008e-02
2.878720686e-02
2.768875100e-02
2.748344466e-02
2.700474858e-02
2.787645720e-02
2.753506228e-02
2.932006493e-02
2.980381995e-02
2.844962664e-02
2.846978605e-02
2.913110517e-02
3.011120111e-02
3.020819835e-02
2.943472750e-02
2.919159457e-02
2.725793794e-02
2.790037170e-02
2.770260721e-02
2.942340076e-02
2.923444100e-02
2.932891436e-02
2.788778394e-02
2.847352996e-02
2.845590934e-02
2.712566592e-02
2.808681689e-02
2.929364517e-02
2.899885178e-02
2.870783024e-02
2.742170542e-02
2.820144407e-02
2.758168615e-02
2.958079427e-02
2.904419415e-02
3.043865971e-02
2.903283760e-02
2.867509238e-02
2.737509087e-02
2.819640748e-02
2.804526314e-02
2.677422762e-02
2.604233660e-02
2.498928085e-02
2.539237402e-02
2.650969103e-02
2.604236081e-02
2.729699947e-02
2.614312805e-02
2.705010772e-02
2.772402205e-02
2.917015180e-02
