1.035091002e-02
8.394827135e-03
7.480796427e-03
7.733773440e-03
1.042016409e-02
1.427656878e-02
1.807875000e-02
2.012517862e-02
1.984811947e-02
1.829411089e-02
1.737855934e-02
1.501439884e-02
1.212326344e-02
9.045355022e-03
6.456833333e-03
5.700903945e-03
7.973197848e-03
1.053913310e-02
1.299362630e-02
1.573569328e-02
1.754719950e-02
1.894010417e-02
1.855158620e-02
1.662113518e-02
1.394225843e-02
1.100745797e-02
8.510791697e-03
7.095308509e-03
6.801668555e-03
7.988255471e-03
9.768149815e-03
1.168356091e-02
1.271504723e-02
1.351763587e-02
1.434130967e-02
1.489244681e-02
1.518608816e-02
1.346495841e-02
1.107521076e-02
8.081626147e-03
4.682969768e-03
2.619996667e-03
5.191937555e-03
9.494093247e-03
1.294542942e-02
1.432023942e-02
1.433229819e-02
1.382935327e-02
1.372696925e-02
1.199828926e-02
1.025905926e-02
9.604027495e-03
9.033306502e-03
7.768413052e-03
6.334858947e-03
5.804806482e-03
7.012483664e-03
1.088095363e-02
1.455514506e-02
1.590133831e-02
1.523275487e-02
1.324058510e-02
1.113996189e-02
8.843584917e-03
7.041088771e-03
6.485437043e-03
8.513797075e-03
1.035391539e-02
1.140799467e-02
1.111435611e-02
1.006781217e-02
9.738034569e-03
1.020333543e-02
1.102702599e-02
1.322553959e-02
1.474186778e-02
1.320143044e-02
1.114749163e-02
8.745704778e-03
6.825768854e-03
6.697773933e-03
7.831664756e-03
9.930784814e-03
1.190642174e-02
1.222264860e-02
1.196665782e-02
1.116405614e-02
1.004221849e-02
1.022593491e-02
1.059787814e-02
1.022290997e-02
7.995794527e-03
5.726508331e-03
5.228085443e-03
6.846843753e-03
9.329954162e-03
1.216391288e-02
1.340618730e-02
1.387300249e-02
1.322550140e-02
1.159773115e-02
9.653709829e-03
7.331711240e-03
6.592350546e-03
6.929654628e-03
7.256424520e-03
6.961292122e-03
7.949113846e-03
9.174849838e-03
1.008136477e-02
1.209309045e-02
1.466506254e-02
1.628079638e-02
1.522823982e-02
1.113243029e-02
6.639033556e-03
3.088313388e-03
2.713362454e-03
4.238762893e-03
7.810583804e-03
1.096680015e-02
1.231147163e-02
1.295745559e-02
1.285358239e-02
1.262319461e-02
1.280993037e-02
1.341376640e-02
1.370437630e-02
1.234914735e-02
9.185406379e-03
5.261206999e-03
2.535675885e-03
3.381947055e-03
5.408776924e-03
8.854113519e-03
1.220307499e-02
1.479003672e-02
1.572816446e-02
1.567697152e-02
1.366371009e-02
1.232054736e-02
1.124086697e-02
9.018255398e-03
6.869421806e-03
6.199338939e-03
6.252049003e-03
7.017004304e-03
8.762260899e-03
1.050149929e-02
1.190342102e-02
1.290477812e-02
1.470569894e-02
1.440454274e-02
1.427355967e-02
1.382635068e-02
1.195612550e-02
8.301476948e-03
6.030686665e-03
5.109116901e-03
5.621104036e-03
6.789627951e-03
8.568010293e-03
1.041715685e-02
1.208109315e-02
1.407929324e-02
1.532611623e-02
1.540140063e-02
1.440606266e-02
1.367725618e-02
1.162182447e-02
9.125157259e-03
6.060801912e-03
3.768938594e-03
3.844224848e-03
6.858896930e-03
1.012502704e-02
1.327520702e-02
1.472679805e-02
1.480210666e-02
1.422085892e-02
1.312764175e-02
1.266385149e-02
1.283550914e-02
1.198472455e-02
1.091258880e-02
1.037802733e-02
9.513676167e-03
7.855745032e-03
6.977852900e-03
8.040972054e-03
1.065809093e-02
1.256144233e-02
1.380976010e-02
1.460936386e-02
1.462441310e-02
1.332489308e-02
1.204948034e-02
1.143058669e-02
1.133420225e-02
1.164591499e-02
1.068822294e-02
8.739675395e-03
7.786471397e-03
6.998928264e-03
8.433985524e-03
1.211872697e-02
1.510928851e-02
1.614830084e-02
1.579442620e-02
1.324207708e-02
1.063400414e-02
9.631124325e-03
1.044125296e-02
1.108123362e-02
1.156762149e-02
1.198773552e-02
1.098033413e-02
9.134186432e-03
8.881212212e-03
9.965414181e-03
1.278429665e-02
1.549176220e-02
1.619648747e-02
1.413804200e-02
1.064153668e-02
7.077248767e-03
7.152545732e-03
8.530357853e-03
1.134775672e-02
1.278431434e-02
1.302524190e-02
1.103153173e-02
1.012201421e-02
1.049395464e-02
1.057677809e-02
1.093516219e-02
1.144412160e-02
1.181305759e-02
1.082072221e-02
1.025604922e-02
9.689857252e-03
1.008438319e-02
1.223470084e-02
2.582623623e-02
4.423879981e-01
2.697734833e+00
6.200089931e+00
9.122891426e+00
1.063812828e+01
1.100000000e+01
1.083596230e+01
1.053041458e+01
1.020358944e+01
9.896475792e+00
9.597632408e+00
9.287603378e+00
8.962749481e+00
8.599629402e+00
8.216974258e+00
7.854342461e+00
7.556948185e+00
7.280799389e+00
7.000456333e+00
6.734581470e+00
6.513555527e+00
6.350682735e+00
6.216897011e+00
6.067567348e+00
5.887559891e+00
5.706309319e+00
5.542257786e+00
5.366316795e+00
5.169970512e+00
4.942793369e+00
4.712864399e+00
4.519327641e+00
4.386600018e+00
4.274381161e+00
4.157636166e+00
4.059222221e+00
4.006208897e+00
3.962208986e+00
3.883331537e+00
3.768250465e+00
3.625407219e+00
3.473187685e+00
3.336616039e+00
3.212357044e+00
3.089666843e+00
2.960356951e+00
2.852795124e+00
2.781098366e+00
2.744431257e+00
2.707385302e+00
2.652487755e+00
2.584944963e+00
2.530759335e+00
2.485310793e+00
2.410010338e+00
2.303973198e+00
2.194164515e+00
2.093600512e+00
2.009448528e+00
1.940927386e+00
1.887534022e+00
1.828356862e+00
1.782478213e+00
1.757521152e+00
1.747002482e+00
1.720311046e+00
1.680904746e+00
1.632981658e+00
1.585341454e+00
1.533976793e+00
1.465104699e+00
1.389207006e+00
1.326242924e+00
1.277116179e+00
1.239356399e+00
1.205832005e+00
1.181524634e+00
1.156946182e+00
1.143848062e+00
1.134536028e+00
1.120888472e+00
1.091863632e+00
1.062183499e+00
1.029040098e+00
9.890466928e-01
9.430980086e-01
8.903061152e-01
8.428630233e-01
8.106997609e-01
7.906159759e-01
7.773797512e-01
7.650608420e-01
7.631515265e-01
7.599907517e-01
7.594065666e-01
7.506456971e-01
7.326118946e-01
7.021337152e-01
6.731871963e-01
6.387036443e-01
5.998041630e-01
5.647202730e-01
5.348134041e-01
5.187655687e-01
5.198286772e-01
5.255191326e-01
5.304493308e-01
5.296075940e-01
5.297280550e-01
5.204628110e-01
5.070176125e-01
4.837140143e-01
4.559931457e-01
4.252186418e-01
4.055633843e-01
3.883792162e-01
3.723963499e-01
3.629486561e-01
3.578875065e-01
3.607231081e-01
3.681679070e-01
3.710230291e-01
3.699282706e-01
3.609384298e-01
3.529455066e-01
3.365574777e-01
3.206696808e-01
3.024400473e-01
2.865473032e-01
2.703939378e-01
2.616815567e-01
2.537170947e-01
2.475102246e-01
2.486124635e-01
2.521976829e-01
2.578386366e-01
2.628138065e-01
2.616529465e-01
2.576307356e-01
2.451311350e-01
2.337111384e-01
2.173806429e-01
2.043868452e-01
1.903510839e-01
1.815209091e-01
1.734963655e-01
1.724362224e-01
1.724467725e-01
1.740730256e-01
1.819695681e-01
1.891764253e-01
1.937827915e-01
1.927046478e-01
1.826426983e-01
1.709861457e-01
1.546553522e-01
1.426932067e-01
1.304239035e-01
1.241129264e-01
1.197308451e-01
1.217501685e-01
1.206991002e-01
1.245616153e-01
1.289496720e-01
1.344112754e-01
1.426435411e-01
1.464245468e-01
1.421165168e-01
1.303922236e-01
1.115934029e-01
9.539968520e-02
8.033698797e-02
7.621110231e-02
7.531964034e-02
8.333962411e-02
8.989143372e-02
9.865079820e-02
1.022166312e-01
1.055174321e-01
1.042434424e-01
1.006520167e-01
9.782856703e-02
8.971370012e-02
7.796087116e-02
6.586457044e-02
5.684019625e-02
5.550299585e-02
5.504374579e-02
6.149622798e-02
6.603928655e-02
7.083833963e-02
7.166955620e-02
7.387859374e-02
7.154606283e-02
7.037302852e-02
6.837028265e-02
6.515833735e-02
6.114838272e-02
5.202910304e-02
4.115559161e-02
3.450886160e-02
3.196551651e-02
3.756723925e-02
4.167059064e-02
5.019205064e-02
5.433151498e-02
5.737628043e-02
5.268266425e-02
4.930811748e-02
4.356190562e-02
4.125500098e-02
3.656282648e-02
3.201220930e-02
3.016906232e-02
2.558681741e-02
2.166412212e-02
2.204659767e-02
2.547235042e-02
3.206642717e-02
3.263112158e-02
3.581294790e-02
3.457212821e-02
3.518800065e-02
3.185559437e-02
3.008926474e-02
2.303443104e-02
2.021854185e-02
1.530352514e-02
9.262192994e-03
8.933917619e-03
9.852473624e-03
1.312012691e-02
1.901838370e-02
2.353888191e-02
2.652643993e-02
2.206468955e-02
2.043087035e-02
1.375256479e-02
1.048792899e-02
6.101456005e-03
5.979484413e-03
4.523351323e-03
7.279025391e-03
6.934188306e-03
4.292967729e-03
5.541292951e-03
5.899677984e-03
7.232329343e-03
1.001963206e-02
1.050902158e-02
1.203442458e-02
7.316662930e-03
5.024794023e-03
-1.913713349e-04
-2.051064745e-03
-5.318710580e-03
-3.463534871e-03
-4.074900877e-03
-1.642981777e-03
-4.383282503e-04
8.084927686e-04
2.395631047e-03
9.922079043e-04
-4.925351241e-04
-1.159613254e-03
-3.967985511e-03
-5.250948481e-03
-9.544023313e-03
-8.553191088e-03
-8.262580261e-03
-5.139518529e-03
-6.877229083e-03
-6.627258845e-03
-9.098317474e-03
-8.527613245e-03
-9.638911113e-03
-1.114321873e-02
-8.768543601e-03
-8.590851910e-03
-9.137465619e-03
-9.098312818e-03
-1.105738059e-02
-1.265656296e-02
-1.767701283e-02
-1.700391248e-02
-1.916778274e-02
-1.699941047e-02
-1.596037857e-02
-1.269575581e-02
-1.381458342e-02
-1.144890580e-02
-1.279964298e-02
-1.565019786e-02
-1.466086600e-02
-1.554025989e-02
-1.826278865e-02
-1.915724017e-02
-2.108167298e-02
-2.164184861e-02
-2.388401702e-02
-1.933342963e-02
-1.833204925e-02
-1.668166555e-02
-1.899160445e-02
-1.899612509e-02
-2.144609019e-02
-2.040557936e-02
-2.031975985e-02
-2.071277611e-02
-1.887264848e-02
-2.114795893e-02
-2.463392727e-02
-2.698897570e-02
-2.889685892e-02
-2.702815086e-02
-2.761843614e-02
-2.297903597e-02
-2.113740519e-02
-1.774328016e-02
-1.993125677e-02
-1.995081827e-02
-2.407224849e-02
-2.308593690e-02
-2.440804616e-02
-2.783527225e-02
-2.883062884e-02
-3.051864728e-02
-3.168867156e-02
-2.985307202e-02
-2.864691429e-02
-2.543800697e-02
-2.689111233e-02
-2.416109107e-02
-2.562174201e-02
-2.457066625e-02
-2.632343210e-02
-2.594547160e-02
-2.919050120e-02
-2.934559621e-02
-3.072191961e-02
-3.209824115e-02
-3.046896309e-02
-3.166757151e-02
-3.274872899e-02
-3.215844929e-02
-3.216749430e-02
-2.845868282e-02
-2.792110108e-02
-2.404665388e-02
-2.584610321e-02
-2.640473656e-02
-2.972955815e-02
-3.051409125e-02
-3.471380845e-02
-3.443375975e-02
-3.669251129e-02
-3.965894133e-02
-3.754028305e-02
-3.515956551e-02
-3.132723644e-02
-2.719978616e-02
-2.658393420e-02
-2.547568269e-02
-2.987562120e-02
-3.049302287e-02
-3.480414674e-02
-3.516102955e-02
-3.819676116e-02
-3.698307276e-02
-3.835487366e-02
-3.668947518e-02
-3.643797711e-02
-3.710956126e-02
-3.437652066e-02
-3.276981413e-02
-3.035296500e-02
-2.856556140e-02
-3.028068878e-02
-3.127755225e-02
-3.676774353e-02
-3.739266843e-02
-3.936979547e-02
-3.759594634e-02
-3.926441073e-02
-3.696351498e-02
-3.894517571e-02
-3.683253378e-02
-3.554052487e-02
-3.506316617e-02
-3.238882869e-02
-3.320347518e-02
-3.502551839e-02
-3.597266600e-02
-3.852200881e-02
-3.818171099e-02
-4.117529467e-02
-3.804316372e-02
-3.776912019e-02
-3.600429371e-02
-3.788507357e-02
-3.735954314e-02
-3.956255317e-02
-3.694394976e-02
-3.674666584e-02
-3.716530651e-02
-3.546370938e-02
-3.539142758e-02
-3.622866422e-02
-3.825098276e-02
-4.018146172e-02
-3.958512843e-02
-4.193875194e-02
-3.908069059e-02
-3.930054232e-02
-3.689574823e-02
-3.781882674e-02
-3.622415289e-02
-3.786098212e-02
-3.701622039e-02
-3.758842126e-02
-3.885483369e-02
-3.828411177e-02
-3.978993744e-02
-4.111657292e-02
-4.034257680e-02
-3.959719464e-02
-3.696502745e-02
-3.883374110e-02
-3.614886478e-02
-3.799498826e-02
-3.748000413e-02
-3.953846917e-02
-3.871629387e-02
-4.061062261e-02
-3.840156645e-02
-3.925386071e-02
-4.040279984e-02
-3.946768865e-02
-4.086207226e-02
-4.167672247e-02
-3.915597871e-02
-3.827659041e-02
-3.654338419e-02
-3.905058280e-02
-3.792423382e-02
-4.216311499e-02
-4.261037707e-02
-4.373072088e-02
-4.003690556e-02
-4.008809105e-02
-3.740470856e-02
-3.743635491e-02
-3.939239681e-02
-3.819528222e-02
-3.843920678e-02
-3.953393549e-02
-3.987727687e-02
-4.075518250e-02
-4.053382576e-02
-4.402281344e-02
-4.219021648e-02
-4.345665127e-02
-4.107290506e-02
-4.113465548e-02
-3.816817701e-02
-3.825401515e-02
-3.571372479e-02
-3.824196011e-02
-4.146140441e-02
-4.190108553e-02
-4.394300282e-02
-4.530731216e-02
-4.438423738e-02
-4.393097758e-02
-4.196133837e-02
-4.426224157e-02
-4.052477330e-02
-3.965140507e-02
-3.699210659e-02
-3.794380650e-02
-3.694697097e-02
-4.107892141e-02
-4.139665142e-02
-4.197189212e-02
-4.473961145e-02
-4.512963444e-02
-4.665653780e-02
-4.561601207e-02
-4.221883044e-02
-4.050070047e-02
-3.813050315e-02
-3.992544487e-02
-3.660663590e-02
-3.818473965e-02
-3.730984405e-02
-3.996763751e-02
-4.128070548e-02
-4.520941898e-02
-4.432849959e-02
-4.604065418e-02
-4.841683060e-02
-4.554372281e-02
-4.412070289e-02
-4.213753343e-02
-3.839555383e-02
-3.605851904e-02
-3.294450417e-02
-3.434341028e-02
-3.428617865e-02
-3.996612877e-02
-4.341896251e-02
-4.819545895e-02
-4.801779613e-02
-4.928871244e-02
-4.472908750e-02
-4.139366373e-02
-3.905359656e-02
-3.506917506e-02
-3.511435911e-02
-3.668341041e-02
-3.707043454e-02
-3.882171214e-02
-3.819679096e-02
-4.237392545e-02
-4.325935990e-02
-4.673633724e-02
-4.661738127e-02
-4.748474434e-02
-4.511607811e-02
-4.373072088e-02
-3.961376846e-02
-3.841060773e-02
-3.772997484e-02
-3.512041271e-02
-3.525895998e-02
-3.772547841e-02
-4.123552516e-02
-4.481487721e-02
-4.456945881e-02
-4.719863459e-02
-4.524407163e-02
-4.648938775e-02
-4.456192255e-02
-4.368400946e-02
-3.866660967e-02
-3.733997047e-02
-3.392626718e-02
-3.471983969e-02
-3.759444505e-02
-3.972369060e-02
-4.315996170e-02
-4.619721696e-02
-4.773621634e-02
-4.827528819e-02
-4.443544522e-02
-4.544736072e-02
-4.198543727e-02
-4.188906029e-02
-3.784743696e-02
-3.867111355e-02
-3.709903732e-02
-3.977186233e-02
-4.000978917e-02
-4.334668815e-02
-4.673932493e-02
-4.663692415e-02
-4.776783660e-02
-4.764586315e-02
-4.536303505e-02
-4.483749345e-02
-4.202759638e-02
-4.097504541e-02
-3.693789989e-02
-3.816968575e-02
-3.847685084e-02
-4.293861985e-02
-4.415532574e-02
-4.730102047e-02
-4.568374157e-02
-4.632674903e-02
-4.749527201e-02
-4.560996220e-02
-4.405596107e-02
-4.240255803e-02
-4.095244035e-02
-4.057447985e-02
-3.751914948e-02
-3.975831717e-02
-3.904455155e-02
-4.169178754e-02
-4.210590571e-02
-4.595329612e-02
-4.520640522e-02
-4.669868574e-02
-4.530879855e-02
-4.541271180e-02
-4.490073025e-02
-4.107292369e-02
-3.993901983e-02
-3.910479322e-02
-3.788958117e-02
-3.837596998e-02
-3.759444878e-02
-4.261937737e-02
-4.364034534e-02
-4.680711031e-02
-4.573345929e-02
-4.554826021e-02
-4.213000089e-02
-4.248687625e-02
-4.080186784e-02
-4.098857939e-02
-4.098707065e-02
-3.773448989e-02
-3.788055107e-02
-3.848588839e-02
-3.855364397e-02
-4.146741703e-02
-4.319762811e-02
-4.810665548e-02
-4.676946998e-02
-4.611293599e-02
-4.294615984e-02
-4.259829596e-02
-3.972971067e-02
-4.055640101e-02
-3.912737593e-02
-3.976886719e-02
-4.094792902e-02
-4.017693549e-02
-4.140717536e-02
-4.228807986e-02
-4.212698340e-02
-4.572441429e-02
-4.730705172e-02
-5.082164332e-02
-4.631471634e-02
-4.367798939e-02
-3.894066438e-02
-3.895572945e-02
-3.785645217e-02
-4.186496511e-02
-4.266153648e-02
-4.379392788e-02
-4.463569820e-02
-4.197036102e-02
-4.293109477e-02
-4.522746801e-02
-4.802229628e-02
-4.903272167e-02
-4.594878852e-02
-4.509347677e-02
-3.814256564e-02
-3.735502064e-02
-3.776158020e-02
-4.177161306e-02
-4.236639291e-02
-4.546389729e-02
-4.322472215e-02
-4.289947823e-02
-4.402282462e-02
-4.235735163e-02
-4.366594180e-02
-4.583733529e-02
-4.536603019e-02
-4.516576976e-02
-4.088016599e-02
-3.977037966e-02
-3.560374677e-02
-3.831724077e-02
-4.187550768e-02
-4.815178737e-02
-4.940916970e-02
-5.015303940e-02
-4.386319965e-02
-3.982005268e-02
-3.811394796e-02
-3.825250268e-02
-4.249291494e-02
-4.526514187e-02
-4.452877492e-02
-4.223238677e-02
-3.791067377e-02
-3.885482997e-02
-3.776160255e-02
-4.322472960e-02
-4.788828641e-02
-5.298099667e-02
-5.024039373e-02
-4.628004134e-02
-3.874790296e-02
-3.455271944e-02
-3.497283906e-02
-3.657654673e-02
-4.105181247e-02
-4.527114332e-02
-4.597436264e-02
-4.583583772e-02
-4.322172329e-02
-4.487059638e-02
-4.323677346e-02
-4.623037204e-02
-4.618670046e-02
-4.620325193e-02
-4.041787982e-02
-3.794533387e-02
-3.460542858e-02
-3.662319481e-02
-4.138309136e-02
-4.328194633e-02
-4.533438012e-02
-4.496696964e-02
-4.305455834e-02
-4.207275808e-02
-4.095093533e-02
-4.592166096e-02
-4.748471454e-02
-4.990913719e-02
-4.595026374e-02
-4.157735035e-02
-3.469575197e-02
-3.310412541e-02
-3.235571831e-02
-3.796186298e-02
-4.664146528e-02
-5.046778172e-02
-5.235908553e-02
-5.036234856e-02
-4.460557550e-02
-4.150357097e-02
-3.874188289e-02
-4.337982461e-02
-4.296571761e-02
-4.238145798e-02
-3.765772656e-02
-3.586579859e-02
-3.512188792e-02
-4.173546657e-02
-4.596234486e-02
-4.986244813e-02
-5.039549991e-02
-4.378036782e-02
-3.812301159e-02
-3.541705757e-02
-3.670600802e-02
-4.214956611e-02
-4.491127655e-02
-4.853127897e-02
-4.371712729e-02
-4.033053666e-02
-3.402569890e-02
-3.351066262e-02
-3.518964723e-02
-4.445198178e-02
-4.859001562e-02
-5.107464641e-02
-5.005214736e-02
-4.360418767e-02
-3.871478513e-02
-3.601185232e-02
-3.517160565e-02
-3.840760142e-02
-3.942101076e-02
-4.222938046e-02
-3.849643469e-02
-3.933216259e-02
-3.772545233e-02
-4.060008004e-02
-4.290399328e-02
-4.784011096e-02
-4.566568881e-02
-4.310276359e-02
-3.997364640e-02
-3.378626332e-02
-3.331644833e-02
-3.623620793e-02
-4.036817700e-02
-4.375779629e-02
-4.325184226e-02
-4.393397644e-02
