1.493002475e-02
1.469723007e-02
1.472454118e-02
1.447874121e-02
1.420953171e-02
1.424724705e-02
1.456977823e-02
1.411719415e-02
1.361779103e-02
1.342141116e-02
1.354236035e-02
1.360608627e-02
1.322243023e-02
1.305986411e-02
1.270872129e-02
1.234457318e-02
1.230425678e-02
1.244601444e-02
1.256566310e-02
1.232766630e-02
1.216249913e-02
1.189328963e-02
1.170731399e-02
1.186727905e-02
1.163708543e-02
1.133536271e-02
1.127423785e-02
1.154604840e-02
1.159416797e-02
1.151483570e-02
1.115979130e-02
1.085936911e-02
1.078003684e-02
1.097901777e-02
1.100242729e-02
1.083856064e-02
1.067209294e-02
1.050302417e-02
1.035606440e-02
1.021040516e-02
1.034696070e-02
1.024421891e-02
1.015968453e-02
1.017008876e-02
1.029233848e-02
1.036906969e-02
1.051082735e-02
1.020520304e-02
1.004263692e-02
1.009986019e-02
1.014017659e-02
1.027673213e-02
1.004913956e-02
9.900879263e-03
9.994517348e-03
9.783831657e-03
9.554938560e-03
9.473005235e-03
9.478207351e-03
9.359859215e-03
9.311739644e-03
9.292231709e-03
9.281827478e-03
9.306537528e-03
9.577047552e-03
9.320843347e-03
9.564042262e-03
9.276625362e-03
9.106256068e-03
9.077644431e-03
9.085447605e-03
8.982705817e-03
8.957995766e-03
8.824041283e-03
8.787626473e-03
8.691387329e-03
8.484603225e-03
8.703092090e-03
8.868259268e-03
8.809735465e-03
8.824041283e-03
8.947591535e-03
9.158277226e-03
9.274024304e-03
9.518523749e-03
9.336449694e-03
9.220702617e-03
9.208997856e-03
9.560140675e-03
9.658980876e-03
9.427486721e-03
9.482108938e-03
9.558840146e-03
9.815044352e-03
9.571845436e-03
9.960703595e-03
1.005694274e-02
1.003353322e-02
1.005304115e-02
1.004783904e-02
9.870967097e-03
9.872267626e-03
9.975009414e-03
9.995817877e-03
9.843655989e-03
1.009335755e-02
9.958102537e-03
1.005434168e-02
1.018569511e-02
1.002703057e-02
9.838453873e-03
9.796836946e-03
1.001922740e-02
9.986714175e-03
9.912584024e-03
9.705799919e-03
9.629068710e-03
9.841054931e-03
9.893076089e-03
9.855360749e-03
9.998418935e-03
1.010116072e-02
1.030144218e-02
1.000752264e-02
1.035736493e-02
1.074362203e-02
1.050432470e-02
1.041979032e-02
1.051993105e-02
1.073841991e-02
1.100112676e-02
1.093479979e-02
1.101153100e-02
1.084116170e-02
1.093870137e-02
1.112597754e-02
1.078523896e-02
1.084116170e-02
1.105054686e-02
1.116629394e-02
1.079694372e-02
1.077873631e-02
1.066428976e-02
1.062397337e-02
1.023121362e-02
1.050562523e-02
1.070330563e-02
1.052773422e-02
1.040548450e-02
1.031184641e-02
1.034956175e-02
1.025722420e-02
1.038077445e-02
1.062917548e-02
1.080734795e-02
1.073972044e-02
1.067469399e-02
1.057975538e-02
1.057715432e-02
1.047441253e-02
1.056414903e-02
1.046790989e-02
1.039768133e-02
1.053423687e-02
1.041328767e-02
1.065128447e-02
1.055114374e-02
1.053813845e-02
1.056805062e-02
1.058105591e-02
1.077223367e-02
1.095560825e-02
1.093610032e-02
1.120530981e-02
1.128204102e-02
1.143940502e-02
1.143030132e-02
1.158766533e-02
1.154994999e-02
1.148232248e-02
1.141469497e-02
1.141989709e-02
1.160067062e-02
1.172161981e-02
1.154734893e-02
1.168650553e-02
1.186727905e-02
1.176973938e-02
1.162668119e-02
1.196481872e-02
1.192060074e-02
1.194921238e-02
1.184256900e-02
1.172422087e-02
1.187638275e-02
1.192970444e-02
1.190889598e-02
1.188028434e-02
1.169690976e-02
1.163448437e-02
1.166179548e-02
1.188158487e-02
1.182696265e-02
1.169430870e-02
1.183086424e-02
1.186337747e-02
1.205845681e-02
1.185297323e-02
1.188678699e-02
1.179705049e-02
1.169170764e-02
1.170991505e-02
1.179054784e-02
1.186467799e-02
1.189068857e-02
1.188938804e-02
1.166569706e-02
1.166829812e-02
1.179574996e-02
1.159026638e-02
1.149662830e-02
1.137697963e-02
1.152784099e-02
1.146931719e-02
1.144070555e-02
1.133666324e-02
1.138608334e-02
1.158506427e-02
1.169560923e-02
1.159416797e-02
1.157726109e-02
1.169040711e-02
1.178794679e-02
1.172812245e-02
1.193880814e-02
1.199733195e-02
1.190629492e-02
1.218720918e-02
1.223662928e-02
1.241480174e-02
1.241480174e-02
1.254875623e-02
1.269961759e-02
1.283357207e-02
1.335638471e-02
1.361779103e-02
1.378165768e-02
1.416141214e-02
1.414840685e-02
1.446963750e-02
2.700933774e-02
1.593667712e-01
6.243461911e-01
1.488508670e+00
2.587408823e+00
3.714588978e+00
4.777690771e+00
5.728684366e+00
6.568100379e+00
7.292178982e+00
7.901562635e+00
8.396610285e+00
8.786019868e+00
9.079442611e+00
9.290840993e+00
9.431692181e+00
9.513742553e+00
9.549989596e+00
9.550000000e+00
9.520706886e+00
9.467958732e+00
9.402295024e+00
9.350085289e+00
9.327262306e+00
9.329747617e+00
9.337553392e+00
9.338180247e+00
9.326719986e+00
9.302165999e+00
9.261744258e+00
9.204641933e+00
9.134224793e+00
9.051659411e+00
8.956815736e+00
8.851146457e+00
8.737806659e+00
8.618554656e+00
8.493876846e+00
8.366223426e+00
8.236815592e+00
8.106944770e+00
7.976306636e+00
7.848053672e+00
7.724032629e+00
7.604749413e+00
7.489077766e+00
7.375805595e+00
7.262750613e+00
7.150176826e+00
7.038346942e+00
6.925875897e+00
6.813313814e+00
6.701621786e+00
6.589245680e+00
6.477461314e+00
6.366219269e+00
6.255679509e+00
6.145847237e+00
6.037887727e+00
5.930509554e+00
5.824290151e+00
5.719827764e+00
5.616824569e+00
5.515184329e+00
5.415623635e+00
5.318331064e+00
5.222401447e+00
5.127660513e+00
5.034833958e+00
4.943127158e+00
4.853012206e+00
4.763981895e+00
4.676067438e+00
4.589228518e+00
4.504065980e+00
4.420344428e+00
4.337780347e+00
4.256118833e+00
4.175786460e+00
4.097169484e+00
4.019976587e+00
3.944806013e+00
3.871220784e+00
3.798701989e+00
3.728162599e+00
3.659044686e+00
3.591330045e+00
3.524728656e+00
3.459349765e+00
3.395398854e+00
3.333371426e+00
3.272643226e+00
3.212756469e+00
3.154198852e+00
3.097057511e+00
3.041124361e+00
2.986581477e+00
2.933323516e+00
2.881034448e+00
2.829179758e+00
2.779343488e+00
2.730485216e+00
2.682781813e+00
2.635538798e+00
2.589273781e+00
2.543677236e+00
2.499584102e+00
2.456188052e+00
2.413509893e+00
2.371781121e+00
2.330683105e+00
2.290641119e+00
2.250721383e+00
2.212370084e+00
2.174650843e+00
2.137449212e+00
2.101217775e+00
2.065332280e+00
2.030710898e+00
1.996516090e+00
1.962896116e+00
1.929501133e+00
1.897593956e+00
1.866099046e+00
1.835119146e+00
1.804971584e+00
1.775406659e+00
1.746683176e+00
1.718557937e+00
1.690829359e+00
1.664176319e+00
1.637391925e+00
1.611716882e+00
1.585979414e+00
1.560967641e+00
1.536483883e+00
1.512652990e+00
1.488871517e+00
1.466338553e+00
1.443687240e+00
1.421254416e+00
1.399573297e+00
1.377898682e+00
1.356800200e+00
1.336398802e+00
1.316303029e+00
1.296455656e+00
1.276867089e+00
1.257969103e+00
1.239430063e+00
1.221356612e+00
1.203068573e+00
1.185598568e+00
1.168562939e+00
1.151975993e+00
1.135464477e+00
1.119564210e+00
1.103821307e+00
1.088551796e+00
1.073875327e+00
1.058923145e+00
1.044233671e+00
1.030292000e+00
1.016068115e+00
1.002400856e+00
9.885138081e-01
9.756034571e-01
9.623224553e-01
9.495655667e-01
9.367332475e-01
9.242533716e-01
9.115146904e-01
8.996239541e-01
8.879686136e-01
8.762040286e-01
8.649206393e-01
8.535176014e-01
8.423863740e-01
8.320224587e-01
8.214621636e-01
8.115144175e-01
8.010542631e-01
7.916345318e-01
7.814084726e-01
7.720693742e-01
7.623401170e-01
7.531531804e-01
7.441483179e-01
7.354998003e-01
7.266353949e-01
7.182079672e-01
7.100224380e-01
7.015663987e-01
6.929972133e-01
6.853058851e-01
6.769304785e-01
6.693822085e-01
6.613241310e-01
6.538447890e-01
6.460234078e-01
6.387261398e-01
6.306836687e-01
6.238415858e-01
6.164064618e-01
6.097555567e-01
6.028250378e-01
5.958437984e-01
5.893359514e-01
5.825302834e-01
5.757558280e-01
5.693494224e-01
5.627570411e-01
5.574990025e-01
5.508923154e-01
5.447577203e-01
5.383617188e-01
5.331179861e-01
5.275829348e-01
5.221480243e-01
5.163554683e-01
5.110219990e-01
5.061112017e-01
5.010365376e-01
4.962180778e-01
4.911043980e-01
4.859868165e-01
4.813309228e-01
4.760767858e-01
4.716614900e-01
4.663189170e-01
4.620843947e-01
4.568510662e-01
4.527062804e-01
4.480685941e-01
4.439342126e-01
4.392380025e-01
4.350997193e-01
4.310823854e-01
4.266696906e-01
4.230698264e-01
4.189809634e-01
4.151157913e-01
4.114587039e-01
4.073035138e-01
4.038415058e-01
3.994145052e-01
3.961306695e-01
3.920196975e-01
3.886227159e-01
3.845013396e-01
3.812422140e-01
3.772547922e-01
3.738239968e-01
3.698352745e-01
3.657412093e-01
3.623910467e-01
3.588184937e-01
3.554540252e-01
3.518463579e-01
3.483219244e-01
3.455778083e-01
3.421977335e-01
3.396239867e-01
3.362126993e-01
3.335323091e-01
3.302185613e-01
3.277215457e-01
3.246054783e-01
3.216857908e-01
3.187687043e-01
3.157969956e-01
3.131127039e-01
3.101461973e-01
3.071861934e-01
3.046345556e-01
3.016888575e-01
2.993114905e-01
2.960497639e-01
2.937842424e-01
2.907956269e-01
2.885535150e-01
2.857209629e-01
2.839925599e-01
2.813628903e-01
2.791897064e-01
2.766419702e-01
2.739147610e-01
2.718287125e-01
2.691418197e-01
2.666304983e-01
2.646497927e-01
2.621956945e-01
2.605778365e-01
2.578805394e-01
2.564538591e-01
2.540504816e-01
2.522557517e-01
2.494440080e-01
2.477234082e-01
2.456087481e-01
2.438699409e-01
2.416421348e-01
2.391932388e-01
2.373763998e-01
2.350497535e-01
2.330027209e-01
2.311091508e-01
2.286654568e-01
2.272062633e-01
2.245948012e-01
2.233658013e-01
2.207296291e-01
2.188685722e-01
2.166758803e-01
2.153675482e-01
2.133985474e-01
2.118080004e-01
2.103175943e-01
2.079727405e-01
2.062742497e-01
2.044834213e-01
2.027238057e-01
2.010552270e-01
1.989691785e-01
1.972576824e-01
1.950012647e-01
1.941741283e-01
1.924288184e-01
1.913831931e-01
1.893309584e-01
1.881799903e-01
1.860575270e-01
1.848571388e-01
1.834408627e-01
1.818282068e-01
1.805185742e-01
1.788187828e-01
1.770682708e-01
1.757924519e-01
1.741771950e-01
1.732330109e-01
1.710104069e-01
1.697605986e-01
1.680790147e-01
1.672648835e-01
1.652009441e-01
1.642229463e-01
1.623839983e-01
1.613344715e-01
1.601301817e-01
1.587568231e-01
1.577827269e-01
1.559216699e-01
1.543558331e-01
1.530722110e-01
1.516598365e-01
1.507091499e-01
1.484306231e-01
1.473511841e-01
1.452287208e-01
1.441479813e-01
1.423506502e-01
1.412334959e-01
1.393360241e-01
1.381057237e-01
1.364527514e-01
1.347555611e-01
1.339219220e-01
1.322416386e-01
1.305795626e-01
1.295586474e-01
1.279759036e-01
1.273178360e-01
1.256596615e-01
1.248676394e-01
1.233031031e-01
1.227711867e-01
1.210778980e-01
1.203040833e-01
1.188643977e-01
1.182609523e-01
1.170254498e-01
1.154869240e-01
1.145427400e-01
1.134060777e-01
1.125633349e-01
1.117791159e-01
1.104382706e-01
1.099323648e-01
1.082702888e-01
1.077721862e-01
1.064391440e-01
1.060541875e-01
1.047939749e-01
1.039252215e-01
1.025440598e-01
1.019692260e-01
1.009548134e-01
9.963607704e-02
9.897800938e-02
9.785825395e-02
9.676971121e-02
9.577610708e-02
9.416995381e-02
9.346636765e-02
9.200457309e-02
9.162741970e-02
8.997574791e-02
8.914991202e-02
8.765170266e-02
8.700924136e-02
8.556565421e-02
8.447060882e-02
8.365127558e-02
8.231433181e-02
8.176160700e-02
8.103201025e-02
8.039475106e-02
7.959362522e-02
7.826058304e-02
7.789513440e-02
7.627207425e-02
7.589492086e-02
7.426145648e-02
7.355917084e-02
7.215329903e-02
7.145881657e-02
7.030654791e-02
6.970700406e-02
6.866918195e-02
6.760534926e-02
6.716837153e-02
6.656492609e-02
6.563244682e-02
6.540745531e-02
6.438784061e-02
6.395606499e-02
6.246825986e-02
6.238762707e-02
6.116643037e-02
6.068393413e-02
5.928976708e-02
5.899974912e-02
5.802825399e-02
5.736108263e-02
5.651183722e-02
5.530364582e-02
5.479383846e-02
5.352712326e-02
5.247629586e-02
5.191056576e-02
5.104311294e-02
5.081161879e-02
4.975688980e-02
4.916905071e-02
4.827298625e-02
4.800897888e-02
4.672795785e-02
4.642363407e-02
4.560560136e-02
4.519983632e-02
4.444943111e-02
4.350134550e-02
4.293431487e-02
4.219041230e-02
4.135677324e-02
4.104204523e-02
4.004453952e-02
3.979873955e-02
3.834734922e-02
3.809764766e-02
3.716906999e-02
3.690116102e-02
3.582692410e-02
3.570597491e-02
3.466685227e-02
3.434562161e-02
3.373697406e-02
3.314653391e-02
3.277978474e-02
3.218414248e-02
3.141422933e-02
3.121264735e-02
3.063521249e-02
3.055457969e-02
2.970273322e-02
2.941141473e-02
2.867921693e-02
2.837879474e-02
2.763749323e-02
2.759457578e-02
2.649692933e-02
2.592079500e-02
2.515868503e-02
2.453833272e-02
2.414947456e-02
2.300240802e-02
2.184363671e-02
2.135333729e-02
2.004760622e-02
1.973938085e-02
1.853769209e-02
1.805779691e-02
1.715783086e-02
1.708240019e-02
1.582869027e-02
1.519013055e-02
1.417441743e-02
1.365810743e-02
1.318601542e-02
1.239529381e-02
1.183866741e-02
1.100242729e-02
1.041068662e-02
1.014277765e-02
9.618664479e-03
9.134867705e-03
7.892862547e-03
7.965692169e-03
7.256903886e-03
6.675567440e-03
5.778202457e-03
5.609133692e-03
4.395740172e-03
3.845616421e-03
3.350114887e-03
2.582802800e-03
2.660834538e-03
1.944243080e-03
1.323890766e-03
5.253659840e-04
-4.292222733e-04
-5.722804590e-04
-1.485251790e-03
-1.496956550e-03
-2.503565966e-03
-2.647924681e-03
-3.402231478e-03
-3.597310822e-03
-4.270984824e-03
-4.538893790e-03
-4.984975223e-03
-5.274993182e-03
-5.359527564e-03
-6.060512674e-03
-6.627543301e-03
-6.807016298e-03
-7.355839519e-03
-7.385751685e-03
-8.182975938e-03
-8.241499741e-03
-9.188284825e-03
-9.415877393e-03
-1.049401590e-02
-1.046020215e-02
-1.128733857e-02
-1.162547610e-02
-1.215479138e-02
-1.256835959e-02
-1.243440511e-02
-1.256315748e-02
-1.331616375e-02
-1.349953833e-02
-1.406266737e-02
-1.404836155e-02
-1.462059429e-02
-1.463490011e-02
-1.533848628e-02
-1.507968102e-02
-1.595363648e-02
-1.631388300e-02
-1.690562368e-02
-1.712541307e-02
-1.775356856e-02
-1.868214624e-02
-1.894875468e-02
-1.953139165e-02
-2.000478419e-02
-2.044956510e-02
-2.119086661e-02
-2.131961897e-02
-2.224299453e-02
-2.218837232e-02
-2.284383891e-02
-2.291016589e-02
-2.379842717e-02
-2.385174886e-02
-2.473480802e-02
-2.515097729e-02
-2.570630316e-02
-2.646191048e-02
-2.674672633e-02
-2.735797494e-02
-2.765839713e-02
-2.791330080e-02
-2.869751977e-02
-2.873523511e-02
-2.940500752e-02
-2.924244140e-02
-2.991091329e-02
-3.014891009e-02
-3.126346341e-02
-3.100855973e-02
-3.148845492e-02
-3.156128454e-02
-3.200866650e-02
-3.296845688e-02
-3.324026743e-02
-3.391914355e-02
-3.414803664e-02
-3.431970647e-02
-3.520536669e-02
-3.486202704e-02
-3.542385555e-02
-3.510392543e-02
-3.558252009e-02
-3.554480475e-02
-3.645127343e-02
-3.656702051e-02
-3.689085222e-02
-3.691816333e-02
-3.727190721e-02
-3.776740874e-02
-3.783503625e-02
-3.811334944e-02
-3.842677692e-02
-3.859454516e-02
-3.920319271e-02
-3.925651440e-02
-4.002902860e-02
-4.001732384e-02
-4.049591850e-02
-4.031644550e-02
-4.093939888e-02
-4.100182427e-02
-4.123461895e-02
-4.112147293e-02
-4.140238719e-02
-4.181985698e-02
-4.166639457e-02
-4.224643048e-02
-4.282906746e-02
-4.312818912e-02
-4.362239012e-02
-4.345332136e-02
-4.406717103e-02
-4.402165251e-02
-4.469922810e-02
-4.482537941e-02
-4.540411480e-02
-4.528966825e-02
-4.623645333e-02
-4.628587343e-02
-4.626766603e-02
-4.691272839e-02
-4.678917814e-02
-4.720144582e-02
-4.765012831e-02
-4.751617383e-02
-4.802207960e-02
-4.768004048e-02
-4.851367954e-02
-4.852018219e-02
-4.892204564e-02
-4.867104355e-02
-4.938633448e-02
-4.918995460e-02
-4.960092176e-02
-4.976608893e-02
-4.993125611e-02
-5.031881374e-02
-5.014064127e-02
-5.053730261e-02
-5.122918402e-02
-5.167136386e-02
-5.196788446e-02
-5.205762096e-02
-5.253361456e-02
-5.247509076e-02
-5.342837849e-02
-5.351551393e-02
-5.433224612e-02
-5.448310748e-02
-5.510215926e-02
-5.544159732e-02
-5.607755598e-02
-5.718560666e-02
-5.712188074e-02
-5.759397275e-02
-5.800493990e-02
-5.775653887e-02
-5.810508063e-02
-5.828065204e-02
-5.907917682e-02
-5.867601285e-02
-5.933277997e-02
-5.926775352e-02
-6.004156825e-02
-5.957207730e-02
-6.012610264e-02
-6.031467934e-02
-6.046033858e-02
-6.094153430e-02
-6.067232480e-02
-6.124065596e-02
-6.150986545e-02
-6.170624532e-02
-6.191302943e-02
-6.166462840e-02
-6.262181771e-02
-6.202097333e-02
-6.282209917e-02
-6.276487590e-02
-6.328248642e-02
-6.281819759e-02
-6.308870761e-02
-6.318624728e-02
-6.343985043e-02
-6.416424506e-02
-6.395095831e-02
-6.425398156e-02
-6.454920163e-02
-6.449848100e-02
-6.539584599e-02
-6.538284070e-02
-6.637124271e-02
-6.625809669e-02
-6.664045220e-02
-6.656892311e-02
-6.729071668e-02
-6.697989026e-02
-6.766917061e-02
-6.747669232e-02
-6.776671028e-02
-6.823880229e-02
-6.839876736e-02
-6.870049008e-02
-6.905553448e-02
-6.891767841e-02
-6.959265294e-02
-6.948470904e-02
-7.009335659e-02
-6.993729312e-02
-7.082685493e-02
-7.082425387e-02
-7.137957974e-02
-7.115328770e-02
-7.164488764e-02
-7.173592467e-02
-7.177494054e-02
-7.248372882e-02
-7.241219973e-02
-7.286738487e-02
-7.323153298e-02
-7.325624303e-02
-7.371402922e-02
-7.342141020e-02
-7.377905567e-02
-7.302604940e-02
-7.343701655e-02
-7.355666522e-02
-7.398974136e-02
-7.350984617e-02
-7.398323872e-02
-7.384928423e-02
-7.398583977e-02
-7.418482070e-02
-7.398844083e-02
-7.418742176e-02
-7.446703549e-02
-7.446313390e-02
-7.498724707e-02
-7.460749262e-02
-7.546714226e-02
