6.730084121e-02
6.966706365e-02
7.062608749e-02
7.411518693e-02
7.754169405e-02
7.678988576e-02
7.581635565e-02
7.329107821e-02
7.020675391e-02
5.848647654e-02
4.560473561e-02
3.716634586e-02
3.971083835e-02
5.013956502e-02
6.539724022e-02
7.685732841e-02
8.391764760e-02
8.253447711e-02
7.514653355e-02
6.450561434e-02
5.481901392e-02
4.520943761e-02
4.100724682e-02
4.299752787e-02
4.945531115e-02
5.650583655e-02
6.252013892e-02
7.290554047e-02
7.804767042e-02
7.563801855e-02
6.379240751e-02
5.202393606e-02
4.212522507e-02
3.835668787e-02
3.742175549e-02
4.360475391e-02
5.274681747e-02
5.868410319e-02
5.602387339e-02
4.693480209e-02
3.671333194e-02
3.101219982e-02
3.237120435e-02
3.786510229e-02
4.852514341e-02
5.555637553e-02
5.488650501e-02
4.918058589e-02
4.225055501e-02
3.462179378e-02
3.062184900e-02
2.827971242e-02
2.731097676e-02
2.818810008e-02
3.400491551e-02
4.012051225e-02
4.507461563e-02
5.492509529e-02
6.212498620e-02
6.108885631e-02
5.283836275e-02
3.578323871e-02
1.620271802e-02
4.438978620e-03
9.648564272e-03
2.452552505e-02
4.628423601e-02
6.503579766e-02
7.236094028e-02
6.629361212e-02
5.405763537e-02
3.803861886e-02
2.110387385e-02
9.234117344e-03
7.075092290e-03
1.440030336e-02
2.497369796e-02
3.592782095e-02
4.401916638e-02
4.745048657e-02
4.768180102e-02
4.753243178e-02
3.885303810e-02
2.491585724e-02
1.651113294e-02
1.593764499e-02
1.829905808e-02
2.512796409e-02
3.332542256e-02
4.112281650e-02
4.773000255e-02
4.564333707e-02
3.748436645e-02
2.690618671e-02
1.844366826e-02
1.941230521e-02
2.549902722e-02
3.535913303e-02
4.318066314e-02
4.461193830e-02
4.212525859e-02
3.719036281e-02
2.791341580e-02
2.320990711e-02
1.824125648e-02
1.558583230e-02
1.651111431e-02
1.962916739e-02
2.548457310e-02
3.285316378e-02
4.187460244e-02
4.395649582e-02
3.737828881e-02
2.440982312e-02
1.205820870e-02
2.289624652e-03
1.055906410e-03
7.176291198e-03
1.744125970e-02
3.060257994e-02
3.968667984e-02
4.328663647e-02
3.672776744e-02
2.671822719e-02
1.513285190e-02
1.038107928e-02
1.190878823e-02
1.978341118e-02
2.903628536e-02
3.100737557e-02
3.107483871e-02
3.167243302e-02
3.401939571e-02
3.080978990e-02
3.068927303e-02
2.763871104e-02
2.515683882e-02
2.255925164e-02
2.491106652e-02
2.488213778e-02
2.425564453e-02
2.309906110e-02
2.249183878e-02
2.582191862e-02
2.658334561e-02
2.549418807e-02
2.635683306e-02
2.723872103e-02
3.035193682e-02
3.108446300e-02
3.175432235e-02
3.115192614e-02
2.719059028e-02
2.016410232e-02
1.770632714e-02
2.167258970e-02
2.488694340e-02
2.748449333e-02
2.976400219e-02
2.948929928e-02
2.658814564e-02
2.266048826e-02
1.926772483e-02
1.610151492e-02
1.480996981e-02
1.580754481e-02
1.578345522e-02
1.740752161e-02
2.011109702e-02
2.653512545e-02
3.218805045e-02
3.497356176e-02
3.041458316e-02
2.603879198e-02
1.512803044e-02
8.511205204e-03
7.234120276e-03
1.186059974e-02
2.144603990e-02
3.298321739e-02
3.482418507e-02
3.071828373e-02
2.569659054e-02
2.034721337e-02
1.568220928e-02
1.366297249e-02
1.540274173e-02
2.188456617e-02
3.026037849e-02
3.499766812e-02
3.508438915e-02
3.045801260e-02
2.745081484e-02
2.660744078e-02
2.758093365e-02
2.889652736e-02
3.087728284e-02
3.078087606e-02
3.230375051e-02
3.611091524e-02
3.208208084e-02
2.471349388e-02
2.074723504e-02
1.534487028e-02
1.238588989e-02
1.357622631e-02
2.104604617e-02
3.064593300e-02
3.522899002e-02
3.782654926e-02
3.531091288e-02
2.810139954e-02
2.046770789e-02
1.097384188e-02
4.949834198e-03
5.012477282e-03
1.326300669e-02
1.962917671e-02
2.467971854e-02
2.421706729e-02
2.221228741e-02
2.221712470e-02
2.283880860e-02
2.360504121e-02
2.382676676e-02
2.081952803e-02
1.612078585e-02
1.414490119e-02
1.262200996e-02
1.251119655e-02
1.730632409e-02
2.264123969e-02
2.996637300e-02
3.193264455e-02
2.598570660e-02
1.720996201e-02
1.129672956e-02
1.265578438e-02
1.506057475e-02
1.212566067e-02
1.358588412e-02
1.467499789e-02
1.802910678e-02
1.579301804e-02
-2.117998339e-02
8.021640033e-02
1.016781926e+00
3.080251455e+00
5.808901787e+00
8.304433823e+00
9.984079361e+00
1.080076408e+01
1.100000000e+01
1.083323860e+01
1.046995831e+01
1.004530907e+01
9.637789726e+00
9.237943649e+00
8.859820366e+00
8.545331001e+00
8.345417023e+00
8.239875793e+00
8.157574654e+00
8.039934158e+00
7.862124443e+00
7.600877285e+00
7.262586594e+00
6.894220829e+00
6.542122841e+00
6.229344845e+00
6.002811432e+00
5.856657505e+00
5.790450096e+00
5.723561764e+00
5.631681442e+00
5.494810581e+00
5.337349892e+00
5.129679680e+00
4.920857430e+00
4.730655670e+00
4.575125217e+00
4.451567650e+00
4.338424206e+00
4.226731777e+00
4.107942581e+00
3.969341278e+00
3.832901239e+00
3.702345610e+00
3.623585224e+00
3.567238092e+00
3.529355049e+00
3.479719400e+00
3.409524441e+00
3.286497116e+00
3.146354198e+00
2.990844011e+00
2.834131002e+00
2.698613882e+00
2.600995302e+00
2.557391167e+00
2.549419403e+00
2.539409876e+00
2.525014877e+00
2.481334209e+00
2.417875051e+00
2.312066078e+00
2.193477631e+00
2.062622070e+00
1.960321546e+00
1.886572123e+00
1.855961204e+00
1.836471558e+00
1.810721397e+00
1.785098553e+00
1.741664529e+00
1.681970477e+00
1.614343405e+00
1.537477255e+00
1.479696631e+00
1.426151752e+00
1.396248579e+00
1.361222744e+00
1.338148355e+00
1.304490328e+00
1.273449302e+00
1.220939279e+00
1.172322989e+00
1.112579584e+00
1.060083628e+00
1.028237939e+00
1.001986742e+00
9.887196422e-01
9.878711104e-01
9.792836308e-01
9.718090892e-01
9.336261749e-01
8.941963911e-01
8.334441185e-01
7.887744308e-01
7.425765395e-01
7.147693634e-01
6.847598553e-01
6.775982380e-01
6.734299660e-01
6.703214645e-01
6.701477170e-01
6.583647132e-01
6.420900822e-01
6.247892976e-01
5.929340720e-01
5.663031340e-01
5.233827233e-01
4.965637326e-01
4.600962996e-01
4.419808388e-01
4.237595201e-01
4.231619537e-01
4.221403301e-01
4.353930652e-01
4.355038702e-01
4.221257567e-01
4.073645473e-01
3.828873634e-01
3.555475771e-01
3.341649473e-01
3.098711073e-01
2.982085943e-01
2.768979073e-01
2.761750817e-01
2.694425583e-01
2.765026987e-01
2.762088180e-01
2.806858718e-01
2.713221014e-01
2.653174102e-01
2.518961430e-01
2.327204943e-01
2.205955088e-01
2.038101852e-01
1.916996837e-01
1.874250770e-01
1.835647523e-01
1.918729991e-01
1.848804206e-01
1.865046024e-01
1.673576087e-01
1.544229686e-01
1.322882921e-01
1.283027828e-01
1.202401742e-01
1.283991188e-01
1.326208860e-01
1.336956173e-01
1.415508091e-01
1.384665817e-01
1.260858327e-01
1.115942895e-01
9.110792726e-02
8.083316684e-02
6.136358902e-02
6.218767539e-02
5.822625011e-02
7.459230721e-02
8.349850774e-02
1.046498269e-01
1.089100316e-01
1.135412455e-01
9.981630743e-02
7.392721623e-02
4.925762862e-02
2.374483459e-02
9.889503010e-03
1.460274309e-02
2.479056455e-02
4.804323241e-02
5.404806137e-02
6.655383855e-02
5.803833902e-02
5.229858309e-02
3.416400403e-02
3.124835901e-02
2.500260994e-02
2.989892289e-02
2.168214507e-02
6.757030729e-03
2.424557228e-03
-4.519949201e-03
-7.363297977e-03
3.436597995e-03
1.616415754e-02
3.857356310e-02
3.992294893e-02
4.607697204e-02
2.864115685e-02
1.566296257e-02
-1.038975269e-02
-2.130522765e-02
-3.634599596e-02
-2.882803045e-02
-1.807639375e-02
-5.319946446e-03
1.491599530e-02
2.148943208e-02
1.920510642e-02
1.564851962e-02
3.552250564e-03
-3.122363472e-03
-2.295342088e-02
-2.435585111e-02
-2.824008837e-02
-1.077044290e-02
-1.830806606e-03
7.773885503e-03
-4.043334047e-04
-3.026007209e-03
-1.526198443e-02
-2.739673108e-02
-2.807142027e-02
-2.800397016e-02
-2.402326278e-02
-1.491015218e-02
-1.285234839e-02
-4.871746525e-03
-1.198008470e-02
-1.032227930e-02
-2.459191717e-02
-2.688108012e-02
-3.752673045e-02
-3.607613593e-02
-3.823514283e-02
-3.187381849e-02
-2.338716015e-02
-1.789328083e-02
-8.977718651e-03
-9.170482866e-03
-1.480413042e-02
-1.861132868e-02
-3.418220207e-02
-4.071715474e-02
-5.783015117e-02
-5.330969766e-02
-5.003269389e-02
-3.340145200e-02
-2.241367847e-02
-4.650064744e-03
-7.098225877e-03
-7.623519748e-03
-2.352210134e-02
-3.846172988e-02
-4.077010229e-02
-4.461102933e-02
-4.408572242e-02
-3.478942066e-02
-3.186413646e-02
-2.107395045e-02
-2.839912847e-02
-2.519918978e-02
-3.356051072e-02
-3.396533057e-02
-4.346886277e-02
-4.050983489e-02
-4.627848417e-02
-4.183033854e-02
-3.890022635e-02
-3.433160484e-02
-2.709308267e-02
-2.921841294e-02
-3.495326638e-02
-4.041346535e-02
-4.690491781e-02
-4.069782048e-02
-4.322793707e-02
-2.771962248e-02
-2.585452795e-02
-1.805224642e-02
-2.753166854e-02
-2.904973552e-02
-4.260624200e-02
-3.901103139e-02
-4.028813541e-02
-3.886647150e-02
-2.852926590e-02
-2.571002208e-02
-2.541601658e-02
-2.458710782e-02
-3.217263147e-02
-3.246659040e-02
-4.397974536e-02
-3.883761913e-02
-4.375800490e-02
-3.930507600e-02
-4.071227089e-02
-2.684734017e-02
-2.355580404e-02
-1.134875882e-02
-1.482822839e-02
-2.397510968e-02
-2.922320925e-02
-3.750747070e-02
-4.436528683e-02
-4.260631651e-02
-4.761343822e-02
-4.256286845e-02
-4.806162417e-02
-3.575328365e-02
-3.252922371e-02
-2.213896811e-02
-2.681362443e-02
-2.282325923e-02
-3.057261370e-02
-3.359426931e-02
-4.439416900e-02
-5.308802053e-02
-4.943516850e-02
-4.945921525e-02
-4.399901256e-02
-2.966175042e-02
-2.390276454e-02
-1.547401492e-02
-2.581122704e-02
-2.365709841e-02
-3.817248344e-02
-4.050019756e-02
-4.696767032e-02
-3.740626574e-02
-3.771954030e-02
-2.835094184e-02
-2.988342941e-02
-4.129058123e-02
-4.792667925e-02
-5.415792391e-02
-5.479888991e-02
-4.856760427e-02
-4.494358227e-02
-2.902561426e-02
-2.653408051e-02
-1.597033441e-02
-2.677022107e-02
-3.308823705e-02
-4.882306978e-02
-5.109290406e-02
-5.610967055e-02
-4.447616637e-02
-3.388823569e-02
-2.794614621e-02
-1.626436040e-02
-1.464993134e-02
-1.462581847e-02
-1.279455516e-02
-2.084262483e-02
-2.651482821e-02
-4.558458552e-02
-4.785439000e-02
-5.523741245e-02
-4.344960302e-02
-3.517012298e-02
-1.780169271e-02
-1.931010373e-02
-1.924262755e-02
-2.734856680e-02
-4.023035616e-02
-4.099659622e-02
-4.293874651e-02
-4.336761683e-02
-3.323278576e-02
-2.895813808e-02
-1.684746891e-02
-2.259676531e-02
-2.134859376e-02
-3.527135029e-02
-3.942070529e-02
-5.074590072e-02
-4.239898920e-02
-3.931467608e-02
-2.403292991e-02
-1.633184776e-02
-1.314632315e-02
-9.170512669e-03
-2.078478597e-02
-3.492436558e-02
-4.459656775e-02
-5.654339865e-02
-4.799897596e-02
-4.546891525e-02
-2.747385576e-02
-1.947874948e-02
-7.512690034e-03
-1.148853078e-02
-1.367643010e-02
-2.910754643e-02
-3.461591899e-02
-4.277494177e-02
-4.958926886e-02
-4.419175535e-02
-3.946407884e-02
-3.260149807e-02
-2.100647427e-02
-1.965224557e-02
-1.485715155e-02
-2.584009990e-02
-2.334859222e-02
-3.509304300e-02
-3.531952947e-02
-4.340138659e-02
-3.399906680e-02
-3.350750357e-02
-2.355578169e-02
-2.353652567e-02
-2.670760080e-02
-2.200885862e-02
-2.993165888e-02
-4.007133842e-02
-4.208101332e-02
-4.767125845e-02
-4.020147026e-02
-3.994119912e-02
-2.117991261e-02
-1.773422398e-02
-9.300617501e-03
-2.094860934e-02
-2.797022648e-02
-4.244722798e-02
-4.383036122e-02
-4.454838485e-02
-3.949299827e-02
-2.335340157e-02
-1.478003524e-02
-1.323305722e-02
-9.743966162e-03
-1.625956036e-02
-1.881855726e-02
-3.597013280e-02
-3.516049311e-02
-4.272191226e-02
-2.758473158e-02
-1.881367899e-02
-3.329592990e-03
-4.809076898e-03
-4.741604440e-03
-1.439451426e-02
-2.962319367e-02
-3.707856685e-02
-4.614843056e-02
-4.786888137e-02
-3.529542312e-02
-2.202812023e-02
-1.372978906e-03
-2.365736058e-03
2.872735029e-03
-1.205722243e-02
-1.993658207e-02
-3.681831062e-02
-3.765688837e-02
-3.992679343e-02
-2.863525599e-02
-2.242331021e-02
-1.838001050e-02
-9.941576980e-03
-1.607161947e-02
-1.956553571e-02
-1.439450588e-02
-1.632701419e-02
-1.025964133e-02
-2.466907166e-02
-2.561365254e-02
-3.716047108e-02
-3.389786929e-02
-3.534846380e-02
-2.357993647e-02
-2.354135923e-02
-1.512222551e-02
-1.768603735e-02
-2.813410945e-02
-2.906900831e-02
-3.239430487e-02
-3.208586946e-02
-2.797025628e-02
-2.747868001e-02
-1.585956290e-02
-2.187876590e-02
-1.738241687e-02
-2.455817349e-02
-2.217748947e-02
-2.531486005e-02
-1.472221501e-02
-1.876071282e-02
-1.909324713e-02
-2.736782469e-02
-3.397981077e-02
-2.672684006e-02
-2.330518886e-02
-2.249078453e-02
-1.987880655e-02
-2.197994292e-02
-1.588848047e-02
-2.516063116e-02
-2.203778364e-02
-2.656784467e-02
-1.954143308e-02
-2.248596773e-02
-1.565233618e-02
-2.097274922e-02
-1.357524376e-02
-1.172947325e-02
-1.562340837e-02
-1.540174149e-02
-2.462572232e-02
-3.290988505e-02
-3.365689516e-02
-3.410990909e-02
-2.084258199e-02
-2.028838359e-02
-1.006686594e-02
-1.532461494e-02
-1.510295458e-02
-2.786898799e-02
-2.838948928e-02
-3.368581831e-02
-2.424976788e-02
-1.752698049e-02
-1.626918837e-02
-6.722317543e-03
-1.185959764e-02
-2.277990058e-02
-2.958947979e-02
-3.824000061e-02
-3.190273419e-02
-3.175331652e-02
-1.424509846e-02
-1.758484356e-02
-1.394629572e-02
-2.096306346e-02
-1.632219553e-02
-2.121849172e-02
-1.689085737e-02
-1.849565841e-02
-2.302087471e-02
-1.793180034e-02
-1.864024997e-02
-2.093416266e-02
-1.924748719e-02
-1.995103993e-02
-1.104514394e-02
-1.568602212e-02
-1.031263545e-02
-2.556058951e-02
-2.759433724e-02
-3.567134961e-02
-2.602802031e-02
-2.001851052e-02
-4.842845723e-03
-2.187456004e-03
-1.305957977e-02
-2.103057131e-02
-3.277017549e-02
-4.010506347e-02
-3.476534411e-02
-2.853885479e-02
-1.315113530e-02
-1.303548180e-02
6.896388368e-04
-4.307908006e-03
-4.809098318e-03
-1.686676033e-02
-1.960408501e-02
-2.716055140e-02
-2.457265928e-02
-2.641363814e-02
-2.719917893e-02
-1.765236445e-02
-1.721858978e-02
-1.929561608e-02
-1.468365453e-02
-1.681859232e-02
-1.051507238e-02
-1.443308778e-02
-5.117532331e-03
-1.242827438e-02
-1.347884722e-02
-2.374861948e-02
-1.839924045e-02
-1.880888827e-02
-6.775351707e-03
-4.876561929e-03
-8.534354158e-03
-6.274149287e-03
-1.333428919e-02
-1.843300089e-02
-1.542580687e-02
-1.514631324e-02
-4.948839080e-03
-8.447637782e-03
2.646235749e-03
-4.129594192e-03
-2.582603600e-03
-1.267406903e-02
-1.504511014e-02
-2.380642667e-02
-1.529569272e-02
-1.229816303e-02
-9.334346280e-03
3.474734549e-04
-1.064574812e-03
-6.495838054e-03
-6.437994540e-03
-1.477041841e-02
-1.345958374e-02
-3.015817143e-02
-3.213404492e-02
-3.703518957e-02
-2.318470553e-02
-1.853902824e-02
-5.165750626e-03
1.009784319e-05
1.022206899e-02
6.154625677e-03
-1.662141760e-03
-8.857263252e-03
-2.574857138e-02
-3.960864991e-02
-4.145440087e-02
-3.955562413e-02
-1.815833710e-02
-7.286193315e-03
1.116181910e-02
7.465478498e-03
8.034128696e-03
-4.597053863e-03
-9.358460084e-03
-2.314140461e-02
-2.344014682e-02
-2.572928928e-02
-2.605216764e-02
-1.552703604e-02
-1.230299566e-02
-1.124760974e-02
-5.011490546e-03
-7.368099410e-03
-1.061144844e-02
-3.299668059e-02
-3.255813196e-02
-3.577252477e-02
-1.838964224e-02
-6.129573565e-03
1.195701212e-02
9.123287164e-03
3.494416596e-03
-1.788362674e-02
-4.017728567e-02
-4.354117066e-02
-4.350744560e-02
-3.545925394e-02
-1.461620163e-02
-2.790520957e-04
1.819788665e-02
1.515211258e-02
1.319071092e-02
-4.847651813e-03
-1.790289208e-02
-4.107372090e-02
-4.176285490e-02
-4.301107302e-02
-2.483770624e-02
-1.369571686e-02
-5.715135019e-03
4.795612302e-03
2.381187398e-03
-6.028371863e-03
-1.278008893e-02
-1.982572675e-02
-9.575312957e-03
-1.251501869e-02
-2.144069877e-03
-6.206694059e-03
-3.488642396e-03
-1.284755114e-02
-1.292465162e-02
-2.013899758e-02
-1.284755301e-02
-8.433176205e-03
-4.992220085e-03
4.443813115e-03
-3.850711510e-04
-1.304995548e-02
-2.046189085e-02
-2.562328056e-02
-1.267888490e-02
-1.359453704e-02
-3.416333580e-03
-1.009096205e-02
-7.989792153e-03
-1.875585318e-02
-2.077993937e-02
-2.329074778e-02
-7.623529527e-03
2.853464801e-03
5.229346920e-03
7.455825340e-03
-6.274129730e-03
-2.160882950e-02
-2.357510477e-02
-2.294380963e-02
-1.300659869e-02
-1.574871689e-02
-3.787440481e-03
-8.148804307e-03
-4.100673366e-03
-1.130538899e-02
-6.018713117e-03
-3.898276947e-03
9.952144697e-03
7.470278535e-03
-6.433169357e-03
-2.026431821e-02
-3.412435949e-02
-3.456290066e-02
-2.067875490e-02
-7.835556753e-03
9.773851372e-03
4.429343622e-03
8.149762638e-03
-6.784946192e-03
-1.574872434e-02
-2.612448484e-02
-9.329541586e-03
-1.666965196e-03
1.034254115e-02
8.352203295e-03
-1.864557737e-03
-6.437990814e-03
-1.743541099e-02
-2.298713289e-02
-1.503063180e-02
-9.575286880e-03
5.730521400e-03
1.359517220e-03
8.125702851e-03
5.349839921e-05
1.219735830e-03
-3.989838995e-03
1.499230042e-03
-5.030789878e-03
-5.401853472e-03
-1.258728746e-02
-1.974863000e-02
-9.286161512e-03
3.894400550e-03
1.547984779e-02
2.382672019e-02
1.360513736e-02
1.504078973e-03
-2.944490872e-02
-3.221116588e-02
-3.449064121e-02
-1.181141473e-02
3.128148383e-03
2.418817580e-02
2.191351540e-02
1.637621596e-02
-3.112728707e-03
-2.470763400e-02
-2.772926539e-02
-2.645216696e-02
-1.764746569e-02
-3.353683976e-03
1.952285296e-03
9.913640097e-03
3.793208627e-03
6.419695448e-03
-3.064536490e-03
-5.874497001e-04
-1.328126155e-02
-1.590772346e-02
-2.313171327e-02
-1.127165463e-02
2.467927989e-03
1.454974245e-02
2.879051678e-02
2.898327447e-02
1.699786447e-02
3.423995076e-05
-2.072212659e-02
-2.409557067e-02
-2.643291466e-02
