3.010897525e-02
3.035265766e-02
2.903676778e-02
2.846167237e-02
2.994814888e-02
2.904651687e-02
2.861275896e-02
2.779885754e-02
2.783297375e-02
2.858352847e-02
2.779398859e-02
2.778425068e-02
2.792071365e-02
2.697520889e-02
2.817413956e-02
2.604433894e-02
2.492337115e-02
2.547411434e-02
2.596148476e-02
2.540589869e-02
2.501598932e-02
2.420208789e-02
2.277897298e-02
2.174088731e-02
2.141435072e-02
2.192120813e-02
2.251091599e-02
2.267662622e-02
2.287158743e-02
2.340768836e-02
2.328584343e-02
2.350515686e-02
2.312501147e-02
2.340768650e-02
2.334431745e-02
2.466996014e-02
2.500137314e-02
2.413386106e-02
2.400227264e-02
2.425570227e-02
2.411923930e-02
2.295929380e-02
2.308600955e-02
2.326146141e-02
2.223312669e-02
2.181885578e-02
2.138510533e-02
2.050788328e-02
2.128276788e-02
2.160929888e-02
2.095625550e-02
2.233546972e-02
2.179449238e-02
2.230623178e-02
2.232084237e-02
2.261813171e-02
2.287156321e-02
2.254015766e-02
2.295441367e-02
2.271560952e-02
2.235496417e-02
2.387067489e-02
2.328583039e-02
2.215514332e-02
2.219900675e-02
2.330531925e-02
2.404125221e-02
2.397789434e-02
2.402663603e-02
2.462122217e-02
2.375856973e-02
2.501598932e-02
2.455786616e-02
2.477230690e-02
2.416795865e-02
2.547898330e-02
2.478692122e-02
2.408999391e-02
2.479179949e-02
2.386092581e-02
2.354413271e-02
2.372932807e-02
2.423620224e-02
2.341254801e-02
2.174578980e-02
2.224287950e-02
2.231597900e-02
2.276922949e-02
2.403637953e-02
2.366598137e-02
2.451398782e-02
2.570804209e-02
2.633674815e-02
2.526942454e-02
2.524504252e-02
2.487952821e-02
2.540099993e-02
2.520118095e-02
2.608819492e-02
2.489413880e-02
2.469432354e-02
2.464558370e-02
2.468457259e-02
2.395839430e-02
2.285695635e-02
2.312500402e-02
2.324197628e-02
2.299829200e-02
2.312988229e-02
2.259866148e-02
2.287157625e-02
2.244270407e-02
2.220389433e-02
2.297391742e-02
2.352951281e-02
2.270586416e-02
2.263276279e-02
2.176525630e-02
2.206254937e-02
2.196994424e-02
2.148746513e-02
2.143385448e-02
2.114145458e-02
2.125352994e-02
2.042015642e-02
1.862177253e-02
1.858278364e-02
1.887032948e-02
1.823187992e-02
1.816364937e-02
1.852430031e-02
1.871437393e-02
1.871437393e-02
1.863152161e-02
1.935282350e-02
1.981094852e-02
2.039091475e-02
2.013260126e-02
1.932845451e-02
1.970859990e-02
2.114142664e-02
2.207715996e-02
2.138997801e-02
2.179448679e-02
2.166289464e-02
2.184322476e-02
2.170189843e-02
2.154592611e-02
2.192120254e-02
2.185298130e-02
2.205279283e-02
2.128274739e-02
2.187735401e-02
2.158980258e-02
2.065405436e-02
2.214052714e-02
2.170675807e-02
2.126814239e-02
2.135587111e-02
2.108781599e-02
2.119990997e-02
2.217949741e-02
2.254503220e-02
2.181885578e-02
2.202842385e-02
2.250603959e-02
2.342230082e-02
2.381219901e-02
2.401201800e-02
2.394377440e-02
2.399252541e-02
2.465532906e-02
2.461146936e-02
2.522067353e-02
2.476742864e-02
2.547411062e-02
2.528890967e-02
2.486978099e-02
2.626851201e-02
2.638548426e-02
2.540100366e-02
2.584450506e-02
2.654144354e-02
2.630750649e-02
2.476741560e-02
2.644396946e-02
2.702393569e-02
2.659017779e-02
2.648295835e-02
2.738458477e-02
2.860301360e-02
2.882232703e-02
2.999201231e-02
2.986529469e-02
2.981654927e-02
2.955825441e-02
2.951925807e-02
3.030879982e-02
3.045501187e-02
2.874922194e-02
2.973857708e-02
3.064020909e-02
3.039652668e-02
3.119580634e-02
3.039652668e-02
2.831547149e-02
2.967035025e-02
2.877845988e-02
2.790119685e-02
2.856401354e-02
2.828134224e-02
2.854939550e-02
2.916834876e-02
2.901726961e-02
2.946564555e-02
2.963622473e-02
3.102034889e-02
2.884668484e-02
2.818386815e-02
2.941204607e-02
2.948514931e-02
2.884182520e-02
2.737971209e-02
2.711653523e-02
2.776473574e-02
2.800842933e-02
2.842269093e-02
2.713115513e-02
2.930969745e-02
3.098624386e-02
3.150772676e-02
3.159057721e-02
3.153696656e-02
3.156620637e-02
3.155158460e-02
3.166855127e-02
3.113732114e-02
3.218515962e-02
3.104959242e-02
3.185863048e-02
3.073280491e-02
3.105446510e-02
3.111295588e-02
3.053785115e-02
3.047937155e-02
3.015771694e-02
3.024056740e-02
3.062071092e-02
3.073280491e-02
3.226801753e-02
8.152107894e-02
4.616188407e-01
1.511141658e+00
3.115016937e+00
4.860067368e+00
6.432455063e+00
7.742607117e+00
8.824490547e+00
9.701736450e+00
1.038393307e+01
1.085806561e+01
1.112893105e+01
1.121635246e+01
1.116074944e+01
1.097784996e+01
1.068543530e+01
1.032052135e+01
9.901546478e+00
9.455145836e+00
8.999300003e+00
8.555699348e+00
8.183398247e+00
7.876790047e+00
7.636747360e+00
7.410800934e+00
7.192019463e+00
6.969486237e+00
6.761245728e+00
6.538208961e+00
6.327684879e+00
6.116237164e+00
5.895115376e+00
5.684609413e+00
5.478527546e+00
5.274572849e+00
5.077692032e+00
4.888101101e+00
4.719058037e+00
4.547720432e+00
4.400477409e+00
4.258220196e+00
4.139910221e+00
4.030314445e+00
3.941814423e+00
3.842702627e+00
3.758641243e+00
3.679887533e+00
3.593175888e+00
3.514101267e+00
3.435473442e+00
3.355767488e+00
3.277875423e+00
3.196591854e+00
3.124573708e+00
3.041961670e+00
2.970854998e+00
2.894297838e+00
2.824136019e+00
2.750870228e+00
2.690785646e+00
2.617018223e+00
2.557339668e+00
2.500830889e+00
2.437361479e+00
2.381055593e+00
2.325378180e+00
2.269857168e+00
2.216358662e+00
2.159751415e+00
2.114718199e+00
2.056458473e+00
2.011265755e+00
1.957669973e+00
1.912939787e+00
1.863111615e+00
1.824502468e+00
1.772012830e+00
1.732882142e+00
1.695852280e+00
1.650269032e+00
1.612712741e+00
1.576072931e+00
1.539603710e+00
1.504157782e+00
1.467386484e+00
1.437720656e+00
1.399920106e+00
1.371818066e+00
1.337717175e+00
1.308894515e+00
1.274408817e+00
1.250649810e+00
1.215900302e+00
1.189777613e+00
1.166613102e+00
1.136035681e+00
1.111911416e+00
1.088201165e+00
1.065139055e+00
1.042266965e+00
1.016217351e+00
9.991105795e-01
9.722912908e-01
9.545513391e-01
9.314695001e-01
9.126766324e-01
8.908962011e-01
8.771525025e-01
8.514393568e-01
8.352633119e-01
8.208912611e-01
7.997978330e-01
7.840557694e-01
7.689082623e-01
7.520940900e-01
7.346023321e-01
7.195037007e-01
7.092981339e-01
6.888921261e-01
6.771275401e-01
6.625895500e-01
6.520480514e-01
6.368472576e-01
6.311451197e-01
6.120352745e-01
6.046175957e-01
5.966199636e-01
5.830419064e-01
5.746348500e-01
5.661547184e-01
5.564122200e-01
5.464258194e-01
5.352212191e-01
5.315806866e-01
5.181193352e-01
5.113839507e-01
5.001159906e-01
4.925665259e-01
4.814106226e-01
4.779064655e-01
4.611704350e-01
4.529145360e-01
4.473780692e-01
4.347259402e-01
4.271618724e-01
4.211722612e-01
4.132234752e-01
4.047968388e-01
3.955467045e-01
3.935241103e-01
3.823927343e-01
3.800337613e-01
3.709101677e-01
3.689363301e-01
3.602809310e-01
3.608121574e-01
3.487256169e-01
3.454504609e-01
3.437056839e-01
3.345041275e-01
3.304100931e-01
3.261112869e-01
3.203310668e-01
3.139806986e-01
3.069528639e-01
3.061730862e-01
2.949734032e-01
2.930921614e-01
2.861861885e-01
2.833399773e-01
2.753081918e-01
2.768580616e-01
2.663259804e-01
2.645714879e-01
2.628608048e-01
2.536252141e-01
2.509641647e-01
2.498091012e-01
2.457395345e-01
2.414799035e-01
2.373079658e-01
2.407780141e-01
2.324245572e-01
2.322393656e-01
2.253042459e-01
2.237836719e-01
2.193437070e-01
2.217269391e-01
2.107123286e-01
2.098544985e-01
2.107171714e-01
2.032409757e-01
2.003753036e-01
1.992299706e-01
1.979287565e-01
1.940297335e-01
1.896239817e-01
1.918609291e-01
1.851548404e-01
1.846723855e-01
1.804321408e-01
1.797449887e-01
1.753343344e-01
1.785119921e-01
1.704995334e-01
1.690812260e-01
1.696807593e-01
1.633206606e-01
1.618975550e-01
1.597384065e-01
1.579448879e-01
1.569847912e-01
1.540995687e-01
1.552205235e-01
1.489530057e-01
1.520623863e-01
1.499618143e-01
1.490358114e-01
1.451417506e-01
1.485679597e-01
1.407846808e-01
1.413159221e-01
1.434749365e-01
1.372269094e-01
1.369442344e-01
1.360718459e-01
1.342539936e-01
1.327577680e-01
1.294388026e-01
1.329381019e-01
1.266413480e-01
1.288783401e-01
1.265536696e-01
1.267047524e-01
1.227035150e-01
1.263830960e-01
1.180540174e-01
1.183756739e-01
1.216849238e-01
1.150810793e-01
1.140965819e-01
1.141940355e-01
1.121763587e-01
1.105924174e-01
1.067325324e-01
1.104364619e-01
1.041299924e-01
1.072247624e-01
1.046806797e-01
1.062792763e-01
1.022194624e-01
1.076779887e-01
9.945122153e-02
9.864706546e-02
1.021999940e-01
9.740429372e-02
9.800863266e-02
9.788192064e-02
9.719471633e-02
9.652704000e-02
9.304234385e-02
9.687303752e-02
9.154613316e-02
9.448497742e-02
9.083455801e-02
9.137066454e-02
8.828567713e-02
9.366132319e-02
8.676021546e-02
8.646779507e-02
8.915805817e-02
8.378248662e-02
8.557111770e-02
8.529333770e-02
8.342182636e-02
8.245686442e-02
8.049762994e-02
8.422596753e-02
7.981536537e-02
8.204258233e-02
7.901604474e-02
8.241783828e-02
7.992253453e-02
8.446477354e-02
7.830452174e-02
8.016619831e-02
8.242756873e-02
7.721766084e-02
7.701297104e-02
7.637453824e-02
7.417649776e-02
7.327000052e-02
7.018498331e-02
7.403516024e-02
6.861078739e-02
7.099398971e-02
6.808442622e-02
6.814292073e-02
6.502379477e-02
6.958552450e-02
6.190465391e-02
6.376637518e-02
6.611061841e-02
5.941422656e-02
5.885863304e-02
6.125157699e-02
6.056439131e-02
5.875627697e-02
5.632921308e-02
6.131493300e-02
5.528138205e-02
5.787414312e-02
5.442846939e-02
5.619273707e-02
5.184056610e-02
5.749400705e-02
5.010065809e-02
5.126060173e-02
5.420428514e-02
4.999344423e-02
5.057829991e-02
5.243515223e-02
5.245951936e-02
5.206475779e-02
4.999832064e-02
5.581748486e-02
5.148478970e-02
5.335629731e-02
5.021275952e-02
5.291276053e-02
5.027124286e-02
5.570537224e-02
4.865806922e-02
5.088045448e-02
5.379004404e-02
5.017377436e-02
5.020302534e-02
5.000806600e-02
4.858983681e-02
4.847774655e-02
4.614819214e-02
4.924777523e-02
4.392090812e-02
4.634312540e-02
4.328247905e-02
4.534404725e-02
4.287794232e-02
4.856548458e-02
4.162053019e-02
4.292668030e-02
4.626028612e-02
4.247829318e-02
4.443752766e-02
4.438879713e-02
4.292180762e-02
4.371623322e-02
4.130862281e-02
4.549023882e-02
4.095285386e-02
4.483717680e-02
4.310701415e-02
4.430593550e-02
4.129400477e-02
4.592886567e-02
4.065555334e-02
4.132323712e-02
4.424257949e-02
3.833083808e-02
3.815050796e-02
3.824310750e-02
3.657631576e-02
3.566005826e-02
3.333045542e-02
3.805302456e-02
3.240445629e-02
3.395915031e-02
3.077667765e-02
3.147359192e-02
3.049887903e-02
3.501673043e-02
2.845680714e-02
3.153695539e-02
3.477305174e-02
2.989453822e-02
3.152721748e-02
3.286748379e-02
3.253606334e-02
3.215103596e-02
2.972395904e-02
3.469509259e-02
2.914399281e-02
3.314526379e-02
3.015284613e-02
3.134201467e-02
3.005049564e-02
3.389093652e-02
2.615641803e-02
2.710191347e-02
2.950951830e-02
2.520118095e-02
2.623927034e-02
2.639036812e-02
2.560569718e-02
2.533764206e-02
2.428980917e-02
2.968009189e-02
2.295441180e-02
2.613206021e-02
2.466020361e-02
2.630263381e-02
2.444089204e-02
2.957287244e-02
2.378780767e-02
2.620028704e-02
2.914886363e-02
2.434828877e-02
2.444087714e-02
2.559594251e-02
2.506471239e-02
2.416795865e-02
2.183347195e-02
2.732612193e-02
2.046397701e-02
2.264250070e-02
1.971831359e-02
2.148744650e-02
1.720353588e-02
2.226235531e-02
1.529306080e-02
1.896780357e-02
2.041526325e-02
1.650172845e-02
1.755444147e-02
1.898729801e-02
1.784198731e-02
1.794433407e-02
1.587790065e-02
2.127789892e-02
1.591201499e-02
1.722790487e-02
1.478619874e-02
1.623855159e-02
1.467410382e-02
1.837809011e-02
1.052174158e-02
1.426959038e-02
1.777375676e-02
1.358727738e-02
1.456201077e-02
1.639938168e-02
1.568295248e-02
1.643837243e-02
1.336796209e-02
1.990841888e-02
1.696472615e-02
2.123890817e-02
1.765191369e-02
2.059558965e-02
1.894830912e-02
2.519142814e-02
1.783711277e-02
2.029831521e-02
2.387066931e-02
1.921148784e-02
1.961112767e-02
2.131200396e-02
2.019596845e-02
2.042986266e-02
1.816852205e-02
2.281307802e-02
1.746671461e-02
2.031289786e-02
1.703295857e-02
1.872899383e-02
1.656508632e-02
2.237445861e-02
1.541002840e-02
1.754956692e-02
2.026904002e-02
1.498114504e-02
1.656995900e-02
1.733999886e-02
1.707194746e-02
1.789559796e-02
1.553674322e-02
1.998638175e-02
1.493728254e-02
1.853404753e-02
1.626779325e-02
1.688674837e-02
1.343619358e-02
1.751057804e-02
1.124304440e-02
1.370911859e-02
1.619468816e-02
1.242247131e-02
1.440605335e-02
1.586327888e-02
1.578042656e-02
1.388944499e-02
1.293907966e-02
1.899217255e-02
1.422572695e-02
1.687700115e-02
1.661869697e-02
1.825624891e-02
1.532230154e-02
2.079537697e-02
1.481544133e-02
1.725714840e-02
2.087823860e-02
1.557085942e-02
1.564883627e-02
1.635552011e-02
1.686725393e-02
1.518096589e-02
1.370911859e-02
1.830985770e-02
1.303655375e-02
1.509323996e-02
1.144773886e-02
1.291471254e-02
1.131127588e-02
1.515172329e-02
9.615240619e-03
1.134539116e-02
1.402103342e-02
1.019033231e-02
1.012697536e-02
1.278312318e-02
1.333872043e-02
1.396255009e-02
1.280261762e-02
1.747646183e-02
1.362626627e-02
1.696960069e-02
1.468872558e-02
1.697447523e-02
1.537591312e-02
2.053709514e-02
1.367500331e-02
1.667230763e-02
1.909451932e-02
1.444991585e-02
1.548313349e-02
1.503475662e-02
1.471796725e-02
1.546363905e-02
1.359215099e-02
1.861202717e-02
1.398691721e-02
1.726689376e-02
1.426471770e-02
1.705732755e-02
1.453764178e-02
2.165314741e-02
1.463998854e-02
1.674053818e-02
2.002048306e-02
1.654071920e-02
1.810029149e-02
1.754469238e-02
1.721815765e-02
1.732050441e-02
1.567320526e-02
2.044936642e-02
1.553187054e-02
1.789559796e-02
1.626779325e-02
1.857303828e-02
1.649198122e-02
2.079539560e-02
1.370911859e-02
1.634577103e-02
1.887031458e-02
1.398691721e-02
1.616544649e-02
1.764703915e-02
1.737411506e-02
1.724739932e-02
1.683313772e-02
2.245730534e-02
1.727176830e-02
2.068329789e-02
1.919196174e-02
2.120476961e-02
2.013744600e-02
2.590786293e-02
1.873874292e-02
2.270098403e-02
2.537663653e-02
1.979630254e-02
2.032752894e-02
2.065406367e-02
1.958673261e-02
1.796382852e-02
1.458150521e-02
1.898729987e-02
1.538078673e-02
1.847556420e-02
1.483980939e-02
1.661869697e-02
1.498601958e-02
2.135098912e-02
1.531255525e-02
1.757880859e-02
2.146308869e-02
1.947951689e-02
2.017644048e-02
2.130711637e-02
2.107805759e-02
2.098058537e-02
1.954286918e-02
2.599071339e-02
2.349051274e-02
2.733586356e-02
2.531327307e-02
2.588836662e-02
2.354901098e-02
2.907088399e-02
2.158004604e-02
2.415334620e-02
2.680948935e-02
2.139485627e-02
2.312499844e-02
2.323221602e-02
2.268149517e-02
2.088800445e-02
1.923098601e-02
2.489901148e-02
2.000588179e-02
2.200894244e-02
2.023493312e-02
2.260351740e-02
2.046399750e-02
2.622951753e-02
1.873386838e-02
2.175063826e-02
2.401687764e-02
1.903116144e-02
2.065894194e-02
2.191145532e-02
2.158492617e-02
1.974757947e-02
1.830498502e-02
2.281795256e-02
1.856816188e-02
2.062971517e-02
1.763729379e-02
1.986455172e-02
1.755444147e-02
2.370008640e-02
1.604847796e-02
1.779812388e-02
2.221849561e-02
1.956726611e-02
1.979144663e-02
2.013259567e-02
2.068819851e-02
2.100010403e-02
1.888495125e-02
2.336380817e-02
1.876798272e-02
2.165316604e-02
1.928946562e-02
2.050299942e-02
1.877285726e-02
2.404124662e-02
1.776400767e-02
1.954289526e-02
2.303726785e-02
1.879722625e-02
2.042502165e-02
2.156543918e-02
2.203817479e-02
2.167751454e-02
2.004487067e-02
2.600045502e-02
2.160442993e-02
2.352464013e-02
2.143872343e-02
2.420207858e-02
2.210641280e-02
2.705804631e-02
2.166778594e-02
2.455298230e-02
2.881256118e-02
2.443601377e-02
2.448962443e-02
2.505497076e-02
2.447012812e-02
2.466507070e-02
2.256939560e-02
2.673151158e-02
2.256939560e-02
2.618078515e-02
2.330045030e-02
2.320297621e-02
2.226723358e-02
2.833983488e-02
2.197480761e-02
2.307138406e-02
2.621489763e-02
2.253041044e-02
2.427518368e-02
2.478691936e-02
2.375368588e-02
2.312499285e-02
2.182860300e-02
2.626364492e-02
1.907502487e-02
2.267662063e-02
2.012285031e-02
2.174087614e-02
1.864126883e-02
2.369033918e-02
1.760805026e-02
2.029830217e-02
2.256939560e-02
1.768115535e-02
1.918224432e-02
2.045912668e-02
2.122428827e-02
2.064920403e-02
1.888982579e-02
2.483564615e-02
1.940643229e-02
2.256452292e-02
1.960137859e-02
2.240369096e-02
2.034216933e-02
2.554233186e-02
2.023981698e-02
2.278871648e-02
2.625876479e-02
2.219414711e-02
2.260839939e-02
2.355388179e-02
2.312012017e-02
2.425080910e-02
2.328583784e-02
2.832519822e-02
2.359287068e-02
2.740407549e-02
2.459684387e-02
2.591273002e-02
2.363673225e-02
3.022106364e-02
2.383655310e-02
2.557158098e-02
2.880283073e-02
2.347590029e-02
2.432391979e-02
2.633674815e-02
2.673638426e-02
2.667790465e-02
2.522067912e-02
3.008460626e-02
2.504034899e-02
2.937791124e-02
2.733096480e-02
3.029415943e-02
2.683385275e-02
3.200970218e-02
2.701904811e-02
2.933892235e-02
3.279435635e-02
2.829107456e-02
3.091798909e-02
3.324273974e-02
3.188298643e-02
3.154670075e-02
3.065481596e-02
3.588428348e-02
