1.027374458e+01
1.077042580e+01
1.061130428e+01
9.916048050e+00
9.328293800e+00
9.101696968e+00
9.339524269e+00
9.789317131e+00
1.012522697e+01
1.010992908e+01
9.705546379e+00
9.300953865e+00
9.225454330e+00
9.570289612e+00
9.975417137e+00
1.022497082e+01
1.022106934e+01
9.907299042e+00
9.427722931e+00
9.177579880e+00
9.301713943e+00
9.741105080e+00
1.026713753e+01
1.049042511e+01
1.018386841e+01
9.550068855e+00
9.065414429e+00
8.986086845e+00
9.311308861e+00
9.933828354e+00
1.050720119e+01
1.066735554e+01
1.027749348e+01
9.653714180e+00
9.126088142e+00
9.023354530e+00
9.277553558e+00
9.755827904e+00
1.001377106e+01
9.911917686e+00
9.676260948e+00
9.657459259e+00
9.864852905e+00
1.020278549e+01
1.044152546e+01
1.026529312e+01
9.782435417e+00
9.223690987e+00
8.919637680e+00
9.060598373e+00
9.538246155e+00
1.014180660e+01
1.059938526e+01
1.070199490e+01
1.033349705e+01
9.682767868e+00
9.070727348e+00
8.858234406e+00
9.088042259e+00
9.713955879e+00
1.033954906e+01
1.069010448e+01
1.053274727e+01
1.007246590e+01
9.540850639e+00
9.150900841e+00
9.188592911e+00
9.491305351e+00
9.752109528e+00
9.945216179e+00
1.000364017e+01
1.005816555e+01
1.020038223e+01
1.021208286e+01
1.004515362e+01
9.772608757e+00
9.352485657e+00
8.923391342e+00
8.811335564e+00
9.250336647e+00
1.004859066e+01
1.072075939e+01
1.100000000e+01
1.082612514e+01
1.020459175e+01
9.307070732e+00
8.630419731e+00
8.505824089e+00
8.990054131e+00
9.886725426e+00
1.071120834e+01
1.086897755e+01
1.048239422e+01
9.840736389e+00
9.321250916e+00
9.165193558e+00
9.397329330e+00
9.851823807e+00
1.013947773e+01
1.001670837e+01
9.722752571e+00
9.617770195e+00
9.655889511e+00
9.816724777e+00
1.004473209e+01
1.004637814e+01
9.812905312e+00
9.530339241e+00
9.455666542e+00
9.627059937e+00
9.914788246e+00
1.015966797e+01
1.017948151e+01
1.004461861e+01
9.762288094e+00
9.422531128e+00
9.313070297e+00
9.410602570e+00
9.695449829e+00
1.004992867e+01
1.026182079e+01
1.020566273e+01
1.000799465e+01
9.632529259e+00
9.381731033e+00
9.434717178e+00
9.590283394e+00
9.837140083e+00
1.006878662e+01
9.989601135e+00
9.679321289e+00
9.477541924e+00
9.437328339e+00
9.679366112e+00
1.006446552e+01
1.025400734e+01
1.008848095e+01
9.703411102e+00
9.351763725e+00
9.271319389e+00
9.405472755e+00
9.703099251e+00
1.004355145e+01
1.013887310e+01
9.908330917e+00
9.549420357e+00
9.424017906e+00
9.531134605e+00
9.841002464e+00
1.008426762e+01
1.013764191e+01
9.940094948e+00
9.426507950e+00
9.093550682e+00
9.166337013e+00
9.558207512e+00
9.964524269e+00
1.027753925e+01
1.033602715e+01
9.959250450e+00
9.487753868e+00
9.263063431e+00
9.340175629e+00
9.641510010e+00
9.974242210e+00
1.009945869e+01
9.896554947e+00
9.613455772e+00
9.397375107e+00
9.442637444e+00
9.657529831e+00
9.867763519e+00
9.917121887e+00
9.836721420e+00
9.678063393e+00
9.624161720e+00
9.781939507e+00
9.909130096e+00
9.939064980e+00
9.796120644e+00
9.566618919e+00
9.336853027e+00
9.218796730e+00
9.402803421e+00
9.803005219e+00
1.017346478e+01
1.048847294e+01
1.047592354e+01
1.005475044e+01
9.453419685e+00
8.993500710e+00
8.841418266e+00
9.207399368e+00
9.733996391e+00
1.022913361e+01
1.053189850e+01
1.034049511e+01
9.931685448e+00
9.488399506e+00
9.296095848e+00
9.324540138e+00
9.651415825e+00
1.001368904e+01
9.996261597e+00
9.705017090e+00
9.504684448e+00
9.485222816e+00
9.664719582e+00
9.940860748e+00
9.993123055e+00
9.797307968e+00
9.500064850e+00
9.414346695e+00
9.686930656e+00
1.012331104e+01
1.037740993e+01
1.033091831e+01
9.926980972e+00
9.366753578e+00
8.843985558e+00
8.819205284e+00
9.246698380e+00
9.880419731e+00
1.041914558e+01
1.053747749e+01
1.031117725e+01
9.882906914e+00
9.461029053e+00
9.312421799e+00
9.539471626e+00
9.833391190e+00
9.887561798e+00
9.759872437e+00
9.466800690e+00
9.323506355e+00
9.503387451e+00
9.948129654e+00
1.021273994e+01
1.021101284e+01
9.955695152e+00
9.572507858e+00
9.219440460e+00
9.300374031e+00
9.725925446e+00
9.990144730e+00
1.002531624e+01
9.826017380e+00
9.522887230e+00
9.260469437e+00
9.244447708e+00
9.539247513e+00
9.936121941e+00
1.025206947e+01
1.030998039e+01
1.013022804e+01
9.681734085e+00
9.425393105e+00
9.141377449e+00
9.266123772e+00
9.445466042e+00
9.668807983e+00
9.736971855e+00
9.865921974e+00
9.832549095e+00
9.934287071e+00
1.013848782e+01
1.012240028e+01
9.940976143e+00
9.704408646e+00
9.258254051e+00
9.159655571e+00
9.059369087e+00
9.571704865e+00
9.848310471e+00
1.018547440e+01
1.010786819e+01
1.004607964e+01
9.596675873e+00
9.471655846e+00
9.504534721e+00
9.652637482e+00
9.960856438e+00
9.912489891e+00
9.789234161e+00
9.726189613e+00
9.418054581e+00
9.463507652e+00
9.391058922e+00
9.780518532e+00
9.873920441e+00
1.013454151e+01
1.001925945e+01
9.933552742e+00
9.487062454e+00
9.446879387e+00
9.557094574e+00
9.711090088e+00
9.963151932e+00
9.882673264e+00
9.578819275e+00
9.456171989e+00
9.468025208e+00
9.778308868e+00
9.799409866e+00
1.007046986e+01
9.933211327e+00
9.918492317e+00
9.653826714e+00
9.683262825e+00
9.710402489e+00
9.912837982e+00
9.803000450e+00
9.480830193e+00
9.433617592e+00
9.362276077e+00
9.497728348e+00
9.767028809e+00
1.000038815e+01
1.035128593e+01
1.019499588e+01
1.007398033e+01
9.622055054e+00
9.415571213e+00
9.124167442e+00
9.245554924e+00
9.353707314e+00
9.779836655e+00
1.005688858e+01
1.009343433e+01
1.013079643e+01
9.956042290e+00
9.850560188e+00
9.814736366e+00
9.623044968e+00
9.660133362e+00
9.424704552e+00
9.501128197e+00
9.392710686e+00
9.672098160e+00
9.858931541e+00
1.016965866e+01
1.010056782e+01
1.009612846e+01
9.930113792e+00
9.619222641e+00
9.462598801e+00
9.372213364e+00
9.464768410e+00
9.881952286e+00
1.010253716e+01
1.025118065e+01
9.896013260e+00
9.710178375e+00
9.238595963e+00
9.308903694e+00
9.473679543e+00
9.898158073e+00
9.977973938e+00
1.009106350e+01
9.973381996e+00
9.781367302e+00
9.872468948e+00
9.879196167e+00
9.870555878e+00
9.818982124e+00
9.531102180e+00
9.367362022e+00
9.055507660e+00
9.397982597e+00
9.784003258e+00
1.047175884e+01
1.063405609e+01
1.048517513e+01
9.769046783e+00
9.395455360e+00
9.117136955e+00
9.090955734e+00
9.502959251e+00
9.801277161e+00
9.992999077e+00
1.007955456e+01
9.810377121e+00
9.729524612e+00
9.540163040e+00
9.842108727e+00
9.914292336e+00
1.017977715e+01
9.929924011e+00
9.666207314e+00
9.259240150e+00
9.274767876e+00
9.417941093e+00
9.678558350e+00
1.010120678e+01
1.019227695e+01
1.000271702e+01
9.756400108e+00
9.437891006e+00
9.548576355e+00
9.562952042e+00
9.865468979e+00
9.897616386e+00
9.989561081e+00
9.711554527e+00
9.564549446e+00
9.395531654e+00
9.662767410e+00
9.917922020e+00
1.000309753e+01
1.002779293e+01
9.727946281e+00
9.441720009e+00
9.412400246e+00
9.436900139e+00
9.847233772e+00
1.002500916e+01
1.040824986e+01
1.018398571e+01
9.901866913e+00
9.315747261e+00
9.110220909e+00
9.075928688e+00
9.600836754e+00
1.005008221e+01
1.016785240e+01
1.021127701e+01
9.950301170e+00
9.642162323e+00
9.652902603e+00
9.680658340e+00
9.897736549e+00
9.632989883e+00
9.622012138e+00
9.413313866e+00
9.549074173e+00
9.603660583e+00
1.006863785e+01
1.026311588e+01
1.035166168e+01
1.009138489e+01
9.631994247e+00
9.453306198e+00
9.305464745e+00
9.341554642e+00
9.668124199e+00
9.817028999e+00
1.003663445e+01
9.865318298e+00
9.931267738e+00
9.734761238e+00
9.738855362e+00
9.728952408e+00
9.938337326e+00
9.828966141e+00
9.802507401e+00
9.616128922e+00
9.453377724e+00
9.603665352e+00
9.701607704e+00
9.919069290e+00
1.011918163e+01
9.958602905e+00
9.801815033e+00
9.419699669e+00
9.465958595e+00
9.467412949e+00
9.876975060e+00
1.004722023e+01
1.024671268e+01
1.002562332e+01
9.874835968e+00
9.570213318e+00
9.365105629e+00
9.561535835e+00
9.741334915e+00
9.881639481e+00
9.942234039e+00
9.856215477e+00
9.974534035e+00
9.732274055e+00
9.833283424e+00
9.811902046e+00
9.923773766e+00
9.800211906e+00
9.784421921e+00
9.555076599e+00
9.463168144e+00
9.402070999e+00
9.534581184e+00
9.956077576e+00
1.022171211e+01
1.025825596e+01
1.013018513e+01
9.757928848e+00
9.627177238e+00
9.317007065e+00
9.587603569e+00
9.662351608e+00
9.831328392e+00
9.768363953e+00
9.824293137e+00
9.774366379e+00
9.951607704e+00
1.007674026e+01
1.006224823e+01
1.008121109e+01
9.779946327e+00
9.531603813e+00
9.420387268e+00
9.365064621e+00
9.738045692e+00
9.789081573e+00
9.994768143e+00
9.918111801e+00
1.005953407e+01
9.962151527e+00
9.951294899e+00
9.594525337e+00
9.466418266e+00
9.376762390e+00
9.495431900e+00
9.880078316e+00
1.002110863e+01
1.001644230e+01
1.001449871e+01
9.870749474e+00
9.888333321e+00
9.686284065e+00
9.732121468e+00
9.474404335e+00
9.505869865e+00
9.470128059e+00
9.820897102e+00
9.930731773e+00
1.022375011e+01
1.020398235e+01
9.885087013e+00
9.636432648e+00
9.379017830e+00
9.259127617e+00
9.478153229e+00
9.757429123e+00
1.019307709e+01
1.019686413e+01
1.032955647e+01
9.952671051e+00
9.706507683e+00
9.293076515e+00
9.425814629e+00
9.504414558e+00
9.777353287e+00
9.949613571e+00
9.944795609e+00
1.001658821e+01
9.941126823e+00
9.877964973e+00
9.896088600e+00
9.741486549e+00
9.726771355e+00
9.444664001e+00
9.529762268e+00
9.373445511e+00
9.676647186e+00
9.888065338e+00
1.019173717e+01
1.013485909e+01
1.011329842e+01
9.866235733e+00
9.487401962e+00
9.374277115e+00
9.382690430e+00
9.599157333e+00
9.860038757e+00
9.879190445e+00
1.007066345e+01
9.735868454e+00
9.796192169e+00
9.683029175e+00
9.716330528e+00
9.623542786e+00
9.894950867e+00
9.866346359e+00
9.990977287e+00
9.907746315e+00
9.700505257e+00
9.595019341e+00
9.425543785e+00
9.372820854e+00
9.634328842e+00
9.836684227e+00
1.013228989e+01
1.000210667e+01
1.006871033e+01
9.797918320e+00
9.777311325e+00
9.668774605e+00
9.693619728e+00
9.518294334e+00
9.581870079e+00
9.714761734e+00
9.839321136e+00
1.017818642e+01
1.021085262e+01
1.000902653e+01
9.774897575e+00
9.347252846e+00
9.375614166e+00
9.394271851e+00
9.944763184e+00
1.021652222e+01
1.047749519e+01
1.021457195e+01
9.910927773e+00
9.361126900e+00
9.273002625e+00
9.339187622e+00
9.475053787e+00
9.868368149e+00
1.008901024e+01
1.011279964e+01
1.016616726e+01
1.005139446e+01
1.002672386e+01
9.706466675e+00
9.657382965e+00
9.328020096e+00
9.329664230e+00
9.327831268e+00
9.646563530e+00
9.850827217e+00
1.037437534e+01
1.065669155e+01
1.049474525e+01
1.021941853e+01
9.611536980e+00
9.119970322e+00
8.966739655e+00
9.085824966e+00
9.723591805e+00
1.009860516e+01
1.057731724e+01
1.048089790e+01
1.028460884e+01
9.719964027e+00
9.454566956e+00
9.305464745e+00
9.519556046e+00
9.648279190e+00
9.841650009e+00
1.020099831e+01
1.023199844e+01
1.010672092e+01
9.946256638e+00
9.762935638e+00
9.818257332e+00
9.576713562e+00
9.589331627e+00
9.393702507e+00
9.553318977e+00
9.660632133e+00
1.011497402e+01
1.038725662e+01
1.060794926e+01
1.027045918e+01
9.562373161e+00
9.112664223e+00
8.878498077e+00
9.131931305e+00
9.860653877e+00
1.042063713e+01
1.083491230e+01
1.043803692e+01
1.008550262e+01
9.586727142e+00
9.472840309e+00
9.375349998e+00
9.614409447e+00
9.684029579e+00
9.852741241e+00
9.904808044e+00
9.881329536e+00
1.007065392e+01
1.012062740e+01
1.007807350e+01
1.009796238e+01
9.772149086e+00
9.569752693e+00
9.288068771e+00
9.575947762e+00
9.670227051e+00
1.002003384e+01
1.005555058e+01
1.011114216e+01
9.835230827e+00
9.872469902e+00
9.835730553e+00
9.702419281e+00
9.815354347e+00
9.809313774e+00
9.783164978e+00
9.851329803e+00
9.670379639e+00
9.687929153e+00
9.438241005e+00
9.686249733e+00
9.895479202e+00
1.023149681e+01
1.012040138e+01
1.009035301e+01
9.750282288e+00
9.627713203e+00
9.490581512e+00
9.525947571e+00
9.960969925e+00
1.014292431e+01
1.008090496e+01
9.992896080e+00
9.675843239e+00
9.666862488e+00
9.578704834e+00
9.872426033e+00
9.853960991e+00
9.914633751e+00
9.795509338e+00
9.950799942e+00
9.863831520e+00
1.006199265e+01
1.005303478e+01
9.828807831e+00
9.648511887e+00
9.337307930e+00
9.243947029e+00
9.514701843e+00
9.853960991e+00
1.045213223e+01
1.055969238e+01
1.062675858e+01
1.002237511e+01
9.585504532e+00
9.206944466e+00
9.356847763e+00
9.508127213e+00
9.887717247e+00
1.010926723e+01
1.010479927e+01
1.009964275e+01
1.006404018e+01
9.998018265e+00
9.975955963e+00
9.801698685e+00
9.810607910e+00
9.549646378e+00
9.651679993e+00
9.649423599e+00
9.947326660e+00
1.002944756e+01
1.024415398e+01
1.002978230e+01
9.847192764e+00
9.583019257e+00
9.376038551e+00
9.569907188e+00
9.885047913e+00
1.019992828e+01
1.039039421e+01
1.019075203e+01
1.003096962e+01
9.479451180e+00
9.331913948e+00
9.191075325e+00
9.495357513e+00
9.660517693e+00
1.014570904e+01
1.026081753e+01
1.040136623e+01
1.029281902e+01
1.001066589e+01
9.819743156e+00
9.640336990e+00
9.460994720e+00
9.407192230e+00
9.420072556e+00
9.701650620e+00
9.800711632e+00
1.025011539e+01
1.035227299e+01
1.047363186e+01
1.018343830e+01
9.891613007e+00
9.331459999e+00
9.174790382e+00
9.282983780e+00
9.559319496e+00
1.013814831e+01
1.042251492e+01
1.028279781e+01
1.002588367e+01
9.625071526e+00
9.464882851e+00
9.292733192e+00
9.694046021e+00
9.875070572e+00
1.022863197e+01
1.020153332e+01
1.027554417e+01
9.933106422e+00
9.740187645e+00
9.563829422e+00
9.346073151e+00
9.430822372e+00
9.457043648e+00
9.520205498e+00
9.777774811e+00
1.003773689e+01
1.049903011e+01
1.048201180e+01
1.055858612e+01
1.007749748e+01
9.658104897e+00
9.069122314e+00
9.023663521e+00
9.079980850e+00
9.707499504e+00
1.024301624e+01
1.054876041e+01
1.070895100e+01
1.031102467e+01
9.732310295e+00
9.376573563e+00
9.187023163e+00
9.444973946e+00
9.553845406e+00
9.920516968e+00
1.001258278e+01
1.020979309e+01
1.013340378e+01
1.022924614e+01
1.003488255e+01
9.874260902e+00
9.505250931e+00
9.267387390e+00
9.440302849e+00
9.726689339e+00
1.014671040e+01
1.062103367e+01
1.059342384e+01
1.043608665e+01
9.702377319e+00
9.311660767e+00
8.874447823e+00
9.038686752e+00
9.362040520e+00
1.002355099e+01
1.032650375e+01
1.057693672e+01
1.057804298e+01
1.026460171e+01
9.984486580e+00
9.642160416e+00
9.278895378e+00
9.199951172e+00
9.240357399e+00
9.608057022e+00
9.822764397e+00
1.030452061e+01
1.043134594e+01
1.057701778e+01
1.022557831e+01
9.919953346e+00
9.365105629e+00
9.178234100e+00
9.168752670e+00
9.378255844e+00
9.926909447e+00
1.023911667e+01
1.036825085e+01
1.038595676e+01
1.004732990e+01
9.869177818e+00
9.379896164e+00
9.373167038e+00
9.291701317e+00
9.622860909e+00
9.782271385e+00
1.017839909e+01
1.024865246e+01
1.031537724e+01
1.013955879e+01
9.819819450e+00
9.602172852e+00
9.332878113e+00
9.242346764e+00
9.430205345e+00
9.729100227e+00
1.029094887e+01
1.040275192e+01
1.056619644e+01
1.023689461e+01
9.966244698e+00
9.437092781e+00
9.266961098e+00
9.094161034e+00
9.482621193e+00
9.941052437e+00
1.019797039e+01
1.032783604e+01
1.017702198e+01
9.908580780e+00
9.747988701e+00
9.643534660e+00
9.831288338e+00
9.718658447e+00
9.803614616e+00
9.582444191e+00
9.688192368e+00
9.713647842e+00
1.002898121e+01
1.004668617e+01
1.009050560e+01
9.910393715e+00
9.597361565e+00
9.584776878e+00
9.614902496e+00
9.696111679e+00
9.944918633e+00
9.954587936e+00
1.000287437e+01
9.647628784e+00
9.697478294e+00
9.548498154e+00
9.694651604e+00
9.743975639e+00
1.001392174e+01
9.868375778e+00
9.824639320e+00
9.712506294e+00
9.581485748e+00
9.733191490e+00
9.920835495e+00
1.005945778e+01
1.011575031e+01
9.875337601e+00
9.742830276e+00
9.367898941e+00
9.502924919e+00
9.539858818e+00
9.874112129e+00
9.972172737e+00
1.015404797e+01
9.937539101e+00
9.914208412e+00
9.772831917e+00
9.658214569e+00
9.878543854e+00
9.994886398e+00
9.835761070e+00
9.626673698e+00
9.371180534e+00
9.494434357e+00
9.514857292e+00
9.984938622e+00
1.010370064e+01
1.021494007e+01
9.962919235e+00
9.892460823e+00
9.663691521e+00
9.675770760e+00
9.612455368e+00
9.533969879e+00
9.662925720e+00
9.678328514e+00
9.710711479e+00
9.857438087e+00
9.936951637e+00
1.015224361e+01
9.959894180e+00
9.932952881e+00
9.628626823e+00
9.488513947e+00
9.302519798e+00
9.671216965e+00
9.863933563e+00
1.010563660e+01
1.017556763e+01
9.969650269e+00
9.802960396e+00
9.572200775e+00
9.457852364e+00
9.535844803e+00
9.631115913e+00
9.946522713e+00
9.932491302e+00
1.012934875e+01
9.849794388e+00
9.835911751e+00
9.673966408e+00
9.693198204e+00
9.573499680e+00
9.744812965e+00
9.669574738e+00
9.573158264e+00
9.760411263e+00
9.856442451e+00
9.960845947e+00
1.013133430e+01
1.006330872e+01
1.008473206e+01
9.716136932e+00
9.606150627e+00
9.320602417e+00
9.526473045e+00
9.591433525e+00
9.874293327e+00
9.906408310e+00
1.000473976e+01
9.954929352e+00
9.744661331e+00
9.835230827e+00
9.825064659e+00
9.806442261e+00
9.833477020e+00
9.634860992e+00
9.683035851e+00
9.552589417e+00
