1.772738993e-01
1.761213243e-01
1.747897565e-01
1.733288318e-01
1.727553159e-01
1.720744073e-01
1.713831723e-01
1.700554490e-01
1.692681611e-01
1.679077297e-01
1.669487506e-01
1.656027287e-01
1.638091207e-01
1.627715975e-01
1.617708057e-01
1.603684574e-01
1.590167582e-01
1.576164365e-01
1.564253420e-01
1.558285058e-01
1.551722288e-01
1.539514363e-01
1.525882781e-01
1.516190469e-01
1.516190320e-01
1.504918188e-01
1.490649879e-01
1.473623812e-01
1.465361118e-01
1.459784657e-01
1.449099928e-01
1.446071416e-01
1.442998648e-01
1.440634578e-01
1.437296718e-01
1.432390809e-01
1.419473737e-01
1.407145709e-01
1.404300332e-01
1.395474374e-01
1.381307095e-01
1.374061853e-01
1.363731474e-01
1.353344470e-01
1.346408129e-01
1.332871914e-01
1.319936812e-01
1.313759536e-01
1.305350959e-01
1.292567998e-01
1.288092285e-01
1.278911978e-01
1.264047772e-01
1.254742295e-01
1.248331293e-01
1.238101721e-01
1.227138564e-01
1.217623949e-01
1.212300882e-01
1.198753119e-01
1.189276055e-01
1.182619110e-01
1.175222397e-01
1.166756302e-01
1.156268194e-01
1.145393401e-01
1.139937118e-01
1.138900444e-01
1.137458682e-01
1.134543866e-01
1.131635904e-01
1.120325252e-01
1.111600026e-01
1.102395207e-01
1.093582213e-01
1.084263101e-01
1.075500995e-01
1.062977165e-01
1.051628888e-01
1.045414209e-01
1.042581722e-01
1.031897143e-01
1.028185934e-01
1.025365964e-01
1.026408449e-01
1.021255776e-01
1.010754257e-01
1.007340103e-01
1.007978618e-01
1.005506665e-01
1.001839563e-01
1.001396999e-01
9.917993098e-02
9.773845971e-02
9.751654416e-02
9.740208089e-02
9.652777761e-02
9.576094151e-02
9.504403919e-02
9.460597485e-02
9.438028932e-02
9.358610958e-02
9.218559414e-02
9.147999436e-02
9.121194482e-02
9.098247439e-02
9.033003449e-02
9.012321383e-02
8.967562765e-02
8.879105747e-02
8.815303445e-02
8.741465956e-02
8.699037135e-02
8.640925586e-02
8.538380265e-02
8.506657928e-02
8.496163785e-02
8.433952928e-02
8.271162957e-02
8.183348179e-02
8.173419535e-02
8.219002932e-02
8.253963292e-02
8.175129443e-02
8.123289794e-02
8.087378740e-02
8.075238764e-02
8.093507588e-02
8.019667119e-02
8.020171523e-02
8.002594858e-02
7.943101227e-02
7.911807299e-02
7.883484662e-02
7.961436361e-02
8.019096404e-02
8.028835803e-02
7.954864949e-02
7.918637991e-02
7.936972380e-02
7.967002690e-02
7.990901172e-02
7.948730141e-02
7.811162621e-02
7.738777250e-02
7.711780071e-02
7.631607354e-02
7.598475367e-02
7.554350048e-02
7.449532300e-02
7.358238846e-02
7.293876261e-02
7.328334451e-02
7.436379790e-02
7.383403927e-02
7.328335941e-02
7.275668532e-02
7.298367471e-02
7.269473374e-02
7.214345038e-02
7.163322717e-02
7.129056007e-02
7.086572796e-02
7.059323043e-02
6.986805052e-02
6.935717165e-02
6.916367263e-02
6.913711131e-02
6.879888475e-02
6.796503067e-02
6.766659766e-02
6.752876937e-02
6.738903373e-02
6.713675708e-02
6.648934633e-02
6.598357856e-02
6.544423848e-02
6.484994292e-02
6.459452957e-02
6.432518363e-02
6.410264224e-02
6.351783127e-02
6.364617497e-02
6.323837489e-02
6.306961179e-02
6.241839007e-02
6.239438802e-02
6.228057295e-02
6.267508119e-02
6.237540022e-02
6.140111014e-02
6.063678116e-02
6.031494588e-02
6.041992456e-02
6.057101861e-02
6.001650915e-02
5.991788208e-02
5.946392938e-02
5.812428519e-02
5.925717205e-02
5.905998498e-02
5.794978142e-02
5.893794447e-02
5.930271372e-02
5.883806199e-02
5.867681652e-02
5.835755914e-02
5.799279362e-02
5.847513303e-02
5.903405696e-02
5.897905305e-02
5.839551240e-02
5.850741640e-02
5.847959965e-02
5.843281746e-02
5.817545950e-02
5.802371353e-02
5.752364919e-02
5.703300983e-02
5.709243938e-02
5.669034272e-02
5.604172125e-02
5.616182461e-02
5.567627400e-02
5.443775654e-02
5.371388048e-02
5.272509530e-02
5.242098123e-02
5.203532428e-02
5.187724158e-02
5.194427073e-02
5.121470988e-02
5.059828609e-02
5.020757392e-02
4.980611056e-02
5.059514195e-02
5.072919279e-02
5.049904063e-02
5.094289780e-02
5.124318600e-02
5.093466118e-02
5.073548853e-02
5.112305656e-02
5.184754729e-02
5.242856964e-02
5.272064731e-02
5.271937698e-02
5.252337083e-02
5.234386027e-02
5.258599669e-02
5.352674052e-02
1.255513132e-01
6.758434772e-01
2.224022865e+00
4.721280098e+00
7.549159050e+00
1.003474522e+01
1.181521797e+01
1.284320641e+01
1.324510765e+01
1.317862701e+01
1.278578663e+01
1.219508648e+01
1.149861908e+01
1.077402210e+01
1.008425617e+01
9.453818321e+00
8.899241447e+00
8.419307709e+00
8.008392334e+00
7.661053181e+00
7.358016014e+00
7.096730232e+00
6.862475395e+00
6.650667191e+00
6.451971054e+00
6.266882420e+00
6.081774712e+00
5.908704758e+00
5.742924690e+00
5.581284046e+00
5.430775166e+00
5.280293941e+00
5.127330303e+00
4.974820614e+00
4.828613281e+00
4.691797256e+00
4.556345940e+00
4.428646088e+00
4.301686764e+00
4.179153442e+00
4.059756756e+00
3.947755337e+00
3.832460403e+00
3.724270344e+00
3.620966434e+00
3.516940832e+00
3.419337749e+00
3.324390650e+00
3.233603716e+00
3.143926382e+00
3.056517124e+00
2.974599838e+00
2.891073942e+00
2.813778877e+00
2.738402605e+00
2.669069052e+00
2.603517532e+00
2.542958021e+00
2.472468376e+00
2.404243469e+00
2.338717699e+00
2.272634506e+00
2.212782860e+00
2.154417515e+00
2.097317219e+00
2.039445400e+00
1.983883858e+00
1.932342887e+00
1.877902508e+00
1.828204513e+00
1.778379083e+00
1.731555462e+00
1.684707880e+00
1.643118858e+00
1.596482515e+00
1.556398511e+00
1.518279791e+00
1.476821899e+00
1.439589977e+00
1.402901649e+00
1.368295908e+00
1.335752845e+00
1.306909323e+00
1.282991529e+00
1.252433062e+00
1.222552419e+00
1.190137386e+00
1.160130739e+00
1.130790710e+00
1.106638789e+00
1.076263785e+00
1.050602436e+00
1.026531339e+00
9.995202422e-01
9.762963653e-01
9.523630142e-01
9.295937419e-01
9.049132466e-01
8.822115064e-01
8.633125424e-01
8.407918811e-01
8.219856024e-01
8.017026782e-01
7.832121849e-01
7.642552257e-01
7.501941323e-01
7.298908830e-01
7.153216004e-01
7.039835453e-01
6.909595728e-01
6.805253029e-01
6.676522493e-01
6.522710919e-01
6.358187199e-01
6.210850477e-01
6.101523042e-01
5.949597359e-01
5.844762921e-01
5.712950826e-01
5.598345399e-01
5.470656157e-01
5.385626554e-01
5.237806439e-01
5.137719512e-01
5.050127506e-01
4.918043613e-01
4.821138978e-01
4.727017879e-01
4.640678465e-01
4.543246925e-01
4.456165135e-01
4.395937920e-01
4.291630089e-01
4.233842194e-01
4.161033928e-01
4.117450118e-01
4.071868956e-01
4.050367177e-01
3.943484724e-01
3.882185221e-01
3.839547932e-01
3.753890395e-01
3.690260053e-01
3.626686931e-01
3.569614589e-01
3.499861062e-01
3.433313966e-01
3.400416970e-01
3.313539028e-01
3.264043927e-01
3.198253810e-01
3.153706491e-01
3.094815016e-01
3.073084652e-01
2.990986407e-01
2.954532206e-01
2.927368879e-01
2.859051228e-01
2.812455893e-01
2.773100436e-01
2.738156319e-01
2.693122923e-01
2.675408721e-01
2.685308456e-01
2.635857761e-01
2.608296275e-01
2.555296421e-01
2.517488003e-01
2.475141138e-01
2.475255281e-01
2.409631759e-01
2.384974211e-01
2.366214246e-01
2.302142978e-01
2.269569933e-01
2.241625935e-01
2.216855437e-01
2.173185349e-01
2.130939364e-01
2.126874328e-01
2.075950205e-01
2.068288177e-01
2.037102729e-01
2.010341138e-01
1.974097788e-01
1.987095624e-01
1.935102195e-01
1.930841506e-01
1.936910152e-01
1.913885027e-01
1.915289164e-01
1.902719736e-01
1.876213551e-01
1.835363805e-01
1.807457954e-01
1.811819822e-01
1.771817356e-01
1.766334921e-01
1.742056012e-01
1.724505872e-01
1.695982963e-01
1.706965119e-01
1.652682722e-01
1.648086011e-01
1.648705751e-01
1.603306234e-01
1.597679704e-01
1.584586054e-01
1.568033546e-01
1.542258412e-01
1.534305364e-01
1.543332785e-01
1.499925554e-01
1.495411545e-01
1.475837082e-01
1.484676301e-01
1.479915380e-01
1.502814740e-01
1.451174617e-01
1.447710395e-01
1.454215646e-01
1.418513209e-01
1.410073042e-01
1.407822222e-01
1.399035007e-01
1.376994550e-01
1.361657381e-01
1.373384595e-01
1.340832114e-01
1.335919648e-01
1.315688193e-01
1.301609278e-01
1.275333762e-01
1.295217425e-01
1.242906824e-01
1.238917336e-01
1.248692125e-01
1.212763488e-01
1.208489984e-01
1.201130450e-01
1.195978075e-01
1.182871982e-01
1.177137941e-01
1.212144047e-01
1.190667376e-01
1.199745759e-01
1.178775057e-01
1.165188402e-01
1.143142805e-01
1.170081571e-01
1.123265177e-01
1.124093831e-01
1.134228110e-01
1.097786576e-01
1.087550819e-01
1.085806265e-01
1.082114875e-01
1.060233414e-01
1.043598875e-01
1.057015508e-01
1.028773487e-01
1.042719707e-01
1.026471928e-01
1.021882221e-01
1.005246714e-01
1.030119359e-01
9.917554259e-02
1.000637785e-01
1.019859314e-01
1.001201347e-01
1.005899012e-01
1.001144499e-01
9.945624322e-02
9.761780500e-02
9.655760974e-02
9.813241661e-02
9.477215260e-02
9.553594887e-02
9.375288337e-02
9.278566390e-02
9.062838554e-02
9.371117502e-02
8.940931410e-02
8.935115486e-02
9.056453407e-02
8.746200055e-02
8.672033995e-02
8.606853336e-02
8.600530773e-02
8.422826231e-02
8.227793872e-02
8.365106583e-02
8.064427227e-02
8.145668358e-02
8.089845628e-02
8.200989664e-02
8.186321706e-02
8.509822935e-02
8.105966449e-02
8.152307570e-02
8.220462501e-02
7.879699767e-02
7.891459763e-02
7.856498659e-02
7.814268023e-02
7.637487352e-02
7.485119253e-02
7.619529963e-02
7.310190797e-02
7.396679372e-02
7.323402911e-02
7.330799103e-02
7.119825482e-02
7.339524478e-02
6.991736591e-02
7.041049749e-02
7.221548259e-02
6.959111989e-02
7.019300759e-02
7.047184557e-02
7.117108256e-02
7.087137550e-02
7.024550438e-02
7.230526954e-02
6.986869872e-02
7.133102417e-02
6.992369890e-02
6.978145242e-02
6.864903867e-02
7.111167908e-02
6.721451879e-02
6.736119837e-02
6.837975979e-02
6.568707526e-02
6.578694284e-02
6.618524343e-02
6.557388604e-02
6.396669894e-02
6.280786544e-02
6.415449828e-02
6.136255339e-02
6.270162016e-02
6.176025048e-02
6.150861084e-02
5.998365954e-02
6.305633485e-02
5.959736183e-02
6.093391776e-02
6.303609908e-02
6.118111685e-02
6.199733540e-02
6.184433401e-02
6.209531799e-02
6.097564101e-02
5.995075405e-02
6.152127683e-02
5.881086737e-02
5.982054025e-02
5.926292390e-02
5.885511637e-02
5.716830492e-02
5.997671187e-02
5.684087053e-02
5.767535418e-02
5.913839117e-02
5.610496178e-02
5.596526340e-02
5.590266362e-02
5.638948828e-02
5.508958548e-02
5.482088774e-02
5.682316795e-02
5.394274741e-02
5.571931228e-02
5.576104298e-02
5.611130595e-02
5.509278551e-02
5.831584334e-02
5.453765020e-02
5.493783951e-02
5.667968094e-02
5.370055512e-02
5.374358594e-02
5.378466100e-02
5.370560288e-02
5.199360475e-02
5.112240091e-02
5.354943499e-02
5.067287758e-02
5.192026868e-02
5.063813552e-02
5.039410293e-02
4.852528870e-02
5.117423460e-02
4.764714465e-02
4.917389899e-02
5.100608245e-02
4.794873670e-02
4.742713645e-02
4.776597396e-02
4.817572981e-02
4.762437567e-02
4.773443192e-02
4.995410889e-02
4.741638154e-02
4.836416990e-02
4.816312343e-02
4.793298244e-02
4.679487646e-02
4.977700859e-02
4.594264925e-02
4.683665559e-02
4.898174107e-02
4.624232277e-02
4.630618542e-02
4.613230750e-02
4.577762634e-02
4.429018497e-02
4.402529448e-02
4.589782283e-02
4.267241061e-02
4.319082201e-02
4.300688580e-02
4.280895740e-02
4.149459302e-02
4.363586009e-02
4.004547372e-02
4.102230445e-02
4.298342764e-02
4.091733694e-02
4.230131209e-02
4.266861826e-02
4.348719120e-02
4.319138452e-02
4.274317995e-02
4.471108317e-02
4.189164937e-02
4.271415249e-02
4.058605060e-02
4.071123898e-02
3.908827156e-02
4.186004028e-02
3.783892468e-02
3.836937621e-02
4.022758082e-02
3.829480708e-02
3.871646896e-02
3.849645704e-02
3.841618076e-02
3.713341057e-02
3.634694219e-02
3.831821680e-02
3.620153293e-02
3.732940555e-02
3.655556589e-02
3.662889078e-02
3.625084832e-02
3.908509389e-02
3.481382877e-02
3.555668890e-02
3.743309155e-02
3.522034734e-02
3.582157567e-02
3.529241309e-02
3.474427760e-02
3.395080194e-02
3.356010839e-02
3.587407246e-02
3.350065649e-02
3.440536931e-02
3.367326409e-02
3.375102580e-02
3.250680491e-02
3.530441597e-02
3.139218688e-02
3.220839426e-02
3.454260156e-02
3.241892159e-02
3.314916790e-02
3.370364010e-02
3.460643813e-02
3.416070342e-02
3.371564299e-02
3.628814220e-02
3.420117125e-02
3.576404601e-02
3.463996947e-02
3.418349847e-02
3.305811062e-02
3.584751487e-02
3.183729947e-02
3.218499199e-02
3.446927294e-02
3.209208697e-02
3.203834221e-02
3.251124173e-02
3.206616640e-02
3.051786311e-02
2.963026054e-02
3.170705959e-02
2.907262370e-02
3.020425886e-02
2.982432395e-02
3.014549427e-02
2.912385762e-02
3.179240227e-02
2.859908901e-02
2.956191823e-02
3.164952993e-02
2.924836800e-02
3.008729219e-02
3.043564782e-02
3.117408976e-02
3.047046997e-02
2.995269001e-02
3.291459754e-02
3.128409758e-02
3.279511258e-02
3.203579411e-02
3.211103752e-02
3.105146065e-02
3.378960863e-02
3.015691601e-02
3.096356429e-02
3.237025812e-02
2.926609851e-02
2.956641093e-02
3.028266877e-02
3.088325448e-02
3.013408184e-02
2.917252854e-02
3.055957332e-02
2.765708230e-02
2.890192159e-02
2.832343243e-02
2.844672464e-02
2.777279727e-02
3.075492755e-02
2.708617039e-02
2.771904320e-02
2.970099635e-02
2.705897950e-02
2.729733847e-02
2.734600380e-02
2.777091786e-02
2.712789364e-02
2.649498917e-02
2.838477306e-02
2.601446770e-02
2.749711089e-02
2.697105333e-02
2.689143084e-02
2.610994130e-02
2.827415615e-02
2.431632020e-02
2.540497109e-02
2.775062807e-02
2.554407343e-02
2.587663755e-02
2.624208294e-02
2.687495388e-02
2.589246258e-02
2.553525567e-02
2.788913064e-02
2.561490983e-02
2.693505958e-02
2.602524124e-02
2.608340047e-02
2.535947226e-02
2.810285054e-02
2.388824709e-02
2.352534235e-02
2.519128658e-02
2.302140556e-02
2.311371267e-02
2.324018441e-02
2.267176658e-02
2.137627453e-02
2.056196518e-02
2.281718887e-02
2.056892216e-02
2.169617824e-02
2.097353712e-02
2.056640387e-02
1.936702617e-02
2.205911465e-02
1.816387475e-02
1.957882009e-02
2.120242640e-02
1.860707626e-02
1.927787624e-02
1.937209070e-02
1.996388100e-02
1.942710951e-02
1.831435785e-02
2.015481330e-02
1.728883199e-02
1.883972809e-02
1.821951382e-02
1.885998622e-02
1.775100455e-02
2.097734623e-02
1.737290993e-02
1.848569140e-02
2.062962018e-02
1.832065545e-02
1.870951429e-02
1.913817413e-02
1.949347742e-02
1.876703463e-02
1.904647797e-02
2.145975828e-02
1.910847239e-02
2.030781098e-02
1.882140338e-02
1.837253012e-02
1.772827655e-02
2.085533366e-02
1.700878888e-02
1.782438345e-02
1.981907152e-02
1.763345674e-02
1.793817990e-02
1.793185622e-02
1.792680658e-02
1.658837870e-02
1.578479446e-02
1.756832562e-02
1.524230465e-02
1.652138308e-02
1.572220400e-02
1.558116917e-02
1.402647980e-02
1.715357788e-02
1.422878820e-02
1.479782164e-02
1.655170321e-02
1.384439506e-02
1.423070952e-02
1.567478105e-02
1.707328111e-02
1.686340012e-02
1.658076607e-02
1.896619797e-02
1.645877399e-02
1.761133410e-02
1.720858552e-02
1.654474437e-02
1.573422551e-02
1.822521351e-02
1.473714318e-02
1.569121704e-02
1.770048216e-02
1.488759369e-02
1.584040560e-02
1.659089699e-02
1.696898229e-02
1.534851454e-02
1.443681400e-02
1.659973525e-02
1.469477080e-02
1.593337953e-02
1.503937785e-02
1.499700826e-02
1.384630892e-02
1.680714265e-02
1.340185851e-02
1.464234758e-02
1.714789867e-02
1.540292706e-02
1.635953225e-02
1.704358868e-02
1.706004702e-02
1.538205426e-02
1.525054965e-02
1.831878349e-02
1.630703732e-02
1.767898165e-02
1.706193574e-02
1.761196740e-02
1.683432981e-02
2.004732937e-02
1.607122459e-02
1.654223353e-02
1.837508194e-02
1.681536436e-02
1.720102690e-02
1.691208966e-02
1.717321575e-02
1.707647927e-02
1.575953513e-02
1.752537675e-02
1.499263104e-02
1.660925150e-02
1.623496041e-02
1.624382101e-02
1.507735811e-02
1.824420132e-02
1.435091160e-02
1.491235010e-02
1.673695445e-02
1.499072928e-02
1.480548270e-02
1.402087882e-02
1.435091160e-02
1.384447888e-02
1.337661408e-02
1.573043317e-02
1.396774407e-02
1.567796431e-02
1.490917336e-02
1.471441984e-02
1.393419597e-02
1.668193936e-02
1.296873204e-02
1.452722214e-02
1.660923101e-02
1.486989856e-02
1.618752070e-02
1.681913435e-02
1.686210930e-02
1.559317019e-02
1.494386885e-02
1.791226491e-02
1.639616303e-02
1.729837246e-02
1.666928455e-02
1.690447144e-02
1.552425977e-02
1.816135459e-02
1.457464322e-02
1.499065477e-02
1.683620177e-02
1.459613349e-02
1.545282174e-02
1.622097939e-02
1.680835150e-02
1.532384101e-02
1.474469714e-02
1.685513183e-02
1.454427838e-02
1.569115743e-02
1.451708935e-02
1.450064871e-02
1.344733220e-02
1.653077640e-02
1.311038435e-02
1.416683942e-02
1.624247432e-02
1.358137745e-02
1.384501997e-02
1.423322316e-02
1.487050671e-02
1.397399977e-02
1.272284146e-02
1.535037346e-02
1.346506737e-02
1.496597566e-02
1.443615928e-02
1.532697584e-02
1.473836601e-02
1.743049175e-02
1.329313498e-02
1.418959536e-02
1.585932449e-02
1.306171715e-02
1.262038853e-02
1.241871249e-02
1.303514373e-02
1.189333387e-02
1.116817445e-02
1.323870569e-02
1.135279052e-02
