1.038351282e-01
1.028878018e-01
1.022420973e-01
1.018260792e-01
1.016688198e-01
1.012170240e-01
1.002785489e-01
9.975658357e-02
9.900692850e-02
9.837634116e-02
9.799342602e-02
9.771213681e-02
9.710601717e-02
9.694842994e-02
9.627426416e-02
9.621189535e-02
9.626749158e-02
9.620904922e-02
9.593807906e-02
9.535410255e-02
9.484323859e-02
9.413830936e-02
9.402847290e-02
9.348981082e-02
9.320852906e-02
9.303490072e-02
9.243413806e-02
9.231188148e-02
9.216675907e-02
9.191293269e-02
9.140165895e-02
9.076163918e-02
9.008745104e-02
8.944708109e-02
8.867560327e-02
8.799321204e-02
8.774362504e-02
8.800745010e-02
8.815719932e-02
8.799819648e-02
8.777216822e-02
8.744063228e-02
8.715361357e-02
8.712366968e-02
8.735858649e-02
8.725126833e-02
8.692613989e-02
8.630186319e-02
8.555600792e-02
8.552426100e-02
8.537095785e-02
8.517521620e-02
8.447179198e-02
8.375158906e-02
8.334159851e-02
8.340821415e-02
8.306595683e-02
8.268124610e-02
8.215178549e-02
8.183982968e-02
8.164408058e-02
8.186548948e-02
8.180809021e-02
8.143552393e-02
8.136565238e-02
8.154354990e-02
8.130254596e-02
8.100482821e-02
8.074242622e-02
8.048858494e-02
8.073958009e-02
8.036950231e-02
7.976517081e-02
7.969630510e-02
7.981467247e-02
7.970769703e-02
7.940822095e-02
7.946063578e-02
7.975941896e-02
7.999044657e-02
7.989489287e-02
7.971521467e-02
7.964389771e-02
7.911157608e-02
7.912728190e-02
7.885025442e-02
7.837108523e-02
7.804020494e-02
7.800526172e-02
7.776317000e-02
7.743052393e-02
7.702125609e-02
7.668149471e-02
7.660127431e-02
7.639164478e-02
7.654067129e-02
7.666756958e-02
7.667895406e-02
7.605008036e-02
7.556879520e-02
7.500620186e-02
7.442720234e-02
7.406748086e-02
7.344140857e-02
7.324997336e-02
7.278861105e-02
7.194901258e-02
7.167164236e-02
7.183101773e-02
7.214512676e-02
7.202424854e-02
7.144272327e-02
7.135464251e-02
7.166269422e-02
7.209414244e-02
7.245459408e-02
7.259363681e-02
7.235153764e-02
7.185348123e-02
7.172834128e-02
7.152689993e-02
7.187163830e-02
7.162245363e-02
7.087300718e-02
6.996451318e-02
6.957769394e-02
6.928499043e-02
6.897910684e-02
6.867714971e-02
6.884042919e-02
6.901872158e-02
6.854522228e-02
6.781295687e-02
6.726816297e-02
6.715763360e-02
6.725604832e-02
6.696332246e-02
6.662533432e-02
6.633938104e-02
6.621247530e-02
6.610301137e-02
6.597964466e-02
6.560634077e-02
6.527583301e-02
6.487543136e-02
6.477526575e-02
6.477847695e-02
6.452175975e-02
6.431704015e-02
6.388631463e-02
6.372518092e-02
6.375655532e-02
6.387954205e-02
6.363143027e-02
6.348489970e-02
6.363676488e-02
6.391236931e-02
6.373406947e-02
6.363460422e-02
6.371909380e-02
6.383855641e-02
6.365815550e-02
6.323385239e-02
6.344635040e-02
6.359752268e-02
6.354868412e-02
6.358255446e-02
6.350872666e-02
6.298601627e-02
6.284946948e-02
6.280026585e-02
6.282912940e-02
6.242733449e-02
6.182836369e-02
6.182266027e-02
6.151247397e-02
6.110139564e-02
6.092348322e-02
6.052241847e-02
6.043186784e-02
6.019263715e-02
5.973698944e-02
5.923248455e-02
5.894473940e-02
5.848015845e-02
5.820805579e-02
5.812785029e-02
5.745401606e-02
5.723081529e-02
5.676488578e-02
5.647075549e-02
5.627997965e-02
5.634595826e-02
5.672309548e-02
5.662754178e-02
5.623897538e-02
5.553916097e-02
5.520436540e-02
5.594735593e-02
5.574417487e-02
5.588104203e-02
5.630638078e-02
5.582616851e-02
5.524038523e-02
5.570352450e-02
5.557656288e-02
5.494515598e-02
5.472977459e-02
5.480322242e-02
5.459536612e-02
5.427694693e-02
5.382305011e-02
5.343728140e-02
5.306684598e-02
5.242580175e-02
5.190989748e-02
5.161825567e-02
5.152482167e-02
5.127663165e-02
5.140357092e-02
5.129981786e-02
5.102384835e-02
5.116897076e-02
5.113651603e-02
5.091331527e-02
5.088194832e-02
5.046873912e-02
5.050011724e-02
5.018209293e-02
4.912917316e-02
4.989039153e-02
5.039102957e-02
4.980731010e-02
5.005123094e-02
4.984621331e-02
4.881867021e-02
4.886429384e-02
4.915876687e-02
4.831846431e-02
4.853020981e-02
4.886497185e-02
4.865426198e-02
4.862824455e-02
4.954737425e-02
4.932776093e-02
4.948252067e-02
4.993994907e-02
4.991892725e-02
5.009832606e-02
5.110372603e-02
5.174980685e-02
5.032257363e-02
4.864679649e-02
7.198138535e-02
4.579308629e-01
2.138931274e+00
5.537386894e+00
9.930168152e+00
1.416291523e+01
1.746282768e+01
1.961376762e+01
2.074192810e+01
2.106136322e+01
2.079209518e+01
2.011680984e+01
1.919020844e+01
1.814418983e+01
1.707784653e+01
1.605590248e+01
1.511143494e+01
1.425784779e+01
1.350150585e+01
1.283319855e+01
1.224925804e+01
1.173621178e+01
1.128352642e+01
1.087567139e+01
1.050612068e+01
1.015755367e+01
9.826941490e+00
9.522596359e+00
9.298450470e+00
9.155999184e+00
9.002039909e+00
8.790030479e+00
8.541814804e+00
8.288406372e+00
8.048417091e+00
7.812595367e+00
7.580647469e+00
7.348216534e+00
7.120388031e+00
6.896523952e+00
6.682969570e+00
6.473930836e+00
6.271929741e+00
6.077405453e+00
5.886238575e+00
5.701457500e+00
5.523735046e+00
5.351673603e+00
5.187276363e+00
5.028095245e+00
4.877606392e+00
4.729697227e+00
4.590545654e+00
4.489669323e+00
4.426343918e+00
4.341943264e+00
4.227703571e+00
4.099083424e+00
3.976381063e+00
3.865580320e+00
3.759879589e+00
3.657249212e+00
3.557747602e+00
3.460142612e+00
3.367445469e+00
3.275910616e+00
3.191210985e+00
3.107134342e+00
3.027584553e+00
2.947472095e+00
2.870852232e+00
2.792875290e+00
2.719424009e+00
2.645668268e+00
2.572938919e+00
2.503759146e+00
2.434876204e+00
2.368196964e+00
2.316454887e+00
2.283071756e+00
2.249325991e+00
2.202223778e+00
2.152783632e+00
2.100694895e+00
2.051848412e+00
2.002985954e+00
1.956457853e+00
1.907496810e+00
1.862656474e+00
1.817433953e+00
1.773125887e+00
1.732982159e+00
1.692924857e+00
1.654856086e+00
1.618981838e+00
1.583988190e+00
1.551039696e+00
1.515337825e+00
1.483309507e+00
1.448566675e+00
1.416146755e+00
1.382562160e+00
1.351537228e+00
1.322520018e+00
1.308255315e+00
1.294062734e+00
1.273913145e+00
1.252538085e+00
1.228740692e+00
1.205074310e+00
1.182110548e+00
1.158517838e+00
1.136283517e+00
1.111052036e+00
1.090053678e+00
1.065828562e+00
1.045033932e+00
1.023614049e+00
1.005081654e+00
9.848037958e-01
9.682683349e-01
9.506718516e-01
9.331921935e-01
9.175992608e-01
8.998222351e-01
8.824655414e-01
8.656869531e-01
8.483520150e-01
8.337994814e-01
8.238834143e-01
8.210705519e-01
8.118979931e-01
8.011821508e-01
7.876201868e-01
7.765327692e-01
7.632765174e-01
7.526748776e-01
7.394350171e-01
7.254763246e-01
7.138192058e-01
7.012160420e-01
6.885825992e-01
6.773095131e-01
6.663112044e-01
6.568881273e-01
6.454604864e-01
6.383584738e-01
6.280406117e-01
6.197467446e-01
6.097475290e-01
6.014384627e-01
5.897323489e-01
5.809680820e-01
5.710272193e-01
5.652036667e-01
5.665980577e-01
5.640266538e-01
5.581911206e-01
5.521420836e-01
5.454921126e-01
5.405258536e-01
5.330402851e-01
5.289306641e-01
5.211108327e-01
5.151801109e-01
5.067374110e-01
5.005661249e-01
4.917630255e-01
4.868164659e-01
4.800620079e-01
4.729988277e-01
4.688226879e-01
4.635829926e-01
4.582948089e-01
4.535644650e-01
4.480435848e-01
4.433000684e-01
4.354277551e-01
4.310103059e-01
4.257298112e-01
4.277280867e-01
4.275376797e-01
4.264827967e-01
4.214820266e-01
4.195594192e-01
4.155738354e-01
4.106787443e-01
4.083560109e-01
4.039935768e-01
3.992700577e-01
3.947581649e-01
3.896708786e-01
3.854800463e-01
3.792296648e-01
3.768343329e-01
3.716146350e-01
3.691346943e-01
3.649025559e-01
3.629790843e-01
3.582249880e-01
3.566941023e-01
3.526935577e-01
3.474969566e-01
3.447022736e-01
3.408136070e-01
3.410753310e-01
3.433692157e-01
3.426982164e-01
3.414932191e-01
3.371708393e-01
3.368040323e-01
3.332041204e-01
3.320235908e-01
3.288558125e-01
3.272934556e-01
3.224615157e-01
3.205165565e-01
3.168657720e-01
3.128009439e-01
3.108487129e-01
3.072880805e-01
3.040714860e-01
3.017649949e-01
2.991313934e-01
2.978686392e-01
2.939406037e-01
2.931280136e-01
2.885898352e-01
2.858902216e-01
2.817476094e-01
2.831740081e-01
2.842963934e-01
2.865070105e-01
2.852483392e-01
2.820295095e-01
2.819848657e-01
2.806263268e-01
2.787608504e-01
2.768259346e-01
2.744033933e-01
2.730756700e-01
2.687788606e-01
2.675866187e-01
2.635589838e-01
2.620491385e-01
2.587195039e-01
2.576721311e-01
2.542555332e-01
2.541271746e-01
2.524379492e-01
2.495828718e-01
2.490695268e-01
2.465498894e-01
2.434219569e-01
2.408049405e-01
2.395585477e-01
2.428787947e-01
2.427943200e-01
2.442213297e-01
2.416345626e-01
2.414802164e-01
2.394925952e-01
2.399734855e-01
2.370800376e-01
2.368354499e-01
2.346985489e-01
2.312186211e-01
2.305059582e-01
2.277439386e-01
2.249838412e-01
2.231835425e-01
2.212158442e-01
2.207701653e-01
2.177495956e-01
2.188102007e-01
2.161142826e-01
2.157500386e-01
2.128901929e-01
2.117292434e-01
2.077696919e-01
2.075222433e-01
2.090905458e-01
2.102862746e-01
2.123952508e-01
2.111743987e-01
2.096406817e-01
2.088474929e-01
2.082991898e-01
2.082524747e-01
2.050884813e-01
2.057527900e-01
2.027709335e-01
2.022547126e-01
1.998680532e-01
1.994558871e-01
1.962393522e-01
1.962208152e-01
1.943177432e-01
1.914234608e-01
1.915768087e-01
1.897866577e-01
1.883424819e-01
1.874311119e-01
1.857118011e-01
1.849074811e-01
1.817811430e-01
1.842125952e-01
1.854141206e-01
1.872470677e-01
1.857949495e-01
1.859165579e-01
1.837188303e-01
1.849902868e-01
1.839847714e-01
1.820894182e-01
1.821396947e-01
1.806198359e-01
1.787476987e-01
1.773786396e-01
1.758269072e-01
1.750828475e-01
1.718027145e-01
1.725589782e-01
1.700514704e-01
1.702004522e-01
1.687640101e-01
1.692774147e-01
1.662483215e-01
1.665410697e-01
1.641444415e-01
1.610337645e-01
1.621814221e-01
1.639305204e-01
1.658233851e-01
1.665057391e-01
1.651905030e-01
1.652828306e-01
1.631868184e-01
1.648058593e-01
1.632007211e-01
1.633526087e-01
1.614769250e-01
1.614784002e-01
1.586547196e-01
1.589627862e-01
1.577604711e-01
1.559557021e-01
1.561582237e-01
1.547024101e-01
1.532923281e-01
1.527820826e-01
1.520594656e-01
1.523186862e-01
1.492471397e-01
1.493976265e-01
1.463776827e-01
1.463345289e-01
1.472416520e-01
1.510875821e-01
1.503809541e-01
1.512537748e-01
1.500037163e-01
1.483090967e-01
1.494664699e-01
1.492282450e-01
1.480859369e-01
1.473246962e-01
1.460101008e-01
1.456346661e-01
1.424978524e-01
1.432950795e-01
1.409498155e-01
1.411127448e-01
1.395550817e-01
1.396805942e-01
1.372560114e-01
1.380487084e-01
1.368231475e-01
1.349289864e-01
1.349268705e-01
1.328539401e-01
1.312848181e-01
1.319433451e-01
1.341342777e-01
1.358802170e-01
1.342444271e-01
1.360733807e-01
1.343677789e-01
1.353108585e-01
1.342091411e-01
1.349510849e-01
1.330510676e-01
1.338590682e-01
1.325782835e-01
1.303448379e-01
1.298696250e-01
1.283469498e-01
1.274481267e-01
1.270230711e-01
1.259085834e-01
1.262098551e-01
1.241594702e-01
1.254821569e-01
1.233926415e-01
1.228830889e-01
1.206531227e-01
1.201399565e-01
1.183509827e-01
1.218719855e-01
1.232916564e-01
1.225814596e-01
1.233119816e-01
1.221218780e-01
1.213796660e-01
1.215547174e-01
1.208969802e-01
1.211076751e-01
1.185830757e-01
1.201770976e-01
1.179634631e-01
1.179324239e-01
1.158669367e-01
1.162894666e-01
1.142939329e-01
1.152811348e-01
1.144938990e-01
1.131616011e-01
1.139641851e-01
1.130821034e-01
1.118745878e-01
1.110662892e-01
1.097638756e-01
1.105122417e-01
1.107814386e-01
1.150322333e-01
1.145148873e-01
1.154012680e-01
1.138190702e-01
1.150432974e-01
1.135520041e-01
1.146083623e-01
1.135274097e-01
1.120079160e-01
1.128313839e-01
1.115269735e-01
1.095681638e-01
1.084561124e-01
1.073317006e-01
1.077548862e-01
1.052918732e-01
1.066273078e-01
1.047402769e-01
1.052344292e-01
1.038236544e-01
1.043459475e-01
1.019411162e-01
1.027405113e-01
1.015121862e-01
1.017082632e-01
1.052023396e-01
1.055631936e-01
1.046340540e-01
1.044386700e-01
1.036407501e-01
1.044247225e-01
1.026534289e-01
1.041388065e-01
1.027647331e-01
1.036953032e-01
1.018362343e-01
1.015931219e-01
9.866468608e-02
9.903580695e-02
9.763798118e-02
9.588389099e-02
9.714175761e-02
9.669252485e-02
9.602471441e-02
9.640190750e-02
9.572783858e-02
9.622725099e-02
9.346669167e-02
9.487746656e-02
9.393367916e-02
9.727901965e-02
9.824446589e-02
9.944003075e-02
9.752749652e-02
9.894638509e-02
9.864865988e-02
9.803415090e-02
9.927495569e-02
9.829071909e-02
9.782130271e-02
9.776856005e-02
9.664013982e-02
9.660091996e-02
9.416078776e-02
9.557878226e-02
9.382531792e-02
9.421110898e-02
9.267625958e-02
9.371089190e-02
9.206232429e-02
9.288378060e-02
9.141913801e-02
8.947318047e-02
8.956123888e-02
8.878260851e-02
8.972023427e-02
9.204271436e-02
9.279356152e-02
9.373543411e-02
9.183094651e-02
9.365380555e-02
9.274003655e-02
9.387625754e-02
9.324487299e-02
9.413331747e-02
9.214433283e-02
9.299247712e-02
9.172575176e-02
8.979225159e-02
9.014058113e-02
8.885851502e-02
8.757289499e-02
8.711866289e-02
8.659957349e-02
8.767841011e-02
8.568543196e-02
8.671901375e-02
8.434770256e-02
8.421542495e-02
8.271797746e-02
8.478586376e-02
8.508320898e-02
8.758537471e-02
8.755861968e-02
8.598776907e-02
8.701776713e-02
8.651329577e-02
8.630045503e-02
8.604230732e-02
8.535278589e-02
8.567900956e-02
8.362212777e-02
8.477088064e-02
8.241882920e-02
8.295223117e-02
8.174321800e-02
8.213078231e-02
7.996088266e-02
8.114960790e-02
8.037196845e-02
7.906064391e-02
8.033313602e-02
7.973805070e-02
7.854686677e-02
7.803490013e-02
7.799532264e-02
8.098666370e-02
8.075527102e-02
8.266308159e-02
8.114708215e-02
8.197425306e-02
8.096916974e-02
8.228977025e-02
8.044867218e-02
8.210831136e-02
8.177924156e-02
8.056880534e-02
8.084333688e-02
7.947135717e-02
7.878431678e-02
7.859749347e-02
7.793651521e-02
7.859323174e-02
7.616393268e-02
7.780531049e-02
7.615073770e-02
7.684415579e-02
7.557989657e-02
7.587191463e-02
7.317300141e-02
7.434098423e-02
7.515848428e-02
7.594931871e-02
7.741811872e-02
7.694468647e-02
7.648017257e-02
7.737109065e-02
7.753828168e-02
7.851766050e-02
7.664451748e-02
7.790801674e-02
7.621206343e-02
7.699996233e-02
7.567156851e-02
7.631259412e-02
7.434738427e-02
7.485292852e-02
7.397411764e-02
7.284318656e-02
7.419443876e-02
7.327818871e-02
7.258648425e-02
7.255905122e-02
7.196358591e-02
7.250019908e-02
7.064484060e-02
7.360333204e-02
7.423937321e-02
7.586725801e-02
7.466185093e-02
7.557813078e-02
7.379263639e-02
7.559347153e-02
7.518739998e-02
7.418198138e-02
7.530221343e-02
7.412135601e-02
7.334335148e-02
7.328951359e-02
7.232653350e-02
7.281961292e-02
7.063982636e-02
7.199210674e-02
7.099740952e-02
7.206802070e-02
7.086299360e-02
7.156145573e-02
6.939990819e-02
7.081879675e-02
7.032608241e-02
6.859195977e-02
6.970576197e-02
7.083237171e-02
7.177072763e-02
7.232870162e-02
7.161852717e-02
7.217040658e-02
7.067552209e-02
7.312552631e-02
7.172831893e-02
7.208234072e-02
7.075572014e-02
7.142417878e-02
6.901764870e-02
6.969185174e-02
6.891568005e-02
6.752091646e-02
6.821330637e-02
6.702069193e-02
6.632191688e-02
6.647594273e-02
6.577036530e-02
6.605166942e-02
6.386991590e-02
6.542308629e-02
6.381394714e-02
6.456089765e-02
6.494817138e-02
6.789497286e-02
6.692624092e-02
6.831386685e-02
6.821403652e-02
6.788494438e-02
6.933709234e-02
6.915739179e-02
6.893854588e-02
6.898170710e-02
6.842228770e-02
6.906788796e-02
6.697795540e-02
6.871815026e-02
6.693658233e-02
6.730915606e-02
6.611333787e-02
6.728278846e-02
6.579211354e-02
6.687385589e-02
6.656187028e-02
6.501442194e-02
6.541057676e-02
6.431878358e-02
6.328266114e-02
6.469601393e-02
6.644029915e-02
6.820444018e-02
6.608518213e-02
6.714840978e-02
6.545624137e-02
6.647915393e-02
6.536886841e-02
6.668485701e-02
6.520273536e-02
6.682893634e-02
6.630159169e-02
6.502910703e-02
6.593542546e-02
6.544910371e-02
6.472416967e-02
6.493169069e-02
6.464040279e-02
6.566193700e-02
6.353153288e-02
6.513028592e-02
6.344702095e-02
6.439469755e-02
6.321846694e-02
6.322667748e-02
6.189684570e-02
6.530710310e-02
6.598566473e-02
6.474164128e-02
6.580633670e-02
6.528787315e-02
6.506966799e-02
6.487072259e-02
6.449884921e-02
6.544299424e-02
6.341567636e-02
6.547082961e-02
6.420969218e-02
6.442219019e-02
6.297462434e-02
6.387811899e-02
6.216637418e-02
6.361392885e-02
6.298355758e-02
6.176561490e-02
6.321495771e-02
6.258599460e-02
6.162158772e-02
6.145401672e-02
6.093136221e-02
6.133424118e-02
6.047608331e-02
6.363818049e-02
6.272112578e-02
6.327054650e-02
6.204231456e-02
6.370662898e-02
6.253004819e-02
6.432806700e-02
6.406066567e-02
6.290122122e-02
6.398617476e-02
6.311086565e-02
6.231042743e-02
6.234535202e-02
6.182801723e-02
6.247226521e-02
6.036233529e-02
6.203090400e-02
6.042687967e-02
6.092208624e-02
5.953550339e-02
6.054272875e-02
5.859781802e-02
5.939326063e-02
5.869871378e-02
5.904420093e-02
6.214286014e-02
6.291260570e-02
6.226192415e-02
6.239920110e-02
6.223269925e-02
6.351730973e-02
6.195245683e-02
6.431560963e-02
