1.555389841e-03
1.526161563e-03
1.533511560e-03
1.531830290e-03
1.503395848e-03
1.476221951e-03
1.477943617e-03
1.470592571e-03
1.469123410e-03
1.431789598e-03
1.388697070e-03
1.463872264e-03
1.446905080e-03
1.389031764e-03
1.380043686e-03
1.406379044e-03
1.388443634e-03
1.365257893e-03
1.361225150e-03
1.437495579e-03
1.395669533e-03
1.359335496e-03
1.334092463e-03
1.360469498e-03
1.373656560e-03
1.345265540e-03
1.318466966e-03
1.316786744e-03
1.303851022e-03
1.321911928e-03
1.359000220e-03
1.322036725e-03
1.321785268e-03
1.319980365e-03
1.299103606e-03
1.288392581e-03
1.279949560e-03
1.305991900e-03
1.315484988e-03
1.250422443e-03
1.277765841e-03
1.310275751e-03
1.314056455e-03
1.280202414e-03
1.284780912e-03
1.268147607e-03
1.277682954e-03
1.240552519e-03
1.232446288e-03
1.270163804e-03
1.290619723e-03
1.245972235e-03
1.222324325e-03
1.204179251e-03
1.219720114e-03
1.216906006e-03
1.213377924e-03
1.201911364e-03
1.234379015e-03
1.201911364e-03
1.179398270e-03
1.163900248e-03
1.185531379e-03
1.171922078e-03
1.173855038e-03
1.149240648e-03
1.121098991e-03
1.129878568e-03
1.116690342e-03
1.093798084e-03
1.109801000e-03
1.159700099e-03
1.176249352e-03
1.156383543e-03
1.154575148e-03
1.197123085e-03
1.224257518e-03
1.204978093e-03
1.184858265e-03
1.196661149e-03
1.245972118e-03
1.251390669e-03
1.250844100e-03
1.269493485e-03
1.253700233e-03
1.222492894e-03
1.195317018e-03
1.220602077e-03
1.233244198e-03
1.213755342e-03
1.227617380e-03
1.186624053e-03
1.155290287e-03
1.170367468e-03
1.209052047e-03
1.177846221e-03
1.142270048e-03
1.165203284e-03
1.193301054e-03
1.165372087e-03
1.160162967e-03
1.179063576e-03
1.174275181e-03
1.212160802e-03
1.255254494e-03
1.240595593e-03
1.254539937e-03
1.237698016e-03
1.217915444e-03
1.251936075e-03
1.261344645e-03
1.287468942e-03
1.254918636e-03
1.275709481e-03
1.258026925e-03
1.230726251e-03
1.197922626e-03
1.194561948e-03
1.243998064e-03
1.311914995e-03
1.318761613e-03
1.293013454e-03
1.335183741e-03
1.362989424e-03
1.376261236e-03
1.350977109e-03
1.332370215e-03
1.319097937e-03
1.381973154e-03
1.372690545e-03
1.407848555e-03
1.427040901e-03
1.425526454e-03
1.454631099e-03
1.447115908e-03
1.417927095e-03
1.474036369e-03
1.471347059e-03
1.471473835e-03
1.462695538e-03
1.473910641e-03
1.481008367e-03
1.448206953e-03
1.465343172e-03
1.460680272e-03
1.511539798e-03
1.506922534e-03
1.521955943e-03
1.495078090e-03
1.513221418e-03
1.502680010e-03
1.519311452e-03
1.562025282e-03
1.585122664e-03
1.577269635e-03
1.582857920e-03
1.554424292e-03
1.566224266e-03
1.548920525e-03
1.526496606e-03
1.507469337e-03
1.527378685e-03
1.532917726e-03
1.520658261e-03
1.525782398e-03
1.522924169e-03
1.539596589e-03
1.528301626e-03
1.513015013e-03
1.524689724e-03
1.579667442e-03
1.585501828e-03
1.555605442e-03
1.558499062e-03
1.600033953e-03
1.610323437e-03
1.587098464e-03
1.564126927e-03
1.590374042e-03
1.600328833e-03
1.560261007e-03
1.546151005e-03
1.584494719e-03
1.619564602e-03
1.616161317e-03
1.579121104e-03
1.635146444e-03
1.702892478e-03
1.662446186e-03
1.600495307e-03
1.613389119e-03
1.691511134e-03
1.714990940e-03
1.641358598e-03
1.639763010e-03
1.654166379e-03
1.704698661e-03
1.653413521e-03
1.591044478e-03
1.610112377e-03
1.683485112e-03
1.634514774e-03
1.582561294e-03
1.574791735e-03
1.645475277e-03
1.633924549e-03
1.621534815e-03
1.619730028e-03
1.701253932e-03
1.679453184e-03
1.652405597e-03
1.625357894e-03
1.659668749e-03
1.708143740e-03
1.659543021e-03
1.676303800e-03
1.696632942e-03
1.729437034e-03
1.707134419e-03
1.705538365e-03
1.718642423e-03
1.713937963e-03
1.760980696e-03
1.766440342e-03
1.738047111e-03
1.765938010e-03
1.780216699e-03
1.756276237e-03
1.762829372e-03
1.794330776e-03
1.802562736e-03
1.768540475e-03
1.774253207e-03
1.759511069e-03
1.805166365e-03
1.804871019e-03
1.841663965e-03
1.864552381e-03
1.888958039e-03
1.889292733e-03
1.963424031e-03
2.021596767e-03
2.048982074e-03
2.138196025e-03
2.230052371e-03
2.348334994e-03
2.466694918e-03
2.572245896e-03
2.737105126e-03
6.201369688e-03
1.211230382e-01
8.044386506e-01
2.366965771e+00
4.416325092e+00
6.344988346e+00
7.885002613e+00
9.077101707e+00
1.002422047e+01
1.073140144e+01
1.117230320e+01
1.135216999e+01
1.131019211e+01
1.109497070e+01
1.074950886e+01
1.030855846e+01
9.806891441e+00
9.275288582e+00
8.739487648e+00
8.216981888e+00
7.718367100e+00
7.253483295e+00
6.841885090e+00
6.532131195e+00
6.328940868e+00
6.188885212e+00
6.065379143e+00
5.928513527e+00
5.776672363e+00
5.615483284e+00
5.441079617e+00
5.249206066e+00
5.045915604e+00
4.838519573e+00
4.629309177e+00
4.420572281e+00
4.217666626e+00
4.026637554e+00
3.847942352e+00
3.682110071e+00
3.530231953e+00
3.393894434e+00
3.272078991e+00
3.164805412e+00
3.071635962e+00
2.992256641e+00
2.924410582e+00
2.860068798e+00
2.793696404e+00
2.724630356e+00
2.655743122e+00
2.587461233e+00
2.515794516e+00
2.440421343e+00
2.365341902e+00
2.292095423e+00
2.219570398e+00
2.147724628e+00
2.078223944e+00
2.012323618e+00
1.949231029e+00
1.888648272e+00
1.831104398e+00
1.776470661e+00
1.724079013e+00
1.674375534e+00
1.627846956e+00
1.583087206e+00
1.538438559e+00
1.494055033e+00
1.451283216e+00
1.409517765e+00
1.367419839e+00
1.325945258e+00
1.285857081e+00
1.246904731e+00
1.208213925e+00
1.170672178e+00
1.134601712e+00
1.099760175e+00
1.066198111e+00
1.034103632e+00
1.003282547e+00
9.731662273e-01
9.437507987e-01
9.154734015e-01
8.887749314e-01
8.626675010e-01
8.371615410e-01
8.124836087e-01
7.885960937e-01
7.653733492e-01
7.427497506e-01
7.207206488e-01
6.990092993e-01
6.780843735e-01
6.582508087e-01
6.390599012e-01
6.201007366e-01
6.015169024e-01
5.838779807e-01
5.670667887e-01
5.504952669e-01
5.342348814e-01
5.186384916e-01
5.038924813e-01
4.896825254e-01
4.757856131e-01
4.616894424e-01
4.484519660e-01
4.359003603e-01
4.232625961e-01
4.109361172e-01
3.992741704e-01
3.879951835e-01
3.765415251e-01
3.654581308e-01
3.549515605e-01
3.447218835e-01
3.346346319e-01
3.248398304e-01
3.153210878e-01
3.060834706e-01
2.969195843e-01
2.878037691e-01
2.793114781e-01
2.711619437e-01
2.629657388e-01
2.549211979e-01
2.471590042e-01
2.397138029e-01
2.322486490e-01
2.248862535e-01
2.177081853e-01
2.108745724e-01
2.043454647e-01
1.978024840e-01
1.913750619e-01
1.852638423e-01
1.793322265e-01
1.733286977e-01
1.677047163e-01
1.622132659e-01
1.567190886e-01
1.514085829e-01
1.464006901e-01
1.415612847e-01
1.366187781e-01
1.318704933e-01
1.272421181e-01
1.227709129e-01
1.184882149e-01
1.142844334e-01
1.100276411e-01
1.059641615e-01
1.021913216e-01
9.830304980e-02
9.463865310e-02
9.105025232e-02
8.749223500e-02
8.406545222e-02
8.069155365e-02
7.741629332e-02
7.405301929e-02
7.086012512e-02
6.773217022e-02
6.475171447e-02
6.174963340e-02
5.879316851e-02
5.577260256e-02
5.297015235e-02
5.021800473e-02
4.740749300e-02
4.474780709e-02
4.207745939e-02
3.948342428e-02
3.696704656e-02
3.445030749e-02
3.204051778e-02
2.954874747e-02
2.728372999e-02
2.485137433e-02
2.265959047e-02
2.037611231e-02
1.825401187e-02
1.600401662e-02
1.395864505e-02
1.185765956e-02
9.820794687e-03
7.794955280e-03
5.805065855e-03
3.972706851e-03
2.082541119e-03
2.099873818e-04
-1.538720215e-03
-3.388499375e-03
-4.990135785e-03
-6.883759517e-03
-8.454053663e-03
-1.013311185e-02
-1.161214244e-02
-1.330240071e-02
-1.480759960e-02
-1.638349704e-02
-1.779396273e-02
-1.920454204e-02
-2.072245441e-02
-2.206247486e-02
-2.338136360e-02
-2.471158095e-02
-2.595178783e-02
-2.734549530e-02
-2.844440378e-02
-2.976625971e-02
-3.083119728e-02
-3.203209117e-02
-3.309722990e-02
-3.433572501e-02
-3.537437692e-02
-3.652489185e-02
-3.760531917e-02
-3.866153210e-02
-3.976355866e-02
-4.073437676e-02
-4.181224853e-02
-4.280969873e-02
-4.375717416e-02
-4.485946894e-02
-4.576246813e-02
-4.681368917e-02
-4.759991169e-02
-4.857226089e-02
-4.942357913e-02
-5.038296431e-02
-5.113679543e-02
-5.202633142e-02
-5.285472050e-02
-5.365763232e-02
-5.450852588e-02
-5.530444160e-02
-5.612229183e-02
-5.690538883e-02
-5.763100460e-02
-5.849827081e-02
-5.916373059e-02
-5.997468531e-02
-6.058268622e-02
-6.136470661e-02
-6.199287623e-02
-6.281525642e-02
-6.341104209e-02
-6.410741806e-02
-6.471695751e-02
-6.533881277e-02
-6.602922082e-02
-6.657766551e-02
-6.716757268e-02
-6.781127304e-02
-6.839504093e-02
-6.902590394e-02
-6.943289936e-02
-7.013031840e-02
-7.054500282e-02
-7.117104530e-02
-7.159376889e-02
-7.223779708e-02
-7.267035544e-02
-7.325119525e-02
-7.372735441e-02
-7.420741767e-02
-7.476178557e-02
-7.522308081e-02
-7.572380453e-02
-7.619310915e-02
-7.664587349e-02
-7.727731019e-02
-7.765725255e-02
-7.821696997e-02
-7.856284082e-02
-7.913666219e-02
-7.946731150e-02
-7.994822413e-02
-8.029858023e-02
-8.081839979e-02
-8.117633313e-02
-8.149074763e-02
-8.189218491e-02
-8.226191998e-02
-8.267980069e-02
-8.302497864e-02
-8.336152136e-02
-8.385021985e-02
-8.414229751e-02
-8.461705595e-02
-8.484798670e-02
-8.534924686e-02
-8.565851301e-02
-8.611822873e-02
-8.638216555e-02
-8.681640029e-02
-8.720369637e-02
-8.747419715e-02
-8.784603328e-02
-8.809001744e-02
-8.851584792e-02
-8.887215704e-02
-8.909250796e-02
-8.948959410e-02
-8.973636478e-02
-9.018233418e-02
-9.033933282e-02
-9.069134295e-02
-9.094323218e-02
-9.137624502e-02
-9.155512601e-02
-9.187000990e-02
-9.212283790e-02
-9.238385409e-02
-9.269908071e-02
-9.293235093e-02
-9.322647005e-02
-9.350700676e-02
-9.371393174e-02
-9.407813847e-02
-9.425243735e-02
-9.468039125e-02
-9.479838610e-02
-9.511818737e-02
-9.526438266e-02
-9.562921524e-02
-9.579098225e-02
-9.609305114e-02
-9.631043673e-02
-9.654425830e-02
-9.682762623e-02
-9.699743986e-02
-9.725704789e-02
-9.744963050e-02
-9.762626886e-02
-9.795188904e-02
-9.807203710e-02
-9.841502458e-02
-9.848239273e-02
-9.873549640e-02
-9.888131171e-02
-9.919779003e-02
-9.931550175e-02
-9.958536178e-02
-9.979240596e-02
-9.997633100e-02
-1.001984626e-01
-1.003543735e-01
-1.005991399e-01
-1.007831022e-01
-1.009380072e-01
-1.011649445e-01
-1.012852862e-01
-1.016327143e-01
-1.016865000e-01
-1.018986329e-01
-1.020002961e-01
-1.023024842e-01
-1.023839265e-01
-1.026047692e-01
-1.027651951e-01
-1.029005274e-01
-1.031289995e-01
-1.032510176e-01
-1.034084931e-01
-1.035656035e-01
-1.036842242e-01
-1.039609686e-01
-1.040015817e-01
-1.042691097e-01
-1.043217257e-01
-1.045617163e-01
-1.045718715e-01
-1.048002318e-01
-1.048482731e-01
-1.050638556e-01
-1.051755771e-01
-1.052567065e-01
-1.054194421e-01
-1.055470407e-01
-1.057004929e-01
-1.058325097e-01
-1.058894619e-01
-1.061173603e-01
-1.061723009e-01
-1.063988209e-01
-1.063813865e-01
-1.065783128e-01
-1.066680700e-01
-1.068892553e-01
-1.069343016e-01
-1.070946008e-01
-1.072089300e-01
-1.072992533e-01
-1.074509248e-01
-1.075059623e-01
-1.076413617e-01
-1.077833027e-01
-1.078413501e-01
-1.080582514e-01
-1.080918536e-01
-1.083062291e-01
-1.083074883e-01
-1.084841117e-01
-1.084976271e-01
-1.087180823e-01
-1.087309122e-01
-1.089025512e-01
-1.089581177e-01
-1.090224013e-01
-1.091775298e-01
-1.092293411e-01
-1.093389243e-01
-1.094287261e-01
-1.094697639e-01
-1.096668839e-01
-1.096497625e-01
-1.098587662e-01
-1.098478884e-01
-1.100216061e-01
-1.100223586e-01
-1.102355421e-01
-1.102696657e-01
-1.104548573e-01
-1.104844287e-01
-1.105657369e-01
-1.107148454e-01
-1.107438505e-01
-1.108477265e-01
-1.109500527e-01
-1.109687909e-01
-1.111513078e-01
-1.111349687e-01
-1.113347709e-01
-1.112449169e-01
-1.113835424e-01
-1.114038378e-01
-1.115937382e-01
-1.115908772e-01
-1.116909310e-01
-1.117747650e-01
-1.118824482e-01
-1.119959652e-01
-1.120015755e-01
-1.120885834e-01
-1.121536866e-01
-1.121795550e-01
-1.123089418e-01
-1.122683883e-01
-1.125003621e-01
-1.124009937e-01
-1.125340089e-01
-1.124723777e-01
-1.126768962e-01
-1.126669496e-01
-1.127847657e-01
-1.127895489e-01
-1.128599197e-01
-1.130081490e-01
-1.130139008e-01
-1.130827442e-01
-1.131614968e-01
-1.131625921e-01
-1.133535951e-01
-1.132634431e-01
-1.134332567e-01
-1.133941934e-01
-1.135240197e-01
-1.134650856e-01
-1.135823503e-01
-1.135714948e-01
-1.137071103e-01
-1.137367114e-01
-1.137499884e-01
-1.138586402e-01
-1.138817742e-01
-1.139342859e-01
-1.139735803e-01
-1.139779985e-01
-1.141428053e-01
-1.140798032e-01
-1.142031848e-01
-1.141172871e-01
-1.142888144e-01
-1.142605618e-01
-1.143972129e-01
-1.143304259e-01
-1.144631729e-01
-1.144994497e-01
-1.144680008e-01
-1.145336777e-01
-1.145797968e-01
-1.146927997e-01
-1.147168875e-01
-1.146953255e-01
-1.148327962e-01
-1.148089543e-01
-1.149695739e-01
-1.148652136e-01
-1.150047332e-01
-1.149706244e-01
-1.151159480e-01
-1.150776222e-01
-1.151612848e-01
-1.151850373e-01
-1.151951700e-01
-1.152890325e-01
-1.152646169e-01
-1.153319031e-01
-1.153867096e-01
-1.153709143e-01
-1.154785082e-01
-1.154076084e-01
-1.155559272e-01
-1.154865697e-01
-1.155897751e-01
-1.155249625e-01
-1.157112047e-01
-1.156444773e-01
-1.157349572e-01
-1.157157794e-01
-1.157376394e-01
-1.158697158e-01
-1.158554703e-01
-1.158919632e-01
-1.159161627e-01
-1.159136742e-01
-1.160828173e-01
-1.159788743e-01
-1.161331981e-01
-1.160724834e-01
-1.162231341e-01
-1.161677241e-01
-1.162829250e-01
-1.162166670e-01
-1.163464114e-01
-1.163414642e-01
-1.163243204e-01
-1.163710132e-01
-1.163719743e-01
-1.164207160e-01
-1.164193302e-01
-1.164021865e-01
-1.165390760e-01
-1.164552867e-01
-1.165720001e-01
-1.164199561e-01
-1.165301725e-01
-1.165426746e-01
-1.166631579e-01
-1.165339053e-01
-1.165941805e-01
-1.166414917e-01
-1.166181266e-01
-1.166550219e-01
-1.165998802e-01
-1.166617423e-01
-1.166993529e-01
-1.166427806e-01
-1.167191416e-01
-1.166527793e-01
-1.168366820e-01
-1.167399958e-01
-1.168127805e-01
-1.167496741e-01
-1.169240028e-01
-1.168146580e-01
-1.168457195e-01
-1.168451086e-01
-1.168264151e-01
-1.169069856e-01
-1.168425381e-01
-1.168562919e-01
-1.169130802e-01
-1.168745682e-01
-1.169520840e-01
-1.168304607e-01
-1.169590354e-01
-1.168885529e-01
-1.169864982e-01
-1.168563813e-01
-1.169792786e-01
-1.169312224e-01
-1.170201004e-01
-1.170096174e-01
-1.169965193e-01
-1.171151921e-01
-1.170912981e-01
-1.170690805e-01
-1.170319468e-01
-1.170522571e-01
-1.171467006e-01
-1.170102730e-01
-1.170879602e-01
-1.170193106e-01
-1.171189770e-01
-1.170204580e-01
-1.171061695e-01
-1.170163453e-01
-1.171086878e-01
-1.170749143e-01
-1.170010343e-01
-1.170779169e-01
-1.170671880e-01
-1.171008870e-01
-1.170944422e-01
-1.170299947e-01
-1.171715185e-01
-1.171051189e-01
-1.171954647e-01
-1.170091182e-01
-1.171121523e-01
-1.170319244e-01
-1.170813441e-01
-1.169344187e-01
-1.170216799e-01
-1.170360446e-01
-1.169605926e-01
-1.169483662e-01
-1.168752015e-01
-1.169321015e-01
-1.169355512e-01
-1.168229282e-01
-1.169175580e-01
-1.168575585e-01
-1.170001552e-01
-1.168853790e-01
-1.169492900e-01
-1.169148088e-01
-1.170376986e-01
-1.169081256e-01
-1.169807687e-01
-1.169982031e-01
-1.169717982e-01
-1.169907302e-01
-1.169061065e-01
-1.169267967e-01
-1.169964746e-01
-1.169054434e-01
-1.169668213e-01
-1.168636233e-01
-1.170352176e-01
-1.169659421e-01
-1.170093715e-01
-1.168973520e-01
-1.170004681e-01
-1.169300377e-01
-1.169705689e-01
-1.168923751e-01
-1.168748438e-01
-1.169673726e-01
-1.169183254e-01
-1.168799177e-01
-1.168841496e-01
-1.168479621e-01
-1.169119030e-01
-1.167801172e-01
-1.168764085e-01
-1.167798489e-01
-1.168233901e-01
-1.166909337e-01
-1.167839319e-01
-1.167238280e-01
-1.167963669e-01
-1.167527214e-01
-1.167105436e-01
-1.167679653e-01
-1.167149991e-01
-1.167207807e-01
-1.167052090e-01
-1.166485772e-01
-1.167596281e-01
-1.166545823e-01
-1.167769581e-01
-1.166220307e-01
-1.166970283e-01
-1.165938228e-01
-1.166795045e-01
-1.165609658e-01
-1.166172698e-01
-1.165785193e-01
-1.165629998e-01
-1.165999174e-01
-1.165097579e-01
-1.164963469e-01
-1.164951026e-01
-1.164398491e-01
-1.165147796e-01
-1.164009348e-01
-1.165031493e-01
-1.163750216e-01
-1.164287627e-01
-1.163380221e-01
-1.164257154e-01
-1.163363531e-01
-1.164334193e-01
-1.163714305e-01
-1.163246930e-01
-1.163429096e-01
-1.162993088e-01
-1.162693426e-01
-1.162495390e-01
-1.161745042e-01
-1.162645668e-01
-1.161509603e-01
-1.162731647e-01
-1.160986274e-01
-1.161571741e-01
-1.160344705e-01
-1.161546782e-01
-1.160157397e-01
-1.160773113e-01
-1.160815060e-01
-1.160240099e-01
-1.160391048e-01
-1.159755364e-01
-1.160257906e-01
-1.160000190e-01
-1.159001887e-01
-1.159618497e-01
-1.158665642e-01
-1.159376353e-01
-1.158177778e-01
-1.158708483e-01
-1.157090962e-01
-1.158076748e-01
-1.157328933e-01
-1.157923192e-01
-1.157313213e-01
-1.156949922e-01
-1.157169119e-01
-1.156428829e-01
-1.156704724e-01
-1.156698987e-01
-1.156147420e-01
-1.156541035e-01
-1.155720055e-01
-1.156757101e-01
-1.155283079e-01
-1.156089902e-01
-1.155261397e-01
-1.156247780e-01
-1.154876277e-01
-1.155536026e-01
-1.155058965e-01
-1.154343858e-01
-1.154388860e-01
-1.153644770e-01
-1.153768077e-01
-1.153942049e-01
-1.153075397e-01
-1.153460592e-01
-1.152119488e-01
-1.153006330e-01
-1.151399910e-01
-1.152024940e-01
-1.151405349e-01
-1.152536944e-01
-1.151050255e-01
-1.151008308e-01
-1.150570214e-01
-1.150557175e-01
-1.150748581e-01
-1.149577051e-01
-1.149726659e-01
-1.149678901e-01
-1.148982197e-01
-1.148953736e-01
-1.147403643e-01
-1.148693338e-01
-1.147015765e-01
