-3.336262656e-03
-3.340662457e-03
-3.230909118e-03
-3.082155716e-03
-2.923737979e-03
-2.792326966e-03
-2.680414589e-03
-2.562377136e-03
-2.556768246e-03
-2.601636341e-03
-2.589729149e-03
-2.634598408e-03
-2.761005890e-03
-2.840990666e-03
-2.876540646e-03
-2.852209145e-03
-2.805355238e-03
-2.712771064e-03
-2.559873974e-03
-2.497921698e-03
-2.381524770e-03
-2.310599200e-03
-2.237771638e-03
-2.266160678e-03
-2.284278162e-03
-2.378245816e-03
-2.436228795e-03
-2.322588582e-03
-2.250023885e-03
-2.169778571e-03
-2.072794829e-03
-2.066064160e-03
-2.017746912e-03
-1.923869015e-03
-1.819463796e-03
-1.714970102e-03
-1.611170825e-03
-1.598918694e-03
-1.639040885e-03
-1.694608945e-03
-1.793144620e-03
-1.726361108e-03
-1.621782896e-03
-1.541364822e-03
-1.501932740e-03
-1.546541927e-03
-1.488127396e-03
-1.329622930e-03
-1.088455785e-03
-8.852539468e-04
-6.924928748e-04
-7.389142993e-04
-9.096728172e-04
-1.105540316e-03
-1.241094200e-03
-1.189927105e-03
-1.119863591e-03
-1.032456756e-03
-1.003896585e-03
-9.452224476e-04
-8.777472540e-04
-6.715256604e-04
-3.675430198e-04
-9.289735317e-05
2.997271622e-05
-3.517257937e-05
-2.438963857e-04
-4.296683474e-04
-5.754039739e-04
-6.615165621e-04
-5.927472957e-04
-4.744503240e-04
-3.977428423e-04
-2.748727566e-04
-1.236148673e-04
1.416257146e-04
4.946183180e-04
7.013573195e-04
6.899678265e-04
5.224021734e-04
2.084967273e-04
-5.553587835e-05
-1.855676237e-04
-1.865167433e-04
-7.797002036e-05
1.034876768e-04
2.192823740e-04
3.670888545e-04
5.802132073e-04
8.215525886e-04
1.030880376e-03
1.163759269e-03
1.050035702e-03
9.434738313e-04
6.560578477e-04
4.056582984e-04
2.987510234e-04
3.701088426e-04
5.532922223e-04
7.812573458e-04
1.058491529e-03
1.303023659e-03
1.498202328e-03
1.676035346e-03
1.838508993e-03
1.847569132e-03
1.675519045e-03
1.377315260e-03
1.001112163e-03
8.694411372e-04
9.510667296e-04
1.202760148e-03
1.500271494e-03
1.819870900e-03
2.031963784e-03
2.217388246e-03
2.371839015e-03
2.456829185e-03
2.465286991e-03
2.408425789e-03
2.215230837e-03
1.957927598e-03
1.795195625e-03
1.807965105e-03
1.913491753e-03
2.154401736e-03
2.400831319e-03
2.614128636e-03
2.931833966e-03
3.126924625e-03
3.257820616e-03
3.312786343e-03
3.212001873e-03
2.971438924e-03
2.703002421e-03
2.471671207e-03
2.387112007e-03
2.477022121e-03
2.667453606e-03
2.910953714e-03
3.274472198e-03
3.575092414e-03
3.813414369e-03
3.968295176e-03
4.056563601e-03
3.993144259e-03
3.806420835e-03
3.550930647e-03
3.404934192e-03
3.315887181e-03
3.367488505e-03
3.524960252e-03
3.690024372e-03
3.871825989e-03
4.038182087e-03
4.186335485e-03
4.357700702e-03
4.489890300e-03
4.483849742e-03
4.378063604e-03
4.185644910e-03
3.970709629e-03
3.907031845e-03
4.024377093e-03
4.160280339e-03
4.356495105e-03
4.587651696e-03
4.769536667e-03
5.030033179e-03
5.125204567e-03
5.231766962e-03
5.284314044e-03
5.256360862e-03
5.127624143e-03
4.959883168e-03
4.812423140e-03
4.836063366e-03
4.975930322e-03
5.236852448e-03
5.567758810e-03
5.809697323e-03
5.933518056e-03
5.961042829e-03
5.926354788e-03
5.946890451e-03
5.965958349e-03
5.930319894e-03
5.740415771e-03
5.530914292e-03
5.455587991e-03
5.643434823e-03
5.923680030e-03
6.218255032e-03
6.476580165e-03
6.592807826e-03
6.624469068e-03
6.606610958e-03
6.610144395e-03
6.591594312e-03
6.435074843e-03
6.305657793e-03
6.167180836e-03
6.134219933e-03
6.365012378e-03
6.671671290e-03
7.066510618e-03
7.514155470e-03
7.763776928e-03
7.755494677e-03
7.513640914e-03
7.296292111e-03
7.126998156e-03
7.084719837e-03
7.132949308e-03
7.195420563e-03
7.260308601e-03
7.338999305e-03
7.547636982e-03
7.891737856e-03
8.240754716e-03
8.460871875e-03
8.474158123e-03
8.330836892e-03
8.111935109e-03
7.955590263e-03
7.900626399e-03
7.978025824e-03
8.072247729e-03
8.063448593e-03
8.025568910e-03
8.047223091e-03
8.326003328e-03
8.731718175e-03
9.073410183e-03
9.248654358e-03
9.294301271e-03
9.203439578e-03
9.106452577e-03
8.977627382e-03
8.934657089e-03
8.996265009e-03
9.171946906e-03
9.341236204e-03
9.342965670e-03
3.222830221e-02
2.391879112e-01
8.277730346e-01
1.763743281e+00
2.920206308e+00
4.166854382e+00
5.415661812e+00
6.607717037e+00
7.695523262e+00
8.644113541e+00
9.438545227e+00
1.007970810e+01
1.057710171e+01
1.093969440e+01
1.118420887e+01
1.132988739e+01
1.139571190e+01
1.139819241e+01
1.135094070e+01
1.127152157e+01
1.117721653e+01
1.107891750e+01
1.098036289e+01
1.087984753e+01
1.077657413e+01
1.067356491e+01
1.057114029e+01
1.046637821e+01
1.035351467e+01
1.023139191e+01
1.009899998e+01
9.958134651e+00
9.809555054e+00
9.658574104e+00
9.510055542e+00
9.370653152e+00
9.240905762e+00
9.116071701e+00
8.992572784e+00
8.867845535e+00
8.739567757e+00
8.605656624e+00
8.463649750e+00
8.316210747e+00
8.166921616e+00
8.021245003e+00
7.879807949e+00
7.743937492e+00
7.614128590e+00
7.492107391e+00
7.375651360e+00
7.262151241e+00
7.147429466e+00
7.028604031e+00
6.905951023e+00
6.779709816e+00
6.650613308e+00
6.521163464e+00
6.394523144e+00
6.274156570e+00
6.159440041e+00
6.050647736e+00
5.946610451e+00
5.848204136e+00
5.753446102e+00
5.659783840e+00
5.562180042e+00
5.459386826e+00
5.352134228e+00
5.242733002e+00
5.135484219e+00
5.033070564e+00
4.937322140e+00
4.849011421e+00
4.766541481e+00
4.688276768e+00
4.610760689e+00
4.534165859e+00
4.456686974e+00
4.378257275e+00
4.297038555e+00
4.214278698e+00
4.130136013e+00
4.048716545e+00
3.971480131e+00
3.898925781e+00
3.831978083e+00
3.769363165e+00
3.709809065e+00
3.651787281e+00
3.593579054e+00
3.535665274e+00
3.476415157e+00
3.416559935e+00
3.354446411e+00
3.290992737e+00
3.227443933e+00
3.167497635e+00
3.111928463e+00
3.062851667e+00
3.018838882e+00
2.977449417e+00
2.937410593e+00
2.896311998e+00
2.852531433e+00
2.805809498e+00
2.756410599e+00
2.706540346e+00
2.656504631e+00
2.609315157e+00
2.565320253e+00
2.526304007e+00
2.491169930e+00
2.459520102e+00
2.428290367e+00
2.396896362e+00
2.363799095e+00
2.328182936e+00
2.291062117e+00
2.252793550e+00
2.214315653e+00
2.177225828e+00
2.142152786e+00
2.110325336e+00
2.080650330e+00
2.054033041e+00
2.028916359e+00
2.005119324e+00
1.980910420e+00
1.956309080e+00
1.929673672e+00
1.901827812e+00
1.872422457e+00
1.841763973e+00
1.811854720e+00
1.784085751e+00
1.759438157e+00
1.738194346e+00
1.719329000e+00
1.702210665e+00
1.684647560e+00
1.666664004e+00
1.646778107e+00
1.625488520e+00
1.602373838e+00
1.578700304e+00
1.554255128e+00
1.531265855e+00
1.510292649e+00
1.491756678e+00
1.476230741e+00
1.462769747e+00
1.449770212e+00
1.436280847e+00
1.421344280e+00
1.405350685e+00
1.387750268e+00
1.369702816e+00
1.350733876e+00
1.332065105e+00
1.313705087e+00
1.297193766e+00
1.282325864e+00
1.270207047e+00
1.259987831e+00
1.250309706e+00
1.240303159e+00
1.228773355e+00
1.215377450e+00
1.200446725e+00
1.184431911e+00
1.168737292e+00
1.153103352e+00
1.139071465e+00
1.126482606e+00
1.116055965e+00
1.107044935e+00
1.099506974e+00
1.091627955e+00
1.083424807e+00
1.073799610e+00
1.062428594e+00
1.050147653e+00
1.037255883e+00
1.024405837e+00
1.012320042e+00
1.001162410e+00
9.915089011e-01
9.826971889e-01
9.753111005e-01
9.684088826e-01
9.619091153e-01
9.547667503e-01
9.471243024e-01
9.379590750e-01
9.280620813e-01
9.173875451e-01
9.061835408e-01
8.955475092e-01
8.858658075e-01
8.775833249e-01
8.709464669e-01
8.654861450e-01
8.609964252e-01
8.559409976e-01
8.502597809e-01
8.431470990e-01
8.348905444e-01
8.254212737e-01
8.158288598e-01
8.060031533e-01
7.971553802e-01
7.896154523e-01
7.833786607e-01
7.786049843e-01
7.746853828e-01
7.707343102e-01
7.661314011e-01
7.604302764e-01
7.537771463e-01
7.458580732e-01
7.378774881e-01
7.296277285e-01
7.220171094e-01
7.149009109e-01
7.089810371e-01
7.037533522e-01
6.996442676e-01
6.958934665e-01
6.919295192e-01
6.876499057e-01
6.824843287e-01
6.764255762e-01
6.697309613e-01
6.624494195e-01
6.555635333e-01
6.487533450e-01
6.429706812e-01
6.378318667e-01
6.337110400e-01
6.300927401e-01
6.270821691e-01
6.235916615e-01
6.197319627e-01
6.149499416e-01
6.092680097e-01
6.031775475e-01
5.969028473e-01
5.908471346e-01
5.852718353e-01
5.803574324e-01
5.764925480e-01
5.730664730e-01
5.704093575e-01
5.676013827e-01
5.646359921e-01
5.608965158e-01
5.566257238e-01
5.513506532e-01
5.458925366e-01
5.403876901e-01
5.350165963e-01
5.302585363e-01
5.260210633e-01
5.225225687e-01
5.195983648e-01
5.170583129e-01
5.148835778e-01
5.121117234e-01
5.088377595e-01
5.045040846e-01
4.995943606e-01
4.942727387e-01
4.895088375e-01
4.849773049e-01
4.813364446e-01
4.781652093e-01
4.753665030e-01
4.731265008e-01
4.710031450e-01
4.686311781e-01
4.657374322e-01
4.619504809e-01
4.577063024e-01
4.529375434e-01
4.486193359e-01
4.445675611e-01
4.411381483e-01
4.380425215e-01
4.356459975e-01
4.332228601e-01
4.311195016e-01
4.288654029e-01
4.262545705e-01
4.234405458e-01
4.201953709e-01
4.166052341e-01
4.127969444e-01
4.089342952e-01
4.055300951e-01
4.023183584e-01
3.999193013e-01
3.976850212e-01
3.957495689e-01
3.937481940e-01
3.918266892e-01
3.895392120e-01
3.870174885e-01
3.840114176e-01
3.803964257e-01
3.766791821e-01
3.730397522e-01
3.697551191e-01
3.669947982e-01
3.646533787e-01
3.627594709e-01
3.608354032e-01
3.591591716e-01
3.572713733e-01
3.552677035e-01
3.527036905e-01
3.498628736e-01
3.464801311e-01
3.432066441e-01
3.401195109e-01
3.373453617e-01
3.351366222e-01
3.332864344e-01
3.316941857e-01
3.301920295e-01
3.285084367e-01
3.267865777e-01
3.245920241e-01
3.222698271e-01
3.193916380e-01
3.163998723e-01
3.133581579e-01
3.107035756e-01
3.082493842e-01
3.064684272e-01
3.049946725e-01
3.035632074e-01
3.021753132e-01
3.005888462e-01
2.986977696e-01
2.965466380e-01
2.940871119e-01
2.915537357e-01
2.889324427e-01
2.866951823e-01
2.846126258e-01
2.829262912e-01
2.812856734e-01
2.799665034e-01
2.785170376e-01
2.771625519e-01
2.755818367e-01
2.736472785e-01
2.715766132e-01
2.693599463e-01
2.671673596e-01
2.651040554e-01
2.630648911e-01
2.612950504e-01
2.594553232e-01
2.579578161e-01
2.564706802e-01
2.550414205e-01
2.535566986e-01
2.521819472e-01
2.505988777e-01
2.489590645e-01
2.470415086e-01
2.448161393e-01
2.427070737e-01
2.407019734e-01
2.388925701e-01
2.372771800e-01
2.358033508e-01
2.345771492e-01
2.332367897e-01
2.320834100e-01
2.308124453e-01
2.294081897e-01
2.276355028e-01
2.257104814e-01
2.234483063e-01
2.215429097e-01
2.198141068e-01
2.182623446e-01
2.170318812e-01
2.159366161e-01
2.148738056e-01
2.138236761e-01
2.125951350e-01
2.112838328e-01
2.096755207e-01
2.080354542e-01
2.062054276e-01
2.044301480e-01
2.026011199e-01
2.010508776e-01
1.994615048e-01
1.983009726e-01
1.972428560e-01
1.960563809e-01
1.949580610e-01
1.937548071e-01
1.924130768e-01
1.909092218e-01
1.892367154e-01
1.875629574e-01
1.858981699e-01
1.845025867e-01
1.831719428e-01
1.819397062e-01
1.806166768e-01
1.794494092e-01
1.782368869e-01
1.772674471e-01
1.762856394e-01
1.750417501e-01
1.737521738e-01
1.722839475e-01
1.707240343e-01
1.694479287e-01
1.682496369e-01
1.672734022e-01
1.661631763e-01
1.651447564e-01
1.640562862e-01
1.630484164e-01
1.619991958e-01
1.611125320e-01
1.600322723e-01
1.590414643e-01
1.578907520e-01
1.564414054e-01
1.550346166e-01
1.537416130e-01
1.525974125e-01
1.516176313e-01
1.507166624e-01
1.499052197e-01
1.488256156e-01
1.478153765e-01
1.466883570e-01
1.456288844e-01
1.444822401e-01
1.433290243e-01
1.419429630e-01
1.406708062e-01
1.395615935e-01
1.385574490e-01
1.378171146e-01
1.371471137e-01
1.364311576e-01
1.356277168e-01
1.346437484e-01
1.335657984e-01
1.322753727e-01
1.311314404e-01
1.299190223e-01
1.288395375e-01
1.278250962e-01
1.269189119e-01
1.260033250e-01
1.252114922e-01
1.243413761e-01
1.235074177e-01
1.228290871e-01
1.219568476e-01
1.208725274e-01
1.195976883e-01
1.182735562e-01
1.171504557e-01
1.160669997e-01
1.152332500e-01
1.144473627e-01
1.137996837e-01
1.130857170e-01
1.124085411e-01
1.115541160e-01
1.108220294e-01
1.099752262e-01
1.089802608e-01
1.079928279e-01
1.069534123e-01
1.059007570e-01
1.049965099e-01
1.042377800e-01
1.036658436e-01
1.030129865e-01
1.023018882e-01
1.013833433e-01
1.005828977e-01
9.965905547e-02
9.880505502e-02
9.789042920e-02
9.696085751e-02
9.604407847e-02
9.509453177e-02
9.426289797e-02
9.346918017e-02
9.273486584e-02
9.210798889e-02
9.145712107e-02
9.081976861e-02
9.000373632e-02
8.936285973e-02
8.869027346e-02
8.803193271e-02
8.712698519e-02
8.628244698e-02
8.537586033e-02
8.457330614e-02
8.386003226e-02
8.313362300e-02
8.254505694e-02
8.187498152e-02
8.118275553e-02
8.039989322e-02
7.964981347e-02
7.904011756e-02
7.831454277e-02
7.754171640e-02
7.665606588e-02
7.589691132e-02
7.523529232e-02
7.478517294e-02
7.429853082e-02
7.394191623e-02
7.346100360e-02
7.288569957e-02
7.237625867e-02
7.177121192e-02
7.104474306e-02
7.027494162e-02
6.937860698e-02
6.856098771e-02
6.778123975e-02
6.725937873e-02
6.680069119e-02
6.639954448e-02
6.594164670e-02
6.545540690e-02
6.473247707e-02
6.402285397e-02
6.316159666e-02
6.234818324e-02
6.166274473e-02
6.097180769e-02
6.031887978e-02
5.969139189e-02
5.914815888e-02
5.868092552e-02
5.812223256e-02
5.758294463e-02
5.703371018e-02
5.649223924e-02
5.586621538e-02
5.532876775e-02
5.465112627e-02
5.410258099e-02
5.347609892e-02
5.280831456e-02
5.218869820e-02
5.167472363e-02
5.119623616e-02
5.074874312e-02
5.030184984e-02
4.995939508e-02
4.955102876e-02
4.914218932e-02
4.855502769e-02
4.784285277e-02
4.702727497e-02
4.635769129e-02
4.567600414e-02
4.526936635e-02
4.492119700e-02
4.448763654e-02
4.406657070e-02
4.352893680e-02
4.300914332e-02
4.248030111e-02
4.198339581e-02
4.153083265e-02
4.093685374e-02
4.038981721e-02
3.968071565e-02
3.906291351e-02
3.856357560e-02
3.823982179e-02
3.785517812e-02
3.755619377e-02
3.710449859e-02
3.657667711e-02
3.609228134e-02
3.565619513e-02
3.526515514e-02
3.480932117e-02
3.423484415e-02
3.365724906e-02
3.302764148e-02
3.263929486e-02
3.225954622e-02
3.195443004e-02
3.158273175e-02
3.122078441e-02
3.077840433e-02
3.036277555e-02
2.990488149e-02
2.948027663e-02
2.917622030e-02
2.869967744e-02
2.815270424e-02
2.759695798e-02
2.712041140e-02
2.679436654e-02
2.644896135e-02
2.620254084e-02
2.586509101e-02
2.551090159e-02
2.509543300e-02
2.474413253e-02
2.434081398e-02
2.399056777e-02
2.347596735e-02
2.288460732e-02
2.233505435e-02
2.181933075e-02
2.129738405e-02
2.090479434e-02
2.061538771e-02
2.040794678e-02
2.008670568e-02
1.976451650e-02
1.932637207e-02
1.888209581e-02
1.846032403e-02
1.803278551e-02
1.750393584e-02
1.713819616e-02
1.672479883e-02
1.633100025e-02
1.607430726e-02
1.587221213e-02
1.560118236e-02
1.538114995e-02
1.507612877e-02
1.473271474e-02
1.439076010e-02
1.407960616e-02
1.370028500e-02
1.338352170e-02
1.297298726e-02
1.248468924e-02
1.194100641e-02
1.156464685e-02
1.135557517e-02
1.125383936e-02
1.123943273e-02
1.113597490e-02
1.097039040e-02
1.064751204e-02
1.024784613e-02
9.829012677e-03
9.322520345e-03
8.939668536e-03
8.458888158e-03
7.958872244e-03
7.517179474e-03
7.229678333e-03
6.907484494e-03
6.735085510e-03
6.521788426e-03
6.254313979e-03
5.905558821e-03
5.465772469e-03
4.979641642e-03
4.507496022e-03
4.090042319e-03
3.723676084e-03
3.330555046e-03
3.007587511e-03
2.658739453e-03
2.219890011e-03
1.858183416e-03
1.592425397e-03
1.406135154e-03
1.317174523e-03
9.640958160e-04
5.165347829e-04
8.968204929e-05
-3.370843770e-04
-7.395182620e-04
-1.072061481e-03
-1.329191495e-03
-1.654313412e-03
-2.184103476e-03
-2.605950925e-03
-2.853503916e-03
-2.972315997e-03
-3.137465101e-03
-3.346705344e-03
-3.713501850e-03
-4.109896254e-03
-4.490497056e-03
-4.890340846e-03
-5.155843683e-03
-5.431009457e-03
-5.697890650e-03
-6.093515083e-03
-6.493631285e-03
-6.878115237e-03
-7.139138877e-03
-7.283663377e-03
-7.486173883e-03
-7.693604566e-03
-7.924934849e-03
-8.315465413e-03
-8.738180622e-03
-8.978221565e-03
-9.253215976e-03
-9.589984082e-03
-9.899139404e-03
-1.024954766e-02
-1.052367408e-02
-1.072299480e-02
-1.092826296e-02
-1.106804423e-02
-1.130472682e-02
-1.147798169e-02
-1.174755488e-02
-1.201047096e-02
-1.231763884e-02
-1.258865744e-02
-1.309480611e-02
-1.349473000e-02
-1.380680408e-02
-1.412166189e-02
-1.441294607e-02
-1.462840009e-02
-1.483988483e-02
-1.513972320e-02
-1.543110609e-02
-1.576328836e-02
-1.597571932e-02
-1.616675407e-02
-1.641802676e-02
-1.678429730e-02
-1.728803292e-02
-1.772862114e-02
-1.803734154e-02
-1.816918515e-02
-1.829153858e-02
-1.852131449e-02
-1.879562438e-02
-1.917302981e-02
-1.950937137e-02
-1.977279969e-02
-1.992725581e-02
-2.014814131e-02
-2.053288929e-02
-2.097638696e-02
-2.152137458e-02
-2.202061750e-02
-2.237964794e-02
-2.266377211e-02
-2.296335250e-02
-2.320364118e-02
-2.370949835e-02
-2.415275760e-02
-2.440928109e-02
-2.463136427e-02
-2.484051324e-02
-2.516854182e-02
-2.566163614e-02
-2.620447800e-02
