-6.104366912e-05
-6.104366912e-05
-6.104366912e-05
-6.104366912e-05
-6.104366912e-05
-6.104366912e-05
-6.104366912e-05
-6.104366912e-05
-6.104366912e-05
-6.104366912e-05
-6.104366912e-05
-6.104366912e-05
-6.104366912e-05
-6.104366912e-05
-6.104366912e-05
-6.104366912e-05
-6.104366912e-05
-6.104366912e-05
-6.104366912e-05
-6.104366912e-05
-6.104366912e-05
-6.104366912e-05
-6.104366912e-05
-6.104366912e-05
-6.104366912e-05
-6.104366912e-05
-6.104366912e-05
-6.104366912e-05
-6.104366912e-05
-6.104366912e-05
-6.104366912e-05
-6.104366912e-05
-6.104366912e-05
-6.104366912e-05
-6.104366912e-05
-6.104366912e-05
-6.104366912e-05
-6.104366912e-05
-6.104366912e-05
-6.104366912e-05
-6.104366912e-05
-6.104366912e-05
-6.104366912e-05
-6.104366912e-05
-6.104366912e-05
-6.104366912e-05
-6.104366912e-05
-6.104366912e-05
-6.104366912e-05
-6.104366912e-05
-6.104366912e-05
-6.104366912e-05
-6.104366912e-05
-6.104366912e-05
-6.104366912e-05
-6.104366912e-05
-6.104366912e-05
-6.104366912e-05
-6.104366912e-05
-6.104366912e-05
-6.104366912e-05
-6.104366912e-05
-6.104366912e-05
-6.104366912e-05
-6.104366912e-05
-6.104366912e-05
-6.104366912e-05
-6.104366912e-05
-6.104366912e-05
-6.104366912e-05
-6.104366912e-05
-6.104366912e-05
-6.104366912e-05
-6.104366912e-05
-6.104366912e-05
-6.104366912e-05
-6.104366912e-05
-6.104366912e-05
-6.104366912e-05
-6.104366912e-05
-6.104366912e-05
-6.104366912e-05
-6.104366912e-05
-6.104366912e-05
-6.104366912e-05
-6.104366912e-05
-6.104366912e-05
-6.104366912e-05
-6.104366912e-05
-6.104366912e-05
-6.104366912e-05
-6.104366912e-05
-6.104366912e-05
-6.104366912e-05
-6.104366912e-05
-6.104366912e-05
-6.104366912e-05
-6.104366912e-05
-6.104366912e-05
-6.104366912e-05
-6.104366912e-05
-6.104366912e-05
-6.104366912e-05
-6.104366912e-05
-6.104366912e-05
-6.104366912e-05
-6.104366912e-05
-6.104366912e-05
-6.104366912e-05
-6.104366912e-05
-6.104366912e-05
-6.104366912e-05
-6.104366912e-05
-6.104366912e-05
-6.104366912e-05
-6.104366912e-05
-6.104366912e-05
-6.104366912e-05
-6.104366912e-05
-6.104366912e-05
-6.104366912e-05
-6.104366912e-05
-6.104366912e-05
-6.104366912e-05
-6.104366912e-05
-6.104366912e-05
-6.104366912e-05
-6.104366912e-05
-6.104366912e-05
-6.104366912e-05
-6.104366912e-05
-6.104366912e-05
-6.104366912e-05
-6.104366912e-05
-6.104366912e-05
-6.104366912e-05
-6.104366912e-05
-6.104366912e-05
-6.104366912e-05
-6.104366912e-05
-6.104366912e-05
-6.104366912e-05
-6.104366912e-05
-6.104366912e-05
-6.104366912e-05
-6.104366912e-05
-6.104366912e-05
-6.104366912e-05
-6.104366912e-05
-6.104366912e-05
-6.104366912e-05
-6.104366912e-05
-6.104366912e-05
-6.104366912e-05
-6.104366912e-05
-6.104366912e-05
-6.104366912e-05
-6.104366912e-05
-6.104366912e-05
-6.104366912e-05
-6.104366912e-05
-6.104366912e-05
-6.104366912e-05
-6.104366912e-05
-6.104366912e-05
-6.104366912e-05
-6.104366912e-05
-6.104366912e-05
-6.104366912e-05
-6.104366912e-05
-6.104366912e-05
-6.104366912e-05
-6.104366912e-05
-6.104366912e-05
-6.104366912e-05
-6.104366912e-05
-6.104366912e-05
-6.104366912e-05
-6.104366912e-05
-6.104366912e-05
-6.104366912e-05
-6.104366912e-05
-6.104366912e-05
-6.104366912e-05
-6.104366912e-05
-6.104366912e-05
-6.104366912e-05
-6.104366912e-05
-6.104366912e-05
-6.104366912e-05
-6.104366912e-05
-6.104366912e-05
-6.104366912e-05
-6.104366912e-05
-6.104366912e-05
-6.104366912e-05
-6.104366912e-05
-6.104366912e-05
-6.104366912e-05
-6.104366912e-05
-6.104366912e-05
-6.104366912e-05
-6.104366912e-05
-6.104366912e-05
-6.104366912e-05
-6.104366912e-05
-6.104366912e-05
-6.104366912e-05
-6.104366912e-05
-6.104366912e-05
-6.104366912e-05
-6.104366912e-05
-6.104366912e-05
-6.104366912e-05
-6.104366912e-05
-6.104366912e-05
-6.104366912e-05
-6.104366912e-05
-6.104366912e-05
-6.104366912e-05
-6.104366912e-05
-6.104366912e-05
-6.104366912e-05
-6.104366912e-05
-6.104366912e-05
-6.104366912e-05
-6.104366912e-05
-6.104366912e-05
-6.104366912e-05
-6.104366912e-05
-6.104366912e-05
-6.104366912e-05
-6.104366912e-05
-6.104366912e-05
-6.104366912e-05
-6.104366912e-05
-6.104366912e-05
-6.104366912e-05
-6.104366912e-05
-6.104366912e-05
-6.104366912e-05
-6.104366912e-05
-6.104366912e-05
-6.104366912e-05
-6.104366912e-05
-6.104366912e-05
-6.104366912e-05
-6.104366912e-05
-6.104366912e-05
-6.104366912e-05
-6.104366912e-05
-6.104366912e-05
-6.104366912e-05
-6.104366912e-05
-6.104366912e-05
-6.104366912e-05
-6.104366912e-05
1.270685077e+00
3.851397991e+00
6.000684261e+00
7.749921322e+00
9.138329506e+00
1.016590786e+01
1.086403370e+01
1.126408291e+01
1.139743328e+01
1.132683659e+01
1.105229282e+01
1.066793060e+01
1.023650455e+01
9.773701668e+00
9.334431648e+00
9.036355972e+00
8.855940819e+00
8.730435371e+00
8.612773895e+00
8.495111465e+00
8.330385208e+00
8.118594170e+00
7.875427246e+00
7.553818226e+00
7.200833321e+00
6.847848415e+00
6.541927814e+00
6.181098938e+00
5.820269585e+00
5.428064346e+00
5.043702602e+00
4.651496887e+00
4.259291649e+00
3.827865601e+00
3.435659885e+00
3.043454409e+00
2.706157446e+00
2.337484360e+00
1.984499216e+00
1.655046582e+00
1.317749739e+00
1.003985286e+00
6.431561112e-01
2.823269963e-01
-6.104366912e-05
-6.104366912e-05
-6.104366912e-05
-6.104366912e-05
-6.104366912e-05
-6.104366912e-05
-6.104366912e-05
-6.104366912e-05
-6.104366912e-05
-6.104366912e-05
-6.104366912e-05
-6.104366912e-05
-6.104366912e-05
-6.104366912e-05
-6.104366912e-05
-6.104366912e-05
-6.104366912e-05
-6.104366912e-05
-6.104366912e-05
-6.104366912e-05
-6.104366912e-05
-6.104366912e-05
-6.104366912e-05
-6.104366912e-05
-6.104366912e-05
-6.104366912e-05
-6.104366912e-05
-6.104366912e-05
-6.104366912e-05
-6.104366912e-05
-6.104366912e-05
-6.104366912e-05
-6.104366912e-05
-6.104366912e-05
-6.104366912e-05
-6.104366912e-05
-6.104366912e-05
-6.104366912e-05
-6.104366912e-05
-6.104366912e-05
-6.104366912e-05
-6.104366912e-05
-6.104366912e-05
-6.104366912e-05
-6.104366912e-05
-6.104366912e-05
-6.104366912e-05
-6.104366912e-05
-6.104366912e-05
-6.104366912e-05
-6.104366912e-05
-6.104366912e-05
-6.104366912e-05
-6.104366912e-05
-6.104366912e-05
-6.104366912e-05
-6.104366912e-05
-6.104366912e-05
-6.104366912e-05
-6.104366912e-05
-6.104366912e-05
-6.104366912e-05
-6.104366912e-05
-6.104366912e-05
-6.104366912e-05
-6.104366912e-05
-6.104366912e-05
-6.104366912e-05
-6.104366912e-05
-6.104366912e-05
-6.104366912e-05
-6.104366912e-05
-6.104366912e-05
-6.104366912e-05
-6.104366912e-05
-6.104366912e-05
-6.104366912e-05
-6.104366912e-05
-6.104366912e-05
-6.104366912e-05
-6.104366912e-05
-6.104366912e-05
-6.104366912e-05
-6.104366912e-05
-6.104366912e-05
-6.104366912e-05
-6.104366912e-05
-6.104366912e-05
-6.104366912e-05
-6.104366912e-05
-6.104366912e-05
-6.104366912e-05
-6.104366912e-05
-6.104366912e-05
-6.104366912e-05
-6.104366912e-05
-6.104366912e-05
-6.104366912e-05
-6.104366912e-05
-6.104366912e-05
-6.104366912e-05
-6.104366912e-05
-6.104366912e-05
-6.104366912e-05
-6.104366912e-05
-6.104366912e-05
-6.104366912e-05
-6.104366912e-05
-6.104366912e-05
-6.104366912e-05
-6.104366912e-05
-6.104366912e-05
-6.104366912e-05
-6.104366912e-05
-6.104366912e-05
-6.104366912e-05
-6.104366912e-05
-6.104366912e-05
-6.104366912e-05
-6.104366912e-05
-6.104366912e-05
-6.104366912e-05
-6.104366912e-05
-6.104366912e-05
-6.104366912e-05
-6.104366912e-05
-6.104366912e-05
-6.104366912e-05
-6.104366912e-05
-6.104366912e-05
-6.104366912e-05
-6.104366912e-05
-6.104366912e-05
-6.104366912e-05
-6.104366912e-05
-6.104366912e-05
-6.104366912e-05
-6.104366912e-05
-6.104366912e-05
-6.104366912e-05
-6.104366912e-05
-6.104366912e-05
-6.104366912e-05
-6.104366912e-05
-6.104366912e-05
-6.104366912e-05
-6.104366912e-05
-6.104366912e-05
-6.104366912e-05
-6.104366912e-05
-6.104366912e-05
-6.104366912e-05
-6.104366912e-05
-6.104366912e-05
-6.104366912e-05
-6.104366912e-05
-6.104366912e-05
-6.104366912e-05
-6.104366912e-05
-6.104366912e-05
-6.104366912e-05
-6.104366912e-05
-6.104366912e-05
-6.104366912e-05
-6.104366912e-05
-6.104366912e-05
-6.104366912e-05
-6.104366912e-05
-6.104366912e-05
-6.104366912e-05
-6.104366912e-05
-6.104366912e-05
-6.104366912e-05
-6.104366912e-05
-6.104366912e-05
-6.104366912e-05
-6.104366912e-05
-6.104366912e-05
-6.104366912e-05
-6.104366912e-05
-6.104366912e-05
-6.104366912e-05
-6.104366912e-05
-6.104366912e-05
-6.104366912e-05
-6.104366912e-05
-6.104366912e-05
-6.104366912e-05
-6.104366912e-05
-6.104366912e-05
-6.104366912e-05
-6.104366912e-05
-6.104366912e-05
-6.104366912e-05
-6.104366912e-05
-6.104366912e-05
-6.104366912e-05
-6.104366912e-05
-6.104366912e-05
-6.104366912e-05
-6.104366912e-05
-6.104366912e-05
-6.104366912e-05
-6.104366912e-05
-6.104366912e-05
-6.104366912e-05
-6.104366912e-05
-6.104366912e-05
-6.104366912e-05
-6.104366912e-05
-6.104366912e-05
-6.104366912e-05
-6.104366912e-05
-6.104366912e-05
-6.104366912e-05
-6.104366912e-05
-6.104366912e-05
-6.104366912e-05
-6.104366912e-05
-6.104366912e-05
-6.104366912e-05
-6.104366912e-05
-6.104366912e-05
-6.104366912e-05
-6.104366912e-05
-6.104366912e-05
-6.104366912e-05
-6.104366912e-05
-6.104366912e-05
-6.104366912e-05
-6.104366912e-05
-6.104366912e-05
-6.104366912e-05
-6.104366912e-05
-6.104366912e-05
-6.104366912e-05
-6.104366912e-05
-6.104366912e-05
-6.104366912e-05
-6.104366912e-05
-6.104366912e-05
-6.104366912e-05
-6.104366912e-05
-6.104366912e-05
-6.104366912e-05
-6.104366912e-05
-6.104366912e-05
-6.104366912e-05
-6.104366912e-05
-6.104366912e-05
-6.104366912e-05
-6.104366912e-05
-6.104366912e-05
-6.104366912e-05
-6.104366912e-05
-6.104366912e-05
-6.104366912e-05
-6.104366912e-05
-6.104366912e-05
-6.104366912e-05
-6.104366912e-05
-6.104366912e-05
-6.104366912e-05
-6.104366912e-05
-6.104366912e-05
-6.104366912e-05
-6.104366912e-05
-6.104366912e-05
-6.104366912e-05
-6.104366912e-05
-6.104366912e-05
-6.104366912e-05
-6.104366912e-05
-6.104366912e-05
-6.104366912e-05
-6.104366912e-05
-6.104366912e-05
-6.104366912e-05
-6.104366912e-05
-6.104366912e-05
-6.104366912e-05
-6.104366912e-05
-6.104366912e-05
-6.104366912e-05
-6.104366912e-05
-6.104366912e-05
-6.104366912e-05
-6.104366912e-05
-6.104366912e-05
-6.104366912e-05
-6.104366912e-05
-6.104366912e-05
-6.104366912e-05
-6.104366912e-05
-6.104366912e-05
-6.104366912e-05
-6.104366912e-05
-6.104366912e-05
-6.104366912e-05
-6.104366912e-05
-6.104366912e-05
-6.104366912e-05
-6.104366912e-05
-6.104366912e-05
-6.104366912e-05
-6.104366912e-05
-6.104366912e-05
-6.104366912e-05
-6.104366912e-05
-6.104366912e-05
-6.104366912e-05
-6.104366912e-05
-6.104366912e-05
-6.104366912e-05
-6.104366912e-05
-6.104366912e-05
-6.104366912e-05
-6.104366912e-05
-6.104366912e-05
-6.104366912e-05
-6.104366912e-05
-6.104366912e-05
-6.104366912e-05
-6.104366912e-05
-6.104366912e-05
-6.104366912e-05
-6.104366912e-05
-6.104366912e-05
-6.104366912e-05
-6.104366912e-05
-6.104366912e-05
-6.104366912e-05
-6.104366912e-05
-6.104366912e-05
-6.104366912e-05
-6.104366912e-05
-6.104366912e-05
-6.104366912e-05
-6.104366912e-05
-6.104366912e-05
-6.104366912e-05
-6.104366912e-05
-6.104366912e-05
-6.104366912e-05
-6.104366912e-05
-6.104366912e-05
-6.104366912e-05
-6.104366912e-05
-6.104366912e-05
-6.104366912e-05
-6.104366912e-05
-6.104366912e-05
-6.104366912e-05
-6.104366912e-05
-6.104366912e-05
-6.104366912e-05
-6.104366912e-05
-6.104366912e-05
-6.104366912e-05
-6.104366912e-05
-6.104366912e-05
-6.104366912e-05
-6.104366912e-05
-6.104366912e-05
-6.104366912e-05
-6.104366912e-05
-6.104366912e-05
-6.104366912e-05
-6.104366912e-05
-6.104366912e-05
-6.104366912e-05
-6.104366912e-05
-6.104366912e-05
-6.104366912e-05
-6.104366912e-05
-6.104366912e-05
-6.104366912e-05
-6.104366912e-05
-6.104366912e-05
-6.104366912e-05
-6.104366912e-05
-6.104366912e-05
-6.104366912e-05
-6.104366912e-05
-6.104366912e-05
-6.104366912e-05
-6.104366912e-05
-6.104366912e-05
-6.104366912e-05
-6.104366912e-05
-6.104366912e-05
-6.104366912e-05
-6.104366912e-05
-6.104366912e-05
-6.104366912e-05
-6.104366912e-05
-6.104366912e-05
-6.104366912e-05
-6.104366912e-05
-6.104366912e-05
-6.104366912e-05
-6.104366912e-05
-6.104366912e-05
-6.104366912e-05
-6.104366912e-05
-6.104366912e-05
-6.104366912e-05
-6.104366912e-05
-6.104366912e-05
-6.104366912e-05
-6.104366912e-05
-6.104366912e-05
-6.104366912e-05
-6.104366912e-05
-6.104366912e-05
-6.104366912e-05
-6.104366912e-05
-6.104366912e-05
-6.104366912e-05
-6.104366912e-05
-6.104366912e-05
-6.104366912e-05
-6.104366912e-05
-6.104366912e-05
-6.104366912e-05
-6.104366912e-05
-6.104366912e-05
-6.104366912e-05
-6.104366912e-05
-6.104366912e-05
-6.104366912e-05
-6.104366912e-05
-6.104366912e-05
-6.104366912e-05
-6.104366912e-05
-6.104366912e-05
-6.104366912e-05
-6.104366912e-05
-6.104366912e-05
-6.104366912e-05
-6.104366912e-05
-6.104366912e-05
-6.104366912e-05
-6.104366912e-05
-6.104366912e-05
-6.104366912e-05
-6.104366912e-05
-6.104366912e-05
-6.104366912e-05
-6.104366912e-05
-6.104366912e-05
-6.104366912e-05
-6.104366912e-05
-6.104366912e-05
-6.104366912e-05
-6.104366912e-05
-6.104366912e-05
-6.104366912e-05
-6.104366912e-05
-6.104366912e-05
-6.104366912e-05
-6.104366912e-05
-6.104366912e-05
-6.104366912e-05
-6.104366912e-05
-6.104366912e-05
-6.104366912e-05
-6.104366912e-05
-6.104366912e-05
-6.104366912e-05
-6.104366912e-05
-6.104366912e-05
-6.104366912e-05
-6.104366912e-05
-6.104366912e-05
-6.104366912e-05
-6.104366912e-05
-6.104366912e-05
-6.104366912e-05
-6.104366912e-05
-6.104366912e-05
-6.104366912e-05
-6.104366912e-05
-6.104366912e-05
-6.104366912e-05
-6.104366912e-05
-6.104366912e-05
-6.104366912e-05
-6.104366912e-05
-6.104366912e-05
-6.104366912e-05
-6.104366912e-05
-6.104366912e-05
-6.104366912e-05
-6.104366912e-05
-6.104366912e-05
-6.104366912e-05
-6.104366912e-05
-6.104366912e-05
-6.104366912e-05
-6.104366912e-05
-6.104366912e-05
-6.104366912e-05
-6.104366912e-05
-6.104366912e-05
-6.104366912e-05
-6.104366912e-05
-6.104366912e-05
-6.104366912e-05
-6.104366912e-05
-6.104366912e-05
-6.104366912e-05
-6.104366912e-05
-6.104366912e-05
-6.104366912e-05
-6.104366912e-05
-6.104366912e-05
-6.104366912e-05
-6.104366912e-05
-6.104366912e-05
-6.104366912e-05
-6.104366912e-05
-6.104366912e-05
-6.104366912e-05
-6.104366912e-05
-6.104366912e-05
-6.104366912e-05
-6.104366912e-05
-6.104366912e-05
-6.104366912e-05
-6.104366912e-05
-6.104366912e-05
-6.104366912e-05
-6.104366912e-05
-6.104366912e-05
-6.104366912e-05
-6.104366912e-05
-6.104366912e-05
-6.104366912e-05
-6.104366912e-05
-6.104366912e-05
-6.104366912e-05
-6.104366912e-05
-6.104366912e-05
-6.104366912e-05
-6.104366912e-05
-6.104366912e-05
-6.104366912e-05
-6.104366912e-05
-6.104366912e-05
-6.104366912e-05
-6.104366912e-05
-6.104366912e-05
-6.104366912e-05
-6.104366912e-05
-6.104366912e-05
-6.104366912e-05
-6.104366912e-05
-6.104366912e-05
-6.104366912e-05
-6.104366912e-05
-6.104366912e-05
-6.104366912e-05
-6.104366912e-05
-6.104366912e-05
-6.104366912e-05
-6.104366912e-05
-6.104366912e-05
-6.104366912e-05
-6.104366912e-05
-6.104366912e-05
-6.104366912e-05
-6.104366912e-05
-6.104366912e-05
-6.104366912e-05
-6.104366912e-05
-6.104366912e-05
-6.104366912e-05
-6.104366912e-05
-6.104366912e-05
-6.104366912e-05
-6.104366912e-05
-6.104366912e-05
-6.104366912e-05
-6.104366912e-05
-6.104366912e-05
-6.104366912e-05
-6.104366912e-05
-6.104366912e-05
-6.104366912e-05
-6.104366912e-05
-6.104366912e-05
-6.104366912e-05
-6.104366912e-05
-6.104366912e-05
-6.104366912e-05
-6.104366912e-05
-6.104366912e-05
-6.104366912e-05
-6.104366912e-05
-6.104366912e-05
-6.104366912e-05
-6.104366912e-05
-6.104366912e-05
-6.104366912e-05
-6.104366912e-05
-6.104366912e-05
-6.104366912e-05
-6.104366912e-05
-6.104366912e-05
-6.104366912e-05
-6.104366912e-05
-6.104366912e-05
-6.104366912e-05
-6.104366912e-05
-6.104366912e-05
-6.104366912e-05
-6.104366912e-05
-6.104366912e-05
-6.104366912e-05
-6.104366912e-05
-6.104366912e-05
-6.104366912e-05
-6.104366912e-05
-6.104366912e-05
-6.104366912e-05
-6.104366912e-05
-6.104366912e-05
-6.104366912e-05
-6.104366912e-05
-6.104366912e-05
-6.104366912e-05
-6.104366912e-05
-6.104366912e-05
-6.104366912e-05
-6.104366912e-05
-6.104366912e-05
-6.104366912e-05
-6.104366912e-05
-6.104366912e-05
-6.104366912e-05
-6.104366912e-05
-6.104366912e-05
-6.104366912e-05
-6.104366912e-05
-6.104366912e-05
-6.104366912e-05
-6.104366912e-05
-6.104366912e-05
-6.104366912e-05
-6.104366912e-05
-6.104366912e-05
-6.104366912e-05
-6.104366912e-05
-6.104366912e-05
-6.104366912e-05
-6.104366912e-05
-6.104366912e-05
-6.104366912e-05
-6.104366912e-05
-6.104366912e-05
-6.104366912e-05
-6.104366912e-05
-6.104366912e-05
-6.104366912e-05
-6.104366912e-05
-6.104366912e-05
-6.104366912e-05
-6.104366912e-05
-6.104366912e-05
-6.104366912e-05
-6.104366912e-05
-6.104366912e-05
-6.104366912e-05
-6.104366912e-05
-6.104366912e-05
-6.104366912e-05
-6.104366912e-05
-6.104366912e-05
-6.104366912e-05
-6.104366912e-05
-6.104366912e-05
-6.104366912e-05
-6.104366912e-05
-6.104366912e-05
-6.104366912e-05
-6.104366912e-05
-6.104366912e-05
-6.104366912e-05
-6.104366912e-05
-6.104366912e-05
-6.104366912e-05
-6.104366912e-05
-6.104366912e-05
-6.104366912e-05
-6.104366912e-05
-6.104366912e-05
-6.104366912e-05
-6.104366912e-05
-6.104366912e-05
-6.104366912e-05
-6.104366912e-05
-6.104366912e-05
-6.104366912e-05
-6.104366912e-05
-6.104366912e-05
-6.104366912e-05
-6.104366912e-05
-6.104366912e-05
-6.104366912e-05
-6.104366912e-05
-6.104366912e-05
-6.104366912e-05
-6.104366912e-05
-6.104366912e-05
-6.104366912e-05
-6.104366912e-05
-6.104366912e-05
-6.104366912e-05
-6.104366912e-05
-6.104366912e-05
-6.104366912e-05
-6.104366912e-05
