3.396166721e-03
3.469318617e-03
3.504012944e-03
3.466392634e-03
3.402019152e-03
3.458869411e-03
3.495653858e-03
3.504848806e-03
3.503176849e-03
3.453852609e-03
3.524495056e-03
3.484366927e-03
3.347259713e-03
3.373594023e-03
3.444238566e-03
3.421247937e-03
3.409125144e-03
3.407452255e-03
3.432535334e-03
3.467229661e-03
3.372339997e-03
3.385297954e-03
3.403272247e-03
3.345587756e-03
3.338899929e-03
3.216425190e-03
3.271183698e-03
3.307967912e-03
3.235235345e-03
3.153306432e-03
3.233145224e-03
3.306295956e-03
3.246939508e-03
3.103982890e-03
2.997392323e-03
3.048388753e-03
3.091861028e-03
3.054240951e-03
3.058420494e-03
3.100638976e-03
3.041699762e-03
2.975238021e-03
2.949321643e-03
2.954755677e-03
2.971475711e-03
2.915463410e-03
2.870318945e-03
2.860286506e-03
2.785046352e-03
2.764145145e-03
2.756202826e-03
2.719418844e-03
2.720672870e-03
2.584820613e-03
2.534242114e-03
2.504146192e-03
2.544692485e-03
2.557233442e-03
2.377073746e-03
2.395882970e-03
2.378745237e-03
2.506236080e-03
2.503727097e-03
2.492861124e-03
2.546784002e-03
2.355336910e-03
2.326495247e-03
2.304341644e-03
2.359935315e-03
2.390867099e-03
2.307267161e-03
2.327749273e-03
2.308521187e-03
2.375818789e-03
2.336945152e-03
2.255016705e-03
2.254598774e-03
2.242476447e-03
2.338616643e-03
2.322314540e-03
2.313536592e-03
2.289710334e-03
2.333601238e-03
2.267556963e-03
2.211544663e-03
2.293054247e-03
2.344468608e-03
2.266302472e-03
2.266302938e-03
2.263376955e-03
2.327331342e-03
2.220323076e-03
2.306013135e-03
2.273827093e-03
2.396719065e-03
2.368712798e-03
2.318553394e-03
2.353247488e-03
2.329839393e-03
2.308521653e-03
2.297234721e-03
2.367876936e-03
2.366204746e-03
2.371220849e-03
2.360771410e-03
2.341543091e-03
2.441863762e-03
2.520029433e-03
2.542601665e-03
2.461091615e-03
2.494531218e-03
2.450223081e-03
2.432249021e-03
2.437264891e-03
2.494113287e-03
2.520447597e-03
2.568100812e-03
2.529643709e-03
2.436429495e-03
2.485753736e-03
2.534241648e-03
2.443116857e-03
2.492859727e-03
2.448551124e-03
2.465689089e-03
2.420126693e-03
2.465689089e-03
2.492859261e-03
2.474885434e-03
2.560576424e-03
2.488679718e-03
2.488261322e-03
2.445624908e-03
2.466525184e-03
2.541766036e-03
2.530061640e-03
2.454821253e-03
2.414274728e-03
2.470705193e-03
2.494949382e-03
2.664241008e-03
2.621186199e-03
2.448551124e-03
2.392539056e-03
2.431413392e-03
2.509161597e-03
2.500801580e-03
2.479065442e-03
2.433503047e-03
2.464435063e-03
2.539258683e-03
2.591090975e-03
2.583567519e-03
2.516268753e-03
2.456912072e-03
2.413439332e-03
2.405915176e-03
2.374564763e-03
2.421380719e-03
2.397972858e-03
2.351574833e-03
2.283021808e-03
2.303085988e-03
2.238295972e-03
2.154277405e-03
2.332764678e-03
2.386268694e-03
2.362860832e-03
2.296815859e-03
2.404242288e-03
2.440609038e-03
2.500384580e-03
2.479066374e-03
2.449387452e-03
2.553470898e-03
2.534243045e-03
2.655463759e-03
2.717328724e-03
2.745334990e-03
2.707296517e-03
2.692248672e-03
2.654627431e-03
2.802601783e-03
2.806781791e-03
2.798003843e-03
2.813887782e-03
2.795913722e-03
2.883276204e-03
2.867392264e-03
2.874916187e-03
2.834787825e-03
2.792987274e-03
2.837295877e-03
2.937617013e-03
2.929674229e-03
2.968966495e-03
3.055912443e-03
3.055076115e-03
3.075140296e-03
3.155815182e-03
3.102310933e-03
3.065108089e-03
3.119030502e-03
3.063436365e-03
3.009513719e-03
3.200541483e-03
3.193016862e-03
3.080574097e-03
3.124465002e-03
3.171281191e-03
3.165846691e-03
3.140348475e-03
3.162503242e-03
3.171698889e-03
3.172952915e-03
3.190509044e-03
3.257389413e-03
3.379446454e-03
3.316327929e-03
3.325941972e-03
3.311311360e-03
3.320090007e-03
3.268257249e-03
3.233145224e-03
3.197614802e-03
3.065943951e-03
3.021217883e-03
3.078066278e-03
3.085172269e-03
3.060092451e-03
2.996137831e-03
2.987359418e-03
3.171280492e-03
3.170444863e-03
3.123628208e-03
3.148708260e-03
3.285813145e-03
3.262405982e-03
3.179223044e-03
3.257388948e-03
3.195106750e-03
3.167518415e-03
3.133242484e-03
3.246521112e-03
3.216425190e-03
3.202630673e-03
3.215170698e-03
3.235652810e-03
3.315909533e-03
3.428770695e-03
1.538572833e-02
1.877504140e-01
8.637974262e-01
2.110553741e+00
3.608743191e+00
5.044352055e+00
6.291447639e+00
7.333471775e+00
8.196170807e+00
8.883645058e+00
9.398089409e+00
9.746153831e+00
9.950810432e+00
1.003712177e+01
1.002952957e+01
9.949484825e+00
9.816054344e+00
9.645487785e+00
9.449538231e+00
9.238385201e+00
9.019549370e+00
8.799690247e+00
8.600400925e+00
8.452455521e+00
8.357860565e+00
8.288784981e+00
8.223307610e+00
8.150999069e+00
8.069428444e+00
7.972269535e+00
7.859285355e+00
7.733199120e+00
7.594150543e+00
7.443978310e+00
7.286867142e+00
7.124847889e+00
6.958274841e+00
6.787963390e+00
6.618292809e+00
6.450224876e+00
6.285824299e+00
6.125437737e+00
5.970467091e+00
5.821650028e+00
5.682627678e+00
5.551653385e+00
5.426353455e+00
5.304398060e+00
5.185258389e+00
5.068424225e+00
4.952331066e+00
4.836379051e+00
4.721121311e+00
4.606876850e+00
4.494535446e+00
4.382428169e+00
4.272257805e+00
4.164063454e+00
4.058664322e+00
3.955474377e+00
3.855347157e+00
3.757217169e+00
3.661579609e+00
3.568961859e+00
3.478969574e+00
3.391536236e+00
3.306714058e+00
3.224098444e+00
3.143709183e+00
3.064860582e+00
2.988663197e+00
2.913911104e+00
2.841393948e+00
2.770672798e+00
2.701775789e+00
2.633279324e+00
2.565864801e+00
2.499397039e+00
2.435004234e+00
2.373011827e+00
2.312412739e+00
2.253471375e+00
2.196403503e+00
2.140729666e+00
2.086402416e+00
2.033160686e+00
1.981962919e+00
1.931814194e+00
1.883103013e+00
1.835361719e+00
1.789269328e+00
1.743765116e+00
1.700222254e+00
1.657488108e+00
1.615557909e+00
1.575101018e+00
1.535263300e+00
1.496425390e+00
1.458792806e+00
1.422232270e+00
1.386857271e+00
1.351865292e+00
1.318118453e+00
1.284830689e+00
1.252589703e+00
1.220771909e+00
1.190019846e+00
1.159829140e+00
1.131168008e+00
1.102951288e+00
1.075537205e+00
1.049151063e+00
1.023251295e+00
9.979437590e-01
9.734502435e-01
9.492411613e-01
9.259053469e-01
9.028469324e-01
8.811966777e-01
8.594995141e-01
8.388859034e-01
8.184091449e-01
7.987644076e-01
7.791603804e-01
7.606586218e-01
7.422289848e-01
7.241665125e-01
7.069267631e-01
6.898695827e-01
6.732170582e-01
6.571199298e-01
6.413399577e-01
6.263031363e-01
6.110933423e-01
5.968239903e-01
5.824880600e-01
5.687897801e-01
5.549399853e-01
5.419061184e-01
5.288142562e-01
5.165050030e-01
5.040926337e-01
4.919634461e-01
4.805973768e-01
4.689413607e-01
4.577173293e-01
4.470646679e-01
4.364462495e-01
4.263715446e-01
4.159431458e-01
4.064820111e-01
3.965757787e-01
3.875803649e-01
3.782683611e-01
3.696102798e-01
3.606040180e-01
3.526721597e-01
3.443490267e-01
3.360688388e-01
3.286533356e-01
3.209821284e-01
3.134362996e-01
3.062621057e-01
2.990660965e-01
2.923640311e-01
2.851046026e-01
2.790727913e-01
2.723110020e-01
2.663055062e-01
2.598848641e-01
2.542493641e-01
2.481432408e-01
2.430022657e-01
2.372589558e-01
2.313747704e-01
2.263000607e-01
2.208607048e-01
2.156617343e-01
2.108655870e-01
2.059870958e-01
2.015119344e-01
1.963219792e-01
1.921130866e-01
1.872379333e-01
1.831159890e-01
1.785146594e-01
1.745009571e-01
1.699049920e-01
1.662596166e-01
1.621468812e-01
1.579484642e-01
1.544836164e-01
1.506802440e-01
1.468805820e-01
1.433903277e-01
1.396997720e-01
1.364452243e-01
1.324972808e-01
1.295486689e-01
1.258950084e-01
1.227800250e-01
1.193645149e-01
1.166633442e-01
1.132595688e-01
1.106737778e-01
1.077393964e-01
1.046641618e-01
1.023496762e-01
9.953232855e-02
9.691689163e-02
9.444941580e-02
9.181474149e-02
8.963945508e-02
8.664488047e-02
8.467020839e-02
8.205597848e-02
8.007841557e-02
7.758087665e-02
7.551845908e-02
7.299293578e-02
7.119593024e-02
6.887938827e-02
6.651050597e-02
6.476070732e-02
6.259839237e-02
6.059285253e-02
5.888866633e-02
5.690358579e-02
5.524156615e-02
5.292579532e-02
5.145985633e-02
4.938407242e-02
4.779232666e-02
4.581223801e-02
4.419287667e-02
4.207443446e-02
4.077655077e-02
3.900713474e-02
3.714409471e-02
3.579643369e-02
3.418710083e-02
3.264008462e-02
3.118501604e-02
2.948746458e-02
2.816702798e-02
2.634577267e-02
2.530954033e-02
2.358026057e-02
2.240734361e-02
2.077797987e-02
1.960672438e-02
1.796146110e-02
1.698584482e-02
1.552659553e-02
1.399627980e-02
1.305410638e-02
1.152254269e-02
1.009800099e-02
8.987367153e-03
7.798570674e-03
6.853480823e-03
5.283042323e-03
4.583722912e-03
3.164593596e-03
2.318553859e-03
9.182409849e-04
1.976036147e-04
-1.243670820e-03
-1.984790200e-03
-3.237542463e-03
-4.625721835e-03
-5.366009194e-03
-6.410179194e-03
-7.568463217e-03
-8.580879308e-03
-9.635089897e-03
-1.031141542e-02
-1.178781129e-02
-1.242151018e-02
-1.364583801e-02
-1.424568705e-02
-1.531993970e-02
-1.603723504e-02
-1.732301712e-02
-1.784802228e-02
-1.872207597e-02
-1.976539567e-02
-2.031883597e-02
-2.128191665e-02
-2.225125954e-02
-2.303544246e-02
-2.395463176e-02
-2.462594584e-02
-2.583355084e-02
-2.617421933e-02
-2.723302133e-02
-2.788970806e-02
-2.889668569e-02
-2.935525402e-02
-3.048259392e-02
-3.087675944e-02
-3.166636080e-02
-3.266537562e-02
-3.315737098e-02
-3.396870941e-02
-3.483984619e-02
-3.547393903e-02
-3.628945723e-02
-3.671247512e-02
-3.788996860e-02
-3.820013255e-02
-3.915987536e-02
-3.973086178e-02
-4.072235152e-02
-4.107683152e-02
-4.206247628e-02
-4.242488369e-02
-4.331775382e-02
-4.415124655e-02
-4.441709071e-02
-4.513688758e-02
-4.581110552e-02
-4.627509788e-02
-4.705257714e-02
-4.737276584e-02
-4.836719483e-02
-4.873503000e-02
-4.963541776e-02
-4.996565357e-02
-5.081336200e-02
-5.119207501e-02
-5.197500437e-02
-5.224879831e-02
-5.292094871e-02
-5.370470136e-02
-5.392959714e-02
-5.461553112e-02
-5.516644195e-02
-5.552633479e-02
-5.630004033e-02
-5.663526058e-02
-5.750635639e-02
-5.759958550e-02
-5.843519047e-02
-5.869476870e-02
-5.945220217e-02
-5.982214585e-02
-6.066818163e-02
-6.092400476e-02
-6.156229228e-02
-6.231889129e-02
-6.252747774e-02
-6.313901395e-02
-6.376435608e-02
-6.410254538e-02
-6.467144936e-02
-6.501546502e-02
-6.586982310e-02
-6.596720964e-02
-6.668116897e-02
-6.689392030e-02
-6.755019724e-02
-6.771948189e-02
-6.849025190e-02
-6.863822043e-02
-6.919456273e-02
-6.987548620e-02
-7.002346218e-02
-7.056311518e-02
-7.113911957e-02
-7.147605717e-02
-7.199938595e-02
-7.214150578e-02
-7.298419625e-02
-7.300718874e-02
-7.377881557e-02
-7.387619466e-02
-7.449611276e-02
-7.471140474e-02
-7.545295358e-02
-7.539734989e-02
-7.590604573e-02
-7.664761692e-02
-7.672870904e-02
-7.721735537e-02
-7.766503841e-02
-7.810436934e-02
-7.858173549e-02
-7.873848826e-02
-7.952935994e-02
-7.963217795e-02
-8.034530282e-02
-8.042263240e-02
-8.110481501e-02
-8.130463213e-02
-8.206456155e-02
-8.211180568e-02
-8.256910741e-02
-8.313926309e-02
-8.329727501e-02
-8.370231092e-02
-8.408435434e-02
-8.426033705e-02
-8.482880145e-02
-8.500018716e-02
-8.570908755e-02
-8.567564934e-02
-8.635448664e-02
-8.633943647e-02
-8.696059138e-02
-8.703917265e-02
-8.768080920e-02
-8.765949309e-02
-8.803527057e-02
-8.857785165e-02
-8.867900074e-02
-8.915427327e-02
-8.951333165e-02
-8.971313387e-02
-9.009058774e-02
-9.023395926e-02
-9.100057930e-02
-9.089942276e-02
-9.139599651e-02
-9.148085117e-02
-9.210075438e-02
-9.223160148e-02
-9.283602238e-02
-9.295431525e-02
-9.332091361e-02
-9.387018532e-02
-9.389148653e-02
-9.434502572e-02
-9.474547207e-02
-9.486334771e-02
-9.531521052e-02
-9.548074007e-02
-9.618673474e-02
-9.605673701e-02
-9.664445370e-02
-9.672973305e-02
-9.726268798e-02
-9.728817642e-02
-9.780106694e-02
-9.782615304e-02
-9.812042117e-02
-9.858106822e-02
-9.863540530e-02
-9.896689653e-02
-9.937235713e-02
-9.956755489e-02
-9.998262674e-02
-9.997009486e-02
-1.006736010e-01
-1.006042138e-01
-1.012308002e-01
-1.013198346e-01
-1.018544510e-01
-1.018953994e-01
-1.025713235e-01
-1.026198044e-01
-1.029780433e-01
-1.034679264e-01
-1.034758687e-01
-1.039064303e-01
-1.042404100e-01
-1.043570489e-01
-1.046822369e-01
-1.047633290e-01
-1.054158360e-01
-1.052653566e-01
-1.058534831e-01
-1.059078276e-01
-1.064031646e-01
-1.064152941e-01
-1.069716364e-01
-1.069285870e-01
-1.073231846e-01
-1.077721193e-01
-1.076630205e-01
-1.080145538e-01
-1.084099859e-01
-1.085550264e-01
-1.090186164e-01
-1.090424433e-01
-1.096936837e-01
-1.095875204e-01
-1.101492941e-01
-1.101981923e-01
-1.106722206e-01
-1.106747314e-01
-1.111730039e-01
-1.111337245e-01
-1.115295738e-01
-1.119776890e-01
-1.119271070e-01
-1.122715399e-01
-1.125678867e-01
-1.126288921e-01
-1.129662246e-01
-1.129804403e-01
-1.136040986e-01
-1.134970859e-01
-1.140609458e-01
-1.140973121e-01
-1.145052835e-01
-1.144948378e-01
-1.151185036e-01
-1.151682436e-01
-1.154407933e-01
-1.158759668e-01
-1.156974733e-01
-1.159813032e-01
-1.163579002e-01
-1.164523736e-01
-1.167537495e-01
-1.166985631e-01
-1.172395051e-01
-1.170752198e-01
-1.175693125e-01
-1.175191477e-01
-1.179057807e-01
-1.178865656e-01
-1.184404045e-01
-1.183024794e-01
-1.185261086e-01
-1.189779192e-01
-1.190339401e-01
-1.193653867e-01
-1.195819229e-01
-1.196350083e-01
-1.199811026e-01
-1.199949235e-01
-1.205751076e-01
-1.205245256e-01
-1.210670844e-01
-1.210583150e-01
-1.214704886e-01
-1.214316189e-01
-1.219770908e-01
-1.217751950e-01
-1.219561771e-01
-1.223123372e-01
-1.222772300e-01
-1.225501895e-01
-1.228264868e-01
-1.228260621e-01
-1.229798943e-01
-1.229986995e-01
-1.236566454e-01
-1.233732179e-01
-1.238388866e-01
-1.238259375e-01
-1.241435930e-01
-1.241072342e-01
-1.245578527e-01
-1.244040430e-01
-1.246979013e-01
-1.251158863e-01
-1.250753403e-01
-1.252358556e-01
-1.254473627e-01
-1.255531013e-01
-1.257140338e-01
-1.255652308e-01
-1.262239814e-01
-1.260509342e-01
-1.264179349e-01
-1.264070570e-01
-1.267510653e-01
-1.266979873e-01
-1.270595640e-01
-1.269730330e-01
-1.271406710e-01
-1.274236590e-01
-1.273851991e-01
-1.276447475e-01
-1.278830469e-01
-1.279904544e-01
-1.282789111e-01
-1.282709688e-01
-1.288244277e-01
-1.286751777e-01
-1.291421205e-01
-1.290593445e-01
-1.296738237e-01
-1.295250207e-01
-1.301386654e-01
-1.299233884e-01
-1.301871538e-01
-1.304864436e-01
-1.304199845e-01
-1.305871755e-01
-1.307681799e-01
-1.308078915e-01
-1.311264038e-01
-1.311389506e-01
-1.316087842e-01
-1.312601715e-01
-1.316894889e-01
-1.316200942e-01
-1.319691241e-01
-1.318608671e-01
-1.322955787e-01
-1.321074963e-01
-1.323440522e-01
-1.326705068e-01
-1.324874312e-01
-1.327386647e-01
-1.328803748e-01
-1.328552961e-01
-1.330705434e-01
-1.330814213e-01
-1.335591823e-01
-1.332469434e-01
-1.337347776e-01
-1.335617155e-01
-1.338777244e-01
-1.337581724e-01
-1.342301071e-01
-1.340704262e-01
-1.343488097e-01
-1.346105039e-01
-1.344445348e-01
-1.346744597e-01
-1.349260956e-01
-1.349737495e-01
-1.351739764e-01
-1.350251585e-01
-1.355346888e-01
-1.353307366e-01
-1.356713772e-01
-1.355539411e-01
-1.359184086e-01
-1.357913613e-01
-1.361780167e-01
-1.358929276e-01
-1.360785514e-01
-1.364961118e-01
-1.363284886e-01
-1.364028901e-01
-1.366328150e-01
-1.365976930e-01
-1.367594898e-01
-1.366967708e-01
-1.372448057e-01
-1.369099617e-01
-1.372222155e-01
-1.370395571e-01
-1.373823136e-01
-1.371365339e-01
-1.375762820e-01
-1.372907907e-01
-1.374546289e-01
-1.378082633e-01
-1.376757771e-01
-1.378028244e-01
-1.379989088e-01
-1.379963905e-01
-1.381803006e-01
-1.379721165e-01
-1.384632885e-01
-1.382145733e-01
-1.386505663e-01
-1.384147853e-01
-1.387375146e-01
-1.385556757e-01
-1.388574988e-01
-1.385682225e-01
-1.386923641e-01
-1.389573961e-01
-1.387141049e-01
-1.390322149e-01
-1.391647011e-01
-1.391329467e-01
-1.393440217e-01
-1.392683834e-01
-1.397687495e-01
-1.394961923e-01
-1.398627907e-01
-1.396872252e-01
-1.399998814e-01
-1.398552656e-01
-1.403062791e-01
-1.400788873e-01
-1.401386708e-01
-1.403121203e-01
-1.400278956e-01
-1.401491165e-01
-1.403798461e-01
-1.402653158e-01
-1.404354721e-01
-1.402055472e-01
-1.407280564e-01
-1.404659450e-01
-1.408024579e-01
-1.406486332e-01
-1.408802122e-01
-1.407907605e-01
-1.412751675e-01
-1.410110444e-01
-1.411610842e-01
-1.413993239e-01
-1.411786377e-01
-1.414172947e-01
-1.416739672e-01
-1.415611058e-01
-1.417546421e-01
-1.416468024e-01
-1.420890540e-01
-1.417680085e-01
-1.420539469e-01
-1.418520361e-01
-1.422156990e-01
-1.420781910e-01
-1.424138397e-01
-1.420924067e-01
-1.422821730e-01
-1.424794495e-01
-1.421747506e-01
-1.423661858e-01
-1.424456090e-01
-1.423055679e-01
-1.425496787e-01
-1.423812360e-01
-1.427846402e-01
-1.424451917e-01
-1.428335458e-01
-1.427306831e-01
-1.429547668e-01
-1.427093744e-01
-1.430354416e-01
-1.427465677e-01
-1.429451406e-01
-1.432473660e-01
-1.429317743e-01
-1.430391967e-01
-1.432482004e-01
-1.431470364e-01
-1.432465315e-01
-1.431110799e-01
-1.434826851e-01
-1.431921870e-01
-1.435386986e-01
-1.433159113e-01
-1.434446573e-01
-1.431524754e-01
-1.435332596e-01
-1.433288753e-01
-1.435600221e-01
-1.436987966e-01
-1.435428858e-01
-1.437075734e-01
-1.437744498e-01
-1.436427683e-01
-1.438070536e-01
-1.436770409e-01
-1.441142857e-01
-1.437920034e-01
-1.440950781e-01
-1.438459307e-01
-1.441243291e-01
-1.440010071e-01
-1.441686153e-01
-1.438275427e-01
-1.439458281e-01
-1.443074048e-01
-1.439717412e-01
-1.440862715e-01
-1.442321688e-01
-1.440164745e-01
-1.442263424e-01
-1.440273374e-01
-1.444261223e-01
