6.558258086e-03
6.480393466e-03
6.534083281e-03
6.669532508e-03
6.617981009e-03
6.497457623e-03
6.444839295e-03
6.494612899e-03
6.466169376e-03
6.389021873e-03
6.311160978e-03
6.359158549e-03
6.165389903e-03
6.203435361e-03
6.282720715e-03
6.029935554e-03
6.062285509e-03
6.138732191e-03
6.145842373e-03
6.046288181e-03
6.129842717e-03
5.993315019e-03
5.856082775e-03
5.843640771e-03
5.857151467e-03
5.918653216e-03
5.898033734e-03
5.847550463e-03
5.840084050e-03
5.805600900e-03
5.769336130e-03
5.830484908e-03
5.702141207e-03
5.770047195e-03
5.589437205e-03
5.687206518e-03
5.631389096e-03
5.605435465e-03
5.577351898e-03
5.470336415e-03
5.498067010e-03
5.349453539e-03
5.334523041e-03
5.325280130e-03
5.440828390e-03
5.333813839e-03
5.458957516e-03
5.388208665e-03
5.287594162e-03
5.322081503e-03
5.297192372e-03
5.179868545e-03
5.111252889e-03
5.109119229e-03
5.024502054e-03
4.947707523e-03
4.949130584e-03
5.102719180e-03
4.907533526e-03
4.942375235e-03
4.879447166e-03
4.840340000e-03
4.730837420e-03
4.865582567e-03
4.894024227e-03
4.828252364e-03
4.710576497e-03
4.785943776e-03
4.827896599e-03
4.879448563e-03
4.767100792e-03
4.877670202e-03
4.854205064e-03
4.825051408e-03
4.734039307e-03
4.734041635e-03
4.774572793e-03
4.737241659e-03
4.774925765e-03
4.941309802e-03
4.986105487e-03
5.034456495e-03
4.997481126e-03
5.070720799e-03
5.130805075e-03
5.073565524e-03
5.056143738e-03
5.066099111e-03
5.036589224e-03
5.049743690e-03
5.009570625e-03
4.981839564e-03
4.992503673e-03
5.047256127e-03
5.120849703e-03
5.047612358e-03
5.105562508e-03
5.183422472e-03
5.065388046e-03
5.029479507e-03
5.006015766e-03
4.997127224e-03
4.963352811e-03
4.921044689e-03
4.811187740e-03
4.710572772e-03
4.719104618e-03
4.798743874e-03
4.671820905e-03
4.656533245e-03
4.621692467e-03
4.638401791e-03
4.513611086e-03
4.586849827e-03
4.520722199e-03
4.613869358e-03
4.637688864e-03
4.571917001e-03
4.522498231e-03
4.442507867e-03
4.451040179e-03
4.426863045e-03
4.309899639e-03
4.276836291e-03
4.428288899e-03
4.383493215e-03
4.199687392e-03
4.312032834e-03
4.241636954e-03
4.143156111e-03
4.110803828e-03
4.129646812e-03
4.006275907e-03
4.010187462e-03
3.977479413e-03
3.902107012e-03
3.917751834e-03
3.902463475e-03
3.947969526e-03
3.886466846e-03
3.843093058e-03
3.808251582e-03
3.856958821e-03
3.897842253e-03
3.934461623e-03
4.012319725e-03
3.931615967e-03
3.840959398e-03
3.961836454e-03
4.029385746e-03
3.911352251e-03
3.799007973e-03
3.806473222e-03
3.714747261e-03
3.990989644e-03
3.943350166e-03
3.805406857e-03
3.623374272e-03
3.816072363e-03
3.854824929e-03
3.794385353e-03
3.765230067e-03
3.754209494e-03
3.805048997e-03
3.722209949e-03
3.727899166e-03
3.721854649e-03
3.527025227e-03
3.665324999e-03
3.717944957e-03
3.793315263e-03
3.705501556e-03
3.716166131e-03
3.833136521e-03
3.923442215e-03
3.925575875e-03
3.880776931e-03
3.784784814e-03
3.785140114e-03
3.821050515e-03
3.988503013e-03
4.032589030e-03
3.838824108e-03
3.842380596e-03
3.809316084e-03
3.875446273e-03
4.004502669e-03
4.186176229e-03
4.249813501e-03
4.147778265e-03
4.105827305e-03
4.133912735e-03
4.263680428e-03
4.272568971e-03
4.243770149e-03
4.198974930e-03
4.091604613e-03
4.019787069e-03
4.006988835e-03
4.149558488e-03
4.041830078e-03
3.899263684e-03
3.819983220e-03
3.935885616e-03
3.884688951e-03
3.824604210e-03
3.888600040e-03
3.954724409e-03
3.893936286e-03
3.905666061e-03
3.808609908e-03
3.790121060e-03
3.802562598e-03
3.901754972e-03
3.869046690e-03
3.788699629e-03
3.666037461e-03
3.761320142e-03
3.698392306e-03
3.603818128e-03
3.695902415e-03
3.637948539e-03
3.636528738e-03
3.469073679e-03
3.526666202e-03
3.488274058e-03
3.384460229e-03
3.394771134e-03
3.340374446e-03
3.330065403e-03
3.318332369e-03
3.433880629e-03
3.334686626e-03
3.314421745e-03
3.434236161e-03
3.281712532e-03
3.248648951e-03
3.193189856e-03
3.235141048e-03
3.183590481e-03
3.032847308e-03
3.070535371e-03
2.922629938e-03
2.954628551e-03
2.954983385e-03
2.983426210e-03
2.959604608e-03
2.937206998e-03
3.058801405e-03
3.251851071e-03
1.628368534e-02
1.567783803e-01
6.498002410e-01
1.562217832e+00
2.717361689e+00
3.898349524e+00
5.008168221e+00
5.997068405e+00
6.868075848e+00
7.617331982e+00
8.246335983e+00
8.753777504e+00
9.150000572e+00
9.445564270e+00
9.655386925e+00
9.792048454e+00
9.868121147e+00
9.896586418e+00
9.887966156e+00
9.849022865e+00
9.786638260e+00
9.711896896e+00
9.652055740e+00
9.623772621e+00
9.622160912e+00
9.626080513e+00
9.622678757e+00
9.606569290e+00
9.577231407e+00
9.531311989e+00
9.468463898e+00
9.391132355e+00
9.301098824e+00
9.198774338e+00
9.085166931e+00
8.963238716e+00
8.835684776e+00
8.702950478e+00
8.567377090e+00
8.430361748e+00
8.292375565e+00
8.154247284e+00
8.018924713e+00
7.888701916e+00
7.763578415e+00
7.642469406e+00
7.523572445e+00
7.405103207e+00
7.287259102e+00
7.170162201e+00
7.052812576e+00
6.935304165e+00
6.818437099e+00
6.701233387e+00
6.584874153e+00
6.468642712e+00
6.353451252e+00
6.238878727e+00
6.126258373e+00
6.014499187e+00
5.903939247e+00
5.795221329e+00
5.688200474e+00
5.583048344e+00
5.479759693e+00
5.378407478e+00
5.278915405e+00
5.180376053e+00
5.083797455e+00
4.988315582e+00
4.894335270e+00
4.801300049e+00
4.709915638e+00
4.619805813e+00
4.531476498e+00
4.444283485e+00
4.358203888e+00
4.273733139e+00
4.190766811e+00
4.109456062e+00
4.029395103e+00
3.951167583e+00
3.874620914e+00
3.799581289e+00
3.726275682e+00
3.654105902e+00
3.583973646e+00
3.514770508e+00
3.447553396e+00
3.381228924e+00
3.316612482e+00
3.253205776e+00
3.191362143e+00
3.130874634e+00
3.071395874e+00
3.013373613e+00
2.956393480e+00
2.900556326e+00
2.845682621e+00
2.791824341e+00
2.739630699e+00
2.688080788e+00
2.637695789e+00
2.588171005e+00
2.539835215e+00
2.492024660e+00
2.445662737e+00
2.399883747e+00
2.354955435e+00
2.310692787e+00
2.267593861e+00
2.225304604e+00
2.183525085e+00
2.142679691e+00
2.102985859e+00
2.063487053e+00
2.025008440e+00
1.986888289e+00
1.949992418e+00
1.913389564e+00
1.878000140e+00
1.842983842e+00
1.809058189e+00
1.775581121e+00
1.742800832e+00
1.710789442e+00
1.679471135e+00
1.648811221e+00
1.618542790e+00
1.589223266e+00
1.560672522e+00
1.532314062e+00
1.504707813e+00
1.477451086e+00
1.450842023e+00
1.424478769e+00
1.399112701e+00
1.373587728e+00
1.349054337e+00
1.324995995e+00
1.301198483e+00
1.277811050e+00
1.255053878e+00
1.233287573e+00
1.211706996e+00
1.190547466e+00
1.170428514e+00
1.150163770e+00
1.131006360e+00
1.111877084e+00
1.093836069e+00
1.076150417e+00
1.059498787e+00
1.042690039e+00
1.026970625e+00
1.011416674e+00
9.960580468e-01
9.812403917e-01
9.665589929e-01
9.522871971e-01
9.379866719e-01
9.238616228e-01
9.105684757e-01
8.971737027e-01
8.844298124e-01
8.712987900e-01
8.591889739e-01
8.465751410e-01
8.347954750e-01
8.227793574e-01
8.113438487e-01
7.998622656e-01
7.886802554e-01
7.774227262e-01
7.664431334e-01
7.559928298e-01
7.453479767e-01
7.347216606e-01
7.244250178e-01
7.138083577e-01
7.041006088e-01
6.939215064e-01
6.846689582e-01
6.747136712e-01
6.655634642e-01
6.560310125e-01
6.473677754e-01
6.382843852e-01
6.298854947e-01
6.212698221e-01
6.126161814e-01
6.045697331e-01
5.962842107e-01
5.882816911e-01
5.804948211e-01
5.724139214e-01
5.648902059e-01
5.569436550e-01
5.497545600e-01
5.418441296e-01
5.347551703e-01
5.272096395e-01
5.202007294e-01
5.127155185e-01
5.057411790e-01
4.987679422e-01
4.917178452e-01
4.852104783e-01
4.781596661e-01
4.712014794e-01
4.649415314e-01
4.580873549e-01
4.518273473e-01
4.447996914e-01
4.389571548e-01
4.324260354e-01
4.264619946e-01
4.199012816e-01
4.141101241e-01
4.078103602e-01
4.021886885e-01
3.963115513e-01
3.900233507e-01
3.844965398e-01
3.789196610e-01
3.733652830e-01
3.680940568e-01
3.624888062e-01
3.576760590e-01
3.521100581e-01
3.477452993e-01
3.427558541e-01
3.384990990e-01
3.336666524e-01
3.298440576e-01
3.255872428e-01
3.218331039e-01
3.179507554e-01
3.139837980e-01
3.106308281e-01
3.069171906e-01
3.034508526e-01
3.003049195e-01
2.967881262e-01
2.940481305e-01
2.902811766e-01
2.876500189e-01
2.844423950e-01
2.819065750e-01
2.787406445e-01
2.764596343e-01
2.733108103e-01
2.709368765e-01
2.681925297e-01
2.654352486e-01
2.632154226e-01
2.605155110e-01
2.579811513e-01
2.559083402e-01
2.532500923e-01
2.515279353e-01
2.486453205e-01
2.469338328e-01
2.443497628e-01
2.424359918e-01
2.397756130e-01
2.379577458e-01
2.355842441e-01
2.339296639e-01
2.320230901e-01
2.298433036e-01
2.280602902e-01
2.260472476e-01
2.241828740e-01
2.225057632e-01
2.202776670e-01
2.188153416e-01
2.166168541e-01
2.151672989e-01
2.130593807e-01
2.116649449e-01
2.095842361e-01
2.082916200e-01
2.062876225e-01
2.049749196e-01
2.032292336e-01
2.013182342e-01
1.998634189e-01
1.978821158e-01
1.960932314e-01
1.947706342e-01
1.927236468e-01
1.914899647e-01
1.893954277e-01
1.881624013e-01
1.861594021e-01
1.849968284e-01
1.830592155e-01
1.820278615e-01
1.803096533e-01
1.790731251e-01
1.774511933e-01
1.758723408e-01
1.749646813e-01
1.732802093e-01
1.716323495e-01
1.704612374e-01
1.688952148e-01
1.679132432e-01
1.661512852e-01
1.652777046e-01
1.634235680e-01
1.624224186e-01
1.606761217e-01
1.598238796e-01
1.582915038e-01
1.573863477e-01
1.559479237e-01
1.543202847e-01
1.531677097e-01
1.517907530e-01
1.504297853e-01
1.493944824e-01
1.479994804e-01
1.472019702e-01
1.453209072e-01
1.445454806e-01
1.429502070e-01
1.420190483e-01
1.402424276e-01
1.393526047e-01
1.378262937e-01
1.367564946e-01
1.353696138e-01
1.337758005e-01
1.327255517e-01
1.313589513e-01
1.298906952e-01
1.287540495e-01
1.271935701e-01
1.264014244e-01
1.247026771e-01
1.239468530e-01
1.222983375e-01
1.214923635e-01
1.198384017e-01
1.189783886e-01
1.173692942e-01
1.161690131e-01
1.149257571e-01
1.135964468e-01
1.125782654e-01
1.112745926e-01
1.100096256e-01
1.088705361e-01
1.074704975e-01
1.068984121e-01
1.052950472e-01
1.043146253e-01
1.029895991e-01
1.022717878e-01
1.007906869e-01
9.998217970e-02
9.870045632e-02
9.774193168e-02
9.663773328e-02
9.541892260e-02
9.466952085e-02
9.342721850e-02
9.216227382e-02
9.137620032e-02
9.013930708e-02
8.958148956e-02
8.808757365e-02
8.748425543e-02
8.588966727e-02
8.523871750e-02
8.397659659e-02
8.356846869e-02
8.219476789e-02
8.137740940e-02
8.036240935e-02
7.910349220e-02
7.818587869e-02
7.706277817e-02
7.596137375e-02
7.516711950e-02
7.370053232e-02
7.301759720e-02
7.159369439e-02
7.110413164e-02
6.971968710e-02
6.906449050e-02
6.778245419e-02
6.722962111e-02
6.617054343e-02
6.541108340e-02
6.443196535e-02
6.312221289e-02
6.240049377e-02
6.150702387e-02
6.059154496e-02
5.981184915e-02
5.857038498e-02
5.805520341e-02
5.655594915e-02
5.617519096e-02
5.488993600e-02
5.440253392e-02
5.319804326e-02
5.268893763e-02
5.142964423e-02
5.067129061e-02
4.977357760e-02
4.867609963e-02
4.812823236e-02
4.717433080e-02
4.599504173e-02
4.524453729e-02
4.437845945e-02
4.378899187e-02
4.255033657e-02
4.210201278e-02
4.090920836e-02
4.038123786e-02
3.920303658e-02
3.888946399e-02
3.790143505e-02
3.722486645e-02
3.644732386e-02
3.534485027e-02
3.474969044e-02
3.399027884e-02
3.305523470e-02
3.243947029e-02
3.147280961e-02
3.113683872e-02
2.971333079e-02
2.954553999e-02
2.835523151e-02
2.785037830e-02
2.657863684e-02
2.622773871e-02
2.512491122e-02
2.458199300e-02
2.380981110e-02
2.278623730e-02
2.228210680e-02
2.131435834e-02
2.066730708e-02
2.028369717e-02
1.921427064e-02
1.899811253e-02
1.772959530e-02
1.746188849e-02
1.655707322e-02
1.621042378e-02
1.508057676e-02
1.466887724e-02
1.375053823e-02
1.311664563e-02
1.245643478e-02
1.148798782e-02
1.099238358e-02
1.003175508e-02
9.093514644e-03
8.577289991e-03
7.668203674e-03
7.348234300e-03
5.941062234e-03
5.691836588e-03
4.705601837e-03
4.232393578e-03
3.083325922e-03
2.708954504e-03
1.716681174e-03
1.241698745e-03
7.236978272e-04
-4.104006803e-05
-4.822486662e-04
-1.102286973e-03
-1.852449030e-03
-2.328497125e-03
-3.109586891e-03
-3.229399445e-03
-4.395169672e-03
-4.695944022e-03
-5.504413508e-03
-5.753281992e-03
-6.852221675e-03
-7.134506945e-03
-7.965735160e-03
-8.362139575e-03
-9.034795687e-03
-9.751535952e-03
-9.958799928e-03
-1.076193899e-02
-1.137557905e-02
-1.154871844e-02
-1.215986442e-02
-1.227505505e-02
-1.322111953e-02
-1.327622682e-02
-1.415012218e-02
-1.429696102e-02
-1.517652255e-02
-1.546272356e-02
-1.625662483e-02
-1.645109057e-02
-1.699503325e-02
-1.783904992e-02
-1.810215041e-02
-1.868734509e-02
-1.923521236e-02
-1.972370967e-02
-2.053538524e-02
-2.063991129e-02
-2.161404677e-02
-2.190948650e-02
-2.290531807e-02
-2.300203219e-02
-2.396517619e-02
-2.415787801e-02
-2.500614896e-02
-2.534247562e-02
-2.597603016e-02
-2.665506490e-02
-2.712753601e-02
-2.776430175e-02
-2.827091515e-02
-2.864706330e-02
-2.958530374e-02
-2.950781025e-02
-3.059573285e-02
-3.056977876e-02
-3.154072911e-02
-3.173626214e-02
-3.243952245e-02
-3.251134232e-02
-3.337704763e-02
-3.354344517e-02
-3.389682993e-02
-3.466263413e-02
-3.485568613e-02
-3.538646549e-02
-3.597950190e-02
-3.622161970e-02
-3.685124964e-02
-3.688147292e-02
-3.772477433e-02
-3.766682744e-02
-3.850797564e-02
-3.855881840e-02
-3.948602825e-02
-3.956709430e-02
-4.022304341e-02
-4.038126022e-02
-4.080042243e-02
-4.148373008e-02
-4.175641388e-02
-4.223139212e-02
-4.276113212e-02
-4.307613149e-02
-4.382983968e-02
-4.403426498e-02
-4.505248740e-02
-4.513745755e-02
-4.582041875e-02
-4.579873383e-02
-4.646394402e-02
-4.641346633e-02
-4.717426375e-02
-4.729514569e-02
-4.761049524e-02
-4.825291038e-02
-4.858782887e-02
-4.890033603e-02
-4.942864925e-02
-4.956803843e-02
-5.021578446e-02
-5.013256893e-02
-5.113553628e-02
-5.122690648e-02
-5.208050087e-02
-5.212528259e-02
-5.296932533e-02
-5.301840231e-02
-5.382689089e-02
-5.414080992e-02
-5.453403667e-02
-5.513951927e-02
-5.545699224e-02
-5.612787232e-02
-5.670419335e-02
-5.696158111e-02
-5.759872124e-02
-5.769897625e-02
-5.857814103e-02
-5.851416662e-02
-5.945524573e-02
-5.958820507e-02
-6.027755886e-02
-6.043185294e-02
-6.119479239e-02
-6.128937379e-02
-6.174977869e-02
-6.234528869e-02
-6.239150837e-02
-6.271541864e-02
-6.323661655e-02
-6.344353408e-02
-6.419153512e-02
-6.403368711e-02
-6.483216584e-02
-6.453924626e-02
-6.533912569e-02
-6.554426253e-02
-6.630013138e-02
-6.622441858e-02
-6.681139767e-02
-6.695860624e-02
-6.745776534e-02
-6.784636527e-02
-6.792600453e-02
-6.850586087e-02
-6.880734861e-02
-6.885960698e-02
-6.941955537e-02
-6.959164143e-02
-7.040827721e-02
-7.022340596e-02
-7.093656808e-02
-7.101230323e-02
-7.176637650e-02
-7.172514498e-02
-7.227727026e-02
-7.233805209e-02
-7.253893465e-02
-7.308860123e-02
-7.312023640e-02
-7.334032655e-02
-7.350279391e-02
-7.375837862e-02
-7.432900369e-02
-7.412707061e-02
-7.479013503e-02
-7.447833568e-02
-7.498387992e-02
-7.503330708e-02
-7.573616505e-02
-7.574398816e-02
-7.621116191e-02
-7.611020654e-02
-7.655959576e-02
-7.714975625e-02
-7.715864480e-02
-7.741995901e-02
-7.776018977e-02
-7.793937624e-02
-7.860492915e-02
-7.829456031e-02
-7.902444899e-02
-7.876028866e-02
-7.960613072e-02
-7.953892648e-02
-8.024609089e-02
-7.993001491e-02
-8.045583963e-02
-8.045370132e-02
-8.068515360e-02
-8.121950924e-02
-8.117187023e-02
-8.159321547e-02
-8.178519458e-02
-8.171373606e-02
-8.211797476e-02
-8.204507828e-02
-8.267118037e-02
-8.245537430e-02
-8.303630352e-02
-8.285747468e-02
-8.330829442e-02
-8.323114365e-02
-8.391980082e-02
-8.386755735e-02
-8.404316753e-02
-8.456862718e-02
-8.438128233e-02
-8.476772159e-02
-8.508165181e-02
-8.520501852e-02
-8.558685333e-02
-8.542686701e-02
-8.619337529e-02
-8.595445752e-02
-8.642444760e-02
-8.649626374e-02
-8.717674017e-02
-8.702315390e-02
-8.740711212e-02
-8.759234846e-02
-8.768904954e-02
-8.804955333e-02
-8.799834549e-02
-8.838268369e-02
-8.865966648e-02
-8.853912354e-02
-8.889964223e-02
-8.882959187e-02
-8.939170092e-02
-8.893128484e-02
-8.954244107e-02
-8.952893317e-02
-9.016993642e-02
-8.996657282e-02
-9.042093158e-02
-9.033454210e-02
-9.062536806e-02
-9.116645902e-02
-9.117001295e-02
-9.170970321e-02
-9.197919071e-02
-9.207908809e-02
-9.263014793e-02
-9.234715998e-02
-9.307704866e-02
-9.295617044e-02
-9.347350150e-02
-9.340984374e-02
-9.414859861e-02
-9.397190809e-02
-9.437471628e-02
-9.419552982e-02
-9.442982823e-02
-9.476719052e-02
-9.466946870e-02
-9.497693926e-02
-9.539861232e-02
-9.525427222e-02
-9.555644542e-02
-9.537727386e-02
-9.608655423e-02
-9.592972696e-02
-9.636741877e-02
-9.624972194e-02
-9.690675139e-02
-9.673468024e-02
-9.730887413e-02
-9.727721661e-02
-9.737677872e-02
-9.789763391e-02
-9.764518589e-02
-9.799040109e-02
-9.845221043e-02
-9.853291512e-02
-9.891941398e-02
-9.853362292e-02
-9.912664443e-02
-9.883406758e-02
-9.945870936e-02
-9.933675826e-02
-9.983406961e-02
-9.948109835e-02
-9.996028244e-02
-9.992333502e-02
-1.001544297e-01
-1.004441530e-01
-1.003211662e-01
-1.005604193e-01
-1.008593664e-01
-1.009187847e-01
-1.011986285e-01
-1.009155661e-01
-1.015811563e-01
