6.725027450e-02
6.665886771e-02
6.622270755e-02
6.566295299e-02
6.508209694e-02
6.460203816e-02
6.427816805e-02
6.390493553e-02
6.325832575e-02
6.273323791e-02
6.237281701e-02
6.204122225e-02
6.160732297e-02
6.095374216e-02
6.044448043e-02
6.003526235e-02
5.964846460e-02
5.926468135e-02
5.866912962e-02
5.815854905e-02
5.781640355e-02
5.744128697e-02
5.688473531e-02
5.632724162e-02
5.580780596e-02
5.546264596e-02
5.500576113e-02
5.473841286e-02
5.429151355e-02
5.376473006e-02
5.340449757e-02
5.307064193e-02
5.267423547e-02
5.218381435e-02
5.148482767e-02
5.105450811e-02
5.098705872e-02
5.077736271e-02
5.031915904e-02
4.990768009e-02
4.955347659e-02
4.921491081e-02
4.890253347e-02
4.868888094e-02
4.823877873e-02
4.761100956e-02
4.719689292e-02
4.694499394e-02
4.670986311e-02
4.656535562e-02
4.630592040e-02
4.591045597e-02
4.561428156e-02
4.527383171e-02
4.484991795e-02
4.451398985e-02
4.398136577e-02
4.350564033e-02
4.320381373e-02
4.274447963e-02
4.239423266e-02
4.207733357e-02
4.158314434e-02
4.131937578e-02
4.100511438e-02
4.084873730e-02
4.055199767e-02
4.039109885e-02
4.024791021e-02
4.005083741e-02
3.952254667e-02
3.909128507e-02
3.864174808e-02
3.830713882e-02
3.810403703e-02
3.792505122e-02
3.756802164e-02
3.732780384e-02
3.731649947e-02
3.700638301e-02
3.674487532e-02
3.641629506e-02
3.596091748e-02
3.568546774e-02
3.547916305e-02
3.527474241e-02
3.495727811e-02
3.462681379e-02
3.435607420e-02
3.389353719e-02
3.374413114e-02
3.350052204e-02
3.308433293e-02
3.260125965e-02
3.232392585e-02
3.211102694e-02
3.209124430e-02
3.178828727e-02
3.139489530e-02
3.103145991e-02
3.053614023e-02
3.031250218e-02
3.010318298e-02
2.993342908e-02
2.975482008e-02
2.970225477e-02
2.962180536e-02
2.941135573e-02
2.922276121e-02
2.904886237e-02
2.889945632e-02
2.889964473e-02
2.858877464e-02
2.836099165e-02
2.829957125e-02
2.817974496e-02
2.814733911e-02
2.815902029e-02
2.779143996e-02
2.753332359e-02
2.751523660e-02
2.720380129e-02
2.719080127e-02
2.690913413e-02
2.674559762e-02
2.657565531e-02
2.641456808e-02
2.615324880e-02
2.599517607e-02
2.558332030e-02
2.552189991e-02
2.545011718e-02
2.551059554e-02
2.546123314e-02
2.511965286e-02
2.472324639e-02
2.454124609e-02
2.463507233e-02
2.485042052e-02
2.455575336e-02
2.426617316e-02
2.421831801e-02
2.441840530e-02
2.451599967e-02
2.464373901e-02
2.455763742e-02
2.431685440e-02
2.423207165e-02
2.417517301e-02
2.410282506e-02
2.366911418e-02
2.348165010e-02
2.333243246e-02
2.335673685e-02
2.303588123e-02
2.290814189e-02
2.275327206e-02
2.264814145e-02
2.259350368e-02
2.264286608e-02
2.242751789e-02
2.210440140e-02
2.194538664e-02
2.181180671e-02
2.172608193e-02
2.156235701e-02
2.138280599e-02
2.116783461e-02
2.115521140e-02
2.109341420e-02
2.109529826e-02
2.105497935e-02
2.101428363e-02
2.105667500e-02
2.094928352e-02
2.077368902e-02
2.049221028e-02
2.024558668e-02
2.001705006e-02
1.999877467e-02
1.974970179e-02
1.953849853e-02
1.957448410e-02
1.966736832e-02
1.966661469e-02
1.957599135e-02
1.936403447e-02
1.943996214e-02
1.941000556e-02
1.941904906e-02
1.929093290e-02
1.904016436e-02
1.886513508e-02
1.901755563e-02
1.885722203e-02
1.854183019e-02
1.848606198e-02
1.815710490e-02
1.766461132e-02
1.760111846e-02
1.740216161e-02
1.691136368e-02
1.710203067e-02
1.720000184e-02
1.698785656e-02
1.691324774e-02
1.660200084e-02
1.647030496e-02
1.654830510e-02
1.663271103e-02
1.669827636e-02
1.655716018e-02
1.624289878e-02
1.614794210e-02
1.625759446e-02
1.632240616e-02
1.630902933e-02
1.632184095e-02
1.647143540e-02
1.642772518e-02
1.630168149e-02
1.623517413e-02
1.608765215e-02
1.585553581e-02
1.557839042e-02
1.541485391e-02
1.504482430e-02
1.483569352e-02
1.488618636e-02
1.476466441e-02
1.473244697e-02
1.457531627e-02
1.443589574e-02
1.483456308e-02
1.497172273e-02
1.492254874e-02
1.490992553e-02
1.497134592e-02
1.528504210e-02
1.565752099e-02
1.586589815e-02
1.591582577e-02
1.592524608e-02
1.601605782e-02
1.621765237e-02
1.646992815e-02
1.666455167e-02
1.659107328e-02
1.645466726e-02
1.638910193e-02
1.662347914e-02
3.061998096e-02
2.415700172e-01
1.197593887e+00
3.333171917e+00
6.393525344e+00
9.603304036e+00
1.229147230e+01
1.424679410e+01
1.553701971e+01
1.627285071e+01
1.653000000e+01
1.639238535e+01
1.597304025e+01
1.538931044e+01
1.474068584e+01
1.408863282e+01
1.346952430e+01
1.290452582e+01
1.240020448e+01
1.196133505e+01
1.157949144e+01
1.125131738e+01
1.096572818e+01
1.071480911e+01
1.048951402e+01
1.028556252e+01
1.009382011e+01
9.915943635e+00
9.760284764e+00
9.649639317e+00
9.540532018e+00
9.356652925e+00
9.126525973e+00
8.918720435e+00
8.752547372e+00
8.608014636e+00
8.461339346e+00
8.309852163e+00
8.155227454e+00
8.001700022e+00
7.849324693e+00
7.699254889e+00
7.547935765e+00
7.398861876e+00
7.251411860e+00
7.105046121e+00
6.961855402e+00
6.821563687e+00
6.683718803e+00
6.548284575e+00
6.415848265e+00
6.287016164e+00
6.160055124e+00
6.037292715e+00
5.917497136e+00
5.792689390e+00
5.668768848e+00
5.556044716e+00
5.450096987e+00
5.346790900e+00
5.242580841e+00
5.137390316e+00
5.034988578e+00
4.935171396e+00
4.837392391e+00
4.740247937e+00
4.644794241e+00
4.551866504e+00
4.458893928e+00
4.368548674e+00
4.279115683e+00
4.191689405e+00
4.105724406e+00
4.022899571e+00
3.939658923e+00
3.859885514e+00
3.782587760e+00
3.705532297e+00
3.631375462e+00
3.558997746e+00
3.485890522e+00
3.415147794e+00
3.349675916e+00
3.288280957e+00
3.226706071e+00
3.166761086e+00
3.106943464e+00
3.049258975e+00
2.992921025e+00
2.938996934e+00
2.884033219e+00
2.831616377e+00
2.780240290e+00
2.728555406e+00
2.678054843e+00
2.628351426e+00
2.579611141e+00
2.531511249e+00
2.484402372e+00
2.438842382e+00
2.392941189e+00
2.348699100e+00
2.305438796e+00
2.263520508e+00
2.222775613e+00
2.183759721e+00
2.143840045e+00
2.106249257e+00
2.070372400e+00
2.034407934e+00
2.000130644e+00
1.966695907e+00
1.934228069e+00
1.902492567e+00
1.871790283e+00
1.842138740e+00
1.812073458e+00
1.783006539e+00
1.754177389e+00
1.725679646e+00
1.697235786e+00
1.670330451e+00
1.642360433e+00
1.615831157e+00
1.590214519e+00
1.564013069e+00
1.539131969e+00
1.515025972e+00
1.491633658e+00
1.468591025e+00
1.447131380e+00
1.426595679e+00
1.405734977e+00
1.385672740e+00
1.366108838e+00
1.347430821e+00
1.329578399e+00
1.313132618e+00
1.295778719e+00
1.279737634e+00
1.264175666e+00
1.247783392e+00
1.232170743e+00
1.216762514e+00
1.201538546e+00
1.186040259e+00
1.170753552e+00
1.155994382e+00
1.140449182e+00
1.125623128e+00
1.110959857e+00
1.096537181e+00
1.082156707e+00
1.069050613e+00
1.054548241e+00
1.042087249e+00
1.030707519e+00
1.018257267e+00
1.006331725e+00
9.944936034e-01
9.833279034e-01
9.724819287e-01
9.622576941e-01
9.528534029e-01
9.424368056e-01
9.329560216e-01
9.235813101e-01
9.144343817e-01
9.049225106e-01
8.962249307e-01
8.860029570e-01
8.771115073e-01
8.682991881e-01
8.583547366e-01
8.490855326e-01
8.399107200e-01
8.310454587e-01
8.218058345e-01
8.130366603e-01
8.049041104e-01
7.966097196e-01
7.897837661e-01
7.828815081e-01
7.758518875e-01
7.686739914e-01
7.629592571e-01
7.560421151e-01
7.505054246e-01
7.452978796e-01
7.393197536e-01
7.340168751e-01
7.285811703e-01
7.234052775e-01
7.175920069e-01
7.118086928e-01
7.066269594e-01
7.004334852e-01
6.950586356e-01
6.889706688e-01
6.829292384e-01
6.767112714e-01
6.713929436e-01
6.644170188e-01
6.587784006e-01
6.536599717e-01
6.476394543e-01
6.429366493e-01
6.383832504e-01
6.338701703e-01
6.286451035e-01
6.239357043e-01
6.203286692e-01
6.159271256e-01
6.123743515e-01
6.086180988e-01
6.050172811e-01
6.015443912e-01
5.988401983e-01
5.942698428e-01
5.908862574e-01
5.877325274e-01
5.834400709e-01
5.796005427e-01
5.755963476e-01
5.715507031e-01
5.668917967e-01
5.624439051e-01
5.587826091e-01
5.539703401e-01
5.500177683e-01
5.457469785e-01
5.424915092e-01
5.392669386e-01
5.369781811e-01
5.326885507e-01
5.297431979e-01
5.273314113e-01
5.242225220e-01
5.220816633e-01
5.201423991e-01
5.181863669e-01
5.160027400e-01
5.138743161e-01
5.124605167e-01
5.096600482e-01
5.076629434e-01
5.052667944e-01
5.027423409e-01
4.998239302e-01
4.978841008e-01
4.938335578e-01
4.910374226e-01
4.884916792e-01
4.845884697e-01
4.812811888e-01
4.780726327e-01
4.749445260e-01
4.719343615e-01
4.694406182e-01
4.674994700e-01
4.641771165e-01
4.618619822e-01
4.596898481e-01
4.579757293e-01
4.564507702e-01
4.559377404e-01
4.536593452e-01
4.526525029e-01
4.519137626e-01
4.497698894e-01
4.482814811e-01
4.466845509e-01
4.448044462e-01
4.422602101e-01
4.400626412e-01
4.383240295e-01
4.351433575e-01
4.328464986e-01
4.297325223e-01
4.269243292e-01
4.241253680e-01
4.224398869e-01
4.197908969e-01
4.185875470e-01
4.173248493e-01
4.146609752e-01
4.127284937e-01
4.114115350e-01
4.103916927e-01
4.089483134e-01
4.079546596e-01
4.073694702e-01
4.057861052e-01
4.048301326e-01
4.033402170e-01
4.020477511e-01
4.005020673e-01
3.999311968e-01
3.973782940e-01
3.959899293e-01
3.946946373e-01
3.921703721e-01
3.905378332e-01
3.884615978e-01
3.863672754e-01
3.839735757e-01
3.820052971e-01
3.812578900e-01
3.795074088e-01
3.785602913e-01
3.769669408e-01
3.754600687e-01
3.738793414e-01
3.735639495e-01
3.716324100e-01
3.712689746e-01
3.712974240e-01
3.702184222e-01
3.697564504e-01
3.690764927e-01
3.683976655e-01
3.674445189e-01
3.664314593e-01
3.657445306e-01
3.638024403e-01
3.625414382e-01
3.608139426e-01
3.592948241e-01
3.575516907e-01
3.566200225e-01
3.537102784e-01
3.521016670e-01
3.509382593e-01
3.491947491e-01
3.482964287e-01
3.469903975e-01
3.455434386e-01
3.439214504e-01
3.430336807e-01
3.428435790e-01
3.417739975e-01
3.417289684e-01
3.410672861e-01
3.406499666e-01
3.401940238e-01
3.404425315e-01
3.388840361e-01
3.383291801e-01
3.380714405e-01
3.365438437e-01
3.355969146e-01
3.345991158e-01
3.333194615e-01
3.314945599e-01
3.298045570e-01
3.286294681e-01
3.261385509e-01
3.248458965e-01
3.237928947e-01
3.230162847e-01
3.219218336e-01
3.213338181e-01
3.189619736e-01
3.180798561e-01
3.177132178e-01
3.167046799e-01
3.165369985e-01
3.163306938e-01
3.162251863e-01
3.155832867e-01
3.152622427e-01
3.152974746e-01
3.140952552e-01
3.136101095e-01
3.126015715e-01
3.114711349e-01
3.101737704e-01
3.096624362e-01
3.073844178e-01
3.061661839e-01
3.053059216e-01
3.031920050e-01
3.017751910e-01
3.009921752e-01
3.006592616e-01
2.995972163e-01
2.985760552e-01
2.981636342e-01
2.965267619e-01
2.960419929e-01
2.952783830e-01
2.948537156e-01
2.946340341e-01
2.950613391e-01
2.937790471e-01
2.937400470e-01
2.939748011e-01
2.928319296e-01
2.924581318e-01
2.917521741e-01
2.909815931e-01
2.894928080e-01
2.883695308e-01
2.877700225e-01
2.855409898e-01
2.843529008e-01
2.826911589e-01
2.814554032e-01
2.804010826e-01
2.803213868e-01
2.786059491e-01
2.779248610e-01
2.772758019e-01
2.756438282e-01
2.749891169e-01
2.745733046e-01
2.743903623e-01
2.738144048e-01
2.736572741e-01
2.738859991e-01
2.731101428e-01
2.731996357e-01
2.727461421e-01
2.723131849e-01
2.714932415e-01
2.715637054e-01
2.695483252e-01
2.688819327e-01
2.684510480e-01
2.665345810e-01
2.654617965e-01
2.642394177e-01
2.630192997e-01
2.615860944e-01
2.608722236e-01
2.609596440e-01
2.595888012e-01
2.589197710e-01
2.580619580e-01
2.572410726e-01
2.566104773e-01
2.569720286e-01
2.556580844e-01
2.558091861e-01
2.563819407e-01
2.557618962e-01
2.556882294e-01
2.558756935e-01
2.558146499e-01
2.552087358e-01
2.546071551e-01
2.544867636e-01
2.530708916e-01
2.526407605e-01
2.516344834e-01
2.504697568e-01
2.491164357e-01
2.486371305e-01
2.465416777e-01
2.461309524e-01
2.461571409e-01
2.449283562e-01
2.444268191e-01
2.439036153e-01
2.434128174e-01
2.427159032e-01
2.425957001e-01
2.429872080e-01
2.422739024e-01
2.426428016e-01
2.423748881e-01
2.424579752e-01
2.418618583e-01
2.420839891e-01
2.408224217e-01
2.407468709e-01
2.406654794e-01
2.393404192e-01
2.389451432e-01
2.385613600e-01
2.381016490e-01
2.369112992e-01
2.358002684e-01
2.352674559e-01
2.339829030e-01
2.338440477e-01
2.330610319e-01
2.323394364e-01
2.312042896e-01
2.314055073e-01
2.298240264e-01
2.297563886e-01
2.301654183e-01
2.294001127e-01
2.296035913e-01
2.299843600e-01
2.301211429e-01
2.297578959e-01
2.296246927e-01
2.300981573e-01
2.290483584e-01
2.287766768e-01
2.278357767e-01
2.270859204e-01
2.259788460e-01
2.258243530e-01
2.235557550e-01
2.227866812e-01
2.223915936e-01
2.209742144e-01
2.207360691e-01
2.205591557e-01
2.203424887e-01
2.195719077e-01
2.189991531e-01
2.191095591e-01
2.181015864e-01
2.181074270e-01
2.177694264e-01
2.178696585e-01
2.177053683e-01
2.180959342e-01
2.169764251e-01
2.172460342e-01
2.175503101e-01
2.164882648e-01
2.161512063e-01
2.156939447e-01
2.151786539e-01
2.141900871e-01
2.133626074e-01
2.130293170e-01
2.114299375e-01
2.105459360e-01
2.093629340e-01
2.089827305e-01
2.086200487e-01
2.090151363e-01
2.072245246e-01
2.067273209e-01
2.067491760e-01
2.056978699e-01
2.055902900e-01
2.055573189e-01
2.056251451e-01
2.053930288e-01
2.056679133e-01
2.061504213e-01
2.052941156e-01
2.052824344e-01
2.050124484e-01
2.048112307e-01
2.043639546e-01
2.046893319e-01
2.030279668e-01
2.026976909e-01
2.024390093e-01
2.007563543e-01
1.999072079e-01
1.991701632e-01
1.984815389e-01
1.977060593e-01
1.973558123e-01
1.972508701e-01
1.957634039e-01
1.953257365e-01
1.946921267e-01
1.943931262e-01
1.938949804e-01
1.947814312e-01
1.938160383e-01
1.940956329e-01
1.945257641e-01
1.938742558e-01
1.939006326e-01
1.940151835e-01
1.940338357e-01
1.934247188e-01
1.930060804e-01
1.930072108e-01
1.917347159e-01
1.911809904e-01
1.902334960e-01
1.892903350e-01
1.881826954e-01
1.882139709e-01
1.868843889e-01
1.869524035e-01
1.870093022e-01
1.856441115e-01
1.851872266e-01
1.848673131e-01
1.847535158e-01
1.840863697e-01
1.841287611e-01
1.846951099e-01
1.843367614e-01
1.849325016e-01
1.848153130e-01
1.846937910e-01
1.842110946e-01
1.850587337e-01
1.839233984e-01
1.838022533e-01
1.837532677e-01
1.825452077e-01
1.821143229e-01
1.816890903e-01
1.810095095e-01
1.798046524e-01
1.790954917e-01
1.793449414e-01
1.785023893e-01
1.784100703e-01
1.776637937e-01
1.771677204e-01
1.766070238e-01
1.772875467e-01
1.761484433e-01
1.764815453e-01
1.767517197e-01
1.761173563e-01
1.762950233e-01
1.764644004e-01
1.765243135e-01
1.760435011e-01
1.758971096e-01
1.762172115e-01
1.752830940e-01
1.750688763e-01
1.743953244e-01
1.738630771e-01
1.730617859e-01
1.732017717e-01
1.712945366e-01
1.706518833e-01
1.709469273e-01
1.700857230e-01
1.700318388e-01
1.695762728e-01
1.692054896e-01
1.685858219e-01
1.682969953e-01
1.687896773e-01
1.680516905e-01
1.687327787e-01
1.689046050e-01
1.689547211e-01
1.687523729e-01
1.695679830e-01
1.686233147e-01
1.689829820e-01
1.696395773e-01
1.687416337e-01
1.686721119e-01
1.684778652e-01
1.683778215e-01
1.674585881e-01
1.666846158e-01
1.664568328e-01
1.650226855e-01
1.645601484e-01
1.639293648e-01
1.635689439e-01
1.627350584e-01
1.626566815e-01
1.610548527e-01
1.610115193e-01
1.609932439e-01
1.599865900e-01
1.602143730e-01
1.606507216e-01
1.610049251e-01
1.606684317e-01
1.605145039e-01
1.608653161e-01
1.602707064e-01
1.607829827e-01
1.607208086e-01
1.604875619e-01
1.598918217e-01
1.602870978e-01
1.588177185e-01
1.586611530e-01
1.584441092e-01
1.570129763e-01
1.565184103e-01
1.566271206e-01
1.566789323e-01
1.560230906e-01
1.554446838e-01
1.554573070e-01
1.543992183e-01
1.544487691e-01
1.540647974e-01
1.542663920e-01
1.544870155e-01
1.555479304e-01
1.547617117e-01
1.550085237e-01
1.553387996e-01
1.546262477e-01
1.545970447e-01
1.545335519e-01
1.545940302e-01
1.538814783e-01
1.533245498e-01
1.533207817e-01
1.520490404e-01
1.516072281e-01
1.505768350e-01
1.496749350e-01
1.491123543e-01
1.496513842e-01
1.481755991e-01
1.479802220e-01
1.478268594e-01
1.466794662e-01
1.465654805e-01
1.465867704e-01
1.467493648e-01
1.465554949e-01
1.468007997e-01
1.475538589e-01
1.472030468e-01
1.475664822e-01
1.473243803e-01
1.472177424e-01
1.470553364e-01
1.477897434e-01
1.466080603e-01
1.466728720e-01
1.468320751e-01
1.458597112e-01
1.456453050e-01
1.452349565e-01
1.447364339e-01
1.438124903e-01
1.432917358e-01
1.438573310e-01
1.431249964e-01
1.429397932e-01
1.421362411e-01
1.415487909e-01
1.412797469e-01
1.422010528e-01
1.414994285e-01
1.421060962e-01
1.429386628e-01
1.423184298e-01
1.424505025e-01
1.426166767e-01
1.425867201e-01
1.421354875e-01
1.421145744e-01
1.425192708e-01
1.414869937e-01
1.414282110e-01
1.407618185e-01
1.401657016e-01
1.393161784e-01
1.395535701e-01
1.380664807e-01
1.383909160e-01
1.391338013e-01
1.381674663e-01
1.376182625e-01
1.372857257e-01
1.372806388e-01
1.367525364e-01
1.365454781e-01
1.370174354e-01
1.365000722e-01
