1.015069580e+01
1.010763741e+01
1.007115459e+01
9.999904633e+00
9.928135872e+00
9.852945328e+00
9.802143097e+00
9.823307991e+00
9.887036324e+00
9.972912788e+00
1.001788425e+01
9.973691940e+00
9.673666000e+00
9.691039085e+00
9.771175385e+00
9.875247002e+00
9.940402031e+00
9.708035469e+00
9.678670883e+00
9.880540848e+00
1.000405598e+01
9.941464424e+00
9.999955177e+00
1.007048035e+01
1.034995556e+01
1.005786800e+01
1.021618652e+01
1.012357903e+01
1.009741116e+01
1.012869835e+01
1.020584297e+01
1.030131817e+01
1.039913654e+01
1.046385193e+01
1.049881458e+01
1.025714779e+01
1.027083302e+01
1.037188435e+01
1.045034218e+01
1.067442131e+01
1.035372257e+01
1.031760406e+01
1.031471252e+01
1.033295631e+01
1.037135124e+01
1.040002823e+01
1.040608311e+01
1.066146755e+01
1.067933369e+01
1.036103249e+01
1.027381897e+01
1.023066044e+01
1.047837162e+01
1.052778530e+01
1.085726357e+01
1.089586544e+01
1.089482689e+01
1.085882473e+01
1.081546402e+01
1.082638931e+01
1.087798214e+01
1.088012409e+01
1.083616352e+01
1.072913551e+01
1.085447598e+01
1.074887085e+01
1.042410946e+01
1.036819553e+01
1.034898472e+01
1.038090038e+01
1.041077328e+01
1.044034386e+01
1.045801735e+01
1.047940826e+01
1.052195072e+01
1.054425716e+01
1.048179245e+01
1.031794834e+01
1.013772392e+01
1.001285648e+01
9.972845078e+00
1.003453922e+01
1.012736511e+01
1.021335506e+01
1.028708553e+01
1.036176586e+01
1.039502335e+01
1.038832951e+01
1.036618328e+01
1.033916950e+01
1.028422737e+01
1.023454571e+01
1.014049721e+01
1.001973057e+01
9.938825607e+00
9.934756279e+00
9.998128891e+00
1.010335732e+01
1.025539589e+01
1.040064335e+01
1.017155647e+01
9.830885887e+00
9.760115623e+00
9.698337555e+00
9.661388397e+00
9.651339531e+00
9.681774139e+00
9.927427292e+00
9.806034088e+00
9.675206184e+00
9.709081650e+00
9.755105019e+00
9.795366287e+00
9.804897308e+00
9.753633499e+00
9.645373344e+00
9.497350693e+00
9.364689827e+00
9.287797928e+00
9.243631363e+00
9.247500420e+00
9.294931412e+00
9.333936691e+00
9.369819641e+00
9.385473251e+00
9.398156166e+00
9.406085968e+00
9.400491714e+00
9.304689407e+00
9.178563118e+00
9.059545517e+00
8.981881142e+00
8.966636658e+00
9.075953484e+00
9.232141495e+00
9.113780022e+00
8.959823608e+00
9.251152039e+00
9.289937973e+00
9.313953400e+00
9.289639473e+00
9.242889404e+00
9.191286087e+00
9.088048935e+00
8.968922615e+00
8.868095398e+00
9.075871468e+00
9.094498634e+00
9.146545410e+00
9.243419647e+00
9.327839851e+00
9.385791779e+00
9.413223267e+00
9.415711403e+00
9.377063751e+00
9.052812576e+00
9.195529938e+00
9.120716095e+00
9.087664604e+00
9.108798981e+00
9.177345276e+00
9.283347130e+00
9.422796249e+00
9.566032410e+00
9.462224007e+00
9.569133759e+00
9.651749611e+00
9.629651070e+00
9.542889595e+00
9.467579842e+00
9.409309387e+00
9.601634979e+00
9.550980568e+00
9.266453743e+00
9.303747177e+00
9.383016586e+00
9.480945587e+00
9.584837914e+00
9.668666840e+00
9.678502083e+00
9.581169128e+00
9.424229622e+00
9.259986877e+00
9.103172302e+00
8.987804413e+00
8.946084976e+00
8.959267616e+00
9.023000717e+00
9.092642784e+00
9.174999237e+00
9.254643440e+00
9.299868584e+00
9.283979416e+00
9.236400604e+00
9.124476433e+00
8.998188972e+00
8.862028122e+00
8.739631653e+00
8.666659355e+00
8.668010712e+00
8.487884521e+00
8.574557304e+00
8.689605713e+00
8.794180870e+00
8.920789719e+00
9.233106613e+00
9.222133636e+00
9.164974213e+00
9.090183258e+00
8.970692635e+00
8.807415009e+00
8.649158478e+00
8.519271851e+00
8.466720581e+00
8.485993385e+00
8.573473930e+00
8.694792747e+00
8.786903381e+00
8.820125580e+00
8.788164139e+00
8.738114357e+00
8.683805466e+00
8.651246071e+00
8.592604637e+00
8.507776260e+00
8.429784775e+00
8.363346100e+00
8.337631226e+00
8.372054100e+00
8.465506554e+00
8.577540398e+00
8.663069725e+00
8.716211319e+00
8.690265656e+00
8.542405128e+00
8.389040947e+00
8.319815636e+00
8.305495262e+00
8.029503822e+00
7.948437214e+00
7.883638859e+00
7.868831158e+00
7.914113998e+00
8.014579773e+00
8.116333961e+00
8.182586670e+00
8.207574844e+00
8.192134857e+00
8.125163078e+00
8.035632133e+00
7.954897881e+00
7.619213581e+00
7.536964893e+00
7.457126617e+00
7.589505196e+00
7.446604729e+00
7.759371758e+00
7.823800564e+00
7.962376118e+00
8.078352928e+00
8.162529945e+00
8.123313904e+00
7.798224449e+00
7.943805218e+00
7.827907562e+00
7.783805370e+00
7.730380058e+00
7.707665443e+00
8.035409927e+00
8.112423897e+00
8.241003036e+00
8.251992226e+00
8.349987030e+00
8.067049980e+00
8.058277130e+00
7.948256969e+00
7.929158211e+00
7.798187256e+00
7.746606350e+00
7.709656715e+00
7.652185440e+00
7.744183064e+00
7.886546612e+00
8.028278351e+00
8.419464111e+00
8.459275246e+00
8.443489075e+00
8.284219742e+00
8.302076340e+00
8.195284843e+00
8.411447525e+00
8.568682671e+00
8.593851089e+00
8.513713837e+00
8.506956100e+00
8.536170006e+00
8.574780464e+00
8.689422607e+00
8.742729187e+00
8.781269073e+00
8.840511322e+00
8.817889214e+00
8.860630035e+00
8.793617249e+00
8.822984695e+00
8.736543655e+00
8.742348671e+00
8.743158340e+00
9.136558533e+00
8.937769890e+00
9.071872711e+00
9.172068596e+00
9.294713974e+00
9.427089691e+00
9.449051857e+00
9.157601357e+00
9.131151199e+00
9.011990547e+00
8.970601082e+00
8.833331108e+00
8.836675644e+00
9.041682243e+00
9.107431412e+00
9.100175858e+00
9.170526505e+00
9.147501945e+00
9.158697128e+00
9.103646278e+00
8.985951424e+00
8.939390182e+00
8.845291138e+00
8.754052162e+00
8.736319542e+00
8.664094925e+00
8.706812859e+00
8.671065331e+00
8.748670578e+00
8.755895615e+00
8.841971397e+00
8.814958572e+00
8.843379974e+00
8.778229713e+00
8.810291290e+00
8.817216873e+00
8.499096870e+00
8.437258720e+00
8.367276192e+00
8.304431915e+00
8.295404434e+00
8.282930374e+00
8.379663467e+00
8.373678207e+00
8.500985146e+00
8.536901474e+00
8.652391434e+00
8.653255463e+00
8.876219749e+00
8.494311333e+00
8.492570877e+00
8.453104973e+00
8.370153427e+00
8.378655434e+00
8.362554550e+00
8.374006271e+00
8.439591408e+00
8.471785545e+00
8.584153175e+00
8.578156471e+00
8.668125153e+00
8.379258156e+00
8.760138512e+00
8.773434639e+00
8.585979462e+00
8.507603645e+00
8.497890472e+00
8.488075256e+00
8.454137802e+00
8.483462334e+00
8.497463226e+00
8.547035217e+00
8.340927124e+00
8.282639503e+00
8.318351746e+00
8.243549347e+00
8.270754814e+00
8.185498238e+00
8.193680763e+00
8.133149147e+00
8.437993050e+00
8.440006256e+00
8.505454063e+00
8.546949387e+00
8.750679016e+00
8.702831268e+00
8.611767769e+00
8.563059807e+00
8.583670616e+00
8.561098099e+00
8.615152359e+00
8.553857803e+00
8.642947197e+00
8.903697014e+00
9.008796692e+00
9.062713623e+00
9.244624138e+00
9.061280251e+00
8.868745804e+00
8.881935120e+00
8.592547417e+00
8.613818169e+00
8.610055923e+00
8.600254059e+00
8.623381615e+00
8.600145340e+00
8.669161797e+00
8.602515221e+00
8.638370514e+00
8.592081070e+00
8.678020477e+00
8.698886871e+00
8.770376205e+00
8.711029053e+00
8.415178299e+00
8.375383377e+00
8.392961502e+00
8.228669167e+00
8.441804886e+00
8.445703506e+00
8.519968987e+00
8.526444435e+00
8.595068932e+00
8.544404030e+00
8.570736885e+00
8.491545677e+00
8.511349678e+00
8.488821030e+00
8.637967110e+00
8.431129456e+00
8.430021286e+00
8.384986877e+00
8.288866043e+00
8.300498009e+00
8.277108192e+00
8.511454582e+00
8.541729927e+00
8.492013931e+00
8.522350311e+00
8.448313713e+00
8.488160133e+00
8.413576126e+00
8.410932541e+00
8.592906952e+00
8.608313560e+00
8.537079811e+00
8.617293358e+00
8.447054863e+00
8.428827286e+00
8.479244232e+00
8.473411560e+00
8.443382263e+00
8.455269814e+00
8.413634300e+00
8.715205193e+00
8.635461807e+00
8.686625481e+00
8.884327888e+00
8.895167351e+00
8.845055580e+00
8.914862633e+00
8.925434113e+00
8.998973846e+00
9.043657303e+00
9.036790848e+00
9.125216484e+00
9.175493240e+00
9.185688972e+00
9.227767944e+00
9.217740059e+00
9.283636093e+00
9.252485275e+00
9.323554993e+00
9.285462379e+00
9.315446854e+00
9.272545815e+00
9.345861435e+00
9.371721268e+00
9.492358208e+00
9.589814186e+00
9.591282845e+00
9.608386993e+00
9.344435692e+00
9.336418152e+00
9.424155235e+00
9.500842094e+00
9.671693802e+00
9.412013054e+00
9.426989555e+00
9.335953712e+00
9.351497650e+00
9.294749260e+00
9.329088211e+00
9.258349419e+00
9.504581451e+00
9.487600327e+00
9.430259705e+00
9.476069450e+00
9.490326881e+00
9.524159431e+00
9.627546310e+00
9.660418510e+00
9.453331947e+00
9.353542328e+00
9.346585274e+00
9.257964134e+00
9.292275429e+00
9.270732880e+00
9.344924927e+00
9.329148293e+00
9.352170944e+00
9.335412025e+00
9.268370628e+00
9.308519363e+00
9.338726997e+00
9.362551689e+00
9.401853561e+00
9.346976280e+00
9.380254745e+00
9.289235115e+00
9.293999672e+00
9.474898338e+00
9.511305809e+00
9.451498985e+00
9.513992310e+00
9.486935616e+00
9.530223846e+00
9.577363968e+00
9.592913628e+00
9.388113022e+00
9.399503708e+00
9.403116226e+00
9.428857803e+00
9.380114555e+00
9.420090675e+00
9.378852844e+00
9.471282005e+00
9.509722710e+00
9.642312050e+00
9.693428040e+00
9.532629013e+00
9.491661072e+00
9.528207779e+00
9.630370140e+00
9.753227234e+00
9.674630165e+00
9.680135727e+00
9.631052017e+00
9.380262375e+00
9.369170189e+00
9.456357956e+00
9.429474831e+00
9.508140564e+00
9.447173119e+00
9.436420441e+00
9.364530563e+00
9.397508621e+00
9.365534782e+00
9.154061317e+00
9.434586525e+00
9.387957573e+00
9.376834869e+00
9.320158005e+00
9.251073837e+00
9.258702278e+00
9.259136200e+00
9.340846062e+00
9.309036255e+00
9.375667572e+00
9.337235451e+00
9.616830826e+00
9.571815491e+00
9.661890030e+00
9.697495461e+00
9.770368576e+00
9.773936272e+00
9.707716942e+00
9.692706108e+00
9.646583557e+00
9.615828514e+00
9.651189804e+00
9.620729446e+00
9.656298637e+00
9.579731941e+00
9.655312538e+00
9.870525360e+00
9.911195755e+00
1.005478477e+01
1.001895714e+01
9.701736450e+00
9.690568924e+00
9.655058861e+00
9.592308044e+00
9.818520546e+00
9.729302406e+00
9.675624847e+00
9.728478432e+00
9.726192474e+00
9.512195587e+00
9.428540230e+00
9.491439819e+00
9.477514267e+00
9.511841774e+00
9.432943344e+00
9.418569565e+00
9.351565361e+00
9.389777184e+00
9.426469803e+00
9.370883942e+00
9.384661674e+00
9.387298584e+00
9.286178589e+00
9.465670586e+00
9.310321808e+00
9.187677383e+00
9.275205612e+00
9.440162659e+00
9.181383133e+00
9.185729980e+00
9.094528198e+00
9.042310715e+00
9.148923874e+00
9.106497765e+00
9.328817368e+00
9.293621063e+00
9.345989227e+00
9.355929375e+00
9.563216209e+00
9.765357971e+00
9.599552155e+00
9.549650192e+00
9.701226234e+00
9.756946564e+00
9.739975929e+00
1.003933239e+01
9.999100685e+00
1.006695843e+01
1.007309628e+01
1.016044712e+01
1.020635509e+01
1.022023582e+01
1.031246185e+01
1.036889362e+01
1.037413979e+01
1.062333393e+01
1.030271244e+01
1.028824520e+01
1.018829823e+01
1.042002869e+01
1.047255135e+01
1.039351082e+01
1.032317543e+01
1.035303783e+01
1.032010651e+01
1.039111519e+01
1.059281921e+01
1.076988888e+01
1.095036888e+01
1.100000000e+01
1.041372299e+01
1.034697056e+01
1.024677658e+01
1.026842213e+01
1.022731972e+01
1.055496311e+01
1.051680279e+01
1.055833817e+01
1.047839737e+01
1.046075439e+01
1.036823273e+01
1.032916927e+01
1.030871391e+01
1.026242828e+01
9.980730057e+00
9.869028091e+00
9.810761452e+00
9.810727119e+00
9.801509857e+00
9.938625336e+00
1.002067661e+01
1.017269611e+01
9.885709763e+00
1.012136745e+01
1.001786232e+01
1.001536274e+01
9.932070732e+00
9.930830956e+00
9.920188904e+00
9.853734016e+00
9.867550850e+00
9.901575089e+00
9.961537361e+00
1.010236359e+01
1.023571682e+01
1.014139366e+01
9.807763100e+00
1.004157162e+01
9.836091042e+00
9.765065193e+00
9.698612213e+00
9.714992523e+00
9.631094933e+00
9.631976128e+00
9.608713150e+00
9.586154938e+00
9.661828995e+00
9.757113457e+00
9.872177124e+00
9.975264549e+00
9.960696220e+00
1.000349140e+01
9.662260056e+00
9.369227409e+00
9.211833000e+00
9.154400826e+00
9.071228027e+00
9.353571892e+00
9.601833344e+00
9.774444580e+00
9.972498894e+00
1.004518604e+01
1.007183266e+01
9.949226379e+00
9.809354782e+00
9.943999290e+00
9.800072670e+00
9.783183098e+00
9.682810783e+00
9.729610443e+00
9.723702431e+00
9.825468063e+00
1.008323002e+01
1.017645550e+01
1.015717888e+01
1.015977573e+01
1.012903023e+01
1.003346348e+01
1.023542690e+01
1.014992809e+01
1.029072762e+01
1.017368889e+01
1.004892349e+01
1.004633617e+01
9.937442780e+00
9.972552299e+00
9.963241577e+00
1.008394241e+01
1.015764523e+01
1.032047558e+01
1.036173058e+01
1.040058613e+01
1.010319710e+01
9.926857948e+00
9.813051224e+00
9.722513199e+00
9.695813179e+00
9.745338440e+00
9.784047127e+00
9.952554703e+00
1.002062130e+01
1.016223240e+01
1.019268990e+01
1.023574257e+01
1.011449146e+01
1.006746197e+01
9.925086975e+00
9.850631714e+00
9.792304993e+00
9.740875244e+00
9.795815468e+00
9.840125084e+00
9.897424698e+00
9.996416092e+00
1.021627522e+01
1.019882774e+01
1.005388260e+01
1.002242184e+01
9.926831245e+00
9.966222763e+00
9.959359169e+00
9.750558853e+00
9.729185104e+00
9.545781136e+00
9.613984108e+00
9.698958397e+00
9.865730286e+00
9.969926834e+00
1.003604412e+01
1.009673500e+01
1.003151608e+01
9.750123024e+00
9.820503235e+00
9.768234253e+00
9.619652748e+00
9.593799591e+00
9.301234245e+00
9.410622597e+00
9.448230743e+00
9.573735237e+00
9.736874580e+00
1.009950066e+01
1.023448849e+01
9.995896339e+00
9.917117119e+00
9.876326561e+00
9.757787704e+00
9.721483231e+00
9.609394073e+00
9.904194832e+00
9.876432419e+00
9.909499168e+00
9.857528687e+00
9.911494255e+00
9.866448402e+00
9.881214142e+00
9.886896133e+00
9.840876579e+00
9.817027092e+00
9.749111176e+00
9.658282280e+00
9.597217560e+00
9.507037163e+00
9.546305656e+00
9.508489609e+00
9.583219528e+00
9.566352844e+00
9.659974098e+00
9.708106995e+00
9.803760529e+00
9.758560181e+00
9.745787621e+00
9.687229156e+00
9.546560287e+00
9.466160774e+00
9.367001534e+00
9.308695793e+00
9.316593170e+00
9.297614098e+00
9.384809494e+00
9.362954140e+00
9.449111938e+00
9.657663345e+00
9.647811890e+00
9.520394325e+00
9.465394974e+00
9.335313797e+00
9.336571693e+00
9.369338036e+00
9.389099121e+00
9.473767281e+00
9.799496651e+00
9.925248146e+00
9.750615120e+00
9.727080345e+00
9.721156120e+00
9.590305328e+00
9.583472252e+00
9.511418343e+00
9.580382347e+00
9.582548141e+00
9.335509300e+00
9.226233482e+00
9.207064629e+00
9.177817345e+00
9.128456116e+00
9.146756172e+00
9.138628960e+00
9.125363350e+00
9.144074440e+00
9.117403030e+00
9.162373543e+00
9.070860863e+00
9.095800400e+00
9.028427124e+00
9.020422935e+00
8.926795006e+00
8.942340851e+00
8.888482094e+00
8.949731827e+00
9.008235931e+00
9.038856506e+00
9.157642365e+00
9.222465515e+00
8.961792946e+00
8.924991608e+00
8.820780754e+00
9.270058632e+00
9.072644234e+00
8.805909157e+00
8.783860207e+00
8.874228477e+00
8.877582550e+00
8.965887070e+00
8.968598366e+00
9.046488762e+00
9.079060555e+00
9.030687332e+00
9.012848854e+00
8.925904274e+00
8.833892822e+00
8.784418106e+00
8.686473846e+00
8.695692062e+00
8.595664978e+00
8.598587990e+00
8.537023544e+00
8.579026222e+00
8.557738304e+00
8.637724876e+00
8.599320412e+00
8.603625298e+00
8.903095245e+00
8.718284607e+00
8.836883545e+00
8.896576881e+00
8.904777527e+00
8.422737122e+00
8.379467010e+00
8.475748062e+00
8.280263901e+00
8.389473915e+00
8.686272621e+00
8.762267113e+00
8.742727280e+00
8.770427704e+00
8.683258057e+00
8.633253098e+00
8.788971901e+00
8.661049843e+00
8.635551453e+00
8.594255447e+00
8.577049255e+00
8.647808075e+00
8.673933983e+00
8.747164726e+00
8.678700447e+00
8.720186234e+00
8.655882835e+00
8.651548386e+00
8.531902313e+00
8.504816055e+00
8.404244423e+00
8.398661613e+00
8.110230446e+00
8.024157524e+00
8.067614555e+00
8.137897491e+00
8.225597382e+00
8.368654251e+00
8.184366226e+00
8.241121292e+00
8.166179657e+00
8.180881500e+00
8.324019432e+00
8.316316605e+00
8.287683487e+00
8.370285034e+00
8.375947952e+00
8.456583023e+00
8.532030106e+00
8.591372490e+00
8.720609665e+00
8.552962303e+00
8.569436073e+00
8.654257774e+00
8.660735130e+00
8.752655029e+00
8.457892418e+00
8.463933945e+00
8.357037544e+00
8.324250221e+00
8.242870331e+00
8.298572540e+00
8.298090935e+00
8.367534637e+00
8.387705803e+00
8.359257698e+00
8.399800301e+00
8.390986443e+00
8.353555679e+00
8.338985443e+00
8.234248161e+00
8.205343246e+00
8.123374939e+00
8.233961105e+00
7.951283455e+00
8.293532372e+00
8.358008385e+00
8.506009102e+00
8.519406319e+00
8.588935852e+00
8.606414795e+00
8.512497902e+00
8.478921890e+00
8.425782204e+00
8.343932152e+00
8.331773758e+00
8.263864517e+00
8.339135170e+00
8.428210258e+00
8.398782730e+00
8.509093285e+00
8.707251549e+00
8.797763824e+00
8.917872429e+00
8.399798393e+00
8.408869743e+00
8.371681213e+00
8.289962769e+00
8.280625343e+00
8.227183342e+00
8.182845116e+00
8.231263161e+00
8.263042450e+00
8.393022537e+00
8.428217888e+00
