1.470201882e-03
1.452015829e-03
1.427868730e-03
1.399899833e-03
1.359895454e-03
1.337392023e-03
1.337239635e-03
1.347746584e-03
1.334373839e-03
1.300106174e-03
1.254451112e-03
1.258272561e-03
1.236835844e-03
1.219604164e-03
1.201073756e-03
1.225563698e-03
1.217884594e-03
1.121373498e-03
1.146169961e-03
1.175781130e-03
1.198781072e-03
1.173374243e-03
1.174061792e-03
1.193393604e-03
1.212344971e-03
1.192974276e-03
1.193432719e-03
1.198590617e-03
1.170011004e-03
1.165502239e-03
1.163401175e-03
1.179907937e-03
1.193203963e-03
1.167947892e-03
1.129625482e-03
1.096652355e-03
1.126416610e-03
1.115106861e-03
1.121372916e-03
1.064060256e-03
1.061155694e-03
1.068797661e-03
1.078043948e-03
1.056227949e-03
1.044764533e-03
1.042969758e-03
1.063066302e-03
1.047974220e-03
1.049120910e-03
1.066620578e-03
1.076860237e-03
1.029521343e-03
1.006291597e-03
9.959753370e-04
1.028030762e-03
9.785139700e-04
9.843987646e-04
9.699935908e-04
9.905110346e-04
9.780938271e-04
9.591431008e-04
9.588756948e-04
1.005411730e-03
9.911602829e-04
9.672812885e-04
9.567745728e-04
9.775585495e-04
9.835575474e-04
9.847412584e-04
9.771001060e-04
9.421790019e-04
9.312896873e-04
9.662865777e-04
9.786665905e-04
9.669368737e-04
9.586836095e-04
9.704131517e-04
9.542515618e-04
9.172295686e-04
9.459619760e-04
9.742350667e-04
9.532209951e-04
9.837864200e-04
9.509285446e-04
9.683126118e-04
9.823341388e-04
9.520353633e-04
9.792784695e-04
9.534498095e-04
9.568511741e-04
9.840923594e-04
9.856973775e-04
9.660195792e-04
9.747698787e-04
9.790868498e-04
9.476430132e-04
9.467254276e-04
9.436309920e-04
9.124155622e-04
9.003037703e-04
8.957957034e-04
9.350347682e-04
9.393898654e-04
9.783614660e-04
9.698031354e-04
9.885623585e-04
9.675863548e-04
1.009463682e-03
1.010378706e-03
1.024974743e-03
1.042665332e-03
1.067271107e-03
1.040601754e-03
1.054318273e-03
1.050649676e-03
1.060622511e-03
1.064901822e-03
1.092106337e-03
1.075638225e-03
1.116253436e-03
1.110636746e-03
1.134439954e-03
1.155912410e-03
1.141813700e-03
1.191101619e-03
1.169399591e-03
1.169934054e-03
1.210242510e-03
1.212688396e-03
1.226939610e-03
1.230875147e-03
1.235841890e-03
1.207186724e-03
1.248527435e-03
1.263275743e-03
1.233702525e-03
1.233435352e-03
1.213873154e-03
1.196488505e-03
1.185026951e-03
1.185179106e-03
1.223348780e-03
1.222202904e-03
1.236912562e-03
1.248680404e-03
1.275541494e-03
1.277489471e-03
1.266791136e-03
1.264422317e-03
1.285168692e-03
1.293038833e-03
1.291892957e-03
1.305416459e-03
1.304307370e-03
1.311986591e-03
1.305070822e-03
1.315005473e-03
1.305950573e-03
1.289903885e-03
1.269732486e-03
1.266065170e-03
1.289407839e-03
1.287343912e-03
1.258729142e-03
1.281461678e-03
1.293228008e-03
1.328833983e-03
1.331317704e-03
1.328414190e-03
1.286772545e-03
1.352866064e-03
1.390689285e-03
1.345377997e-03
1.320428681e-03
1.357259462e-03
1.355425804e-03
1.342550735e-03
1.365971402e-03
1.393326442e-03
1.388397301e-03
1.384423929e-03
1.361539820e-03
1.371586230e-03
1.436084043e-03
1.434861799e-03
1.437345985e-03
1.437804662e-03
1.462944201e-03
1.459389925e-03
1.455188263e-03
1.436159830e-03
1.454690471e-03
1.490417635e-03
1.498748083e-03
1.495768549e-03
1.478954684e-03
1.501651946e-03
1.488701208e-03
1.474101911e-03
1.462333370e-03
1.492748503e-03
1.473909942e-03
1.496338402e-03
1.477691229e-03
1.495652949e-03
1.499549136e-03
1.481708023e-03
1.487818896e-03
1.511928625e-03
1.498710131e-03
1.491102856e-03
1.501000952e-03
1.518763485e-03
1.549943117e-03
1.529731904e-03
1.491292845e-03
1.521326485e-03
1.534966403e-03
1.513189985e-03
1.514145406e-03
1.500238082e-03
1.535044634e-03
1.550518093e-03
1.551357913e-03
1.569008222e-03
1.593614928e-03
1.579591772e-03
1.593882916e-03
1.592814107e-03
1.632397762e-03
1.646227320e-03
1.630410785e-03
1.669037505e-03
1.671634498e-03
1.684091287e-03
1.684129587e-03
1.678244676e-03
1.691579819e-03
1.687874319e-03
1.723177498e-03
1.745339134e-03
1.793440199e-03
1.799590420e-03
1.859193086e-03
1.942941686e-03
2.027496463e-03
2.095199656e-03
2.181272488e-03
2.428430598e-03
2.203407697e-02
2.720650733e-01
1.168199062e+00
2.766900778e+00
4.652391434e+00
6.371117592e+00
7.747372150e+00
8.809412003e+00
9.622397423e+00
1.019848728e+01
1.053238964e+01
1.063772106e+01
1.054869938e+01
1.030775642e+01
9.954755783e+00
9.523004532e+00
9.045753479e+00
8.550836563e+00
8.059869766e+00
7.587122917e+00
7.140512943e+00
6.738888264e+00
6.422137737e+00
6.209855080e+00
6.069620132e+00
5.955518246e+00
5.838966846e+00
5.705848217e+00
5.555450916e+00
5.392002583e+00
5.216437340e+00
5.028240204e+00
4.831840038e+00
4.633194447e+00
4.435624599e+00
4.241839886e+00
4.056211948e+00
3.883031368e+00
3.723384142e+00
3.577002287e+00
3.443866014e+00
3.324183941e+00
3.220080137e+00
3.132402420e+00
3.056856394e+00
2.987982035e+00
2.923390388e+00
2.859180212e+00
2.792311907e+00
2.722284079e+00
2.650803566e+00
2.578902960e+00
2.505414724e+00
2.429881811e+00
2.355129242e+00
2.282034397e+00
2.210824490e+00
2.141166925e+00
2.074226856e+00
2.010275841e+00
1.949140787e+00
1.890433431e+00
1.834571362e+00
1.781802297e+00
1.731337428e+00
1.682826281e+00
1.636139035e+00
1.590629578e+00
1.545530915e+00
1.500564218e+00
1.456766725e+00
1.413529992e+00
1.370714426e+00
1.328473330e+00
1.287721395e+00
1.248201609e+00
1.209775448e+00
1.172613025e+00
1.137038589e+00
1.102904439e+00
1.069957137e+00
1.038422108e+00
1.008307576e+00
9.792356491e-01
9.512608051e-01
9.242184162e-01
8.985098004e-01
8.732932806e-01
8.487257957e-01
8.246628046e-01
8.014642596e-01
7.785895467e-01
7.564954758e-01
7.348085046e-01
7.133232355e-01
6.925528646e-01
6.723363400e-01
6.527370811e-01
6.335501671e-01
6.147506833e-01
5.968869925e-01
5.795121789e-01
5.628101826e-01
5.462325811e-01
5.303149223e-01
5.148435831e-01
5.000246763e-01
4.853373170e-01
4.709357917e-01
4.569359124e-01
4.433786869e-01
4.301093221e-01
4.169872105e-01
4.044002891e-01
3.923226595e-01
3.803367317e-01
3.688213527e-01
3.575853109e-01
3.469254076e-01
3.362546563e-01
3.261220157e-01
3.161730170e-01
3.067436516e-01
2.973316610e-01
2.882921398e-01
2.796497047e-01
2.712484002e-01
2.631773651e-01
2.551722527e-01
2.474315614e-01
2.400179356e-01
2.326259017e-01
2.256176770e-01
2.185575068e-01
2.120117098e-01
2.055407017e-01
1.993015260e-01
1.929937601e-01
1.870872080e-01
1.811567098e-01
1.754676700e-01
1.699005067e-01
1.644596010e-01
1.591478735e-01
1.539211124e-01
1.488447189e-01
1.439796984e-01
1.390320361e-01
1.343426257e-01
1.295220405e-01
1.251389533e-01
1.206327528e-01
1.163749471e-01
1.119334027e-01
1.078198776e-01
1.036683992e-01
9.962008893e-02
9.565889090e-02
9.174033999e-02
8.796495199e-02
8.424514532e-02
8.061494678e-02
7.711843401e-02
7.353841513e-02
7.024168968e-02
6.684387475e-02
6.374416500e-02
6.046190113e-02
5.738511309e-02
5.427946150e-02
5.142650381e-02
4.853485152e-02
4.572954774e-02
4.304306582e-02
4.033838585e-02
3.781824559e-02
3.536306694e-02
3.291868046e-02
3.064588085e-02
2.825526334e-02
2.613376826e-02
2.383008786e-02
2.178315446e-02
1.961993612e-02
1.768377423e-02
1.562429033e-02
1.376593392e-02
1.178845391e-02
9.913327172e-03
8.074648678e-03
6.204625592e-03
4.462603945e-03
2.667805180e-03
8.500594995e-04
-8.463048725e-04
-2.669447567e-03
-4.299174994e-03
-6.127767265e-03
-7.728208788e-03
-9.479873814e-03
-1.101634558e-02
-1.275897119e-02
-1.425951533e-02
-1.590883359e-02
-1.745502464e-02
-1.892765053e-02
-2.044370212e-02
-2.188760042e-02
-2.333384752e-02
-2.474064939e-02
-2.602525055e-02
-2.742954530e-02
-2.854742296e-02
-2.991168201e-02
-3.100996092e-02
-3.231360018e-02
-3.339078650e-02
-3.464326262e-02
-3.569000214e-02
-3.679403290e-02
-3.785969689e-02
-3.888366744e-02
-3.991732001e-02
-4.088110477e-02
-4.190009460e-02
-4.287246242e-02
-4.372821003e-02
-4.475266486e-02
-4.560956359e-02
-4.659799859e-02
-4.732541740e-02
-4.827305302e-02
-4.904674366e-02
-4.994738474e-02
-5.065296963e-02
-5.147979409e-02
-5.226990953e-02
-5.300602317e-02
-5.380585417e-02
-5.452669039e-02
-5.531855673e-02
-5.613289773e-02
-5.683619156e-02
-5.767875537e-02
-5.833351612e-02
-5.916012824e-02
-5.974473059e-02
-6.053490564e-02
-6.112034991e-02
-6.193922833e-02
-6.248844415e-02
-6.321974099e-02
-6.387837976e-02
-6.452564150e-02
-6.521752477e-02
-6.584281474e-02
-6.645826250e-02
-6.710570306e-02
-6.766397506e-02
-6.832664460e-02
-6.880848855e-02
-6.949312985e-02
-7.000304013e-02
-7.063478976e-02
-7.109411061e-02
-7.175032794e-02
-7.218023390e-02
-7.276690006e-02
-7.325535268e-02
-7.372552902e-02
-7.428690791e-02
-7.473897189e-02
-7.524006069e-02
-7.564371079e-02
-7.603263855e-02
-7.657945901e-02
-7.690767199e-02
-7.743579894e-02
-7.776816934e-02
-7.831952721e-02
-7.865482569e-02
-7.917676866e-02
-7.944843173e-02
-7.990742475e-02
-8.030521125e-02
-8.063179255e-02
-8.100222796e-02
-8.136247844e-02
-8.175779134e-02
-8.212115616e-02
-8.243866265e-02
-8.292893320e-02
-8.322203904e-02
-8.366798609e-02
-8.384776860e-02
-8.433161676e-02
-8.462110162e-02
-8.508885652e-02
-8.529046923e-02
-8.567738533e-02
-8.601568639e-02
-8.634069562e-02
-8.673098683e-02
-8.701117337e-02
-8.738327771e-02
-8.769556880e-02
-8.794911206e-02
-8.836310357e-02
-8.861093968e-02
-8.900823444e-02
-8.918251842e-02
-8.956544846e-02
-8.976770192e-02
-9.020809829e-02
-9.041111171e-02
-9.075894952e-02
-9.105586261e-02
-9.129053354e-02
-9.157352895e-02
-9.181325883e-02
-9.213832021e-02
-9.236289561e-02
-9.254812449e-02
-9.287391603e-02
-9.298896790e-02
-9.334581345e-02
-9.347283095e-02
-9.382973611e-02
-9.393805265e-02
-9.428675473e-02
-9.439469874e-02
-9.472559392e-02
-9.495109320e-02
-9.515439719e-02
-9.539671242e-02
-9.557222575e-02
-9.583871067e-02
-9.605662525e-02
-9.619250894e-02
-9.648881108e-02
-9.654266387e-02
-9.690091014e-02
-9.693867713e-02
-9.722236544e-02
-9.734913707e-02
-9.763483703e-02
-9.770239145e-02
-9.794861078e-02
-9.813277423e-02
-9.830886871e-02
-9.851408005e-02
-9.867336601e-02
-9.891270101e-02
-9.912908822e-02
-9.925339371e-02
-9.953743964e-02
-9.956334531e-02
-9.988137335e-02
-9.991078824e-02
-1.001730636e-01
-1.002070308e-01
-1.004928946e-01
-1.005428433e-01
-1.007899940e-01
-1.009517312e-01
-1.010998338e-01
-1.013140455e-01
-1.013880298e-01
-1.015878916e-01
-1.017475873e-01
-1.018611938e-01
-1.020716354e-01
-1.020781696e-01
-1.023429483e-01
-1.023380980e-01
-1.025541797e-01
-1.026010215e-01
-1.027936265e-01
-1.028365344e-01
-1.030543298e-01
-1.031534970e-01
-1.032123789e-01
-1.034209654e-01
-1.034988761e-01
-1.036362872e-01
-1.037623808e-01
-1.038334966e-01
-1.040916964e-01
-1.041092649e-01
-1.043406203e-01
-1.043263897e-01
-1.045711860e-01
-1.046190560e-01
-1.048318520e-01
-1.048038825e-01
-1.049582809e-01
-1.050649658e-01
-1.051709056e-01
-1.052901596e-01
-1.053274795e-01
-1.055315658e-01
-1.056800559e-01
-1.057137474e-01
-1.059343070e-01
-1.059000865e-01
-1.061537266e-01
-1.061267555e-01
-1.063176319e-01
-1.063190550e-01
-1.065310016e-01
-1.064946130e-01
-1.066617072e-01
-1.067138091e-01
-1.068426594e-01
-1.069857106e-01
-1.070090756e-01
-1.071071774e-01
-1.071847528e-01
-1.072122976e-01
-1.073900759e-01
-1.073516011e-01
-1.075511351e-01
-1.074734628e-01
-1.076975837e-01
-1.076437011e-01
-1.078276485e-01
-1.078215912e-01
-1.079702228e-01
-1.080494970e-01
-1.081132442e-01
-1.082488075e-01
-1.082679480e-01
-1.083551571e-01
-1.084768102e-01
-1.084532961e-01
-1.086223796e-01
-1.085608304e-01
-1.088054255e-01
-1.087376922e-01
-1.088890880e-01
-1.088597476e-01
-1.090672389e-01
-1.090103909e-01
-1.091239974e-01
-1.091931388e-01
-1.092356667e-01
-1.093150526e-01
-1.093208268e-01
-1.094403937e-01
-1.095259562e-01
-1.095182076e-01
-1.096625105e-01
-1.095947549e-01
-1.097875088e-01
-1.097168252e-01
-1.098418012e-01
-1.097746342e-01
-1.099921316e-01
-1.099034846e-01
-1.100062653e-01
-1.100029424e-01
-1.100783795e-01
-1.101819575e-01
-1.101855189e-01
-1.102396175e-01
-1.102915853e-01
-1.102784574e-01
-1.104093716e-01
-1.103283092e-01
-1.104903892e-01
-1.104189605e-01
-1.105870754e-01
-1.105296835e-01
-1.106816381e-01
-1.106350273e-01
-1.107728407e-01
-1.107823476e-01
-1.108105332e-01
-1.109171063e-01
-1.109057814e-01
-1.109753773e-01
-1.110165641e-01
-1.110170186e-01
-1.111318544e-01
-1.110455245e-01
-1.111836061e-01
-1.110829711e-01
-1.112254560e-01
-1.111695021e-01
-1.112818718e-01
-1.111636907e-01
-1.112541109e-01
-1.112820953e-01
-1.112895906e-01
-1.113849133e-01
-1.114024520e-01
-1.114689186e-01
-1.115749180e-01
-1.115205139e-01
-1.116678193e-01
-1.116305888e-01
-1.117832512e-01
-1.116627380e-01
-1.118262708e-01
-1.117610931e-01
-1.118865758e-01
-1.117961630e-01
-1.118539348e-01
-1.118567586e-01
-1.118803695e-01
-1.119576991e-01
-1.119447500e-01
-1.120077223e-01
-1.120641083e-01
-1.120260730e-01
-1.121627018e-01
-1.120611727e-01
-1.122306585e-01
-1.121036187e-01
-1.121934354e-01
-1.121587157e-01
-1.123194173e-01
-1.122345328e-01
-1.123255491e-01
-1.123143137e-01
-1.123296693e-01
-1.124180406e-01
-1.123539656e-01
-1.123704538e-01
-1.124051437e-01
-1.123837456e-01
-1.124791577e-01
-1.123763844e-01
-1.125133857e-01
-1.124399379e-01
-1.125770211e-01
-1.124859750e-01
-1.126274765e-01
-1.125338078e-01
-1.126797423e-01
-1.126923785e-01
-1.126397625e-01
-1.127278060e-01
-1.127006635e-01
-1.127683595e-01
-1.127715185e-01
-1.127585322e-01
-1.128477231e-01
-1.127340198e-01
-1.128869429e-01
-1.127212718e-01
-1.128448769e-01
-1.127830371e-01
-1.129225492e-01
-1.127593294e-01
-1.128370389e-01
-1.128247604e-01
-1.128488109e-01
-1.129155159e-01
-1.128833145e-01
-1.129457429e-01
-1.129740328e-01
-1.129315645e-01
-1.130191758e-01
-1.128900424e-01
-1.130791083e-01
-1.129042879e-01
-1.130319014e-01
-1.129392684e-01
-1.131135896e-01
-1.129994616e-01
-1.130305082e-01
-1.130480617e-01
-1.130588427e-01
-1.131589785e-01
-1.131215319e-01
-1.131214574e-01
-1.131198183e-01
-1.131018922e-01
-1.131736562e-01
-1.130572483e-01
-1.132074669e-01
-1.130894497e-01
-1.131820604e-01
-1.130601540e-01
-1.131609082e-01
-1.130536571e-01
-1.131470576e-01
-1.131593436e-01
-1.131087542e-01
-1.131500825e-01
-1.131149456e-01
-1.131154448e-01
-1.131193191e-01
-1.131016091e-01
-1.131911352e-01
-1.130867451e-01
-1.132355034e-01
-1.131168380e-01
-1.132203788e-01
-1.130932644e-01
-1.131537110e-01
-1.130615845e-01
-1.131553128e-01
-1.131200045e-01
-1.130877957e-01
-1.131305695e-01
-1.130855978e-01
-1.131317988e-01
-1.130876988e-01
-1.130322665e-01
-1.131335124e-01
-1.130352840e-01
-1.131432727e-01
-1.129596904e-01
-1.130737588e-01
-1.129890755e-01
-1.130849123e-01
-1.129286811e-01
-1.130092815e-01
-1.130393445e-01
-1.130265743e-01
-1.130299866e-01
-1.129721776e-01
-1.130248085e-01
-1.130164415e-01
-1.129239649e-01
-1.130282730e-01
-1.129013821e-01
-1.130348668e-01
-1.128849238e-01
-1.129732281e-01
-1.128762811e-01
-1.130318418e-01
-1.128888130e-01
-1.129382551e-01
-1.128862947e-01
-1.128864437e-01
-1.129311100e-01
-1.128555313e-01
-1.128799096e-01
-1.129116639e-01
-1.128453612e-01
-1.128960401e-01
-1.127978042e-01
-1.129481867e-01
-1.128124371e-01
-1.128951237e-01
-1.127608567e-01
-1.128895059e-01
-1.127808020e-01
-1.128365099e-01
-1.127754524e-01
-1.127448305e-01
-1.127897054e-01
-1.127203032e-01
-1.127241552e-01
-1.127097160e-01
-1.126564816e-01
-1.127717867e-01
-1.125866175e-01
-1.126966104e-01
-1.125492528e-01
-1.126411185e-01
-1.125266477e-01
-1.126186177e-01
-1.125307158e-01
-1.125857756e-01
-1.125456616e-01
-1.125025749e-01
-1.125321686e-01
-1.124601290e-01
-1.125106364e-01
-1.124898940e-01
-1.124026850e-01
-1.125019491e-01
-1.123403311e-01
-1.124593467e-01
-1.122969612e-01
-1.123860255e-01
-1.122689322e-01
-1.123481169e-01
-1.122351587e-01
-1.122993380e-01
-1.122405976e-01
-1.122151688e-01
-1.122350916e-01
-1.121740714e-01
-1.121879071e-01
-1.122076139e-01
-1.121485904e-01
-1.122625992e-01
-1.121232435e-01
-1.122442707e-01
-1.120816469e-01
-1.121866778e-01
-1.121005788e-01
-1.121740341e-01
-1.120105237e-01
-1.120588407e-01
-1.120106429e-01
-1.119860709e-01
-1.120115519e-01
-1.119225100e-01
-1.119503528e-01
-1.119489521e-01
-1.118671522e-01
-1.119226068e-01
-1.117792800e-01
-1.118803024e-01
-1.117677689e-01
-1.118299738e-01
-1.117209494e-01
-1.118225604e-01
-1.116611809e-01
-1.117204577e-01
-1.117111668e-01
-1.117059439e-01
-1.117124557e-01
-1.116155759e-01
-1.116708592e-01
-1.116642505e-01
-1.115681604e-01
-1.116607934e-01
-1.114994213e-01
-1.116226092e-01
-1.114870608e-01
-1.115769744e-01
-1.114652455e-01
-1.115568876e-01
-1.114203781e-01
-1.114706546e-01
-1.114288121e-01
-1.113771275e-01
-1.113867313e-01
-1.113211289e-01
-1.113436148e-01
-1.113506854e-01
-1.113036722e-01
-1.113642827e-01
-1.112180874e-01
-1.112993136e-01
-1.111690477e-01
-1.112521291e-01
-1.111508608e-01
-1.112404168e-01
-1.111138016e-01
-1.111443862e-01
-1.110963225e-01
-1.110514104e-01
-1.110574231e-01
-1.110053435e-01
-1.109940410e-01
-1.109595746e-01
-1.108273715e-01
-1.108955443e-01
-1.107822806e-01
-1.108896211e-01
-1.106901765e-01
-1.107877046e-01
-1.106678993e-01
-1.107663810e-01
-1.105924025e-01
-1.106511801e-01
-1.105914488e-01
-1.105862483e-01
-1.106020361e-01
-1.105165407e-01
-1.105099320e-01
-1.105578244e-01
-1.104772463e-01
-1.105032861e-01
-1.103335321e-01
-1.104562730e-01
-1.102397069e-01
