4.673792794e-02
4.629123583e-02
4.557806626e-02
4.530959576e-02
4.472430050e-02
4.448372126e-02
4.395547882e-02
4.353063926e-02
4.360352457e-02
4.315681383e-02
4.279360548e-02
4.241580144e-02
4.228126630e-02
4.199627787e-02
4.160790518e-02
4.137855768e-02
4.095901921e-02
4.001650214e-02
3.976131603e-02
3.997408971e-02
4.005096853e-02
3.976264223e-02
3.945976496e-02
3.894611076e-02
3.892956674e-02
3.874994814e-02
3.853516653e-02
3.803079948e-02
3.842913732e-02
3.823562339e-02
3.793338314e-02
3.763447329e-02
3.709033877e-02
3.667147085e-02
3.694519028e-02
3.654289618e-02
3.610482439e-02
3.609222174e-02
3.608691320e-02
3.582378849e-02
3.550169617e-02
3.492307663e-02
3.494295850e-02
3.450948745e-02
3.453069925e-02
3.388050944e-02
3.376187384e-02
3.353986517e-02
3.342057392e-02
3.267229721e-02
3.200352192e-02
3.117703460e-02
3.107031435e-02
3.162772581e-02
3.162507340e-02
3.120088950e-02
3.099344112e-02
3.096690401e-02
3.137585521e-02
3.159788996e-02
3.107893467e-02
3.036640957e-02
3.022325411e-02
2.984085679e-02
2.979443036e-02
2.965524420e-02
3.004563786e-02
2.959625982e-02
2.948093228e-02
2.937356755e-02
2.940937504e-02
2.930862084e-02
2.877704799e-02
2.868360095e-02
2.828325890e-02
2.778951265e-02
2.737197094e-02
2.699418366e-02
2.687487006e-02
2.681853808e-02
2.660578862e-02
2.616039850e-02
2.577599697e-02
2.514568903e-02
2.534983866e-02
2.548836730e-02
2.552282251e-02
2.538033389e-02
2.487394586e-02
2.439273521e-02
2.401030436e-02
2.380749770e-02
2.392415889e-02
2.378362603e-02
2.331904694e-02
2.290877141e-02
2.323485352e-02
2.310893312e-02
2.263968438e-02
2.209551819e-02
2.197026089e-02
2.190000564e-02
2.204912156e-02
2.226718143e-02
2.209353447e-02
2.190398425e-02
2.144469135e-02
2.120411023e-02
2.133732289e-02
2.151560970e-02
2.150898427e-02
2.119814232e-02
2.051944844e-02
2.056584507e-02
2.065134048e-02
2.072689869e-02
2.052143961e-02
2.048962004e-02
2.037561685e-02
2.043261938e-02
2.027952299e-02
1.966975816e-02
1.940396801e-02
1.982352324e-02
2.015292645e-02
2.010985464e-02
1.960414089e-02
1.973404363e-02
1.986262575e-02
1.981491037e-02
1.960413530e-02
1.902617514e-02
1.929395460e-02
1.949610561e-02
1.980297081e-02
2.003893256e-02
2.004953660e-02
2.016153932e-02
1.965716109e-02
1.983876526e-02
1.979567483e-02
2.009128965e-02
1.986858249e-02
1.939468272e-02
1.991895400e-02
2.013436705e-02
2.023179084e-02
1.984670758e-02
1.937479712e-02
1.979170367e-02
1.966113038e-02
1.924091205e-02
1.982484572e-02
2.003427781e-02
1.979899593e-02
1.919917576e-02
1.896189898e-02
1.869544573e-02
1.879551634e-02
1.876835153e-02
1.858807914e-02
1.826794073e-02
1.804921776e-02
1.754415967e-02
1.770721748e-02
1.760713197e-02
1.759983413e-02
1.781989634e-02
1.730356924e-02
1.655129902e-02
1.605618373e-02
1.564989425e-02
1.603827439e-02
1.635907218e-02
1.615492254e-02
1.579106227e-02
1.577050611e-02
1.591167971e-02
1.635839976e-02
1.645715907e-02
1.636833884e-02
1.622120477e-02
1.574333385e-02
1.567771845e-02
1.577712968e-02
1.558095124e-02
1.560480893e-02
1.547888853e-02
1.535228267e-02
1.555244252e-02
1.565982215e-02
1.576520875e-02
1.530125923e-02
1.526348013e-02
1.565519534e-02
1.561277732e-02
1.613174565e-02
1.622983627e-02
1.596007310e-02
1.624043286e-02
1.605219394e-02
1.583548449e-02
1.583613455e-02
1.598459668e-02
1.544046495e-02
1.589977741e-02
1.650688238e-02
1.601377502e-02
1.554585341e-02
1.534900256e-02
1.555909589e-02
1.559952926e-02
1.554054394e-02
1.522110309e-02
1.562470943e-02
1.510046702e-02
1.489765104e-02
1.500566490e-02
1.491287630e-02
1.480218116e-02
1.431240886e-02
1.401547901e-02
1.398763433e-02
1.401282288e-02
1.401878148e-02
1.331489813e-02
1.304049790e-02
1.309750043e-02
1.334207412e-02
1.278267056e-02
1.316112094e-02
1.340437867e-02
1.340702269e-02
1.264612004e-02
1.221198868e-02
1.294438820e-02
1.367743034e-02
1.369069051e-02
1.312532462e-02
1.313128229e-02
1.343882084e-02
1.394919027e-02
1.462125499e-02
1.462059747e-02
1.489101257e-02
1.537285838e-02
1.575594023e-02
1.580500416e-02
1.546631847e-02
1.574932225e-02
1.506997086e-02
1.117205154e-02
6.491438951e-03
8.212702349e-03
6.143248081e-02
4.564378858e-01
1.637924552e+00
3.594516993e+00
5.860517502e+00
7.947794914e+00
9.571451187e+00
1.066151142e+01
1.127406311e+01
1.150786877e+01
1.145640373e+01
1.120666027e+01
1.083284855e+01
1.039665127e+01
9.942568779e+00
9.505239487e+00
9.100620270e+00
8.734362602e+00
8.408905983e+00
8.125421524e+00
7.875860214e+00
7.658878326e+00
7.467574596e+00
7.294452190e+00
7.135631561e+00
6.985067844e+00
6.837895393e+00
6.684489727e+00
6.497135162e+00
6.282632351e+00
6.090476990e+00
5.945057869e+00
5.825395107e+00
5.709229946e+00
5.585797787e+00
5.459836006e+00
5.335894108e+00
5.220546246e+00
5.112411499e+00
5.011278152e+00
4.916873932e+00
4.824569225e+00
4.732466221e+00
4.639119625e+00
4.544045925e+00
4.448760509e+00
4.351805687e+00
4.256531715e+00
4.160403728e+00
4.068223476e+00
3.975645781e+00
3.883340359e+00
3.783170462e+00
3.660452604e+00
3.529449701e+00
3.421357393e+00
3.341785669e+00
3.272463083e+00
3.201277971e+00
3.125380993e+00
3.048743725e+00
2.975154400e+00
2.902979374e+00
2.835091591e+00
2.770477057e+00
2.710460186e+00
2.654068947e+00
2.600323677e+00
2.546170235e+00
2.492701769e+00
2.438961029e+00
2.383890152e+00
2.329417467e+00
2.275102139e+00
2.221686363e+00
2.169397593e+00
2.116363525e+00
2.057722092e+00
1.982001901e+00
1.905160189e+00
1.845632792e+00
1.803403139e+00
1.765700102e+00
1.727225184e+00
1.685993075e+00
1.645480752e+00
1.606463432e+00
1.567931056e+00
1.531656384e+00
1.496531129e+00
1.463592291e+00
1.433787942e+00
1.406449556e+00
1.380009532e+00
1.352834940e+00
1.326772213e+00
1.299447060e+00
1.272112846e+00
1.244288921e+00
1.217743039e+00
1.189723849e+00
1.161277533e+00
1.127177000e+00
1.080385566e+00
1.033774972e+00
9.994666576e-01
9.760556817e-01
9.553900957e-01
9.342353344e-01
9.122622609e-01
8.891951442e-01
8.687338829e-01
8.481227756e-01
8.280114532e-01
8.087390661e-01
7.921288610e-01
7.773215175e-01
7.643240094e-01
7.531114817e-01
7.405456305e-01
7.283006310e-01
7.153264284e-01
7.014429569e-01
6.875342727e-01
6.739361882e-01
6.602993011e-01
6.445326209e-01
6.248310208e-01
5.940121412e-01
5.622516274e-01
5.414125323e-01
5.299210548e-01
5.210075974e-01
5.117032528e-01
5.022224784e-01
4.904367030e-01
4.807512760e-01
4.715757072e-01
4.607985914e-01
4.514236152e-01
4.429979920e-01
4.363884032e-01
4.302133024e-01
4.257419407e-01
4.212767482e-01
4.161852896e-01
4.109432399e-01
4.046085775e-01
3.979579806e-01
3.919140995e-01
3.857589364e-01
3.761435449e-01
3.629784882e-01
3.408398330e-01
3.180346787e-01
3.053138256e-01
2.996913493e-01
2.964805961e-01
2.912934721e-01
2.862170935e-01
2.812017202e-01
2.761527598e-01
2.716133893e-01
2.668922246e-01
2.611663043e-01
2.574953437e-01
2.559365034e-01
2.535637617e-01
2.538971901e-01
2.543743551e-01
2.530156076e-01
2.517841458e-01
2.499992847e-01
2.482800782e-01
2.452889085e-01
2.429848909e-01
2.390612215e-01
2.293168455e-01
2.117468864e-01
1.943951994e-01
1.843472868e-01
1.814437211e-01
1.815112978e-01
1.787045002e-01
1.765859425e-01
1.750939935e-01
1.722662747e-01
1.700313538e-01
1.675206870e-01
1.651684791e-01
1.627963483e-01
1.624092162e-01
1.633630246e-01
1.640794873e-01
1.656907797e-01
1.675678045e-01
1.684373319e-01
1.690006405e-01
1.695116758e-01
1.672105342e-01
1.662044227e-01
1.645805836e-01
1.568165570e-01
1.415073425e-01
1.258408129e-01
1.185919046e-01
1.167560220e-01
1.173677593e-01
1.168269813e-01
1.153992936e-01
1.144747436e-01
1.138696000e-01
1.132014990e-01
1.126408502e-01
1.126653552e-01
1.110242233e-01
1.122398451e-01
1.137820631e-01
1.150500029e-01
1.175321713e-01
1.200354546e-01
1.222962961e-01
1.232095584e-01
1.245576292e-01
1.254139990e-01
1.246464625e-01
1.228840873e-01
1.172094122e-01
1.027603149e-01
8.852860332e-02
8.297245950e-02
8.122463524e-02
8.263707161e-02
8.357429504e-02
8.249524236e-02
8.201734722e-02
8.211147040e-02
8.220029622e-02
8.132541925e-02
8.150902390e-02
8.244021237e-02
8.337476104e-02
8.590266854e-02
8.890510350e-02
9.126119316e-02
9.398741275e-02
9.730668366e-02
9.762886167e-02
9.971147031e-02
1.015645862e-01
1.016461700e-01
1.009734273e-01
9.577959776e-02
8.358418196e-02
7.063926011e-02
6.593079865e-02
6.661614031e-02
6.760768592e-02
6.862442940e-02
6.891209632e-02
6.828374416e-02
6.849054992e-02
6.961266696e-02
6.811607629e-02
6.851705164e-02
6.982541084e-02
7.034900784e-02
7.256399095e-02
7.545839250e-02
7.907131314e-02
8.158055693e-02
8.503238857e-02
8.802089840e-02
8.920271695e-02
8.996608853e-02
9.072630852e-02
8.973481506e-02
8.554937690e-02
7.499381155e-02
6.146162003e-02
5.691885576e-02
5.755975097e-02
5.820200220e-02
5.889527127e-02
5.924122781e-02
6.029308215e-02
6.067483872e-02
6.170088798e-02
6.244052947e-02
6.173136458e-02
6.218537688e-02
6.346055865e-02
6.479814649e-02
6.827579439e-02
7.246123999e-02
7.435289025e-02
7.701068372e-02
7.958430052e-02
8.079517633e-02
8.207431436e-02
8.305595070e-02
8.310168982e-02
7.850198448e-02
6.746184826e-02
5.621555448e-02
5.078745633e-02
5.146475136e-02
5.293947086e-02
5.321387202e-02
5.355321988e-02
5.498679355e-02
5.463286489e-02
5.625795946e-02
5.692283064e-02
5.618172884e-02
5.617709830e-02
5.782819912e-02
6.047006696e-02
6.253929436e-02
6.653596461e-02
7.022242248e-02
7.252424955e-02
7.458153367e-02
7.634390891e-02
7.784846425e-02
7.902090997e-02
7.941921800e-02
7.442049682e-02
6.419897079e-02
5.293351412e-02
4.720191285e-02
4.741591960e-02
4.921995103e-02
5.047130585e-02
5.013395473e-02
5.105844513e-02
5.213948339e-02
5.200294778e-02
5.285531655e-02
5.383483320e-02
5.405753106e-02
5.538241565e-02
5.835777149e-02
5.993584171e-02
6.366336346e-02
6.702311337e-02
6.885769218e-02
7.140017301e-02
7.282912731e-02
7.489899546e-02
7.529999316e-02
7.503157854e-02
7.177858055e-02
6.160011142e-02
5.068467185e-02
4.617262259e-02
4.627203941e-02
4.776124656e-02
4.952550679e-02
4.900452867e-02
4.988804087e-02
5.098360777e-02
5.112806335e-02
5.159269273e-02
5.161720514e-02
5.255041271e-02
5.336694792e-02
5.559254065e-02
5.859041214e-02
6.174260378e-02
6.492207199e-02
6.766800582e-02
6.876626611e-02
7.050342858e-02
7.292786241e-02
7.322811335e-02
7.379481941e-02
7.086461782e-02
6.028244644e-02
4.950758815e-02
4.462357983e-02
4.529037699e-02
4.642514512e-02
4.700437933e-02
4.699840397e-02
4.696461186e-02
4.798327759e-02
4.895281419e-02
4.929682240e-02
5.012853071e-02
5.130307376e-02
5.105581507e-02
5.308063328e-02
5.670411140e-02
5.947386473e-02
6.277786940e-02
6.550266594e-02
6.800138950e-02
6.905262172e-02
7.063199580e-02
7.186743617e-02
7.171100378e-02
6.889620423e-02
5.958187953e-02
4.836636782e-02
4.417952150e-02
4.510745779e-02
4.579813406e-02
4.662792385e-02
4.685329646e-02
4.620704427e-02
4.702228308e-02
4.835180938e-02
4.887005687e-02
4.838892817e-02
4.931477085e-02
5.062440783e-02
5.165432394e-02
5.406422168e-02
5.691485479e-02
5.941287801e-02
6.209258363e-02
6.456085294e-02
6.517126411e-02
6.731934100e-02
6.936679780e-02
6.894852221e-02
6.529388577e-02
5.574762449e-02
4.521681741e-02
3.957249224e-02
4.088211432e-02
4.342655465e-02
4.379373416e-02
4.378977045e-02
4.382754862e-02
4.388851672e-02
4.525194690e-02
4.728738964e-02
4.660012200e-02
4.734440148e-02
4.846848175e-02
4.940025881e-02
5.259150267e-02
5.560780689e-02
5.875013024e-02
6.047603488e-02
6.276265532e-02
6.476631761e-02
6.554509699e-02
6.642790884e-02
6.623439491e-02
6.284946948e-02
5.440026894e-02
4.495232552e-02
3.875927627e-02
3.969442099e-02
4.245363176e-02
4.263849929e-02
4.200757295e-02
4.167816043e-02
4.249537364e-02
4.271140695e-02
4.309781268e-02
4.352464154e-02
4.347825795e-02
4.466532543e-02
4.726092145e-02
4.924854264e-02
5.212294683e-02
5.650053173e-02
5.792430788e-02
6.030967087e-02
6.223508716e-02
6.327895820e-02
6.475108862e-02
6.463306397e-02
6.157953665e-02
5.234757811e-02
4.261862859e-02
3.823697194e-02
3.833374381e-02
3.979977965e-02
4.066475108e-02
4.047718272e-02
4.121219367e-02
4.253578186e-02
4.168606550e-02
4.271474481e-02
4.339013994e-02
4.292019829e-02
4.383021221e-02
4.485753179e-02
4.686588421e-02
4.914113134e-02
5.238673463e-02
5.487868562e-02
5.676302686e-02
5.893373489e-02
6.061921641e-02
6.126141921e-02
6.134426594e-02
5.955939367e-02
4.998149350e-02
4.004833102e-02
3.553019091e-02
3.494364396e-02
3.664630651e-02
3.759739175e-02
3.839536756e-02
3.785186261e-02
3.810903057e-02
3.917744383e-02
3.984152898e-02
4.080392048e-02
4.130169004e-02
4.126720503e-02
4.281484336e-02
4.592667148e-02
4.708661884e-02
5.066682026e-02
5.422662944e-02
5.574632809e-02
5.773341283e-02
5.951499939e-02
6.108842790e-02
6.072125211e-02
5.840482935e-02
5.091866478e-02
4.072304815e-02
3.636461496e-02
3.646335751e-02
3.647860140e-02
3.709169105e-02
3.752116859e-02
3.608094528e-02
3.734620661e-02
3.827739879e-02
3.810044006e-02
3.888648003e-02
3.947504610e-02
4.015174881e-02
4.086953402e-02
4.353197664e-02
4.641917720e-02
4.924193397e-02
5.154569447e-02
5.381833762e-02
5.477469042e-02
5.694333464e-02
5.922603607e-02
5.790508538e-02
5.552691221e-02
4.801775143e-02
3.719442710e-02
3.169201687e-02
3.166947514e-02
3.376920894e-02
3.441208228e-02
3.512786701e-02
3.497875482e-02
3.498670459e-02
3.585096076e-02
3.633678332e-02
3.627049550e-02
3.702409193e-02
3.886459023e-02
3.823361918e-02
4.059581831e-02
4.402374476e-02
4.657092318e-02
4.851220176e-02
5.070258677e-02
5.253584310e-02
5.390911549e-02
5.540495366e-02
5.653973669e-02
5.418808013e-02
4.745243490e-02
3.834563121e-02
3.271930665e-02
3.283995017e-02
3.493366018e-02
3.392754868e-02
3.449689224e-02
3.542742133e-02
3.517226130e-02
3.546852618e-02
3.610543907e-02
3.704920411e-02
3.714131564e-02
3.843512386e-02
3.976466879e-02
4.141300544e-02
4.429218173e-02
4.706535488e-02
4.901590198e-02
5.065221712e-02
5.284933001e-02
5.274593458e-02
5.424842611e-02
5.523395166e-02
5.221971497e-02
4.476074502e-02
3.559776023e-02
3.092781827e-02
2.996410988e-02
3.213210776e-02
3.307460621e-02
3.327672929e-02
3.303880617e-02
3.313425556e-02
3.393287584e-02
3.490783274e-02
3.588739783e-02
3.504435346e-02
3.615782037e-02
3.793338686e-02
3.947103024e-02
4.185840115e-02
4.409933463e-02
4.656561092e-02
4.758295417e-02
4.973692447e-02
5.177627504e-02
5.274592713e-02
5.350814387e-02
5.133485049e-02
4.360485449e-02
3.461622447e-02
3.028556146e-02
2.891492471e-02
3.111139685e-02
3.254834563e-02
3.219639882e-02
3.203468770e-02
3.222689778e-02
3.297187760e-02
3.251918778e-02
3.367905691e-02
3.404158354e-02
3.431003168e-02
3.562164307e-02
3.777500987e-02
4.050369933e-02
4.385273531e-02
4.625277966e-02
4.626404494e-02
4.843330011e-02
5.027111247e-02
5.100278184e-02
5.162646249e-02
4.955925420e-02
4.243900627e-02
3.270740807e-02
2.828526311e-02
2.813681029e-02
2.917076461e-02
3.005425446e-02
3.046185710e-02
3.013711795e-02
3.027033806e-02
3.201280534e-02
3.141827136e-02
3.224211931e-02
3.236738592e-02
3.186630830e-02
3.332445771e-02
3.546394408e-02
3.845105693e-02
4.030746594e-02
4.326418415e-02
4.514986649e-02
4.651262239e-02
4.816886783e-02
4.931478575e-02
4.892044142e-02
4.654245824e-02
4.067998379e-02
3.125255927e-02
2.688813023e-02
2.699749731e-02
2.720759995e-02
2.813618258e-02
2.824619226e-02
2.882209234e-02
2.828663588e-02
2.909450792e-02
2.986733243e-02
3.008011356e-02
3.007483110e-02
3.063285723e-02
3.119425662e-02
3.323499858e-02
3.660255298e-02
3.784389421e-02
4.051495716e-02
4.254307225e-02
4.289567843e-02
4.439426586e-02
4.548063502e-02
4.623953253e-02
4.374935105e-02
3.811102360e-02
3.019212373e-02
2.468307316e-02
2.397914417e-02
2.502440475e-02
2.552810870e-02
2.620679326e-02
2.704853192e-02
2.592511475e-02
2.693122067e-02
2.800030634e-02
2.804404497e-02
2.811296843e-02
2.905282937e-02
3.075416759e-02
3.199224919e-02
3.460100666e-02
3.697635606e-02
3.885400668e-02
4.100342095e-02
4.283074290e-02
4.426503181e-02
4.601684585e-02
4.751407728e-02
4.485226050e-02
3.898587450e-02
3.085026890e-02
2.502173185e-02
2.417401969e-02
2.515164390e-02
2.662234753e-02
2.614252083e-02
2.694380470e-02
2.774513140e-02
2.789824270e-02
2.812027745e-02
2.809774131e-02
2.769011445e-02
2.839532495e-02
3.019608930e-02
3.073495254e-02
3.370356932e-02
3.657804430e-02
3.796855733e-02
3.965001181e-02
4.141701385e-02
4.317735508e-02
4.354851693e-02
4.453809187e-02
4.349085689e-02
3.777768835e-02
2.955781855e-02
2.423167229e-02
2.313412540e-02
2.437881567e-02
2.606230974e-02
2.584160119e-02
2.725266851e-02
2.788630500e-02
2.744752541e-02
2.810104564e-02
2.834755741e-02
2.900769748e-02
2.904879302e-02
3.059112839e-02
3.301163018e-02
3.493304923e-02
