9.902574539e+00
9.874503136e+00
9.902244568e+00
9.956722260e+00
9.988145828e+00
9.942289352e+00
9.825469017e+00
9.667773247e+00
9.557930946e+00
9.516317368e+00
9.584604263e+00
9.731818199e+00
9.844359398e+00
9.881962776e+00
9.885525703e+00
9.881520271e+00
9.866331100e+00
9.908658981e+00
1.001546383e+01
1.017321110e+01
1.030348110e+01
1.002284527e+01
9.985108376e+00
9.981754303e+00
9.986209869e+00
9.999460220e+00
1.008119488e+01
9.838102341e+00
9.739454269e+00
9.679513931e+00
9.680833817e+00
9.760396957e+00
9.875567436e+00
9.959571838e+00
1.000314140e+01
9.936150551e+00
9.818322182e+00
9.711575508e+00
9.641539574e+00
9.637045860e+00
1.003126526e+01
1.046633816e+01
1.021651745e+01
1.018761253e+01
1.008973789e+01
9.965537071e+00
9.829503059e+00
9.753973007e+00
9.779642105e+00
9.897019386e+00
1.004155922e+01
1.019375134e+01
1.030000591e+01
1.069356537e+01
1.075884056e+01
1.075197792e+01
1.068870544e+01
1.059757423e+01
1.052109432e+01
1.047765732e+01
1.051049423e+01
1.058895588e+01
1.068491077e+01
1.072342682e+01
1.100000000e+01
1.087426281e+01
1.070442200e+01
1.056815147e+01
1.016581917e+01
1.016239262e+01
1.025708771e+01
1.036314774e+01
1.071302319e+01
1.049906445e+01
1.022795010e+01
1.004513073e+01
9.900748253e+00
9.818919182e+00
9.792050362e+00
1.013315773e+01
1.019898987e+01
1.024117947e+01
1.026502991e+01
1.026778126e+01
1.019222832e+01
1.010153961e+01
9.980791092e+00
9.877668381e+00
9.797211647e+00
9.762825966e+00
9.792563438e+00
9.951030731e+00
1.012717056e+01
1.035771084e+01
1.050188541e+01
1.011485291e+01
9.928714752e+00
9.806277275e+00
9.484924316e+00
9.648694992e+00
9.808979988e+00
1.021624851e+01
1.022586536e+01
1.015814877e+01
1.006085777e+01
9.977365494e+00
9.926280975e+00
9.877095222e+00
9.843209267e+00
9.823133469e+00
9.804245949e+00
9.786107063e+00
9.763639450e+00
9.721447945e+00
9.699269295e+00
9.998610497e+00
9.960502625e+00
9.893589973e+00
9.810323715e+00
9.714366913e+00
9.672134399e+00
9.699199677e+00
9.783432961e+00
9.895175934e+00
9.983154297e+00
9.697480202e+00
9.660302162e+00
9.288168907e+00
9.197427750e+00
9.142250061e+00
9.144652367e+00
9.151491165e+00
9.158870697e+00
9.165983200e+00
9.184678078e+00
9.233809471e+00
8.984853745e+00
8.980609894e+00
8.935047150e+00
8.858889580e+00
8.730021477e+00
8.612791061e+00
8.585533142e+00
8.645047188e+00
8.774362564e+00
8.854180336e+00
8.843544960e+00
8.781301498e+00
8.691119194e+00
8.642395973e+00
8.660548210e+00
8.767757416e+00
8.196735382e+00
8.247706413e+00
8.305360794e+00
8.298484802e+00
8.294281006e+00
8.272719383e+00
8.257510185e+00
8.597586632e+00
8.658283234e+00
8.698424339e+00
8.725118637e+00
8.756175041e+00
9.087260246e+00
9.149333000e+00
9.281727791e+00
9.413426399e+00
9.119630814e+00
9.105895996e+00
9.066646576e+00
9.055719376e+00
9.094894409e+00
9.155705452e+00
9.226572037e+00
9.315263748e+00
9.035496712e+00
8.999792099e+00
8.885452271e+00
8.746506691e+00
8.643519402e+00
8.590338707e+00
8.864851952e+00
8.863513947e+00
8.884513855e+00
8.909896851e+00
8.926148415e+00
8.924516678e+00
8.887144089e+00
8.827436447e+00
8.745080948e+00
8.660828590e+00
8.832340240e+00
8.989475250e+00
8.626738548e+00
9.026555061e+00
9.130578041e+00
9.196855545e+00
9.197283745e+00
9.221614838e+00
9.100200653e+00
8.997306824e+00
8.986471176e+00
9.021302223e+00
8.767988205e+00
8.797570229e+00
8.754329681e+00
8.657327652e+00
8.565423012e+00
8.809904099e+00
8.797390938e+00
8.821353912e+00
8.854854584e+00
8.879109383e+00
8.839590073e+00
8.779591560e+00
8.801573753e+00
8.809518814e+00
8.790611267e+00
8.795881271e+00
8.836333275e+00
8.883642197e+00
8.949316025e+00
8.995233536e+00
9.056217194e+00
9.064643860e+00
9.244951248e+00
8.984750748e+00
8.773581505e+00
8.668928146e+00
8.595410347e+00
8.499340057e+00
8.506777763e+00
8.528997421e+00
8.831122398e+00
8.801305771e+00
8.799175262e+00
8.837183952e+00
8.860991478e+00
8.859328270e+00
8.873141289e+00
8.885619164e+00
8.574310303e+00
8.536437035e+00
8.779672623e+00
8.687245369e+00
8.620681763e+00
8.598519325e+00
8.638246536e+00
8.644426346e+00
8.624939919e+00
8.577359200e+00
8.507001877e+00
8.448785782e+00
8.456998825e+00
8.403897285e+00
8.846014977e+00
8.703651428e+00
8.704946518e+00
8.623230934e+00
8.599728584e+00
8.594829559e+00
8.788578987e+00
8.832747459e+00
8.907359123e+00
9.022803307e+00
8.909740448e+00
8.505408287e+00
8.448278427e+00
8.334731102e+00
8.439660072e+00
8.281069756e+00
8.419723511e+00
8.341514587e+00
8.483983040e+00
8.437545776e+00
8.235834122e+00
8.111691475e+00
8.255187988e+00
8.227794647e+00
8.137444496e+00
8.184768677e+00
8.035316467e+00
7.938278198e+00
7.983220100e+00
7.958511829e+00
8.116165161e+00
7.985883713e+00
8.125813484e+00
8.031023979e+00
8.127984047e+00
8.043038368e+00
8.191603661e+00
8.090559959e+00
8.196701050e+00
8.078660965e+00
7.863228798e+00
7.897246838e+00
7.870570183e+00
7.935080051e+00
8.126830101e+00
8.205463409e+00
8.379079819e+00
8.540533066e+00
8.641640663e+00
8.504498482e+00
8.315534592e+00
8.587140083e+00
8.707791328e+00
8.647638321e+00
8.505786896e+00
8.410028458e+00
8.543073654e+00
8.557895660e+00
8.508978844e+00
8.558143616e+00
8.704173088e+00
8.740977287e+00
8.906809807e+00
8.738089561e+00
8.818431854e+00
8.641381264e+00
8.639461517e+00
8.458755493e+00
8.484598160e+00
8.397705078e+00
8.543017387e+00
8.512757301e+00
8.488924026e+00
8.666799545e+00
8.389086723e+00
8.347186089e+00
8.335854530e+00
8.177741051e+00
8.162743568e+00
7.917280674e+00
8.350801468e+00
8.238282204e+00
8.365599632e+00
8.294981003e+00
8.671946526e+00
8.499044418e+00
8.545751572e+00
8.462680817e+00
8.341411591e+00
8.409877777e+00
8.326847076e+00
8.271132469e+00
8.281845093e+00
8.171729088e+00
8.230815887e+00
8.090943336e+00
8.330160141e+00
8.308290482e+00
8.452419281e+00
8.347152710e+00
8.472337723e+00
8.417729378e+00
8.639165878e+00
8.449670792e+00
8.503830910e+00
8.660884857e+00
8.611893654e+00
8.503526688e+00
8.817952156e+00
8.791255951e+00
8.950555801e+00
8.516760826e+00
8.712635040e+00
8.649962425e+00
8.754693985e+00
8.625593185e+00
8.702734947e+00
8.589887619e+00
8.739931107e+00
8.728344917e+00
8.584733009e+00
8.613404274e+00
8.604069710e+00
8.656957626e+00
8.412853241e+00
8.082678795e+00
8.233098030e+00
8.113092422e+00
8.254100800e+00
8.107775688e+00
8.495853424e+00
8.408638954e+00
8.568539619e+00
8.835359573e+00
9.052959442e+00
9.099977493e+00
8.774492264e+00
9.228615761e+00
9.214377403e+00
9.229780197e+00
9.017858505e+00
9.034748077e+00
9.185083389e+00
9.007006645e+00
9.079541206e+00
8.844782829e+00
8.859426498e+00
8.775000572e+00
8.942225456e+00
8.908944130e+00
9.080880165e+00
9.066407204e+00
8.945343971e+00
9.005034447e+00
8.984729767e+00
9.323818207e+00
9.441762924e+00
9.412836075e+00
9.529522896e+00
9.356578827e+00
9.518730164e+00
9.106396675e+00
9.194074631e+00
9.071601868e+00
9.149635315e+00
8.943913460e+00
8.942304611e+00
8.800534248e+00
8.669939995e+00
8.848675728e+00
8.977353096e+00
9.073904991e+00
9.485198975e+00
9.364947319e+00
9.299798965e+00
8.964768410e+00
9.012387276e+00
8.913681030e+00
9.111868858e+00
9.198851585e+00
9.434729576e+00
9.292901993e+00
9.673584938e+00
9.586113930e+00
9.466754913e+00
9.553838730e+00
9.509881020e+00
9.455597878e+00
9.445327759e+00
9.290380478e+00
9.319611549e+00
9.127535820e+00
9.296929359e+00
9.268762589e+00
9.402743340e+00
9.271783829e+00
9.330775261e+00
9.194985390e+00
9.046107292e+00
9.017606735e+00
9.002324104e+00
9.183012962e+00
9.227977753e+00
9.196401596e+00
9.181889534e+00
9.019059181e+00
9.032933235e+00
8.844085693e+00
8.708495140e+00
8.687863350e+00
8.843854904e+00
8.750940323e+00
8.823143959e+00
8.941161156e+00
8.998231888e+00
8.987831116e+00
8.971050262e+00
9.163080215e+00
9.215916634e+00
9.256155968e+00
9.403918266e+00
9.073874474e+00
9.237690926e+00
9.136468887e+00
9.291083336e+00
9.141816139e+00
8.873875618e+00
8.763138771e+00
8.922517776e+00
8.911845207e+00
9.114549637e+00
9.134731293e+00
9.080396652e+00
9.178030014e+00
9.142098427e+00
9.418661118e+00
9.461826324e+00
9.439643860e+00
9.608656883e+00
9.469708443e+00
9.554042816e+00
9.338996887e+00
9.294261932e+00
9.052624702e+00
9.070000648e+00
8.960428238e+00
9.183855057e+00
9.279325485e+00
9.267783165e+00
9.381406784e+00
9.333708763e+00
9.258870125e+00
9.270628929e+00
8.871465683e+00
9.001518250e+00
8.858987808e+00
9.012658119e+00
9.197261810e+00
9.288218498e+00
9.214930534e+00
9.343394279e+00
9.237870216e+00
9.377760887e+00
9.334384918e+00
9.219156265e+00
9.291958809e+00
9.242943764e+00
9.251662254e+00
9.392077446e+00
9.422417641e+00
9.575599670e+00
9.387621880e+00
9.439098358e+00
9.215917587e+00
9.284694672e+00
9.282584190e+00
9.144919395e+00
9.055406570e+00
9.231782913e+00
9.236028671e+00
9.078034401e+00
9.070519447e+00
8.948893547e+00
8.861848831e+00
8.907668114e+00
8.921580315e+00
9.129865646e+00
9.041734695e+00
9.273922920e+00
9.272546768e+00
9.493486404e+00
9.147438049e+00
9.211756706e+00
9.056594849e+00
9.158343315e+00
9.426293373e+00
9.253715515e+00
8.986812592e+00
9.080559731e+00
9.123256683e+00
9.504867554e+00
9.398898125e+00
9.435569763e+00
9.167676926e+00
9.247361183e+00
9.235735893e+00
9.515316010e+00
9.173102379e+00
9.341589928e+00
9.211574554e+00
9.257959366e+00
9.178196907e+00
9.054769516e+00
9.145999908e+00
9.077827454e+00
9.008026123e+00
9.063081741e+00
9.017499924e+00
9.123857498e+00
8.944714546e+00
9.161904335e+00
9.146308899e+00
9.297341347e+00
9.250670433e+00
9.417106628e+00
9.332249641e+00
9.477860451e+00
9.471815109e+00
9.402672768e+00
9.798839569e+00
9.744459152e+00
9.712700844e+00
9.807518005e+00
9.430982590e+00
9.578817368e+00
9.502140999e+00
9.749164581e+00
9.700481415e+00
9.783574104e+00
9.593075752e+00
9.615742683e+00
9.468618393e+00
9.311176300e+00
9.357110977e+00
9.341691017e+00
9.504174232e+00
9.496966362e+00
9.449251175e+00
9.469013214e+00
9.326388359e+00
9.365893364e+00
9.578112602e+00
9.526887894e+00
9.511988640e+00
9.629526138e+00
9.762110710e+00
9.753262520e+00
9.553230286e+00
9.646536827e+00
9.616798401e+00
9.539750099e+00
9.688903809e+00
9.675458908e+00
9.614220619e+00
9.644751549e+00
9.605908394e+00
9.713179588e+00
9.533414841e+00
9.638417244e+00
9.447669983e+00
9.776528358e+00
9.629061699e+00
9.716897964e+00
9.664377213e+00
9.862195015e+00
9.911403656e+00
9.861364365e+00
9.883874893e+00
9.700451851e+00
9.519621849e+00
9.484304428e+00
9.439998627e+00
9.618833542e+00
9.860475540e+00
1.006675911e+01
9.994538307e+00
1.008760262e+01
9.983472824e+00
1.042410946e+01
1.030656433e+01
1.040510464e+01
1.034967804e+01
1.023518085e+01
1.031428623e+01
1.031761551e+01
1.036564159e+01
1.047343445e+01
1.043189812e+01
1.051909351e+01
1.030681992e+01
1.039688873e+01
1.022163963e+01
1.048387909e+01
1.018345547e+01
1.021166229e+01
1.016466045e+01
1.040735722e+01
1.051618290e+01
1.056881237e+01
1.074701118e+01
1.037775517e+01
1.031788731e+01
1.003285503e+01
1.000191593e+01
1.012530231e+01
9.993527412e+00
1.016482067e+01
1.003006554e+01
1.007413769e+01
9.871164322e+00
9.832768440e+00
9.609959602e+00
9.698842049e+00
9.707906723e+00
9.716317177e+00
9.913008690e+00
9.565247536e+00
9.811421394e+00
9.800979614e+00
9.705234528e+00
9.903500557e+00
9.834860802e+00
1.004434204e+01
9.679877281e+00
9.850343704e+00
9.839494705e+00
1.030562592e+01
1.007764339e+01
1.004229069e+01
9.968438148e+00
9.821123123e+00
9.852468491e+00
9.779104233e+00
9.724259377e+00
9.755507469e+00
9.718386650e+00
9.935907364e+00
9.964076042e+00
1.032715225e+01
1.004139519e+01
1.021090412e+01
9.843420029e+00
9.914730072e+00
9.732817650e+00
9.796381950e+00
9.717731476e+00
9.619762421e+00
9.728056908e+00
9.781660080e+00
9.890918732e+00
1.003695393e+01
1.004458523e+01
1.024000072e+01
1.018235016e+01
1.006357288e+01
9.935907364e+00
9.996117592e+00
9.852334023e+00
9.907411575e+00
9.744544983e+00
9.840653419e+00
9.790884018e+00
9.666275024e+00
9.674062729e+00
9.540137291e+00
9.416208267e+00
9.429574966e+00
9.386431694e+00
9.578127861e+00
9.492827415e+00
9.706220627e+00
9.606003761e+00
9.310795784e+00
9.066823959e+00
9.055066109e+00
8.848779678e+00
8.993939400e+00
9.042661667e+00
9.034025192e+00
9.215054512e+00
9.193357468e+00
9.081202507e+00
9.034679413e+00
8.893663406e+00
8.954262733e+00
9.048072815e+00
9.116715431e+00
8.908889771e+00
8.959554672e+00
8.881516457e+00
9.030971527e+00
9.273032188e+00
9.458362579e+00
9.467719078e+00
9.369047165e+00
9.448342323e+00
9.407383919e+00
9.697669983e+00
9.744049072e+00
9.749821663e+00
9.909591675e+00
9.772510529e+00
9.890376091e+00
9.968747139e+00
9.879293442e+00
9.645267487e+00
9.817823410e+00
9.764449120e+00
9.926737785e+00
9.911705971e+00
9.827858925e+00
9.885245323e+00
9.798721313e+00
9.704063416e+00
9.993252754e+00
9.917815208e+00
1.008488750e+01
9.991434097e+00
9.812596321e+00
9.700256348e+00
9.865038872e+00
9.833580971e+00
9.976103783e+00
9.826489449e+00
9.925002098e+00
9.943427086e+00
9.616808891e+00
9.808240891e+00
9.959718704e+00
1.010667706e+01
1.026677418e+01
1.010220051e+01
1.004398727e+01
9.753898621e+00
1.010638332e+01
9.943786621e+00
1.012721062e+01
1.019848061e+01
1.014344025e+01
1.002326870e+01
1.008929253e+01
1.000947475e+01
9.643910408e+00
9.810244560e+00
9.864177704e+00
9.917260170e+00
9.738216400e+00
1.000881958e+01
1.010818768e+01
9.928020477e+00
1.000173473e+01
1.011536884e+01
1.011197853e+01
9.900563240e+00
9.852266312e+00
9.579985619e+00
9.618459702e+00
9.645000458e+00
9.680991173e+00
9.884424210e+00
9.936938286e+00
9.910496712e+00
9.834208488e+00
9.880409241e+00
9.780948639e+00
9.527917862e+00
9.716746330e+00
9.701309204e+00
9.923904419e+00
9.934017181e+00
1.011029243e+01
9.993570328e+00
1.006532574e+01
9.959705353e+00
9.802897453e+00
9.851467133e+00
9.761404037e+00
9.723954201e+00
9.762001991e+00
9.730657578e+00
9.888547897e+00
9.729687691e+00
9.814736366e+00
9.559650421e+00
9.490255356e+00
9.269889832e+00
9.352339745e+00
9.353695869e+00
9.691330910e+00
9.868032455e+00
9.861771584e+00
9.562929153e+00
9.395658493e+00
9.559382439e+00
9.504613876e+00
9.422374725e+00
9.274193764e+00
8.921582222e+00
9.264540672e+00
9.014404297e+00
9.148524284e+00
9.041741371e+00
9.094864845e+00
8.908176422e+00
8.943284035e+00
8.831927299e+00
8.724390030e+00
8.874853134e+00
8.602157593e+00
8.615236282e+00
8.718260765e+00
8.709835052e+00
8.861252785e+00
8.685503006e+00
8.762238503e+00
8.559944153e+00
8.267663002e+00
8.139542580e+00
8.227166176e+00
8.144810677e+00
8.295557976e+00
8.286338806e+00
8.136002541e+00
8.442427635e+00
8.338374138e+00
8.292304039e+00
8.353836060e+00
8.336998940e+00
8.530634880e+00
8.435141563e+00
8.686112404e+00
8.390643120e+00
8.560838699e+00
8.488031387e+00
8.568926811e+00
8.347007751e+00
8.350458145e+00
8.221898079e+00
8.130205154e+00
8.592646599e+00
8.623837471e+00
8.629262924e+00
8.655046463e+00
8.853199005e+00
8.873598099e+00
8.614288330e+00
8.643210411e+00
8.432122231e+00
8.502425194e+00
8.413212776e+00
8.519572258e+00
8.392639160e+00
8.799578667e+00
8.789949417e+00
8.752326965e+00
8.895571709e+00
8.871957779e+00
8.795471191e+00
8.780514717e+00
8.980458260e+00
9.099935532e+00
9.374629974e+00
9.653015137e+00
9.328059196e+00
9.418921471e+00
9.251592636e+00
9.312542915e+00
9.159705162e+00
9.290804863e+00
9.301981926e+00
9.193570137e+00
9.245103836e+00
9.465311050e+00
9.350603104e+00
9.314126968e+00
9.201204300e+00
9.275386810e+00
9.094495773e+00
9.206206322e+00
9.030114174e+00
9.035024643e+00
8.861953735e+00
9.033222198e+00
9.342967033e+00
9.117980957e+00
9.074699402e+00
8.935523033e+00
8.954799652e+00
8.893194199e+00
8.881548882e+00
9.025378227e+00
8.761851311e+00
8.965755463e+00
8.880065918e+00
9.112593651e+00
9.074912071e+00
9.251150131e+00
9.213489532e+00
9.336606979e+00
9.178381920e+00
8.904374123e+00
9.073564529e+00
8.887348175e+00
8.941688538e+00
8.909550667e+00
8.939733505e+00
9.105685234e+00
9.170332909e+00
9.343026161e+00
9.188134193e+00
9.287810326e+00
9.048372269e+00
9.049109459e+00
8.931626320e+00
9.077569008e+00
9.372508049e+00
9.650666237e+00
9.379405975e+00
9.291007042e+00
9.373053551e+00
9.313770294e+00
9.251737595e+00
9.290252686e+00
9.294611931e+00
9.549386024e+00
9.177828789e+00
9.355171204e+00
9.281378746e+00
9.431388855e+00
9.351005554e+00
9.444328308e+00
9.295832634e+00
9.029144287e+00
8.929120064e+00
8.822563171e+00
8.948845863e+00
8.943941116e+00
8.940320015e+00
8.992275238e+00
8.896553993e+00
8.925245285e+00
8.684219360e+00
8.823456764e+00
8.742087364e+00
9.266595840e+00
8.962321281e+00
9.170293808e+00
9.156733513e+00
9.357372284e+00
9.358262062e+00
9.246091843e+00
9.305372238e+00
9.233941078e+00
9.496645927e+00
9.544225693e+00
9.536922455e+00
9.729139328e+00
9.703416824e+00
