9.875106812e+00
1.013484859e+01
1.018001366e+01
1.017338467e+01
1.008757401e+01
9.976984978e+00
9.918646812e+00
9.964006424e+00
1.009090805e+01
1.025243568e+01
1.011946106e+01
1.008694172e+01
1.000118351e+01
9.915452957e+00
9.887321472e+00
9.930749893e+00
9.784013748e+00
9.870905876e+00
1.018996334e+01
1.023373032e+01
1.023353291e+01
1.021074390e+01
1.021552658e+01
1.025830555e+01
1.028459167e+01
1.022740269e+01
1.014913464e+01
1.005485821e+01
1.022229385e+01
1.026887035e+01
1.018148232e+01
1.037889576e+01
1.050877571e+01
1.052347755e+01
1.050164986e+01
1.042220020e+01
1.039238739e+01
1.039835739e+01
1.038356209e+01
1.035445213e+01
1.032900238e+01
1.028248501e+01
1.020579624e+01
1.035942650e+01
1.032806301e+01
1.058261871e+01
1.066578770e+01
1.076795673e+01
1.082514763e+01
1.054206657e+01
1.047036743e+01
1.045456886e+01
1.050135326e+01
1.073546696e+01
1.066372013e+01
1.081735611e+01
1.069894218e+01
1.058597851e+01
1.057203388e+01
1.067929745e+01
1.085768223e+01
1.100000000e+01
1.076723671e+01
1.061182880e+01
1.038995266e+01
1.017901611e+01
1.007783604e+01
1.030592346e+01
1.036048317e+01
1.044889641e+01
1.049220276e+01
1.071473122e+01
1.065557003e+01
1.061225033e+01
1.061216831e+01
1.060175037e+01
1.058629322e+01
1.056760979e+01
1.058057022e+01
1.057166481e+01
1.031041050e+01
1.029767704e+01
1.035069847e+01
1.043280220e+01
1.052842045e+01
1.057772636e+01
1.030627632e+01
1.043680191e+01
1.039447308e+01
1.042405510e+01
1.048604202e+01
1.050525093e+01
1.042652607e+01
1.029548454e+01
1.038508415e+01
1.033224201e+01
1.013824749e+01
1.023393345e+01
1.044843006e+01
1.066181374e+01
1.043973637e+01
1.038394356e+01
1.027321434e+01
1.016695404e+01
1.013447189e+01
1.017380524e+01
1.021663475e+01
1.023338699e+01
1.019903278e+01
1.012717438e+01
1.007728481e+01
1.004824257e+01
1.007294846e+01
1.009022999e+01
1.011664581e+01
1.009918118e+01
1.000746918e+01
9.874550819e+00
9.790176392e+00
9.922260284e+00
9.850163460e+00
9.880485535e+00
9.889634132e+00
9.812268257e+00
9.706114769e+00
9.608750343e+00
9.571767807e+00
9.606245995e+00
9.655800819e+00
9.938865662e+00
9.932463646e+00
9.867150307e+00
9.527145386e+00
9.449107170e+00
9.446594238e+00
9.509403229e+00
9.628420830e+00
9.706196785e+00
9.451518059e+00
9.367650986e+00
9.278888702e+00
9.211465836e+00
9.213883400e+00
9.237431526e+00
9.251275063e+00
9.348032951e+00
9.379998207e+00
9.335996628e+00
9.084762573e+00
9.126003265e+00
9.187001228e+00
9.292627335e+00
9.366776466e+00
9.371410370e+00
9.295128822e+00
9.159347534e+00
9.080914497e+00
9.123316765e+00
9.232973099e+00
9.352221489e+00
9.428861618e+00
9.436970711e+00
9.412240028e+00
9.651131630e+00
9.488666534e+00
9.637513161e+00
9.765200615e+00
9.506700516e+00
9.694041252e+00
9.656138420e+00
9.352361679e+00
9.522788048e+00
9.526645660e+00
9.561758995e+00
9.641025543e+00
9.681537628e+00
9.642955780e+00
9.599330902e+00
9.549444199e+00
9.483778954e+00
9.401363373e+00
9.330499649e+00
9.279763222e+00
9.223991394e+00
9.172756195e+00
9.379488945e+00
9.411161423e+00
9.474450111e+00
9.531435013e+00
9.537063599e+00
9.489899635e+00
9.422631264e+00
9.351583481e+00
9.276188850e+00
9.227038383e+00
9.222596169e+00
9.221729279e+00
9.219672203e+00
9.231331825e+00
8.982162476e+00
8.996829987e+00
9.067502975e+00
9.181460381e+00
9.255656242e+00
9.293213844e+00
9.276571274e+00
9.199499130e+00
9.074506760e+00
8.945640564e+00
8.839189529e+00
8.777606010e+00
8.748995781e+00
8.955617905e+00
8.937065125e+00
8.977097511e+00
9.025534630e+00
9.071243286e+00
9.100245476e+00
9.103726387e+00
9.060313225e+00
8.994698524e+00
8.930157661e+00
8.890446663e+00
8.893774033e+00
8.919461250e+00
8.935977936e+00
8.951621056e+00
8.936769485e+00
8.890325546e+00
8.895124435e+00
8.931641579e+00
8.941255569e+00
8.939915657e+00
8.862233162e+00
8.732685089e+00
8.668587685e+00
8.466000557e+00
8.406700134e+00
8.384087563e+00
8.419354439e+00
8.454381943e+00
8.446552277e+00
8.420173645e+00
8.413052559e+00
8.407349586e+00
8.412638664e+00
8.417574883e+00
8.389498711e+00
8.326195717e+00
8.255901337e+00
7.953018665e+00
7.905213356e+00
7.919058323e+00
8.105656624e+00
8.074686050e+00
8.043194771e+00
8.110342979e+00
8.023815155e+00
8.018072128e+00
8.046201706e+00
8.084069252e+00
7.834529400e+00
7.854622364e+00
7.779400349e+00
7.708850861e+00
7.963105679e+00
7.994734764e+00
8.078769684e+00
7.962310791e+00
7.952503204e+00
7.998326778e+00
7.892223835e+00
7.898904324e+00
8.009179115e+00
7.980626583e+00
7.875042439e+00
7.909847260e+00
7.843189716e+00
7.884970188e+00
7.938995838e+00
8.038368225e+00
8.193452835e+00
8.021957397e+00
8.052521706e+00
8.344864845e+00
8.525435448e+00
8.539111137e+00
8.385970116e+00
8.385520935e+00
8.579706192e+00
8.680484772e+00
8.685155869e+00
8.748956680e+00
8.671454430e+00
8.686961174e+00
8.709990501e+00
8.739160538e+00
9.066271782e+00
8.987010002e+00
8.854820251e+00
8.840194702e+00
8.769206047e+00
9.023724556e+00
8.723272324e+00
8.877547264e+00
8.971149445e+00
9.178508759e+00
8.998667717e+00
9.328585625e+00
9.292565346e+00
9.329452515e+00
9.285197258e+00
9.192802429e+00
9.187054634e+00
9.129504204e+00
9.068973541e+00
9.064148903e+00
9.009223938e+00
9.076425552e+00
9.272485733e+00
9.400498390e+00
9.392891884e+00
9.426043510e+00
9.301556587e+00
9.296996117e+00
9.209127426e+00
9.222788811e+00
8.951724052e+00
8.882887840e+00
8.883823395e+00
8.849496841e+00
8.853500366e+00
8.914434433e+00
9.156103134e+00
9.245078087e+00
9.166732788e+00
9.234494209e+00
9.138558388e+00
9.099292755e+00
8.957519531e+00
8.924860954e+00
8.815585136e+00
8.841274261e+00
8.846433640e+00
8.544328690e+00
8.568686485e+00
8.565318108e+00
8.616087914e+00
8.731455803e+00
8.774788857e+00
8.852106094e+00
8.727007866e+00
8.723973274e+00
8.628415108e+00
8.673705101e+00
8.683266640e+00
8.847526550e+00
8.667198181e+00
8.764931679e+00
8.791018486e+00
8.744513512e+00
8.772938728e+00
8.728045464e+00
8.689245224e+00
8.758348465e+00
8.816305161e+00
8.653435707e+00
8.512068748e+00
8.531587601e+00
8.679903030e+00
8.734825134e+00
8.708216667e+00
8.777060509e+00
8.729844093e+00
8.753477097e+00
8.724613190e+00
8.660236359e+00
8.702963829e+00
8.723047256e+00
8.769588470e+00
8.550844193e+00
8.454613686e+00
8.423178673e+00
8.276097298e+00
8.344305038e+00
8.329595566e+00
8.443692207e+00
8.475185394e+00
8.601467133e+00
8.579651833e+00
8.604302406e+00
8.543030739e+00
8.466892242e+00
8.500343323e+00
8.497847557e+00
8.524761200e+00
8.748257637e+00
8.594728470e+00
8.604051590e+00
8.519260406e+00
8.633260727e+00
8.693314552e+00
8.892499924e+00
8.728103638e+00
8.536277771e+00
8.384977341e+00
8.324501991e+00
8.284009933e+00
8.268742561e+00
8.392825127e+00
8.453743935e+00
8.455101967e+00
8.425076485e+00
8.357373238e+00
8.432840347e+00
8.411643028e+00
8.565575600e+00
8.807391167e+00
8.845075607e+00
8.779161453e+00
8.835391045e+00
8.511872292e+00
8.288396835e+00
8.507785797e+00
8.496434212e+00
8.376353264e+00
8.356831551e+00
8.297641754e+00
8.323755264e+00
8.538370132e+00
8.861232758e+00
8.826195717e+00
8.886977196e+00
8.799394608e+00
8.785722733e+00
8.713851929e+00
8.544270515e+00
8.563850403e+00
8.708789825e+00
8.799317360e+00
8.580047607e+00
8.639375687e+00
8.623029709e+00
8.578970909e+00
8.571965218e+00
8.515516281e+00
8.553092003e+00
8.483094215e+00
8.509706497e+00
8.408260345e+00
8.373623848e+00
8.240168571e+00
8.330147743e+00
8.434097290e+00
8.337800980e+00
8.392881393e+00
8.384297371e+00
8.657431602e+00
8.599099159e+00
8.535947800e+00
8.508467674e+00
8.441020012e+00
8.469922066e+00
8.579195976e+00
8.852345467e+00
8.795407295e+00
8.850070000e+00
8.842686653e+00
8.950495720e+00
8.962142944e+00
9.060398102e+00
9.053495407e+00
9.000149727e+00
9.081610680e+00
9.122523308e+00
9.141652107e+00
9.213484764e+00
9.443850517e+00
9.500098228e+00
9.416411400e+00
9.457224846e+00
9.392189980e+00
9.507426262e+00
9.615579605e+00
9.798179626e+00
9.786684990e+00
9.593324661e+00
9.580107689e+00
9.493234634e+00
9.540118217e+00
9.579741478e+00
9.631125450e+00
9.795941353e+00
9.657444000e+00
9.690004349e+00
9.568034172e+00
9.581629753e+00
9.466519356e+00
9.456674576e+00
9.392176628e+00
9.445915222e+00
9.374363899e+00
9.392274857e+00
9.364589691e+00
9.313150406e+00
9.617078781e+00
9.700471878e+00
9.781106949e+00
9.574806213e+00
9.513173103e+00
9.509912491e+00
9.385684967e+00
9.437719345e+00
9.409989357e+00
9.485150337e+00
9.467295647e+00
9.519056320e+00
9.437914848e+00
9.468075752e+00
9.459056854e+00
9.429201126e+00
9.522050858e+00
9.566096306e+00
9.567030907e+00
9.589542389e+00
9.516289711e+00
9.498247147e+00
9.380249977e+00
9.433081627e+00
9.393410683e+00
9.481089592e+00
9.490781784e+00
9.588290215e+00
9.290463448e+00
9.293173790e+00
9.301551819e+00
9.283685684e+00
9.548759460e+00
9.531218529e+00
9.543778419e+00
9.603940010e+00
9.606653214e+00
9.733013153e+00
9.723141670e+00
9.814938545e+00
9.799321175e+00
9.928278923e+00
9.973347664e+00
9.814194679e+00
9.779895782e+00
9.916007996e+00
1.004919624e+01
9.619751930e+00
9.702937126e+00
9.465515137e+00
9.447416306e+00
9.488059998e+00
9.472775459e+00
9.533086777e+00
9.710197449e+00
9.774474144e+00
9.483903885e+00
9.519489288e+00
9.478310585e+00
9.541322708e+00
9.461869240e+00
9.477934837e+00
9.217639923e+00
9.160811424e+00
9.156894684e+00
9.121156693e+00
9.123587608e+00
9.163634300e+00
9.150406837e+00
9.217360497e+00
9.133239746e+00
9.203225136e+00
9.406034470e+00
9.220171928e+00
9.156074524e+00
9.257126808e+00
9.478629112e+00
9.557117462e+00
9.553231239e+00
9.453577042e+00
9.438448906e+00
9.363760948e+00
9.323791504e+00
9.400286674e+00
9.454835892e+00
9.803634644e+00
9.759589195e+00
9.895565033e+00
9.930117607e+00
9.773138046e+00
9.739272118e+00
1.003450394e+01
9.991742134e+00
1.004110718e+01
1.001937294e+01
9.937520027e+00
9.925777435e+00
9.852027893e+00
9.789034843e+00
9.804641724e+00
9.743988037e+00
9.768439293e+00
9.682990074e+00
9.795439720e+00
9.550624847e+00
9.601972580e+00
9.531188965e+00
9.576708794e+00
9.557049751e+00
1.001181412e+01
9.494710922e+00
9.272392273e+00
9.363972664e+00
9.439482689e+00
9.239063263e+00
9.254878998e+00
9.223307610e+00
9.280398369e+00
9.214417458e+00
9.287026405e+00
9.210749626e+00
9.199603081e+00
9.099538803e+00
9.081114769e+00
9.206445694e+00
9.275688171e+00
9.311985970e+00
9.282577515e+00
9.294109344e+00
9.219095230e+00
9.148248672e+00
9.144935608e+00
9.124189377e+00
9.378830910e+00
9.396631241e+00
9.709320068e+00
9.801508904e+00
9.408312798e+00
9.361793518e+00
9.461389542e+00
9.680183411e+00
9.556981087e+00
9.401889801e+00
9.894045830e+00
9.968379974e+00
9.950589180e+00
9.847708702e+00
9.995923996e+00
1.014591122e+01
1.023527908e+01
1.018440914e+01
1.021889973e+01
9.878231049e+00
1.007124233e+01
9.977363586e+00
1.003648949e+01
1.005979919e+01
1.023270893e+01
1.062154198e+01
1.042293072e+01
1.015629387e+01
1.007994461e+01
9.766592979e+00
9.958571434e+00
9.847364426e+00
9.905030251e+00
9.851756096e+00
1.009068680e+01
1.017800713e+01
1.011455250e+01
1.022257900e+01
1.048609638e+01
1.046130848e+01
1.047176743e+01
1.036009789e+01
1.017907619e+01
1.010737514e+01
1.004264927e+01
1.001511765e+01
1.006096649e+01
1.007124424e+01
1.028028393e+01
1.036787319e+01
1.005892563e+01
1.000852776e+01
1.009506893e+01
1.010503769e+01
1.023170662e+01
1.027619743e+01
1.042352104e+01
1.044744587e+01
1.038555908e+01
1.043617439e+01
1.049127865e+01
1.029908943e+01
1.036803627e+01
1.039566803e+01
1.046209812e+01
1.032104492e+01
1.034031200e+01
1.025201130e+01
1.029587650e+01
1.027112389e+01
1.033947372e+01
1.025035858e+01
1.021028423e+01
1.012884808e+01
1.005576611e+01
1.015862370e+01
1.024451447e+01
1.032873344e+01
1.041932106e+01
1.037565422e+01
1.035908413e+01
9.967576981e+00
9.984762192e+00
9.914939880e+00
1.000392914e+01
1.002142525e+01
1.011427021e+01
1.003731060e+01
1.001265812e+01
9.947758675e+00
9.856106758e+00
9.839172363e+00
9.979609489e+00
9.881114960e+00
9.836458206e+00
9.759063721e+00
1.021896076e+01
1.008313084e+01
1.015076542e+01
1.016718102e+01
1.022999191e+01
1.033218288e+01
1.020269680e+01
1.001767826e+01
1.001534271e+01
1.000187969e+01
9.985029221e+00
1.002042866e+01
9.953310966e+00
9.855528831e+00
9.803573608e+00
9.740722656e+00
9.800359726e+00
9.741172791e+00
9.822971344e+00
9.804490089e+00
9.976496696e+00
1.001140785e+01
1.007277298e+01
9.720751762e+00
9.697526932e+00
9.666707993e+00
9.932897568e+00
1.004744720e+01
1.010321903e+01
9.916356087e+00
9.990571976e+00
1.004111099e+01
1.018424320e+01
1.014580536e+01
1.040836906e+01
1.025365925e+01
1.018073654e+01
1.002026463e+01
1.004098701e+01
1.001478100e+01
1.012600613e+01
1.041618538e+01
1.038883686e+01
1.040775681e+01
1.056977558e+01
1.043587780e+01
1.035892391e+01
1.029893780e+01
1.028765297e+01
1.034639359e+01
1.033315086e+01
1.027456093e+01
1.038638401e+01
1.014679432e+01
1.027170563e+01
1.031917763e+01
1.019739628e+01
1.025689983e+01
1.033572197e+01
1.061264515e+01
1.076744747e+01
1.054623985e+01
1.026715374e+01
9.883074760e+00
9.791704178e+00
9.596603394e+00
9.599890709e+00
9.585078239e+00
9.749786377e+00
9.853162766e+00
1.001951981e+01
1.003987122e+01
1.015978909e+01
1.023331261e+01
9.944054604e+00
1.017657375e+01
1.035442352e+01
1.031155109e+01
1.033631706e+01
1.027649117e+01
1.029729557e+01
1.020626163e+01
1.026506233e+01
1.021027756e+01
1.023199844e+01
1.036189556e+01
1.034361553e+01
1.021504021e+01
1.021972466e+01
1.022379875e+01
1.017732048e+01
1.019502735e+01
1.013657665e+01
1.003076363e+01
9.992373466e+00
9.949232101e+00
1.002598858e+01
1.000940228e+01
1.014428329e+01
1.014005661e+01
1.020997620e+01
1.013955212e+01
1.011920261e+01
9.964067459e+00
9.929991722e+00
9.884380341e+00
9.833261490e+00
9.896497726e+00
9.899430275e+00
9.871963501e+00
9.883737564e+00
9.883233070e+00
9.959735870e+00
9.876465797e+00
9.871294022e+00
9.714108467e+00
9.654936790e+00
9.488957405e+00
9.490926743e+00
9.436571121e+00
9.543977737e+00
9.651400566e+00
9.704904556e+00
9.811518669e+00
1.010244656e+01
9.878009796e+00
9.800607681e+00
9.705343246e+00
9.751989365e+00
9.652528763e+00
9.733567238e+00
9.735451698e+00
9.521639824e+00
9.420019150e+00
9.434619904e+00
9.366733551e+00
9.402880669e+00
9.418096542e+00
9.427673340e+00
9.499881744e+00
9.468096733e+00
9.410346031e+00
9.368269920e+00
9.251781464e+00
9.243769646e+00
9.124325752e+00
9.160243034e+00
9.102022171e+00
9.211123466e+00
9.445104599e+00
9.530473709e+00
9.240791321e+00
9.274350166e+00
9.244944572e+00
9.164920807e+00
9.180779457e+00
9.139674187e+00
9.104340553e+00
8.904137611e+00
8.868488312e+00
8.956290245e+00
8.959210396e+00
9.334597588e+00
9.342474937e+00
9.415567398e+00
9.573466301e+00
9.506940842e+00
9.332159042e+00
9.372694969e+00
9.351090431e+00
9.493950844e+00
9.369811058e+00
9.175654411e+00
9.049992561e+00
9.008393288e+00
8.937147141e+00
9.080286980e+00
9.098855019e+00
9.235957146e+00
9.210186958e+00
9.025241852e+00
8.960470200e+00
8.974942207e+00
8.861096382e+00
8.896153450e+00
8.976017952e+00
8.728122711e+00
8.729495049e+00
8.703172684e+00
8.461049080e+00
8.548258781e+00
8.654456139e+00
8.585914612e+00
8.533463478e+00
8.644698143e+00
8.365677834e+00
8.337830544e+00
8.319981575e+00
8.435142517e+00
8.416515350e+00
8.481251717e+00
8.214234352e+00
8.134576797e+00
8.183036804e+00
8.643115044e+00
8.881675720e+00
8.931144714e+00
9.122733116e+00
8.912155151e+00
8.763629913e+00
8.728617668e+00
8.980319023e+00
8.837527275e+00
8.669676781e+00
8.760953903e+00
8.486307144e+00
8.462984085e+00
8.448903084e+00
8.461905479e+00
8.598056793e+00
8.769080162e+00
8.641866684e+00
8.731621742e+00
8.705011368e+00
8.510820389e+00
8.384540558e+00
8.416615486e+00
8.355428696e+00
8.440692902e+00
8.436920166e+00
8.556973457e+00
8.545663834e+00
8.636021614e+00
8.689477921e+00
8.744751930e+00
8.917774200e+00
8.750245094e+00
8.807494164e+00
8.638229370e+00
8.553759575e+00
8.283085823e+00
8.138036728e+00
8.189846039e+00
8.131850243e+00
8.189220428e+00
8.155008316e+00
8.207677841e+00
8.179015160e+00
8.228178024e+00
8.217752457e+00
8.403468132e+00
8.423910141e+00
8.571311951e+00
8.485024452e+00
8.480938911e+00
8.434307098e+00
8.538754463e+00
8.607048988e+00
8.544841766e+00
8.773827553e+00
8.853113174e+00
8.816018105e+00
8.853338242e+00
8.749714851e+00
8.756483078e+00
8.726672173e+00
8.662641525e+00
8.702201843e+00
8.697128296e+00
8.685689926e+00
8.733271599e+00
8.698678017e+00
8.836003304e+00
8.958119392e+00
9.009904861e+00
8.824610710e+00
8.658320427e+00
8.609311104e+00
8.656863213e+00
8.591006279e+00
8.646654129e+00
8.612778664e+00
8.516245842e+00
8.502785683e+00
8.470807076e+00
8.538600922e+00
8.730276108e+00
8.586315155e+00
8.705449104e+00
8.653471947e+00
