9.949841350e-02
9.826569259e-02
9.744933993e-02
9.666807204e-02
9.648050368e-02
9.668562561e-02
9.627436846e-02
9.561474621e-02
9.558796883e-02
9.536430985e-02
9.428839386e-02
9.320618212e-02
9.225900471e-02
9.225694090e-02
9.284441173e-02
9.256505966e-02
9.202708304e-02
9.131077677e-02
9.169726074e-02
9.156434238e-02
9.114593267e-02
9.061722457e-02
8.976901323e-02
8.938457817e-02
8.860540390e-02
8.755206317e-02
8.731915802e-02
8.709959686e-02
8.732327074e-02
8.669144660e-02
8.676257730e-02
8.584936708e-02
8.539690822e-02
8.465277404e-02
8.452086896e-02
8.377773315e-02
8.219040185e-02
8.243781328e-02
8.190701157e-02
8.151634037e-02
8.120816201e-02
8.078866452e-02
8.012392372e-02
8.023935556e-02
7.977039367e-02
7.956737280e-02
7.947668433e-02
7.850576937e-02
7.845216244e-02
7.769879699e-02
7.665570080e-02
7.664231956e-02
7.657328993e-02
7.636295259e-02
7.602798194e-02
7.559818029e-02
7.531686127e-02
7.549311221e-02
7.562089711e-02
7.528695464e-02
7.496541739e-02
7.428514212e-02
7.450364530e-02
7.440883666e-02
7.390896976e-02
7.382756472e-02
7.407795638e-02
7.279898971e-02
7.187031955e-02
7.109414041e-02
7.103952765e-02
7.131470740e-02
7.053243369e-02
7.073239982e-02
7.121887803e-02
7.058190554e-02
6.995626539e-02
6.959655881e-02
6.918734312e-02
6.910593808e-02
6.934092194e-02
6.937802583e-02
6.988207251e-02
6.920074672e-02
6.906572729e-02
6.922341883e-02
6.941615790e-02
6.892143190e-02
6.853798777e-02
6.890188158e-02
6.875966489e-02
6.916468590e-02
6.887405366e-02
6.817314029e-02
6.818757206e-02
6.768042594e-02
6.747638434e-02
6.725993752e-02
6.603033096e-02
6.502852589e-02
6.479865313e-02
6.432250142e-02
6.419365108e-02
6.382983178e-02
6.383704394e-02
6.391021609e-02
6.396587938e-02
6.353710592e-02
6.341754645e-02
6.355360895e-02
6.337635219e-02
6.264560670e-02
6.246729568e-02
6.207152456e-02
6.204060093e-02
6.138920039e-02
6.146547943e-02
6.112948060e-02
6.152213737e-02
6.244561821e-02
6.188906729e-02
6.099546328e-02
6.070275232e-02
5.994111672e-02
5.995244905e-02
6.070382148e-02
6.198905781e-02
6.234050542e-02
6.298569590e-02
6.321863085e-02
6.351340562e-02
6.346082687e-02
6.342788041e-02
6.356082857e-02
6.240442023e-02
6.181179732e-02
6.090996787e-02
6.162727252e-02
6.194265187e-02
6.083782390e-02
5.984834209e-02
5.881559476e-02
5.923405290e-02
5.959788337e-02
5.975145474e-02
5.984628946e-02
6.005242839e-02
5.991946906e-02
5.896712840e-02
5.880838633e-02
5.895682424e-02
5.876922980e-02
5.875995383e-02
5.817146227e-02
5.843219906e-02
5.833736062e-02
5.832191557e-02
5.833016708e-02
5.790759251e-02
5.749633163e-02
5.674806610e-02
5.648731068e-02
5.636259541e-02
5.620592833e-02
5.542568862e-02
5.535561964e-02
5.477740988e-02
5.478255078e-02
5.449293926e-02
5.447437987e-02
5.584831163e-02
5.692637712e-02
5.682538450e-02
5.685837194e-02
5.644094944e-02
5.622244626e-02
5.579881370e-02
5.542469770e-02
5.535253882e-02
5.545352772e-02
5.573694408e-02
5.577305332e-02
5.506803095e-02
5.484955385e-02
5.453208089e-02
5.496707186e-02
5.489595607e-02
5.432392284e-02
5.401470885e-02
5.298398063e-02
5.265008286e-02
5.226047710e-02
5.223163590e-02
5.258718133e-02
5.282423645e-02
5.225327238e-02
5.285309255e-02
5.265419185e-02
5.163485929e-02
5.227488279e-02
5.274282768e-02
5.250886828e-02
5.175748095e-02
5.134319887e-02
5.067325756e-02
5.020843819e-02
4.960656166e-02
4.987968132e-02
4.966530576e-02
4.993019626e-02
4.991782084e-02
4.947462678e-02
4.964777827e-02
5.039399117e-02
5.092067644e-02
5.156274885e-02
5.086809397e-02
4.997760057e-02
4.967664555e-02
5.017754808e-02
5.004249141e-02
4.979409650e-02
4.994456470e-02
5.013730377e-02
5.004763231e-02
4.967044666e-02
4.934991524e-02
4.886243492e-02
4.886862263e-02
4.922623560e-02
4.930148274e-02
4.881498963e-02
4.829655588e-02
4.871601984e-02
4.920661077e-02
4.911697283e-02
4.872531816e-02
4.815638438e-02
4.825739190e-02
4.809455946e-02
4.829862714e-02
4.820073023e-02
4.827288538e-02
4.845840484e-02
4.839035496e-02
4.947463796e-02
4.977973551e-02
4.972615093e-02
4.980758205e-02
5.032085255e-02
5.075475201e-02
4.795232788e-02
4.402230307e-02
5.007245392e-02
1.960654259e-01
1.174283028e+00
3.889527559e+00
8.266839981e+00
1.323556805e+01
1.752340698e+01
2.048312759e+01
2.203439522e+01
2.246419525e+01
2.215340042e+01
2.140831947e+01
2.045239067e+01
1.943062782e+01
1.844413948e+01
1.754222298e+01
1.674720573e+01
1.606734467e+01
1.548394585e+01
1.498004341e+01
1.453648567e+01
1.413678551e+01
1.376780891e+01
1.342321777e+01
1.308541203e+01
1.276089668e+01
1.243889332e+01
1.211186218e+01
1.178365803e+01
1.146723938e+01
1.117403698e+01
1.089853382e+01
1.063206196e+01
1.036951923e+01
1.010730267e+01
9.852535248e+00
9.603084564e+00
9.360201836e+00
9.124296188e+00
8.897619247e+00
8.673044205e+00
8.459804535e+00
8.253570557e+00
8.049185753e+00
7.851052761e+00
7.658008099e+00
7.470442772e+00
7.286004066e+00
7.106468201e+00
6.931881905e+00
6.759713650e+00
6.593986511e+00
6.429824352e+00
6.271094322e+00
6.117828369e+00
5.970277309e+00
5.819793701e+00
5.675999641e+00
5.537547588e+00
5.399779797e+00
5.266355991e+00
5.135444164e+00
5.007672787e+00
4.881677628e+00
4.758962631e+00
4.640630245e+00
4.522791386e+00
4.412165165e+00
4.303665161e+00
4.198032856e+00
4.093947411e+00
3.995170593e+00
3.893893480e+00
3.799003363e+00
3.706950426e+00
3.614716530e+00
3.527517557e+00
3.442576170e+00
3.359687090e+00
3.278316259e+00
3.198902130e+00
3.122600079e+00
3.045872688e+00
2.973856449e+00
2.903270006e+00
2.833877325e+00
2.765733480e+00
2.702794075e+00
2.636863470e+00
2.576961517e+00
2.518500090e+00
2.458517075e+00
2.401551962e+00
2.346102476e+00
2.291945457e+00
2.238579035e+00
2.187173128e+00
2.138446808e+00
2.087675571e+00
2.041063070e+00
1.994705915e+00
1.949912071e+00
1.906045794e+00
1.865036368e+00
1.821030021e+00
1.780853033e+00
1.740861416e+00
1.699254274e+00
1.661154747e+00
1.623476267e+00
1.586872935e+00
1.550922751e+00
1.516301513e+00
1.483973026e+00
1.449548721e+00
1.418448448e+00
1.388203382e+00
1.358967423e+00
1.329698920e+00
1.302752376e+00
1.272466898e+00
1.246407866e+00
1.221088529e+00
1.194930434e+00
1.170984030e+00
1.148124814e+00
1.125863791e+00
1.103251576e+00
1.081557989e+00
1.061421275e+00
1.040823340e+00
1.020428181e+00
9.991729259e-01
9.798327088e-01
9.606281519e-01
9.430391788e-01
9.218313098e-01
9.042726159e-01
8.873754144e-01
8.687378764e-01
8.519654870e-01
8.352724314e-01
8.191729784e-01
8.013800383e-01
7.851647139e-01
7.710334659e-01
7.549681067e-01
7.409028411e-01
7.262875438e-01
7.121157050e-01
6.987757087e-01
6.870220304e-01
6.724435687e-01
6.612319350e-01
6.508509517e-01
6.384694576e-01
6.274382472e-01
6.166614890e-01
6.067829132e-01
5.950782299e-01
5.840877295e-01
5.750373006e-01
5.659675002e-01
5.582616329e-01
5.492262840e-01
5.401054621e-01
5.316579938e-01
5.259389281e-01
5.154584050e-01
5.086252093e-01
5.019803643e-01
4.928175807e-01
4.852792025e-01
4.783317447e-01
4.721198082e-01
4.653814435e-01
4.591327310e-01
4.539040327e-01
4.473561943e-01
4.426115453e-01
4.372747838e-01
4.316329062e-01
4.260631800e-01
4.221981764e-01
4.149834812e-01
4.115150571e-01
4.070780873e-01
4.015143514e-01
3.968270421e-01
3.924435973e-01
3.875982761e-01
3.826006949e-01
3.792623281e-01
3.763958812e-01
3.721287847e-01
3.701086640e-01
3.657748997e-01
3.613655865e-01
3.575766385e-01
3.557089567e-01
3.498087227e-01
3.465382755e-01
3.434899151e-01
3.382602036e-01
3.358999193e-01
3.323843479e-01
3.305167556e-01
3.264055848e-01
3.236247301e-01
3.228053451e-01
3.199360073e-01
3.184951842e-01
3.164103627e-01
3.145748377e-01
3.116292357e-01
3.102522492e-01
3.054091334e-01
3.031022847e-01
3.012821674e-01
2.974256277e-01
2.952572107e-01
2.927019596e-01
2.903110385e-01
2.865275443e-01
2.837425172e-01
2.828590870e-01
2.803004980e-01
2.797026336e-01
2.772367895e-01
2.745075524e-01
2.724171579e-01
2.724624574e-01
2.692821026e-01
2.691408992e-01
2.691583931e-01
2.671795487e-01
2.671754062e-01
2.656942904e-01
2.639782429e-01
2.615561783e-01
2.603296340e-01
2.599596679e-01
2.576777339e-01
2.573850155e-01
2.554567158e-01
2.543693185e-01
2.536447346e-01
2.540549636e-01
2.506496012e-01
2.498291880e-01
2.497538626e-01
2.469751537e-01
2.456920296e-01
2.448169142e-01
2.442046404e-01
2.421073765e-01
2.414230555e-01
2.418651730e-01
2.410045117e-01
2.422207147e-01
2.419073731e-01
2.405943274e-01
2.387967408e-01
2.390204966e-01
2.354200631e-01
2.352056950e-01
2.357004583e-01
2.340234965e-01
2.327330858e-01
2.315364480e-01
2.313240469e-01
2.304222137e-01
2.297285795e-01
2.296172678e-01
2.282732874e-01
2.280021757e-01
2.275126725e-01
2.270818055e-01
2.261666209e-01
2.272796333e-01
2.240867466e-01
2.240104973e-01
2.246308923e-01
2.225221694e-01
2.222129852e-01
2.213296443e-01
2.210503221e-01
2.197083235e-01
2.192908973e-01
2.199412882e-01
2.189702839e-01
2.180859447e-01
2.167780101e-01
2.155288458e-01
2.146238536e-01
2.157514542e-01
2.131190300e-01
2.136106640e-01
2.146413773e-01
2.125716805e-01
2.123893052e-01
2.127675116e-01
2.128994614e-01
2.125871778e-01
2.132014483e-01
2.129932642e-01
2.110772729e-01
2.106846273e-01
2.109989822e-01
2.109927833e-01
2.101435214e-01
2.112544775e-01
2.096807063e-01
2.111586779e-01
2.118172795e-01
2.106804401e-01
2.108597457e-01
2.104083151e-01
2.104608417e-01
2.083943933e-01
2.070421129e-01
2.069441527e-01
2.055310756e-01
2.054847181e-01
2.054517716e-01
2.043345720e-01
2.032275945e-01
2.043458819e-01
2.014970928e-01
2.022504359e-01
2.015641034e-01
1.992810518e-01
1.984904706e-01
1.984842867e-01
1.988821924e-01
1.972610205e-01
1.966581047e-01
1.976989955e-01
1.973093897e-01
1.978947520e-01
1.971043199e-01
1.960252970e-01
1.949533820e-01
1.970651895e-01
1.958542019e-01
1.965086758e-01
1.973525882e-01
1.957129389e-01
1.955172122e-01
1.958068311e-01
1.968962252e-01
1.961654276e-01
1.961778253e-01
1.972208917e-01
1.964663565e-01
1.966797560e-01
1.959551871e-01
1.950760186e-01
1.950626224e-01
1.964385808e-01
1.943658739e-01
1.954821199e-01
1.977764666e-01
1.967983395e-01
1.970508695e-01
1.969570667e-01
1.967240125e-01
1.950605810e-01
1.944906265e-01
1.944463104e-01
1.921467483e-01
1.917355359e-01
1.903585345e-01
1.893525124e-01
1.888845265e-01
1.894689947e-01
1.865169257e-01
1.861438155e-01
1.863293052e-01
1.851090193e-01
1.850018501e-01
1.853883564e-01
1.848895550e-01
1.836309582e-01
1.826796383e-01
1.832898110e-01
1.820272207e-01
1.827188134e-01
1.827682704e-01
1.823889911e-01
1.820045412e-01
1.836834848e-01
1.817530543e-01
1.824466735e-01
1.834258884e-01
1.825713813e-01
1.830166429e-01
1.832186580e-01
1.826270819e-01
1.817282885e-01
1.821199805e-01
1.821344048e-01
1.800225526e-01
1.801380217e-01
1.804534346e-01
1.804575026e-01
1.804224551e-01
1.821417212e-01
1.799226403e-01
1.804884076e-01
1.813439131e-01
1.804379523e-01
1.796587110e-01
1.791495532e-01
1.789073497e-01
1.770799905e-01
1.763492376e-01
1.766357273e-01
1.746628731e-01
1.747978628e-01
1.745237708e-01
1.733024120e-01
1.727767736e-01
1.742928475e-01
1.723313928e-01
1.721901745e-01
1.722530872e-01
1.710894108e-01
1.705843508e-01
1.704349071e-01
1.705101132e-01
1.688281000e-01
1.686837822e-01
1.700144261e-01
1.695176363e-01
1.701422334e-01
1.698536277e-01
1.696568429e-01
1.691435575e-01
1.701432616e-01
1.671698391e-01
1.665266603e-01
1.668606400e-01
1.654320806e-01
1.665555984e-01
1.661824435e-01
1.666730493e-01
1.648384780e-01
1.642303020e-01
1.648281366e-01
1.642510295e-01
1.647158563e-01
1.647137254e-01
1.641426682e-01
1.645426005e-01
1.662092507e-01
1.640293151e-01
1.649559140e-01
1.659031659e-01
1.642004251e-01
1.636551172e-01
1.633057594e-01
1.634356230e-01
1.620111912e-01
1.619060636e-01
1.625987142e-01
1.618318856e-01
1.622358859e-01
1.611279547e-01
1.602179110e-01
1.597303599e-01
1.617566496e-01
1.598272771e-01
1.605137140e-01
1.616876274e-01
1.604848504e-01
1.599096954e-01
1.592902541e-01
1.589903980e-01
1.585008353e-01
1.578906029e-01
1.578318179e-01
1.563528478e-01
1.563838124e-01
1.553500146e-01
1.548686177e-01
1.549995989e-01
1.562601626e-01
1.552407891e-01
1.563426405e-01
1.580441743e-01
1.566383839e-01
1.566538215e-01
1.559736580e-01
1.561272293e-01
1.548511833e-01
1.542503387e-01
1.548738927e-01
1.534927189e-01
1.537772119e-01
1.534979045e-01
1.528062522e-01
1.521033049e-01
1.526629925e-01
1.508127898e-01
1.517570317e-01
1.524950266e-01
1.512880027e-01
1.504696459e-01
1.505211145e-01
1.511106640e-01
1.495285034e-01
1.487596333e-01
1.495779753e-01
1.491286606e-01
1.493121535e-01
1.482700109e-01
1.480741799e-01
1.479072422e-01
1.499923766e-01
1.482288092e-01
1.488204151e-01
1.497460008e-01
1.484297663e-01
1.484411359e-01
1.491595805e-01
1.494863033e-01
1.482854784e-01
1.492914706e-01
1.503077596e-01
1.489451677e-01
1.492429972e-01
1.492533088e-01
1.498656273e-01
1.498480439e-01
1.512322426e-01
1.493861973e-01
1.504334658e-01
1.510436535e-01
1.504262835e-01
1.503468901e-01
1.496027112e-01
1.491502374e-01
1.476814896e-01
1.476732045e-01
1.487678885e-01
1.482824087e-01
1.488842815e-01
1.481700987e-01
1.467569023e-01
1.460611373e-01
1.475949138e-01
1.457416564e-01
1.459395438e-01
1.462281048e-01
1.446727514e-01
1.454117745e-01
1.458714902e-01
1.460787207e-01
1.443965286e-01
1.441234499e-01
1.448139399e-01
1.438266784e-01
1.433720589e-01
1.425208151e-01
1.423445642e-01
1.429083496e-01
1.453550607e-01
1.435019523e-01
1.440214515e-01
1.445624679e-01
1.427599043e-01
1.427166760e-01
1.415046602e-01
1.415355206e-01
1.410666257e-01
1.410171390e-01
1.418745816e-01
1.404122114e-01
1.412655413e-01
1.410593987e-01
1.412995160e-01
1.408006996e-01
1.421095729e-01
1.401143372e-01
1.409831047e-01
1.416282356e-01
1.403111666e-01
1.393032521e-01
1.387396008e-01
1.393682212e-01
1.383119226e-01
1.371947080e-01
1.372122318e-01
1.350828111e-01
1.351065040e-01
1.350065470e-01
1.348292679e-01
1.340748370e-01
1.362186670e-01
1.346293241e-01
1.366330534e-01
1.378429830e-01
1.366928220e-01
1.364722699e-01
1.377770007e-01
1.386561543e-01
1.385881305e-01
1.385221928e-01
1.392023116e-01
1.379831135e-01
1.382686496e-01
1.380315870e-01
1.371442080e-01
1.365495622e-01
1.378913820e-01
1.357198656e-01
1.365423501e-01
1.377110481e-01
1.366968900e-01
1.369154304e-01
1.377832294e-01
1.374936402e-01
1.350910813e-01
1.348169148e-01
1.353168488e-01
1.348004043e-01
1.349539757e-01
1.340758502e-01
1.330441386e-01
1.326493621e-01
1.337140799e-01
1.312600225e-01
1.317073405e-01
1.320444047e-01
1.308622211e-01
1.306776702e-01
1.301138699e-01
1.302210987e-01
1.293295175e-01
1.289419532e-01
1.300406903e-01
1.294243336e-01
1.301221102e-01
1.297716349e-01
1.284585595e-01
1.281132996e-01
1.300108135e-01
1.273846179e-01
1.281442493e-01
1.281246394e-01
1.254798472e-01
1.252953559e-01
1.258137971e-01
1.264219135e-01
1.254912168e-01
1.248624995e-01
1.250881702e-01
1.233762056e-01
1.242873371e-01
1.234896034e-01
1.238245741e-01
1.239595711e-01
1.261291951e-01
1.241708770e-01
1.247831285e-01
1.255076379e-01
1.243089885e-01
1.236648187e-01
1.245821342e-01
1.249284148e-01
1.243141443e-01
1.236998290e-01
1.244377866e-01
1.238946244e-01
1.243738979e-01
1.243275255e-01
1.243749484e-01
1.241883859e-01
1.250984520e-01
1.220095158e-01
1.228732169e-01
1.239987612e-01
1.230700985e-01
1.233700439e-01
1.236699671e-01
1.243801191e-01
1.240203902e-01
1.237606704e-01
1.243285686e-01
1.221517548e-01
1.215333343e-01
1.206170768e-01
1.195915118e-01
1.188700646e-01
1.200635657e-01
1.175775900e-01
1.180918887e-01
1.183351874e-01
1.170725077e-01
1.175806299e-01
1.178991273e-01
1.186164990e-01
1.188999638e-01
1.193844229e-01
1.203254089e-01
1.194905862e-01
1.205130145e-01
1.204377785e-01
1.189999431e-01
1.184711605e-01
1.200305894e-01
1.177909151e-01
1.191194654e-01
1.207149699e-01
1.189566329e-01
1.187092736e-01
1.183887571e-01
1.180785447e-01
1.174085736e-01
1.178188175e-01
1.187536046e-01
1.182341352e-01
1.191421449e-01
1.185835078e-01
1.174456403e-01
1.170261726e-01
1.189566031e-01
1.173116341e-01
1.178073958e-01
1.189184710e-01
1.170715615e-01
1.165469065e-01
1.165716574e-01
1.178146377e-01
1.172786653e-01
1.166540533e-01
1.167334095e-01
1.155389696e-01
1.163820177e-01
1.163346097e-01
1.156255007e-01
1.156234369e-01
1.179857031e-01
1.156780571e-01
1.164778769e-01
1.175580099e-01
1.165685207e-01
1.172054857e-01
1.172065139e-01
1.168828905e-01
1.156883836e-01
1.148143485e-01
1.154482216e-01
1.142516360e-01
1.139970720e-01
1.136734486e-01
1.147061735e-01
1.150524542e-01
1.168231294e-01
1.149998754e-01
1.160057783e-01
1.178713143e-01
1.169560850e-01
1.171518862e-01
1.171127185e-01
1.166262850e-01
1.157811433e-01
1.158295721e-01
1.170436963e-01
1.169674248e-01
