8.055182546e-02
7.950095832e-02
8.035231382e-02
8.003849536e-02
7.928441465e-02
7.859112322e-02
7.743560523e-02
7.610734552e-02
7.307384163e-02
7.256299257e-02
7.063385844e-02
7.209344208e-02
7.177226990e-02
7.320998609e-02
7.441420853e-02
7.469882816e-02
7.323436439e-02
7.218834758e-02
7.420985401e-02
7.308109850e-02
7.099141926e-02
6.946128607e-02
6.692157686e-02
6.630614400e-02
6.611639261e-02
6.791172177e-02
6.984568387e-02
7.418793440e-02
7.345326990e-02
7.136847824e-02
6.815004349e-02
6.647884101e-02
6.554957479e-02
6.473463774e-02
6.362544745e-02
6.439661235e-02
6.544266641e-02
6.433573365e-02
6.382490695e-02
6.471524388e-02
6.578804553e-02
6.568349153e-02
6.590723991e-02
6.808932126e-02
6.996975839e-02
6.992356479e-02
6.861969084e-02
6.642543525e-02
6.805291027e-02
6.685358286e-02
6.544022262e-02
6.513129175e-02
6.744959950e-02
6.799933314e-02
6.535261869e-02
6.318019331e-02
6.364240497e-02
6.444032490e-02
6.136544049e-02
6.024399027e-02
6.029747054e-02
6.206847727e-02
6.365949661e-02
6.261339784e-02
6.263530254e-02
6.578806043e-02
6.631599367e-02
6.505580992e-02
6.646425277e-02
6.557631493e-02
6.327996403e-02
6.197116524e-02
6.200521812e-02
6.529420614e-02
6.763205677e-02
7.064855844e-02
7.479862869e-02
7.479367405e-02
7.445553690e-02
7.411495596e-02
7.368195802e-02
7.266752422e-02
7.211288065e-02
6.924236566e-02
6.831556559e-02
6.733527035e-02
6.875104457e-02
7.020824403e-02
7.166532427e-02
7.496399432e-02
7.757180184e-02
7.860571891e-02
7.839407027e-02
7.715580612e-02
7.723607868e-02
7.507832348e-02
7.094775140e-02
7.049525529e-02
7.061447203e-02
7.177728415e-02
7.179668546e-02
7.456499338e-02
7.509770989e-02
7.666441053e-02
7.686632872e-02
7.513670623e-02
7.390816510e-02
7.475721091e-02
7.487396896e-02
7.444827259e-02
7.488127053e-02
7.584456354e-02
7.571077347e-02
7.409790903e-02
7.399086654e-02
7.286697626e-02
7.311998308e-02
7.067757100e-02
7.053160667e-02
7.040274143e-02
7.209346443e-02
7.276246697e-02
7.493729889e-02
7.756938040e-02
7.795374095e-02
7.942795753e-02
8.065884560e-02
8.112350851e-02
7.922604680e-02
7.862275094e-02
7.864948362e-02
8.060768247e-02
8.154924214e-02
8.159060031e-02
8.098968863e-02
8.148599416e-02
8.331777155e-02
8.389188349e-02
8.308907598e-02
8.310373127e-02
8.491127193e-02
8.454395086e-02
8.237881213e-02
8.429086208e-02
8.585756272e-02
8.454868942e-02
8.574327081e-02
8.650958538e-02
8.819065988e-02
9.003955871e-02
9.264720231e-02
9.281015396e-02
9.233089536e-02
9.182491899e-02
9.183468670e-02
9.119238704e-02
9.065479785e-02
9.341096878e-02
9.761229157e-02
9.698460251e-02
9.740060568e-02
9.880191088e-02
9.818885475e-02
9.672921151e-02
9.583390504e-02
9.625478089e-02
9.622319043e-02
9.708926082e-02
9.847587347e-02
1.036477089e-01
1.053482443e-01
1.050782502e-01
1.039785817e-01
1.057301611e-01
1.049030423e-01
1.059491411e-01
1.045162901e-01
1.053725481e-01
1.080753058e-01
1.072190329e-01
1.053312793e-01
1.032852754e-01
1.033996046e-01
1.038594618e-01
1.040102914e-01
1.057837456e-01
1.068638861e-01
1.062848493e-01
1.071800515e-01
1.098172143e-01
1.109993830e-01
1.132788360e-01
1.123713925e-01
1.119092330e-01
1.099216491e-01
1.124566570e-01
1.126318276e-01
1.150207296e-01
1.141716838e-01
1.115029454e-01
1.128335223e-01
1.136655658e-01
1.121937409e-01
1.147773638e-01
1.161397621e-01
1.172295958e-01
1.179399639e-01
1.178475469e-01
1.227397993e-01
1.222264320e-01
1.233212352e-01
1.226716712e-01
1.232750863e-01
1.225720420e-01
1.218106076e-01
1.216913313e-01
1.235353127e-01
1.235353276e-01
1.251287609e-01
1.277974248e-01
1.288847923e-01
1.277364939e-01
1.283277720e-01
1.271819323e-01
1.267391294e-01
1.249802411e-01
1.262235343e-01
1.266612709e-01
1.296024621e-01
1.325995177e-01
1.341054142e-01
1.318015754e-01
1.332661510e-01
1.352220178e-01
1.347986609e-01
1.369564384e-01
1.370586157e-01
1.363895684e-01
1.379879564e-01
1.385644972e-01
1.400825679e-01
1.444176286e-01
1.491323262e-01
1.520490497e-01
1.624320894e-01
2.379564643e-01
5.186119080e-01
1.096583486e+00
1.976443887e+00
3.093277454e+00
4.340766430e+00
5.612938881e+00
6.828617096e+00
7.921042919e+00
8.858845711e+00
9.617355347e+00
1.019911766e+01
1.060802460e+01
1.085906982e+01
1.098116207e+01
1.100000000e+01
1.093278313e+01
1.080838966e+01
1.066530991e+01
1.049737167e+01
1.032164860e+01
1.015743065e+01
1.000981903e+01
9.884098053e+00
9.762319565e+00
9.659333229e+00
9.555914879e+00
9.455296516e+00
9.344449043e+00
9.218576431e+00
9.072508812e+00
8.918979645e+00
8.750254631e+00
8.569601059e+00
8.400807381e+00
8.234354973e+00
8.084791183e+00
7.950132370e+00
7.823742390e+00
7.707122803e+00
7.582974434e+00
7.457150936e+00
7.316895962e+00
7.166399002e+00
7.005860329e+00
6.849273205e+00
6.688881397e+00
6.543546677e+00
6.414987087e+00
6.298882484e+00
6.203904152e+00
6.111207962e+00
6.016031742e+00
5.919347286e+00
5.815135002e+00
5.702410698e+00
5.571597576e+00
5.448629379e+00
5.323873997e+00
5.204542160e+00
5.095884800e+00
5.006258011e+00
4.924295902e+00
4.853245258e+00
4.780793190e+00
4.700373650e+00
4.623479843e+00
4.533246994e+00
4.436263561e+00
4.339922905e+00
4.243850708e+00
4.158424854e+00
4.073915482e+00
4.006079197e+00
3.945034504e+00
3.890987635e+00
3.838311911e+00
3.786691666e+00
3.725872755e+00
3.662996292e+00
3.596958399e+00
3.522537470e+00
3.457275867e+00
3.387661219e+00
3.321134329e+00
3.260841131e+00
3.202947617e+00
3.154925108e+00
3.110444784e+00
3.076466084e+00
3.044281244e+00
3.007459402e+00
2.967416286e+00
2.921402693e+00
2.865737438e+00
2.808785200e+00
2.753788948e+00
2.696775436e+00
2.658208847e+00
2.623352766e+00
2.593520164e+00
2.573103905e+00
2.551514387e+00
2.534358740e+00
2.504309654e+00
2.471979618e+00
2.431895971e+00
2.386682272e+00
2.344147205e+00
2.304061413e+00
2.266421795e+00
2.241808414e+00
2.225350857e+00
2.202406645e+00
2.196028233e+00
2.184643030e+00
2.163666725e+00
2.140439510e+00
2.108459473e+00
2.079444170e+00
2.040911913e+00
2.014290094e+00
1.990137458e+00
1.968698502e+00
1.952054381e+00
1.938814044e+00
1.926112294e+00
1.915005207e+00
1.904125690e+00
1.882346153e+00
1.869025946e+00
1.847833633e+00
1.820450783e+00
1.798152566e+00
1.776414633e+00
1.763232350e+00
1.746532202e+00
1.736688972e+00
1.729050875e+00
1.721221566e+00
1.718696117e+00
1.713709235e+00
1.704342723e+00
1.693583608e+00
1.679355145e+00
1.653667808e+00
1.641618133e+00
1.623433590e+00
1.603803873e+00
1.592779040e+00
1.584148407e+00
1.580739737e+00
1.574232221e+00
1.572809100e+00
1.568668008e+00
1.558748245e+00
1.545305848e+00
1.532127619e+00
1.512355208e+00
1.495293140e+00
1.482072830e+00
1.462576747e+00
1.456613183e+00
1.451366901e+00
1.444579840e+00
1.446070313e+00
1.442201018e+00
1.435940266e+00
1.424403906e+00
1.413200736e+00
1.396844387e+00
1.379658937e+00
1.367541432e+00
1.356487036e+00
1.344687939e+00
1.338941336e+00
1.341571689e+00
1.334540606e+00
1.341756225e+00
1.340091944e+00
1.330178738e+00
1.320951939e+00
1.307966590e+00
1.297340393e+00
1.280455351e+00
1.273249865e+00
1.268416286e+00
1.263385415e+00
1.259819269e+00
1.258303404e+00
1.253661990e+00
1.251520872e+00
1.252080441e+00
1.239679098e+00
1.240854025e+00
1.234056830e+00
1.220757365e+00
1.210386634e+00
1.198251724e+00
1.191629887e+00
1.181192279e+00
1.181170344e+00
1.185938358e+00
1.185962558e+00
1.188057065e+00
1.187183619e+00
1.180324316e+00
1.171805143e+00
1.164012909e+00
1.144373536e+00
1.136603475e+00
1.127315521e+00
1.119078755e+00
1.119321942e+00
1.118375421e+00
1.124092579e+00
1.123651981e+00
1.127230763e+00
1.126792789e+00
1.119329095e+00
1.111109853e+00
1.099405885e+00
1.084468842e+00
1.074134946e+00
1.070994258e+00
1.060146809e+00
1.062260866e+00
1.064100146e+00
1.062467813e+00
1.064299703e+00
1.061377883e+00
1.057517052e+00
1.046409249e+00
1.040403008e+00
1.032360673e+00
1.020837069e+00
1.014222622e+00
1.007401109e+00
1.000373363e+00
9.996558428e-01
1.000363708e+00
9.947826862e-01
9.983466864e-01
9.959239960e-01
9.874725938e-01
9.808121920e-01
9.724339247e-01
9.674587250e-01
9.563032985e-01
9.543814063e-01
9.518588781e-01
9.490366578e-01
9.481558800e-01
9.480193257e-01
9.462775588e-01
9.469637275e-01
9.473505020e-01
9.357202053e-01
9.372553229e-01
9.303927422e-01
9.204392433e-01
9.148976207e-01
9.106646180e-01
9.104334712e-01
9.056091905e-01
9.068720341e-01
9.081758261e-01
9.045850039e-01
9.041442275e-01
9.019423127e-01
8.979094625e-01
8.958317637e-01
8.928029537e-01
8.802652359e-01
8.806031942e-01
8.783648014e-01
8.747889400e-01
8.777887225e-01
8.787058592e-01
8.827828765e-01
8.784090281e-01
8.761563897e-01
8.714975715e-01
8.645357490e-01
8.630224466e-01
8.605436683e-01
8.560479879e-01
8.537926078e-01
8.562058806e-01
8.475239873e-01
8.536613584e-01
8.562523127e-01
8.518027663e-01
8.526446223e-01
8.504480720e-01
8.485260010e-01
8.413765430e-01
8.400556445e-01
8.361486197e-01
8.302522302e-01
8.312783837e-01
8.326139450e-01
8.305608630e-01
8.312029839e-01
8.331590295e-01
8.232511282e-01
8.256884813e-01
8.234846592e-01
8.162278533e-01
8.116160035e-01
8.051785827e-01
8.048161268e-01
8.008634448e-01
7.992314100e-01
8.015251160e-01
7.988445163e-01
8.000825047e-01
8.012889028e-01
7.997246981e-01
7.985278964e-01
7.988393307e-01
7.858166695e-01
7.862450480e-01
7.831698060e-01
7.764073610e-01
7.775212526e-01
7.783458829e-01
7.815591693e-01
7.785941958e-01
7.824571133e-01
7.819753289e-01
7.756313086e-01
7.742353082e-01
7.725982666e-01
7.685133219e-01
7.674576640e-01
7.693673372e-01
7.622665763e-01
7.688717246e-01
7.691464424e-01
7.655867934e-01
7.664484382e-01
7.665947080e-01
7.669326663e-01
7.622292042e-01
7.634237409e-01
7.626042962e-01
7.586031556e-01
7.564501166e-01
7.551730871e-01
7.542046905e-01
7.551262975e-01
7.586901188e-01
7.536421418e-01
7.616648674e-01
7.649714947e-01
7.606024146e-01
7.614998817e-01
7.610378861e-01
7.616239786e-01
7.559704185e-01
7.544819117e-01
7.538395524e-01
7.524457574e-01
7.567243576e-01
7.604880333e-01
7.622973323e-01
7.655459046e-01
7.678031325e-01
7.580818534e-01
7.594320774e-01
7.554327846e-01
7.495724559e-01
7.505745888e-01
7.518375516e-01
7.561922669e-01
7.545257211e-01
7.606990933e-01
7.639501095e-01
7.622448802e-01
7.639914155e-01
7.642467022e-01
7.607241869e-01
7.623296976e-01
7.667351961e-01
7.577539086e-01
7.620329857e-01
7.626699805e-01
7.594981194e-01
7.619008422e-01
7.634682059e-01
7.692502737e-01
7.662321329e-01
7.674922943e-01
7.664385438e-01
7.611907721e-01
7.604733109e-01
7.607214451e-01
7.598581314e-01
7.610645890e-01
7.637841702e-01
7.589188218e-01
7.640374899e-01
7.622369528e-01
7.577268481e-01
7.587605119e-01
7.575198412e-01
7.597094774e-01
7.563958168e-01
7.588648200e-01
7.601833940e-01
7.584419847e-01
7.601546049e-01
7.604969740e-01
7.594096661e-01
7.594661713e-01
7.632614374e-01
7.537155747e-01
7.589358687e-01
7.608187795e-01
7.587754726e-01
7.626111507e-01
7.611130476e-01
7.657912970e-01
7.605732083e-01
7.625552416e-01
7.594099045e-01
7.558559179e-01
7.576003075e-01
7.620565295e-01
7.599064708e-01
7.612541914e-01
7.644943595e-01
7.561797500e-01
7.601743937e-01
7.601958513e-01
7.541460395e-01
7.545037866e-01
7.548955083e-01
7.590569854e-01
7.578873634e-01
7.607094049e-01
7.619646788e-01
7.610325217e-01
7.607187033e-01
7.593471408e-01
7.574934363e-01
7.565227747e-01
7.568439245e-01
7.484219074e-01
7.536377907e-01
7.582134008e-01
7.572864294e-01
7.576315999e-01
7.583249807e-01
7.600019574e-01
7.548341751e-01
7.567248940e-01
7.580385208e-01
7.554598451e-01
7.589210868e-01
7.614811063e-01
7.589725852e-01
7.617169023e-01
7.650031447e-01
7.570699453e-01
7.624638677e-01
7.622061968e-01
7.572719455e-01
7.577681541e-01
7.563500404e-01
7.587654591e-01
7.564182878e-01
7.588141561e-01
7.598651052e-01
7.563111186e-01
7.585899830e-01
7.609142661e-01
7.620890737e-01
7.614713311e-01
7.656766176e-01
7.576956153e-01
7.602478266e-01
7.590751052e-01
7.563351393e-01
7.581692338e-01
7.585393190e-01
7.611307502e-01
7.580677271e-01
7.601842284e-01
7.611717582e-01
7.588631511e-01
7.581921816e-01
7.576763630e-01
7.575832605e-01
7.603036165e-01
7.659955025e-01
7.590425611e-01
7.666768432e-01
7.660199404e-01
7.623300552e-01
7.625004649e-01
7.631617188e-01
7.663067579e-01
7.617267370e-01
7.621279359e-01
7.649033666e-01
7.653365731e-01
7.683380246e-01
7.700579166e-01
7.698413730e-01
7.706878185e-01
7.728937864e-01
7.656621933e-01
7.721834779e-01
7.748185396e-01
7.714854479e-01
7.738454342e-01
7.734926939e-01
7.750398517e-01
7.713615298e-01
7.724853158e-01
7.744317055e-01
7.754534483e-01
7.788081169e-01
7.781709433e-01
7.767230272e-01
7.776526213e-01
7.806791663e-01
7.727020979e-01
7.775554657e-01
7.773804069e-01
7.734027505e-01
7.748136520e-01
7.757283449e-01
7.787546515e-01
7.752663493e-01
7.788640857e-01
7.831141353e-01
7.818465829e-01
7.819587588e-01
7.802579999e-01
7.762710452e-01
7.745072842e-01
7.780908346e-01
7.721283436e-01
7.797031999e-01
7.827782631e-01
7.826196551e-01
7.847413421e-01
7.852960825e-01
7.862741351e-01
7.834790349e-01
7.843739986e-01
7.856199145e-01
7.842257619e-01
7.850140333e-01
7.853276730e-01
7.848022580e-01
7.886534929e-01
7.940400839e-01
7.859870195e-01
7.907071710e-01
7.898532748e-01
7.836616635e-01
7.848317623e-01
7.821871042e-01
7.839539051e-01
7.812143564e-01
7.849269509e-01
7.875692248e-01
7.873717546e-01
7.921549082e-01
7.949132323e-01
7.954361439e-01
7.948793173e-01
7.978467345e-01
7.882012129e-01
7.935775518e-01
7.950589061e-01
7.921206951e-01
7.950323224e-01
7.938819528e-01
7.972044945e-01
7.953003645e-01
7.984842658e-01
7.993332744e-01
7.966380119e-01
7.972071171e-01
7.965551615e-01
7.952366471e-01
7.960489988e-01
7.996954918e-01
7.917583585e-01
7.970173955e-01
7.974700332e-01
7.976135015e-01
8.014860153e-01
8.006711602e-01
8.008049130e-01
7.941231132e-01
7.964386940e-01
7.983480692e-01
7.973749638e-01
7.990022898e-01
7.994789481e-01
7.976303697e-01
7.982774973e-01
8.031498790e-01
7.975575924e-01
8.033640981e-01
8.052082062e-01
7.998709083e-01
7.990050316e-01
7.989148498e-01
8.027633429e-01
7.996081710e-01
8.012207747e-01
8.006589413e-01
7.983509898e-01
7.987255454e-01
8.003308177e-01
7.984385490e-01
7.974898815e-01
8.009559512e-01
7.966529727e-01
8.035835028e-01
8.075288534e-01
8.053809404e-01
8.075093627e-01
8.059720397e-01
8.074902892e-01
8.007616401e-01
8.021820784e-01
8.045172095e-01
8.047896624e-01
8.072276711e-01
8.093072772e-01
8.100882173e-01
8.085894585e-01
8.133700490e-01
8.055588007e-01
8.114112616e-01
8.136864901e-01
8.110902309e-01
8.151094913e-01
8.171940446e-01
8.218526244e-01
8.192912936e-01
8.239547610e-01
8.257157803e-01
8.230597377e-01
8.254867196e-01
8.282090425e-01
8.257424831e-01
8.271192312e-01
8.289535046e-01
8.204833269e-01
8.263991475e-01
8.263947964e-01
8.239155412e-01
8.266889453e-01
8.240178823e-01
8.289340138e-01
8.269051909e-01
8.294304609e-01
8.321990967e-01
8.326269984e-01
8.350937366e-01
8.344733715e-01
8.321865201e-01
8.319069147e-01
8.363444209e-01
8.298923969e-01
8.379234076e-01
8.427637815e-01
8.425769806e-01
8.466486931e-01
8.467558622e-01
8.466899991e-01
8.410030603e-01
8.436253071e-01
8.468015790e-01
8.446534276e-01
8.473780155e-01
8.488594890e-01
8.476944566e-01
8.480568528e-01
8.533650041e-01
8.449042439e-01
8.509101868e-01
8.545884490e-01
8.531507850e-01
8.541164994e-01
8.568338156e-01
8.639270663e-01
8.619835377e-01
8.627862930e-01
8.646621108e-01
8.627720475e-01
8.634775281e-01
8.632050753e-01
8.596244454e-01
8.598139286e-01
8.644748926e-01
8.551747203e-01
8.613562584e-01
8.627597094e-01
8.593516946e-01
8.596507311e-01
8.613148332e-01
8.638520241e-01
8.592524529e-01
8.607529402e-01
8.638082147e-01
8.609939218e-01
8.606434464e-01
8.606772423e-01
8.577095866e-01
8.591228724e-01
8.634967804e-01
8.576707244e-01
8.640832305e-01
8.675522804e-01
8.652629852e-01
8.684134483e-01
8.695739508e-01
8.748036027e-01
8.705030084e-01
8.710624576e-01
8.706052899e-01
8.682065010e-01
8.699681163e-01
8.691022396e-01
8.671315908e-01
8.702428341e-01
8.731398582e-01
8.669393659e-01
8.729528785e-01
8.736898899e-01
8.718021512e-01
8.750206232e-01
8.739964962e-01
8.762781620e-01
8.729014397e-01
8.740059137e-01
8.763388395e-01
8.733370900e-01
8.750712276e-01
8.757502437e-01
8.734218478e-01
8.745848536e-01
8.799052835e-01
8.730959296e-01
8.779907823e-01
8.803355694e-01
8.761636615e-01
8.806884885e-01
8.814450502e-01
8.835685849e-01
8.799633980e-01
8.808974624e-01
8.832327724e-01
8.830819130e-01
8.852670789e-01
8.868191838e-01
8.852500319e-01
8.851721287e-01
8.898455501e-01
8.859918118e-01
8.952339292e-01
9.002617002e-01
8.991693854e-01
9.027407169e-01
9.044359922e-01
9.082728028e-01
9.031080604e-01
9.056067467e-01
9.084921479e-01
