1.302707195e-01
1.295609921e-01
1.284997016e-01
1.274544597e-01
1.259110421e-01
1.244726777e-01
1.230577081e-01
1.221375316e-01
1.215122938e-01
1.210852563e-01
1.203930676e-01
1.198668927e-01
1.186081469e-01
1.178783700e-01
1.174622476e-01
1.166254655e-01
1.152754948e-01
1.144507676e-01
1.132958978e-01
1.127227321e-01
1.123906448e-01
1.117279753e-01
1.107767075e-01
1.095913053e-01
1.084840372e-01
1.081458926e-01
1.077683568e-01
1.076313034e-01
1.070751026e-01
1.062637940e-01
1.055896059e-01
1.047519222e-01
1.041782871e-01
1.033830941e-01
1.025673375e-01
1.020951569e-01
1.016594991e-01
1.005996764e-01
9.946689010e-02
9.852010757e-02
9.827702492e-02
9.786543250e-02
9.743886441e-02
9.683062881e-02
9.581132978e-02
9.511455894e-02
9.452128410e-02
9.420772642e-02
9.395666420e-02
9.278170764e-02
9.201337397e-02
9.156577289e-02
9.142321348e-02
9.057646245e-02
8.959609270e-02
8.913844079e-02
8.816174418e-02
8.727747947e-02
8.653232455e-02
8.572553843e-02
8.540144563e-02
8.484283090e-02
8.391952515e-02
8.301983029e-02
8.265317976e-02
8.201052994e-02
8.136236668e-02
8.100779355e-02
8.112882823e-02
8.101079613e-02
8.058866113e-02
7.990936190e-02
7.910615206e-02
7.856751978e-02
7.822844386e-02
7.741770148e-02
7.694394141e-02
7.665086538e-02
7.580615580e-02
7.504294068e-02
7.462789863e-02
7.398617268e-02
7.345499098e-02
7.278080285e-02
7.205155492e-02
7.168392837e-02
7.141077518e-02
7.134524733e-02
7.028985769e-02
6.952664256e-02
6.916104257e-02
6.878238916e-02
6.816326827e-02
6.802572310e-02
6.768661737e-02
6.743997335e-02
6.728439033e-02
6.692074239e-02
6.662562490e-02
6.651560217e-02
6.575336307e-02
6.495012343e-02
6.435491890e-02
6.347863376e-02
6.243680790e-02
6.210421026e-02
6.125145778e-02
6.119743362e-02
6.080581993e-02
6.069928035e-02
6.002107263e-02
5.991254747e-02
5.988852307e-02
5.900573358e-02
5.836150423e-02
5.766429752e-02
5.761077628e-02
5.723565817e-02
5.701509491e-02
5.697004870e-02
5.643546209e-02
5.667151883e-02
5.642346293e-02
5.644147471e-02
5.581476912e-02
5.539917946e-02
5.510459468e-02
5.458838120e-02
5.342104658e-02
5.263932049e-02
5.265532807e-02
5.271381885e-02
5.214467272e-02
5.106182396e-02
4.986251146e-02
4.923081025e-02
4.908676073e-02
4.904424772e-02
4.864961654e-02
4.760630801e-02
4.657650739e-02
4.680757970e-02
4.724973440e-02
4.731674865e-02
4.716366902e-02
4.674553871e-02
4.590690136e-02
4.515319318e-02
4.493967816e-02
4.459208250e-02
4.438202828e-02
4.435500503e-02
4.402339086e-02
4.379084706e-02
4.408091679e-02
4.384736344e-02
4.259100929e-02
4.206732288e-02
4.187227413e-02
4.222235456e-02
4.262649640e-02
4.255848378e-02
4.229540378e-02
4.231342673e-02
4.138811678e-02
4.128209874e-02
4.145065695e-02
4.189779609e-02
4.193430766e-02
4.160318524e-02
4.079041630e-02
4.020624980e-02
3.910541907e-02
3.895936906e-02
3.920841590e-02
3.919192031e-02
3.894539550e-02
3.952653334e-02
3.973156214e-02
3.933946416e-02
3.855476528e-02
3.774151206e-02
3.741590306e-02
3.750642017e-02
3.748491034e-02
3.750742227e-02
3.698481619e-02
3.662917390e-02
3.619103879e-02
3.576137871e-02
3.579589725e-02
3.518919647e-02
3.478609025e-02
3.481408954e-02
3.520921618e-02
3.504966572e-02
3.517618775e-02
3.458705172e-02
3.343675658e-02
3.428148851e-02
3.435898945e-02
3.349727020e-02
3.357877582e-02
3.359728307e-02
3.313517943e-02
3.282962739e-02
3.219291940e-02
3.220042586e-02
3.252550587e-02
3.206688538e-02
3.168724850e-02
3.145568073e-02
3.085801564e-02
3.040190414e-02
3.063547425e-02
3.098804876e-02
3.084401973e-02
3.044890054e-02
3.054090962e-02
3.080900386e-02
3.024884686e-02
2.925104089e-02
2.895145677e-02
2.932156250e-02
2.963315509e-02
2.970667742e-02
2.963064983e-02
2.959062718e-02
2.940156497e-02
2.940659598e-02
3.016280755e-02
2.997175977e-02
2.990573086e-02
2.987972461e-02
2.944409102e-02
2.931655757e-02
2.914050408e-02
2.890942059e-02
2.899147198e-02
2.910599485e-02
2.939558215e-02
2.945610136e-02
2.914000489e-02
2.935105190e-02
3.072995879e-02
3.237092122e-02
3.308515623e-02
3.339722380e-02
3.479358181e-02
4.479814321e-02
1.322277784e-01
6.335206628e-01
2.226672173e+00
4.812594891e+00
7.538473129e+00
9.792899132e+00
1.135723400e+01
1.230348682e+01
1.280224514e+01
1.296349430e+01
1.288023281e+01
1.258362389e+01
1.213563728e+01
1.160931301e+01
1.105968380e+01
1.052409077e+01
1.002260303e+01
9.571459770e+00
9.173396111e+00
8.828075409e+00
8.528811455e+00
8.261610985e+00
8.016851425e+00
7.788150311e+00
7.574296951e+00
7.373847961e+00
7.194882870e+00
7.063224792e+00
6.979866028e+00
6.877154350e+00
6.728064060e+00
6.558389664e+00
6.394798279e+00
6.246992588e+00
6.108800888e+00
5.976835728e+00
5.848075867e+00
5.720232964e+00
5.599080086e+00
5.483326912e+00
5.373058796e+00
5.265884399e+00
5.161728382e+00
5.053679943e+00
4.948704720e+00
4.845196724e+00
4.740894794e+00
4.640828609e+00
4.543562889e+00
4.450016022e+00
4.359565735e+00
4.278832912e+00
4.211835384e+00
4.142622471e+00
4.064011574e+00
3.976433992e+00
3.890697002e+00
3.810153008e+00
3.735951662e+00
3.658201694e+00
3.584636927e+00
3.514149427e+00
3.442751884e+00
3.374821663e+00
3.309170723e+00
3.245648146e+00
3.182896376e+00
3.122086763e+00
3.063028336e+00
3.002675533e+00
2.944938421e+00
2.887774467e+00
2.831481457e+00
2.776323795e+00
2.723911285e+00
2.668745041e+00
2.619416952e+00
2.573295832e+00
2.522848129e+00
2.472615242e+00
2.424954653e+00
2.380994081e+00
2.337683439e+00
2.295454502e+00
2.252922773e+00
2.207821608e+00
2.166385412e+00
2.125341654e+00
2.086049557e+00
2.047627687e+00
2.012394905e+00
1.973230481e+00
1.938364506e+00
1.904894590e+00
1.869149327e+00
1.835420966e+00
1.802343607e+00
1.770810604e+00
1.738080144e+00
1.707018137e+00
1.676740050e+00
1.645693660e+00
1.617828369e+00
1.586545229e+00
1.553489089e+00
1.522187471e+00
1.495965600e+00
1.467158079e+00
1.440502167e+00
1.413712740e+00
1.384874582e+00
1.358773351e+00
1.333105445e+00
1.308022141e+00
1.282132030e+00
1.257432461e+00
1.234669209e+00
1.210733891e+00
1.189215899e+00
1.167635679e+00
1.146859288e+00
1.127138495e+00
1.109901667e+00
1.089503527e+00
1.071787953e+00
1.054100633e+00
1.035828233e+00
1.019671202e+00
1.002752423e+00
9.836274981e-01
9.641761780e-01
9.485849142e-01
9.349614382e-01
9.192768931e-01
9.033248425e-01
8.872787356e-01
8.716654778e-01
8.566717505e-01
8.434149027e-01
8.270473480e-01
8.127594590e-01
7.992907763e-01
7.848246098e-01
7.720115781e-01
7.592021823e-01
7.466741204e-01
7.335109115e-01
7.215272188e-01
7.105976939e-01
6.977948546e-01
6.858664155e-01
6.747762561e-01
6.643788218e-01
6.526695490e-01
6.408511400e-01
6.264728308e-01
6.163536906e-01
6.076493859e-01
5.970266461e-01
5.872430205e-01
5.762200952e-01
5.659368038e-01
5.552255511e-01
5.462386608e-01
5.377421379e-01
5.270680189e-01
5.180301070e-01
5.090985298e-01
5.006360412e-01
4.927525222e-01
4.866826534e-01
4.777412415e-01
4.708300531e-01
4.643993080e-01
4.562930167e-01
4.503626525e-01
4.445568919e-01
4.394728541e-01
4.316998422e-01
4.237905145e-01
4.174222350e-01
4.097247124e-01
4.043554664e-01
3.984848261e-01
3.925799131e-01
3.863584101e-01
3.818664551e-01
3.738784790e-01
3.686957657e-01
3.641470373e-01
3.566339910e-01
3.503522873e-01
3.442122042e-01
3.390648365e-01
3.328230977e-01
3.278673887e-01
3.245382905e-01
3.193121254e-01
3.161348104e-01
3.111898005e-01
3.059996963e-01
3.007932901e-01
2.988953590e-01
2.916591763e-01
2.867394686e-01
2.826518714e-01
2.771303356e-01
2.739096284e-01
2.705426216e-01
2.669153512e-01
2.620528936e-01
2.575721741e-01
2.552354336e-01
2.506408393e-01
2.478919625e-01
2.434028089e-01
2.390016019e-01
2.344571799e-01
2.337173820e-01
2.284670621e-01
2.266130447e-01
2.255276442e-01
2.216887176e-01
2.194019705e-01
2.164787799e-01
2.135002762e-01
2.095549554e-01
2.071461380e-01
2.051251233e-01
1.998050064e-01
1.968951225e-01
1.937781274e-01
1.916293204e-01
1.891991645e-01
1.883455366e-01
1.831125319e-01
1.812250316e-01
1.800371557e-01
1.761180311e-01
1.743020266e-01
1.719803661e-01
1.697536558e-01
1.660305858e-01
1.639951766e-01
1.630945206e-01
1.601507813e-01
1.591910124e-01
1.574681550e-01
1.553954780e-01
1.528121531e-01
1.522339582e-01
1.478329003e-01
1.475172192e-01
1.474317908e-01
1.443427056e-01
1.425288022e-01
1.408523321e-01
1.394244730e-01
1.373471022e-01
1.363926530e-01
1.363092214e-01
1.333312690e-01
1.320081800e-01
1.307783127e-01
1.294719875e-01
1.273924410e-01
1.271028668e-01
1.229356974e-01
1.228311509e-01
1.225156859e-01
1.202295497e-01
1.192017645e-01
1.184075549e-01
1.176668853e-01
1.154466569e-01
1.146559641e-01
1.151561141e-01
1.135070771e-01
1.131019443e-01
1.114484593e-01
1.099160314e-01
1.086126119e-01
1.094628721e-01
1.069841236e-01
1.062923521e-01
1.062068492e-01
1.032841280e-01
1.015670225e-01
1.003856286e-01
9.999248385e-02
9.852306545e-02
9.796940535e-02
9.727177024e-02
9.485555440e-02
9.402175993e-02
9.395774454e-02
9.308239818e-02
9.266430885e-02
9.295588732e-02
8.992775530e-02
9.002976120e-02
9.067996591e-02
8.981373906e-02
8.907149732e-02
8.788507432e-02
8.710040152e-02
8.577309549e-02
8.629925549e-02
8.624470234e-02
8.477635682e-02
8.466485143e-02
8.376704156e-02
8.246072382e-02
8.167135715e-02
8.205257356e-02
7.953081280e-02
7.939574867e-02
7.920320332e-02
7.682801038e-02
7.582519948e-02
7.538508624e-02
7.559461147e-02
7.435229421e-02
7.422173768e-02
7.437127829e-02
7.296622545e-02
7.304375619e-02
7.298528403e-02
7.232249528e-02
7.206145674e-02
7.273717970e-02
7.026989013e-02
7.052148879e-02
7.077655196e-02
6.949771196e-02
7.003033906e-02
7.026490569e-02
7.007384300e-02
6.890345365e-02
6.924612075e-02
6.957571954e-02
6.852481514e-02
6.844877452e-02
6.727287173e-02
6.640656292e-02
6.613945216e-02
6.686871499e-02
6.473648548e-02
6.465695798e-02
6.455444545e-02
6.346508861e-02
6.361714005e-02
6.379620731e-02
6.469897181e-02
6.437737495e-02
6.435538083e-02
6.443288922e-02
6.349712610e-02
6.318154186e-02
6.195016205e-02
6.111488864e-02
6.061667949e-02
6.198865175e-02
6.056417525e-02
6.099984422e-02
6.148600951e-02
5.986240879e-02
5.951179564e-02
5.902118236e-02
5.963034183e-02
5.882216245e-02
5.921524763e-02
6.043608114e-02
6.032004952e-02
6.000747159e-02
5.967139080e-02
5.915126950e-02
5.897220597e-02
6.022451818e-02
5.853806064e-02
5.842654780e-02
5.923477188e-02
5.802692845e-02
5.743174255e-02
5.630436912e-02
5.619687214e-02
5.528313667e-02
5.500504375e-02
5.556519330e-02
5.530611798e-02
5.517859012e-02
5.517207459e-02
5.450488999e-02
5.400224030e-02
5.465138704e-02
5.241923779e-02
5.233722553e-02
5.329651758e-02
5.263279751e-02
5.287287012e-02
5.247722194e-02
5.226370320e-02
5.169950053e-02
5.221667141e-02
5.264180899e-02
5.179256201e-02
5.167304724e-02
5.124342814e-02
5.055921525e-02
5.051821098e-02
5.169251189e-02
4.977447912e-02
4.958440736e-02
4.973297566e-02
4.861609638e-02
4.878464341e-02
4.887966812e-02
4.901269451e-02
4.771983624e-02
4.770784825e-02
4.844007641e-02
4.723921791e-02
4.742376134e-02
4.769184068e-02
4.695362225e-02
4.640346020e-02
4.785638303e-02
4.606185853e-02
4.692162201e-02
4.792390391e-02
4.718867689e-02
4.712466523e-02
4.662701860e-02
4.684306681e-02
4.612838849e-02
4.619889334e-02
4.661151394e-02
4.560074210e-02
4.619842395e-02
4.670706391e-02
4.651100934e-02
4.640496895e-02
4.726372287e-02
4.568826407e-02
4.592784494e-02
4.682258517e-02
4.572525248e-02
4.560221732e-02
4.576376453e-02
4.601034522e-02
4.488949105e-02
4.495001584e-02
4.602634907e-02
4.557121545e-02
4.595383629e-02
4.565474764e-02
4.511659592e-02
4.507460818e-02
4.641744494e-02
4.473903403e-02
4.522066563e-02
4.589583725e-02
4.540271312e-02
4.552577808e-02
4.484512657e-02
4.457153752e-02
4.401536658e-02
4.465151578e-02
4.538369924e-02
4.439845681e-02
4.429846630e-02
4.399691522e-02
4.387484863e-02
4.404190555e-02
4.553430527e-02
4.368728399e-02
4.430599138e-02
4.440502822e-02
4.348126054e-02
4.348776489e-02
4.327870533e-02
4.332621768e-02
4.245894775e-02
4.310612008e-02
4.409194365e-02
4.334523156e-02
4.377335683e-02
4.399641603e-02
4.382286593e-02
4.410494864e-02
4.588637128e-02
4.397640377e-02
4.425646365e-02
4.511615261e-02
4.369032755e-02
4.364281893e-02
4.332371056e-02
4.402387887e-02
4.342073202e-02
4.419291019e-02
4.486657679e-02
4.320963472e-02
4.300009087e-02
4.249145463e-02
4.225687683e-02
4.277652502e-02
4.433543608e-02
4.282002896e-02
4.330668598e-02
4.445048794e-02
4.361480102e-02
4.340374097e-02
4.262303561e-02
4.220939800e-02
4.112302884e-02
4.184979945e-02
4.280906543e-02
4.178674147e-02
4.164219648e-02
4.211186990e-02
4.193477705e-02
4.186325520e-02
4.374936596e-02
4.209382460e-02
4.269148409e-02
4.389787838e-02
4.319064692e-02
4.381235316e-02
4.339123517e-02
4.350327700e-02
4.250897840e-02
4.290362448e-02
4.424401000e-02
4.374631122e-02
4.398841783e-02
4.349626973e-02
4.328972101e-02
4.298613220e-02
4.459958524e-02
4.261149839e-02
4.269453138e-02
4.303112999e-02
4.209733382e-02
4.215534776e-02
4.212432727e-02
4.200728983e-02
4.103948176e-02
4.143713787e-02
4.197977111e-02
4.081092030e-02
4.145114124e-02
4.069189355e-02
4.048784822e-02
4.079041630e-02
4.240492359e-02
4.071341455e-02
4.108848795e-02
4.190379754e-02
4.063739628e-02
4.074994102e-02
4.152116179e-02
4.252495617e-02
4.157867655e-02
4.144814610e-02
4.193129763e-02
4.099201411e-02
4.084395990e-02
4.054184258e-02
4.064841196e-02
4.115053639e-02
4.275502637e-02
4.093199596e-02
4.149064422e-02
4.245794564e-02
4.079645872e-02
4.116956517e-02
4.124158621e-02
4.149312899e-02
4.064290226e-02
4.077244177e-02
4.125706851e-02
3.973759711e-02
4.019525647e-02
3.947303444e-02
3.870180994e-02
3.815709054e-02
3.988264129e-02
3.798454627e-02
3.796204552e-02
3.871084377e-02
3.884386644e-02
3.858381137e-02
3.732688352e-02
3.736390918e-02
3.757294267e-02
3.793857619e-02
3.816214949e-02
3.694374859e-02
3.712281212e-02
3.735787794e-02
3.757046908e-02
3.740542009e-02
3.901990876e-02
3.761900961e-02
3.879931197e-02
3.918746859e-02
3.769500181e-02
3.783553094e-02
3.774952888e-02
3.873880208e-02
3.827865794e-02
3.885533661e-02
3.970310837e-02
3.883083910e-02
3.873830289e-02
3.864027560e-02
3.839318082e-02
3.879236430e-02
4.041878134e-02
3.859177232e-02
3.879336268e-02
3.921047226e-02
3.784750029e-02
3.779549897e-02
3.777398914e-02
3.813460469e-02
3.740888834e-02
3.734488413e-02
3.801354766e-02
3.685023636e-02
3.713130951e-02
3.710282966e-02
3.726837039e-02
3.676321730e-02
3.818312287e-02
3.582891449e-02
3.618205339e-02
3.667067736e-02
3.531524912e-02
3.553430736e-02
3.576136753e-02
3.590892628e-02
3.517021984e-02
3.556181490e-02
3.672570363e-02
3.593793139e-02
3.638208285e-02
3.672319651e-02
3.671519458e-02
3.677222505e-02
3.806007281e-02
3.606848419e-02
3.667868301e-02
3.764845431e-02
3.665070236e-02
3.726534918e-02
3.717934713e-02
3.752143681e-02
3.686575592e-02
3.718283400e-02
3.768195212e-02
3.635856509e-02
3.671269864e-02
3.625505045e-02
3.587744012e-02
3.531125933e-02
3.671417385e-02
3.505866230e-02
3.587242961e-02
3.702229634e-02
3.611699864e-02
3.611097857e-02
3.606897965e-02
3.619002923e-02
3.511869907e-02
3.578439727e-02
3.746991605e-02
3.628855571e-02
3.662864864e-02
3.649110347e-02
3.635004163e-02
3.611097857e-02
3.785152361e-02
3.584340960e-02
3.635658324e-02
3.728089854e-02
3.595547006e-02
3.679722920e-02
3.773650154e-02
3.796006739e-02
3.711131960e-02
3.676270321e-02
3.767849877e-02
3.639360517e-02
3.671919927e-02
3.601846099e-02
3.619851917e-02
3.676320612e-02
3.849271685e-02
3.645261750e-02
3.632009402e-02
3.697576746e-02
3.536728024e-02
3.552531078e-02
3.550931066e-02
3.579390794e-02
3.431900591e-02
3.416995704e-02
3.545281664e-02
3.411993757e-02
3.396138549e-02
3.368581459e-02
3.364478052e-02
3.349323571e-02
3.497365117e-02
3.246046230e-02
3.318318352e-02
3.373530507e-02
3.183227032e-02
3.203833476e-02
3.222789243e-02
3.198681399e-02
3.098503500e-02
3.149168193e-02
3.283207864e-02
3.194129094e-02
3.298309818e-02
3.267650679e-02
3.203085065e-02
3.152869642e-02
3.277909011e-02
3.070599027e-02
3.148468956e-02
3.278705105e-02
3.146867082e-02
3.124711476e-02
3.120210208e-02
3.161223978e-02
3.080599755e-02
3.091351688e-02
3.166174516e-02
3.053440899e-02
3.130263463e-02
3.101104125e-02
3.025281802e-02
2.939508483e-02
3.103405051e-02
2.935008146e-02
2.993322350e-02
3.144967183e-02
3.043436818e-02
3.077246435e-02
3.090350889e-02
3.166871145e-02
3.094151430e-02
3.154866770e-02
3.240092844e-02
3.117508255e-02
3.085999377e-02
3.112757951e-02
3.109457344e-02
3.090804256e-02
3.254999965e-02
3.043537773e-02
3.093751892e-02
3.179376572e-02
3.034938499e-02
3.055993654e-02
3.071949631e-02
3.139416501e-02
3.117962554e-02
3.124463744e-02
3.245797008e-02
3.203786537e-02
