2.598685026e-01
2.596211731e-01
2.565057278e-01
2.530317903e-01
2.517831326e-01
2.488778085e-01
2.487294972e-01
2.468749583e-01
2.463805079e-01
2.432155460e-01
2.384558171e-01
2.386041731e-01
2.424242646e-01
2.457994521e-01
2.432402819e-01
2.390863299e-01
2.389997840e-01
2.384681404e-01
2.356370240e-01
2.313842177e-01
2.285654843e-01
2.265874743e-01
2.248443067e-01
2.210859209e-01
2.143357098e-01
2.101818472e-01
2.104414850e-01
2.106269002e-01
2.149538994e-01
2.128028423e-01
2.096873671e-01
2.097739130e-01
2.123082727e-01
2.118384987e-01
2.101818770e-01
2.103055418e-01
2.123206556e-01
2.131365985e-01
2.082903534e-01
2.046555281e-01
1.999082118e-01
1.997351050e-01
1.987461150e-01
1.979054064e-01
1.999947429e-01
2.007488906e-01
1.997475028e-01
2.000195086e-01
1.960510612e-01
1.968299448e-01
1.977695376e-01
1.967310458e-01
1.981403977e-01
1.987585723e-01
1.987338513e-01
1.965085417e-01
1.949384660e-01
1.958533078e-01
1.916004866e-01
1.863462329e-01
1.868654639e-01
1.867665797e-01
1.842074543e-01
1.820563078e-01
1.860989481e-01
1.872981787e-01
1.862349659e-01
1.844917685e-01
1.828104407e-01
1.832802147e-01
1.847266853e-01
1.822170168e-01
1.820933819e-01
1.766907573e-01
1.725491732e-01
1.694708765e-01
1.683953106e-01
1.682593077e-01
1.677276939e-01
1.680614948e-01
1.699776798e-01
1.689638942e-01
1.663677692e-01
1.656754464e-01
1.629185528e-01
1.627949476e-01
1.624487936e-01
1.655271649e-01
1.663678288e-01
1.656136811e-01
1.627578437e-01
1.644144505e-01
1.674433649e-01
1.684818566e-01
1.656631529e-01
1.606809348e-01
1.588018388e-01
1.548333019e-01
1.540791690e-01
1.522618234e-01
1.490226537e-01
1.480212808e-01
1.473536938e-01
1.477616578e-01
1.451901942e-01
1.467726380e-01
1.477987319e-01
1.470940858e-01
1.464017481e-01
1.443494856e-01
1.454621553e-01
1.486641616e-01
1.455734223e-01
1.425198019e-01
1.410856843e-01
1.436324567e-01
1.426928490e-01
1.456970572e-01
1.490598172e-01
1.483427435e-01
1.497397572e-01
1.497274041e-01
1.489485204e-01
1.462657452e-01
1.445967406e-01
1.432862878e-01
1.451160461e-01
1.411722153e-01
1.372779161e-01
1.343231946e-01
1.294645816e-01
1.317888051e-01
1.320731640e-01
1.296253204e-01
1.281294078e-01
1.279192567e-01
1.262131780e-01
1.268436760e-01
1.288341135e-01
1.294522285e-01
1.308121681e-01
1.326665878e-01
1.297984123e-01
1.302187294e-01
1.304659545e-01
1.322091520e-01
1.362889111e-01
1.347806156e-01
1.349042356e-01
1.324440539e-01
1.337050647e-01
1.337174326e-01
1.346446276e-01
1.383905709e-01
1.379084140e-01
1.353493184e-01
1.362765431e-01
1.332971007e-01
1.321349889e-01
1.304041594e-01
1.313314438e-01
1.289329678e-01
1.246554181e-01
1.243092343e-01
1.252488643e-01
1.243092269e-01
1.174478605e-01
1.121070161e-01
1.139861122e-01
1.173118576e-01
1.185852364e-01
1.182514504e-01
1.158530191e-01
1.135658771e-01
1.128611565e-01
1.113282293e-01
1.087566167e-01
1.064571068e-01
1.080890372e-01
1.096715257e-01
1.140233576e-01
1.170027629e-01
1.159889996e-01
1.106852889e-01
1.081509143e-01
1.089421436e-01
1.095603108e-01
1.108460724e-01
1.114889383e-01
1.093748659e-01
1.073843688e-01
1.081385538e-01
1.094489917e-01
1.130590439e-01
1.133557558e-01
1.137884483e-01
1.123914197e-01
1.123543605e-01
1.091893911e-01
1.105493009e-01
1.129230112e-01
1.135905832e-01
1.122059375e-01
1.090657562e-01
1.097210348e-01
1.114023924e-01
1.146291569e-01
1.162116155e-01
1.163969859e-01
1.151360050e-01
1.199698821e-01
1.203037351e-01
1.214658692e-01
1.221705526e-01
1.211691052e-01
1.160631776e-01
1.098446250e-01
1.059749350e-01
1.055174470e-01
1.101660579e-01
1.122801229e-01
1.111056581e-01
1.102155074e-01
1.064570621e-01
1.041945890e-01
1.037866175e-01
1.072730273e-01
1.101288646e-01
1.113775596e-01
1.125520840e-01
1.126756966e-01
1.127127558e-01
1.168544069e-01
1.143199280e-01
1.127374843e-01
1.097085476e-01
1.079529896e-01
1.070752069e-01
1.092263460e-01
1.094118282e-01
1.090039089e-01
1.083980948e-01
1.098198518e-01
1.093995050e-01
1.133927256e-01
1.173983514e-01
1.183008626e-01
1.170645803e-01
1.185852140e-01
1.179546937e-01
1.189313829e-01
2.303828448e-01
1.006340742e+00
3.205147266e+00
6.823511124e+00
1.102967453e+01
1.477366543e+01
1.746841240e+01
1.900214195e+01
1.957901955e+01
1.948020554e+01
1.895714188e+01
1.821944427e+01
1.740244102e+01
1.659906197e+01
1.586161613e+01
1.520772552e+01
1.464896297e+01
1.416363144e+01
1.373854160e+01
1.336322117e+01
1.302101707e+01
1.270674419e+01
1.241019535e+01
1.212471104e+01
1.184741116e+01
1.156898403e+01
1.127919388e+01
1.099612236e+01
1.072161579e+01
1.045416927e+01
1.020471287e+01
9.972080231e+00
9.744266510e+00
9.518782616e+00
9.299967766e+00
9.080961227e+00
8.860335350e+00
8.640655518e+00
8.429454803e+00
8.228677750e+00
8.038166046e+00
7.854910851e+00
7.669629574e+00
7.492370605e+00
7.321318626e+00
7.156569958e+00
6.993653774e+00
6.837221622e+00
6.690160751e+00
6.537641525e+00
6.393538475e+00
6.247817516e+00
6.108115196e+00
5.966598034e+00
5.842793941e+00
5.724221706e+00
5.611732960e+00
5.489760876e+00
5.364646912e+00
5.239423275e+00
5.116163731e+00
4.994659901e+00
4.878448963e+00
4.768887043e+00
4.663334370e+00
4.559054375e+00
4.459497452e+00
4.360769272e+00
4.268704414e+00
4.172347069e+00
4.080665112e+00
3.984518051e+00
3.901921272e+00
3.817670345e+00
3.732291222e+00
3.648767710e+00
3.568632126e+00
3.492796898e+00
3.420055151e+00
3.354393244e+00
3.294235468e+00
3.235337496e+00
3.176626205e+00
3.111324787e+00
3.051538229e+00
2.985248089e+00
2.922901630e+00
2.854139090e+00
2.792931318e+00
2.733713150e+00
2.673482180e+00
2.620964527e+00
2.568731308e+00
2.517190695e+00
2.462311983e+00
2.408929348e+00
2.362902880e+00
2.315441132e+00
2.273443699e+00
2.229604244e+00
2.192317009e+00
2.150345087e+00
2.110302448e+00
2.071001291e+00
2.043729067e+00
2.013229370e+00
1.979874372e+00
1.950079799e+00
1.913051605e+00
1.877780795e+00
1.845574975e+00
1.810215235e+00
1.775265336e+00
1.737732291e+00
1.703511715e+00
1.672258019e+00
1.643353462e+00
1.614065409e+00
1.585123777e+00
1.555762529e+00
1.523099184e+00
1.494108438e+00
1.463349819e+00
1.437189937e+00
1.416815877e+00
1.398172617e+00
1.374336720e+00
1.352317929e+00
1.330793977e+00
1.307378411e+00
1.290713310e+00
1.277447581e+00
1.264305830e+00
1.243882656e+00
1.220838189e+00
1.202528715e+00
1.186728477e+00
1.169877887e+00
1.152742386e+00
1.140651703e+00
1.126187444e+00
1.114133120e+00
1.098296165e+00
1.077390194e+00
1.058672547e+00
1.046556473e+00
1.032660365e+00
1.013597369e+00
9.998131394e-01
9.846194386e-01
9.761631489e-01
9.560117126e-01
9.446257353e-01
9.295057058e-01
9.179090858e-01
9.098364115e-01
9.022583961e-01
8.946430683e-01
8.858281970e-01
8.753936887e-01
8.634014726e-01
8.510881662e-01
8.426686525e-01
8.299598694e-01
8.222205043e-01
8.109825850e-01
8.036021590e-01
7.869740129e-01
7.788762450e-01
7.648566365e-01
7.570680976e-01
7.497245669e-01
7.437656522e-01
7.377818227e-01
7.259135842e-01
7.163940668e-01
7.102743387e-01
7.051188946e-01
7.028564215e-01
6.967737675e-01
6.933863163e-01
6.885647774e-01
6.853504181e-01
6.773887277e-01
6.679310799e-01
6.570891142e-01
6.502153873e-01
6.448251605e-01
6.420311332e-01
6.378028989e-01
6.287409067e-01
6.232640147e-01
6.213602424e-01
6.126443148e-01
6.104066372e-01
6.053255200e-01
6.027417183e-01
5.994285941e-01
5.933091044e-01
5.814531446e-01
5.789310932e-01
5.739365220e-01
5.675324798e-01
5.616723895e-01
5.567767620e-01
5.517079830e-01
5.515102148e-01
5.512506366e-01
5.548233986e-01
5.519305468e-01
5.481598377e-01
5.432146788e-01
5.411254168e-01
5.346100926e-01
5.315315723e-01
5.246946812e-01
5.240519047e-01
5.189458728e-01
5.126777291e-01
5.076954365e-01
5.023546219e-01
4.981758893e-01
4.951964021e-01
4.918583930e-01
4.911908209e-01
4.857141376e-01
4.847745001e-01
4.830806851e-01
4.853433073e-01
4.804473817e-01
4.750323594e-01
4.731903374e-01
4.758112729e-01
4.775173366e-01
4.735241532e-01
4.676890075e-01
4.622863233e-01
4.612478614e-01
4.590100944e-01
4.560554028e-01
4.537188113e-01
4.498615861e-01
4.545842111e-01
4.573659003e-01
4.565129280e-01
4.496019483e-01
4.452255368e-01
4.392418563e-01
4.394767880e-01
4.361758828e-01
4.347418249e-01
4.315891862e-01
4.267922938e-01
4.188307524e-01
4.142686725e-01
4.146890938e-01
4.155668914e-01
4.135147035e-01
4.173470736e-01
4.132798314e-01
4.110546410e-01
4.078775346e-01
4.047372937e-01
3.981973827e-01
3.965778351e-01
3.916572332e-01
3.895555735e-01
3.901613057e-01
3.904827833e-01
3.903096914e-01
3.879855275e-01
3.907300532e-01
3.902973533e-01
3.868233263e-01
3.871942461e-01
3.870087862e-01
3.908783793e-01
3.883563876e-01
3.893453777e-01
3.861310184e-01
3.820140362e-01
3.768711090e-01
3.764508069e-01
3.761169314e-01
3.733847737e-01
3.719012439e-01
3.684643209e-01
3.636798561e-01
3.608116806e-01
3.566206396e-01
3.562373817e-01
3.497963846e-01
3.471877575e-01
3.399308920e-01
3.409445882e-01
3.405984342e-01
3.426876664e-01
3.404499888e-01
3.378167450e-01
3.403758407e-01
3.383608162e-01
3.388800025e-01
3.379156888e-01
3.335021138e-01
3.369513750e-01
3.387687504e-01
3.415750861e-01
3.369266391e-01
3.358634412e-01
3.326861560e-01
3.282726705e-01
3.251942992e-01
3.276050389e-01
3.242546916e-01
3.195937872e-01
3.148959577e-01
3.097157180e-01
3.152050376e-01
3.153904974e-01
3.164784312e-01
3.181968629e-01
3.169852495e-01
3.220046461e-01
3.207930326e-01
3.176034391e-01
3.116073310e-01
3.119534552e-01
3.087267280e-01
3.122873604e-01
3.089121878e-01
3.080838323e-01
3.063654304e-01
3.040041029e-01
3.011482060e-01
3.024092615e-01
2.989723384e-01
2.976866066e-01
2.944351137e-01
2.955478132e-01
2.921850979e-01
2.914556563e-01
2.866216600e-01
2.848783731e-01
2.788575888e-01
2.808603346e-01
2.812807262e-01
2.788204551e-01
2.780416310e-01
2.798960209e-01
2.794262767e-01
2.805018425e-01
2.780416012e-01
2.757545412e-01
2.707724273e-01
2.744811773e-01
2.735170126e-01
2.747408748e-01
2.744318545e-01
2.774112225e-01
2.769413888e-01
2.799084783e-01
2.777697146e-01
2.722436190e-01
2.733685970e-01
2.762368023e-01
2.765829563e-01
2.753960788e-01
2.723301053e-01
2.687078416e-01
2.654069364e-01
2.673108280e-01
2.634041309e-01
2.663835585e-01
2.660498023e-01
2.694248259e-01
2.629466951e-01
2.626623809e-01
2.626747489e-01
2.627736330e-01
2.616980076e-01
2.587804198e-01
2.603752315e-01
2.622296512e-01
2.651225328e-01
2.668533325e-01
2.635030448e-01
2.624645531e-01
2.555041909e-01
2.579025924e-01
2.604494095e-01
2.644179165e-01
2.623779774e-01
2.627735436e-01
2.629219294e-01
2.582983077e-01
2.579520941e-01
2.566787601e-01
2.566539943e-01
2.550468147e-01
2.512143850e-01
2.545028925e-01
2.560482025e-01
2.589411139e-01
2.601031959e-01
2.570743263e-01
2.533407807e-01
2.537364066e-01
2.519315183e-01
2.499904633e-01
2.447610050e-01
2.430300862e-01
2.411632538e-01
2.418061197e-01
2.404833436e-01
2.386535704e-01
2.370834947e-01
2.392099649e-01
2.349076271e-01
2.333375812e-01
2.331892699e-01
2.358348221e-01
2.355629057e-01
2.346851230e-01
2.333128005e-01
2.353155315e-01
2.402113080e-01
2.407181859e-01
2.416207343e-01
2.407800406e-01
2.411632538e-01
2.460961491e-01
2.459231168e-01
2.428817004e-01
2.390491962e-01
2.374542803e-01
2.350436151e-01
2.382332981e-01
2.349694818e-01
2.353032827e-01
2.333498895e-01
2.342400104e-01
2.310752124e-01
2.274156809e-01
2.269953340e-01
2.269458473e-01
2.299748659e-01
2.322867215e-01
2.350188792e-01
2.384804934e-01
2.367744148e-01
2.381837964e-01
2.354640514e-01
2.337456048e-01
2.286024243e-01
2.295421064e-01
2.281079143e-01
2.318539768e-01
2.317798436e-01
2.268839478e-01
2.251902223e-01
2.203069627e-01
2.221614122e-01
2.230514735e-01
2.202328444e-01
2.172410637e-01
2.136187553e-01
2.149539441e-01
2.110350430e-01
2.124938071e-01
2.122959495e-01
2.133591175e-01
2.135692686e-01
2.203069627e-01
2.235213667e-01
2.244856805e-01
2.248194814e-01
2.243002951e-01
2.196023166e-01
2.179210186e-01
2.206408381e-01
2.242136449e-01
2.211847305e-01
2.226929069e-01
2.218029052e-01
2.213331461e-01
2.176489979e-01
2.194416523e-01
2.179457098e-01
2.199856043e-01
2.176984400e-01
2.163879871e-01
2.153990418e-01
2.091681361e-01
2.046926916e-01
2.052490115e-01
2.055457681e-01
2.038272768e-01
2.005264461e-01
2.033946067e-01
2.038891017e-01
2.051748633e-01
2.006871551e-01
2.029372007e-01
1.972255856e-01
1.970277876e-01
1.961005628e-01
1.982764304e-01
2.027270347e-01
2.007861435e-01
1.987585723e-01
1.946664602e-01
1.925894767e-01
1.923051476e-01
1.868530959e-01
1.877555996e-01
1.895976514e-01
1.949384063e-01
1.937268823e-01
1.953093708e-01
1.982146055e-01
2.036047727e-01
2.056323737e-01
2.044703066e-01
2.056323886e-01
2.018616945e-01
2.023314685e-01
1.984618753e-01
1.973739415e-01
1.942955852e-01
1.945675761e-01
2.004646510e-01
2.005141228e-01
1.969783604e-01
1.933189332e-01
1.955936849e-01
1.939123422e-01
1.970401257e-01
1.953093410e-01
1.934054196e-01
1.937639266e-01
1.919837147e-01
1.939494163e-01
1.940359324e-01
1.950867772e-01
1.975469887e-01
1.961376220e-01
1.942337304e-01
1.940606236e-01
1.939246655e-01
1.906361729e-01
1.921320409e-01
1.890289485e-01
1.886951923e-01
1.845536381e-01
1.841332763e-01
1.843434274e-01
1.841085702e-01
1.825261563e-01
1.812404245e-01
1.830577552e-01
1.837500483e-01
1.852212250e-01
1.896965653e-01
1.843311042e-01
1.839107573e-01
1.835769415e-01
1.868654788e-01
1.844917834e-01
1.866428852e-01
1.923298836e-01
1.950497180e-01
1.964590997e-01
1.983382702e-01
1.995251030e-01
1.974975765e-01
1.955689490e-01
1.946664602e-01
1.925895065e-01
1.942214072e-01
1.910688579e-01
1.920949519e-01
1.918229908e-01
1.960016638e-01
1.977695823e-01
1.980539113e-01
1.956184059e-01
1.948643029e-01
1.966569126e-01
1.992531121e-01
1.975098997e-01
1.941471845e-01
1.911677271e-01
1.922803670e-01
1.896470636e-01
1.947653592e-01
1.938381493e-01
1.989935040e-01
1.963478327e-01
1.954824179e-01
1.934425235e-01
1.956431270e-01
1.964590997e-01
1.996486932e-01
1.984247565e-01
1.969906986e-01
1.950497329e-01
1.918353736e-01
1.931211352e-01
1.954329461e-01
1.920702606e-01
1.929232925e-01
1.876937896e-01
1.884726584e-01
1.876937896e-01
1.889919192e-01
1.899314523e-01
1.921320409e-01
1.926142275e-01
1.936156005e-01
1.968917996e-01
1.968299598e-01
1.955689788e-01
1.969659775e-01
1.985237151e-01
1.980415583e-01
1.958903968e-01
1.976829916e-01
1.940977871e-01
1.951733381e-01
1.983753294e-01
2.012806237e-01
1.953093261e-01
1.940483302e-01
1.921567917e-01
1.920702606e-01
1.936156005e-01
1.919713318e-01
1.912666708e-01
1.902405471e-01
1.865069270e-01
1.840591133e-01
1.808323413e-01
1.810177714e-01
1.790396869e-01
1.811784804e-01
1.804119945e-01
1.815370321e-01
1.769751161e-01
1.792869568e-01
1.788665950e-01
1.819449961e-01
1.841579825e-01
1.830205768e-01
1.804614514e-01
1.806468815e-01
1.836881489e-01
1.864574403e-01
1.865192950e-01
1.873723567e-01
1.809930652e-01
1.790520549e-01
1.755781025e-01
1.785946786e-01
1.768514961e-01
1.757512540e-01
1.752690971e-01
1.724627763e-01
1.716097295e-01
1.663678586e-01
1.637345552e-01
1.627208292e-01
1.642414331e-01
1.679132134e-01
1.614474803e-01
1.596795917e-01
1.558841616e-01
1.574171782e-01
1.595683247e-01
1.597661227e-01
1.560572088e-01
1.553896070e-01
1.568360627e-01
1.590984762e-01
1.579981744e-01
1.610642374e-01
1.632772088e-01
1.632154137e-01
1.589996517e-01
1.571451873e-01
1.560201645e-01
1.626714170e-01
1.593334526e-01
1.600381434e-01
1.565764844e-01
1.597908586e-01
1.640189588e-01
1.676906943e-01
1.658980548e-01
1.659475118e-01
1.668747067e-01
1.700396389e-01
1.708061248e-01
1.697058678e-01
1.642909199e-01
1.639076769e-01
1.626467258e-01
1.626343727e-01
1.599144787e-01
1.617936343e-01
1.603966057e-01
1.613361388e-01
1.583814472e-01
1.565765142e-01
1.555380076e-01
1.562674195e-01
1.544129848e-01
1.488001794e-01
1.481078416e-01
1.464883089e-01
1.503208429e-01
1.517672688e-01
1.495419443e-01
1.476627886e-01
1.435211748e-01
1.419511139e-01
1.370677799e-01
1.367834508e-01
1.368082166e-01
1.373150647e-01
1.406159550e-01
1.440280974e-01
1.435830444e-01
1.414689720e-01
1.382669955e-01
1.366103590e-01
1.378960311e-01
1.388480365e-01
1.378095746e-01
1.389469057e-01
1.378960758e-01
1.404799670e-01
1.406159252e-01
1.441641003e-01
1.428041756e-01
1.404551864e-01
1.376117915e-01
1.344715804e-01
1.339770406e-01
1.304288954e-01
1.265469491e-01
1.240125597e-01
1.264480203e-01
1.315786541e-01
1.320855170e-01
1.365114301e-01
1.338905543e-01
1.324564368e-01
1.313067079e-01
1.330622137e-01
1.312819868e-01
1.364495903e-01
1.355594397e-01
1.374139339e-01
1.411969811e-01
1.402079016e-01
1.398246586e-01
1.388479769e-01
1.348547935e-01
1.372903138e-01
1.357078552e-01
1.385760307e-01
1.403933465e-01
1.456105262e-01
