-7.223807916e-05
-7.223807916e-05
-7.223807916e-05
-7.223807916e-05
-7.223807916e-05
-7.223807916e-05
-7.223807916e-05
-7.223807916e-05
-7.223807916e-05
-7.223807916e-05
-7.223807916e-05
-7.223807916e-05
-7.223807916e-05
-7.223807916e-05
-7.223807916e-05
-7.223807916e-05
-7.223807916e-05
-7.223807916e-05
-7.223807916e-05
-7.223807916e-05
-7.223807916e-05
-7.223807916e-05
-7.223807916e-05
-7.223807916e-05
-7.223807916e-05
-7.223807916e-05
-7.223807916e-05
-7.223807916e-05
-7.223807916e-05
-7.223807916e-05
-7.223807916e-05
-7.223807916e-05
-7.223807916e-05
-7.223807916e-05
-7.223807916e-05
-7.223807916e-05
-7.223807916e-05
-7.223807916e-05
-7.223807916e-05
-7.223807916e-05
-7.223807916e-05
-7.223807916e-05
-7.223807916e-05
-7.223807916e-05
-7.223807916e-05
-7.223807916e-05
-7.223807916e-05
-7.223807916e-05
-7.223807916e-05
-7.223807916e-05
-7.223807916e-05
-7.223807916e-05
-7.223807916e-05
-7.223807916e-05
-7.223807916e-05
-7.223807916e-05
-7.223807916e-05
-7.223807916e-05
-7.223807916e-05
-7.223807916e-05
-7.223807916e-05
-7.223807916e-05
-7.223807916e-05
-7.223807916e-05
-7.223807916e-05
-7.223807916e-05
-7.223807916e-05
-7.223807916e-05
-7.223807916e-05
-7.223807916e-05
-7.223807916e-05
-7.223807916e-05
-7.223807916e-05
-7.223807916e-05
-7.223807916e-05
-7.223807916e-05
-7.223807916e-05
-7.223807916e-05
-7.223807916e-05
-7.223807916e-05
-7.223807916e-05
-7.223807916e-05
-7.223807916e-05
-7.223807916e-05
-7.223807916e-05
-7.223807916e-05
-7.223807916e-05
-7.223807916e-05
-7.223807916e-05
-7.223807916e-05
-7.223807916e-05
-7.223807916e-05
-7.223807916e-05
-7.223807916e-05
-7.223807916e-05
-7.223807916e-05
-7.223807916e-05
-7.223807916e-05
-7.223807916e-05
-7.223807916e-05
-7.223807916e-05
-7.223807916e-05
-7.223807916e-05
-7.223807916e-05
-7.223807916e-05
-7.223807916e-05
-7.223807916e-05
-7.223807916e-05
-7.223807916e-05
-7.223807916e-05
-7.223807916e-05
-7.223807916e-05
-7.223807916e-05
-7.223807916e-05
-7.223807916e-05
-7.223807916e-05
-7.223807916e-05
-7.223807916e-05
-7.223807916e-05
-7.223807916e-05
-7.223807916e-05
-7.223807916e-05
-7.223807916e-05
-7.223807916e-05
-7.223807916e-05
-7.223807916e-05
-7.223807916e-05
-7.223807916e-05
-7.223807916e-05
-7.223807916e-05
-7.223807916e-05
-7.223807916e-05
-7.223807916e-05
-7.223807916e-05
-7.223807916e-05
-7.223807916e-05
-7.223807916e-05
-7.223807916e-05
-7.223807916e-05
-7.223807916e-05
-7.223807916e-05
-7.223807916e-05
-7.223807916e-05
-7.223807916e-05
-7.223807916e-05
-7.223807916e-05
-7.223807916e-05
-7.223807916e-05
-7.223807916e-05
-7.223807916e-05
-7.223807916e-05
-7.223807916e-05
-7.223807916e-05
-7.223807916e-05
-7.223807916e-05
-7.223807916e-05
-7.223807916e-05
-7.223807916e-05
-7.223807916e-05
-7.223807916e-05
-7.223807916e-05
-7.223807916e-05
-7.223807916e-05
-7.223807916e-05
-7.223807916e-05
-7.223807916e-05
-7.223807916e-05
-7.223807916e-05
-7.223807916e-05
-7.223807916e-05
-7.223807916e-05
-7.223807916e-05
-7.223807916e-05
-7.223807916e-05
-7.223807916e-05
-7.223807916e-05
-7.223807916e-05
-7.223807916e-05
-7.223807916e-05
-7.223807916e-05
-7.223807916e-05
-7.223807916e-05
-7.223807916e-05
-7.223807916e-05
-7.223807916e-05
-7.223807916e-05
-7.223807916e-05
-7.223807916e-05
-7.223807916e-05
-7.223807916e-05
-7.223807916e-05
-7.223807916e-05
-7.223807916e-05
-7.223807916e-05
-7.223807916e-05
-7.223807916e-05
-7.223807916e-05
-7.223807916e-05
-7.223807916e-05
-7.223807916e-05
-7.223807916e-05
-7.223807916e-05
-7.223807916e-05
-7.223807916e-05
-7.223807916e-05
-7.223807916e-05
-7.223807916e-05
-7.223807916e-05
-7.223807916e-05
-7.223807916e-05
-7.223807916e-05
-7.223807916e-05
-7.223807916e-05
-7.223807916e-05
-7.223807916e-05
-7.223807916e-05
-7.223807916e-05
-7.223807916e-05
-7.223807916e-05
-7.223807916e-05
-7.223807916e-05
-7.223807916e-05
-7.223807916e-05
-7.223807916e-05
-7.223807916e-05
-7.223807916e-05
-7.223807916e-05
-7.223807916e-05
-7.223807916e-05
-7.223807916e-05
-7.223807916e-05
-7.223807916e-05
-7.223807916e-05
-7.223807916e-05
-7.223807916e-05
-7.223807916e-05
-7.223807916e-05
-7.223807916e-05
-7.223807916e-05
-7.223807916e-05
-7.223807916e-05
-7.223807916e-05
-7.223807916e-05
-7.223807916e-05
-7.223807916e-05
-7.223807916e-05
-7.223807916e-05
-7.223807916e-05
-7.223807916e-05
-7.223807916e-05
-7.223807916e-05
-7.223807916e-05
-7.223807916e-05
-7.223807916e-05
-7.223807916e-05
-7.223807916e-05
-7.223807916e-05
2.729010344e+00
5.300288200e+00
7.490980625e+00
9.152565002e+00
1.040571499e+01
1.122258282e+01
1.179810429e+01
1.203945160e+01
1.203016853e+01
1.178882122e+01
1.143608284e+01
1.096267033e+01
1.045212746e+01
9.978715897e+00
9.570281029e+00
9.291803360e+00
9.124716759e+00
8.966913223e+00
8.846239090e+00
8.707000732e+00
8.502782822e+00
8.317131042e+00
8.103631973e+00
7.778740883e+00
7.407437325e+00
7.045415878e+00
6.590569019e+00
6.135721684e+00
5.671592236e+00
5.151766777e+00
4.669072151e+00
4.204942703e+00
3.740813017e+00
3.350944042e+00
3.007488012e+00
2.645467043e+00
2.348423958e+00
2.051380873e+00
1.735772729e+00
1.420164585e+00
1.132404208e+00
7.982308269e-01
5.290356278e-01
2.227100134e-01
-7.223807916e-05
-7.223807916e-05
-7.223807916e-05
-7.223807916e-05
-7.223807916e-05
-7.223807916e-05
-7.223807916e-05
-7.223807916e-05
-7.223807916e-05
-7.223807916e-05
-7.223807916e-05
-7.223807916e-05
-7.223807916e-05
-7.223807916e-05
-7.223807916e-05
-7.223807916e-05
-7.223807916e-05
-7.223807916e-05
-7.223807916e-05
-7.223807916e-05
-7.223807916e-05
-7.223807916e-05
-7.223807916e-05
-7.223807916e-05
-7.223807916e-05
-7.223807916e-05
-7.223807916e-05
-7.223807916e-05
-7.223807916e-05
-7.223807916e-05
-7.223807916e-05
-7.223807916e-05
-7.223807916e-05
-7.223807916e-05
-7.223807916e-05
-7.223807916e-05
-7.223807916e-05
-7.223807916e-05
-7.223807916e-05
-7.223807916e-05
-7.223807916e-05
-7.223807916e-05
-7.223807916e-05
-7.223807916e-05
-7.223807916e-05
-7.223807916e-05
-7.223807916e-05
-7.223807916e-05
-7.223807916e-05
-7.223807916e-05
-7.223807916e-05
-7.223807916e-05
-7.223807916e-05
-7.223807916e-05
-7.223807916e-05
-7.223807916e-05
-7.223807916e-05
-7.223807916e-05
-7.223807916e-05
-7.223807916e-05
-7.223807916e-05
-7.223807916e-05
-7.223807916e-05
-7.223807916e-05
-7.223807916e-05
-7.223807916e-05
-7.223807916e-05
-7.223807916e-05
-7.223807916e-05
-7.223807916e-05
-7.223807916e-05
-7.223807916e-05
-7.223807916e-05
-7.223807916e-05
-7.223807916e-05
-7.223807916e-05
-7.223807916e-05
-7.223807916e-05
-7.223807916e-05
-7.223807916e-05
-7.223807916e-05
-7.223807916e-05
-7.223807916e-05
-7.223807916e-05
-7.223807916e-05
-7.223807916e-05
-7.223807916e-05
-7.223807916e-05
-7.223807916e-05
-7.223807916e-05
-7.223807916e-05
-7.223807916e-05
-7.223807916e-05
-7.223807916e-05
-7.223807916e-05
-7.223807916e-05
-7.223807916e-05
-7.223807916e-05
-7.223807916e-05
-7.223807916e-05
-7.223807916e-05
-7.223807916e-05
-7.223807916e-05
-7.223807916e-05
-7.223807916e-05
-7.223807916e-05
-7.223807916e-05
-7.223807916e-05
-7.223807916e-05
-7.223807916e-05
-7.223807916e-05
-7.223807916e-05
-7.223807916e-05
-7.223807916e-05
-7.223807916e-05
-7.223807916e-05
-7.223807916e-05
-7.223807916e-05
-7.223807916e-05
-7.223807916e-05
-7.223807916e-05
-7.223807916e-05
-7.223807916e-05
-7.223807916e-05
-7.223807916e-05
-7.223807916e-05
-7.223807916e-05
-7.223807916e-05
-7.223807916e-05
-7.223807916e-05
-7.223807916e-05
-7.223807916e-05
-7.223807916e-05
-7.223807916e-05
-7.223807916e-05
-7.223807916e-05
-7.223807916e-05
-7.223807916e-05
-7.223807916e-05
-7.223807916e-05
-7.223807916e-05
-7.223807916e-05
-7.223807916e-05
-7.223807916e-05
-7.223807916e-05
-7.223807916e-05
-7.223807916e-05
-7.223807916e-05
-7.223807916e-05
-7.223807916e-05
-7.223807916e-05
-7.223807916e-05
-7.223807916e-05
-7.223807916e-05
-7.223807916e-05
-7.223807916e-05
-7.223807916e-05
-7.223807916e-05
-7.223807916e-05
-7.223807916e-05
-7.223807916e-05
-7.223807916e-05
-7.223807916e-05
-7.223807916e-05
-7.223807916e-05
-7.223807916e-05
-7.223807916e-05
-7.223807916e-05
-7.223807916e-05
-7.223807916e-05
-7.223807916e-05
-7.223807916e-05
-7.223807916e-05
-7.223807916e-05
-7.223807916e-05
-7.223807916e-05
-7.223807916e-05
-7.223807916e-05
-7.223807916e-05
-7.223807916e-05
-7.223807916e-05
-7.223807916e-05
-7.223807916e-05
-7.223807916e-05
-7.223807916e-05
-7.223807916e-05
-7.223807916e-05
-7.223807916e-05
-7.223807916e-05
-7.223807916e-05
-7.223807916e-05
-7.223807916e-05
-7.223807916e-05
-7.223807916e-05
-7.223807916e-05
-7.223807916e-05
-7.223807916e-05
-7.223807916e-05
-7.223807916e-05
-7.223807916e-05
-7.223807916e-05
-7.223807916e-05
-7.223807916e-05
-7.223807916e-05
-7.223807916e-05
-7.223807916e-05
-7.223807916e-05
-7.223807916e-05
-7.223807916e-05
-7.223807916e-05
-7.223807916e-05
-7.223807916e-05
-7.223807916e-05
-7.223807916e-05
-7.223807916e-05
-7.223807916e-05
-7.223807916e-05
-7.223807916e-05
-7.223807916e-05
-7.223807916e-05
-7.223807916e-05
-7.223807916e-05
-7.223807916e-05
-7.223807916e-05
-7.223807916e-05
-7.223807916e-05
-7.223807916e-05
-7.223807916e-05
-7.223807916e-05
-7.223807916e-05
-7.223807916e-05
-7.223807916e-05
-7.223807916e-05
-7.223807916e-05
-7.223807916e-05
-7.223807916e-05
-7.223807916e-05
-7.223807916e-05
-7.223807916e-05
-7.223807916e-05
-7.223807916e-05
-7.223807916e-05
-7.223807916e-05
-7.223807916e-05
-7.223807916e-05
-7.223807916e-05
-7.223807916e-05
-7.223807916e-05
-7.223807916e-05
-7.223807916e-05
-7.223807916e-05
-7.223807916e-05
-7.223807916e-05
-7.223807916e-05
-7.223807916e-05
-7.223807916e-05
-7.223807916e-05
-7.223807916e-05
-7.223807916e-05
-7.223807916e-05
-7.223807916e-05
-7.223807916e-05
-7.223807916e-05
-7.223807916e-05
-7.223807916e-05
-7.223807916e-05
-7.223807916e-05
-7.223807916e-05
-7.223807916e-05
-7.223807916e-05
-7.223807916e-05
-7.223807916e-05
-7.223807916e-05
-7.223807916e-05
-7.223807916e-05
-7.223807916e-05
-7.223807916e-05
-7.223807916e-05
-7.223807916e-05
-7.223807916e-05
-7.223807916e-05
-7.223807916e-05
-7.223807916e-05
-7.223807916e-05
-7.223807916e-05
-7.223807916e-05
-7.223807916e-05
-7.223807916e-05
-7.223807916e-05
-7.223807916e-05
-7.223807916e-05
-7.223807916e-05
-7.223807916e-05
-7.223807916e-05
-7.223807916e-05
-7.223807916e-05
-7.223807916e-05
-7.223807916e-05
-7.223807916e-05
-7.223807916e-05
-7.223807916e-05
-7.223807916e-05
-7.223807916e-05
-7.223807916e-05
-7.223807916e-05
-7.223807916e-05
-7.223807916e-05
-7.223807916e-05
-7.223807916e-05
-7.223807916e-05
-7.223807916e-05
-7.223807916e-05
-7.223807916e-05
-7.223807916e-05
-7.223807916e-05
-7.223807916e-05
-7.223807916e-05
-7.223807916e-05
-7.223807916e-05
-7.223807916e-05
-7.223807916e-05
-7.223807916e-05
-7.223807916e-05
-7.223807916e-05
-7.223807916e-05
-7.223807916e-05
-7.223807916e-05
-7.223807916e-05
-7.223807916e-05
-7.223807916e-05
-7.223807916e-05
-7.223807916e-05
-7.223807916e-05
-7.223807916e-05
-7.223807916e-05
-7.223807916e-05
-7.223807916e-05
-7.223807916e-05
-7.223807916e-05
-7.223807916e-05
-7.223807916e-05
-7.223807916e-05
-7.223807916e-05
-7.223807916e-05
-7.223807916e-05
-7.223807916e-05
-7.223807916e-05
-7.223807916e-05
-7.223807916e-05
-7.223807916e-05
-7.223807916e-05
-7.223807916e-05
-7.223807916e-05
-7.223807916e-05
-7.223807916e-05
-7.223807916e-05
-7.223807916e-05
-7.223807916e-05
-7.223807916e-05
-7.223807916e-05
-7.223807916e-05
-7.223807916e-05
-7.223807916e-05
-7.223807916e-05
-7.223807916e-05
-7.223807916e-05
-7.223807916e-05
-7.223807916e-05
-7.223807916e-05
-7.223807916e-05
-7.223807916e-05
-7.223807916e-05
-7.223807916e-05
-7.223807916e-05
-7.223807916e-05
-7.223807916e-05
-7.223807916e-05
-7.223807916e-05
-7.223807916e-05
-7.223807916e-05
-7.223807916e-05
-7.223807916e-05
-7.223807916e-05
-7.223807916e-05
-7.223807916e-05
-7.223807916e-05
-7.223807916e-05
-7.223807916e-05
-7.223807916e-05
-7.223807916e-05
-7.223807916e-05
-7.223807916e-05
-7.223807916e-05
-7.223807916e-05
-7.223807916e-05
-7.223807916e-05
-7.223807916e-05
-7.223807916e-05
-7.223807916e-05
-7.223807916e-05
-7.223807916e-05
-7.223807916e-05
-7.223807916e-05
-7.223807916e-05
-7.223807916e-05
-7.223807916e-05
-7.223807916e-05
-7.223807916e-05
-7.223807916e-05
-7.223807916e-05
-7.223807916e-05
-7.223807916e-05
-7.223807916e-05
-7.223807916e-05
-7.223807916e-05
-7.223807916e-05
-7.223807916e-05
-7.223807916e-05
-7.223807916e-05
-7.223807916e-05
-7.223807916e-05
-7.223807916e-05
-7.223807916e-05
-7.223807916e-05
-7.223807916e-05
-7.223807916e-05
-7.223807916e-05
-7.223807916e-05
-7.223807916e-05
-7.223807916e-05
-7.223807916e-05
-7.223807916e-05
-7.223807916e-05
-7.223807916e-05
-7.223807916e-05
-7.223807916e-05
-7.223807916e-05
-7.223807916e-05
-7.223807916e-05
-7.223807916e-05
-7.223807916e-05
-7.223807916e-05
-7.223807916e-05
-7.223807916e-05
-7.223807916e-05
-7.223807916e-05
-7.223807916e-05
-7.223807916e-05
-7.223807916e-05
-7.223807916e-05
-7.223807916e-05
-7.223807916e-05
-7.223807916e-05
-7.223807916e-05
-7.223807916e-05
-7.223807916e-05
-7.223807916e-05
-7.223807916e-05
-7.223807916e-05
-7.223807916e-05
-7.223807916e-05
-7.223807916e-05
-7.223807916e-05
-7.223807916e-05
-7.223807916e-05
-7.223807916e-05
-7.223807916e-05
-7.223807916e-05
-7.223807916e-05
-7.223807916e-05
-7.223807916e-05
-7.223807916e-05
-7.223807916e-05
-7.223807916e-05
-7.223807916e-05
-7.223807916e-05
-7.223807916e-05
-7.223807916e-05
-7.223807916e-05
-7.223807916e-05
-7.223807916e-05
-7.223807916e-05
-7.223807916e-05
-7.223807916e-05
-7.223807916e-05
-7.223807916e-05
-7.223807916e-05
-7.223807916e-05
-7.223807916e-05
-7.223807916e-05
-7.223807916e-05
-7.223807916e-05
-7.223807916e-05
-7.223807916e-05
-7.223807916e-05
-7.223807916e-05
-7.223807916e-05
-7.223807916e-05
-7.223807916e-05
-7.223807916e-05
-7.223807916e-05
-7.223807916e-05
-7.223807916e-05
-7.223807916e-05
-7.223807916e-05
-7.223807916e-05
-7.223807916e-05
-7.223807916e-05
-7.223807916e-05
-7.223807916e-05
-7.223807916e-05
-7.223807916e-05
-7.223807916e-05
-7.223807916e-05
-7.223807916e-05
-7.223807916e-05
-7.223807916e-05
-7.223807916e-05
-7.223807916e-05
-7.223807916e-05
-7.223807916e-05
-7.223807916e-05
-7.223807916e-05
-7.223807916e-05
-7.223807916e-05
-7.223807916e-05
-7.223807916e-05
-7.223807916e-05
-7.223807916e-05
-7.223807916e-05
-7.223807916e-05
-7.223807916e-05
-7.223807916e-05
-7.223807916e-05
-7.223807916e-05
-7.223807916e-05
-7.223807916e-05
-7.223807916e-05
-7.223807916e-05
-7.223807916e-05
-7.223807916e-05
-7.223807916e-05
-7.223807916e-05
-7.223807916e-05
-7.223807916e-05
-7.223807916e-05
-7.223807916e-05
-7.223807916e-05
-7.223807916e-05
-7.223807916e-05
-7.223807916e-05
-7.223807916e-05
-7.223807916e-05
-7.223807916e-05
-7.223807916e-05
-7.223807916e-05
-7.223807916e-05
-7.223807916e-05
-7.223807916e-05
-7.223807916e-05
-7.223807916e-05
-7.223807916e-05
-7.223807916e-05
-7.223807916e-05
-7.223807916e-05
-7.223807916e-05
-7.223807916e-05
-7.223807916e-05
-7.223807916e-05
-7.223807916e-05
-7.223807916e-05
-7.223807916e-05
-7.223807916e-05
-7.223807916e-05
-7.223807916e-05
-7.223807916e-05
-7.223807916e-05
-7.223807916e-05
-7.223807916e-05
-7.223807916e-05
-7.223807916e-05
-7.223807916e-05
-7.223807916e-05
-7.223807916e-05
-7.223807916e-05
-7.223807916e-05
-7.223807916e-05
-7.223807916e-05
-7.223807916e-05
-7.223807916e-05
-7.223807916e-05
-7.223807916e-05
-7.223807916e-05
-7.223807916e-05
-7.223807916e-05
-7.223807916e-05
-7.223807916e-05
-7.223807916e-05
-7.223807916e-05
-7.223807916e-05
-7.223807916e-05
-7.223807916e-05
-7.223807916e-05
-7.223807916e-05
-7.223807916e-05
-7.223807916e-05
-7.223807916e-05
-7.223807916e-05
-7.223807916e-05
-7.223807916e-05
-7.223807916e-05
-7.223807916e-05
-7.223807916e-05
-7.223807916e-05
-7.223807916e-05
-7.223807916e-05
-7.223807916e-05
-7.223807916e-05
-7.223807916e-05
-7.223807916e-05
-7.223807916e-05
-7.223807916e-05
-7.223807916e-05
-7.223807916e-05
-7.223807916e-05
-7.223807916e-05
-7.223807916e-05
-7.223807916e-05
-7.223807916e-05
-7.223807916e-05
-7.223807916e-05
-7.223807916e-05
-7.223807916e-05
-7.223807916e-05
-7.223807916e-05
-7.223807916e-05
-7.223807916e-05
-7.223807916e-05
-7.223807916e-05
-7.223807916e-05
-7.223807916e-05
-7.223807916e-05
-7.223807916e-05
-7.223807916e-05
-7.223807916e-05
-7.223807916e-05
-7.223807916e-05
-7.223807916e-05
-7.223807916e-05
-7.223807916e-05
-7.223807916e-05
-7.223807916e-05
-7.223807916e-05
-7.223807916e-05
-7.223807916e-05
-7.223807916e-05
-7.223807916e-05
-7.223807916e-05
-7.223807916e-05
-7.223807916e-05
-7.223807916e-05
-7.223807916e-05
-7.223807916e-05
-7.223807916e-05
-7.223807916e-05
-7.223807916e-05
-7.223807916e-05
-7.223807916e-05
-7.223807916e-05
-7.223807916e-05
-7.223807916e-05
-7.223807916e-05
-7.223807916e-05
-7.223807916e-05
-7.223807916e-05
-7.223807916e-05
-7.223807916e-05
-7.223807916e-05
-7.223807916e-05
-7.223807916e-05
-7.223807916e-05
-7.223807916e-05
-7.223807916e-05
-7.223807916e-05
-7.223807916e-05
-7.223807916e-05
-7.223807916e-05
-7.223807916e-05
-7.223807916e-05
-7.223807916e-05
-7.223807916e-05
-7.223807916e-05
-7.223807916e-05
-7.223807916e-05
-7.223807916e-05
-7.223807916e-05
-7.223807916e-05
-7.223807916e-05
-7.223807916e-05
-7.223807916e-05
-7.223807916e-05
-7.223807916e-05
-7.223807916e-05
-7.223807916e-05
-7.223807916e-05
-7.223807916e-05
-7.223807916e-05
-7.223807916e-05
-7.223807916e-05
-7.223807916e-05
-7.223807916e-05
-7.223807916e-05
-7.223807916e-05
-7.223807916e-05
-7.223807916e-05
-7.223807916e-05
-7.223807916e-05
-7.223807916e-05
-7.223807916e-05
-7.223807916e-05
-7.223807916e-05
-7.223807916e-05
-7.223807916e-05
