7.816059887e-02
7.814529538e-02
7.876586914e-02
7.805091143e-02
7.655756176e-02
7.638429850e-02
7.516936958e-02
7.500047237e-02
7.476801425e-02
7.350917906e-02
7.336001843e-02
7.077665627e-02
7.037313282e-02
7.183366269e-02
7.321742177e-02
7.294547558e-02
7.034464180e-02
6.889063865e-02
6.835120916e-02
6.913853437e-02
6.721739471e-02
6.521738321e-02
6.455507874e-02
6.416035444e-02
6.447393447e-02
6.599806249e-02
6.721305102e-02
6.713848561e-02
6.782708317e-02
6.715814769e-02
6.819766760e-02
6.881174445e-02
6.504850090e-02
6.388840824e-02
6.170633063e-02
6.075241044e-02
6.119541079e-02
6.046735123e-02
5.999143422e-02
6.113616750e-02
6.128747761e-02
6.134453788e-02
6.319320202e-02
6.416907161e-02
6.596522778e-02
6.441250443e-02
6.485110521e-02
6.498707831e-02
6.481822580e-02
6.598054618e-02
6.511211395e-02
6.442351639e-02
6.451558322e-02
6.395424157e-02
6.257700920e-02
6.172615290e-02
6.157259271e-02
6.115589291e-02
6.128968298e-02
5.876997486e-02
5.956819281e-02
6.065590307e-02
6.183356047e-02
6.236425042e-02
6.370417774e-02
6.556164473e-02
6.481165439e-02
6.449584663e-02
6.255722046e-02
6.315151602e-02
6.425908953e-02
6.350241601e-02
6.453093141e-02
6.550905854e-02
6.755523384e-02
6.729643792e-02
6.673941016e-02
6.663409621e-02
6.827451289e-02
6.757932156e-02
6.642362475e-02
6.439945847e-02
6.574815512e-02
6.588848680e-02
6.632268429e-02
6.609898061e-02
6.743677706e-02
6.817357987e-02
6.659244001e-02
6.653542817e-02
6.662099808e-02
6.625037640e-02
6.571746618e-02
6.454418600e-02
6.477228552e-02
6.648066640e-02
6.743896753e-02
6.975916028e-02
7.155968994e-02
7.374826819e-02
7.485800236e-02
7.438218594e-02
7.410367578e-02
7.440846413e-02
7.484266162e-02
7.521107048e-02
7.566065341e-02
7.611243427e-02
7.544136792e-02
7.558388263e-02
7.640189677e-02
7.626590878e-02
7.840400189e-02
7.966705412e-02
7.869567722e-02
7.866930962e-02
7.808817923e-02
7.812992483e-02
7.563649863e-02
7.661899924e-02
7.858379185e-02
7.929877192e-02
8.143904060e-02
8.293683082e-02
8.355524391e-02
8.438202739e-02
8.614092320e-02
8.616932482e-02
8.671329170e-02
8.604440838e-02
8.456404507e-02
8.287982643e-02
8.461881429e-02
8.498948067e-02
8.759048581e-02
8.800717443e-02
9.004649520e-02
9.309910238e-02
9.418033063e-02
9.320878983e-02
9.387551248e-02
9.395660460e-02
9.537983686e-02
9.652457386e-02
9.894791991e-02
9.632498771e-02
9.564515948e-02
9.433818609e-02
9.690170735e-02
9.956845641e-02
9.979216754e-02
1.004896089e-01
1.023580730e-01
1.002066210e-01
1.007329822e-01
1.032396927e-01
1.045336127e-01
1.063583046e-01
1.069723293e-01
1.077355146e-01
1.096565202e-01
1.102310345e-01
1.104701236e-01
1.085293144e-01
1.086806357e-01
1.100775898e-01
1.106083840e-01
1.086433977e-01
1.084701419e-01
1.091718152e-01
1.109041572e-01
1.122835651e-01
1.132287383e-01
1.136103198e-01
1.148691624e-01
1.180929318e-01
1.173933148e-01
1.156608537e-01
1.159262061e-01
1.172354147e-01
1.176498756e-01
1.184196398e-01
1.187333241e-01
1.207091659e-01
1.225556955e-01
1.247838289e-01
1.252947748e-01
1.256017238e-01
1.250534505e-01
1.265512109e-01
1.249723062e-01
1.235710010e-01
1.232354119e-01
1.235907227e-01
1.242771074e-01
1.272200346e-01
1.268494576e-01
1.271937490e-01
1.281302273e-01
1.254942715e-01
1.243978143e-01
1.252398193e-01
1.236960217e-01
1.248472705e-01
1.262968332e-01
1.268078238e-01
1.290116161e-01
1.318603754e-01
1.324086338e-01
1.321871430e-01
1.327945590e-01
1.340972185e-01
1.358756870e-01
1.364327222e-01
1.368844509e-01
1.371717900e-01
1.364788413e-01
1.372595131e-01
1.371959001e-01
1.393099576e-01
1.414151937e-01
1.417507380e-01
1.449854374e-01
1.478104144e-01
1.496744007e-01
1.496677846e-01
1.468936354e-01
1.459725350e-01
1.470537186e-01
1.486545801e-01
1.485910863e-01
1.455163211e-01
1.461941004e-01
1.487994939e-01
1.508562863e-01
1.541020870e-01
1.528368443e-01
1.527425200e-01
1.580780298e-01
1.566767395e-01
1.549990177e-01
1.580232680e-01
1.600254625e-01
1.645538509e-01
1.704861075e-01
2.201010734e-01
4.505136311e-01
9.584480524e-01
1.769195080e+00
2.842310190e+00
4.082337379e+00
5.382390976e+00
6.656867504e+00
7.833730221e+00
8.865241051e+00
9.719607353e+00
1.039094162e+01
1.087073612e+01
1.118468285e+01
1.135185242e+01
1.139819241e+01
1.134356594e+01
1.121513081e+01
1.104727268e+01
1.085100842e+01
1.064389610e+01
1.044051075e+01
1.025312233e+01
1.008417034e+01
9.923644066e+00
9.788969994e+00
9.659834862e+00
9.544050217e+00
9.418599129e+00
9.291047096e+00
9.148612022e+00
9.007207870e+00
8.846069336e+00
8.677861214e+00
8.512426376e+00
8.347541809e+00
8.196433067e+00
8.049588203e+00
7.904678822e+00
7.771142006e+00
7.630987167e+00
7.495041370e+00
7.344830036e+00
7.198138714e+00
7.042550087e+00
6.893370628e+00
6.738313198e+00
6.598671436e+00
6.465785027e+00
6.341275692e+00
6.227631092e+00
6.118327141e+00
6.016699791e+00
5.912497997e+00
5.804139614e+00
5.695737839e+00
5.575937271e+00
5.461809635e+00
5.340064049e+00
5.228059292e+00
5.114445210e+00
5.016032219e+00
4.917653084e+00
4.832178593e+00
4.750161171e+00
4.669801712e+00
4.590839386e+00
4.501268864e+00
4.412137508e+00
4.320435047e+00
4.228457928e+00
4.145004272e+00
4.060361862e+00
3.990608931e+00
3.919225693e+00
3.860117197e+00
3.797716618e+00
3.741334200e+00
3.675828457e+00
3.616981983e+00
3.551706553e+00
3.484238148e+00
3.419242620e+00
3.348731995e+00
3.282676935e+00
3.222012520e+00
3.166866064e+00
3.121123075e+00
3.068958521e+00
3.030322790e+00
2.984683037e+00
2.945706606e+00
2.900487185e+00
2.858694315e+00
2.807680607e+00
2.761220455e+00
2.705846548e+00
2.653924227e+00
2.614061594e+00
2.575098991e+00
2.545293093e+00
2.517912865e+00
2.491692781e+00
2.467094421e+00
2.433111668e+00
2.404218674e+00
2.363373280e+00
2.326735258e+00
2.284927130e+00
2.249962807e+00
2.211746454e+00
2.185261011e+00
2.160421133e+00
2.138609886e+00
2.123476028e+00
2.101688385e+00
2.077745676e+00
2.054738760e+00
2.026988983e+00
2.002082109e+00
1.968038082e+00
1.945121765e+00
1.916700721e+00
1.897716284e+00
1.876012206e+00
1.861152887e+00
1.839459896e+00
1.829440236e+00
1.814647794e+00
1.795737386e+00
1.778642535e+00
1.756633878e+00
1.736487746e+00
1.714889765e+00
1.692751288e+00
1.678574324e+00
1.659236908e+00
1.651376605e+00
1.638986945e+00
1.635515690e+00
1.627015233e+00
1.621677876e+00
1.606737137e+00
1.598474503e+00
1.582197070e+00
1.565920591e+00
1.557139635e+00
1.539431810e+00
1.526216745e+00
1.513404727e+00
1.501264453e+00
1.497874618e+00
1.486495495e+00
1.485098481e+00
1.474749804e+00
1.466615796e+00
1.452602148e+00
1.443111658e+00
1.426517725e+00
1.416198730e+00
1.402487278e+00
1.390311956e+00
1.385150194e+00
1.376451850e+00
1.373147249e+00
1.369395137e+00
1.362241507e+00
1.359783053e+00
1.347728610e+00
1.341034293e+00
1.323309064e+00
1.311543465e+00
1.296715617e+00
1.288694263e+00
1.276637912e+00
1.276852608e+00
1.273541212e+00
1.267455816e+00
1.269254088e+00
1.263744950e+00
1.257047653e+00
1.249455452e+00
1.238767743e+00
1.232311249e+00
1.218538880e+00
1.216992259e+00
1.209018230e+00
1.207401752e+00
1.201083660e+00
1.201046705e+00
1.193780422e+00
1.192517042e+00
1.187716722e+00
1.180032492e+00
1.178854823e+00
1.168471694e+00
1.159375072e+00
1.148835897e+00
1.138605475e+00
1.135000587e+00
1.124809265e+00
1.125046372e+00
1.120869994e+00
1.122870445e+00
1.118911743e+00
1.120244980e+00
1.113527536e+00
1.111023188e+00
1.100215793e+00
1.089457154e+00
1.086858392e+00
1.080075264e+00
1.075592160e+00
1.072594523e+00
1.070144773e+00
1.072756648e+00
1.067377090e+00
1.068877101e+00
1.060434222e+00
1.054978132e+00
1.045280814e+00
1.041882038e+00
1.029785156e+00
1.027331352e+00
1.021175623e+00
1.013258696e+00
1.010489225e+00
1.005377293e+00
1.003945351e+00
1.002287507e+00
9.986402988e-01
9.994911551e-01
9.874057174e-01
9.867390990e-01
9.746687412e-01
9.688788056e-01
9.600978494e-01
9.596791863e-01
9.517359138e-01
9.533719420e-01
9.500844479e-01
9.491942525e-01
9.499091506e-01
9.426057935e-01
9.373450279e-01
9.298166037e-01
9.217948318e-01
9.186081886e-01
9.063321948e-01
9.069637060e-01
9.012688994e-01
9.005036950e-01
8.963565826e-01
8.997821808e-01
8.914859295e-01
8.900585771e-01
8.857342601e-01
8.812294006e-01
8.842336535e-01
8.781570196e-01
8.703216314e-01
8.648175597e-01
8.597862720e-01
8.596677184e-01
8.531580567e-01
8.588782549e-01
8.553825021e-01
8.579835296e-01
8.548273444e-01
8.563254476e-01
8.504211903e-01
8.488729000e-01
8.422083855e-01
8.348262906e-01
8.361839056e-01
8.338133097e-01
8.330037594e-01
8.306813836e-01
8.279663324e-01
8.324403167e-01
8.273653984e-01
8.278633356e-01
8.200207353e-01
8.191612363e-01
8.138494492e-01
8.157882690e-01
8.114987016e-01
8.133100271e-01
8.102819324e-01
8.056958914e-01
8.073891401e-01
8.057991862e-01
8.067401052e-01
8.064966202e-01
8.034327030e-01
8.041761518e-01
8.010442853e-01
8.049419522e-01
7.997503281e-01
7.991120219e-01
7.945950627e-01
7.962042689e-01
7.918735147e-01
7.969890833e-01
7.979435325e-01
7.918867469e-01
7.920446992e-01
7.857902646e-01
7.836367488e-01
7.813227177e-01
7.781626582e-01
7.791364193e-01
7.745836973e-01
7.771053910e-01
7.725593448e-01
7.753248215e-01
7.735725641e-01
7.779324651e-01
7.733250260e-01
7.745970488e-01
7.714980841e-01
7.670658231e-01
7.667059898e-01
7.627166510e-01
7.609189749e-01
7.597193718e-01
7.581161261e-01
7.602959871e-01
7.540674210e-01
7.568943501e-01
7.520017624e-01
7.498984933e-01
7.441241741e-01
7.440892458e-01
7.383060455e-01
7.405430079e-01
7.356370091e-01
7.338318825e-01
7.392314076e-01
7.388913631e-01
7.392928600e-01
7.407296896e-01
7.407712340e-01
7.444506884e-01
7.374708652e-01
7.407756448e-01
7.379157543e-01
7.379422784e-01
7.310290933e-01
7.299676538e-01
7.262662649e-01
7.292465568e-01
7.286895514e-01
7.269175649e-01
7.316738963e-01
7.303956151e-01
7.309065461e-01
7.272311449e-01
7.213601470e-01
7.206060886e-01
7.129696608e-01
7.180644274e-01
7.131757736e-01
7.171719074e-01
7.164262533e-01
7.204898596e-01
7.171303034e-01
7.227199078e-01
7.240883708e-01
7.190929651e-01
7.217464447e-01
7.190403342e-01
7.205643058e-01
7.226172686e-01
7.189962864e-01
7.198341489e-01
7.147613168e-01
7.198978662e-01
7.151103020e-01
7.173691988e-01
7.192837596e-01
7.261168361e-01
7.240026593e-01
7.271410227e-01
7.267112136e-01
7.230054140e-01
7.248471975e-01
7.241521478e-01
7.261652350e-01
7.286782861e-01
7.299677730e-01
7.330495119e-01
7.277946472e-01
7.316876650e-01
7.287924886e-01
7.288123369e-01
7.236959338e-01
7.242265940e-01
7.226279378e-01
7.277528644e-01
7.269722223e-01
7.260906100e-01
7.299876213e-01
7.296082377e-01
7.277332544e-01
7.264636755e-01
7.258123159e-01
7.293674946e-01
7.235618234e-01
7.296259403e-01
7.265204191e-01
7.283561826e-01
7.233076096e-01
7.231365442e-01
7.165929675e-01
7.196716070e-01
7.192592025e-01
7.174217105e-01
7.215685248e-01
7.223141789e-01
7.221871614e-01
7.238798738e-01
7.219612598e-01
7.254722714e-01
7.209830284e-01
7.254636884e-01
7.234767675e-01
7.282836437e-01
7.256146669e-01
7.283406854e-01
7.235689759e-01
7.279329896e-01
7.275927663e-01
7.258847356e-01
7.299154401e-01
7.285117507e-01
7.280620933e-01
7.286981940e-01
7.263627052e-01
7.301129699e-01
7.272841334e-01
7.315345407e-01
7.269504666e-01
7.288737893e-01
7.245358825e-01
7.284023762e-01
7.263386250e-01
7.323767543e-01
7.317407131e-01
7.280732989e-01
7.322623730e-01
7.326658964e-01
7.334464788e-01
7.354245186e-01
7.357708812e-01
7.391946316e-01
7.355496883e-01
7.396571636e-01
7.372974753e-01
7.396726608e-01
7.383150458e-01
7.405433059e-01
7.367253304e-01
7.425912619e-01
7.411835194e-01
7.405102849e-01
7.427272201e-01
7.413414121e-01
7.390892506e-01
7.367470860e-01
7.334225774e-01
7.379137874e-01
7.344269753e-01
7.384488583e-01
7.369424105e-01
7.414157987e-01
7.401813269e-01
7.447183728e-01
7.412206531e-01
7.435388565e-01
7.414640784e-01
7.380061746e-01
7.392646074e-01
7.387142181e-01
7.419509292e-01
7.468347549e-01
7.470587492e-01
7.498195767e-01
7.449600101e-01
7.496527433e-01
7.465564013e-01
7.486267090e-01
7.429706454e-01
7.452470660e-01
7.408656478e-01
7.444445491e-01
7.447468638e-01
7.436440587e-01
7.493829727e-01
7.474116683e-01
7.451921105e-01
7.440890074e-01
7.438808680e-01
7.480167747e-01
7.442142367e-01
7.481922507e-01
7.450671792e-01
7.500562668e-01
7.486242652e-01
7.535344958e-01
7.519662380e-01
7.578613162e-01
7.590191960e-01
7.568305731e-01
7.628265619e-01
7.610126734e-01
7.592844367e-01
7.578328252e-01
7.551352978e-01
7.582539916e-01
7.558876276e-01
7.631706595e-01
7.624447346e-01
7.682542801e-01
7.669166923e-01
7.693618536e-01
7.656162381e-01
7.702190280e-01
7.696533799e-01
7.668310404e-01
7.723638415e-01
7.720876336e-01
7.732192874e-01
7.737631202e-01
7.739299536e-01
7.769798636e-01
7.735787034e-01
7.785194516e-01
7.740852833e-01
7.750504017e-01
7.712455392e-01
7.750610709e-01
7.700766921e-01
7.724868059e-01
7.724097371e-01
7.692914009e-01
7.720176578e-01
7.722458243e-01
7.765066028e-01
7.797960639e-01
7.811226845e-01
7.856798172e-01
7.787059546e-01
7.802433968e-01
7.733817697e-01
7.740833163e-01
7.728796005e-01
7.767324448e-01
7.741665840e-01
7.769211531e-01
7.771884799e-01
7.783353329e-01
7.844777107e-01
7.838506103e-01
7.839668989e-01
7.844125032e-01
7.820197940e-01
7.855352759e-01
7.825721502e-01
7.865965366e-01
7.833352685e-01
7.879520059e-01
7.860682011e-01
7.897658944e-01
7.866867781e-01
7.897481918e-01
7.908009887e-01
7.877877951e-01
7.904915810e-01
7.907459140e-01
7.895068526e-01
7.898248434e-01
7.900397778e-01
7.953141928e-01
7.922679782e-01
8.012356162e-01
7.990754843e-01
8.003911972e-01
7.975052595e-01
7.998363376e-01
7.973098159e-01
8.026676178e-01
8.010007739e-01
7.975161672e-01
7.996367812e-01
7.983494401e-01
8.007335663e-01
8.042093515e-01
8.055751324e-01
8.081168532e-01
8.039590716e-01
8.074961901e-01
8.041496873e-01
8.067879081e-01
8.042220473e-01
8.056935668e-01
7.997748852e-01
8.031231761e-01
8.066188693e-01
8.061189055e-01
8.094915748e-01
8.086036444e-01
8.086450696e-01
8.072307706e-01
8.044959307e-01
8.080557585e-01
8.047504425e-01
8.082287908e-01
8.056386113e-01
8.093777299e-01
8.061780930e-01
8.093118668e-01
8.062592149e-01
8.100288510e-01
8.098007441e-01
8.085049987e-01
8.132905364e-01
8.135603070e-01
8.140249252e-01
8.132442236e-01
8.115595579e-01
8.130332828e-01
8.081101179e-01
8.129193783e-01
8.118491769e-01
8.143141270e-01
8.113513589e-01
8.132089972e-01
8.103710413e-01
8.129391074e-01
8.109524250e-01
8.094504476e-01
8.148630857e-01
8.123101592e-01
8.124833703e-01
8.124482632e-01
8.144701719e-01
8.211064339e-01
8.177337646e-01
8.232966661e-01
8.182665110e-01
8.177267313e-01
8.153585792e-01
8.187397718e-01
8.172287941e-01
8.240888119e-01
8.246964216e-01
8.233388066e-01
8.262597322e-01
8.240450621e-01
8.245581985e-01
8.253386617e-01
8.234133124e-01
8.281785846e-01
8.266150355e-01
8.319397569e-01
8.300713301e-01
8.335736394e-01
8.301175237e-01
8.336374164e-01
8.304662108e-01
8.333941102e-01
8.331418037e-01
8.328413367e-01
8.389735818e-01
8.379448056e-01
8.360586762e-01
8.354687095e-01
8.325891495e-01
8.361354470e-01
8.302865028e-01
8.375454545e-01
8.337098956e-01
8.356264830e-01
8.359642029e-01
8.417147994e-01
8.387075067e-01
8.438595533e-01
8.426005244e-01
8.392933011e-01
8.442850113e-01
8.464737535e-01
8.498051167e-01
8.500331640e-01
8.496097922e-01
8.507874012e-01
8.454145193e-01
8.491891026e-01
8.464782834e-01
8.512375355e-01
8.517702818e-01
8.537020683e-01
8.485044837e-01
8.511034846e-01
8.489586115e-01
8.452850580e-01
8.488202691e-01
8.494300842e-01
8.491426706e-01
8.472678065e-01
8.459980488e-01
8.493334651e-01
8.455306292e-01
8.499670625e-01
8.469343185e-01
8.494409323e-01
8.475438356e-01
8.484413028e-01
8.439121842e-01
8.474562764e-01
8.487501144e-01
8.469211459e-01
8.518204689e-01
8.491230607e-01
8.501470685e-01
8.511821628e-01
8.524388671e-01
8.585069180e-01
8.543884754e-01
8.602549434e-01
8.572983742e-01
8.603624105e-01
8.583512306e-01
8.610072136e-01
8.573509455e-01
8.609901071e-01
8.621129394e-01
8.600534201e-01
8.645188212e-01
8.639551401e-01
8.651876450e-01
8.653522730e-01
8.635931015e-01
8.662161827e-01
8.617570996e-01
8.683980703e-01
8.641060591e-01
8.680735230e-01
8.678872585e-01
8.712451458e-01
8.663192391e-01
8.700543642e-01
8.702715039e-01
8.676310778e-01
8.704469204e-01
8.710632920e-01
8.716004491e-01
8.734140396e-01
8.732956648e-01
8.773902655e-01
8.734119534e-01
8.774032593e-01
8.769667745e-01
8.801265955e-01
8.780038953e-01
8.809599280e-01
8.757538199e-01
8.774797320e-01
8.768962622e-01
8.790344596e-01
8.831616640e-01
8.830016255e-01
8.850188851e-01
8.850474954e-01
8.847843409e-01
8.891462684e-01
8.870807290e-01
8.933477402e-01
8.943324685e-01
