1.955518569e-01
1.938031987e-01
1.938190956e-01
1.913391804e-01
1.940734459e-01
1.952498159e-01
1.902740886e-01
1.865383188e-01
1.849486296e-01
1.830568994e-01
1.825640957e-01
1.792098514e-01
1.735346608e-01
1.684635520e-01
1.649503388e-01
1.604515182e-01
1.612463628e-01
1.593546326e-01
1.625022173e-01
1.630268148e-01
1.630268148e-01
1.608648374e-01
1.536953389e-01
1.491011369e-01
1.478770762e-01
1.503410946e-01
1.514856708e-01
1.491806214e-01
1.526143502e-01
1.499118785e-01
1.495462499e-01
1.443479661e-01
1.419793291e-01
1.449043573e-01
1.411526907e-01
1.382117656e-01
1.377189619e-01
1.385138065e-01
1.386250848e-01
1.362087571e-01
1.335539761e-01
1.310422670e-01
1.308356074e-01
1.300089690e-01
1.312807204e-01
1.289597741e-01
1.278946823e-01
1.226646047e-01
1.229348518e-01
1.202323801e-01
1.152407559e-01
1.127767375e-01
1.072446189e-01
1.020781289e-01
1.032544989e-01
1.082938138e-01
1.061000427e-01
1.003612645e-01
1.004884396e-01
9.727726731e-02
9.581475320e-02
9.605320658e-02
9.382764163e-02
9.869209074e-02
9.737264866e-02
1.013786656e-01
9.966180119e-02
9.772238030e-02
1.008381712e-01
1.047806006e-01
9.924848198e-02
9.460658936e-02
9.315997214e-02
9.222205548e-02
9.420916705e-02
9.110927301e-02
8.541818548e-02
7.877328441e-02
7.855072791e-02
8.292237336e-02
8.374901177e-02
7.869379995e-02
7.753332679e-02
7.459240167e-02
7.446522653e-02
7.553031833e-02
7.651592567e-02
7.688155420e-02
7.945685079e-02
8.076039597e-02
7.983837621e-02
8.106243693e-02
8.227060076e-02
8.277930132e-02
8.177779710e-02
8.060142705e-02
8.139627168e-02
8.157113749e-02
7.940916011e-02
7.932967565e-02
7.664310081e-02
7.859841859e-02
7.634105985e-02
7.603901889e-02
7.432215450e-02
7.529186495e-02
7.456060789e-02
7.533955562e-02
7.298681553e-02
7.045920962e-02
6.817005709e-02
6.524502887e-02
6.518144130e-02
6.397327747e-02
6.284459810e-02
6.368713340e-02
6.224051618e-02
6.640550202e-02
6.769315032e-02
6.720034665e-02
6.820185088e-02
6.708906840e-02
6.025340462e-02
5.726478882e-02
6.003084812e-02
6.122311506e-02
6.241538200e-02
5.516639901e-02
5.570689335e-02
5.561151200e-02
5.805963345e-02
5.963342581e-02
6.001495123e-02
5.681967583e-02
5.817091170e-02
5.713761368e-02
5.426027613e-02
5.386285382e-02
5.050860950e-02
4.944351770e-02
4.624824230e-02
5.076295978e-02
5.457821399e-02
5.300442163e-02
4.858508550e-02
4.330731718e-02
4.217863782e-02
3.917412513e-02
4.008024800e-02
4.060484546e-02
3.884029039e-02
4.035049518e-02
4.093868020e-02
3.624909690e-02
3.678959125e-02
3.957154744e-02
3.728239492e-02
3.659882854e-02
3.394404749e-02
3.343534693e-02
3.512041753e-02
3.725060113e-02
3.742546695e-02
3.073287520e-02
3.375328478e-02
3.628089069e-02
3.651934408e-02
3.473889211e-02
2.860269160e-02
3.051031870e-02
2.939753623e-02
2.957240204e-02
3.160720429e-02
3.093953480e-02
3.467530454e-02
3.793416751e-02
3.774340480e-02
3.775930169e-02
3.457992319e-02
3.578808702e-02
3.562911810e-02
3.346714071e-02
3.031955599e-02
2.857089781e-02
2.578894162e-02
2.938163933e-02
3.070108141e-02
3.009699950e-02
3.206821417e-02
3.515221132e-02
3.543835538e-02
3.968282569e-02
3.896746553e-02
3.669420989e-02
3.399173817e-02
3.283126501e-02
3.351483139e-02
3.306971840e-02
3.634447826e-02
3.424608845e-02
2.949291758e-02
2.528024106e-02
2.710838370e-02
2.783964076e-02
2.876166052e-02
2.535972552e-02
2.688582721e-02
3.128926644e-02
2.960419583e-02
2.329312950e-02
1.973222557e-02
2.225983148e-02
2.194189363e-02
2.348389221e-02
2.246649108e-02
2.143319307e-02
1.912814365e-02
1.788818604e-02
1.962094732e-02
1.960505043e-02
2.235521284e-02
2.170344024e-02
1.895327784e-02
1.976401936e-02
2.132191482e-02
2.008195721e-02
1.826971146e-02
1.461342618e-02
1.308732449e-02
1.539237391e-02
1.423190076e-02
1.332577788e-02
9.224379611e-03
7.571102788e-03
9.701286387e-03
1.330988099e-02
1.505853917e-02
1.340526235e-02
1.125918185e-02
1.259452083e-02
1.413651940e-02
1.119559428e-02
1.001922424e-02
7.618793466e-03
6.537804774e-03
8.397741200e-03
1.028947141e-02
8.318256737e-03
7.205474260e-03
8.572607018e-03
1.055971858e-02
3.230666756e-02
-2.335370661e-01
-6.835304028e-01
-2.044616497e-01
2.104085083e+00
5.394980289e+00
8.397156133e+00
1.047613584e+01
1.172928788e+01
1.244377371e+01
1.286593159e+01
1.307000000e+01
1.306891901e+01
1.288791699e+01
1.259296605e+01
1.225355150e+01
1.190133995e+01
1.157454753e+01
1.130649412e+01
1.108323817e+01
1.091032767e+01
1.077496563e+01
1.066090542e+01
1.055833867e+01
1.047079448e+01
1.038636609e+01
1.029589687e+01
1.020533228e+01
1.010976016e+01
1.000903745e+01
9.913942236e+00
9.817670655e+00
9.718426355e+00
9.607354767e+00
9.497825178e+00
9.382922438e+00
9.264681352e+00
9.138348747e+00
9.008900351e+00
8.871217365e+00
8.743724287e+00
8.619172134e+00
8.493856930e+00
8.376060957e+00
8.248408910e+00
8.111616149e+00
7.975967965e+00
7.838046526e+00
7.705673102e+00
7.573379162e+00
7.441895964e+00
7.306979037e+00
7.168040197e+00
7.031072571e+00
6.891831689e+00
6.753528724e+00
6.619772270e+00
6.482391325e+00
6.340400281e+00
6.203909562e+00
6.072903271e+00
5.934934140e+00
5.801304862e+00
5.662715753e+00
5.527989589e+00
5.389527655e+00
5.264132966e+00
5.136210672e+00
5.008606316e+00
4.876836974e+00
4.749439277e+00
4.623694857e+00
4.502624124e+00
4.382984111e+00
4.261674924e+00
4.148012142e+00
4.040104036e+00
3.927903768e+00
3.820885888e+00
3.708844589e+00
3.603654852e+00
3.492599160e+00
3.390111894e+00
3.289881987e+00
3.195820074e+00
3.101917130e+00
3.016980033e+00
2.927162590e+00
2.842861369e+00
2.757415572e+00
2.668933468e+00
2.583598949e+00
2.503224260e+00
2.424598230e+00
2.346162962e+00
2.267187200e+00
2.188481685e+00
2.110364355e+00
2.035903311e+00
1.964717026e+00
1.891527733e+00
1.818258955e+00
1.746691145e+00
1.673660821e+00
1.606416965e+00
1.541017150e+00
1.469942143e+00
1.400933733e+00
1.333578599e+00
1.262058480e+00
1.195307428e+00
1.137108904e+00
1.082121553e+00
1.024002514e+00
9.690946472e-01
9.162374795e-01
8.607573246e-01
8.095852276e-01
7.666636178e-01
7.179873328e-01
6.705827993e-01
6.223675243e-01
5.729440854e-01
5.331382666e-01
4.895171935e-01
4.437659368e-01
4.021160784e-01
3.608954361e-01
3.253658813e-01
2.860846598e-01
2.499510231e-01
2.130861294e-01
1.824687143e-01
1.505477542e-01
1.243496753e-01
9.605320658e-02
7.464009235e-02
5.023836233e-02
1.982760693e-02
-6.974553872e-03
-3.749658752e-02
-6.351980058e-02
-8.808049954e-02
-1.106858807e-01
-1.315585006e-01
-1.611108238e-01
-1.827941852e-01
-2.042708870e-01
-2.221707880e-01
-2.438064587e-01
-2.582726309e-01
-2.803057239e-01
-3.011147563e-01
-3.181244313e-01
-3.387268040e-01
-3.562928702e-01
-3.748604407e-01
-3.913137245e-01
-4.132991268e-01
-4.334086959e-01
-4.504342678e-01
-4.648527493e-01
-4.759964709e-01
-4.916390132e-01
-5.015904679e-01
-5.160884339e-01
-5.241799522e-01
-5.364523532e-01
-5.441305523e-01
-5.578813643e-01
-5.727449588e-01
-5.764489348e-01
-5.828076918e-01
-5.874654813e-01
-5.984184403e-01
-6.052700009e-01
-6.095303681e-01
-6.183054528e-01
-6.242985813e-01
-6.334233976e-01
-6.358397253e-01
-6.458070769e-01
-6.556631503e-01
-6.623239482e-01
-6.660120273e-01
-6.681422109e-01
-6.770126769e-01
-6.808756218e-01
-6.831488774e-01
-6.850406076e-01
-6.879338421e-01
-6.871707912e-01
-6.866461938e-01
-6.920670341e-01
-6.955643505e-01
-6.961525355e-01
-6.979965750e-01
-7.056270835e-01
-7.057383617e-01
-7.115884182e-01
-7.084885241e-01
-7.103166668e-01
-7.119699436e-01
-7.162303108e-01
-7.176928249e-01
-7.208245127e-01
-7.231772528e-01
-7.273899293e-01
-7.276760734e-01
-7.314277400e-01
-7.325405225e-01
-7.304898234e-01
-7.301241948e-01
-7.355291383e-01
-7.351476129e-01
-7.389151764e-01
-7.369916524e-01
-7.340507273e-01
-7.331922951e-01
-7.327948728e-01
-7.288683403e-01
-7.264202189e-01
-7.278668361e-01
-7.219213983e-01
-7.203317090e-01
-7.119381498e-01
-7.048958264e-01
-7.006990468e-01
-7.011123660e-01
-7.036081781e-01
-7.031630651e-01
-6.971063491e-01
-6.879497390e-01
-6.854539268e-01
-6.863123590e-01
-6.856764833e-01
-6.838801345e-01
-6.802874368e-01
-6.774895837e-01
-6.760588634e-01
-6.743102052e-01
-6.741194425e-01
-6.675699228e-01
-6.680627264e-01
-6.668227688e-01
-6.678083761e-01
-6.598917237e-01
-6.574277053e-01
-6.541529455e-01
-6.500038565e-01
-6.448532633e-01
-6.431840896e-01
-6.433112648e-01
-6.416738848e-01
-6.347905304e-01
-6.312455233e-01
-6.316906363e-01
-6.370319922e-01
-6.338367168e-01
-6.301804315e-01
-6.250298384e-01
-6.232970771e-01
-6.186551845e-01
-6.160957848e-01
-6.121692523e-01
-6.067325151e-01
-6.061602269e-01
-5.968764417e-01
-5.925365900e-01
-5.901202624e-01
-5.861301423e-01
-5.850173599e-01
-5.824738571e-01
-5.770848105e-01
-5.691363642e-01
-5.638903897e-01
-5.597730945e-01
-5.597413008e-01
-5.554491398e-01
-5.496467740e-01
-5.471032712e-01
-5.491221765e-01
-5.521743799e-01
-5.507118658e-01
-5.445597684e-01
-5.402517105e-01
-5.349580453e-01
-5.319694295e-01
-5.273752276e-01
-5.276772685e-01
-5.180278548e-01
-5.191724310e-01
-5.172171133e-01
-5.169786599e-01
-5.158181867e-01
-5.151823110e-01
-5.030370851e-01
-4.994443874e-01
-5.024806939e-01
-4.930061459e-01
-4.872673677e-01
-4.854392251e-01
-4.861863790e-01
-4.861545853e-01
-4.846443805e-01
-4.861227915e-01
-4.836269793e-01
-4.834839073e-01
-4.765369653e-01
-4.739616687e-01
-4.674121490e-01
-4.698443735e-01
-4.680480247e-01
-4.634538227e-01
-4.599565064e-01
-4.541382437e-01
-4.534387804e-01
-4.526757296e-01
-4.451247056e-01
-4.348712100e-01
-4.266525165e-01
-4.257622906e-01
-4.187040703e-01
-4.150636819e-01
-4.087367187e-01
-4.088797907e-01
-4.055255464e-01
-4.048101862e-01
-3.992621707e-01
-3.951448756e-01
-3.919019095e-01
-3.874825734e-01
-3.838262881e-01
-3.826817118e-01
-3.817278983e-01
-3.778808503e-01
-3.722374534e-01
-3.699641978e-01
-3.630331526e-01
-3.609347628e-01
-3.599809493e-01
-3.609188659e-01
-3.541626866e-01
-3.517781527e-01
-3.492346499e-01
-3.482172488e-01
-3.454670864e-01
-3.392196076e-01
-3.404754622e-01
-3.391878139e-01
-3.376776091e-01
-3.371212178e-01
-3.349751373e-01
-3.354838379e-01
-3.286163803e-01
-3.294748125e-01
-3.255641770e-01
-3.272810414e-01
-3.259457024e-01
-3.263431247e-01
-3.172977929e-01
-3.132758790e-01
-3.135779200e-01
-3.143250740e-01
-3.076006884e-01
-3.052797421e-01
-2.994296857e-01
-2.960913382e-01
-2.906228072e-01
-2.944221645e-01
-2.927688877e-01
-2.933888665e-01
-2.843594315e-01
-2.793360135e-01
-2.754412748e-01
-2.722936901e-01
-2.680333229e-01
-2.642657594e-01
-2.604981959e-01
-2.591151662e-01
-2.582249402e-01
-2.575572707e-01
-2.548071083e-01
-2.531856253e-01
-2.480032383e-01
-2.439495307e-01
-2.359374969e-01
-2.343478077e-01
-2.285613388e-01
-2.283546792e-01
-2.215667061e-01
-2.198180479e-01
-2.148264236e-01
-2.103434999e-01
-2.055903291e-01
-1.997084788e-01
-1.968152444e-01
-1.954163179e-01
-1.975306046e-01
-1.941445665e-01
-1.903770029e-01
-1.928092275e-01
-1.882945100e-01
-1.885806541e-01
-1.834141640e-01
-1.800440228e-01
-1.785338180e-01
-1.831439168e-01
-1.818721654e-01
-1.788994465e-01
-1.760697997e-01
-1.738442347e-01
-1.718571231e-01
-1.665952517e-01
-1.626846162e-01
-1.632886981e-01
-1.640676458e-01
-1.662773139e-01
-1.590283309e-01
-1.570730131e-01
-1.546566854e-01
-1.510162970e-01
-1.478051248e-01
-1.455795598e-01
-1.431632321e-01
-1.386008240e-01
-1.359460429e-01
-1.298893269e-01
-1.304616150e-01
-1.305569964e-01
-1.284109159e-01
-1.274888961e-01
-1.230695600e-01
-1.249612902e-01
-1.226880346e-01
-1.265509794e-01
-1.253746094e-01
-1.207963044e-01
-1.134837338e-01
-1.138811561e-01
-1.140719188e-01
-1.137539810e-01
-1.150416293e-01
-1.104474273e-01
-1.094777169e-01
-1.073793271e-01
-1.076177804e-01
-1.091438821e-01
-1.046768553e-01
-1.032302381e-01
-9.491616332e-02
-9.472540061e-02
-9.604484269e-02
-9.981240622e-02
-9.834989211e-02
-9.745966612e-02
-9.448694722e-02
-9.207061956e-02
-9.275418594e-02
-9.043323963e-02
-8.742872694e-02
-8.741283005e-02
-8.523495577e-02
-8.210326795e-02
-7.617372703e-02
-7.854236402e-02
-7.766803493e-02
-7.696857166e-02
-7.790648832e-02
-7.706395302e-02
-7.638038664e-02
-7.833570442e-02
-7.696857166e-02
-7.553785133e-02
-7.528350105e-02
-7.253333865e-02
-7.599886122e-02
-7.630090217e-02
-7.628500528e-02
-7.310562678e-02
-6.801862117e-02
-6.952882596e-02
-6.429874832e-02
-6.299520313e-02
-5.989530909e-02
-6.075374128e-02
-6.096040089e-02
-5.859176390e-02
-5.348886140e-02
-5.360013965e-02
-5.402935575e-02
-5.042076114e-02
-4.870389675e-02
-4.968950409e-02
-4.900593771e-02
-4.972129787e-02
-4.679626965e-02
-5.201045040e-02
-5.059562696e-02
-5.261453231e-02
-5.226480068e-02
-5.684310572e-02
-5.854407322e-02
-5.774922860e-02
-5.245556339e-02
-5.170840944e-02
-4.908542217e-02
-4.857672161e-02
-5.108843063e-02
-5.364783033e-02
-5.482420037e-02
-5.444267495e-02
-5.191506904e-02
-5.131098712e-02
-5.097715238e-02
-5.638209584e-02
-5.676362126e-02
-5.315502666e-02
-5.156533740e-02
-4.600142502e-02
-4.062827535e-02
-4.263128381e-02
-4.447532334e-02
-3.924524570e-02
-3.775093780e-02
-3.662225843e-02
-3.582741381e-02
-3.597048584e-02
-3.600227962e-02
-3.805297876e-02
-3.468283754e-02
-3.705147453e-02
-3.810066944e-02
-4.253590245e-02
-3.962677112e-02
-3.932473016e-02
-3.671763979e-02
-3.935652395e-02
-3.830732904e-02
-3.711506210e-02
-3.194857203e-02
-3.159884039e-02
-3.210754095e-02
-3.123321187e-02
-3.037477967e-02
-2.983428532e-02
-2.403191955e-02
-1.869056366e-02
-1.535221623e-02
-1.622654532e-02
-1.837262581e-02
-1.826134756e-02
-1.886542948e-02
-1.896081084e-02
-2.212429245e-02
-2.215608623e-02
-2.172687014e-02
-2.784717376e-02
-2.620979383e-02
-2.581237151e-02
-2.123406647e-02
-2.525598028e-02
-2.333245628e-02
-2.468369215e-02
-2.649593789e-02
-2.835587432e-02
-2.393653820e-02
-2.201301420e-02
-1.840441960e-02
-1.179131231e-02
-1.261795072e-02
-1.129850864e-02
-8.643727587e-03
-4.415154175e-03
-4.240288358e-03
1.943602835e-03
2.499994073e-03
-1.903445157e-03
-1.013219175e-03
-5.559730437e-03
-7.546842003e-03
-6.259193708e-03
-5.559730437e-03
-6.084327891e-03
-5.019236091e-03
-5.194101909e-03
-5.464349082e-03
-1.388900862e-04
4.810887223e-04
2.267384419e-04
4.333980447e-04
-4.923854736e-03
-1.967032727e-03
2.452303395e-03
3.104075989e-03
1.864118372e-03
8.016215779e-03
6.124485569e-03
5.711166363e-03
4.137374003e-03
7.189577368e-03
1.001922424e-02
8.429534985e-03
9.065410686e-03
1.040074966e-02
1.009870870e-02
1.173608863e-02
6.823948840e-03
7.205474260e-03
8.763369728e-03
1.175198552e-02
1.378678777e-02
1.563082730e-02
1.195864513e-02
1.510622985e-02
1.308732449e-02
1.152942903e-02
9.923842882e-03
6.299351386e-03
5.583991223e-03
3.088179096e-03
7.730071714e-03
1.132276942e-02
1.245144879e-02
1.125918185e-02
8.175184704e-03
9.303864074e-03
4.789146597e-03
5.886032181e-03
9.526420569e-03
1.179967620e-02
8.493122555e-03
7.030608443e-03
7.571102788e-03
7.586999681e-03
1.071868751e-02
1.148173835e-02
1.164070727e-02
1.633029057e-02
1.456573550e-02
1.575800244e-02
1.561493041e-02
1.356423127e-02
1.407293183e-02
1.683899113e-02
1.634618746e-02
1.699796006e-02
1.834919592e-02
2.291160408e-02
2.456488090e-02
2.295929475e-02
2.389721141e-02
2.186240917e-02
2.089269872e-02
2.437411819e-02
2.674275517e-02
2.531203485e-02
2.270494447e-02
2.346799531e-02
2.453308711e-02
2.756939359e-02
3.163899807e-02
3.351483139e-02
3.267229609e-02
3.637627204e-02
3.408711952e-02
3.152771982e-02
3.486606725e-02
3.671010679e-02
3.539066471e-02
3.195693592e-02
3.012879328e-02
3.262460541e-02
3.182976078e-02
3.502503618e-02
3.028776221e-02
2.709248681e-02
2.499409700e-02
2.845961957e-02
2.906370148e-02
3.227487377e-02
3.063749384e-02
2.439001508e-02
2.577304473e-02
2.741042466e-02
2.706069302e-02
3.580398391e-02
4.198787511e-02
3.963513501e-02
3.497734550e-02
4.031870139e-02
4.225812228e-02
4.705898382e-02
5.087423803e-02
5.192343293e-02
5.120807277e-02
5.273417445e-02
5.443514195e-02
5.103320695e-02
5.381516314e-02
5.290904027e-02
5.165318576e-02
5.324287501e-02
5.550023375e-02
5.344953462e-02
4.620055162e-02
4.985683691e-02
5.187574226e-02
5.651763487e-02
5.750324221e-02
5.287724649e-02
4.882353889e-02
5.399002896e-02
5.430796681e-02
5.262289620e-02
5.736017018e-02
5.759862357e-02
5.594534674e-02
5.750324221e-02
5.618380013e-02
5.872730293e-02
5.357670976e-02
5.670839758e-02
5.437155438e-02
5.898165321e-02
5.941086931e-02
5.672429448e-02
4.693180868e-02
4.850560104e-02
5.300442163e-02
5.481666737e-02
5.489615184e-02
5.527767726e-02
5.116038209e-02
5.198702050e-02
5.346543151e-02
5.613610945e-02
5.802783966e-02
5.977649784e-02
5.483256427e-02
5.426027613e-02
5.131935102e-02
5.551613064e-02
6.022161083e-02
6.222461929e-02
6.085748653e-02
5.502332698e-02
5.648584109e-02
5.720120125e-02
5.368798800e-02
5.400592585e-02
4.910968296e-02
5.308390609e-02
5.068347532e-02
5.235264903e-02
4.893481714e-02
4.995221826e-02
4.957069284e-02
5.178036090e-02
5.197112361e-02
5.915651903e-02
6.026930151e-02
5.631097527e-02
5.842526198e-02
5.820270548e-02
5.666070691e-02
5.399002896e-02
5.154190751e-02
5.446693574e-02
5.165318576e-02
5.979239473e-02
6.136618709e-02
6.184309387e-02
