4.414928914e-02
4.371063271e-02
4.397695983e-02
4.443650466e-02
4.466105498e-02
4.415451124e-02
4.468194338e-02
4.414406704e-02
4.344952769e-02
4.383596311e-02
4.318842267e-02
4.254610432e-02
4.236333080e-02
4.271843363e-02
4.297953865e-02
4.290642924e-02
4.400829243e-02
4.352785919e-02
4.315709006e-02
4.259310322e-02
4.148079583e-02
4.238944130e-02
4.280198724e-02
4.254088222e-02
4.239466340e-02
4.071836918e-02
4.142857483e-02
4.030582325e-02
3.983061211e-02
3.943895458e-02
3.850419861e-02
3.884363513e-02
3.910996225e-02
3.984627841e-02
3.894807714e-02
3.744411223e-02
3.666601927e-02
3.549626878e-02
3.508372285e-02
3.491661563e-02
3.287477438e-02
3.302621529e-02
3.286955228e-02
3.309410259e-02
3.267111246e-02
3.294266168e-02
3.289044068e-02
3.378864195e-02
3.419074368e-02
3.380953035e-02
3.353798113e-02
3.301577109e-02
3.297399429e-02
3.369986624e-02
3.354320323e-02
3.189301950e-02
3.142825257e-02
3.069193641e-02
3.014883797e-02
2.868142776e-02
2.974151414e-02
2.969451523e-02
2.969973733e-02
2.892164438e-02
2.863965095e-02
2.889553387e-02
2.804433151e-02
2.730801535e-02
2.822188292e-02
2.906786319e-02
2.992950975e-02
3.070238061e-02
2.925063670e-02
2.997128656e-02
3.005484016e-02
3.138125366e-02
3.274944397e-02
3.207579302e-02
3.246222845e-02
3.127681166e-02
3.227423283e-02
3.172069019e-02
3.115670335e-02
3.188779740e-02
3.275988817e-02
3.277555447e-02
3.304188159e-02
3.243611794e-02
3.335520761e-02
3.211234772e-02
3.106270554e-02
3.203401621e-02
3.067104801e-02
2.948040912e-02
2.872842666e-02
2.964229423e-02
2.908875159e-02
2.834199123e-02
2.877020346e-02
2.917752730e-02
2.960051743e-02
2.932896821e-02
2.948040912e-02
2.958485113e-02
2.933941241e-02
2.919319360e-02
3.056660600e-02
3.199223941e-02
3.114625915e-02
3.000261916e-02
2.813832932e-02
2.759000877e-02
2.741767946e-02
2.663958650e-02
2.661347600e-02
2.656125500e-02
2.699468933e-02
2.524006359e-02
2.497373647e-02
2.500506908e-02
2.577271783e-02
2.555338962e-02
2.538628241e-02
2.592415875e-02
2.680669371e-02
2.670225171e-02
2.748556677e-02
2.593460295e-02
2.542805921e-02
2.643070249e-02
2.683802632e-02
2.737068056e-02
2.737068056e-02
2.681713791e-02
2.595549135e-02
2.666047490e-02
2.622704057e-02
2.618526377e-02
2.585627144e-02
2.584582724e-02
2.576749573e-02
2.513039949e-02
2.472829776e-02
2.497373647e-02
2.643592459e-02
2.579882834e-02
2.511473318e-02
2.426875292e-02
2.536539400e-02
2.468129885e-02
2.493195967e-02
2.465518835e-02
2.476485246e-02
2.464474415e-02
2.496329227e-02
2.520873099e-02
2.461341155e-02
2.332877485e-02
2.334966325e-02
2.266034600e-02
2.214335806e-02
2.177781103e-02
2.223735586e-02
2.239924098e-02
2.138615350e-02
2.101016227e-02
2.028429032e-02
1.931297964e-02
2.073861305e-02
2.099971807e-02
2.106238328e-02
2.153237231e-02
2.123993469e-02
2.218513486e-02
2.264990180e-02
2.180914363e-02
2.168903532e-02
2.027906822e-02
2.024773561e-02
2.006496210e-02
1.912498403e-02
1.926598074e-02
1.905187462e-02
1.888998951e-02
1.946964265e-02
1.933386804e-02
1.874377070e-02
1.855577508e-02
1.864455079e-02
1.799701034e-02
1.713536378e-02
1.678026095e-02
1.721891738e-02
1.770457272e-02
1.788734623e-02
1.846699938e-02
1.720847318e-02
1.733380359e-02
1.784034733e-02
1.704136597e-02
1.984041178e-02
1.914065033e-02
1.847222148e-02
1.882732430e-02
1.970985927e-02
1.923464814e-02
1.953230786e-02
1.985607808e-02
1.940175535e-02
1.901009782e-02
1.914587243e-02
2.019551461e-02
2.045139753e-02
2.033128922e-02
2.066028154e-02
2.162114802e-02
2.055583954e-02
2.052450693e-02
2.156370491e-02
2.174647843e-02
2.142793030e-02
2.233135367e-02
2.389798379e-02
2.370476608e-02
2.326610964e-02
2.285878581e-02
2.403375840e-02
2.456119054e-02
2.477529666e-02
2.452985794e-02
2.313033503e-02
2.373087658e-02
2.442019383e-02
2.471263145e-02
2.564216532e-02
2.651947819e-02
2.594504715e-02
2.596071345e-02
2.764745188e-02
2.837332383e-02
2.858220785e-02
2.767878448e-02
2.874409296e-02
2.992428765e-02
2.968929313e-02
2.880675817e-02
2.861354045e-02
2.795555580e-02
2.905741899e-02
3.279644287e-02
1.329145517e-01
6.296825185e-01
1.698025040e+00
3.157549881e+00
4.712294500e+00
6.162743330e+00
7.440554743e+00
8.544459768e+00
9.478145209e+00
1.024783581e+01
1.085500420e+01
1.130560358e+01
1.161633422e+01
1.182194920e+01
1.192562878e+01
1.194000000e+01
1.189099059e+01
1.179181246e+01
1.165920244e+01
1.150530192e+01
1.135365735e+01
1.124743460e+01
1.117551061e+01
1.113443879e+01
1.109215545e+01
1.104213295e+01
1.097395843e+01
1.090021192e+01
1.079636001e+01
1.068848186e+01
1.056716725e+01
1.042557000e+01
1.027753389e+01
1.011883426e+01
9.951272727e+00
9.778483869e+00
9.600441578e+00
9.429877335e+00
9.246988935e+00
9.074001637e+00
8.902607080e+00
8.742445261e+00
8.584915380e+00
8.440879407e+00
8.287292212e+00
8.144065664e+00
8.005601672e+00
7.859210532e+00
7.719456681e+00
7.581368680e+00
7.442842023e+00
7.303751379e+00
7.165856595e+00
7.035304085e+00
6.894537147e+00
6.764240520e+00
6.630951629e+00
6.500832554e+00
6.369345288e+00
6.250150846e+00
6.120298098e+00
6.002873948e+00
5.888969494e+00
5.768537415e+00
5.656048150e+00
5.545820055e+00
5.437712133e+00
5.330136864e+00
5.223767901e+00
5.126010182e+00
5.018920569e+00
4.922390043e+00
4.822527817e+00
4.728503899e+00
4.632568693e+00
4.546555477e+00
4.449366967e+00
4.364486947e+00
4.281277999e+00
4.191092325e+00
4.109763334e+00
4.030653735e+00
3.952170788e+00
3.873536400e+00
3.795471221e+00
3.726826711e+00
3.650594490e+00
3.584033598e+00
3.511420292e+00
3.443637429e+00
3.374590817e+00
3.316233845e+00
3.245855598e+00
3.186161769e+00
3.128770885e+00
3.065881130e+00
3.008641688e+00
2.952055008e+00
2.895870430e+00
2.841633695e+00
2.786577090e+00
2.739792293e+00
2.683007173e+00
2.635538281e+00
2.584925684e+00
2.538553432e+00
2.488692817e+00
2.448936967e+00
2.397206840e+00
2.357215996e+00
2.316781272e+00
2.271082672e+00
2.231896030e+00
2.192782498e+00
2.152483549e+00
2.113249909e+00
2.072825630e+00
2.040996928e+00
1.999700558e+00
1.966634218e+00
1.929510307e+00
1.897232504e+00
1.862030325e+00
1.835470723e+00
1.796712294e+00
1.767384978e+00
1.739801843e+00
1.705048765e+00
1.676196661e+00
1.647240114e+00
1.619432429e+00
1.592099956e+00
1.563258295e+00
1.541482137e+00
1.510071203e+00
1.489073137e+00
1.463808615e+00
1.442157787e+00
1.417378921e+00
1.400192988e+00
1.371445325e+00
1.352661430e+00
1.335532941e+00
1.311088289e+00
1.291202531e+00
1.271478657e+00
1.251060245e+00
1.231649698e+00
1.211027623e+00
1.197283055e+00
1.175031685e+00
1.159924149e+00
1.139892172e+00
1.124194538e+00
1.104705659e+00
1.095243213e+00
1.074307813e+00
1.060531912e+00
1.048985848e+00
1.029831184e+00
1.018478337e+00
1.006472729e+00
9.934644765e-01
9.804144476e-01
9.643512667e-01
9.564502288e-01
9.386689770e-01
9.290812006e-01
9.142243250e-01
9.049655410e-01
8.903227715e-01
8.855863264e-01
8.666248799e-01
8.565514482e-01
8.482326423e-01
8.324201223e-01
8.233493339e-01
8.147172019e-01
8.035523512e-01
7.920637304e-01
7.799902342e-01
7.756036699e-01
7.603238041e-01
7.543914981e-01
7.413049145e-01
7.340514170e-01
7.221763607e-01
7.203590698e-01
7.058311865e-01
6.989380140e-01
6.936166936e-01
6.809948770e-01
6.733027231e-01
6.661693340e-01
6.576886429e-01
6.500957089e-01
6.412912477e-01
6.392076296e-01
6.265544803e-01
6.221731381e-01
6.130866834e-01
6.087836727e-01
6.005588645e-01
5.997494390e-01
5.873365063e-01
5.860205370e-01
5.834512636e-01
5.728190672e-01
5.676387436e-01
5.633618434e-01
5.578681938e-01
5.521865485e-01
5.457059219e-01
5.463900171e-01
5.342590779e-01
5.328282224e-01
5.260812687e-01
5.225041299e-01
5.147440887e-01
5.154020733e-01
5.026444821e-01
5.001900949e-01
4.984354691e-01
4.891087978e-01
4.853541076e-01
4.806907720e-01
4.753694517e-01
4.710612188e-01
4.650244708e-01
4.662568865e-01
4.573740937e-01
4.547891540e-01
4.476818754e-01
4.450342705e-01
4.378695487e-01
4.395615092e-01
4.291956400e-01
4.287308730e-01
4.280206674e-01
4.186835518e-01
4.155555137e-01
4.128400215e-01
4.092889932e-01
4.042862210e-01
3.986463526e-01
3.998161031e-01
3.901969942e-01
3.890481321e-01
3.824369530e-01
3.807345482e-01
3.745568035e-01
3.791261413e-01
3.682171736e-01
3.669168706e-01
3.667340971e-01
3.580810767e-01
3.573186501e-01
3.545352705e-01
3.499607106e-01
3.465820116e-01
3.413338007e-01
3.444409505e-01
3.344928492e-01
3.338661972e-01
3.285605432e-01
3.274325695e-01
3.212966015e-01
3.256100564e-01
3.157246204e-01
3.152441871e-01
3.155418469e-01
3.085807870e-01
3.072909282e-01
3.062256198e-01
3.022568235e-01
2.995256649e-01
2.941834562e-01
2.964759583e-01
2.866688538e-01
2.876506086e-01
2.820420728e-01
2.821099601e-01
2.772481846e-01
2.805694405e-01
2.713472112e-01
2.704437878e-01
2.726788468e-01
2.664593252e-01
2.666003219e-01
2.646420343e-01
2.630284053e-01
2.601928047e-01
2.551273674e-01
2.574773125e-01
2.482028622e-01
2.484691893e-01
2.431374248e-01
2.422392236e-01
2.359413705e-01
2.398213911e-01
2.314242536e-01
2.298262909e-01
2.319882405e-01
2.254501708e-01
2.241342015e-01
2.236433240e-01
2.216484817e-01
2.193455354e-01
2.146352009e-01
2.174185804e-01
2.103269680e-01
2.107238477e-01
2.054913031e-01
2.052667527e-01
2.002483143e-01
2.040917802e-01
1.938721297e-01
1.945353364e-01
1.971202761e-01
1.899868870e-01
1.898145577e-01
1.891617951e-01
1.865872996e-01
1.845767910e-01
1.805923284e-01
1.844827932e-01
1.762997618e-01
1.788011479e-01
1.745190256e-01
1.752762302e-01
1.706807818e-01
1.758558833e-01
1.676206310e-01
1.684405007e-01
1.694065893e-01
1.630147384e-01
1.627275229e-01
1.631139583e-01
1.607274584e-01
1.586699509e-01
1.558970156e-01
1.599598097e-01
1.526070923e-01
1.543356076e-01
1.502310366e-01
1.509569086e-01
1.458340281e-01
1.502675913e-01
1.428574309e-01
1.435833028e-01
1.457818071e-01
1.391340733e-01
1.397659474e-01
1.387319716e-01
1.376666631e-01
1.366587977e-01
1.328988854e-01
1.365491336e-01
1.293948561e-01
1.320894599e-01
1.286376515e-01
1.289927543e-01
1.238489854e-01
1.283504360e-01
1.187574375e-01
1.208619440e-01
1.227941211e-01
1.168931477e-01
1.155667342e-01
1.162247188e-01
1.139165505e-01
1.122611446e-01
1.089764435e-01
1.141149903e-01
1.070286000e-01
1.092793253e-01
1.059371811e-01
1.068249381e-01
1.041773332e-01
1.095926513e-01
1.007150807e-01
1.008038564e-01
1.042138879e-01
9.867323940e-02
9.854268689e-02
9.867846150e-02
9.713794189e-02
9.500210282e-02
9.137274305e-02
9.544075926e-02
8.946667640e-02
9.216128021e-02
8.844836682e-02
9.004632954e-02
8.594698073e-02
9.285581956e-02
8.513233307e-02
8.630730566e-02
8.980611293e-02
8.515322147e-02
8.536732759e-02
8.486078385e-02
8.428113070e-02
8.228106625e-02
7.806160913e-02
8.393647208e-02
7.766472950e-02
8.009822828e-02
7.754984329e-02
7.672475143e-02
7.362282379e-02
7.897025460e-02
7.094910839e-02
7.236429759e-02
7.539311583e-02
6.965924959e-02
6.891771133e-02
6.795684486e-02
6.707430989e-02
6.518913165e-02
6.210809241e-02
6.705342149e-02
6.040046558e-02
6.426481988e-02
6.041090978e-02
6.146577406e-02
5.770586177e-02
6.275563286e-02
5.544469230e-02
5.675021740e-02
6.051012969e-02
5.584679403e-02
5.632722727e-02
5.767975127e-02
5.815496241e-02
5.681810471e-02
5.350207095e-02
5.694343512e-02
5.159600431e-02
5.507392317e-02
5.219132375e-02
5.364828976e-02
4.941316634e-02
5.483892866e-02
4.698488966e-02
4.800319923e-02
5.155944960e-02
4.624335140e-02
4.672378464e-02
4.659323213e-02
4.519370922e-02
4.388818412e-02
4.113613721e-02
4.578380656e-02
3.961650599e-02
4.211789208e-02
3.841020080e-02
3.960083969e-02
3.668690767e-02
4.351219289e-02
3.386697345e-02
3.608114402e-02
3.975228060e-02
3.450929180e-02
3.531349526e-02
3.537093837e-02
3.463462221e-02
3.502105764e-02
3.271288927e-02
3.960083969e-02
3.290088488e-02
3.588792631e-02
3.280166497e-02
3.533960577e-02
3.259800306e-02
3.973139220e-02
3.345964962e-02
3.606547772e-02
3.988805521e-02
3.501061344e-02
3.469206532e-02
3.474428632e-02
3.403408067e-02
3.400274806e-02
3.097392983e-02
3.484872833e-02
2.710435344e-02
3.027416838e-02
2.798688840e-02
3.024283578e-02
2.759523087e-02
3.328732031e-02
2.667614120e-02
2.722968385e-02
3.046738609e-02
2.503640168e-02
2.541239291e-02
2.719835124e-02
2.768400658e-02
2.692157992e-02
2.457163474e-02
3.000261916e-02
2.484318396e-02
2.795555580e-02
2.522439729e-02
2.677536111e-02
2.330788645e-02
2.917230519e-02
2.183003203e-02
2.385620699e-02
2.609648806e-02
2.068639205e-02
2.364732297e-02
2.480662926e-02
2.475440826e-02
2.363687877e-02
2.050361853e-02
2.540717081e-02
1.859755189e-02
2.130259989e-02
1.828944796e-02
1.981952338e-02
1.741735720e-02
2.335488535e-02
1.580372817e-02
1.757402021e-02
2.037306602e-02
1.519274243e-02
1.495252581e-02
1.521885293e-02
1.495774791e-02
1.447731467e-02
1.257124803e-02
1.750613290e-02
1.125527873e-02
1.339111779e-02
1.189759708e-02
1.518752033e-02
1.063907088e-02
1.583506078e-02
8.607673824e-03
1.013774924e-02
1.410132344e-02
9.505875092e-03
1.074351289e-02
1.134927653e-02
1.051896257e-02
1.016908184e-02
8.445788711e-03
1.395510463e-02
8.101130085e-03
1.215870210e-02
1.034663326e-02
1.090017590e-02
6.701607178e-03
1.378277532e-02
7.004489001e-03
1.004897353e-02
1.355300290e-02
9.798312715e-03
1.052418467e-02
9.871422120e-03
1.115605882e-02
1.049285207e-02
8.054131182e-03
1.388199523e-02
7.260371921e-03
1.036229956e-02
7.276038222e-03
8.085463784e-03
4.837317336e-03
1.035707746e-02
2.926028590e-03
4.993980348e-03
7.589364246e-03
1.709279197e-03
2.952139092e-03
2.785031879e-03
1.845053807e-03
1.552616185e-03
-1.256873830e-03
4.388216701e-03
-7.137753882e-04
1.751056000e-03
-7.973289946e-04
8.371884302e-04
-2.729506142e-03
3.824229858e-03
-3.920145033e-03
-2.739950343e-03
-4.474482679e-04
-6.035095695e-03
-4.212582655e-03
-2.839170251e-03
-3.695594716e-03
-4.708682193e-03
-7.476395405e-03
-2.447512721e-03
-8.249266264e-03
-4.896677808e-03
-7.105626276e-03
-3.967143937e-03
-7.314510292e-03
-1.178542324e-03
-8.781920505e-03
-6.818410755e-03
-3.800036724e-03
-8.761032103e-03
-8.515593384e-03
-8.593924890e-03
-1.004044670e-02
-1.067232085e-02
-1.289171352e-02
-7.638280517e-03
-1.299615553e-02
-8.771476304e-03
-1.070365345e-02
-9.930782592e-03
-1.345047826e-02
-6.896742261e-03
-1.422857122e-02
-1.247394549e-02
-8.510371284e-03
-1.299093343e-02
-1.200395645e-02
-1.128330660e-02
-1.192562494e-02
-1.230683827e-02
-1.507455149e-02
-1.023366442e-02
-1.641663129e-02
-1.318415114e-02
-1.661507110e-02
-1.521032610e-02
-1.966477774e-02
-1.397268830e-02
-2.064653261e-02
-1.789970780e-02
-1.390480100e-02
-1.979010815e-02
-1.914256770e-02
-1.808248131e-02
-1.916867820e-02
-1.979533025e-02
-2.113218795e-02
-1.665684791e-02
-2.341946792e-02
-1.901723729e-02
-2.227582794e-02
-1.886057427e-02
-2.268837387e-02
-1.782659840e-02
-2.545608708e-02
-2.285025898e-02
-1.944544952e-02
-2.432811339e-02
-2.240115834e-02
-2.138284877e-02
-2.186850410e-02
-2.220794063e-02
-2.521064836e-02
-1.972222084e-02
-2.549786388e-02
-2.207738812e-02
-2.425500399e-02
-2.304869879e-02
-2.516364946e-02
-1.981099655e-02
-2.717938021e-02
-2.458921841e-02
-2.103296804e-02
-2.620806954e-02
-2.529942407e-02
-2.547175338e-02
-2.655795026e-02
-2.769636815e-02
-2.847446111e-02
-2.311136400e-02
-2.854234841e-02
-2.559708379e-02
-2.917422256e-02
-2.685038788e-02
-2.921599937e-02
-2.312180820e-02
-3.030741835e-02
-2.878256503e-02
-2.596785292e-02
-2.995753762e-02
-2.795225107e-02
-2.671461327e-02
-2.558141749e-02
-2.591563191e-02
-2.758148194e-02
-2.250560035e-02
-2.834913070e-02
-2.483987923e-02
-2.618718113e-02
-2.301736619e-02
-2.542997658e-02
-1.926789811e-02
-2.680861108e-02
-2.372757185e-02
-1.915301190e-02
-2.364401824e-02
-2.252648875e-02
-2.223927323e-02
-2.219227433e-02
-2.255259926e-02
-2.427067029e-02
-1.891279528e-02
-2.426022609e-02
-1.975355344e-02
-2.238026994e-02
-2.030187398e-02
-2.275103907e-02
-1.671429101e-02
-2.324713861e-02
-2.068308731e-02
-1.668818051e-02
-2.089719343e-02
-1.968044404e-02
-1.899634888e-02
-1.893368368e-02
-1.826003273e-02
-1.875613227e-02
-1.189429234e-02
-1.607719476e-02
-1.354447607e-02
-1.682917722e-02
-1.516854929e-02
-1.737749776e-02
-1.038510533e-02
-1.871435546e-02
-1.534087861e-02
-1.206662166e-02
-1.709028224e-02
-1.573253614e-02
-1.479255806e-02
-1.544009851e-02
-1.540354381e-02
-1.805637081e-02
-1.232772668e-02
-1.804592661e-02
-1.476122546e-02
-1.763338068e-02
-1.660984900e-02
-1.892323948e-02
-1.204051115e-02
-2.030709608e-02
-1.746105137e-02
-1.457322985e-02
-1.916867820e-02
-1.768560168e-02
-1.699106233e-02
-1.773782269e-02
-1.907468039e-02
-2.215049753e-02
-1.569598143e-02
-2.109041114e-02
-1.757071548e-02
-2.070919782e-02
-1.894412788e-02
-2.169095269e-02
-1.405101981e-02
-2.082408402e-02
-1.915301190e-02
-1.518421559e-02
-1.932534121e-02
-1.784226470e-02
-1.720516845e-02
-1.687095402e-02
-1.574298034e-02
-1.805114871e-02
-1.295960082e-02
