4.521524608e-01
4.504633546e-01
4.492103159e-01
4.492480159e-01
4.477871358e-01
4.462212920e-01
4.454385340e-01
4.449570775e-01
4.425852299e-01
4.394286871e-01
4.373988807e-01
4.357115328e-01
4.327251017e-01
4.274799526e-01
4.232110083e-01
4.215559661e-01
4.222094119e-01
4.206559360e-01
4.185575545e-01
4.182716012e-01
4.158622921e-01
4.128730297e-01
4.106089473e-01
4.104651213e-01
4.101355076e-01
4.082699418e-01
4.052026868e-01
4.029401839e-01
4.013729393e-01
4.009557664e-01
4.003510773e-01
3.980447352e-01
3.945993781e-01
3.926179111e-01
3.926896751e-01
3.920240998e-01
3.910881579e-01
3.889693022e-01
3.878536522e-01
3.873693347e-01
3.855082989e-01
3.832237422e-01
3.826237321e-01
3.826003671e-01
3.825286031e-01
3.807503283e-01
3.784689009e-01
3.773407936e-01
3.772453964e-01
3.782517910e-01
3.764407337e-01
3.748672605e-01
3.737735152e-01
3.718359172e-01
3.710155785e-01
3.716078103e-01
3.719609380e-01
3.715264797e-01
3.706671000e-01
3.666466177e-01
3.628670871e-01
3.605901301e-01
3.615276515e-01
3.613542318e-01
3.607136011e-01
3.594948053e-01
3.595931530e-01
3.600431979e-01
3.586508632e-01
3.562445045e-01
3.535397351e-01
3.522349894e-01
3.521755934e-01
3.520052135e-01
3.508442640e-01
3.502193987e-01
3.503849804e-01
3.492146432e-01
3.474287093e-01
3.454192579e-01
3.437144756e-01
3.413832188e-01
3.401488662e-01
3.394894302e-01
3.380612135e-01
3.374003172e-01
3.348406553e-01
3.340671957e-01
3.324922919e-01
3.324094415e-01
3.316688836e-01
3.316361010e-01
3.310471177e-01
3.297049105e-01
3.268437684e-01
3.255093694e-01
3.252921999e-01
3.237545490e-01
3.241732717e-01
3.227122724e-01
3.204451799e-01
3.190013766e-01
3.191059232e-01
3.193059862e-01
3.185904324e-01
3.188388348e-01
3.180637956e-01
3.178919852e-01
3.177013099e-01
3.158480823e-01
3.131326437e-01
3.109765351e-01
3.100468814e-01
3.111311495e-01
3.116343021e-01
3.111890256e-01
3.088248968e-01
3.080310225e-01
3.088279366e-01
3.114687800e-01
3.108312488e-01
3.087452352e-01
3.068686128e-01
3.055763245e-01
3.045043349e-01
3.026073873e-01
3.011964262e-01
3.006495535e-01
3.011245430e-01
3.004979193e-01
3.008667827e-01
3.010433614e-01
2.992838919e-01
2.977227271e-01
2.977149487e-01
2.983259857e-01
2.976399362e-01
2.964132130e-01
2.951242626e-01
2.935664058e-01
2.941789329e-01
2.941117585e-01
2.923428714e-01
2.909239233e-01
2.894784212e-01
2.875049710e-01
2.876925468e-01
2.881988287e-01
2.879957557e-01
2.879926562e-01
2.859800756e-01
2.858144045e-01
2.856003642e-01
2.861129344e-01
2.864769995e-01
2.859410048e-01
2.842315435e-01
2.815128267e-01
2.796877623e-01
2.803519368e-01
2.801331580e-01
2.774580717e-01
2.757673264e-01
2.765189409e-01
2.763236165e-01
2.762204707e-01
2.758282423e-01
2.749610841e-01
2.745892406e-01
2.747095227e-01
2.761001587e-01
2.760455310e-01
2.763563693e-01
2.747735679e-01
2.730140984e-01
2.737172544e-01
2.731407285e-01
2.715297341e-01
2.702171504e-01
2.693593204e-01
2.703952789e-01
2.712562978e-01
2.707421184e-01
2.709407210e-01
2.697671950e-01
2.684967518e-01
2.681217492e-01
2.690482736e-01
2.687451541e-01
2.667356730e-01
2.635164857e-01
2.616038024e-01
2.615210414e-01
2.597567439e-01
2.593850493e-01
2.581489682e-01
2.578442693e-01
2.570474744e-01
2.566255927e-01
2.528785467e-01
2.527909279e-01
2.541330755e-01
2.522330880e-01
2.488517612e-01
2.481580377e-01
2.487971187e-01
2.509503067e-01
2.530456483e-01
2.517112195e-01
2.504721582e-01
2.514143288e-01
2.531457245e-01
2.541051507e-01
2.533143759e-01
2.539113164e-01
2.539409995e-01
2.541097701e-01
2.542565763e-01
2.527627647e-01
2.508502305e-01
2.491080016e-01
2.470093817e-01
2.469781637e-01
2.456452250e-01
2.420763373e-01
2.405545264e-01
2.387934327e-01
2.389683872e-01
2.389433980e-01
2.376886606e-01
2.366730273e-01
2.344838977e-01
2.326916307e-01
2.317603379e-01
2.315806001e-01
2.328260094e-01
2.325728536e-01
2.324978560e-01
2.337901294e-01
2.345401645e-01
2.350933403e-01
2.329541743e-01
2.319572866e-01
2.299649864e-01
2.298307568e-01
2.314337790e-01
2.317790389e-01
2.335557491e-01
2.323431671e-01
2.327322513e-01
2.312259525e-01
2.285165638e-01
2.260756791e-01
3.075324893e-01
1.171325684e+00
3.659850836e+00
7.467743397e+00
1.161618233e+01
1.522177792e+01
1.791158867e+01
1.968518829e+01
2.069212723e+01
2.106136322e+01
2.094762611e+01
2.048917198e+01
1.980052567e+01
1.899704361e+01
1.815626144e+01
1.732515907e+01
1.653985214e+01
1.581118870e+01
1.515530205e+01
1.455698967e+01
1.402838039e+01
1.354716110e+01
1.311614418e+01
1.271689034e+01
1.235543060e+01
1.201002693e+01
1.166757774e+01
1.131558514e+01
1.100289249e+01
1.079452419e+01
1.064411736e+01
1.047497654e+01
1.026282406e+01
1.001018333e+01
9.758634567e+00
9.500905991e+00
9.250691414e+00
8.995692253e+00
8.749053001e+00
8.498700142e+00
8.263082504e+00
8.031985283e+00
7.806802273e+00
7.594301224e+00
7.385538101e+00
7.186817169e+00
6.998107433e+00
6.813029289e+00
6.635982513e+00
6.458886623e+00
6.299071312e+00
6.134591103e+00
5.984631538e+00
5.850856304e+00
5.742912292e+00
5.624596596e+00
5.498337269e+00
5.357769012e+00
5.219564438e+00
5.094040394e+00
4.968383789e+00
4.848360538e+00
4.735551834e+00
4.626052380e+00
4.521760464e+00
4.414575100e+00
4.320463181e+00
4.219575405e+00
4.125305176e+00
4.027165890e+00
3.938884497e+00
3.846564770e+00
3.766177654e+00
3.681787014e+00
3.599060059e+00
3.525813580e+00
3.449702740e+00
3.375034571e+00
3.304480791e+00
3.237365961e+00
3.177936077e+00
3.110685587e+00
3.054868937e+00
2.990334272e+00
2.933815241e+00
2.874300957e+00
2.819999933e+00
2.760646343e+00
2.710418224e+00
2.656322241e+00
2.599588394e+00
2.551369190e+00
2.500967503e+00
2.453961849e+00
2.409031868e+00
2.364006519e+00
2.325607777e+00
2.278961182e+00
2.242752552e+00
2.199204922e+00
2.162954330e+00
2.122231007e+00
2.087122679e+00
2.047431707e+00
2.017638445e+00
1.986167669e+00
1.950139403e+00
1.922832012e+00
1.890296817e+00
1.858932257e+00
1.829463124e+00
1.800297141e+00
1.775244594e+00
1.744126678e+00
1.720531464e+00
1.688804865e+00
1.665736318e+00
1.640143991e+00
1.621585846e+00
1.593733430e+00
1.573748827e+00
1.548951149e+00
1.525454283e+00
1.509289861e+00
1.487934232e+00
1.466579318e+00
1.446303964e+00
1.426656008e+00
1.410106421e+00
1.386631846e+00
1.376083851e+00
1.356222153e+00
1.342671156e+00
1.324576616e+00
1.312568545e+00
1.294469237e+00
1.282953382e+00
1.267236829e+00
1.250444531e+00
1.240670085e+00
1.226921678e+00
1.212637424e+00
1.200462461e+00
1.185614586e+00
1.175044298e+00
1.156962872e+00
1.147638202e+00
1.132276773e+00
1.122312427e+00
1.108559728e+00
1.100360394e+00
1.087373853e+00
1.081875324e+00
1.070484638e+00
1.057266831e+00
1.050953746e+00
1.041012526e+00
1.030711889e+00
1.021896720e+00
1.014345884e+00
1.009885192e+00
9.967082739e-01
9.918458462e-01
9.795204997e-01
9.729980230e-01
9.601652622e-01
9.548145533e-01
9.432166219e-01
9.397636056e-01
9.316934347e-01
9.226741195e-01
9.178631902e-01
9.091978073e-01
9.029221535e-01
8.976662159e-01
8.897306323e-01
8.842933774e-01
8.736739755e-01
8.748285174e-01
8.671461344e-01
8.633083105e-01
8.531174064e-01
8.482918739e-01
8.376908302e-01
8.362054229e-01
8.289092779e-01
8.193496466e-01
8.150545359e-01
8.093637824e-01
8.022183776e-01
7.979432344e-01
7.912509441e-01
7.868363857e-01
7.767956853e-01
7.761533856e-01
7.695529461e-01
7.680185437e-01
7.601057291e-01
7.565302849e-01
7.448018789e-01
7.456396818e-01
7.419610620e-01
7.363780737e-01
7.366608381e-01
7.305918336e-01
7.256809473e-01
7.243170142e-01
7.182716131e-01
7.161559463e-01
7.082464099e-01
7.108528018e-01
7.034169436e-01
7.005999088e-01
6.929216981e-01
6.913136840e-01
6.836732626e-01
6.822356582e-01
6.792777181e-01
6.756260395e-01
6.749229431e-01
6.703976393e-01
6.652083993e-01
6.612975001e-01
6.572704315e-01
6.577783823e-01
6.507280469e-01
6.528329849e-01
6.453483701e-01
6.438311934e-01
6.367295384e-01
6.349532008e-01
6.285904646e-01
6.301999092e-01
6.266078353e-01
6.203281283e-01
6.175918579e-01
6.118228436e-01
6.079944372e-01
6.072287560e-01
6.039315462e-01
6.023986936e-01
5.970984697e-01
6.001940370e-01
5.925593376e-01
5.910826921e-01
5.858063102e-01
5.868141651e-01
5.829983950e-01
5.866516829e-01
5.840920210e-01
5.790296793e-01
5.812014341e-01
5.779249072e-01
5.731015205e-01
5.694593191e-01
5.667793751e-01
5.677967072e-01
5.620934367e-01
5.643668175e-01
5.579808950e-01
5.586667061e-01
5.545010567e-01
5.548995137e-01
5.481051803e-01
5.502428412e-01
5.491615534e-01
5.449082255e-01
5.473098159e-01
5.438972712e-01
5.400424600e-01
5.385004282e-01
5.365957022e-01
5.370004177e-01
5.297813416e-01
5.323814154e-01
5.264645815e-01
5.277814269e-01
5.226442218e-01
5.211411715e-01
5.129877925e-01
5.145536065e-01
5.120096207e-01
5.061456561e-01
5.054907799e-01
4.993410408e-01
4.971863925e-01
4.998629689e-01
4.993239045e-01
4.998988509e-01
4.932769835e-01
4.959394634e-01
4.913378656e-01
4.939941168e-01
4.906035662e-01
4.913660884e-01
4.869772792e-01
4.895380437e-01
4.889317751e-01
4.857991636e-01
4.889456332e-01
4.874974489e-01
4.858475029e-01
4.853693545e-01
4.832974970e-01
4.831351042e-01
4.767540097e-01
4.803162217e-01
4.759663939e-01
4.789960384e-01
4.761789739e-01
4.769882858e-01
4.730304778e-01
4.759352207e-01
4.715524912e-01
4.681228101e-01
4.728321433e-01
4.714432061e-01
4.671259224e-01
4.647618830e-01
4.636022747e-01
4.660182595e-01
4.615522325e-01
4.645525217e-01
4.589460194e-01
4.581336677e-01
4.533289671e-01
4.548211694e-01
4.489682317e-01
4.509556592e-01
4.480994344e-01
4.451305270e-01
4.484697878e-01
4.448289275e-01
4.409931004e-01
4.418274760e-01
4.407303929e-01
4.416399002e-01
4.341505170e-01
4.376975298e-01
4.337017834e-01
4.357444346e-01
4.322080016e-01
4.347316027e-01
4.294938743e-01
4.302408695e-01
4.273799360e-01
4.224156737e-01
4.228171408e-01
4.189044535e-01
4.152606726e-01
4.147466123e-01
4.135777354e-01
4.134635627e-01
4.076636434e-01
4.102182984e-01
4.064885974e-01
4.100698829e-01
4.092792869e-01
4.111711681e-01
4.076808095e-01
4.106681049e-01
4.070042670e-01
4.015495479e-01
4.036199749e-01
3.994556069e-01
3.963194788e-01
3.962554336e-01
3.949820101e-01
3.967053890e-01
3.895645440e-01
3.943694234e-01
3.911819160e-01
3.936085105e-01
3.879802525e-01
3.903568387e-01
3.865707815e-01
3.900724649e-01
3.871223330e-01
3.812376261e-01
3.822673857e-01
3.806844950e-01
3.794470131e-01
3.794079721e-01
3.765687943e-01
3.773609996e-01
3.739250004e-01
3.786704540e-01
3.736125231e-01
3.735218644e-01
3.693623543e-01
3.734843135e-01
3.697778881e-01
3.729656041e-01
3.710701764e-01
3.689984679e-01
3.729015291e-01
3.713203967e-01
3.691734076e-01
3.670530915e-01
3.656842411e-01
3.668796420e-01
3.593963385e-01
3.621137142e-01
3.568211496e-01
3.581477106e-01
3.544289768e-01
3.553491831e-01
3.504271507e-01
3.530757129e-01
3.521600068e-01
3.479831815e-01
3.485207260e-01
3.449536264e-01
3.444519937e-01
3.469240069e-01
3.464615345e-01
3.455880284e-01
3.399926424e-01
3.446380198e-01
3.417973518e-01
3.423097432e-01
3.395394981e-01
3.415019214e-01
3.364393413e-01
3.391441405e-01
3.373565674e-01
3.357893825e-01
3.401722908e-01
3.412988484e-01
3.399660587e-01
3.388971984e-01
3.365705907e-01
3.395690024e-01
3.361893892e-01
3.398080766e-01
3.352237046e-01
3.373706043e-01
3.328033090e-01
3.351924419e-01
3.304064274e-01
3.322142363e-01
3.318673968e-01
3.301345408e-01
3.333627582e-01
3.301485479e-01
3.283000588e-01
3.286547661e-01
3.268843591e-01
3.293469846e-01
3.235076070e-01
3.273388743e-01
3.222310543e-01
3.230201900e-01
3.186245859e-01
3.187573850e-01
3.147808611e-01
3.199621141e-01
3.194730878e-01
3.172215819e-01
3.203808665e-01
3.187465072e-01
3.163167834e-01
3.174698949e-01
3.175917268e-01
3.192901909e-01
3.132167757e-01
3.184792101e-01
3.146261275e-01
3.186496198e-01
3.157573938e-01
3.181042969e-01
3.125214875e-01
3.151527345e-01
3.140090108e-01
3.084853888e-01
3.100338578e-01
3.090901375e-01
3.093322814e-01
3.093698025e-01
3.094775975e-01
3.125871122e-01
3.073416650e-01
3.125793040e-01
3.087854087e-01
3.095245957e-01
3.069025576e-01
3.082166314e-01
3.025245965e-01
3.057528138e-01
3.054574728e-01
3.024996817e-01
3.055089712e-01
3.030761778e-01
3.006073534e-01
2.995667458e-01
2.965806425e-01
2.977821827e-01
2.931553721e-01
2.993213832e-01
2.938646972e-01
2.953368425e-01
2.925506532e-01
2.962979078e-01
2.924131155e-01
2.955351472e-01
2.953773439e-01
2.926178277e-01
2.942772508e-01
2.900021970e-01
2.871894836e-01
2.879394591e-01
2.872128189e-01
2.893521190e-01
2.838189304e-01
2.883114517e-01
2.855224907e-01
2.879816294e-01
2.837269306e-01
2.872911394e-01
2.851506472e-01
2.881191373e-01
2.859301567e-01
2.838222980e-01
2.854974270e-01
2.825031579e-01
2.810891271e-01
2.818970084e-01
2.805252373e-01
2.827548385e-01
2.792267501e-01
2.851063609e-01
2.826157212e-01
2.850549519e-01
2.816673219e-01
2.845425308e-01
2.816329300e-01
2.863237858e-01
2.848393619e-01
2.811813056e-01
2.855361104e-01
2.834720016e-01
2.823953927e-01
2.835798562e-01
2.819642425e-01
2.813845575e-01
2.752548754e-01
2.776002288e-01
2.734969854e-01
2.769408226e-01
2.735688984e-01
2.757470906e-01
2.699733078e-01
2.725220025e-01
2.715187967e-01
2.688904703e-01
2.702451944e-01
2.671479881e-01
2.650306523e-01
2.667196691e-01
2.654961944e-01
2.674136162e-01
2.604630888e-01
2.648571730e-01
2.617959380e-01
2.622646987e-01
2.586771548e-01
2.633679509e-01
2.598394454e-01
2.627084255e-01
2.607973218e-01
2.565598190e-01
2.590350211e-01
2.563817203e-01
2.561910748e-01
2.588661909e-01
2.596926689e-01
2.631837726e-01
2.584114969e-01
2.616240084e-01
2.564145029e-01
2.568253577e-01
2.533300519e-01
2.561847568e-01
2.513424456e-01
2.531301081e-01
2.515487969e-01
2.491516322e-01
2.508487701e-01
2.507534623e-01
2.506425083e-01
2.515659332e-01
2.489346266e-01
2.497346997e-01
2.456499189e-01
2.522205114e-01
2.497330308e-01
2.505330443e-01
2.460202277e-01
2.494875193e-01
2.474312186e-01
2.521206439e-01
2.495375127e-01
2.458060682e-01
2.498610616e-01
2.488468885e-01
2.473734021e-01
2.489640564e-01
2.477171123e-01
2.520909607e-01
2.483718544e-01
2.520378828e-01
2.470295429e-01
2.478313744e-01
2.435543984e-01
2.442748249e-01
2.397200316e-01
2.427293807e-01
2.400013208e-01
2.382668704e-01
2.429591715e-01
2.418950796e-01
2.387106270e-01
2.365230322e-01
2.331119329e-01
2.366089225e-01
2.327540219e-01
2.391747385e-01
2.351339161e-01
2.355948687e-01
2.337119579e-01
2.401903123e-01
2.380262315e-01
2.445062250e-01
2.437842339e-01
2.391340733e-01
2.402434349e-01
2.398340404e-01
2.401965410e-01
2.407856286e-01
2.391716242e-01
2.415699810e-01
2.378230989e-01
2.426810414e-01
2.397402972e-01
2.411356419e-01
2.350713611e-01
2.364886403e-01
2.343932837e-01
2.399496138e-01
2.391356230e-01
2.366182804e-01
2.406465113e-01
2.396949828e-01
2.377777398e-01
2.377339900e-01
2.359183282e-01
2.378574759e-01
2.315947264e-01
2.364995778e-01
2.341088951e-01
2.383543551e-01
2.348260880e-01
2.376199663e-01
2.329135388e-01
2.367449105e-01
2.363762408e-01
2.352276742e-01
2.392058969e-01
2.359855026e-01
2.338667512e-01
2.348464131e-01
2.338588834e-01
2.346964628e-01
2.293633968e-01
2.346182764e-01
2.310806960e-01
2.338026315e-01
2.327415794e-01
2.378184199e-01
2.359683067e-01
2.399528921e-01
2.387105674e-01
2.342494279e-01
2.352869958e-01
2.340370566e-01
2.335494012e-01
2.336603999e-01
2.319244593e-01
2.337025702e-01
2.295523882e-01
2.338150889e-01
2.303445339e-01
2.322103530e-01
2.274023145e-01
2.297101468e-01
2.243834436e-01
2.302696407e-01
2.309807688e-01
2.273397744e-01
2.274288833e-01
2.255725265e-01
2.250115722e-01
2.256131619e-01
2.257366031e-01
2.290491462e-01
2.250147462e-01
2.299523354e-01
2.260990590e-01
2.289711088e-01
2.263022959e-01
2.271757126e-01
2.225302160e-01
2.253756076e-01
2.222989053e-01
2.197961658e-01
2.244209945e-01
2.231146544e-01
2.224318683e-01
2.221084237e-01
2.186538875e-01
2.217602432e-01
2.195773125e-01
2.228772044e-01
2.174882889e-01
2.181399167e-01
2.160992920e-01
2.195462137e-01
2.151864618e-01
2.173836082e-01
2.166085839e-01
2.145568281e-01
2.182945162e-01
2.174976170e-01
2.160476297e-01
2.167304754e-01
2.160068601e-01
2.180929929e-01
2.142427415e-01
2.190055549e-01
2.136974782e-01
2.153444737e-01
2.122662365e-01
2.147255242e-01
2.112145871e-01
2.146709859e-01
2.127068192e-01
2.107521296e-01
2.153398544e-01
2.144114524e-01
2.112146467e-01
2.106911391e-01
2.095379829e-01
2.126474828e-01
2.100911736e-01
2.134693414e-01
2.088221461e-01
2.121287882e-01
2.095909566e-01
2.113974690e-01
2.083580643e-01
2.131459415e-01
2.103755176e-01
2.061066478e-01
2.088549584e-01
2.070598453e-01
2.061659694e-01
2.065300941e-01
2.045971155e-01
2.091955990e-01
2.081346810e-01
2.165225446e-01
