1.371132210e-02
1.370529830e-02
1.365318336e-02
1.360917743e-02
1.352115814e-02
1.345723122e-02
1.347043272e-02
1.342179254e-02
1.339585427e-02
1.331269834e-02
1.324552950e-02
1.310540270e-02
1.295786165e-02
1.288605481e-02
1.291709207e-02
1.285455562e-02
1.284413226e-02
1.275102142e-02
1.260880940e-02
1.256131940e-02
1.251499448e-02
1.240983792e-02
1.232089568e-02
1.221248880e-02
1.217033528e-02
1.201098226e-02
1.194403972e-02
1.183911413e-02
1.178398822e-02
1.181317680e-02
1.180808060e-02
1.176383533e-02
1.182359550e-02
1.183123887e-02
1.176893432e-02
1.165937353e-02
1.159081887e-02
1.150511485e-02
1.147940662e-02
1.144952513e-02
1.142103784e-02
1.124383882e-02
1.112269796e-02
1.104440819e-02
1.094712596e-02
1.093392354e-02
1.095476933e-02
1.077711489e-02
1.055452414e-02
1.053692307e-02
1.051908545e-02
1.033193618e-02
1.028051227e-02
1.009544544e-02
1.000858378e-02
9.856175631e-03
9.764451534e-03
9.804061614e-03
9.674116038e-03
9.682221338e-03
9.512675926e-03
9.432769381e-03
9.343825281e-03
9.340816177e-03
9.403122589e-03
9.297966957e-03
9.309777990e-03
9.191652760e-03
9.151581675e-03
9.042027406e-03
8.949377574e-03
8.880118839e-03
8.764075115e-03
8.732345887e-03
8.597546257e-03
8.565350436e-03
8.521339856e-03
8.485670201e-03
8.428226225e-03
8.334648795e-03
8.137304336e-03
8.142167702e-03
8.057161234e-03
8.082637563e-03
8.044187911e-03
7.974471897e-03
8.016391657e-03
8.021490648e-03
7.956637070e-03
8.048359305e-03
7.992768660e-03
7.925832644e-03
7.863298059e-03
7.898502983e-03
7.835038006e-03
7.790107746e-03
7.855422795e-03
7.756755687e-03
7.675919216e-03
7.680786308e-03
7.633996662e-03
7.513325196e-03
7.524442859e-03
7.400292438e-03
7.455418352e-03
7.439435460e-03
7.418591529e-03
7.382689975e-03
7.249502931e-03
7.189976051e-03
7.113771979e-03
6.941442378e-03
6.791814230e-03
6.827947218e-03
6.821925752e-03
6.804784760e-03
6.680402439e-03
6.672527175e-03
6.471933797e-03
6.409393158e-03
6.425608415e-03
6.404761691e-03
6.344308145e-03
6.332959514e-03
6.296594627e-03
6.146734580e-03
6.171981804e-03
6.189351436e-03
6.246792153e-03
6.179855205e-03
6.075856276e-03
6.009384058e-03
6.007067394e-03
6.029533222e-03
6.054778118e-03
5.918818992e-03
5.976030603e-03
5.910482258e-03
5.927389022e-03
5.892645568e-03
5.802311935e-03
5.749271717e-03
5.723332055e-03
5.713604856e-03
5.778454710e-03
5.751817953e-03
5.559577607e-03
5.555176642e-03
5.508853123e-03
5.575097166e-03
5.482214503e-03
5.459052511e-03
5.465075374e-03
5.492637865e-03
5.500282161e-03
5.528076086e-03
5.304790568e-03
5.362234078e-03
5.466462113e-03
5.557951052e-03
5.601265933e-03
5.656623747e-03
5.636936519e-03
5.564669613e-03
5.566522479e-03
5.648053717e-03
5.637397058e-03
5.641798954e-03
5.630449392e-03
5.718700588e-03
5.681870040e-03
5.645042751e-03
5.589688197e-03
5.658939946e-03
5.516032688e-03
5.532245152e-03
5.552165676e-03
5.468780641e-03
5.398137495e-03
5.349262618e-03
5.279080011e-03
5.262402818e-03
5.362463184e-03
5.448860582e-03
5.252212286e-03
5.121806171e-03
5.179712083e-03
5.141030531e-03
5.174154881e-03
5.166743882e-03
5.108604673e-03
5.154003855e-03
5.172534380e-03
5.163268186e-03
5.076175556e-03
5.026843399e-03
4.952955991e-03
4.945543595e-03
4.862855189e-03
5.142422393e-03
4.957587458e-03
4.822784103e-03
4.815371707e-03
4.927478265e-03
4.962451290e-03
4.941837396e-03
4.847336095e-03
4.848957993e-03
4.947395995e-03
4.842012189e-03
4.920761101e-03
4.904085305e-03
4.928404465e-03
4.964304157e-03
4.915432073e-03
4.769513384e-03
4.738937132e-03
4.843630828e-03
4.820470233e-03
4.657636397e-03
4.744033795e-03
4.771366250e-03
4.819079768e-03
4.756771959e-03
4.782020114e-03
4.793139175e-03
4.744960461e-03
4.713690374e-03
4.676631186e-03
4.574706778e-03
4.638876766e-03
4.612933844e-03
4.603437148e-03
4.582582507e-03
4.564514849e-03
4.546447191e-03
4.596478771e-03
4.473716486e-03
4.498965573e-03
4.383153282e-03
4.340767395e-03
4.400987178e-03
4.379678518e-03
4.340765532e-03
4.358369857e-03
4.288188647e-03
4.285407253e-03
4.297451582e-03
4.283324815e-03
4.534401931e-03
1.307320502e-02
1.316308826e-01
6.039403677e-01
1.523322940e+00
2.709380150e+00
3.939918756e+00
5.090290546e+00
6.119778156e+00
7.029489994e+00
7.811220169e+00
8.460185051e+00
8.976644516e+00
9.372259140e+00
9.658653259e+00
9.854611397e+00
9.974136353e+00
1.003026581e+01
1.003712177e+01
1.000583172e+01
9.944980621e+00
9.862421036e+00
9.762462616e+00
9.665644646e+00
9.594777107e+00
9.559424400e+00
9.541009903e+00
9.524560928e+00
9.499252319e+00
9.464829445e+00
9.415000916e+00
9.348983765e+00
9.268912315e+00
9.174654961e+00
9.067216873e+00
8.948492050e+00
8.821068764e+00
8.687646866e+00
8.548324585e+00
8.407006264e+00
8.263480186e+00
8.120261192e+00
7.976479530e+00
7.834923744e+00
7.695946693e+00
7.563148975e+00
7.435453892e+00
7.311758995e+00
7.190750122e+00
7.071063519e+00
6.952575684e+00
6.834876537e+00
6.717240334e+00
6.600301743e+00
6.482731342e+00
6.366486549e+00
6.250201225e+00
6.135317802e+00
6.021061897e+00
5.908821106e+00
5.797719002e+00
5.688606739e+00
5.580920696e+00
5.475388527e+00
5.372199059e+00
5.270953655e+00
5.171932220e+00
5.075228214e+00
4.980217457e+00
4.887499809e+00
4.795593739e+00
4.706099033e+00
4.617581367e+00
4.531105995e+00
4.445613384e+00
4.362430573e+00
4.280098438e+00
4.199635983e+00
4.120353699e+00
4.042640209e+00
3.966810226e+00
3.892259836e+00
3.819213629e+00
3.747777939e+00
3.677604675e+00
3.609299421e+00
3.541483402e+00
3.476121902e+00
3.411218643e+00
3.348377705e+00
3.286198378e+00
3.226069212e+00
3.166198969e+00
3.108675480e+00
3.051901817e+00
2.996008396e+00
2.941780567e+00
2.888565302e+00
2.836556911e+00
2.785782814e+00
2.735723019e+00
2.687242508e+00
2.639015913e+00
2.592596769e+00
2.546601772e+00
2.502079010e+00
2.457900047e+00
2.415248394e+00
2.372970104e+00
2.332090855e+00
2.291594982e+00
2.251958609e+00
2.213732719e+00
2.175823689e+00
2.138943434e+00
2.102997065e+00
2.067395926e+00
2.032786131e+00
1.998172760e+00
1.965433598e+00
1.932369351e+00
1.900601387e+00
1.868723750e+00
1.838370919e+00
1.807865143e+00
1.778826356e+00
1.749788523e+00
1.721174121e+00
1.693905592e+00
1.666702271e+00
1.640118480e+00
1.614384770e+00
1.588863254e+00
1.564545989e+00
1.539656043e+00
1.516456962e+00
1.492726207e+00
1.470143795e+00
1.447143078e+00
1.425220609e+00
1.402910829e+00
1.381899357e+00
1.360576510e+00
1.339603066e+00
1.319802761e+00
1.299782991e+00
1.280121446e+00
1.261254191e+00
1.242409110e+00
1.224328876e+00
1.205789804e+00
1.188843131e+00
1.171146512e+00
1.154624581e+00
1.137764573e+00
1.121552587e+00
1.105166197e+00
1.089831829e+00
1.074376345e+00
1.058988452e+00
1.044325829e+00
1.029518127e+00
1.015048862e+00
1.001059532e+00
9.871168137e-01
9.737818241e-01
9.600152969e-01
9.474371672e-01
9.340857863e-01
9.216898680e-01
9.088354707e-01
8.968809843e-01
8.842909336e-01
8.726525903e-01
8.605823517e-01
8.485412002e-01
8.373639584e-01
8.257412314e-01
8.143755198e-01
8.034598827e-01
7.923848033e-01
7.820205688e-01
7.708302140e-01
7.610943913e-01
7.503175735e-01
7.406600714e-01
7.303288579e-01
7.210236192e-01
7.108278871e-01
7.018338442e-01
6.923677325e-01
6.828127503e-01
6.742060184e-01
6.651204824e-01
6.563273668e-01
6.478553414e-01
6.390909553e-01
6.311693192e-01
6.222966909e-01
6.148806810e-01
6.065493226e-01
5.993925929e-01
5.917044878e-01
5.851684809e-01
5.777344704e-01
5.716301203e-01
5.650637746e-01
5.585081577e-01
5.529307723e-01
5.467892885e-01
5.408156514e-01
5.354622602e-01
5.298615098e-01
5.247099996e-01
5.183891058e-01
5.136940479e-01
5.079847574e-01
5.032978654e-01
4.977613091e-01
4.932329357e-01
4.877464175e-01
4.837235510e-01
4.789890945e-01
4.739372730e-01
4.699325562e-01
4.654425979e-01
4.609291852e-01
4.568596482e-01
4.524247348e-01
4.486047626e-01
4.435694814e-01
4.402471185e-01
4.355430007e-01
4.318740964e-01
4.273018539e-01
4.237295985e-01
4.190310836e-01
4.156695306e-01
4.115879536e-01
4.072923362e-01
4.040956795e-01
4.000719488e-01
3.961789012e-01
3.925020099e-01
3.886472881e-01
3.853954673e-01
3.809571862e-01
3.780439794e-01
3.738598228e-01
3.707275987e-01
3.665952384e-01
3.634556532e-01
3.591133654e-01
3.561567366e-01
3.523860574e-01
3.484422565e-01
3.455301821e-01
3.417252600e-01
3.379337192e-01
3.345681727e-01
3.307727575e-01
3.278181553e-01
3.235523701e-01
3.208932877e-01
3.168789446e-01
3.140157163e-01
3.101205230e-01
3.071529567e-01
3.029463589e-01
3.002856076e-01
2.967753112e-01
2.928743958e-01
2.901834846e-01
2.867221832e-01
2.831557095e-01
2.802885175e-01
2.767961621e-01
2.740810812e-01
2.700612545e-01
2.677883208e-01
2.641452551e-01
2.616733313e-01
2.583363652e-01
2.560976744e-01
2.526356876e-01
2.508494556e-01
2.483170480e-01
2.454420328e-01
2.435625196e-01
2.410055697e-01
2.385475487e-01
2.365832031e-01
2.342054099e-01
2.325474471e-01
2.296343744e-01
2.283173501e-01
2.256553918e-01
2.241216898e-01
2.215466797e-01
2.201574594e-01
2.175202370e-01
2.163868845e-01
2.143983841e-01
2.121296525e-01
2.110833973e-01
2.090994716e-01
2.072332799e-01
2.057732940e-01
2.038705200e-01
2.026621848e-01
2.001166791e-01
1.994042546e-01
1.972296685e-01
1.961369365e-01
1.940032691e-01
1.930343807e-01
1.907746345e-01
1.900396943e-01
1.884617656e-01
1.864362359e-01
1.854893863e-01
1.838659793e-01
1.823376119e-01
1.810711324e-01
1.792789102e-01
1.783462018e-01
1.760331392e-01
1.754705459e-01
1.734336019e-01
1.725286394e-01
1.706010103e-01
1.698148698e-01
1.677126288e-01
1.671822816e-01
1.655070037e-01
1.635010988e-01
1.628916711e-01
1.613097638e-01
1.598257720e-01
1.586999893e-01
1.571780890e-01
1.563408077e-01
1.541054100e-01
1.537746340e-01
1.519295126e-01
1.512459666e-01
1.494633704e-01
1.487130970e-01
1.468230188e-01
1.464809477e-01
1.451725066e-01
1.433984488e-01
1.427882612e-01
1.414877176e-01
1.400885135e-01
1.390271485e-01
1.376691163e-01
1.369586885e-01
1.348630339e-01
1.345128268e-01
1.327435225e-01
1.320268810e-01
1.302783787e-01
1.295825541e-01
1.276656091e-01
1.272156090e-01
1.258932650e-01
1.242360994e-01
1.237637922e-01
1.223800257e-01
1.210419685e-01
1.200529411e-01
1.188610047e-01
1.183314994e-01
1.161929294e-01
1.159562021e-01
1.141312048e-01
1.135227010e-01
1.120025441e-01
1.114280894e-01
1.094743386e-01
1.092274338e-01
1.080033183e-01
1.063437238e-01
1.058886051e-01
1.046046540e-01
1.032806635e-01
1.025770009e-01
1.014550552e-01
1.010691673e-01
9.919906408e-02
9.901260585e-02
9.744685143e-02
9.694304317e-02
9.545977414e-02
9.501855075e-02
9.330632538e-02
9.292550385e-02
9.165528417e-02
9.018058330e-02
8.975994587e-02
8.856017143e-02
8.728298545e-02
8.647546172e-02
8.521638066e-02
8.480640501e-02
8.296283334e-02
8.284818381e-02
8.120298386e-02
8.065845072e-02
7.907807082e-02
7.853147388e-02
7.690031081e-02
7.666312903e-02
7.544685900e-02
7.387627661e-02
7.358005643e-02
7.252710313e-02
7.144077867e-02
7.072349638e-02
6.958225369e-02
6.921400130e-02
6.741330773e-02
6.736605614e-02
6.583502889e-02
6.536384672e-02
6.391952932e-02
6.352552027e-02
6.186921895e-02
6.177958101e-02
6.073676050e-02
5.938572064e-02
5.910708383e-02
5.797190964e-02
5.692915991e-02
5.627019331e-02
5.516745895e-02
5.467317626e-02
5.296657979e-02
5.295986310e-02
5.142073706e-02
5.089564994e-02
4.963167384e-02
4.937388748e-02
4.770275950e-02
4.761868715e-02
4.677095637e-02
4.550748318e-02
4.531453177e-02
4.426712543e-02
4.334624112e-02
4.283504933e-02
4.182753339e-02
4.146620259e-02
3.980315849e-02
3.977952525e-02
3.825591132e-02
3.789666295e-02
3.656486422e-02
3.625402227e-02
3.466182202e-02
3.445383161e-02
3.352777660e-02
3.225087002e-02
3.203129768e-02
3.094246797e-02
2.997036651e-02
2.946772799e-02
2.852849662e-02
2.830545604e-02
2.663195878e-02
2.669519745e-02
2.550744824e-02
2.527420409e-02
2.401994914e-02
2.367158234e-02
2.217554301e-02
2.208613604e-02
2.115986682e-02
1.990238577e-02
1.975043304e-02
1.889272965e-02
1.802020893e-02
1.742195338e-02
1.654505171e-02
1.634539664e-02
1.472397335e-02
1.476635970e-02
1.352139190e-02
1.328629814e-02
1.203692053e-02
1.181248017e-02
1.022283453e-02
1.021542680e-02
9.332482703e-03
8.233657107e-03
8.129191585e-03
7.157781627e-03
6.392952520e-03
5.890790839e-03
5.029623397e-03
4.910800140e-03
3.491630545e-03
3.582427278e-03
2.355066594e-03
2.288127784e-03
1.237021410e-03
1.180736930e-03
-6.909585500e-05
7.265717431e-05
-7.160181412e-04
-1.837537158e-03
-1.997356769e-03
-2.890493721e-03
-3.660176881e-03
-4.018036183e-03
-4.768480081e-03
-4.957251251e-03
-6.434545852e-03
-6.239981856e-03
-7.350842468e-03
-7.534283213e-03
-8.566392586e-03
-8.615965024e-03
-9.790527634e-03
-9.609161876e-03
-1.045389473e-02
-1.148692146e-02
-1.144337654e-02
-1.218224317e-02
-1.305892970e-02
-1.342094969e-02
-1.410309132e-02
-1.412440278e-02
-1.563084871e-02
-1.554074604e-02
-1.672987454e-02
-1.693001203e-02
-1.805294864e-02
-1.810413972e-02
-1.941556670e-02
-1.941070519e-02
-2.020493895e-02
-2.126554027e-02
-2.127110027e-02
-2.203081548e-02
-2.273494937e-02
-2.312245592e-02
-2.379485220e-02
-2.392455749e-02
-2.520726249e-02
-2.498514019e-02
-2.615275420e-02
-2.622757107e-02
-2.730321325e-02
-2.746024542e-02
-2.864409424e-02
-2.862348035e-02
-2.927410603e-02
-3.026450984e-02
-3.021541238e-02
-3.089710511e-02
-3.164016455e-02
-3.198459744e-02
-3.271167353e-02
-3.280295059e-02
-3.414006531e-02
-3.382232040e-02
-3.491533920e-02
-3.496373445e-02
-3.603589535e-02
-3.599837050e-02
-3.717387840e-02
-3.698904440e-02
-3.755813465e-02
-3.842812404e-02
-3.835747764e-02
-3.906533867e-02
-3.976203129e-02
-4.008004069e-02
-4.090137780e-02
-4.098800197e-02
-4.222166166e-02
-4.189413041e-02
-4.300225154e-02
-4.299159721e-02
-4.390929267e-02
-4.383679479e-02
-4.502919689e-02
-4.480915517e-02
-4.541879892e-02
-4.631261900e-02
-4.610182717e-02
-4.684167355e-02
-4.750273377e-02
-4.765282199e-02
-4.839332029e-02
-4.840051010e-02
-4.965755343e-02
-4.940902442e-02
-5.036377534e-02
-5.038277060e-02
-5.125621334e-02
-5.119205266e-02
-5.218062922e-02
-5.204952508e-02
-5.264432728e-02
-5.354279280e-02
-5.328129604e-02
-5.386151373e-02
-5.460108072e-02
-5.493346229e-02
-5.553640053e-02
-5.545718595e-02
-5.670122057e-02
-5.657222122e-02
-5.757932365e-02
-5.754040554e-02
-5.847594142e-02
-5.836083367e-02
-5.947956443e-02
-5.921853706e-02
-5.971884355e-02
-6.049269438e-02
-6.037943438e-02
-6.094899401e-02
-6.151409447e-02
-6.168246642e-02
-6.224486604e-02
-6.210567430e-02
-6.326587498e-02
-6.279777735e-02
-6.375533342e-02
-6.372545660e-02
-6.471516192e-02
-6.470035017e-02
-6.576023996e-02
-6.535588950e-02
-6.592074782e-02
-6.676224619e-02
-6.671915948e-02
-6.717267632e-02
-6.777049601e-02
-6.803432852e-02
-6.860271841e-02
-6.849572062e-02
-6.970033795e-02
-6.939068437e-02
-7.036437839e-02
-7.025668025e-02
-7.110419124e-02
-7.100623846e-02
-7.196541876e-02
-7.171757519e-02
-7.230845094e-02
-7.307487726e-02
-7.292339206e-02
-7.353397459e-02
-7.402823865e-02
-7.414081693e-02
-7.477104664e-02
-7.457928360e-02
-7.574553043e-02
-7.530889660e-02
-7.611890882e-02
-7.599963248e-02
-7.673595846e-02
-7.653605193e-02
-7.753713429e-02
-7.723093778e-02
-7.774513215e-02
-7.840868086e-02
-7.820301503e-02
-7.865767926e-02
-7.916032523e-02
-7.902318984e-02
-7.945353538e-02
-7.926917076e-02
-8.044490218e-02
-7.991631329e-02
-8.074133843e-02
-8.049144596e-02
-8.120249957e-02
-8.097019792e-02
-8.197358251e-02
-8.162797987e-02
-8.193513751e-02
-8.254154027e-02
-8.224207163e-02
-8.259852231e-02
-8.308630437e-02
-8.318337053e-02
-8.370359987e-02
-8.340224624e-02
-8.442483842e-02
-8.400769532e-02
-8.477802575e-02
-8.443919569e-02
-8.522250503e-02
-8.512200415e-02
-8.606581390e-02
-8.568156511e-02
-8.605725318e-02
-8.680702001e-02
-8.666987717e-02
-8.713687211e-02
-8.748590201e-02
-8.758800477e-02
-8.821614087e-02
-8.805216104e-02
-8.914632350e-02
-8.865807205e-02
-8.952666074e-02
-8.939857036e-02
-9.008070827e-02
-8.961189538e-02
-9.062132239e-02
-9.015667439e-02
-9.051292390e-02
-9.108596295e-02
-9.069983661e-02
-9.115266055e-02
-9.170021117e-02
-9.170184284e-02
-9.210418910e-02
-9.185681492e-02
-9.293530136e-02
-9.248688817e-02
-9.330494702e-02
-9.310229123e-02
-9.386079758e-02
-9.354487807e-02
-9.441507608e-02
-9.405233711e-02
-9.448386729e-02
-9.512587637e-02
-9.478288889e-02
-9.519883990e-02
-9.558401257e-02
-9.556037188e-02
-9.576375037e-02
-9.554579109e-02
-9.665458649e-02
-9.619412571e-02
-9.699717164e-02
-9.678453952e-02
-9.751879424e-02
-9.723854065e-02
-9.806286544e-02
-9.763947129e-02
-9.803391248e-02
-9.876488894e-02
-9.846172482e-02
-9.885475039e-02
-9.918573499e-02
-9.919731319e-02
-9.968027472e-02
-9.931891412e-02
-1.003661081e-01
-9.985329956e-02
-1.007056683e-01
-1.004921123e-01
-1.011918411e-01
-1.008230969e-01
-1.017398462e-01
-1.012907177e-01
-1.016319096e-01
-1.022830456e-01
-1.020247564e-01
-1.024081260e-01
-1.028206274e-01
-1.029114351e-01
-1.032977998e-01
-1.030909643e-01
-1.040058732e-01
