4.528926909e-01
4.512390792e-01
4.500886202e-01
4.481268823e-01
4.425649941e-01
4.400509298e-01
4.406537116e-01
4.416335821e-01
4.404134750e-01
4.358891845e-01
4.314990938e-01
4.336888194e-01
4.390217364e-01
4.398693144e-01
4.379419088e-01
4.351117313e-01
4.304160178e-01
4.262015522e-01
4.246649146e-01
4.258215427e-01
4.254087210e-01
4.226867259e-01
4.226124883e-01
4.225610793e-01
4.208928943e-01
4.199761450e-01
4.178227186e-01
4.134160280e-01
4.103780687e-01
4.110164940e-01
4.131405056e-01
4.116526842e-01
4.109241068e-01
4.115466475e-01
4.098586738e-01
4.070928395e-01
4.062124491e-01
4.070105553e-01
4.075661898e-01
4.065031409e-01
4.040224552e-01
3.982580006e-01
3.941073120e-01
3.944412768e-01
3.962171674e-01
3.961148858e-01
3.940256834e-01
3.919886053e-01
3.900547624e-01
3.862578273e-01
3.831418455e-01
3.797995746e-01
3.798184395e-01
3.815767765e-01
3.828271031e-01
3.814185858e-01
3.815714419e-01
3.806922734e-01
3.786871731e-01
3.782684803e-01
3.801327646e-01
3.801614940e-01
3.806014955e-01
3.799244761e-01
3.783614337e-01
3.760404587e-01
3.716242909e-01
3.713332117e-01
3.706507981e-01
3.689575791e-01
3.702267110e-01
3.736490309e-01
3.729281425e-01
3.687155843e-01
3.635477424e-01
3.620083928e-01
3.636401296e-01
3.642709851e-01
3.655968904e-01
3.643164039e-01
3.601325750e-01
3.566417992e-01
3.560094535e-01
3.555362225e-01
3.548062742e-01
3.537779450e-01
3.551750779e-01
3.571081460e-01
3.561941683e-01
3.561328650e-01
3.545554578e-01
3.521802127e-01
3.496184051e-01
3.481901884e-01
3.474042714e-01
3.479758799e-01
3.483182788e-01
3.459500372e-01
3.416346908e-01
3.402610719e-01
3.402594328e-01
3.391190171e-01
3.359357119e-01
3.359530866e-01
3.399664164e-01
3.388465345e-01
3.353686333e-01
3.355691433e-01
3.360575736e-01
3.332528174e-01
3.305842876e-01
3.297142982e-01
3.296341598e-01
3.302025795e-01
3.313241005e-01
3.332377970e-01
3.342796862e-01
3.335679770e-01
3.324784040e-01
3.311046660e-01
3.283953071e-01
3.229274452e-01
3.179237545e-01
3.168908060e-01
3.191157281e-01
3.213685155e-01
3.226816356e-01
3.224399090e-01
3.201112747e-01
3.198000193e-01
3.223822415e-01
3.239658475e-01
3.192375600e-01
3.147869408e-01
3.149914443e-01
3.198826909e-01
3.198797703e-01
3.185294271e-01
3.193168342e-01
3.209395707e-01
3.192494810e-01
3.159677088e-01
3.140902519e-01
3.136321902e-01
3.129871786e-01
3.119360507e-01
3.111560643e-01
3.121648431e-01
3.139707446e-01
3.141130805e-01
3.131513894e-01
3.119125068e-01
3.121692538e-01
3.132500052e-01
3.132326007e-01
3.114061356e-01
3.077485561e-01
3.028160036e-01
3.000587225e-01
3.016490936e-01
3.031415343e-01
3.044409752e-01
3.035816550e-01
3.022390902e-01
3.031369448e-01
3.005222976e-01
2.956410050e-01
2.949321866e-01
2.967717052e-01
2.986155748e-01
3.001625836e-01
2.979182601e-01
2.961878479e-01
2.956767380e-01
2.980719209e-01
2.996240258e-01
2.992379367e-01
2.975986004e-01
2.945209146e-01
2.927837968e-01
2.940797508e-01
2.933701873e-01
2.906757593e-01
2.891990542e-01
2.897010148e-01
2.913027704e-01
2.922508121e-01
2.908415198e-01
2.872535288e-01
2.852146327e-01
2.848042548e-01
2.829271257e-01
2.784442604e-01
2.759680152e-01
2.758326828e-01
2.754600942e-01
2.736948729e-01
2.726333439e-01
2.792129517e-01
2.805487514e-01
2.786896229e-01
2.775945365e-01
2.767685354e-01
2.764248550e-01
2.734807134e-01
2.705749571e-01
2.698699534e-01
2.720334530e-01
2.726127505e-01
2.718032897e-01
2.714641392e-01
2.704668641e-01
2.692461312e-01
2.725017369e-01
2.739393413e-01
2.743860781e-01
2.743681669e-01
2.701214552e-01
2.683919668e-01
2.685888410e-01
2.689364552e-01
2.697633207e-01
2.670719326e-01
2.659423351e-01
2.674916387e-01
2.691310346e-01
2.699660957e-01
2.711989880e-01
2.700335681e-01
2.681813538e-01
2.677089274e-01
2.673983574e-01
2.668546736e-01
2.672824860e-01
2.641771436e-01
2.622070014e-01
2.602929771e-01
2.592350245e-01
2.611030340e-01
2.656447589e-01
2.672220767e-01
2.662072480e-01
2.641491592e-01
2.602290809e-01
2.580982447e-01
2.588546276e-01
2.557820380e-01
2.535595894e-01
2.542455494e-01
2.568104565e-01
2.575760186e-01
2.517404854e-01
2.535662949e-01
4.159662426e-01
1.385878444e+00
3.716214180e+00
7.047852516e+00
1.056918240e+01
1.357094765e+01
1.576831627e+01
1.718107796e+01
1.794762230e+01
1.818000031e+01
1.801581955e+01
1.757093239e+01
1.693379593e+01
1.620751381e+01
1.545842838e+01
1.472760773e+01
1.405084229e+01
1.342679882e+01
1.287800789e+01
1.237801075e+01
1.194314098e+01
1.154781437e+01
1.119932556e+01
1.087196350e+01
1.058232594e+01
1.029806519e+01
1.002557087e+01
9.793012619e+00
9.615713120e+00
9.508049011e+00
9.424922943e+00
9.302779198e+00
9.130969048e+00
8.907891273e+00
8.680297852e+00
8.431166649e+00
8.184246063e+00
7.927412033e+00
7.683434010e+00
7.436254501e+00
7.214045048e+00
7.000841141e+00
6.799243450e+00
6.618251801e+00
6.441366673e+00
6.272800446e+00
6.116992474e+00
5.967028618e+00
5.825402260e+00
5.678463459e+00
5.552760124e+00
5.427320004e+00
5.351120949e+00
5.341872692e+00
5.389798164e+00
5.404514313e+00
5.363172054e+00
5.255239487e+00
5.120123863e+00
4.995199680e+00
4.866028786e+00
4.735151291e+00
4.601135254e+00
4.461109638e+00
4.324849606e+00
4.182410717e+00
4.062682152e+00
3.942150593e+00
3.837390900e+00
3.732761383e+00
3.641869068e+00
3.545763254e+00
3.469237328e+00
3.392339706e+00
3.319002628e+00
3.256747007e+00
3.197938442e+00
3.173901320e+00
3.208485603e+00
3.268699646e+00
3.300213814e+00
3.263267040e+00
3.200826645e+00
3.121065378e+00
3.056279421e+00
2.988736868e+00
2.925927401e+00
2.846866608e+00
2.777732372e+00
2.700974464e+00
2.618178606e+00
2.546559811e+00
2.477613688e+00
2.413740635e+00
2.355324984e+00
2.297455549e+00
2.245070696e+00
2.186309814e+00
2.146852732e+00
2.100829601e+00
2.066930771e+00
2.037511826e+00
2.044565916e+00
2.077933550e+00
2.133644581e+00
2.151714563e+00
2.128043652e+00
2.096287727e+00
2.054908037e+00
2.013935804e+00
1.976978302e+00
1.939071655e+00
1.903897882e+00
1.857809901e+00
1.826454639e+00
1.780436039e+00
1.741341352e+00
1.694492698e+00
1.659403443e+00
1.620235562e+00
1.596668005e+00
1.564251423e+00
1.527496099e+00
1.505233884e+00
1.480605841e+00
1.456863880e+00
1.445904613e+00
1.455820441e+00
1.496025085e+00
1.530903816e+00
1.555494666e+00
1.539983392e+00
1.516608596e+00
1.484785914e+00
1.466082931e+00
1.444704413e+00
1.434283376e+00
1.409895301e+00
1.383799434e+00
1.365374684e+00
1.335438967e+00
1.304849505e+00
1.277773142e+00
1.250318885e+00
1.230330229e+00
1.202677608e+00
1.189827681e+00
1.165781260e+00
1.154445648e+00
1.139300466e+00
1.132588744e+00
1.120185614e+00
1.135592818e+00
1.162504196e+00
1.188735962e+00
1.208103657e+00
1.201019287e+00
1.181590557e+00
1.162665486e+00
1.149010777e+00
1.143998742e+00
1.129106164e+00
1.125080228e+00
1.102328420e+00
1.083663225e+00
1.057944536e+00
1.042651534e+00
1.018506408e+00
1.008566380e+00
9.909424186e-01
9.725142121e-01
9.660369754e-01
9.511566758e-01
9.350207448e-01
9.259127378e-01
9.191122651e-01
9.239193201e-01
9.276784658e-01
9.589267969e-01
9.796829224e-01
9.967410564e-01
9.885843396e-01
9.799600840e-01
9.610302448e-01
9.566177726e-01
9.481685758e-01
9.387736320e-01
9.395701885e-01
9.273793101e-01
9.105871916e-01
8.962987065e-01
8.808891177e-01
8.711881042e-01
8.540793657e-01
8.519378901e-01
8.360710740e-01
8.269692063e-01
8.131598830e-01
8.096723557e-01
7.952427864e-01
7.931164503e-01
7.869236469e-01
7.901834249e-01
8.196612597e-01
8.412116766e-01
8.463859558e-01
8.404778838e-01
8.298866749e-01
8.279749751e-01
8.175801039e-01
8.229116797e-01
8.125387430e-01
8.082309365e-01
7.965790033e-01
7.868464589e-01
7.678247690e-01
7.634348273e-01
7.531659007e-01
7.413435578e-01
7.390481830e-01
7.267962098e-01
7.153475285e-01
7.133529782e-01
7.094128728e-01
7.044360042e-01
6.900587082e-01
6.951667666e-01
6.962368488e-01
7.187945843e-01
7.375674248e-01
7.513840199e-01
7.390077710e-01
7.349861264e-01
7.254756093e-01
7.179417610e-01
7.205482721e-01
7.124986053e-01
7.039734125e-01
6.981880665e-01
6.898857951e-01
6.865857840e-01
6.714830399e-01
6.676072478e-01
6.519750357e-01
6.487878561e-01
6.413604617e-01
6.419388652e-01
6.323286295e-01
6.329767108e-01
6.233296394e-01
6.122795343e-01
6.180652976e-01
6.224649549e-01
6.339952350e-01
6.534071565e-01
6.645647883e-01
6.667677164e-01
6.506204009e-01
6.492807269e-01
6.401855350e-01
6.423583031e-01
6.363229752e-01
6.363031268e-01
6.238121390e-01
6.262444258e-01
6.202762723e-01
6.065272689e-01
6.046478748e-01
5.955055952e-01
5.868898034e-01
5.812172890e-01
5.768814683e-01
5.747969151e-01
5.638944507e-01
5.685434341e-01
5.558069348e-01
5.582174063e-01
5.635644794e-01
5.822830200e-01
5.925323963e-01
6.066567302e-01
6.033537984e-01
5.922567248e-01
5.914274454e-01
5.854632258e-01
5.802708268e-01
5.754185915e-01
5.716087222e-01
5.751679540e-01
5.655233264e-01
5.642079115e-01
5.505616665e-01
5.470854640e-01
5.388978124e-01
5.397043824e-01
5.292583704e-01
5.303637385e-01
5.253562927e-01
5.156077743e-01
5.183773041e-01
5.154116154e-01
5.097143054e-01
5.129894018e-01
5.244438648e-01
5.430972576e-01
5.463640094e-01
5.529591441e-01
5.432692766e-01
5.423659086e-01
5.360490680e-01
5.396467447e-01
5.325537920e-01
5.356362462e-01
5.267988443e-01
5.160554647e-01
5.197016597e-01
5.158276558e-01
5.096439123e-01
5.066073537e-01
5.016042590e-01
5.004941821e-01
4.905625880e-01
4.929720759e-01
4.838671088e-01
4.832507968e-01
4.781913757e-01
4.840215743e-01
4.828952849e-01
5.025342107e-01
5.146142244e-01
5.163856745e-01
5.199568868e-01
5.160053968e-01
5.138835311e-01
5.142112970e-01
5.106994510e-01
5.106753111e-01
5.013174415e-01
5.056716204e-01
4.958770573e-01
4.922330976e-01
4.836587906e-01
4.837971628e-01
4.732590616e-01
4.774823785e-01
4.766700566e-01
4.678465128e-01
4.637166262e-01
4.547556341e-01
4.528701901e-01
4.588190913e-01
4.603312314e-01
4.638700187e-01
4.620168507e-01
4.768923819e-01
4.803544283e-01
4.862932265e-01
4.798341393e-01
4.814238548e-01
4.738089740e-01
4.777671397e-01
4.712083340e-01
4.607354999e-01
4.608077109e-01
4.584062994e-01
4.545542896e-01
4.511975050e-01
4.446039796e-01
4.471805096e-01
4.388311207e-01
4.435685575e-01
4.351224899e-01
4.317003191e-01
4.240224957e-01
4.275480509e-01
4.196445644e-01
4.278789759e-01
4.330216050e-01
4.387992322e-01
4.519800246e-01
4.561079741e-01
4.539318383e-01
4.500292540e-01
4.461088181e-01
4.456476569e-01
4.362988770e-01
4.421990514e-01
4.317350686e-01
4.305161536e-01
4.264528751e-01
4.307757914e-01
4.225880802e-01
4.264401793e-01
4.227177501e-01
4.122774005e-01
4.127301574e-01
4.093438387e-01
4.052059650e-01
4.026738405e-01
4.015653133e-01
4.040640295e-01
3.994864821e-01
4.119093120e-01
4.110393226e-01
4.183616936e-01
4.162853360e-01
4.210550189e-01
4.125239849e-01
4.164968133e-01
4.154908955e-01
4.113211036e-01
4.126505554e-01
4.062817097e-01
4.027147293e-01
4.037605822e-01
4.013654888e-01
4.024225175e-01
3.931813538e-01
3.967774808e-01
3.909708560e-01
3.940975964e-01
3.877229393e-01
3.872156739e-01
3.790006042e-01
3.870439529e-01
3.836863935e-01
3.772763908e-01
3.874337673e-01
3.935130239e-01
3.972387314e-01
4.024301767e-01
4.031939805e-01
4.067232907e-01
3.979709744e-01
4.041755199e-01
3.982026577e-01
3.994842172e-01
3.916509151e-01
3.914578557e-01
3.852857351e-01
3.909543753e-01
3.894730806e-01
3.825572431e-01
3.824112713e-01
3.772113323e-01
3.729675710e-01
3.737672865e-01
3.743246794e-01
3.753407300e-01
3.649201095e-01
3.708024323e-01
3.660105765e-01
3.715484440e-01
3.722488880e-01
3.835901022e-01
3.808775842e-01
3.836702406e-01
3.783370554e-01
3.741103709e-01
3.809535503e-01
3.819240928e-01
3.801583350e-01
3.785735071e-01
3.719922900e-01
3.717567325e-01
3.664694130e-01
3.742928505e-01
3.674266040e-01
3.675251305e-01
3.602522612e-01
3.601394892e-01
3.508912623e-01
3.559852242e-01
3.537066281e-01
3.482091725e-01
3.563235998e-01
3.583098948e-01
3.575147986e-01
3.605884314e-01
3.645451069e-01
3.697332740e-01
3.630465269e-01
3.696787953e-01
3.651546538e-01
3.689927459e-01
3.653690815e-01
3.699958920e-01
3.624945581e-01
3.660973907e-01
3.616008162e-01
3.527799547e-01
3.547009230e-01
3.512147069e-01
3.484499156e-01
3.476622701e-01
3.453913331e-01
3.467504084e-01
3.376492858e-01
3.405160606e-01
3.338775337e-01
3.394780159e-01
3.355458081e-01
3.404525220e-01
3.391457200e-01
3.511872888e-01
3.562313616e-01
3.545987010e-01
3.550250828e-01
3.491769135e-01
3.483824134e-01
3.532516360e-01
3.563661575e-01
3.564940989e-01
3.411219120e-01
3.455230296e-01
3.389667571e-01
3.417738974e-01
3.390948176e-01
3.415747881e-01
3.316846490e-01
3.345286548e-01
3.289735317e-01
3.236296177e-01
3.309541345e-01
3.287713528e-01
3.233533800e-01
3.229975402e-01
3.244278729e-01
3.356934190e-01
3.359561563e-01
3.442296684e-01
3.377536535e-01
3.416905701e-01
3.395384848e-01
3.416050076e-01
3.361584246e-01
3.441265523e-01
3.415907621e-01
3.347741365e-01
3.373395205e-01
3.313840032e-01
3.268222511e-01
3.301500082e-01
3.315400481e-01
3.353312016e-01
3.261560500e-01
3.303744495e-01
3.222905695e-01
3.235112727e-01
3.202173114e-01
3.257597685e-01
3.176042736e-01
3.240364194e-01
3.293124437e-01
3.325109482e-01
3.406273127e-01
3.379786313e-01
3.326177299e-01
3.306942284e-01
3.302359283e-01
3.347869217e-01
3.265642822e-01
3.322676420e-01
3.244286180e-01
3.258135021e-01
3.223800957e-01
3.271604776e-01
3.205875754e-01
3.269625604e-01
3.257744610e-01
3.183188736e-01
3.178228438e-01
3.138460219e-01
3.122709095e-01
3.142457008e-01
3.156526089e-01
3.207496405e-01
3.131909668e-01
3.220786154e-01
3.204860985e-01
3.279720247e-01
3.249250650e-01
3.290949762e-01
3.213768005e-01
3.265719414e-01
3.230244517e-01
3.156906068e-01
3.190890253e-01
3.161132336e-01
3.140292466e-01
3.147933483e-01
3.121738732e-01
3.143216074e-01
3.084075153e-01
3.141017258e-01
3.048999608e-01
3.042941988e-01
3.003442585e-01
3.049264848e-01
2.980609834e-01
3.053542078e-01
3.051611483e-01
2.981534600e-01
3.053368330e-01
3.108775318e-01
3.132939339e-01
3.144238293e-01
3.124217093e-01
3.163773119e-01
3.099000156e-01
3.159549236e-01
3.091199100e-01
3.112555742e-01
3.057949841e-01
3.086459935e-01
3.008003235e-01
3.056199849e-01
3.036859930e-01
3.003468215e-01
3.089291453e-01
3.076115549e-01
3.033921719e-01
2.978073955e-01
2.911731601e-01
2.918290496e-01
2.845890820e-01
2.958900928e-01
2.944392264e-01
3.028370738e-01
3.058523834e-01
3.150104284e-01
3.085982203e-01
3.126555979e-01
3.107336462e-01
3.079510033e-01
3.122133315e-01
3.079084456e-01
3.042070568e-01
3.063242435e-01
3.053595424e-01
3.054193258e-01
2.976545393e-01
3.060488999e-01
2.991242409e-01
2.980428934e-01
2.911881208e-01
2.952743471e-01
2.923530042e-01
3.007863462e-01
2.979913950e-01
2.913798392e-01
2.947329283e-01
2.916449308e-01
2.921508253e-01
3.005254567e-01
3.038496971e-01
3.053331375e-01
2.958136499e-01
3.030370772e-01
3.008409142e-01
3.058716059e-01
2.993628681e-01
3.006553948e-01
2.959210873e-01
3.029138446e-01
2.984329760e-01
2.894867957e-01
2.937037647e-01
2.923596501e-01
2.916895747e-01
2.955529690e-01
2.953371406e-01
2.955917120e-01
2.859489918e-01
2.906256914e-01
2.858550549e-01
2.897752821e-01
2.859413922e-01
2.927998304e-01
2.898744345e-01
2.978869975e-01
2.946549058e-01
2.905022502e-01
2.982867360e-01
2.986191809e-01
2.979080379e-01
2.988296449e-01
2.964558303e-01
2.975068986e-01
2.906566560e-01
2.995787859e-01
2.929724157e-01
2.945656478e-01
2.894503772e-01
2.929601967e-01
2.853120267e-01
2.881374061e-01
2.866039872e-01
2.807157338e-01
2.852227092e-01
2.832183242e-01
2.826292515e-01
2.870409489e-01
2.897631526e-01
2.953343391e-01
2.882788777e-01
2.950291038e-01
2.904203534e-01
2.946102917e-01
2.910882533e-01
2.933866382e-01
2.852038443e-01
2.910073698e-01
2.879792154e-01
2.825215757e-01
2.834281325e-01
2.784432173e-01
2.764012218e-01
2.765906751e-01
2.725659013e-01
2.736857533e-01
2.688411176e-01
2.772546411e-01
2.727748752e-01
2.771433592e-01
2.737729251e-01
2.766012251e-01
2.693799436e-01
2.798596919e-01
2.838909030e-01
2.804501653e-01
2.824416459e-01
2.782564759e-01
2.726778686e-01
2.730815113e-01
2.765073776e-01
2.825621068e-01
2.770828605e-01
2.842833996e-01
2.769716680e-01
2.778968513e-01
2.715200484e-01
2.763589025e-01
2.702160180e-01
2.735759318e-01
2.696307302e-01
2.642129064e-01
2.711951435e-01
2.704584002e-01
2.668509185e-01
2.670274079e-01
2.678953409e-01
2.734019756e-01
2.681020200e-01
2.778558731e-01
2.754813731e-01
2.799064517e-01
2.756592929e-01
2.801904976e-01
2.766632736e-01
2.848706543e-01
2.836304605e-01
2.786436081e-01
2.827656865e-01
2.827998102e-01
2.821462154e-01
2.816087306e-01
2.785335779e-01
2.791742086e-01
2.710582912e-01
2.781898379e-01
