1.440351009e-01
1.394703984e-01
1.426872611e-01
1.444428861e-01
1.393571049e-01
1.374768615e-01
1.367859393e-01
1.362195760e-01
1.345659196e-01
1.347472072e-01
1.340449601e-01
1.324817985e-01
1.263312548e-01
1.266936809e-01
1.248021051e-01
1.274412572e-01
1.278943866e-01
1.281662136e-01
1.252551228e-01
1.258214563e-01
1.281208992e-01
1.289704442e-01
1.273280531e-01
1.249494180e-01
1.221176386e-01
1.225480884e-01
1.250966936e-01
1.263426095e-01
1.212454438e-01
1.143699735e-01
1.138035879e-01
1.150155813e-01
1.114135757e-01
1.080495343e-01
1.050931886e-01
1.065543592e-01
1.085252687e-01
1.082194448e-01
1.080042049e-01
1.046514288e-01
1.037566736e-01
9.767419100e-02
9.116124362e-02
9.120655805e-02
9.624698758e-02
9.768550098e-02
1.004038975e-01
9.983760864e-02
9.565803409e-02
9.602046013e-02
9.138775617e-02
8.805765957e-02
8.395734429e-02
8.872596920e-02
9.178421646e-02
9.239585698e-02
9.544274211e-02
1.013214439e-01
1.018197685e-01
9.975835681e-02
9.529558569e-02
9.518225491e-02
9.248645604e-02
8.829553425e-02
9.202206880e-02
9.639428556e-02
9.608846158e-02
9.284891188e-02
9.102528542e-02
8.924697340e-02
8.702692389e-02
8.323245496e-02
8.185055107e-02
8.313044906e-02
8.173725754e-02
8.792170882e-02
8.752527833e-02
8.655117452e-02
8.337967098e-02
8.324374259e-02
8.600750566e-02
8.582630008e-02
8.411590755e-02
8.368549496e-02
7.936999202e-02
7.481656224e-02
7.528097183e-02
7.542821765e-02
7.615312934e-02
7.619842887e-02
7.670815289e-02
7.916606963e-02
7.480522990e-02
7.109003514e-02
7.224535197e-02
7.626640797e-02
6.990071386e-02
5.877772719e-02
6.095246971e-02
6.478096545e-02
7.051233202e-02
6.961753219e-02
7.240394503e-02
7.259650528e-02
7.316283882e-02
7.256253809e-02
7.550749928e-02
7.802206278e-02
7.429554313e-02
6.813368946e-02
6.060133874e-02
5.662563071e-02
5.365802720e-02
5.502857268e-02
5.611593649e-02
5.789425224e-02
5.850584432e-02
6.538125128e-02
6.791847199e-02
6.771461666e-02
6.935701519e-02
7.088615745e-02
6.661590934e-02
6.800911576e-02
7.093144208e-02
7.323081791e-02
6.797513366e-02
6.860944629e-02
7.003664225e-02
6.643467396e-02
6.624211371e-02
7.280039042e-02
7.536026835e-02
7.214342058e-02
7.324213535e-02
7.478260249e-02
7.620979846e-02
7.532627881e-02
7.453338802e-02
7.103341073e-02
6.792986393e-02
6.549456716e-02
6.247024983e-02
6.048806757e-02
5.728257447e-02
6.173402444e-02
6.483760476e-02
6.048809737e-02
5.812076479e-02
6.206252798e-02
6.624213606e-02
6.785054505e-02
6.447513402e-02
6.244761497e-02
6.117902696e-02
6.078256294e-02
6.356896460e-02
6.177933514e-02
5.457551032e-02
5.594608188e-02
5.608198792e-02
5.071303248e-02
4.498163611e-02
4.286352545e-02
4.810786247e-02
5.106418952e-02
5.130204186e-02
5.462083966e-02
5.604800582e-02
5.321628600e-02
4.882143065e-02
4.614830017e-02
4.370169342e-02
4.478908330e-02
5.004476011e-02
5.087162182e-02
5.006741360e-02
4.726968333e-02
4.262565821e-02
4.520817474e-02
5.226480588e-02
5.277450383e-02
4.208195955e-02
3.951075673e-02
4.346383736e-02
5.379394442e-02
5.727126077e-02
5.260461196e-02
4.580850899e-02
4.531011730e-02
4.849295318e-02
4.655606672e-02
4.618227854e-02
4.890072346e-02
5.400916189e-02
5.526639894e-02
4.837968946e-02
4.335057363e-02
4.279553518e-02
4.577450827e-02
4.589911178e-02
3.831011057e-02
3.994119167e-02
4.691856354e-02
4.651077837e-02
4.592176899e-02
4.723569751e-02
4.434731230e-02
4.271624610e-02
4.652211070e-02
4.664669186e-02
4.737160355e-02
4.321462288e-02
4.449455440e-02
4.969359189e-02
5.232140422e-02
4.705443233e-02
4.626156017e-02
5.015800521e-02
5.325024202e-02
4.955771565e-02
4.179880023e-02
3.833275288e-02
3.488938883e-02
3.911430389e-02
4.260298982e-02
4.110784456e-02
4.156091064e-02
4.527613521e-02
4.984089360e-02
5.363535136e-02
5.460945889e-02
4.980687425e-02
3.946546093e-02
3.186511248e-02
3.471949697e-02
4.214989766e-02
4.602369294e-02
4.396222159e-02
4.367905855e-02
4.646544531e-02
4.629554600e-02
4.610298201e-02
4.709975794e-02
5.438291654e-02
6.048806012e-02
6.379551440e-02
6.335381418e-02
6.471303105e-02
6.603828818e-02
6.991203874e-02
1.562794149e-01
6.564965248e-01
2.023544788e+00
4.351592064e+00
7.202265263e+00
9.881607056e+00
1.189894104e+01
1.310445595e+01
1.359486675e+01
1.358104992e+01
1.325430393e+01
1.277441692e+01
1.224719238e+01
1.171618557e+01
1.123585510e+01
1.080972385e+01
1.043887997e+01
1.011393070e+01
9.823894501e+00
9.571881294e+00
9.341527939e+00
9.137483597e+00
8.946749687e+00
8.764183998e+00
8.588219643e+00
8.424130440e+00
8.277482986e+00
8.169842720e+00
8.035267830e+00
7.822248936e+00
7.581513882e+00
7.360931396e+00
7.177244186e+00
7.029517174e+00
6.896639347e+00
6.770501137e+00
6.634695530e+00
6.505829811e+00
6.369880676e+00
6.239860058e+00
6.108005524e+00
5.988364220e+00
5.851603508e+00
5.717845440e+00
5.589069843e+00
5.459673405e+00
5.335203648e+00
5.215456009e+00
5.102051258e+00
4.988204956e+00
4.875934124e+00
4.769245148e+00
4.665083885e+00
4.555122852e+00
4.426473141e+00
4.305162907e+00
4.198393822e+00
4.106408596e+00
4.008306503e+00
3.917588472e+00
3.838198900e+00
3.748297691e+00
3.666043043e+00
3.590901375e+00
3.521481037e+00
3.440221071e+00
3.356923342e+00
3.280419827e+00
3.208381176e+00
3.141448498e+00
3.074074984e+00
3.002445221e+00
2.925093412e+00
2.857234478e+00
2.787051916e+00
2.723768711e+00
2.665060997e+00
2.599615574e+00
2.535109043e+00
2.467714787e+00
2.405044079e+00
2.345578194e+00
2.291028500e+00
2.236332178e+00
2.178779364e+00
2.126506090e+00
2.081855297e+00
2.036514044e+00
1.989688993e+00
1.946193099e+00
1.903558373e+00
1.862464070e+00
1.820962191e+00
1.777183414e+00
1.740631819e+00
1.707240701e+00
1.679863811e+00
1.642938018e+00
1.605684161e+00
1.564422011e+00
1.524574161e+00
1.494682074e+00
1.463861823e+00
1.427536726e+00
1.388810754e+00
1.355034113e+00
1.318708539e+00
1.291546822e+00
1.259933233e+00
1.225952625e+00
1.199096441e+00
1.173792124e+00
1.149632096e+00
1.125256777e+00
1.102931619e+00
1.082327843e+00
1.061294436e+00
1.044292569e+00
1.024572372e+00
9.986110926e-01
9.785742760e-01
9.650839567e-01
9.442201853e-01
9.267656803e-01
9.046781659e-01
8.846864700e-01
8.723967075e-01
8.598808646e-01
8.450993299e-01
8.220721483e-01
7.994867563e-01
7.799820304e-01
7.644305229e-01
7.559576631e-01
7.411082387e-01
7.216373086e-01
7.086792588e-01
6.965028048e-01
6.832166314e-01
6.706210375e-01
6.589884758e-01
6.522036791e-01
6.438218951e-01
6.324156523e-01
6.209301949e-01
6.115627885e-01
6.014137864e-01
5.874025822e-01
5.715787411e-01
5.625512600e-01
5.539090633e-01
5.460029244e-01
5.380852818e-01
5.306662917e-01
5.151596665e-01
5.066533089e-01
4.949299097e-01
4.846114218e-01
4.798427820e-01
4.688106179e-01
4.615613222e-01
4.530546665e-01
4.458619356e-01
4.354525805e-01
4.307973087e-01
4.324736893e-01
4.334478080e-01
4.205122292e-01
4.076786935e-01
4.025475979e-01
3.937806189e-01
3.873470426e-01
3.783199191e-01
3.698247373e-01
3.700285852e-01
3.713764846e-01
3.696208000e-01
3.599590063e-01
3.610237241e-01
3.637081981e-01
3.577162325e-01
3.483942151e-01
3.451320529e-01
3.396272063e-01
3.340317905e-01
3.356854916e-01
3.290818930e-01
3.316305280e-01
3.280058801e-01
3.213003874e-01
3.191255927e-01
3.226142228e-01
3.193181157e-01
3.112421632e-01
3.080253601e-01
3.041855991e-01
3.002891541e-01
3.018749058e-01
2.971628606e-01
2.897323966e-01
2.844767272e-01
2.826531231e-01
2.749167681e-01
2.766498029e-01
2.792662978e-01
2.759701610e-01
2.652776539e-01
2.562275529e-01
2.596255839e-01
2.597388923e-01
2.604184449e-01
2.573942244e-01
2.558991015e-01
2.566126585e-01
2.502016425e-01
2.484119534e-01
2.534071803e-01
2.581644356e-01
2.527162433e-01
2.475965023e-01
2.496353388e-01
2.516288757e-01
2.557518482e-01
2.550948560e-01
2.490236461e-01
2.410835922e-01
2.396224588e-01
2.376741618e-01
2.366774827e-01
2.391126454e-01
2.384897470e-01
2.324298471e-01
2.250675112e-01
2.265626341e-01
2.264266759e-01
2.294736505e-01
2.324979454e-01
2.247164100e-01
2.231420279e-01
2.241501063e-01
2.181242704e-01
2.130158246e-01
2.158588767e-01
2.200385481e-01
2.220773548e-01
2.202424556e-01
2.146581560e-01
2.101501822e-01
2.113054842e-01
2.162439525e-01
2.125627249e-01
2.150886059e-01
2.153944075e-01
2.126306444e-01
2.101161629e-01
2.087456137e-01
2.050190717e-01
1.961840689e-01
1.910188496e-01
1.900787503e-01
1.886742115e-01
1.908036768e-01
1.875528693e-01
1.833618879e-01
1.812437177e-01
1.799524575e-01
1.776304394e-01
1.856613755e-01
1.897388846e-01
1.854573786e-01
1.849249601e-01
1.850835383e-01
1.895577312e-01
1.860690564e-01
1.829881221e-01
1.810398400e-01
1.769848615e-01
1.749800146e-01
1.752518117e-01
1.781061739e-01
1.805754602e-01
1.770868301e-01
1.674477607e-01
1.705738753e-01
1.766790450e-01
1.761806309e-01
1.737227440e-01
1.730544418e-01
1.749460250e-01
1.759880483e-01
1.738812625e-01
1.740964800e-01
1.745382547e-01
1.749120206e-01
1.729184985e-01
1.744363010e-01
1.788764447e-01
1.800770611e-01
1.734508723e-01
1.704945713e-01
1.715253145e-01
1.641288549e-01
1.656919867e-01
1.689540744e-01
1.805415004e-01
1.811191738e-01
1.770187914e-01
1.685689986e-01
1.620673835e-01
1.642308235e-01
1.657032967e-01
1.673230380e-01
1.694978178e-01
1.751272231e-01
1.683085114e-01
1.632453948e-01
1.644573361e-01
1.658165753e-01
1.715026498e-01
1.721369326e-01
1.674249768e-01
1.593942195e-01
1.589978039e-01
1.639929712e-01
1.654880792e-01
1.678326875e-01
1.632340401e-01
1.593942493e-01
1.567890644e-01
1.589638144e-01
1.558489352e-01
1.569929421e-01
1.523036659e-01
1.480447054e-01
1.486677825e-01
1.520091891e-01
1.531418115e-01
1.485770643e-01
1.461191922e-01
1.491774321e-01
1.456774473e-01
1.476369649e-01
1.506385505e-01
1.521676928e-01
1.491774321e-01
1.448052526e-01
1.402065456e-01
1.421207786e-01
1.383490711e-01
1.361629814e-01
1.386321187e-01
1.390625238e-01
1.437178403e-01
1.483392119e-01
1.535722464e-01
1.546596438e-01
1.532211304e-01
1.554864645e-01
1.531758159e-01
1.463117898e-01
1.423021257e-01
1.420302689e-01
1.429477185e-01
1.525981128e-01
1.567663848e-01
1.537761092e-01
1.518732011e-01
1.535609215e-01
1.549880952e-01
1.507971287e-01
1.496644318e-01
1.482146233e-01
1.404671371e-01
1.386661828e-01
1.361856014e-01
1.393117905e-01
1.410221606e-01
1.395496875e-01
1.386208683e-01
1.389720291e-01
1.359590590e-01
1.334105581e-01
1.331727207e-01
1.321645975e-01
1.345659345e-01
1.348943859e-01
1.345885694e-01
1.337277144e-01
1.353814453e-01
1.367066950e-01
1.379413009e-01
1.424266845e-01
1.427891701e-01
1.465270072e-01
1.419736445e-01
1.409202367e-01
1.387001723e-01
1.338070184e-01
1.334105283e-01
1.356759071e-01
1.382130980e-01
1.406257302e-01
1.366160363e-01
1.319833845e-01
1.267390102e-01
1.282567978e-01
1.311677694e-01
1.314622909e-01
1.282907873e-01
1.282908171e-01
1.275545657e-01
1.275885105e-01
1.292082667e-01
1.254930794e-01
1.269768924e-01
1.290837079e-01
1.281095743e-01
1.249946654e-01
1.254930645e-01
1.260933578e-01
1.251759380e-01
1.268749535e-01
1.238166466e-01
1.147664115e-01
1.144039109e-01
1.203392372e-01
1.226047054e-01
1.225594059e-01
1.175075248e-01
1.154913008e-01
1.161142737e-01
1.158310622e-01
1.171223521e-01
1.158650592e-01
1.161935478e-01
1.140414625e-01
1.118440554e-01
1.143359840e-01
1.157065704e-01
1.150042862e-01
1.106660366e-01
1.118213758e-01
1.082873940e-01
1.087631434e-01
1.107000634e-01
1.095900610e-01
1.105187833e-01
1.131012887e-01
1.110624596e-01
1.085705757e-01
1.140074730e-01
1.150269583e-01
1.135204658e-01
1.089330316e-01
1.053084731e-01
1.061806083e-01
1.091708839e-01
1.161255836e-01
1.178019941e-01
1.192065105e-01
1.163181514e-01
1.088537276e-01
1.119346321e-01
1.152420864e-01
1.219136715e-01
1.186854541e-01
1.195576265e-01
1.214152500e-01
1.194217280e-01
1.191839203e-01
1.222875491e-01
1.180172265e-01
1.174395531e-01
1.222987622e-01
1.197389066e-01
1.252665073e-01
1.298652440e-01
1.227972955e-01
1.175188944e-01
1.125689968e-01
1.162729114e-01
1.180851981e-01
1.195463687e-01
1.204638332e-01
1.151174977e-01
1.138828844e-01
1.144718826e-01
1.101563275e-01
1.118214056e-01
1.130220294e-01
1.110964492e-01
1.116401479e-01
1.113343090e-01
1.072793156e-01
1.080155969e-01
1.110284999e-01
1.129654050e-01
1.121951416e-01
1.108472645e-01
1.083667055e-01
1.080382019e-01
1.126595810e-01
1.158538535e-01
1.124897674e-01
1.085705534e-01
1.077323630e-01
1.070074663e-01
1.117761210e-01
1.143133938e-01
1.170658916e-01
1.176888943e-01
1.138716638e-01
1.087971851e-01
1.082761660e-01
1.117421240e-01
1.132712513e-01
1.060446948e-01
1.005058438e-01
1.036773771e-01
1.122971773e-01
1.173376963e-01
1.209850088e-01
1.139395759e-01
1.156047285e-01
1.176549196e-01
1.199882627e-01
1.220157668e-01
1.220724061e-01
1.223102808e-01
1.232957169e-01
1.230012029e-01
1.206112131e-01
1.225140765e-01
1.220157295e-01
1.227632985e-01
1.212455183e-01
1.185950264e-01
1.129655913e-01
1.087066010e-01
1.171905249e-01
1.222196370e-01
1.174170226e-01
1.099864841e-01
1.080269367e-01
1.104395613e-01
1.102809981e-01
1.181192994e-01
1.251759380e-01
1.187989041e-01
1.116515025e-01
1.098958775e-01
1.144039258e-01
1.195917726e-01
1.170092523e-01
1.040851921e-01
9.683605283e-02
9.713052958e-02
1.046514958e-01
1.129428148e-01
1.142793372e-01
1.186515912e-01
1.185156927e-01
1.179493591e-01
1.190140322e-01
1.170317382e-01
1.185269132e-01
1.211095154e-01
1.193991005e-01
1.180398986e-01
1.185383797e-01
1.140415221e-01
1.230351776e-01
1.319380701e-01
1.295254230e-01
1.254364103e-01
1.240092218e-01
1.232616827e-01
1.206225529e-01
1.276904494e-01
1.297179610e-01
1.224461496e-01
1.212228835e-01
1.207018346e-01
1.228766069e-01
1.224008724e-01
1.276451647e-01
1.307260394e-01
1.239865646e-01
1.164089441e-01
1.137470528e-01
1.138490364e-01
1.169752851e-01
1.231710389e-01
1.198749766e-01
1.206225455e-01
1.227066368e-01
1.240431964e-01
1.229218692e-01
1.194785908e-01
1.167600900e-01
1.162163168e-01
1.178701296e-01
1.173150241e-01
1.183231100e-01
1.171337366e-01
1.129201055e-01
1.111078113e-01
1.083893701e-01
1.110399142e-01
1.100431904e-01
1.132373437e-01
1.127955914e-01
1.115043238e-01
1.096467003e-01
1.034055576e-01
1.018311158e-01
1.059994027e-01
1.103942692e-01
1.081742197e-01
1.102357060e-01
1.115270406e-01
1.066677719e-01
1.068376675e-01
1.067696884e-01
1.069509014e-01
1.078230888e-01
1.127730086e-01
1.150723770e-01
1.122745275e-01
1.159331724e-01
1.173943803e-01
1.182552353e-01
1.219137609e-01
1.201921552e-01
1.153668910e-01
1.168506891e-01
1.169412211e-01
1.103489920e-01
1.065771058e-01
1.017971337e-01
1.013214067e-01
1.032130122e-01
1.039152965e-01
1.072340533e-01
1.088424399e-01
1.118328869e-01
1.139849201e-01
1.090690047e-01
1.086838841e-01
1.145739034e-01
1.108360216e-01
1.098732278e-01
1.109832972e-01
1.177341193e-01
1.230351999e-01
1.210189536e-01
1.189461350e-01
1.141773835e-01
1.140641868e-01
1.144039854e-01
1.155593470e-01
1.190366596e-01
1.204751953e-01
1.222309321e-01
1.199315414e-01
1.184590459e-01
1.120479777e-01
1.154800653e-01
1.153554469e-01
1.155819669e-01
1.194445342e-01
1.212568581e-01
1.127842590e-01
1.047307849e-01
1.033829078e-01
1.101111099e-01
1.119007394e-01
1.108020395e-01
1.066110730e-01
1.044816077e-01
1.045268625e-01
1.096240431e-01
1.110965535e-01
1.159785017e-01
1.115949899e-01
1.069849059e-01
1.065544561e-01
1.029524878e-01
1.025900021e-01
1.018537506e-01
1.042550653e-01
1.032016426e-01
1.021369249e-01
1.053877622e-01
1.075851098e-01
1.043909639e-01
9.897670895e-02
9.649623185e-02
9.549951553e-02
9.895411879e-02
1.007550731e-01
9.764020890e-02
1.010722518e-01
1.032583266e-01
1.048440710e-01
1.039945707e-01
1.058974490e-01
1.012081355e-01
9.230524302e-02
9.563533217e-02
9.737970680e-02
9.723247588e-02
9.869368374e-02
1.030091941e-01
1.015140638e-01
1.057502255e-01
1.016386151e-01
9.560139477e-02
9.882955253e-02
1.023068205e-01
1.109265387e-01
1.069734916e-01
9.671150148e-02
9.372105449e-02
9.441200644e-02
9.703996778e-02
9.895421565e-02
9.587329626e-02
9.215799719e-02
9.856909513e-02
9.999624640e-02
1.002567187e-01
9.733434021e-02
9.648484737e-02
9.973568469e-02
9.853502363e-02
9.793470055e-02
9.957707673e-02
1.043229625e-01
1.047647148e-01
1.030204371e-01
1.044589356e-01
9.786675870e-02
9.103657305e-02
8.981327713e-02
9.452523291e-02
9.626964480e-02
9.675672650e-02
9.773080796e-02
9.100259095e-02
9.247512370e-02
8.993794769e-02
8.663050830e-02
8.226966858e-02
8.537320793e-02
9.219191223e-02
9.531812370e-02
9.821786731e-02
9.079877287e-02
8.596219867e-02
8.976802975e-02
9.607704729e-02
9.390231222e-02
9.553343803e-02
9.565806389e-02
9.283763170e-02
9.087807685e-02
8.503340185e-02
8.093310148e-02
7.502047718e-02
8.096707612e-02
9.024375677e-02
9.318874031e-02
