5.968149684e-02
5.915332463e-02
5.843856984e-02
5.812281471e-02
5.749130445e-02
5.739370741e-02
5.727027586e-02
5.714110331e-02
5.625411845e-02
5.430217766e-02
5.361612788e-02
5.328602024e-02
5.324296273e-02
5.267173300e-02
5.263728698e-02
5.202874073e-02
5.148047501e-02
5.149195702e-02
5.092933879e-02
5.088341077e-02
5.103841783e-02
5.097239631e-02
5.058774915e-02
5.035523856e-02
5.038681407e-02
4.990744037e-02
4.924722511e-02
4.928454162e-02
4.881952043e-02
4.821384469e-02
4.759381644e-02
4.829995972e-02
4.905777203e-02
4.873053490e-02
4.765122646e-02
4.628199740e-02
4.531750901e-02
4.451089818e-02
4.444200616e-02
4.471183327e-02
4.456830821e-02
4.459414272e-02
4.475776128e-02
4.501610639e-02
4.520555947e-02
4.513666744e-02
4.515676095e-02
4.400568998e-02
4.326223018e-02
4.336843872e-02
4.293499305e-02
4.198198666e-02
4.098879326e-02
4.056970009e-02
4.073618915e-02
4.036876500e-02
4.053238357e-02
3.950761465e-02
3.868665132e-02
3.888471590e-02
3.888184540e-02
3.869813333e-02
3.750974584e-02
3.629265335e-02
3.567549560e-02
3.494351780e-02
3.525927293e-02
3.514732339e-02
3.472535971e-02
3.447562611e-02
3.362308727e-02
3.361160526e-02
3.241173578e-02
3.202134762e-02
3.190939807e-02
3.143289488e-02
3.094203918e-02
3.038516195e-02
3.017274487e-02
2.923122049e-02
2.923122049e-02
2.938048655e-02
2.892694736e-02
2.802561000e-02
2.725918619e-02
2.717881215e-02
2.792227195e-02
2.822080408e-02
2.724770418e-02
2.718168265e-02
2.741993425e-02
2.635497832e-02
2.639516533e-02
2.635497832e-02
2.623441727e-02
2.569476305e-02
2.539910143e-02
2.580958310e-02
2.558568401e-02
2.524983537e-02
2.591866214e-02
2.608802171e-02
2.599903617e-02
2.614543173e-02
2.626025178e-02
2.658748891e-02
2.632340281e-02
2.551105098e-02
2.545651145e-02
2.560003651e-02
2.614830223e-02
2.576652558e-02
2.601051818e-02
2.587273412e-02
2.535030291e-02
2.481064869e-02
2.524696487e-02
2.537039642e-02
2.562300052e-02
2.498574926e-02
2.502880678e-02
2.385190130e-02
2.360503820e-02
2.283861439e-02
2.237646370e-02
2.271805334e-02
2.294482293e-02
2.273814685e-02
2.270944184e-02
2.212098910e-02
2.268647783e-02
2.285009640e-02
2.187986700e-02
2.179949297e-02
2.206644958e-02
2.205496757e-02
2.123400424e-02
2.012312029e-02
1.953179705e-02
1.866203520e-02
1.852138064e-02
1.900075433e-02
1.901797734e-02
1.854434465e-02
1.877685524e-02
1.902658885e-02
1.892038030e-02
1.865629419e-02
1.884861777e-02
1.933660297e-02
1.999394774e-02
1.971263862e-02
1.953466755e-02
1.927919295e-02
1.888306379e-02
1.819988451e-02
1.843239510e-02
1.797024442e-02
1.815969749e-02
1.851851014e-02
1.824007153e-02
1.876824374e-02
1.921891242e-02
1.892899181e-02
1.813386298e-02
1.837211458e-02
1.835776207e-02
1.824581253e-02
1.798746742e-02
1.772912232e-02
1.697131001e-02
1.584894406e-02
1.548439041e-02
1.620488620e-02
1.632831775e-02
1.606423164e-02
1.623359121e-02
1.603265613e-02
1.542698038e-02
1.520021079e-02
1.560208096e-02
1.524039781e-02
1.487010316e-02
1.444526899e-02
1.422998140e-02
1.456295953e-02
1.435915395e-02
1.315928446e-02
1.291242136e-02
1.252203321e-02
1.235267364e-02
1.283778833e-02
1.294973788e-02
1.230961612e-02
1.300140690e-02
1.177283240e-02
1.121882568e-02
1.105520711e-02
9.556805503e-03
1.047536588e-02
1.077389800e-02
9.510877484e-03
9.189381354e-03
8.641115632e-03
8.896590235e-03
8.684173149e-03
9.605604023e-03
9.995992181e-03
1.053851690e-02
1.122456668e-02
1.147142978e-02
1.133651623e-02
1.109826463e-02
1.077102750e-02
1.113845164e-02
1.089445905e-02
1.017396325e-02
9.453467461e-03
9.352999920e-03
8.968352764e-03
8.707137158e-03
9.404668941e-03
1.003330870e-02
1.026007829e-02
9.602733522e-03
9.459208464e-03
9.680237053e-03
9.757740585e-03
1.035767533e-02
1.100927909e-02
1.131929322e-02
1.073371098e-02
1.061889093e-02
1.065907795e-02
1.100927909e-02
1.066481895e-02
1.016248125e-02
1.079973251e-02
1.214599755e-02
1.167236486e-02
1.124466019e-02
1.068491246e-02
1.057009241e-02
1.051842339e-02
1.032035881e-02
9.961546167e-03
9.731906074e-03
9.927100153e-03
9.823762111e-03
1.012803523e-02
1.033184082e-02
1.861610718e-02
1.630281503e-01
9.238717070e-01
2.762384645e+00
5.525862045e+00
8.564204283e+00
1.130966068e+01
1.340696939e+01
1.479088106e+01
1.554443641e+01
1.580000000e+01
1.568797582e+01
1.532591090e+01
1.481625629e+01
1.424285933e+01
1.366268798e+01
1.311114702e+01
1.260745444e+01
1.215687474e+01
1.176058196e+01
1.140853509e+01
1.109687329e+01
1.081639089e+01
1.056074979e+01
1.032190974e+01
1.009568268e+01
9.874100079e+00
9.656418494e+00
9.449466842e+00
9.286029117e+00
9.138402113e+00
8.966140467e+00
8.770122554e+00
8.573214786e+00
8.386201635e+00
8.209456267e+00
8.036253097e+00
7.868176642e+00
7.701945920e+00
7.540428560e+00
7.383831240e+00
7.231841074e+00
7.081090964e+00
6.934752815e+00
6.792229561e+00
6.650972199e+00
6.512866647e+00
6.376081526e+00
6.242106625e+00
6.108025515e+00
5.976639806e+00
5.846098025e+00
5.712840749e+00
5.590919083e+00
5.493855957e+00
5.398911260e+00
5.292774480e+00
5.178298893e+00
5.061455143e+00
4.950587777e+00
4.846408678e+00
4.742769233e+00
4.641741945e+00
4.542241763e+00
4.445241788e+00
4.350960177e+00
4.258607543e+00
4.170715668e+00
4.083303166e+00
3.999306561e+00
3.916039063e+00
3.836485994e+00
3.758210298e+00
3.683201232e+00
3.607750109e+00
3.535712012e+00
3.463682526e+00
3.390266588e+00
3.319566144e+00
3.254285207e+00
3.191653742e+00
3.132578828e+00
3.076127552e+00
3.019989161e+00
2.961961980e+00
2.905823589e+00
2.849134061e+00
2.793756353e+00
2.739483787e+00
2.687332522e+00
2.632224641e+00
2.581764101e+00
2.532580934e+00
2.483285817e+00
2.436163670e+00
2.390479644e+00
2.345714178e+00
2.301244374e+00
2.258138058e+00
2.218611257e+00
2.177987925e+00
2.139586360e+00
2.100467170e+00
2.062476087e+00
2.025923126e+00
1.990736522e+00
1.954258194e+00
1.922702774e+00
1.894017856e+00
1.863243213e+00
1.832910627e+00
1.800924633e+00
1.769633300e+00
1.737965931e+00
1.706683209e+00
1.676838608e+00
1.645429585e+00
1.615917962e+00
1.587597598e+00
1.561361217e+00
1.534338319e+00
1.510246203e+00
1.484311225e+00
1.460566439e+00
1.438417652e+00
1.415786621e+00
1.395230962e+00
1.374379642e+00
1.353379055e+00
1.333107576e+00
1.313051384e+00
1.293655408e+00
1.274374252e+00
1.258638164e+00
1.242313624e+00
1.226942090e+00
1.211286377e+00
1.196529131e+00
1.178000046e+00
1.161572167e+00
1.145939418e+00
1.128426490e+00
1.112736331e+00
1.096876812e+00
1.080974236e+00
1.065482141e+00
1.050811009e+00
1.037962646e+00
1.023170954e+00
1.010184806e+00
9.958983222e-01
9.831676495e-01
9.700092722e-01
9.598735326e-01
9.474270395e-01
9.369726743e-01
9.261882014e-01
9.124212778e-01
9.024434158e-01
8.942022069e-01
8.855218114e-01
8.761524956e-01
8.652474617e-01
8.561881600e-01
8.456878667e-01
8.365912485e-01
8.264583794e-01
8.168192365e-01
8.067638709e-01
7.981724610e-01
7.866445283e-01
7.776885646e-01
7.693554998e-01
7.589987316e-01
7.512340259e-01
7.431822701e-01
7.360691683e-01
7.290565339e-01
7.218860220e-01
7.169688535e-01
7.109522831e-01
7.050046047e-01
6.975786181e-01
6.921677235e-01
6.875117706e-01
6.850287871e-01
6.790954611e-01
6.743419112e-01
6.694620592e-01
6.630149136e-01
6.572710408e-01
6.517108800e-01
6.457890361e-01
6.394825451e-01
6.331272555e-01
6.270819800e-01
6.194062599e-01
6.141561133e-01
6.081998234e-01
6.025363246e-01
5.960518625e-01
5.919872328e-01
5.854568427e-01
5.814438820e-01
5.788719130e-01
5.745690317e-01
5.718334441e-01
5.674731529e-01
5.634487102e-01
5.589678579e-01
5.560169827e-01
5.550180483e-01
5.504309874e-01
5.480111550e-01
5.439120793e-01
5.406339670e-01
5.363282152e-01
5.330242684e-01
5.270421440e-01
5.238329237e-01
5.189559422e-01
5.124226815e-01
5.079619227e-01
5.043996308e-01
5.014544966e-01
4.982481468e-01
4.948035454e-01
4.929090146e-01
4.887754929e-01
4.870790267e-01
4.863212144e-01
4.853768196e-01
4.818547146e-01
4.802558455e-01
4.770035677e-01
4.771614452e-01
4.775690564e-01
4.747301307e-01
4.731111681e-01
4.702980769e-01
4.669769071e-01
4.633227591e-01
4.595049926e-01
4.575243468e-01
4.525727322e-01
4.507126475e-01
4.469436795e-01
4.437287182e-01
4.401147572e-01
4.391473983e-01
4.346521935e-01
4.329672093e-01
4.312305561e-01
4.278720697e-01
4.249786045e-01
4.229663832e-01
4.218641108e-01
4.198748535e-01
4.165996116e-01
4.153021451e-01
4.126785071e-01
4.131693628e-01
4.123483994e-01
4.125062770e-01
4.106203577e-01
4.101295020e-01
4.063949800e-01
4.051463120e-01
4.034613278e-01
3.989661230e-01
3.966123120e-01
3.940317315e-01
3.910291873e-01
3.880668301e-01
3.855178250e-01
3.855034725e-01
3.830893811e-01
3.828597410e-01
3.810656777e-01
3.798629377e-01
3.778248819e-01
3.785109317e-01
3.754825530e-01
3.734789432e-01
3.730483680e-01
3.708179886e-01
3.696812701e-01
3.690698534e-01
3.692076374e-01
3.682890770e-01
3.670490205e-01
3.675714518e-01
3.649392022e-01
3.651343963e-01
3.631508800e-01
3.610611551e-01
3.569391154e-01
3.562674182e-01
3.527567952e-01
3.519329614e-01
3.517521198e-01
3.483878925e-01
3.468866204e-01
3.457412904e-01
3.442802053e-01
3.428765302e-01
3.434908175e-01
3.436774001e-01
3.410336685e-01
3.400376046e-01
3.385133685e-01
3.385305915e-01
3.376436066e-01
3.381689083e-01
3.359643634e-01
3.355768458e-01
3.356256443e-01
3.332000708e-01
3.321437264e-01
3.305391162e-01
3.284522619e-01
3.260324294e-01
3.233427698e-01
3.228260796e-01
3.205641247e-01
3.200503050e-01
3.181529037e-01
3.176017675e-01
3.162267974e-01
3.179089111e-01
3.155522297e-01
3.160430854e-01
3.174611129e-01
3.158593733e-01
3.141858711e-01
3.129314621e-01
3.114330605e-01
3.103508815e-01
3.101241119e-01
3.113412044e-01
3.078793800e-01
3.083960702e-01
3.069866542e-01
3.063608849e-01
3.042338436e-01
3.038893834e-01
3.012628749e-01
3.004304295e-01
2.994458476e-01
2.967504470e-01
2.960098577e-01
2.951688009e-01
2.942818160e-01
2.924159903e-01
2.909606462e-01
2.913395523e-01
2.894995611e-01
2.903033014e-01
2.894306691e-01
2.877026274e-01
2.857104995e-01
2.858655066e-01
2.838733788e-01
2.849096297e-01
2.864051608e-01
2.851909388e-01
2.853287229e-01
2.852024208e-01
2.843096950e-01
2.827969409e-01
2.808564821e-01
2.801532093e-01
2.774348447e-01
2.769899170e-01
2.747738901e-01
2.745614730e-01
2.746361061e-01
2.757843065e-01
2.728965823e-01
2.726956473e-01
2.736773587e-01
2.720583960e-01
2.727473163e-01
2.743691494e-01
2.736543947e-01
2.714584613e-01
2.702270163e-01
2.708470445e-01
2.687286147e-01
2.693687364e-01
2.686798161e-01
2.682865575e-01
2.670637240e-01
2.680511764e-01
2.655337469e-01
2.645721290e-01
2.641788703e-01
2.607428804e-01
2.600051616e-01
2.592617018e-01
2.587938101e-01
2.582656379e-01
2.571863295e-01
2.569653009e-01
2.547464035e-01
2.549100220e-01
2.533111529e-01
2.530700308e-01
2.527198297e-01
2.538077496e-01
2.493240268e-01
2.475270931e-01
2.477796972e-01
2.460975835e-01
2.462784250e-01
2.466515902e-01
2.473720860e-01
2.468668778e-01
2.466458492e-01
2.472974530e-01
2.452421741e-01
2.452766201e-01
2.429027157e-01
2.423774140e-01
2.414961701e-01
2.417085872e-01
2.373655189e-01
2.367971597e-01
2.383845468e-01
2.370641163e-01
2.369406848e-01
2.362201890e-01
2.351638445e-01
2.341390756e-01
2.342309317e-01
2.348710534e-01
2.316187756e-01
2.320321278e-01
2.321526888e-01
2.327755876e-01
2.339381405e-01
2.354537652e-01
2.337027594e-01
2.337773925e-01
2.346127083e-01
2.322100988e-01
2.319000847e-01
2.309556898e-01
2.295060867e-01
2.273847864e-01
2.253467306e-01
2.251400545e-01
2.234435883e-01
2.236301709e-01
2.221776973e-01
2.212677484e-01
2.195913757e-01
2.203262240e-01
2.181877006e-01
2.193445126e-01
2.193732176e-01
2.175131329e-01
2.163075224e-01
2.164194719e-01
2.162816879e-01
2.164510474e-01
2.166720760e-01
2.180901036e-01
2.166864285e-01
2.174872984e-01
2.173437733e-01
2.168672701e-01
2.163075224e-01
2.172260828e-01
2.144847541e-01
2.140541790e-01
2.140025100e-01
2.114420229e-01
2.115051739e-01
2.115051739e-01
2.114276704e-01
2.114075769e-01
2.105837431e-01
2.113702604e-01
2.104287360e-01
2.112611813e-01
2.093781326e-01
2.086346728e-01
2.072625732e-01
2.093006290e-01
2.074979543e-01
2.086949533e-01
2.095388806e-01
2.070989546e-01
2.071046957e-01
2.068463505e-01
2.056694451e-01
2.034591592e-01
2.011914633e-01
2.009158951e-01
1.989811774e-01
1.995495366e-01
1.975200923e-01
1.963632803e-01
1.953471229e-01
1.963517983e-01
1.938458508e-01
1.933349016e-01
1.930019234e-01
1.913628673e-01
1.916901044e-01
1.903524509e-01
1.880646614e-01
1.868992380e-01
1.868676624e-01
1.886961717e-01
1.878953019e-01
1.885813516e-01
1.882770785e-01
1.892358259e-01
1.891611929e-01
1.906423715e-01
1.877173308e-01
1.879326184e-01
1.882340210e-01
1.863308787e-01
1.856620520e-01
1.856276059e-01
1.850104482e-01
1.846229305e-01
1.846659880e-01
1.851683258e-01
1.835952911e-01
1.849702612e-01
1.856764045e-01
1.867528424e-01
1.860122531e-01
1.862935622e-01
1.848152541e-01
1.865002383e-01
1.879814169e-01
1.869767415e-01
1.870714680e-01
1.876283453e-01
1.868992380e-01
1.864887563e-01
1.856591815e-01
1.861127206e-01
1.836297371e-01
1.829637809e-01
1.818758609e-01
1.811352716e-01
1.795880715e-01
1.802769918e-01
1.777251162e-01
1.766917358e-01
1.764161677e-01
1.742862558e-01
1.739303137e-01
1.734021415e-01
1.736375226e-01
1.727562787e-01
1.718319773e-01
1.720013369e-01
1.710512010e-01
1.715277042e-01
1.715793732e-01
1.721333800e-01
1.723429265e-01
1.738212346e-01
1.719439269e-01
1.714588122e-01
1.720616174e-01
1.699919861e-01
1.699919861e-01
1.701871802e-01
1.689040662e-01
1.674630746e-01
1.668717513e-01
1.681462538e-01
1.659388385e-01
1.659905075e-01
1.638806891e-01
1.632233443e-01
1.630482438e-01
1.646298899e-01
1.633726104e-01
1.628932367e-01
1.622129279e-01
1.604274762e-01
1.606140588e-01
1.609212024e-01
1.610216700e-01
1.612053820e-01
1.608781449e-01
1.624597910e-01
1.612025115e-01
1.625860931e-01
1.613374251e-01
1.613690006e-01
1.598505055e-01
1.601949656e-01
1.572756659e-01
1.564518321e-01
1.564834076e-01
1.551342721e-01
1.543534958e-01
1.535727194e-01
1.526082310e-01
1.524245190e-01
1.517786562e-01
1.527259216e-01
1.511844625e-01
1.515375341e-01
1.512131675e-01
1.519221813e-01
1.521546919e-01
1.537047625e-01
1.521719149e-01
1.526455476e-01
1.539315321e-01
1.526197130e-01
1.522637709e-01
1.518877352e-01
1.513739155e-01
1.513107645e-01
1.509576929e-01
1.515088291e-01
1.500592260e-01
1.506448082e-01
1.500678375e-01
1.497693054e-01
1.488392630e-01
1.509232469e-01
1.488019465e-01
1.491090901e-01
1.500506145e-01
1.485723064e-01
1.479293141e-01
1.475762425e-01
1.472231709e-01
1.472834514e-01
1.468213007e-01
1.487043495e-01
1.479006091e-01
1.487732415e-01
1.477255086e-01
1.480642277e-01
1.479293141e-01
1.492038167e-01
1.464022075e-01
1.468901927e-01
1.477312496e-01
1.459974669e-01
1.457506038e-01
1.452511366e-01
1.443411877e-01
1.429576061e-01
1.422744268e-01
1.425385130e-01
1.394297602e-01
1.401847020e-01
1.409281618e-01
1.414907800e-01
1.400239539e-01
1.409683488e-01
1.397512563e-01
1.402478530e-01
1.413041975e-01
1.404344356e-01
1.412238234e-01
1.418266287e-01
1.415568016e-01
1.400440474e-01
1.396192133e-01
1.404832341e-01
1.386288904e-01
1.393149401e-01
1.388039909e-01
1.382097972e-01
1.369611292e-01
1.369754817e-01
1.343231386e-01
1.342198006e-01
1.347881598e-01
1.334361538e-01
1.342628581e-01
1.353708715e-01
1.360425688e-01
1.343661961e-01
1.332266072e-01
1.342915631e-01
1.322649893e-01
1.332093842e-01
1.331232691e-01
1.338552469e-01
1.337260744e-01
1.351613250e-01
1.334074488e-01
1.337318154e-01
1.343891602e-01
1.332754057e-01
1.330515066e-01
1.325003704e-01
1.317396876e-01
1.307292712e-01
1.302412860e-01
1.317454286e-01
1.301465594e-01
1.302929550e-01
1.304709261e-01
1.307407532e-01
1.308268682e-01
1.327357515e-01
1.290844740e-01
1.290127115e-01
1.300001639e-01
1.290902150e-01
1.294318046e-01
1.300030344e-01
1.311225298e-01
1.310249328e-01
1.314181914e-01
1.322334138e-01
1.310392853e-01
1.319664572e-01
1.307981632e-01
1.300231279e-01
1.281802661e-01
1.291189200e-01
1.271612382e-01
1.269890081e-01
1.276032954e-01
1.260072967e-01
1.257489516e-01
1.264292604e-01
1.261938793e-01
1.259441457e-01
1.258867357e-01
1.267737206e-01
1.249337293e-01
1.246868662e-01
1.239347949e-01
1.241386005e-01
1.240639675e-01
1.259527572e-01
1.244514851e-01
1.251604989e-01
1.261077643e-01
1.247902043e-01
1.244112981e-01
1.243969456e-01
1.242878666e-01
1.237396008e-01
1.226114939e-01
1.232487451e-01
1.208576177e-01
1.215752430e-01
1.210528117e-01
1.212881928e-01
1.204787115e-01
1.219397966e-01
1.202060139e-01
1.206652941e-01
1.216814515e-01
1.203667620e-01
1.204012080e-01
1.211102218e-01
1.217560845e-01
1.215178329e-01
1.212939338e-01
1.230793856e-01
1.225311198e-01
