1.837758161e-02
1.807303727e-02
1.756155305e-02
1.770406589e-02
1.738389395e-02
1.728433371e-02
1.712229662e-02
1.698759571e-02
1.710082218e-02
1.676503569e-02
1.682165079e-02
1.671622507e-02
1.708129980e-02
1.637459733e-02
1.578697376e-02
1.577525958e-02
1.589825191e-02
1.575378515e-02
1.584163681e-02
1.547265891e-02
1.500607282e-02
1.511735003e-02
1.536138169e-02
1.480499096e-02
1.470347401e-02
1.443406474e-02
1.433840301e-02
1.412756089e-02
1.399480831e-02
1.426421665e-02
1.456876658e-02
1.412560977e-02
1.436768938e-02
1.420369837e-02
1.387181692e-02
1.379763056e-02
1.373710763e-02
1.356726605e-02
1.355360262e-02
1.348527614e-02
1.313972566e-02
1.307919994e-02
1.304796431e-02
1.309286989e-02
1.326466631e-02
1.296011638e-02
1.307920273e-02
1.282346342e-02
1.314167585e-02
1.319438871e-02
1.336033177e-02
1.322758291e-02
1.281760074e-02
1.246229466e-02
1.209916919e-02
1.253062394e-02
1.245644130e-02
1.228853874e-02
1.230415981e-02
1.283517200e-02
1.277074777e-02
1.283712592e-02
1.293473784e-02
1.326466724e-02
1.339741703e-02
1.338570565e-02
1.299330313e-02
1.305186935e-02
1.308310684e-02
1.317681279e-02
1.271022391e-02
1.276684552e-02
1.220068987e-02
1.191175729e-02
1.214016974e-02
1.238224749e-02
1.261847466e-02
1.303431019e-02
1.274341810e-02
1.262432709e-02
1.270242129e-02
1.279027201e-02
1.336032804e-02
1.318071969e-02
1.305577811e-02
1.279808115e-02
1.248376723e-02
1.228073332e-02
1.201718021e-02
1.199375093e-02
1.225730032e-02
1.199179702e-02
1.181219053e-02
1.165015344e-02
1.169505715e-02
1.167358272e-02
1.228854433e-02
1.232368406e-02
1.188442670e-02
1.168138999e-02
1.144712325e-02
1.162477490e-02
1.214797888e-02
1.181804668e-02
1.137098204e-02
1.160330232e-02
1.173605490e-02
1.148421410e-02
1.182390377e-02
1.160525065e-02
1.164429728e-02
1.185904164e-02
1.167357992e-02
1.161696576e-02
1.190394815e-02
1.184733491e-02
1.233539637e-02
1.252085902e-02
1.220068987e-02
1.252476592e-02
1.262237690e-02
1.264385134e-02
1.302453969e-02
1.259699930e-02
1.227097027e-02
1.259114314e-02
1.275513135e-02
1.271413174e-02
1.279808115e-02
1.287031174e-02
1.268485002e-02
1.326466724e-02
1.324514486e-02
1.295816526e-02
1.278246101e-02
1.242129412e-02
1.272975188e-02
1.267508976e-02
1.258528605e-02
1.270632539e-02
1.287812646e-02
1.241153572e-02
1.224169042e-02
1.275317650e-02
1.294644922e-02
1.332323346e-02
1.329785213e-02
1.323342789e-02
1.293473784e-02
1.329199318e-02
1.295230445e-02
1.304015331e-02
1.290935278e-02
1.281954907e-02
1.308115106e-02
1.269265357e-02
1.294059120e-02
1.326466352e-02
1.285273768e-02
1.300306153e-02
1.283126511e-02
1.277269982e-02
1.295620855e-02
1.292887796e-02
1.261456404e-02
1.297573093e-02
1.284102444e-02
1.291130669e-02
1.259308867e-02
1.256185304e-02
1.218507811e-02
1.241543610e-02
1.224950142e-02
1.285078749e-02
1.361606829e-02
1.384057663e-02
1.373905875e-02
1.377029624e-02
1.420174073e-02
1.443601027e-02
1.438720431e-02
1.400065981e-02
1.408070233e-02
1.405922696e-02
1.421735808e-02
1.446724590e-02
1.422712021e-02
1.390499901e-02
1.426030975e-02
1.444968022e-02
1.404556073e-02
1.432278007e-02
1.391281188e-02
1.439502090e-02
1.446529757e-02
1.443991810e-02
1.440868247e-02
1.508611254e-02
1.489674952e-02
1.443210896e-02
1.528329775e-02
1.522667985e-02
1.509587746e-02
1.572254859e-02
1.558589190e-02
1.547461748e-02
1.563079469e-02
1.607004926e-02
1.582016237e-02
1.622816734e-02
1.628673449e-02
1.609152183e-02
1.605052501e-02
1.606419683e-02
1.592558436e-02
1.652490906e-02
1.669474691e-02
1.629844867e-02
1.620280743e-02
1.610909589e-02
1.589043625e-02
1.663619094e-02
1.654247940e-02
1.664985344e-02
1.664399169e-02
1.668499224e-02
1.640582271e-02
1.670842059e-02
1.660105027e-02
1.674160920e-02
1.670647226e-02
1.727456786e-02
1.698954031e-02
1.697978377e-02
1.679432020e-02
1.678846404e-02
1.663618349e-02
1.654638350e-02
1.629064791e-02
1.641949452e-02
1.656591147e-02
1.662251912e-02
1.653663069e-02
1.666743122e-02
1.705787331e-02
1.677870192e-02
1.696415804e-02
1.702663302e-02
1.720819250e-02
1.706567779e-02
2.455447428e-02
1.861927807e-01
8.782352209e-01
2.215201616e+00
3.889517546e+00
5.538249969e+00
6.978034496e+00
8.173925400e+00
9.153502464e+00
9.938313484e+00
1.053672409e+01
1.096109486e+01
1.122766781e+01
1.136584377e+01
1.139743328e+01
1.133921909e+01
1.121313095e+01
1.103519821e+01
1.082423210e+01
1.059471130e+01
1.035811329e+01
1.015270138e+01
1.000424480e+01
9.912542343e+00
9.842331886e+00
9.771592140e+00
9.685862541e+00
9.587879181e+00
9.470969200e+00
9.342597008e+00
9.201488495e+00
9.044572830e+00
8.878968239e+00
8.705301285e+00
8.524554253e+00
8.339266777e+00
8.150357246e+00
7.964082241e+00
7.775837898e+00
7.593511581e+00
7.414340973e+00
7.245928764e+00
7.086224079e+00
6.937527180e+00
6.789893150e+00
6.648251057e+00
6.509629726e+00
6.370797634e+00
6.234527588e+00
6.099828720e+00
5.966313362e+00
5.833989143e+00
5.702546597e+00
5.574576378e+00
5.445011616e+00
5.320022106e+00
5.195719719e+00
5.074065685e+00
4.954245567e+00
4.839315414e+00
4.723298073e+00
4.613471508e+00
4.507153034e+00
4.400487423e+00
4.298696041e+00
4.198810577e+00
4.100924969e+00
4.005068302e+00
3.910693645e+00
3.820176363e+00
3.728159428e+00
3.640897512e+00
3.553669691e+00
3.469748974e+00
3.386723995e+00
3.308500528e+00
3.226899862e+00
3.150971413e+00
3.076604128e+00
3.001374722e+00
2.930117846e+00
2.860589027e+00
2.792249680e+00
2.725908041e+00
2.660742283e+00
2.598960638e+00
2.535909414e+00
2.476323843e+00
2.417099476e+00
2.360043287e+00
2.303560257e+00
2.250375986e+00
2.195548296e+00
2.144212484e+00
2.094555616e+00
2.043254375e+00
1.995170593e+00
1.947918892e+00
1.901689768e+00
1.856633306e+00
1.812135696e+00
1.770373702e+00
1.727125883e+00
1.686494946e+00
1.645435333e+00
1.606303692e+00
1.567130208e+00
1.532184839e+00
1.493723631e+00
1.458547473e+00
1.424859047e+00
1.389849901e+00
1.356837034e+00
1.325179338e+00
1.293301940e+00
1.262311935e+00
1.231247306e+00
1.204355121e+00
1.174419165e+00
1.147705078e+00
1.119527698e+00
1.093527913e+00
1.067026496e+00
1.043801188e+00
1.016880274e+00
9.935937524e-01
9.713361263e-01
9.468354583e-01
9.246402383e-01
9.031228423e-01
8.815364838e-01
8.603855371e-01
8.396451473e-01
8.214366436e-01
8.006097674e-01
7.826024294e-01
7.626992464e-01
7.455603480e-01
7.266507745e-01
7.111872435e-01
6.926446557e-01
6.773079634e-01
6.626443863e-01
6.457833052e-01
6.309929490e-01
6.165246367e-01
6.023651958e-01
5.883755088e-01
5.739267468e-01
5.623991489e-01
5.476364493e-01
5.357488394e-01
5.228541493e-01
5.115562677e-01
4.985152483e-01
4.891465306e-01
4.759474993e-01
4.653292894e-01
4.557338059e-01
4.435907602e-01
4.336792231e-01
4.245914519e-01
4.146019816e-01
4.042317569e-01
3.944178522e-01
3.865873814e-01
3.761897087e-01
3.688589334e-01
3.595604599e-01
3.518491089e-01
3.428686261e-01
3.373749554e-01
3.273578882e-01
3.198455572e-01
3.134208024e-01
3.045870662e-01
2.981952727e-01
2.915967405e-01
2.846155763e-01
2.779075205e-01
2.705281079e-01
2.658250928e-01
2.576881349e-01
2.528015375e-01
2.458768934e-01
2.402719110e-01
2.335249633e-01
2.300734818e-01
2.218193859e-01
2.169680744e-01
2.125970274e-01
2.057133168e-01
2.014086246e-01
1.964499205e-01
1.914756298e-01
1.864095330e-01
1.815600544e-01
1.781943738e-01
1.722791195e-01
1.685990840e-01
1.631620973e-01
1.596676707e-01
1.549588442e-01
1.529733241e-01
1.468979567e-01
1.435712427e-01
1.410255432e-01
1.355689168e-01
1.329138875e-01
1.296107024e-01
1.255969554e-01
1.220146045e-01
1.182994694e-01
1.165365651e-01
1.117555276e-01
1.095377505e-01
1.057562605e-01
1.040538624e-01
9.994436800e-02
9.915954620e-02
9.375574440e-02
9.098945558e-02
8.944521844e-02
8.497655392e-02
8.260848373e-02
8.052153885e-02
7.776296139e-02
7.501427084e-02
7.211128622e-02
7.091063261e-02
6.684021652e-02
6.570986658e-02
6.276780367e-02
6.058325991e-02
5.806485936e-02
5.759827048e-02
5.303978175e-02
5.128277466e-02
5.060924962e-02
4.689608887e-02
4.530501366e-02
4.328639060e-02
4.107055441e-02
3.932131827e-02
3.698446229e-02
3.655691445e-02
3.189492226e-02
3.131706268e-02
2.861515805e-02
2.702797949e-02
2.438853495e-02
2.427920885e-02
1.997061074e-02
1.958991960e-02
1.882075146e-02
1.535747945e-02
1.394795254e-02
1.250719000e-02
1.086340193e-02
8.745223284e-03
6.867168471e-03
6.628995761e-03
3.302363912e-03
2.624934074e-03
1.592461340e-04
-7.602621918e-04
-2.769124927e-03
-2.493857639e-03
-5.867339671e-03
-5.677971989e-03
-5.543266889e-03
-8.590727113e-03
-9.844071232e-03
-1.075968239e-02
-1.221607067e-02
-1.415464934e-02
-1.573792100e-02
-1.530451793e-02
-1.791272871e-02
-1.835199073e-02
-2.005239949e-02
-2.064002119e-02
-2.251614258e-02
-2.173914947e-02
-2.519073337e-02
-2.571003512e-02
-2.540743910e-02
-2.844513394e-02
-2.916160040e-02
-3.021190874e-02
-3.151405603e-02
-3.276543319e-02
-3.386262804e-02
-3.336673230e-02
-3.638297319e-02
-3.656647354e-02
-3.811654449e-02
-3.908486664e-02
-4.080282152e-02
-4.002389312e-02
-4.345980659e-02
-4.361988604e-02
-4.381900653e-02
-4.647012427e-02
-4.753214121e-02
-4.787964374e-02
-4.852584749e-02
-4.992169887e-02
-5.102863163e-02
-5.041172355e-02
-5.289888009e-02
-5.270365253e-02
-5.400972068e-02
-5.465397239e-02
-5.616697669e-02
-5.479063466e-02
-5.782637000e-02
-5.783614144e-02
-5.796888471e-02
-5.995434523e-02
-6.013394892e-02
-6.091094390e-02
-6.170940772e-02
-6.259964406e-02
-6.394280493e-02
-6.301546842e-02
-6.579349190e-02
-6.509266794e-02
-6.625617296e-02
-6.676962972e-02
-6.782771647e-02
-6.673449278e-02
-6.984640658e-02
-6.947936118e-02
-6.903033704e-02
-7.135742903e-02
-7.146870345e-02
-7.202120870e-02
-7.269081473e-02
-7.317496836e-02
-7.426042110e-02
-7.326672226e-02
-7.519750297e-02
-7.469576597e-02
-7.616776228e-02
-7.580267638e-02
-7.666166872e-02
-7.479728758e-02
-7.830942422e-02
-7.784282416e-02
-7.727861404e-02
-7.906688750e-02
-7.930701226e-02
-7.949052006e-02
-8.032996953e-02
-8.104841411e-02
-8.227638155e-02
-8.090392500e-02
-8.329544216e-02
-8.262973279e-02
-8.433790505e-02
-8.447457850e-02
-8.562055975e-02
-8.400018513e-02
-8.674506843e-02
-8.628433943e-02
-8.607154340e-02
-8.796133846e-02
-8.742443472e-02
-8.728974313e-02
-8.833615482e-02
-8.895306289e-02
-8.956997097e-02
-8.790861070e-02
-9.007170051e-02
-8.966367692e-02
-9.087996185e-02
-9.080966562e-02
-9.158472717e-02
-8.964221925e-02
-9.277365357e-02
-9.257449210e-02
-9.148710966e-02
-9.359161556e-02
-9.359747171e-02
-9.386494011e-02
-9.427101910e-02
-9.477861971e-02
-9.545020014e-02
-9.371852875e-02
-9.613154083e-02
-9.537992626e-02
-9.676212817e-02
-9.635604173e-02
-9.790028632e-02
-9.600465745e-02
-9.921415150e-02
-9.869875759e-02
-9.801937640e-02
-1.000184640e-01
-1.003347263e-01
-1.001765952e-01
-1.002956927e-01
-1.009340808e-01
-1.014182419e-01
-9.976858646e-02
-1.016681269e-01
-1.014768034e-01
-1.024178043e-01
-1.023182347e-01
-1.031479239e-01
-1.008852795e-01
-1.041337922e-01
-1.034466252e-01
-1.028531566e-01
-1.051860452e-01
-1.045242473e-01
-1.044793427e-01
-1.050923392e-01
-1.057404652e-01
-1.062168106e-01
-1.046199054e-01
-1.064061821e-01
-1.055276915e-01
-1.065077186e-01
-1.057326719e-01
-1.058010012e-01
-1.042528823e-01
-1.079113632e-01
-1.071285158e-01
-1.060606167e-01
-1.078567058e-01
-1.077473834e-01
-1.077044234e-01
-1.079289392e-01
-1.079484522e-01
-1.082959548e-01
-1.073588729e-01
-1.092388779e-01
-1.082608178e-01
-1.092212871e-01
-1.084384695e-01
-1.091939434e-01
-1.074213684e-01
-1.105585769e-01
-1.099690050e-01
-1.087059304e-01
-1.100822315e-01
-1.100236699e-01
-1.096742153e-01
-1.097913533e-01
-1.101075932e-01
-1.104726866e-01
-1.090729386e-01
-1.118060723e-01
-1.108162776e-01
-1.114331707e-01
-1.108865589e-01
-1.112496778e-01
-1.094477549e-01
-1.127353534e-01
-1.117104068e-01
-1.113141030e-01
-1.133112684e-01
-1.127080247e-01
-1.128739566e-01
-1.131511778e-01
-1.137134433e-01
-1.139867604e-01
-1.126943603e-01
-1.145919487e-01
-1.136002094e-01
-1.148789376e-01
-1.146915033e-01
-1.154919267e-01
-1.138442308e-01
-1.170010120e-01
-1.164309382e-01
-1.157417968e-01
-1.176140159e-01
-1.172860265e-01
-1.176452413e-01
-1.174910069e-01
-1.177428663e-01
-1.185276732e-01
-1.168252900e-01
-1.188009754e-01
-1.179322228e-01
-1.189708263e-01
-1.184183359e-01
-1.189278588e-01
-1.172352657e-01
-1.199840456e-01
-1.194003299e-01
-1.184046641e-01
-1.198298037e-01
-1.193847060e-01
-1.192714721e-01
-1.196306869e-01
-1.199664623e-01
-1.206575781e-01
-1.193827614e-01
-1.212256774e-01
-1.196658313e-01
-1.204525754e-01
-1.200855449e-01
-1.208371595e-01
-1.190196425e-01
-1.213154644e-01
-1.205541044e-01
-1.197810024e-01
-1.216043681e-01
-1.211651415e-01
-1.209074631e-01
-1.204369739e-01
-1.204584315e-01
-1.210597232e-01
-1.198786274e-01
-1.215907261e-01
-1.203647256e-01
-1.209601611e-01
-1.208078787e-01
-1.215458363e-01
-1.200679764e-01
-1.224048212e-01
-1.214677393e-01
-1.205990016e-01
-1.219889745e-01
-1.220495105e-01
-1.217469126e-01
-1.222935393e-01
-1.226234511e-01
-1.231818125e-01
-1.214892045e-01
-1.231271550e-01
-1.219245642e-01
-1.232384145e-01
-1.226508096e-01
-1.232755035e-01
-1.214111000e-01
-1.237791851e-01
-1.225219369e-01
-1.216766164e-01
-1.232735366e-01
-1.227386370e-01
-1.225609854e-01
-1.231134534e-01
-1.231915653e-01
-1.238631383e-01
-1.219382063e-01
-1.238240674e-01
-1.228811517e-01
-1.231993660e-01
-1.227718145e-01
-1.234629229e-01
-1.216648892e-01
-1.239646375e-01
-1.227269247e-01
-1.215614229e-01
-1.232091337e-01
-1.227581650e-01
-1.224633753e-01
-1.219557896e-01
-1.220319197e-01
-1.225512251e-01
-1.211846471e-01
-1.227288768e-01
-1.213662028e-01
-1.216746643e-01
-1.216043755e-01
-1.222857162e-01
-1.200191751e-01
-1.221802980e-01
-1.207766160e-01
-1.197243854e-01
-1.211475432e-01
-1.203412786e-01
-1.203412786e-01
-1.203256622e-01
-1.205033362e-01
-1.212217286e-01
-1.194354519e-01
-1.209172085e-01
-1.201070249e-01
-1.207005084e-01
-1.206692681e-01
-1.219167411e-01
-1.197673157e-01
-1.221783459e-01
-1.208469123e-01
-1.195603982e-01
-1.215223745e-01
-1.207141727e-01
-1.201792732e-01
-1.206595153e-01
-1.212256625e-01
-1.216082871e-01
-1.201499775e-01
-1.217234731e-01
-1.204740629e-01
-1.213818267e-01
-1.211299673e-01
-1.221041605e-01
-1.200464889e-01
-1.224653199e-01
-1.217410266e-01
-1.208390966e-01
-1.227972060e-01
-1.223774701e-01
-1.218308359e-01
-1.219421253e-01
-1.224887520e-01
-1.226624846e-01
-1.210577637e-01
-1.221119538e-01
-1.214442775e-01
-1.223618537e-01
-1.222037226e-01
-1.225043684e-01
-1.205267385e-01
-1.225980893e-01
-1.213330030e-01
-1.203100756e-01
-1.218835711e-01
-1.217195615e-01
-1.212002486e-01
-1.208176315e-01
-1.211124212e-01
-1.219050437e-01
-1.203569323e-01
-1.220885515e-01
-1.212158799e-01
-1.221471280e-01
-1.217176095e-01
-1.222603396e-01
-1.204349995e-01
-1.231486201e-01
-1.220983192e-01
-1.205931231e-01
-1.217546910e-01
-1.212002710e-01
-1.211124212e-01
-1.210030764e-01
-1.211182773e-01
-1.213603467e-01
-1.201089621e-01
-1.219850928e-01
-1.211241335e-01
-1.220416874e-01
-1.215575114e-01
-1.220670640e-01
-1.198922619e-01
-1.225278080e-01
-1.219928637e-01
-1.213779375e-01
-1.226820424e-01
-1.223442852e-01
-1.222447306e-01
-1.222076416e-01
-1.221763864e-01
-1.222427711e-01
-1.203978956e-01
-1.222857162e-01
-1.213252395e-01
-1.222330034e-01
-1.215868443e-01
-1.220768243e-01
-1.199040115e-01
-1.226917803e-01
-1.224086955e-01
-1.210362762e-01
-1.225473136e-01
-1.216629818e-01
-1.216395423e-01
-1.221724898e-01
-1.220475584e-01
-1.219655499e-01
-1.201987788e-01
-1.223384142e-01
-1.212022230e-01
-1.222330034e-01
-1.213545129e-01
-1.215536296e-01
-1.193671376e-01
-1.221197695e-01
-1.211260855e-01
-1.199547350e-01
-1.215555668e-01
-1.208996475e-01
-1.203510389e-01
-1.204955429e-01
-1.210089624e-01
-1.215399429e-01
-1.197868586e-01
-1.212159023e-01
-1.204193830e-01
-1.207258850e-01
-1.200894490e-01
-1.208000705e-01
-1.187404692e-01
-1.209543049e-01
-1.199898794e-01
-1.188283190e-01
-1.204213500e-01
-1.194881499e-01
-1.188673452e-01
-1.190137491e-01
-1.192421764e-01
-1.193983629e-01
-1.179010049e-01
-1.191738397e-01
-1.181391776e-01
-1.190000996e-01
-1.183617264e-01
-1.184788495e-01
-1.166925430e-01
-1.190352365e-01
-1.180864647e-01
-1.172469780e-01
-1.188810319e-01
-1.179986075e-01
-1.176901534e-01
-1.177077293e-01
-1.178814620e-01
-1.184515357e-01
-1.168897003e-01
-1.186018363e-01
-1.171259582e-01
-1.181879789e-01
-1.173953563e-01
-1.180161685e-01
-1.158901826e-01
-1.179829761e-01
-1.176510975e-01
-1.166398376e-01
-1.183441579e-01
-1.170908213e-01
-1.167999133e-01
-1.170810461e-01
-1.170615181e-01
-1.171806082e-01
-1.155758575e-01
-1.173777804e-01
-1.161791012e-01
-1.174519733e-01
-1.168936193e-01
-1.170888469e-01
-1.146915033e-01
-1.172313690e-01
-1.161673889e-01
-1.156441793e-01
-1.173309311e-01
-1.165285558e-01
-1.159819290e-01
-1.162552536e-01
-1.165773794e-01
-1.170244291e-01
-1.153552532e-01
-1.173250824e-01
-1.161517799e-01
-1.165188104e-01
-1.164016575e-01
-1.164738908e-01
-1.141507477e-01
-1.160795391e-01
-1.152498499e-01
-1.144650429e-01
-1.158687100e-01
-1.150019243e-01
-1.146446690e-01
-1.148750186e-01
-1.148418486e-01
-1.153904200e-01
-1.129930392e-01
