4.282603186e-02
4.337532860e-02
4.256415783e-02
4.193182786e-02
4.127394921e-02
3.910869809e-02
3.888514709e-02
4.091626761e-02
4.177214858e-02
4.042445541e-02
3.976657675e-02
3.800371744e-02
3.689234961e-02
3.789513552e-02
3.873185498e-02
3.992625604e-02
3.915979546e-02
3.893624446e-02
3.797178158e-02
4.057774752e-02
4.059690903e-02
4.020090441e-02
4.031587349e-02
3.898734184e-02
3.707119041e-02
3.702648021e-02
3.576820744e-02
3.634944004e-02
3.871269346e-02
3.885959841e-02
3.816339672e-02
3.705841607e-02
3.695622132e-02
3.631750418e-02
3.680292921e-02
3.730751575e-02
3.489316495e-02
3.588317652e-02
3.612588904e-02
3.512310313e-02
3.342411553e-02
3.474626001e-02
3.558297947e-02
3.482290607e-02
3.374347410e-02
3.339217967e-02
3.495064950e-02
3.377540995e-02
3.270875233e-02
3.450993467e-02
3.462490375e-02
3.445883730e-02
3.451632184e-02
3.357102047e-02
3.277262404e-02
3.258100890e-02
3.303449807e-02
3.388399187e-02
3.426722215e-02
3.354547178e-02
3.419696327e-02
3.405644550e-02
3.396702510e-02
3.156544864e-02
3.170596641e-02
3.201255064e-02
3.293869050e-02
3.364127936e-02
3.232552204e-02
3.210835821e-02
3.296423918e-02
3.306004676e-02
3.258100890e-02
3.344327704e-02
3.296423918e-02
3.194229176e-02
3.181454833e-02
3.123970290e-02
3.123331573e-02
3.040298344e-02
3.104170059e-02
3.182732267e-02
3.251713718e-02
3.279178556e-02
3.161654601e-02
3.236384507e-02
3.079898807e-02
3.024969133e-02
2.970039459e-02
2.907445179e-02
2.820579647e-02
2.861457545e-02
2.850599353e-02
2.691558785e-02
2.682616745e-02
2.696029805e-02
2.524214893e-02
2.558066902e-02
2.616828879e-02
2.585531739e-02
2.684532896e-02
2.621299899e-02
2.809082739e-02
2.919580804e-02
2.895948270e-02
2.895948270e-02
2.964291004e-02
2.888283664e-02
3.027524002e-02
3.083731110e-02
3.110557230e-02
2.896586987e-02
2.826966819e-02
2.904251593e-02
2.957265116e-02
3.003891467e-02
3.003891467e-02
3.047324233e-02
3.187842004e-02
3.069679333e-02
3.049879101e-02
3.164209470e-02
3.212751973e-02
3.178261247e-02
3.166764339e-02
3.374347410e-02
3.316224150e-02
3.307282110e-02
3.263849344e-02
3.365405370e-02
3.291314181e-02
3.099699039e-02
3.177622530e-02
3.284288293e-02
3.240216810e-02
3.176345096e-02
3.155267430e-02
3.197422761e-02
2.833353990e-02
2.959181267e-02
2.869760867e-02
2.851876787e-02
2.801418133e-02
2.760540236e-02
2.763095105e-02
2.786727639e-02
2.830799122e-02
2.757346650e-02
2.742656156e-02
2.671758553e-02
2.604054536e-02
2.722855925e-02
2.795030962e-02
2.692197502e-02
2.840379879e-02
2.971316893e-02
3.039659627e-02
3.132912330e-02
3.114389533e-02
3.184648419e-02
3.201255064e-02
3.178261247e-02
3.176983813e-02
3.219139144e-02
3.186564570e-02
3.085008544e-02
3.176983813e-02
3.100976473e-02
3.100976473e-02
3.069679333e-02
3.116944401e-02
3.129718744e-02
2.941935904e-02
2.915109784e-02
3.008362487e-02
3.076705221e-02
3.203171216e-02
3.021136830e-02
3.025607850e-02
3.083092393e-02
2.981536367e-02
3.065208313e-02
3.180177399e-02
3.040298344e-02
3.159738450e-02
3.339217967e-02
3.194867893e-02
3.325804907e-02
3.226165033e-02
3.195506610e-02
3.214029407e-02
3.233829638e-02
3.360295633e-02
3.367321521e-02
3.495703667e-02
3.359656916e-02
3.344327704e-02
3.394147641e-02
3.245965264e-02
2.989200973e-02
3.125886441e-02
3.000697882e-02
2.734991550e-02
2.801418133e-02
2.789921225e-02
2.728604379e-02
2.865289847e-02
2.900419290e-02
2.825689385e-02
2.879341624e-02
2.745849742e-02
2.747765893e-02
3.013472224e-02
3.097782887e-02
3.015388376e-02
2.932993864e-02
2.907445179e-02
2.959819984e-02
2.963013570e-02
2.988562256e-02
3.020498113e-02
2.998781730e-02
3.023691699e-02
3.103531341e-02
3.046046799e-02
3.088840847e-02
3.070956767e-02
3.187842004e-02
3.169957924e-02
3.157822299e-02
3.108002361e-02
3.103531341e-02
3.144409239e-02
3.058821141e-02
3.264488061e-02
3.400534813e-02
3.279817273e-02
3.286204444e-02
3.252991153e-02
3.346243856e-02
3.298340070e-02
3.330275927e-02
3.307920827e-02
3.383289450e-02
3.310475696e-02
3.358379481e-02
3.258100890e-02
3.275346253e-02
3.478458304e-02
4.539367477e-02
1.908806654e-01
7.597413139e-01
1.867551487e+00
3.324037348e+00
4.863997153e+00
6.294640518e+00
7.558157156e+00
8.642545572e+00
9.540639358e+00
1.025573430e+01
1.079334890e+01
1.116542080e+01
1.138849915e+01
1.149860121e+01
1.150000000e+01
1.141716477e+01
1.128132880e+01
1.110207922e+01
1.089848813e+01
1.069122442e+01
1.052057836e+01
1.040718691e+01
1.032786462e+01
1.027433374e+01
1.021424323e+01
1.014772723e+01
1.006433632e+01
9.973830099e+00
9.854939290e+00
9.729852925e+00
9.589763094e+00
9.431686988e+00
9.270244843e+00
9.100109758e+00
8.924334801e+00
8.743743916e+00
8.565778158e+00
8.393848278e+00
8.218705650e+00
8.060508189e+00
7.909758169e+00
7.771188485e+00
7.634624373e+00
7.507545210e+00
7.370533996e+00
7.247485138e+00
7.124276601e+00
6.993384297e+00
6.870329053e+00
6.747503746e+00
6.622251315e+00
6.495274347e+00
6.370769214e+00
6.255123089e+00
6.128299413e+00
6.010788233e+00
5.891348127e+00
5.776941113e+00
5.660867047e+00
5.558212427e+00
5.443300826e+00
5.340346010e+00
5.240725297e+00
5.135598843e+00
5.037664344e+00
4.939614875e+00
4.843998919e+00
4.745470413e+00
4.653456821e+00
4.568315826e+00
4.473779302e+00
4.385885436e+00
4.298719707e+00
4.214370722e+00
4.132595766e+00
4.055617576e+00
3.967896163e+00
3.893440906e+00
3.818647129e+00
3.740008274e+00
3.669327835e+00
3.598915658e+00
3.528311865e+00
3.457944397e+00
3.388004870e+00
3.325455300e+00
3.256122554e+00
3.195955400e+00
3.131489678e+00
3.070077025e+00
3.009679932e+00
2.957777777e+00
2.893599479e+00
2.840688151e+00
2.788549670e+00
2.731793265e+00
2.678984132e+00
2.628653221e+00
2.579465614e+00
2.528183014e+00
2.477443325e+00
2.435307155e+00
2.386247291e+00
2.341703158e+00
2.295971010e+00
2.252448824e+00
2.207783334e+00
2.170814386e+00
2.122227173e+00
2.083335686e+00
2.046124026e+00
2.001011434e+00
1.962586211e+00
1.925828039e+00
1.890296204e+00
1.853110092e+00
1.816249726e+00
1.785955372e+00
1.748475450e+00
1.719905632e+00
1.685849234e+00
1.656621538e+00
1.624787876e+00
1.600305848e+00
1.562889797e+00
1.538305575e+00
1.512980440e+00
1.479779923e+00
1.453726651e+00
1.426089360e+00
1.400380995e+00
1.372928932e+00
1.346198620e+00
1.325868253e+00
1.297400630e+00
1.277645109e+00
1.254734325e+00
1.234084600e+00
1.211109944e+00
1.195882927e+00
1.167964601e+00
1.152999458e+00
1.135045120e+00
1.112383435e+00
1.096428281e+00
1.077241218e+00
1.060225794e+00
1.041702996e+00
1.026214106e+00
1.012654141e+00
9.924451304e-01
9.782847713e-01
9.617547717e-01
9.460040069e-01
9.290013566e-01
9.187691080e-01
8.972826633e-01
8.855558166e-01
8.738800672e-01
8.557277260e-01
8.429278345e-01
8.302237506e-01
8.178454123e-01
8.042471244e-01
7.913705868e-01
7.834249455e-01
7.682681878e-01
7.604375156e-01
7.495410011e-01
7.389766196e-01
7.245352250e-01
7.183652174e-01
6.995358361e-01
6.923885912e-01
6.843407553e-01
6.703464627e-01
6.629565053e-01
6.531330357e-01
6.436353118e-01
6.322278236e-01
6.221680286e-01
6.173329399e-01
6.036771674e-01
5.971941884e-01
5.885331839e-01
5.815520055e-01
5.725141580e-01
5.681900429e-01
5.525925703e-01
5.466077907e-01
5.404824933e-01
5.299628220e-01
5.238183630e-01
5.158599475e-01
5.090001253e-01
4.991319455e-01
4.916972780e-01
4.896533831e-01
4.772494962e-01
4.735640983e-01
4.654012932e-01
4.597103235e-01
4.522948175e-01
4.519243615e-01
4.394438285e-01
4.371125110e-01
4.335293078e-01
4.239740994e-01
4.211956798e-01
4.160348453e-01
4.110145285e-01
4.035032150e-01
3.994154252e-01
3.980294090e-01
3.913292662e-01
3.904222879e-01
3.836199503e-01
3.756806962e-01
3.686484205e-01
3.697789498e-01
3.609902020e-01
3.610412993e-01
3.595147654e-01
3.502086566e-01
3.476793367e-01
3.457631853e-01
3.408706120e-01
3.355948084e-01
3.301976485e-01
3.303062304e-01
3.240659640e-01
3.237210567e-01
3.179470537e-01
3.142680430e-01
3.098097973e-01
3.117004001e-01
3.027583601e-01
3.032501723e-01
3.027711344e-01
2.949979468e-01
2.923281092e-01
2.902842143e-01
2.874738589e-01
2.829070313e-01
2.801413861e-01
2.825621241e-01
2.747697749e-01
2.748655825e-01
2.698516529e-01
2.679993732e-01
2.636049993e-01
2.654381175e-01
2.565344005e-01
2.566174337e-01
2.570453742e-01
2.503516186e-01
2.495723837e-01
2.451971712e-01
2.430638560e-01
2.380435392e-01
2.337960702e-01
2.356419628e-01
2.280987133e-01
2.267893432e-01
2.228484584e-01
2.218009623e-01
2.187478944e-01
2.208939840e-01
2.114026472e-01
2.126417585e-01
2.142641000e-01
2.080110592e-01
2.080557694e-01
2.046066968e-01
2.039360438e-01
2.009596220e-01
1.974019675e-01
2.001995486e-01
1.939656692e-01
1.955369134e-01
1.915066082e-01
1.914044135e-01
1.874507544e-01
1.908231809e-01
1.808783550e-01
1.822899199e-01
1.855793132e-01
1.803673813e-01
1.803609941e-01
1.792176904e-01
1.772057314e-01
1.731690391e-01
1.712528877e-01
1.737822075e-01
1.666860601e-01
1.678229766e-01
1.638246073e-01
1.630070494e-01
1.609503802e-01
1.636266050e-01
1.537711995e-01
1.564027141e-01
1.586637728e-01
1.536498432e-01
1.528961570e-01
1.498047660e-01
1.476650636e-01
1.455189740e-01
1.431301719e-01
1.464898241e-01
1.414567330e-01
1.431557206e-01
1.405178188e-01
1.397449710e-01
1.369537771e-01
1.411246001e-01
1.335685763e-01
1.360404116e-01
1.364939008e-01
1.326168877e-01
1.317673939e-01
1.317546196e-01
1.295127224e-01
1.275965710e-01
1.252269304e-01
1.287909720e-01
1.222824444e-01
1.232277457e-01
1.209858486e-01
1.194657018e-01
1.178050372e-01
1.214201762e-01
1.133020813e-01
1.170641253e-01
1.175048401e-01
1.098210729e-01
1.092142916e-01
1.082242801e-01
1.067935537e-01
1.026355051e-01
9.948662956e-02
1.017221396e-01
9.647188464e-02
9.941637067e-02
9.663156393e-02
9.675930736e-02
9.592258790e-02
9.995928024e-02
9.126633993e-02
9.428108485e-02
9.569264973e-02
9.094059419e-02
9.181563668e-02
9.281203542e-02
9.399366213e-02
9.006555171e-02
8.958651385e-02
9.237770776e-02
8.838572562e-02
8.904360428e-02
8.632905642e-02
8.448316388e-02
8.120015777e-02
8.684003014e-02
7.872832243e-02
8.144925746e-02
8.287359668e-02
7.724649866e-02
7.624371275e-02
7.739340360e-02
7.766166480e-02
7.662694303e-02
7.302457835e-02
7.640977920e-02
7.112120127e-02
7.360581095e-02
7.049525847e-02
7.069964795e-02
7.018228707e-02
7.296709381e-02
6.531526244e-02
6.824058695e-02
7.167049801e-02
6.556436213e-02
6.576236444e-02
6.568571838e-02
6.483622459e-02
6.290091164e-02
6.169373625e-02
6.404421533e-02
5.945183908e-02
6.110611647e-02
5.956042099e-02
5.948377493e-02
5.922828808e-02
6.246019682e-02
5.480836545e-02
5.709497282e-02
5.811053308e-02
5.276447060e-02
5.369699762e-02
5.484030131e-02
5.593250762e-02
5.443152234e-02
5.377364368e-02
5.654567608e-02
5.257924262e-02
5.429100457e-02
5.227265840e-02
5.235569162e-02
4.991579214e-02
5.413771245e-02
4.584077677e-02
4.969862831e-02
5.155090803e-02
4.762918477e-02
4.913017006e-02
4.816570717e-02
4.828706343e-02
4.561722577e-02
4.489547540e-02
4.896410360e-02
4.478050632e-02
4.749505417e-02
4.578329223e-02
4.697130612e-02
4.593658434e-02
5.160200540e-02
4.277493449e-02
4.470386026e-02
4.750144134e-02
4.258331935e-02
4.370746152e-02
4.419927372e-02
4.426314543e-02
4.092265478e-02
4.124840052e-02
4.531702872e-02
4.179131009e-02
4.369468717e-02
4.184879463e-02
4.426953260e-02
4.292822660e-02
4.667110906e-02
4.056497318e-02
4.419288655e-02
4.508709055e-02
3.915979546e-02
3.930670041e-02
3.829752732e-02
3.956857444e-02
3.828475298e-02
3.610672752e-02
3.875101649e-02
3.275984970e-02
3.465045244e-02
3.341134118e-02
3.194229176e-02
2.855070373e-02
3.192313024e-02
2.266811885e-02
2.823773233e-02
2.903612876e-02
2.378587385e-02
2.552957165e-02
2.383697122e-02
2.528047196e-02
2.248289088e-02
2.140345891e-02
2.552957165e-02
2.103939014e-02
2.179946354e-02
1.995995817e-02
2.013879897e-02
1.936595122e-02
2.335793336e-02
1.702185931e-02
1.981944040e-02
2.279586228e-02
1.875278277e-02
1.893162357e-02
1.886775185e-02
1.787135311e-02
1.783303008e-02
1.667056488e-02
1.875916994e-02
1.486299537e-02
1.648533691e-02
1.642146520e-02
1.567416614e-02
1.411569631e-02
1.920627194e-02
1.181631460e-02
1.517596677e-02
1.882304165e-02
1.410292197e-02
1.431369863e-02
1.557835857e-02
1.635120631e-02
1.380272491e-02
1.326620252e-02
1.626817308e-02
1.161192512e-02
1.505461051e-02
1.251251629e-02
1.350891503e-02
1.248696760e-02
1.671527508e-02
9.599966119e-03
1.430731146e-02
1.637675500e-02
1.173966855e-02
1.276800314e-02
1.317039494e-02
1.273606729e-02
1.064107506e-02
1.115204877e-02
1.532925889e-02
8.980410490e-03
1.182270177e-02
1.020674740e-02
1.017481155e-02
9.159251290e-03
1.432008580e-02
5.288625408e-03
7.958463063e-03
1.043668557e-02
6.681028778e-03
8.239498605e-03
8.954861805e-03
8.922925948e-03
7.696589034e-03
7.057871892e-03
9.561643090e-03
3.934545066e-03
6.559672521e-03
5.499402065e-03
6.668254435e-03
6.668254435e-03
1.039836255e-02
2.995630867e-03
7.402779149e-03
1.013010135e-02
5.844309322e-03
6.668254435e-03
7.006774521e-03
7.651878834e-03
8.124529520e-03
5.850696493e-03
9.881001661e-03
4.375259894e-03
5.863470836e-03
4.592423723e-03
3.244730553e-03
1.130576811e-03
7.281422892e-03
6.515389548e-04
3.685445381e-03
6.527736664e-03
2.101426868e-03
3.065889753e-03
2.471882810e-03
3.091438438e-03
1.654324868e-03
1.034769240e-03
5.697404379e-03
1.130576811e-03
3.794027295e-03
2.561303210e-03
3.327763781e-03
3.429958524e-03
9.893776004e-03
1.002833383e-03
5.927342550e-03
8.316144662e-03
1.833165668e-03
1.564904468e-03
3.589637809e-03
4.534939180e-03
3.014792381e-03
2.657110782e-03
5.595209636e-03
-4.726032157e-04
1.526581440e-03
-2.809880730e-04
2.235984694e-04
-2.190752329e-03
2.491044325e-03
-3.972773156e-03
-7.536387583e-04
2.599626239e-03
-1.590358215e-03
1.022422124e-04
-1.787933302e-04
7.154106690e-04
6.434641032e-06
-1.347645701e-03
1.079479440e-03
-9.708025867e-04
1.584065983e-03
6.834748119e-04
9.772846973e-04
-5.173134157e-04
4.962879665e-03
-2.925277042e-03
8.687027831e-04
2.165298582e-03
-6.195081584e-04
5.876672405e-04
1.820391325e-03
1.922586068e-03
-9.197052153e-04
-2.146042129e-03
2.395236753e-03
-2.618692814e-03
-1.654229929e-03
-1.392355901e-03
-1.347645701e-03
-4.407100812e-03
1.002833383e-03
-6.221057496e-03
-2.082170414e-03
1.277908981e-04
-4.713685041e-03
-3.500122470e-03
-1.903329614e-03
-3.704084729e-04
-2.459013528e-03
-4.132452441e-03
-5.428621014e-04
-6.125249925e-03
-1.615906900e-03
-4.241034355e-03
-3.998321841e-03
-5.569566011e-03
8.687027831e-04
-6.930033524e-03
-2.593144128e-03
4.982468406e-04
-3.282958642e-03
-1.558422358e-03
-4.726032157e-04
-7.919617869e-04
-1.462614786e-03
-1.948039814e-03
1.762906782e-03
-2.823082299e-03
-5.556364442e-04
-2.510110900e-03
-2.254624043e-03
-3.289345813e-03
9.708975259e-04
-7.064164124e-03
-2.714500385e-03
8.814771260e-04
-4.132452441e-03
-1.366807215e-03
-2.165203643e-03
-2.356818786e-03
-3.116892185e-03
-4.617877469e-03
-2.216301014e-03
-6.859774639e-03
-4.062193555e-03
-6.214670325e-03
-3.966385984e-03
-5.237433097e-03
-5.620236156e-04
-7.562363495e-03
-5.314079154e-03
-2.759210585e-03
-6.157185782e-03
-5.116076840e-03
-4.886138669e-03
-3.078569156e-03
-3.525671156e-03
-5.109689669e-03
-1.692552958e-03
-5.518468640e-03
-3.033858956e-03
-3.219086928e-03
-3.653414584e-03
-4.464585355e-03
-1.660189874e-04
-6.693708182e-03
-2.088557586e-03
5.753201242e-05
-5.154399869e-03
-3.710899127e-03
-3.672576099e-03
-3.359604699e-03
-2.490949385e-03
-3.257409956e-03
-6.514440155e-04
-5.128851183e-03
-1.500937815e-03
-1.615906900e-03
-3.959571586e-04
-2.362778730e-04
5.192817837e-03
-2.407916157e-03
-7.600259297e-04
2.529367353e-03
-2.005524357e-03
-1.564809529e-03
-1.928878300e-03
-3.027471785e-03
-4.509295555e-03
-6.661772325e-03
-2.657015842e-03
-5.888924582e-03
-3.244635613e-03
-5.371563697e-03
-3.653414584e-03
-6.310477896e-03
-4.981519014e-04
-8.437405980e-03
-4.675362012e-03
-1.615906900e-03
-5.582340354e-03
-3.174376728e-03
-2.299334243e-03
-2.452626357e-03
-2.714500385e-03
-4.362390612e-03
-1.468574731e-04
-4.017483356e-03
-1.507324986e-03
-3.327668842e-03
-2.835856642e-03
-4.573167269e-03
-8.877693582e-04
-7.364361181e-03
-3.372379042e-03
-2.746009016e-04
-3.998321841e-03
-2.267398386e-03
-5.428621014e-04
-5.492492728e-04
-8.430591582e-04
-2.203526671e-03
4.982468406e-04
-2.465400700e-03
3.513418979e-04
-1.788360529e-03
-9.516410724e-04
-3.455412270e-03
1.814004154e-03
-6.527641725e-03
-2.344044443e-03
-9.899641010e-04
-4.221872841e-03
-4.170775470e-03
-4.094129413e-03
-3.864191241e-03
-5.524855811e-03
-6.438221325e-03
-1.545648015e-03
-6.029442354e-03
-4.113290927e-03
-4.720072212e-03
-3.346830356e-03
-4.598715955e-03
1.852754409e-04
-6.808677267e-03
-3.940837298e-03
-1.424291758e-03
-6.521254553e-03
-5.013882098e-03
-2.427077671e-03
-2.478175043e-03
-3.059407642e-03
-5.320466326e-03
-6.897670441e-04
