2.418634295e-02
2.395365946e-02
2.379319631e-02
2.372275293e-02
2.362819016e-02
2.346854843e-02
2.334964089e-02
2.323215269e-02
2.307050489e-02
2.286410891e-02
2.276834659e-02
2.261851169e-02
2.244900353e-02
2.227899060e-02
2.217440680e-02
2.204881422e-02
2.193933539e-02
2.177661099e-02
2.161484212e-02
2.146142721e-02
2.132401429e-02
2.118469961e-02
2.108332328e-02
2.086759731e-02
2.079345286e-02
2.068957686e-02
2.052028663e-02
2.039599977e-02
2.022624388e-02
2.008965425e-02
1.992966980e-02
1.993146539e-02
1.989349723e-02
1.977995969e-02
1.966020279e-02
1.962582208e-02
1.964743063e-02
1.972742379e-02
1.957544126e-02
1.940603182e-02
1.930060424e-02
1.923887618e-02
1.915148087e-02
1.902063563e-02
1.887283474e-02
1.877459139e-02
1.870115660e-02
1.854296215e-02
1.839823276e-02
1.821249723e-02
1.810888760e-02
1.796957478e-02
1.788647845e-02
1.777389273e-02
1.770571992e-02
1.759861410e-02
1.743911766e-02
1.753332093e-02
1.743077114e-02
1.736939512e-02
1.715796441e-02
1.698556170e-02
1.694962196e-02
1.686937362e-02
1.683379710e-02
1.679356396e-02
1.663166843e-02
1.647897065e-02
1.641056314e-02
1.638763957e-02
1.637331955e-02
1.638418064e-02
1.626347937e-02
1.624616422e-02
1.610717736e-02
1.603351906e-02
1.579115354e-02
1.578327827e-02
1.574924774e-02
1.552279014e-02
1.532973349e-02
1.523624547e-02
1.510229520e-02
1.509668399e-02
1.497512963e-02
1.488176547e-02
1.474158838e-02
1.467066910e-02
1.454280224e-02
1.438150369e-02
1.427596249e-02
1.421734691e-02
1.410581637e-02
1.404027268e-02
1.392922830e-02
1.393758785e-02
1.385819074e-02
1.374118123e-02
1.362405717e-02
1.349475514e-02
1.339339186e-02
1.337129064e-02
1.338896342e-02
1.323220320e-02
1.318563800e-02
1.314241905e-02
1.313358266e-02
1.315626968e-02
1.306851394e-02
1.303364988e-02
1.290601864e-02
1.273027714e-02
1.269887947e-02
1.261565834e-02
1.247417647e-02
1.233497262e-02
1.222811081e-02
1.224841364e-02
1.218632609e-02
1.212030090e-02
1.206836756e-02
1.195207331e-02
1.189023629e-02
1.186074130e-02
1.177907828e-02
1.165431459e-02
1.146149542e-02
1.143368147e-02
1.138258353e-02
1.117247622e-02
1.105593983e-02
1.107110828e-02
1.097917277e-02
1.088330708e-02
1.089572348e-02
1.083482988e-02
1.084341854e-02
1.073346660e-02
1.068057772e-02
1.066254918e-02
1.059604995e-02
1.054578554e-02
1.048501115e-02
1.038830075e-02
1.034531370e-02
1.037158165e-02
1.021159068e-02
1.005483884e-02
9.888178669e-03
9.742274880e-03
9.700610302e-03
9.612490423e-03
9.502529167e-03
9.477212094e-03
9.366298094e-03
9.280096740e-03
9.226130322e-03
9.134440683e-03
9.119400755e-03
8.989264257e-03
9.069485590e-03
9.074862115e-03
8.992485702e-03
8.865680546e-03
8.805629797e-03
8.789272979e-03
8.727069944e-03
8.637887426e-03
8.572931401e-03
8.483036421e-03
8.506310172e-03
8.437419310e-03
8.242335171e-03
8.128703572e-03
8.065297268e-03
8.016464300e-03
7.874876261e-03
7.769945543e-03
7.708458696e-03
7.701294497e-03
7.629419211e-03
7.553485688e-03
7.446633186e-03
7.333333604e-03
7.251552306e-03
7.207375020e-03
7.183615584e-03
7.073538844e-03
6.887163967e-03
6.796424743e-03
6.705440581e-03
6.580795161e-03
6.512624212e-03
6.474654656e-03
6.460569799e-03
6.340225227e-03
6.327569950e-03
6.172951777e-03
5.908361170e-03
6.059758365e-03
6.119818892e-03
5.859407131e-03
5.957438145e-03
5.981313530e-03
5.929491948e-03
5.748977885e-03
5.797328893e-03
5.682474468e-03
5.603798665e-03
5.406556651e-03
5.206826609e-03
5.064638332e-03
5.081111100e-03
4.918380175e-03
4.835161380e-03
4.850324709e-03
4.738929216e-03
4.827998579e-03
4.729019012e-03
4.616911523e-03
4.499315284e-03
4.370847717e-03
4.296227824e-03
4.268530756e-03
4.225309938e-03
4.240590148e-03
4.096724559e-03
4.036668688e-03
3.999659326e-03
3.755389480e-03
3.847319167e-03
3.758973209e-03
3.672773717e-03
3.714562161e-03
3.709905781e-03
3.627525643e-03
3.533084411e-03
3.369750455e-03
3.279371653e-03
3.297637915e-03
3.283196595e-03
3.096717177e-03
3.041677410e-03
2.998457523e-03
2.959294477e-03
3.419655608e-03
3.734975122e-03
3.433028236e-03
3.294652095e-03
5.040750373e-03
3.016835637e-02
3.164452910e-01
1.539957285e+00
3.898354769e+00
6.774588585e+00
9.262077332e+00
1.098645973e+01
1.196278095e+01
1.225327206e+01
1.210169220e+01
1.173108292e+01
1.121796513e+01
1.062411118e+01
9.997848511e+00
9.385577202e+00
8.839012146e+00
8.390642166e+00
8.036443710e+00
7.744680882e+00
7.484320641e+00
7.242547512e+00
7.012333870e+00
6.790835857e+00
6.571401596e+00
6.357732296e+00
6.162662506e+00
5.944695950e+00
5.675826550e+00
5.457888126e+00
5.311241627e+00
5.215832710e+00
5.113221645e+00
4.966203213e+00
4.791260242e+00
4.622821331e+00
4.479792118e+00
4.362960815e+00
4.258317471e+00
4.160725594e+00
4.061848164e+00
3.960164785e+00
3.853080988e+00
3.745499611e+00
3.639235973e+00
3.541949749e+00
3.452384949e+00
3.366746426e+00
3.286726475e+00
3.211133480e+00
3.138581753e+00
3.067541838e+00
2.996617079e+00
2.927037716e+00
2.854961157e+00
2.786073923e+00
2.720837116e+00
2.660187006e+00
2.601980209e+00
2.545919418e+00
2.488657475e+00
2.433149576e+00
2.379452705e+00
2.326554537e+00
2.276397228e+00
2.228497505e+00
2.182833910e+00
2.138685465e+00
2.095893383e+00
2.055109024e+00
2.013820648e+00
1.974994779e+00
1.936202526e+00
1.898122549e+00
1.860272884e+00
1.824541092e+00
1.788209319e+00
1.755708694e+00
1.726016283e+00
1.695712566e+00
1.666574001e+00
1.636984229e+00
1.607053161e+00
1.577205300e+00
1.548156619e+00
1.520551324e+00
1.493203521e+00
1.468415737e+00
1.444597363e+00
1.422059298e+00
1.399741888e+00
1.378691196e+00
1.356304646e+00
1.335635185e+00
1.316177726e+00
1.296091080e+00
1.277421832e+00
1.259174347e+00
1.240712881e+00
1.222180724e+00
1.203929305e+00
1.186678410e+00
1.168954968e+00
1.153013468e+00
1.136931062e+00
1.121390939e+00
1.105195880e+00
1.089434743e+00
1.072076082e+00
1.056286335e+00
1.041361570e+00
1.025748014e+00
1.011297226e+00
9.972264767e-01
9.835459590e-01
9.699254036e-01
9.566915035e-01
9.449056387e-01
9.319506288e-01
9.205654860e-01
9.090492725e-01
8.979525566e-01
8.868497014e-01
8.763374686e-01
8.642984033e-01
8.532740474e-01
8.428088427e-01
8.323948979e-01
8.233360648e-01
8.146476150e-01
8.059676290e-01
7.962471843e-01
7.857725620e-01
7.754906416e-01
7.642989755e-01
7.544478178e-01
7.446026802e-01
7.354875803e-01
7.267034650e-01
7.190039158e-01
7.098799348e-01
7.019313574e-01
6.944181323e-01
6.858910918e-01
6.780986190e-01
6.705236435e-01
6.630872488e-01
6.554240584e-01
6.475969553e-01
6.405301690e-01
6.317719221e-01
6.242673993e-01
6.166402102e-01
6.097915769e-01
6.024445891e-01
5.966067910e-01
5.882699490e-01
5.804840922e-01
5.730155110e-01
5.643768311e-01
5.569083691e-01
5.496868491e-01
5.424860120e-01
5.352462530e-01
5.281011462e-01
5.220966935e-01
5.149325728e-01
5.089658499e-01
5.027217269e-01
4.970098138e-01
4.911490381e-01
4.863002300e-01
4.796125889e-01
4.738090634e-01
4.680372775e-01
4.611539841e-01
4.551817775e-01
4.500353932e-01
4.453954101e-01
4.407080114e-01
4.361857474e-01
4.315446317e-01
4.248095155e-01
4.183655977e-01
4.115665853e-01
4.056305587e-01
3.999174833e-01
3.954371214e-01
3.895664215e-01
3.846100569e-01
3.799720407e-01
3.741509318e-01
3.691979349e-01
3.642503023e-01
3.596286476e-01
3.550665081e-01
3.508515954e-01
3.475930393e-01
3.425988853e-01
3.381266892e-01
3.327798545e-01
3.276491165e-01
3.227252662e-01
3.193466961e-01
3.145304918e-01
3.112245500e-01
3.078910410e-01
3.028061390e-01
2.980341911e-01
2.931123078e-01
2.883319259e-01
2.836706042e-01
2.794109285e-01
2.758594453e-01
2.717600763e-01
2.684624195e-01
2.649402320e-01
2.614806592e-01
2.581215203e-01
2.554685771e-01
2.518267035e-01
2.491001189e-01
2.465423942e-01
2.432071865e-01
2.400899082e-01
2.369423062e-01
2.337342501e-01
2.308087796e-01
2.283470333e-01
2.262528390e-01
2.236033082e-01
2.208643556e-01
2.170925438e-01
2.130214423e-01
2.088393420e-01
2.057138085e-01
2.016557902e-01
1.987650692e-01
1.962703764e-01
1.930138767e-01
1.903832406e-01
1.877721399e-01
1.853299737e-01
1.827763915e-01
1.803599596e-01
1.785649359e-01
1.761398762e-01
1.742399931e-01
1.717369109e-01
1.691910326e-01
1.664669812e-01
1.643207669e-01
1.617621332e-01
1.602787971e-01
1.593585014e-01
1.577668339e-01
1.561880261e-01
1.536974162e-01
1.507394612e-01
1.475143135e-01
1.446310580e-01
1.425556093e-01
1.398587227e-01
1.381379813e-01
1.361540258e-01
1.344758272e-01
1.325101256e-01
1.313406974e-01
1.288613826e-01
1.274998784e-01
1.266583353e-01
1.249447390e-01
1.238118038e-01
1.225268990e-01
1.208636537e-01
1.187002137e-01
1.164648980e-01
1.153381020e-01
1.134941950e-01
1.129340157e-01
1.119007543e-01
1.109702736e-01
1.086896285e-01
1.069237590e-01
1.035039350e-01
1.013815030e-01
1.000154465e-01
9.757582098e-02
9.613082558e-02
9.474435449e-02
9.343758225e-02
9.188579768e-02
9.047663212e-02
8.990726620e-02
8.807503432e-02
8.772545308e-02
8.665755391e-02
8.602315187e-02
8.472461253e-02
8.439292759e-02
8.199741691e-02
8.081580698e-02
8.046455681e-02
7.916799188e-02
7.872565836e-02
7.858660072e-02
7.791961730e-02
7.627006620e-02
7.421280444e-02
7.288439572e-02
7.039213181e-02
6.933096051e-02
6.780025363e-02
6.698055565e-02
6.569223851e-02
6.554649770e-02
6.369175017e-02
6.308064610e-02
6.292716414e-02
6.169169396e-02
6.139798835e-02
6.116493046e-02
6.061454862e-02
5.971876904e-02
5.862395465e-02
5.801504105e-02
5.624692142e-02
5.610676482e-02
5.572461337e-02
5.564879999e-02
5.549384281e-02
5.578060076e-02
5.372433364e-02
5.232199654e-02
5.096274614e-02
4.878581688e-02
4.774377868e-02
4.686612263e-02
4.613516107e-02
4.540577903e-02
4.464305937e-02
4.457835481e-02
4.335514456e-02
4.315135255e-02
4.250711948e-02
4.240383208e-02
4.215563089e-02
4.270279035e-02
4.165476188e-02
4.129657522e-02
4.105682299e-02
3.972604126e-02
3.925761580e-02
3.931793198e-02
3.955516964e-02
3.962692618e-02
3.946048021e-02
3.921056911e-02
3.720238060e-02
3.592044115e-02
3.433240578e-02
3.324151039e-02
3.237311915e-02
3.236977383e-02
3.116886131e-02
3.093413636e-02
3.091205284e-02
3.005590104e-02
2.984467521e-02
2.979013138e-02
2.988134138e-02
2.980731614e-02
2.988921851e-02
3.016179428e-02
2.932211198e-02
2.890313789e-02
2.806979604e-02
2.767496370e-02
2.758136205e-02
2.837661467e-02
2.801225334e-02
2.821007930e-02
2.787662484e-02
2.632354386e-02
2.491391450e-02
2.389000542e-02
2.313631028e-02
2.233450487e-02
2.185256220e-02
2.201552875e-02
2.119624428e-02
2.111064270e-02
2.059538849e-02
2.041787468e-02
2.025812119e-02
2.088476904e-02
2.039160021e-02
2.063336223e-02
2.096596174e-02
2.019197866e-02
1.973291673e-02
1.925941370e-02
1.889063232e-02
1.891856827e-02
1.917931437e-02
2.009635232e-02
1.978676580e-02
1.956552826e-02
1.830549166e-02
1.713479310e-02
1.588060148e-02
1.578638516e-02
1.458650548e-02
1.437851228e-02
1.456453651e-02
1.378871687e-02
1.377140358e-02
1.375444978e-02
1.373033505e-02
1.349559333e-02
1.353296824e-02
1.429458149e-02
1.414833125e-02
1.461742818e-02
1.422211155e-02
1.391169708e-02
1.318660658e-02
1.364508271e-02
1.313025318e-02
1.366573758e-02
1.477156300e-02
1.455986965e-02
1.416409109e-02
1.315197907e-02
1.202406920e-02
1.090885513e-02
1.006713603e-02
1.015608478e-02
9.337280877e-03
9.473264217e-03
9.255738929e-03
9.257656522e-03
8.916539140e-03
9.575133212e-03
8.896837942e-03
9.298236109e-03
1.014903840e-02
9.907505475e-03
1.009579469e-02
1.006881148e-02
9.871451184e-03
9.309344925e-03
9.019936435e-03
9.864406660e-03
9.819886647e-03
1.076617930e-02
1.099768374e-02
1.075806096e-02
9.610346518e-03
9.034743533e-03
7.249394432e-03
6.745807827e-03
6.781149190e-03
5.912677851e-03
5.991836544e-03
6.126748864e-03
6.184774917e-03
6.054635160e-03
5.955180619e-03
6.628445815e-03
6.472280715e-03
7.288429420e-03
7.575564552e-03
7.947565056e-03
7.629532833e-03
8.018137887e-03
6.902679335e-03
6.997475866e-03
7.834875956e-03
7.684925571e-03
8.199243806e-03
8.608275093e-03
8.325431496e-03
7.149469107e-03
5.997442640e-03
5.607136525e-03
4.471375607e-03
4.368338734e-03
3.942477982e-03
3.888995387e-03
3.636114066e-03
4.211823456e-03
3.408075776e-03
3.756827209e-03
4.471018445e-03
4.212415311e-03
4.646281246e-03
5.133518018e-03
5.409661215e-03
5.243717227e-03
5.018899683e-03
5.217444617e-03
4.506352823e-03
5.068683531e-03
5.388288293e-03
6.122567225e-03
6.435254123e-03
6.871291902e-03
5.277617369e-03
4.289666656e-03
3.704406554e-03
2.629648428e-03
2.366023138e-03
2.334027318e-03
2.318622544e-03
2.044617664e-03
1.961038215e-03
2.438138239e-03
2.045928966e-03
2.486257348e-03
2.643498825e-03
3.040600102e-03
3.345988924e-03
4.154515918e-03
3.456310835e-03
3.303252161e-03
3.333815141e-03
2.727794228e-03
3.183020977e-03
3.863083199e-03
4.701567348e-03
5.036692135e-03
4.847097676e-03
4.411559552e-03
2.807788085e-03
2.172737150e-03
1.360485563e-03
1.195482211e-03
8.935459191e-04
1.548408181e-03
8.066295413e-04
9.694778710e-04
1.365021919e-03
1.015798189e-03
1.338756760e-03
1.684997813e-03
2.017279156e-03
2.217509784e-03
2.452115295e-03
3.055630717e-03
2.345977351e-03
2.384895226e-03
2.135368530e-03
2.553957049e-03
2.914628480e-03
4.251935985e-03
4.065318033e-03
4.113677423e-03
3.814245574e-03
2.352542942e-03
1.559159602e-03
1.028218307e-03
7.531412411e-04
3.470912343e-04
1.528422727e-04
6.347045419e-04
1.767209906e-04
3.682257084e-04
2.526533208e-04
5.691620754e-04
6.470016669e-04
1.646913588e-03
1.260075718e-03
1.737773069e-03
2.167720115e-03
1.386039658e-03
1.198593411e-03
1.280256547e-03
1.743624336e-03
2.052858938e-03
2.699975856e-03
3.718731692e-03
3.185051028e-03
2.760864329e-03
1.637959038e-03
7.593494956e-04
3.416716572e-05
3.376616805e-04
-5.128853372e-04
-3.581565106e-04
9.959519957e-05
-3.478892613e-04
-2.532092039e-04
-6.122601189e-05
1.614382491e-04
3.055426059e-04
7.352346438e-04
1.606443664e-03
1.564298989e-03
1.899793744e-03
1.566328574e-03
1.478813938e-03
1.232985174e-03
2.212374937e-03
2.025165595e-03
2.707960317e-03
3.602086566e-03
3.077722155e-03
2.346812515e-03
1.491587958e-03
7.197132218e-04
-8.749430708e-05
-4.770691157e-04
-1.685602474e-04
-6.891090306e-04
-5.116920220e-04
-6.372926873e-04
-4.794566776e-04
-4.639360413e-04
4.644524597e-04
-5.749672027e-07
4.747213970e-04
1.265929663e-03
1.300790231e-03
1.599393669e-03
1.511758892e-03
1.307240454e-03
1.057586865e-03
1.312375069e-03
2.232077997e-03
2.350632101e-03
3.271611640e-03
3.194485093e-03
2.530910773e-03
1.272139489e-03
9.759259992e-04
-4.081800871e-04
-5.993255763e-04
-3.792876378e-04
-9.256253252e-04
-8.680789033e-04
-7.959654904e-04
-6.068465882e-04
-6.061311578e-04
-5.296010640e-04
2.813067695e-04
2.280577755e-04
9.119349415e-04
1.028337865e-03
1.153341029e-03
7.963635726e-04
1.130657969e-03
3.242872190e-04
7.657997776e-04
1.703864196e-03
1.899787807e-03
2.547626151e-03
2.621407388e-03
1.924261567e-03
6.866420154e-04
-3.152927093e-04
-3.189938434e-04
-1.052779029e-03
-7.374621928e-04
-8.356031612e-04
-7.532219170e-04
-8.350072312e-04
-1.745291665e-04
-6.523351185e-04
-2.626410278e-04
4.551431921e-04
4.623054701e-04
9.268582799e-04
1.393800601e-03
1.532413182e-03
1.183429617e-03
8.358819759e-04
1.137817744e-03
9.051295347e-04
1.740511158e-03
2.232549014e-03
2.907002810e-03
2.766719088e-03
2.700933721e-03
1.048154198e-03
4.024915397e-04
2.349852730e-04
-4.769487132e-04
-4.266859032e-04
-3.920621239e-04
-3.186361573e-04
-4.670406342e-04
-5.311539862e-04
2.034645877e-04
3.977947927e-05
5.899346434e-04
8.313423605e-04
1.224860316e-03
1.334101544e-03
2.218110487e-03
1.472958596e-03
1.355834771e-03
1.673301798e-03
1.493974123e-03
2.069701441e-03
2.774825785e-03
3.475653473e-03
3.329754341e-03
2.601593500e-03
2.070658607e-03
6.501066964e-04
2.505044977e-04
-1.949454163e-04
-3.764214925e-04
-5.716277519e-04
1.542751561e-04
-4.011367273e-04
-1.132813923e-04
4.029655538e-04
1.376807049e-04
5.162700545e-04
9.787853342e-04
1.522624400e-03
1.643096679e-03
1.593547175e-03
1.984811155e-03
1.367536373e-03
1.479171799e-03
1.637964044e-03
2.247716300e-03
2.587390598e-03
3.800046165e-03
3.157350700e-03
2.823068993e-03
2.348128241e-03
1.065824879e-03
5.504154833e-04
3.632119624e-04
2.967100008e-04
6.401567953e-05
-5.590565252e-06
5.545949098e-04
2.210155071e-04
4.980036756e-04
5.551925278e-04
8.812490851e-04
1.232498093e-03
2.269682474e-03
1.951728831e-03
2.194586443e-03
2.486025915e-03
1.858601696e-03
1.756278216e-03
2.188614104e-03
2.850403544e-03
3.213826567e-03
3.860575380e-03
4.504560027e-03
3.509683069e-03
2.777218120e-03
1.806900837e-03
1.287657185e-03
7.537392667e-04
1.301863347e-03
7.064603851e-04
9.100222960e-04
1.471166033e-03
1.200738712e-03
1.518448349e-03
1.792693860e-03
2.216675319e-03
2.600284992e-03
3.037840594e-03
3.895428963e-03
3.646384459e-03
