1.694962926e-01
1.631231770e-01
1.676355289e-01
1.708918653e-01
1.651079916e-01
1.635728615e-01
1.614639960e-01
1.588744333e-01
1.561453132e-01
1.570291760e-01
1.577889878e-01
1.559127178e-01
1.456319985e-01
1.450117439e-01
1.420190157e-01
1.455699730e-01
1.460971894e-01
1.464538358e-01
1.435386394e-01
1.453528839e-01
1.471981412e-01
1.478028894e-01
1.466554185e-01
1.428563593e-01
1.370724856e-01
1.384990711e-01
1.444535148e-01
1.464538358e-01
1.385455902e-01
1.274120209e-01
1.248224581e-01
1.267917663e-01
1.230237199e-01
1.186819380e-01
1.139369906e-01
1.155806652e-01
1.188680144e-01
1.199844726e-01
1.204496635e-01
1.149449043e-01
1.118281251e-01
1.028344341e-01
9.599612756e-02
9.779486578e-02
1.066800123e-01
1.066334932e-01
1.088819160e-01
1.094246387e-01
1.061527959e-01
1.082461551e-01
1.006325304e-01
9.615119120e-02
8.974706290e-02
9.593410211e-02
1.004774667e-01
1.009116449e-01
1.035942459e-01
1.091920433e-01
1.095176769e-01
1.071296969e-01
1.020436095e-01
1.013458231e-01
9.692650940e-02
8.971605018e-02
9.450751663e-02
1.005705049e-01
9.967113581e-02
9.612017848e-02
9.442998481e-02
9.331352661e-02
9.022776019e-02
8.526572373e-02
8.298628823e-02
8.464546917e-02
8.400970825e-02
9.222808113e-02
9.286384205e-02
9.263124659e-02
8.644420739e-02
8.501762191e-02
8.846003470e-02
8.894073198e-02
8.669230921e-02
8.729705740e-02
8.148217093e-02
7.554323355e-02
7.558975264e-02
7.675272994e-02
7.816380905e-02
7.783817541e-02
7.845842997e-02
8.093944820e-02
7.529513173e-02
7.092233710e-02
7.438025626e-02
8.016413000e-02
7.020904436e-02
5.440805952e-02
5.764888958e-02
6.529352700e-02
7.403911625e-02
7.309322805e-02
7.586886719e-02
7.717140176e-02
7.828785997e-02
7.808627723e-02
8.286223732e-02
8.543629373e-02
7.867551906e-02
7.079828619e-02
6.090522601e-02
5.437704680e-02
5.096564673e-02
5.302799314e-02
5.383432406e-02
5.648591229e-02
5.695110321e-02
6.585175610e-02
6.858087615e-02
6.679764430e-02
6.760397522e-02
6.868942070e-02
6.239383694e-02
6.507643790e-02
6.929416889e-02
7.253499895e-02
6.437865153e-02
6.588276883e-02
6.969733435e-02
6.527802063e-02
6.445618335e-02
7.317075987e-02
7.638057720e-02
7.152708529e-02
7.293816441e-02
7.482994081e-02
7.658215993e-02
7.546570173e-02
7.472139626e-02
7.031758891e-02
6.738688613e-02
6.560365428e-02
6.335523151e-02
6.180459512e-02
5.578812591e-02
5.966471689e-02
6.411504334e-02
5.861028415e-02
5.637736774e-02
6.213022876e-02
6.634795974e-02
6.765049431e-02
6.296757241e-02
6.200617785e-02
6.050206055e-02
5.871882869e-02
6.478181699e-02
6.458023426e-02
5.482673135e-02
5.535394772e-02
5.513685863e-02
4.856216033e-02
4.125866292e-02
3.887068287e-02
4.651532029e-02
4.902735124e-02
4.846912214e-02
5.122925492e-02
5.307451223e-02
5.017482217e-02
4.556943209e-02
4.284031204e-02
4.006467290e-02
4.195644929e-02
4.860867942e-02
5.003526490e-02
4.859317305e-02
4.555392572e-02
4.003366017e-02
4.491816480e-02
5.524540318e-02
5.575711319e-02
4.136720747e-02
3.643618374e-02
3.913429106e-02
5.236121949e-02
5.800553595e-02
5.329160132e-02
4.339854114e-02
4.254569112e-02
4.598810391e-02
4.294885659e-02
4.108809291e-02
4.389474478e-02
5.192704130e-02
5.420647679e-02
4.541436845e-02
3.956846925e-02
3.987859653e-02
4.485613935e-02
4.361563023e-02
3.242003548e-02
3.620358828e-02
4.525930481e-02
4.398778297e-02
4.437544207e-02
4.761627213e-02
4.473208844e-02
4.167733474e-02
4.524379845e-02
4.587955937e-02
4.798842486e-02
4.161530929e-02
4.225107021e-02
4.850013487e-02
5.274887858e-02
4.670139665e-02
4.569348300e-02
4.932197216e-02
5.460964226e-02
4.984918853e-02
4.001815380e-02
3.482352189e-02
3.035768908e-02
3.522668735e-02
3.876213833e-02
3.654472829e-02
3.821941559e-02
4.400328933e-02
5.003526490e-02
5.450109771e-02
5.509033954e-02
4.887228760e-02
3.580042282e-02
2.499248716e-02
2.959787725e-02
3.953745652e-02
4.316594568e-02
3.851403650e-02
3.880865742e-02
4.435993570e-02
4.386373206e-02
4.135170110e-02
4.291784386e-02
5.344666496e-02
6.141693602e-02
6.546409700e-02
6.360333333e-02
6.555713518e-02
6.718530340e-02
7.261253077e-02
1.844289210e-01
8.329670857e-01
2.605297963e+00
5.622495242e+00
9.316917460e+00
1.278936608e+01
1.540549125e+01
1.697061059e+01
1.761000000e+01
1.759424553e+01
1.717254997e+01
1.655031060e+01
1.586722425e+01
1.517886575e+01
1.455543238e+01
1.400208779e+01
1.351993291e+01
1.309836139e+01
1.272240960e+01
1.239431044e+01
1.209592148e+01
1.183228228e+01
1.158447508e+01
1.134663847e+01
1.111816771e+01
1.090379222e+01
1.071293990e+01
1.057359971e+01
1.040064173e+01
1.012605504e+01
9.813756866e+00
9.526175841e+00
9.287160747e+00
9.095874242e+00
8.924730503e+00
8.761960201e+00
8.584195245e+00
8.413966382e+00
8.238000164e+00
8.069383963e+00
7.898581364e+00
7.743176585e+00
7.564481247e+00
7.389321360e+00
7.224845358e+00
7.059066822e+00
6.896312026e+00
6.739992371e+00
6.591891089e+00
6.443820820e+00
6.299999295e+00
6.162271770e+00
6.025877793e+00
5.881994243e+00
5.714758108e+00
5.558578010e+00
5.422199540e+00
5.303172690e+00
5.175245188e+00
5.058497774e+00
4.955132352e+00
4.838462470e+00
4.731949256e+00
4.634321189e+00
4.546167510e+00
4.441530566e+00
4.333063550e+00
4.233063009e+00
4.139078938e+00
4.054476216e+00
3.967919693e+00
3.874633407e+00
3.773842042e+00
3.685564312e+00
3.594371386e+00
3.513815825e+00
3.439354266e+00
3.355542369e+00
3.270520975e+00
3.182863500e+00
3.101780723e+00
3.024295423e+00
2.951368993e+00
2.880194783e+00
2.805826261e+00
2.739350479e+00
2.681387691e+00
2.622618571e+00
2.561445966e+00
2.504274002e+00
2.448404573e+00
2.394628503e+00
2.341255598e+00
2.284192179e+00
2.237006313e+00
2.194829004e+00
2.159986204e+00
2.111342740e+00
2.062683770e+00
2.008209914e+00
1.955751885e+00
1.916737873e+00
1.876995062e+00
1.830274388e+00
1.779460033e+00
1.735406453e+00
1.687972486e+00
1.653176205e+00
1.613293837e+00
1.568868105e+00
1.533777203e+00
1.500717635e+00
1.470325162e+00
1.439715600e+00
1.410408572e+00
1.383086359e+00
1.354446104e+00
1.332085928e+00
1.304841246e+00
1.271409526e+00
1.246661369e+00
1.230317661e+00
1.203135005e+00
1.180557739e+00
1.150397862e+00
1.124331664e+00
1.108685743e+00
1.092016401e+00
1.073253701e+00
1.043031798e+00
1.013833315e+00
9.896433868e-01
9.697952410e-01
9.579948980e-01
9.376505486e-01
9.118169463e-01
8.962640632e-01
8.828510585e-01
8.672206436e-01
8.504427579e-01
8.340990503e-01
8.249192828e-01
8.133825481e-01
7.993803015e-01
7.855641312e-01
7.747561956e-01
7.625216744e-01
7.446583432e-01
7.239883601e-01
7.120329535e-01
7.006202696e-01
6.888664458e-01
6.768180010e-01
6.669094345e-01
6.491701541e-01
6.400058931e-01
6.238947809e-01
6.093653180e-01
6.029922024e-01
5.901839458e-01
5.820120920e-01
5.708164972e-01
5.621329334e-01
5.486734096e-01
5.414164312e-01
5.426414340e-01
5.434012458e-01
5.266698792e-01
5.118147825e-01
5.064185679e-01
4.939049322e-01
4.847561775e-01
4.728783027e-01
4.629232171e-01
4.642877771e-01
4.665517062e-01
4.643498025e-01
4.511538868e-01
4.529836378e-01
4.562554806e-01
4.471532450e-01
4.342829629e-01
4.295380155e-01
4.228547727e-01
4.162335553e-01
4.192417899e-01
4.126205725e-01
4.175050771e-01
4.120623434e-01
4.015180159e-01
3.973312977e-01
3.995797204e-01
3.944471140e-01
3.831274683e-01
3.809255646e-01
3.765682764e-01
3.713891508e-01
3.720869372e-01
3.653881880e-01
3.548748733e-01
3.484242259e-01
3.472302358e-01
3.386397102e-01
3.413843366e-01
3.437413040e-01
3.403919293e-01
3.270409500e-01
3.155042153e-01
3.205437835e-01
3.195358699e-01
3.196444144e-01
3.164035844e-01
3.168997880e-01
3.186520071e-01
3.103561024e-01
3.070222342e-01
3.136589579e-01
3.205127708e-01
3.140311107e-01
3.067431196e-01
3.097203415e-01
3.135349070e-01
3.177836508e-01
3.148374416e-01
3.057662187e-01
2.962142985e-01
2.966329704e-01
2.946326494e-01
2.925082776e-01
2.951908785e-01
2.956560694e-01
2.874687093e-01
2.767383054e-01
2.775756491e-01
2.776221682e-01
2.791572982e-01
2.839332583e-01
2.748775418e-01
2.743038063e-01
2.756838727e-01
2.671243598e-01
2.591385824e-01
2.620537788e-01
2.685509453e-01
2.714506353e-01
2.697604417e-01
2.638990361e-01
2.589059869e-01
2.582702260e-01
2.622863743e-01
2.587044042e-01
2.625189697e-01
2.630616925e-01
2.609838397e-01
2.585958597e-01
2.557426887e-01
2.508116650e-01
2.392284111e-01
2.319249137e-01
2.298470609e-01
2.276296509e-01
2.283274373e-01
2.235204645e-01
2.185274153e-01
2.172869062e-01
2.155191807e-01
2.124024015e-01
2.216441944e-01
2.281413609e-01
2.237995790e-01
2.232723626e-01
2.233498945e-01
2.291802873e-01
2.245438845e-01
2.199074817e-01
2.180157053e-01
2.142321525e-01
2.117046152e-01
2.126349970e-01
2.161549416e-01
2.182017816e-01
2.135498725e-01
2.014083895e-01
2.058742223e-01
2.130381625e-01
2.111618924e-01
2.069906805e-01
2.076884669e-01
2.102315106e-01
2.110378415e-01
2.066960596e-01
2.060292860e-01
2.062618814e-01
2.071612505e-01
2.044476368e-01
2.075644160e-01
2.133172770e-01
2.159223461e-01
2.082777087e-01
2.035327614e-01
2.032071277e-01
1.949422358e-01
1.962447703e-01
1.986947758e-01
2.137669616e-01
2.146663307e-01
2.091305587e-01
1.980435085e-01
1.897165911e-01
1.955314776e-01
1.969580631e-01
1.973767349e-01
2.004004759e-01
2.072542887e-01
1.985086995e-01
1.933295739e-01
1.948181848e-01
1.967409740e-01
2.037963696e-01
2.050058659e-01
1.986482567e-01
1.890343111e-01
1.891428556e-01
1.953143885e-01
1.952058439e-01
1.965393912e-01
1.911896957e-01
1.884760820e-01
1.858244938e-01
1.867238629e-01
1.824130937e-01
1.837776537e-01
1.768773218e-01
1.709538908e-01
1.717292090e-01
1.763190927e-01
1.765827009e-01
1.698529389e-01
1.670928062e-01
1.724114890e-01
1.704421808e-01
1.718842726e-01
1.735899726e-01
1.746599117e-01
1.724890208e-01
1.672943889e-01
1.621927952e-01
1.659608416e-01
1.606421588e-01
1.562228450e-01
1.589519651e-01
1.603165251e-01
1.661314116e-01
1.715586390e-01
1.794358718e-01
1.808314446e-01
1.794513782e-01
1.816687882e-01
1.797770118e-01
1.715121199e-01
1.665966025e-01
1.670462871e-01
1.670928062e-01
1.780558054e-01
1.840412619e-01
1.810795464e-01
1.803972664e-01
1.824130937e-01
1.828007528e-01
1.761020036e-01
1.743963036e-01
1.737760490e-01
1.663019816e-01
1.627975433e-01
1.598358278e-01
1.645807752e-01
1.668602107e-01
1.659763479e-01
1.642706479e-01
1.638054570e-01
1.601149424e-01
1.574943669e-01
1.560832878e-01
1.538038523e-01
1.566880360e-01
1.585953187e-01
1.586573442e-01
1.571222141e-01
1.589519651e-01
1.605956397e-01
1.628285561e-01
1.684573662e-01
1.691241398e-01
1.743963036e-01
1.679301498e-01
1.660693861e-01
1.631231770e-01
1.587813951e-01
1.583317105e-01
1.611073497e-01
1.629526070e-01
1.654491316e-01
1.599598787e-01
1.547032214e-01
1.470120649e-01
1.492604876e-01
1.526098622e-01
1.529354959e-01
1.482680803e-01
1.485006758e-01
1.478339022e-01
1.475237749e-01
1.493845386e-01
1.436626903e-01
1.456475048e-01
1.494000449e-01
1.500358058e-01
1.471361158e-01
1.486712458e-01
1.491829558e-01
1.473842176e-01
1.496016276e-01
1.467019376e-01
1.351962156e-01
1.351652028e-01
1.437557284e-01
1.463452912e-01
1.449807312e-01
1.373360938e-01
1.346224801e-01
1.346845056e-01
1.332579201e-01
1.346845056e-01
1.327927292e-01
1.333044392e-01
1.305132937e-01
1.273810081e-01
1.298310136e-01
1.312110800e-01
1.302651918e-01
1.261249927e-01
1.285905045e-01
1.241091654e-01
1.238300508e-01
1.268848045e-01
1.266832218e-01
1.275205654e-01
1.305132937e-01
1.272259445e-01
1.230857453e-01
1.292417718e-01
1.307924082e-01
1.306218382e-01
1.266211963e-01
1.206822589e-01
1.207752971e-01
1.260629672e-01
1.361731165e-01
1.379098292e-01
1.405459111e-01
1.371965365e-01
1.283734154e-01
1.315212073e-01
1.350256456e-01
1.442209194e-01
1.402512902e-01
1.414297739e-01
1.443294639e-01
1.409025575e-01
1.399256566e-01
1.442984512e-01
1.386386284e-01
1.392123638e-01
1.460041512e-01
1.411971784e-01
1.466864312e-01
1.512608086e-01
1.421895857e-01
1.350721646e-01
1.291332273e-01
1.329012737e-01
1.369329283e-01
1.392123638e-01
1.401117329e-01
1.325756401e-01
1.296294309e-01
1.294588609e-01
1.245588499e-01
1.287610745e-01
1.313196246e-01
1.286370236e-01
1.284044282e-01
1.263110690e-01
1.202480807e-01
1.221088444e-01
1.274585400e-01
1.299240518e-01
1.285439854e-01
1.275670845e-01
1.244813181e-01
1.231632772e-01
1.277066418e-01
1.327151973e-01
1.287145554e-01
1.243572672e-01
1.230392262e-01
1.197518771e-01
1.249465090e-01
1.287920873e-01
1.339712128e-01
1.345604546e-01
1.285284791e-01
1.230857453e-01
1.240471399e-01
1.280787945e-01
1.293193036e-01
1.211784626e-01
1.152085125e-01
1.189920653e-01
1.276291100e-01
1.337541237e-01
1.394449593e-01
1.293348100e-01
1.312110800e-01
1.332269073e-01
1.348395692e-01
1.374446383e-01
1.378478038e-01
1.384680583e-01
1.389952747e-01
1.390573002e-01
1.370724856e-01
1.402357838e-01
1.387626793e-01
1.388091984e-01
1.372585620e-01
1.349946328e-01
1.284974663e-01
1.226825799e-01
1.331338692e-01
1.390417938e-01
1.344364037e-01
1.259079036e-01
1.216126408e-01
1.225275162e-01
1.232253026e-01
1.358474828e-01
1.449187057e-01
1.350876710e-01
1.260939799e-01
1.238300508e-01
1.293968355e-01
1.340797574e-01
1.306683573e-01
1.148828788e-01
1.062923532e-01
1.056410859e-01
1.151930061e-01
1.258458781e-01
1.270708809e-01
1.311800673e-01
1.329012737e-01
1.340177319e-01
1.361576101e-01
1.339091874e-01
1.346534928e-01
1.391968575e-01
1.378478038e-01
1.366072947e-01
1.373360938e-01
1.307924082e-01
1.419724966e-01
1.536022695e-01
1.494310576e-01
1.432440184e-01
1.406544557e-01
1.390262875e-01
1.360800783e-01
1.454769348e-01
1.478183958e-01
1.380338802e-01
1.374601447e-01
1.375376765e-01
1.398481247e-01
1.394759720e-01
1.468414949e-01
1.508421368e-01
1.419259775e-01
1.329477928e-01
1.298930391e-01
1.294123418e-01
1.342503274e-01
1.443139575e-01
1.408560384e-01
1.391348320e-01
1.414142675e-01
1.445000339e-01
1.451823139e-01
1.403753411e-01
1.343898846e-01
1.318933600e-01
1.336455792e-01
1.321414619e-01
1.341417828e-01
1.346689992e-01
1.300015836e-01
1.277221482e-01
1.228531499e-01
1.250240408e-01
1.226515671e-01
1.269468300e-01
1.266987281e-01
1.247759390e-01
1.235044172e-01
1.156581970e-01
1.145107261e-01
1.193797244e-01
1.242952417e-01
1.207597907e-01
1.241711908e-01
1.251170790e-01
1.203721317e-01
1.217366917e-01
1.217987171e-01
1.221708699e-01
1.230082135e-01
1.280477818e-01
1.304667746e-01
1.276136036e-01
1.345139355e-01
1.359250147e-01
1.346845056e-01
1.383595138e-01
1.367468520e-01
1.312265864e-01
1.327151973e-01
1.321879810e-01
1.235044172e-01
1.184183298e-01
1.126034433e-01
1.138129397e-01
1.153325634e-01
1.148828788e-01
1.178911134e-01
1.197518771e-01
1.240781526e-01
1.278617054e-01
1.218452362e-01
1.218452362e-01
1.302341791e-01
1.248999899e-01
1.226825799e-01
1.233338472e-01
1.318468410e-01
1.380338802e-01
1.372430556e-01
1.350411519e-01
1.286215173e-01
1.273499954e-01
1.266987281e-01
1.291797464e-01
1.343743783e-01
1.359095083e-01
1.379873611e-01
1.355373556e-01
1.372120429e-01
1.300946218e-01
1.325446273e-01
1.306528509e-01
1.302031664e-01
1.352427347e-01
1.376152083e-01
1.281253136e-01
1.188370016e-01
1.167746552e-01
1.247914454e-01
1.277841736e-01
1.280943009e-01
1.225275162e-01
1.188990271e-01
1.187439634e-01
1.244813181e-01
1.275825909e-01
1.340022255e-01
1.275515781e-01
1.200775107e-01
1.190540907e-01
1.165730725e-01
1.177825689e-01
1.167746552e-01
1.184183298e-01
1.168987061e-01
1.146502834e-01
1.197053580e-01
1.221243508e-01
1.183407980e-01
1.119986951e-01
1.085407760e-01
1.073002669e-01
1.104945778e-01
1.103705269e-01
1.063853914e-01
1.129911024e-01
1.172863652e-01
1.201550426e-01
1.192091544e-01
1.204651698e-01
1.133632552e-01
1.025398131e-01
1.072537478e-01
1.084477378e-01
1.071917223e-01
1.106031224e-01
1.170382634e-01
1.162629452e-01
1.203256126e-01
1.145107261e-01
1.066955187e-01
1.116110360e-01
1.158132607e-01
1.266211963e-01
1.206977653e-01
1.063853914e-01
1.029119659e-01
1.055170350e-01
1.100759060e-01
1.120297079e-01
1.060132387e-01
9.937651490e-02
1.077034323e-01
1.122623033e-01
1.133942679e-01
1.086338142e-01
1.067885569e-01
1.107891987e-01
1.098278042e-01
1.100603996e-01
1.133322424e-01
1.186509253e-01
1.186664316e-01
1.151309806e-01
1.163404770e-01
1.081686232e-01
1.002758840e-01
9.832208215e-02
1.048347550e-01
1.088974223e-01
1.096727405e-01
1.093626133e-01
1.003844286e-01
1.009736704e-01
9.703505395e-02
9.294137387e-02
8.856857925e-02
9.345308388e-02
1.025708259e-01
1.059977323e-01
1.099208424e-01
9.979518673e-02
9.354612207e-02
9.839961397e-02
1.049898186e-01
1.021831668e-01
1.049432995e-01
1.069591269e-01
1.032065868e-01
1.001053140e-01
9.208852386e-02
8.752965286e-02
8.045875091e-02
8.771572923e-02
1.014233549e-01
1.051603886e-01
