6.322777185e-03
5.824859423e-03
5.494647987e-03
5.695435165e-03
5.673088355e-03
5.848290657e-03
5.946178751e-03
6.380109563e-03
6.238963185e-03
6.021391968e-03
6.497683989e-03
6.331831551e-03
6.128355212e-03
6.507329097e-03
6.854072360e-03
6.666239473e-03
7.061585223e-03
7.476189280e-03
7.686962753e-03
7.167937387e-03
7.321613974e-03
6.734029077e-03
7.250506252e-03
7.727330015e-03
7.594400433e-03
7.170503133e-03
6.844843463e-03
6.824247998e-03
7.346392085e-03
6.599408087e-03
6.787877123e-03
7.140023778e-03
6.888200332e-03
6.237672548e-03
6.072409037e-03
6.918789561e-03
7.387717357e-03
7.902120598e-03
7.871748672e-03
7.918203667e-03
7.904803450e-03
8.021641487e-03
8.214699978e-03
8.613642863e-03
8.806768375e-03
8.434623194e-03
7.917041980e-03
7.904505996e-03
8.695138559e-03
9.624316078e-03
9.555074322e-03
8.742896972e-03
8.636546931e-03
8.932376024e-03
9.169763592e-03
8.712598023e-03
7.896583829e-03
6.913229474e-03
7.121586024e-03
7.138335764e-03
7.290303570e-03
6.891533163e-03
6.831385302e-03
6.106290463e-03
6.536776996e-03
6.313262064e-03
5.687411469e-03
5.773682713e-03
5.851151826e-03
5.380537245e-03
5.680416032e-03
5.878720198e-03
6.104960532e-03
5.914068709e-03
5.454279933e-03
5.690990582e-03
5.788472720e-03
5.010860066e-03
3.924909434e-03
4.248914804e-03
5.163314056e-03
5.167553407e-03
5.117623541e-03
5.697389814e-03
5.445394077e-03
5.874706378e-03
6.005760604e-03
6.305574081e-03
6.142729192e-03
6.457352827e-03
6.469406382e-03
6.819516849e-03
6.635117191e-03
6.308600882e-03
5.718058960e-03
5.953639363e-03
5.664757296e-03
5.511667541e-03
5.278255302e-03
5.274673613e-03
4.926207524e-03
5.057189128e-03
4.595071321e-03
5.324923016e-03
5.075990812e-03
5.314855782e-03
5.645709998e-03
5.239758867e-03
4.899092189e-03
4.224799340e-03
4.755427972e-03
4.709576659e-03
5.064101532e-03
5.506551997e-03
4.762815231e-03
4.271629832e-03
4.486443844e-03
4.859218321e-03
4.487722130e-03
3.933353393e-03
3.860441784e-03
4.325436563e-03
3.987568101e-03
4.387433936e-03
5.044426139e-03
3.968687949e-03
3.750770092e-03
4.228028497e-03
3.569377897e-03
3.327494386e-03
2.896330116e-03
2.186025953e-03
1.330160648e-03
6.626597541e-04
4.858155669e-04
-1.920034078e-05
8.519782558e-05
6.337838369e-04
1.141966887e-03
1.098404259e-03
1.249048708e-03
3.608071679e-04
5.072386987e-04
2.272441487e-04
1.583657992e-03
2.217652727e-03
2.556246362e-03
2.044240919e-03
1.518638584e-03
1.596926887e-03
2.039242076e-03
2.608402927e-03
2.656904727e-03
2.931682799e-03
2.880299138e-03
3.462935592e-03
2.825268749e-03
2.487201722e-03
2.550104789e-03
2.025341762e-03
1.953454140e-03
2.395866727e-03
2.877377292e-03
3.654409697e-03
3.878013483e-03
4.361433123e-03
3.335298103e-03
2.870208399e-03
2.967545081e-03
3.617046001e-03
3.490727423e-03
3.307875214e-03
3.336571685e-03
2.924499042e-03
2.115444662e-03
1.853244324e-03
1.860115518e-03
2.420606553e-03
2.328053776e-03
2.051549733e-03
2.041228595e-03
2.125395094e-03
1.358916436e-03
1.892889228e-03
2.774044832e-03
3.096228745e-03
3.259300111e-03
2.769143114e-03
2.082646173e-03
1.923573731e-03
2.257603196e-03
1.900010404e-03
1.797956236e-03
1.758876136e-03
1.927390946e-03
2.256001099e-03
1.419613429e-03
9.834989371e-04
8.824662406e-04
9.975589352e-04
5.565525216e-04
8.050809560e-04
1.720668074e-03
2.427983235e-03
3.062632857e-03
3.253040683e-03
3.180736453e-03
2.423317021e-03
2.555986358e-03
2.515972199e-03
2.583313657e-03
2.679387630e-03
3.226834615e-03
3.024367379e-03
3.530575037e-03
3.368777731e-03
2.586344309e-03
2.691170864e-03
1.961997791e-03
1.927183750e-03
1.900474450e-03
1.901560306e-03
1.977086645e-03
1.687007308e-03
1.727455115e-03
1.263715933e-03
1.237040898e-03
1.413385654e-03
1.007500091e-03
1.090324006e-03
1.754169205e-03
9.605114708e-04
1.832458357e-03
2.322559022e-03
2.761888410e-03
2.519933766e-03
2.765128233e-03
3.123354805e-03
3.069998668e-03
2.295952687e-03
1.592006296e-03
1.444794138e-03
1.209400283e-03
9.938993484e-04
1.665475839e-03
2.383464336e-03
3.193586968e-03
4.379215000e-03
5.404030040e-03
1.319885298e-02
6.911428847e-02
4.990393349e-01
2.306065990e+00
5.398414821e+00
8.464148968e+00
1.065130009e+01
1.179416726e+01
1.220028686e+01
1.225327206e+01
1.214225910e+01
1.192073069e+01
1.154537749e+01
1.105590217e+01
1.053141178e+01
1.002103655e+01
9.538634153e+00
9.103166316e+00
8.734755118e+00
8.444549322e+00
8.227435413e+00
8.050696463e+00
7.885761766e+00
7.707040546e+00
7.517269072e+00
7.319855477e+00
7.117817242e+00
6.910323570e+00
6.718378869e+00
6.571362064e+00
6.467842922e+00
6.376009206e+00
6.271370192e+00
6.148955449e+00
6.014511090e+00
5.874082664e+00
5.733378157e+00
5.592287038e+00
5.457423857e+00
5.331698673e+00
5.218384152e+00
5.116668369e+00
5.022348589e+00
4.929684991e+00
4.837303242e+00
4.744436411e+00
4.652163791e+00
4.560451377e+00
4.473232695e+00
4.392187356e+00
4.315804885e+00
4.243131383e+00
4.173992761e+00
4.112444718e+00
4.059764535e+00
4.007476411e+00
3.944124464e+00
3.871229084e+00
3.796253419e+00
3.725426756e+00
3.657368028e+00
3.591649183e+00
3.527416563e+00
3.461833252e+00
3.395918640e+00
3.330306146e+00
3.264759514e+00
3.199060868e+00
3.134886536e+00
3.069937108e+00
3.008413301e+00
2.948829210e+00
2.891786819e+00
2.837529806e+00
2.786444773e+00
2.736144235e+00
2.687447334e+00
2.639980722e+00
2.595718480e+00
2.556651858e+00
2.518104177e+00
2.476773392e+00
2.432478185e+00
2.387146784e+00
2.343856275e+00
2.303213787e+00
2.262581782e+00
2.223326328e+00
2.184053882e+00
2.147139161e+00
2.109581405e+00
2.071904609e+00
2.033491506e+00
1.995244562e+00
1.958029881e+00
1.920645256e+00
1.885098577e+00
1.851154962e+00
1.818089532e+00
1.786178288e+00
1.756788296e+00
1.727561981e+00
1.697771293e+00
1.668926287e+00
1.641577966e+00
1.613927542e+00
1.585262211e+00
1.553950600e+00
1.522508100e+00
1.492701061e+00
1.464504924e+00
1.437018294e+00
1.410699438e+00
1.385103884e+00
1.358664312e+00
1.332578539e+00
1.306275186e+00
1.279924280e+00
1.253243014e+00
1.228057273e+00
1.204408856e+00
1.181836895e+00
1.160805526e+00
1.139903553e+00
1.121282869e+00
1.102094606e+00
1.082800472e+00
1.064486694e+00
1.045733772e+00
1.028310424e+00
1.012685209e+00
9.963870390e-01
9.802943798e-01
9.611884343e-01
9.462443732e-01
9.299746965e-01
9.159586378e-01
9.000708802e-01
8.857301065e-01
8.704423221e-01
8.572614309e-01
8.429180545e-01
8.277246402e-01
8.134971028e-01
7.976378122e-01
7.831404366e-01
7.692631902e-01
7.557578358e-01
7.427531090e-01
7.285219691e-01
7.167562427e-01
7.034935326e-01
6.917315925e-01
6.788281328e-01
6.679427457e-01
6.558728813e-01
6.451161435e-01
6.323355322e-01
6.198467619e-01
6.089448510e-01
5.979828915e-01
5.877300859e-01
5.783535000e-01
5.680177830e-01
5.589752310e-01
5.475039679e-01
5.376449648e-01
5.262135014e-01
5.156282969e-01
5.057477903e-01
4.984304612e-01
4.901064896e-01
4.832194421e-01
4.750981963e-01
4.669437434e-01
4.600532817e-01
4.516859070e-01
4.429087465e-01
4.346248507e-01
4.273963081e-01
4.220428351e-01
4.158990241e-01
4.085178146e-01
4.012690904e-01
3.948736026e-01
3.882947560e-01
3.818347967e-01
3.757272736e-01
3.682866315e-01
3.620615281e-01
3.559094546e-01
3.497030720e-01
3.437127182e-01
3.372836617e-01
3.304767879e-01
3.240117147e-01
3.186778698e-01
3.135316160e-01
3.081666783e-01
3.032000889e-01
2.977629605e-01
2.918979443e-01
2.863522414e-01
2.800172757e-01
2.742807486e-01
2.696669071e-01
2.649734386e-01
2.602384260e-01
2.559353980e-01
2.527181016e-01
2.489603186e-01
2.452680512e-01
2.418076270e-01
2.383175693e-01
2.342643395e-01
2.300761257e-01
2.266983884e-01
2.232403510e-01
2.193475663e-01
2.157590295e-01
2.123481154e-01
2.096282706e-01
2.079718892e-01
2.050973959e-01
2.022194160e-01
1.993201009e-01
1.961735373e-01
1.926093116e-01
1.889025662e-01
1.852438499e-01
1.815762077e-01
1.785640999e-01
1.758008408e-01
1.723675300e-01
1.687902007e-01
1.660420416e-01
1.625239275e-01
1.600012009e-01
1.574912143e-01
1.551225667e-01
1.523179054e-01
1.498342350e-01
1.474547288e-01
1.453077459e-01
1.430297084e-01
1.408707543e-01
1.384171072e-01
1.368366749e-01
1.349269826e-01
1.332007668e-01
1.308463518e-01
1.281790961e-01
1.258016173e-01
1.241511691e-01
1.222298166e-01
1.213222921e-01
1.198357561e-01
1.181291259e-01
1.172277218e-01
1.145213176e-01
1.132291408e-01
1.111264555e-01
1.098367487e-01
1.079375716e-01
1.062805448e-01
1.046940227e-01
1.031752997e-01
1.021192726e-01
1.017970990e-01
1.009980985e-01
1.001214627e-01
1.008889772e-01
9.986514728e-02
9.839706767e-02
9.746135756e-02
9.664279784e-02
9.629534749e-02
9.375135942e-02
9.272748951e-02
9.087239110e-02
8.960311018e-02
8.898821768e-02
8.948424065e-02
8.845984353e-02
8.842743972e-02
8.669445040e-02
8.391565410e-02
8.350125431e-02
8.211934108e-02
8.088835538e-02
7.995640508e-02
7.866246826e-02
7.777390165e-02
7.602222303e-02
7.619285768e-02
7.526718467e-02
7.607277062e-02
7.575627877e-02
7.517221234e-02
7.364336567e-02
7.394912064e-02
7.334057650e-02
7.304342448e-02
7.285065862e-02
7.138108040e-02
6.972410127e-02
7.008489252e-02
6.936197273e-02
7.016784375e-02
6.785452197e-02
6.820640137e-02
6.632869528e-02
6.712825801e-02
6.627982029e-02
6.626869620e-02
6.441098809e-02
6.459120149e-02
6.403333846e-02
6.289161714e-02
6.273104749e-02
6.166939677e-02
6.154258810e-02
6.148418757e-02
5.985759147e-02
5.957327275e-02
5.783493023e-02
5.839631936e-02
5.686686570e-02
5.648349962e-02
5.536485291e-02
5.681340266e-02
5.550875667e-02
5.655835632e-02
5.705977498e-02
5.552311233e-02
5.634191743e-02
5.580536505e-02
5.512351605e-02
5.477606589e-02
5.388226485e-02
5.424328929e-02
5.184616673e-02
5.261626040e-02
5.126475457e-02
5.157338091e-02
5.034126169e-02
5.129185279e-02
4.899902516e-02
4.982172980e-02
4.970474074e-02
4.848435124e-02
4.958141802e-02
4.898426558e-02
4.828319152e-02
4.823748379e-02
4.865921779e-02
4.967846662e-02
4.887453473e-02
5.030767542e-02
4.934989277e-02
4.958283972e-02
4.911757159e-02
4.956749221e-02
4.823816431e-02
4.986685406e-02
4.964697532e-02
4.821474555e-02
4.898613539e-02
4.819453419e-02
4.736850688e-02
4.773115621e-02
4.775173038e-02
4.858777222e-02
4.720081313e-02
4.849044161e-02
4.703930808e-02
4.797075827e-02
4.753760397e-02
4.788626949e-02
4.534620278e-02
4.651271276e-02
4.665421965e-02
4.532510651e-02
4.594137147e-02
4.607913820e-02
4.500295009e-02
4.427251109e-02
4.422715306e-02
4.420358475e-02
4.277714572e-02
4.352541091e-02
4.275579374e-02
4.361549189e-02
4.300679765e-02
4.292231762e-02
4.117840225e-02
4.339976224e-02
4.263992370e-02
4.128506152e-02
4.193008920e-02
4.095903490e-02
4.100397719e-02
4.128473014e-02
4.146417371e-02
4.271095145e-02
4.110048269e-02
4.171303086e-02
4.057432119e-02
4.120076863e-02
4.147525863e-02
4.232849188e-02
4.084115649e-02
4.201346101e-02
4.067992130e-02
3.977001905e-02
4.062517118e-02
4.001118658e-02
4.006985518e-02
4.081113385e-02
4.051389607e-02
4.073657822e-02
3.950326637e-02
4.031153784e-02
3.928438620e-02
3.930758623e-02
3.840306956e-02
3.936677097e-02
3.814958489e-02
3.965646586e-02
3.989145893e-02
3.894710697e-02
4.002180129e-02
3.918961137e-02
3.873184962e-02
3.916231269e-02
3.904251900e-02
4.022346140e-02
3.897571850e-02
4.036206125e-02
3.916226585e-02
4.010129168e-02
3.982459329e-02
4.015114724e-02
3.949850898e-02
4.051272719e-02
4.072667418e-02
3.972816711e-02
4.079960982e-02
4.078259830e-02
4.074716048e-02
4.186425665e-02
4.213109044e-02
4.290002221e-02
4.039279658e-02
4.178202579e-02
4.132015162e-02
4.188359063e-02
4.086163748e-02
4.226171372e-02
4.200570201e-02
4.339097968e-02
4.295279865e-02
4.183656903e-02
4.290730077e-02
4.321810335e-02
4.248285928e-02
4.218554502e-02
4.180385736e-02
4.290181733e-02
4.187605047e-02
4.291486998e-02
4.247594092e-02
4.234777681e-02
4.201089923e-02
4.272523456e-02
4.213833898e-02
4.382681287e-02
4.335976023e-02
4.169870357e-02
4.237832624e-02
4.157328321e-02
4.115987788e-02
4.144325992e-02
4.104306663e-02
4.207477069e-02
4.103872015e-02
4.174055197e-02
4.190206914e-02
4.276654461e-02
4.194586341e-02
4.293441225e-02
4.187878361e-02
4.233526159e-02
4.242641562e-02
4.168544122e-02
4.254923098e-02
4.331484101e-02
4.404745019e-02
4.458410532e-02
4.515334021e-02
4.627345318e-02
4.568777467e-02
4.673626004e-02
4.586037319e-02
4.730211395e-02
4.715022979e-02
4.804273798e-02
4.653645848e-02
4.773084529e-02
4.780921310e-02
4.689226521e-02
4.639992335e-02
4.591503935e-02
4.463795167e-02
4.478251558e-02
4.493609836e-02
4.641624804e-02
4.533635072e-02
4.529536024e-02
4.474726985e-02
4.498150165e-02
4.464248292e-02
4.508319044e-02
4.468191711e-02
4.555863354e-02
4.553847915e-02
4.505264047e-02
4.609106900e-02
4.568858948e-02
4.605605472e-02
4.622990028e-02
4.606178328e-02
4.658113376e-02
4.554118264e-02
4.659528657e-02
4.621119051e-02
4.674966205e-02
4.646587134e-02
4.754258233e-02
4.683240409e-02
4.799576450e-02
4.768382186e-02
4.680409888e-02
4.819208429e-02
4.844222047e-02
4.860545623e-02
4.846587901e-02
4.794309082e-02
4.856206620e-02
4.743585151e-02
4.806321550e-02
4.744344838e-02
4.722193198e-02
4.606806613e-02
4.673579880e-02
4.618287199e-02
4.685452864e-02
4.674649139e-02
4.531113241e-02
4.582319571e-02
4.530439511e-02
4.476160323e-02
4.471678996e-02
4.431753249e-02
4.422409483e-02
4.297021930e-02
4.373322429e-02
4.326810326e-02
4.447966442e-02
4.396747494e-02
4.490514311e-02
4.363240021e-02
4.449567349e-02
4.442556296e-02
4.416990575e-02
4.497566778e-02
4.381167104e-02
4.350004671e-02
4.363623751e-02
4.370525733e-02
4.423191997e-02
4.347641954e-02
4.296072127e-02
4.186286625e-02
4.274605904e-02
4.286158819e-02
4.335095320e-02
4.246827099e-02
4.307133536e-02
4.260084300e-02
4.231802660e-02
4.287124624e-02
4.298479044e-02
4.248564358e-02
4.269178048e-02
4.233012478e-02
4.383345992e-02
4.301542590e-02
4.343910565e-02
4.288446275e-02
4.280160395e-02
4.234208021e-02
4.272212183e-02
4.132398008e-02
4.202057766e-02
4.163776254e-02
4.143499264e-02
4.187639649e-02
4.141424359e-02
4.151165441e-02
4.194472726e-02
4.150730855e-02
4.245463616e-02
4.156915647e-02
4.207691110e-02
4.086395491e-02
4.171457212e-02
4.204274618e-02
4.266065431e-02
4.107603722e-02
4.170592245e-02
4.146523006e-02
4.136100831e-02
4.164465136e-02
4.118414294e-02
4.146017601e-02
4.149273613e-02
4.174422655e-02
4.247978016e-02
4.088009945e-02
4.185494552e-02
4.123886156e-02
4.130676516e-02
4.132477342e-02
4.168948176e-02
4.095535152e-02
4.200713549e-02
4.210576067e-02
4.089648705e-02
4.086826213e-02
4.037854307e-02
4.152439718e-02
4.115077600e-02
4.101361548e-02
4.157065763e-02
4.094267959e-02
4.191439164e-02
4.076515867e-02
4.060706359e-02
3.994000744e-02
4.032918164e-02
3.971765613e-02
4.057547216e-02
4.035433355e-02
3.931120468e-02
4.050618697e-02
4.020297980e-02
3.979332679e-02
4.126312081e-02
4.091247308e-02
4.123684332e-02
3.959622901e-02
4.013860447e-02
3.973036247e-02
3.967050450e-02
3.932021340e-02
3.995110395e-02
3.862609378e-02
3.932618743e-02
3.924352647e-02
3.877790662e-02
3.936638774e-02
3.908896169e-02
3.882901789e-02
3.909579845e-02
3.841333157e-02
3.836745860e-02
3.808269104e-02
3.856669182e-02
3.811665316e-02
3.901628514e-02
3.902777112e-02
3.938998373e-02
3.876270635e-02
3.980538040e-02
3.977531832e-02
3.918578401e-02
3.963523550e-02
3.933237968e-02
3.939468445e-02
4.052021441e-02
4.045042331e-02
4.139459851e-02
3.952545348e-02
3.979469247e-02
3.975203311e-02
3.956636993e-02
3.895062927e-02
3.965592367e-02
3.939726001e-02
3.954482884e-02
4.028569229e-02
3.951585460e-02
3.948287085e-02
3.891927996e-02
3.854598228e-02
3.953150440e-02
3.878482854e-02
3.895842722e-02
3.914622937e-02
3.956264184e-02
3.907608252e-02
3.918399915e-02
3.965858327e-02
4.045831295e-02
3.990699531e-02
3.989562104e-02
3.909545500e-02
3.824833346e-02
3.833112245e-02
3.843053071e-02
3.777495932e-02
3.859569866e-02
3.906518669e-02
3.873374597e-02
3.733998095e-02
3.732237600e-02
3.677466140e-02
3.689631918e-02
3.717018570e-02
3.796288745e-02
3.749273680e-02
3.788387800e-02
3.689634239e-02
3.616621798e-02
3.749670210e-02
3.717160231e-02
3.754254728e-02
3.756657983e-02
3.732160857e-02
3.806632794e-02
3.825398648e-02
3.867791903e-02
3.866778534e-02
3.835310848e-02
3.804699922e-02
3.781051194e-02
3.652191193e-02
3.793940644e-02
3.755673846e-02
3.682083104e-02
3.672053828e-02
3.635139510e-02
3.567579790e-02
3.640816439e-02
3.739908156e-02
3.781251597e-02
3.737827481e-02
3.724248583e-02
3.640021402e-02
3.700871646e-02
3.602747476e-02
3.609853041e-02
3.596737985e-02
3.649639834e-02
3.601476060e-02
3.537707218e-02
3.532010455e-02
3.466239257e-02
3.480827338e-02
3.461297368e-02
3.375283955e-02
3.443735465e-02
3.396824221e-02
3.427282472e-02
