2.568669517e-02
2.381223960e-02
1.986623691e-02
2.070604326e-02
2.589910908e-02
2.694766950e-02
2.912628325e-02
2.921723711e-02
3.049722536e-02
2.840160872e-02
2.737500162e-02
2.441697135e-02
2.649527732e-02
2.842171205e-02
2.750064272e-02
2.400176212e-02
2.343645453e-02
2.525942289e-02
3.029124984e-02
3.103892430e-02
2.858069574e-02
2.787084869e-02
2.583449785e-02
2.352343273e-02
2.321259476e-02
2.313766988e-02
2.254849224e-02
2.151591990e-02
2.406646759e-02
2.615539865e-02
3.015146833e-02
3.650229023e-02
3.996264906e-02
3.993546095e-02
3.930266009e-02
3.592151531e-02
3.545317571e-02
3.453563810e-02
3.396687076e-02
3.349235591e-02
3.379260153e-02
3.511060412e-02
3.844913159e-02
3.614160724e-02
3.400029443e-02
3.407083472e-02
3.448310329e-02
3.483387638e-02
3.270965464e-02
3.319289835e-02
3.389900948e-02
3.264113343e-02
3.177783626e-02
3.104340427e-02
3.201092355e-02
3.398599062e-02
3.402942692e-02
3.349983581e-02
3.188508014e-02
3.268949990e-02
3.436354552e-02
3.563657332e-02
3.398409308e-02
3.640075553e-02
3.560762490e-02
3.490456384e-02
3.541442693e-02
3.882110704e-02
4.063228873e-02
3.755223522e-02
3.734051774e-02
3.721121720e-02
3.781317314e-02
3.613227500e-02
3.477550100e-02
3.187951625e-02
3.167422694e-02
3.267553678e-02
3.173441161e-02
2.884060438e-02
2.656494406e-02
2.616510020e-02
2.503714121e-02
2.241290089e-02
2.194910359e-02
2.213300823e-02
2.091529878e-02
2.013487469e-02
1.842493612e-02
1.783202802e-02
1.802447789e-02
1.709703463e-02
1.687327121e-02
1.616271169e-02
1.763382178e-02
1.866919703e-02
1.786345609e-02
1.851260128e-02
2.075799208e-02
1.953329544e-02
1.868466980e-02
1.864994514e-02
1.935869573e-02
2.153674443e-02
1.870991416e-02
1.803715804e-02
1.657005440e-02
1.517125768e-02
1.410120142e-02
1.446836183e-02
1.477897712e-02
1.566887234e-02
1.584569380e-02
1.460263106e-02
1.248680542e-02
1.091429003e-02
1.071685440e-02
9.615668861e-03
1.012896322e-02
9.144654087e-03
7.313356277e-03
4.350214198e-03
4.114796860e-03
5.185668845e-03
7.833866032e-03
7.856588266e-03
9.067079757e-03
1.210452462e-02
1.622952802e-02
1.586679802e-02
1.614427980e-02
1.628557568e-02
1.564257321e-02
1.479159555e-02
1.796023504e-02
1.782675506e-02
1.687006098e-02
1.771283167e-02
1.808399242e-02
1.697914612e-02
1.593821267e-02
1.402853831e-02
1.264135727e-02
9.579974561e-03
6.797779773e-03
5.242285226e-03
7.084290236e-03
7.022736387e-03
5.510397210e-03
3.448895108e-03
2.742217159e-03
-7.698307226e-05
-1.190432257e-03
-1.484466839e-03
-7.053549001e-03
-9.645745832e-03
-1.100199259e-02
-1.279908097e-02
-1.515946187e-02
-1.801533589e-02
-1.671856994e-02
-1.687800685e-02
-1.391133087e-02
-1.368584060e-02
-1.579668785e-02
-1.683826175e-02
-1.473528405e-02
-1.293938204e-02
-1.238901170e-02
-1.500239692e-02
-1.656042874e-02
-1.714469394e-02
-1.735943488e-02
-1.658819868e-02
-2.027827824e-02
-2.110568569e-02
-2.338403627e-02
-2.544625880e-02
-2.916374604e-02
-2.971514694e-02
-3.062975486e-02
-3.219162830e-02
-3.322400979e-02
-3.401873890e-02
-3.313683141e-02
-3.413316432e-02
-3.847360663e-02
-3.940525302e-02
-3.955648315e-02
-3.976061278e-02
-4.271718236e-02
-4.104480127e-02
-4.412038475e-02
-4.640937688e-02
-4.558060065e-02
-4.272491968e-02
-4.231659442e-02
-4.587346854e-02
-5.000716720e-02
-5.182320583e-02
-5.339414084e-02
-5.451932072e-02
-5.759618900e-02
-6.105989104e-02
-6.504595586e-02
-6.918611394e-02
-7.269288355e-02
-7.850068712e-02
-8.057104115e-02
-8.222552737e-02
-8.039980336e-02
-8.161251222e-02
-8.365439017e-02
-8.654352626e-02
-8.941563386e-02
-9.346054121e-02
-9.491991365e-02
-9.637673178e-02
-9.674339865e-02
-9.825732650e-02
-9.940348465e-02
-1.011344668e-01
-1.035098263e-01
-1.089300804e-01
-1.130160787e-01
-1.167701730e-01
-1.192325575e-01
-1.215384029e-01
-1.228266061e-01
-1.256387784e-01
-1.275970138e-01
-1.316267579e-01
-1.341279929e-01
-1.360374928e-01
-1.413872066e-01
-1.456385559e-01
-1.482953499e-01
-1.473347224e-01
-1.502790357e-01
-1.561251062e-01
-1.579898799e-01
-1.581157080e-01
-1.617184780e-01
-1.654326554e-01
-1.636436744e-01
-3.499607111e-02
5.380212230e-01
1.692085612e+00
3.146388032e+00
4.637000597e+00
6.035358471e+00
7.319645681e+00
8.481959049e+00
9.498648843e+00
1.034132588e+01
1.099357525e+01
1.147021201e+01
1.177062295e+01
1.191809709e+01
1.193268204e+01
1.184901281e+01
1.174229499e+01
1.168598091e+01
1.168045531e+01
1.169033189e+01
1.166740822e+01
1.157836081e+01
1.143428273e+01
1.126291153e+01
1.109677894e+01
1.096012449e+01
1.083435693e+01
1.071995479e+01
1.059198241e+01
1.046625354e+01
1.033370377e+01
1.020463864e+01
1.006111658e+01
9.904067623e+00
9.727256316e+00
9.543754602e+00
9.373105271e+00
9.210940386e+00
9.063162956e+00
8.928918311e+00
8.785984562e+00
8.637433780e+00
8.476971476e+00
8.319025139e+00
8.163967764e+00
8.025933161e+00
7.892825400e+00
7.762029835e+00
7.613348506e+00
7.452434499e+00
7.291085322e+00
7.145439731e+00
7.021472249e+00
6.908256703e+00
6.798557027e+00
6.681191290e+00
6.549248857e+00
6.415452824e+00
6.264113852e+00
6.121800927e+00
5.986207885e+00
5.870389886e+00
5.756592536e+00
5.660421365e+00
5.558628331e+00
5.457431458e+00
5.351866332e+00
5.239090496e+00
5.125179623e+00
5.004624797e+00
4.886791271e+00
4.779510251e+00
4.694883058e+00
4.622925730e+00
4.547299509e+00
4.465050824e+00
4.364209721e+00
4.263052305e+00
4.161907207e+00
4.070806678e+00
3.982834890e+00
3.910308332e+00
3.848140595e+00
3.787610957e+00
3.725146469e+00
3.652724235e+00
3.566738782e+00
3.478347670e+00
3.394342980e+00
3.328395444e+00
3.272399939e+00
3.231759829e+00
3.186373219e+00
3.142202377e+00
3.086118400e+00
3.020956891e+00
2.945479052e+00
2.869910928e+00
2.804046322e+00
2.750718231e+00
2.712584191e+00
2.675741048e+00
2.645053118e+00
2.615664448e+00
2.572954260e+00
2.521395020e+00
2.452658981e+00
2.390481554e+00
2.329315560e+00
2.286254362e+00
2.254462137e+00
2.237181138e+00
2.209695693e+00
2.180103784e+00
2.137733083e+00
2.083696232e+00
2.031517529e+00
1.987548240e+00
1.947373521e+00
1.921315820e+00
1.893680246e+00
1.875009278e+00
1.844828507e+00
1.816778080e+00
1.774735350e+00
1.737257545e+00
1.698427249e+00
1.666758804e+00
1.634129698e+00
1.611157711e+00
1.592684551e+00
1.571748159e+00
1.551492059e+00
1.526544453e+00
1.496050242e+00
1.462410774e+00
1.427257514e+00
1.402783138e+00
1.377657287e+00
1.364350750e+00
1.343297531e+00
1.329272253e+00
1.308117937e+00
1.291036704e+00
1.265581550e+00
1.246043384e+00
1.225502165e+00
1.203351169e+00
1.183226074e+00
1.161934740e+00
1.142689126e+00
1.128238159e+00
1.111593433e+00
1.104007415e+00
1.088201967e+00
1.080933930e+00
1.067835744e+00
1.052586305e+00
1.030491863e+00
1.012375830e+00
9.894601932e-01
9.768566289e-01
9.615387841e-01
9.493688234e-01
9.462783046e-01
9.421138074e-01
9.326039679e-01
9.206628889e-01
9.061206386e-01
8.960295428e-01
8.715178649e-01
8.563348672e-01
8.392145341e-01
8.342352192e-01
8.281554412e-01
8.282605700e-01
8.186222663e-01
8.123442695e-01
7.998067488e-01
7.812920625e-01
7.678443559e-01
7.536428811e-01
7.455861614e-01
7.388572947e-01
7.330710556e-01
7.329629643e-01
7.211806539e-01
7.132699658e-01
6.976792723e-01
6.859170035e-01
6.704571334e-01
6.644633111e-01
6.542761298e-01
6.529707090e-01
6.500000581e-01
6.464278049e-01
6.412230221e-01
6.291952963e-01
6.158214986e-01
6.058759937e-01
5.888018319e-01
5.818915938e-01
5.760130080e-01
5.825992622e-01
5.780256017e-01
5.732096501e-01
5.635921833e-01
5.600016045e-01
5.501288769e-01
5.430791174e-01
5.306186043e-01
5.204335159e-01
5.175091553e-01
5.169336285e-01
5.132399463e-01
5.107145765e-01
5.087997554e-01
5.082095398e-01
4.937912844e-01
4.869698155e-01
4.772248309e-01
4.769217327e-01
4.681326889e-01
4.672822755e-01
4.607827633e-01
4.615681197e-01
4.583742661e-01
4.492331843e-01
4.435534191e-01
4.391801855e-01
4.337605223e-01
4.319903511e-01
4.277131803e-01
4.267160153e-01
4.207426602e-01
4.200323471e-01
4.087662041e-01
4.088484945e-01
4.018881546e-01
3.996646111e-01
3.893549454e-01
3.896157337e-01
3.876524367e-01
3.806846679e-01
3.785109228e-01
3.762506992e-01
3.713545968e-01
3.686688911e-01
3.620717730e-01
3.590417393e-01
3.519606306e-01
3.526386311e-01
3.456339947e-01
3.437029836e-01
3.381178990e-01
3.404473572e-01
3.346803851e-01
3.316322839e-01
3.292960657e-01
3.258006888e-01
3.252407603e-01
3.172855966e-01
3.102673018e-01
3.064457010e-01
3.025159726e-01
3.047275124e-01
2.978576374e-01
3.039234961e-01
3.002251679e-01
2.981606246e-01
2.912912606e-01
2.904695596e-01
2.821537826e-01
2.796641284e-01
2.774682101e-01
2.737292298e-01
2.764706140e-01
2.746960889e-01
2.719725688e-01
2.721781194e-01
2.676835368e-01
2.665590489e-01
2.558054194e-01
2.558183649e-01
2.536851712e-01
2.563935526e-01
2.511583789e-01
2.497856416e-01
2.478545883e-01
2.510435671e-01
2.492636902e-01
2.401563197e-01
2.369705046e-01
2.324230103e-01
2.322685925e-01
2.335652168e-01
2.294988795e-01
2.334411841e-01
2.267169233e-01
2.244255626e-01
2.164404869e-01
2.138205267e-01
2.103077820e-01
2.109731386e-01
2.059580111e-01
2.084605416e-01
2.088314609e-01
2.057788316e-01
2.043305686e-01
2.013385960e-01
1.983157457e-01
1.944387665e-01
1.900335526e-01
1.908252407e-01
1.838899572e-01
1.891224303e-01
1.857703555e-01
1.849986513e-01
1.800161067e-01
1.818685554e-01
1.746231126e-01
1.752842974e-01
1.728578955e-01
1.686852872e-01
1.693499943e-01
1.655074393e-01
1.635335982e-01
1.637584528e-01
1.611529245e-01
1.626350486e-01
1.563948994e-01
1.573336605e-01
1.536532433e-01
1.548299088e-01
1.518370757e-01
1.549576688e-01
1.476060921e-01
1.473704542e-01
1.468243370e-01
1.425338918e-01
1.444017599e-01
1.433354475e-01
1.395850117e-01
1.380783280e-01
1.349490631e-01
1.382043632e-01
1.311986182e-01
1.342802886e-01
1.312255959e-01
1.334069029e-01
1.275875738e-01
1.295152685e-01
1.260887231e-01
1.254433385e-01
1.245931388e-01
1.204602951e-01
1.205116472e-01
1.173635393e-01
1.176558574e-01
1.175365523e-01
1.154695504e-01
1.157349309e-01
1.087482493e-01
1.104754188e-01
1.066901425e-01
1.084490250e-01
1.012564416e-01
1.027440065e-01
1.006542458e-01
1.038056262e-01
1.045451799e-01
1.012470929e-01
1.005003704e-01
9.839017254e-02
9.618602906e-02
9.460614128e-02
8.892450066e-02
9.521552925e-02
8.812551855e-02
9.224732090e-02
8.917039470e-02
9.036837346e-02
8.422674287e-02
8.671241919e-02
8.195988165e-02
8.262358882e-02
8.150231102e-02
7.833252666e-02
7.938670201e-02
7.925084769e-02
7.844016169e-02
7.753770234e-02
7.238168768e-02
7.372265646e-02
6.696739129e-02
6.983140813e-02
6.667121296e-02
6.869287215e-02
6.746983291e-02
6.993511720e-02
6.231861069e-02
6.322104771e-02
6.290825661e-02
5.948644964e-02
5.881788037e-02
5.658841459e-02
5.570099849e-02
5.561725942e-02
5.274842133e-02
5.549384370e-02
4.931308480e-02
5.168188761e-02
4.948172186e-02
5.314322040e-02
4.702525114e-02
4.911276252e-02
4.498488579e-02
4.490508028e-02
4.505761305e-02
4.220359141e-02
4.120873622e-02
4.040393493e-02
3.744235676e-02
3.829343175e-02
3.610379728e-02
4.067993529e-02
3.366732932e-02
3.600185299e-02
3.266742996e-02
3.647280076e-02
3.352931212e-02
3.552396202e-02
2.934555430e-02
3.187532608e-02
3.225291322e-02
2.829542689e-02
2.934562974e-02
2.929206049e-02
2.676229052e-02
2.625281924e-02
2.453364442e-02
2.906675081e-02
2.498474333e-02
2.607033900e-02
2.040021159e-02
2.356588871e-02
2.177350871e-02
2.525855139e-02
1.902729441e-02
2.073406503e-02
2.155388706e-02
1.867403686e-02
2.200919415e-02
2.275609446e-02
1.962885377e-02
1.858420657e-02
1.347442097e-02
1.610079356e-02
1.330806724e-02
1.591586078e-02
9.994571739e-03
1.275742810e-02
9.976499433e-03
1.170370801e-02
7.627115230e-03
1.061711794e-02
1.030134953e-02
6.649203330e-03
7.466618995e-03
5.486093833e-03
5.130424343e-03
7.006008377e-03
2.629840996e-03
4.659521603e-03
-1.951747646e-03
4.644713794e-03
3.225853773e-03
1.651987180e-03
-4.451704030e-03
-1.293312946e-03
-4.989879819e-03
-4.202702114e-03
-3.037253495e-03
-6.876895933e-03
-4.728158949e-03
-5.892742578e-03
-8.853989868e-03
-9.414029889e-03
-9.236011787e-03
-3.941733407e-03
-1.209064772e-02
-9.246305009e-03
-1.254011643e-02
-7.745928124e-03
-1.216465460e-02
-1.157711412e-02
-1.402540353e-02
-1.165045825e-02
-1.170290048e-02
-1.748409260e-02
-1.442623125e-02
-1.497150802e-02
-1.675417946e-02
-1.924916563e-02
-2.155989520e-02
-1.478585488e-02
-2.055472741e-02
-1.769153658e-02
-2.075798331e-02
-1.709710982e-02
-1.963354922e-02
-1.793980507e-02
-2.476233587e-02
-2.331718325e-02
-2.041771670e-02
-2.360424875e-02
-2.277824637e-02
-2.222821793e-02
-2.315097048e-02
-2.094146352e-02
-2.831939538e-02
-2.388912244e-02
-2.618452853e-02
-2.072902877e-02
-2.718664504e-02
-2.491011736e-02
-2.887976970e-02
-2.355046450e-02
-3.023967345e-02
-2.797271119e-02
-2.546845431e-02
-2.860807049e-02
-2.770840570e-02
-2.807790228e-02
-3.018123297e-02
-2.951789959e-02
-2.980478275e-02
-2.668212019e-02
-3.298337545e-02
-2.568529891e-02
-3.037208317e-02
-3.000998161e-02
-3.369702580e-02
-2.917718220e-02
-3.332012470e-02
-3.088831575e-02
-3.138393925e-02
-3.529183231e-02
-3.079064518e-02
-3.265785315e-02
-3.611457044e-02
-3.500517267e-02
-3.636891420e-02
-3.314121186e-02
-3.859742668e-02
-3.533629767e-02
-3.877048195e-02
-3.602308141e-02
-3.938853716e-02
-3.654224191e-02
-4.083580705e-02
-3.828367640e-02
-3.920002277e-02
-4.203273285e-02
-4.017642032e-02
-3.993701736e-02
-4.245096424e-02
-4.274546699e-02
-4.270911294e-02
-4.017539589e-02
-4.715468797e-02
-4.266428023e-02
-4.485590736e-02
-4.206722770e-02
-4.388360739e-02
-4.167388643e-02
-4.575098125e-02
-4.369948562e-02
-4.450190806e-02
-4.832518920e-02
-4.564895043e-02
-4.642489958e-02
-4.795181447e-02
-4.536085644e-02
-4.748297988e-02
-4.392219807e-02
-4.789288431e-02
-4.651073543e-02
-5.104939616e-02
-4.748768292e-02
-5.109362414e-02
-4.807873718e-02
-5.117886222e-02
-4.831271092e-02
-4.602701974e-02
-4.892055632e-02
-4.724947716e-02
-4.877576468e-02
-5.056383517e-02
-5.054633756e-02
-5.145140750e-02
-4.659018725e-02
-5.096832889e-02
-4.897231808e-02
-5.261243788e-02
-4.927750800e-02
-5.163349053e-02
-4.953804722e-02
-5.346925493e-02
-5.106372311e-02
-5.200650193e-02
-5.389142937e-02
-5.129915158e-02
-5.197250566e-02
-5.343083722e-02
-5.282991573e-02
-5.525383432e-02
-5.366402252e-02
-5.867934032e-02
-5.294080371e-02
-5.629594911e-02
-5.414961454e-02
-5.862644394e-02
-5.521882201e-02
-5.795572772e-02
-5.635995810e-02
-5.667194028e-02
-5.770715074e-02
-5.591593748e-02
-5.722446672e-02
-5.920627776e-02
-5.804980453e-02
-5.994093115e-02
-5.639498083e-02
-6.119546390e-02
-5.795943176e-02
-6.068062827e-02
-5.753171184e-02
-6.135912618e-02
-5.893582682e-02
-6.210067073e-02
-6.063550579e-02
-6.069514416e-02
-6.513371464e-02
-6.138945386e-02
-6.211937078e-02
-6.206739168e-02
-6.159096798e-02
-6.579950445e-02
-6.201215876e-02
-6.483804022e-02
-6.111692532e-02
-6.787207631e-02
-6.417778813e-02
-6.666861578e-02
-6.399049636e-02
-6.760210583e-02
-6.499387212e-02
-6.381892983e-02
-6.666274296e-02
-6.545071323e-02
-6.771970131e-02
-6.664730980e-02
-6.312235085e-02
-6.794323359e-02
-6.425390365e-02
-6.771192716e-02
-6.542226051e-02
-6.858374827e-02
-6.612205027e-02
-6.740894764e-02
-6.393431127e-02
-7.033251749e-02
-6.961447991e-02
-6.886176939e-02
-6.945581295e-02
-6.800779856e-02
-6.920512393e-02
-7.078892927e-02
-6.995596253e-02
-7.112329013e-02
-6.692528935e-02
-7.134887686e-02
-6.922918877e-02
-6.945704213e-02
-6.758043709e-02
-7.294107404e-02
-7.054272520e-02
-7.232173044e-02
-6.868749192e-02
-7.019196616e-02
-7.301837367e-02
-6.956314195e-02
-6.889451602e-02
-6.927874325e-02
-7.158778411e-02
-7.130145185e-02
-6.706934431e-02
-7.233822407e-02
-7.051761782e-02
-7.520444107e-02
-7.096340996e-02
-7.289674939e-02
-7.069563556e-02
-7.629953312e-02
-7.238504244e-02
-7.381051460e-02
-7.680407991e-02
-7.477101012e-02
-7.599850507e-02
-7.442144380e-02
-7.346562150e-02
-7.751599825e-02
-7.418076744e-02
-7.955901986e-02
-7.378862939e-02
-7.881845062e-02
-7.666917321e-02
-7.825084316e-02
-7.551996871e-02
-8.032794107e-02
-7.731194936e-02
-7.654700201e-02
-7.957517924e-02
-7.594003581e-02
-7.682618031e-02
-7.809822909e-02
-7.815594748e-02
-8.182783630e-02
-7.823719045e-02
-8.247322902e-02
-7.973812407e-02
-8.346716003e-02
-8.022264892e-02
-8.354152593e-02
-7.967816704e-02
-8.327693545e-02
-7.873504703e-02
-7.905860174e-02
-8.216674838e-02
-7.772550611e-02
-7.881213645e-02
-8.303656950e-02
-8.217335100e-02
-8.186541111e-02
-7.735606390e-02
-8.401078386e-02
-8.017024263e-02
-8.452774210e-02
-8.177201553e-02
-8.488129553e-02
-8.146823477e-02
-8.514431194e-02
-8.262082907e-02
-8.228657539e-02
-8.498378137e-02
-8.576161201e-02
-8.529305650e-02
-8.354336885e-02
-8.282889320e-02
-8.317111850e-02
-8.054198465e-02
-8.534700807e-02
-8.145557220e-02
-8.412038050e-02
-8.175547614e-02
-8.476263950e-02
-7.945871311e-02
-8.426126536e-02
-8.232993327e-02
-8.281500145e-02
-8.234618244e-02
-8.229856853e-02
-8.154887721e-02
-8.202317257e-02
-8.168671719e-02
-8.189082792e-02
-7.876194152e-02
-8.479027557e-02
