3.792769091e-03
6.340129544e-03
7.222231751e-03
1.216499396e-02
1.695485297e-02
1.947502589e-02
2.103025879e-02
1.747484566e-02
1.192414696e-02
-1.005955651e-03
-1.361562624e-02
-2.093999847e-02
-1.921503613e-02
-1.008550823e-02
5.974641500e-03
1.958975226e-02
2.898707868e-02
2.813665950e-02
1.896865510e-02
7.141316236e-03
-1.925740648e-03
-9.360408118e-03
-1.210662223e-02
-9.761543190e-03
-2.893970092e-03
4.541328790e-03
9.686391248e-03
1.987446951e-02
2.631605069e-02
2.586844310e-02
1.510686255e-02
4.067530604e-03
-6.309560685e-03
-1.125548687e-02
-1.276653565e-02
-5.053959307e-03
5.898341964e-03
1.394321143e-02
1.155092356e-02
1.787802919e-03
-9.056524713e-03
-1.436723109e-02
-1.200867566e-02
-7.849703602e-03
1.879831382e-03
1.061338252e-02
1.221513171e-02
7.525477358e-03
1.583774561e-03
-6.091656599e-03
-1.179267309e-02
-1.595615406e-02
-1.630360691e-02
-1.276432169e-02
-3.728697359e-03
5.533547142e-03
1.032363265e-02
1.763779202e-02
2.152887707e-02
1.815793255e-02
8.270129237e-03
-6.975551931e-03
-2.286470972e-02
-3.235300303e-02
-2.619450169e-02
-1.046753412e-02
1.223197911e-02
3.118860345e-02
3.616827836e-02
2.734894461e-02
1.370931358e-02
-2.031276328e-03
-1.653489860e-02
-2.506441809e-02
-2.574193079e-02
-1.843820789e-02
-9.686944562e-03
8.973139473e-04
9.238756782e-03
1.242052732e-02
1.233324590e-02
1.306716669e-02
5.935263360e-03
-6.027333591e-03
-1.305597802e-02
-1.305128929e-02
-1.113811386e-02
-7.006087687e-03
-1.926754500e-06
6.689694377e-03
1.315204311e-02
1.181059865e-02
5.818928393e-03
-2.273594467e-03
-1.001670669e-02
-1.041963068e-02
-7.160171799e-03
9.515825374e-05
7.488591003e-03
1.039917960e-02
1.056334319e-02
8.033956592e-03
4.083313685e-04
-3.012943252e-03
-7.881552790e-03
-1.285507365e-02
-1.425425348e-02
-1.154424681e-02
-6.230614531e-03
3.138804732e-03
1.313910363e-02
1.612658231e-02
1.009298822e-02
-4.082611591e-03
-1.766461220e-02
-2.726182362e-02
-2.708682796e-02
-1.991217554e-02
-8.775311270e-03
4.780077528e-03
1.438205150e-02
1.872854912e-02
1.301058458e-02
1.605516701e-03
-1.354481181e-02
-2.088190698e-02
-1.932737532e-02
-8.114879418e-03
3.193738656e-03
6.648724829e-03
7.258054027e-03
1.010371676e-02
1.356273274e-02
9.023559590e-03
6.210752138e-03
3.408000978e-04
-2.550458009e-03
-3.584378559e-03
2.310478728e-04
4.343565035e-04
6.270543092e-04
1.238787141e-03
-4.101996051e-04
5.347267926e-04
-4.844706009e-04
-1.524206166e-03
2.008541906e-03
5.812379094e-03
1.155406444e-02
1.236088809e-02
1.053909599e-02
6.141534726e-03
8.806184189e-04
-4.647732536e-03
-4.973470889e-03
1.167252822e-03
5.271135244e-03
6.431203899e-03
6.892941336e-03
5.029394984e-03
1.638273807e-03
-1.930384616e-03
-4.965656384e-03
-9.513085110e-03
-1.214766550e-02
-1.153801816e-02
-1.204949942e-02
-9.297282575e-03
-4.796392564e-03
3.338194566e-03
1.004702788e-02
1.332054195e-02
8.915914529e-03
4.725554195e-03
-7.605468494e-03
-1.431157930e-02
-1.674048980e-02
-1.361992798e-02
-4.208965099e-03
8.439399592e-03
1.086105706e-02
7.408368877e-03
2.941473446e-03
-2.004514095e-03
-6.631095067e-03
-8.978013887e-03
-7.002259370e-03
-5.111521083e-04
6.569973919e-03
1.016002751e-02
1.025304158e-02
6.295427186e-03
2.759461890e-03
1.532127994e-03
1.452284269e-03
2.802182155e-03
5.936346911e-03
7.670914505e-03
7.366694715e-03
1.415352513e-02
1.035994399e-02
8.833383439e-04
-2.326834367e-03
-7.537103461e-03
-1.116414552e-02
-7.947320146e-03
6.463471518e-04
9.018107847e-03
1.367828988e-02
1.604635284e-02
1.409172960e-02
8.311722853e-03
1.313305189e-03
-9.575089646e-03
-1.608501990e-02
-1.631682059e-02
-9.265687295e-03
-3.718924455e-03
2.082062712e-03
2.829914763e-03
1.798364311e-03
2.854316383e-03
2.912655088e-03
9.297533897e-04
-6.109482263e-04
-3.018782996e-03
-6.782380687e-03
-9.290199352e-03
-1.066551640e-02
-1.036800372e-02
-3.633362919e-03
2.782224817e-03
1.021918073e-02
1.052313655e-02
3.683529909e-03
-5.571780965e-03
-1.159647322e-02
-9.739257888e-03
-5.692724110e-03
-7.011314691e-03
-5.541832424e-03
-5.090349501e-03
-2.909914828e-03
-7.116162879e-03
-4.519156903e-02
5.646597388e-02
9.954281505e-01
3.064491344e+00
5.799313766e+00
8.300079362e+00
9.982499632e+00
1.079933146e+01
1.100000000e+01
1.083198632e+01
1.047187209e+01
1.003955821e+01
9.640122603e+00
9.234369925e+00
8.855477023e+00
8.538672063e+00
8.337282722e+00
8.223058142e+00
8.149106288e+00
8.036693236e+00
7.853634278e+00
7.597118321e+00
7.255861577e+00
6.878634526e+00
6.526965438e+00
6.203615334e+00
5.988994272e+00
5.835077116e+00
5.778267944e+00
5.705197629e+00
5.620899751e+00
5.473745634e+00
5.323086992e+00
5.105363504e+00
4.898725419e+00
4.714865245e+00
4.551716770e+00
4.430297060e+00
4.320122470e+00
4.206724506e+00
4.090914302e+00
3.943756534e+00
3.817229169e+00
3.675306025e+00
3.604223917e+00
3.540164639e+00
3.509332959e+00
3.454060895e+00
3.395750693e+00
3.268181011e+00
3.129447024e+00
2.977628566e+00
2.809483328e+00
2.671214972e+00
2.575210202e+00
2.530496774e+00
2.529851432e+00
2.516025222e+00
2.513159866e+00
2.456790609e+00
2.399139715e+00
2.282202886e+00
2.168758934e+00
2.033070364e+00
1.942766818e+00
1.863370485e+00
1.831880095e+00
1.816076776e+00
1.780659081e+00
1.754812323e+00
1.714483082e+00
1.654587401e+00
1.593872207e+00
1.510522591e+00
1.461996784e+00
1.393838682e+00
1.368761491e+00
1.326996344e+00
1.314178906e+00
1.277019193e+00
1.258207301e+00
1.199492801e+00
1.151114515e+00
1.093655488e+00
1.030253860e+00
9.981072003e-01
9.747891786e-01
9.619992064e-01
9.689962298e-01
9.546252335e-01
9.577209215e-01
9.059379568e-01
8.726105258e-01
8.043270710e-01
7.672548123e-01
7.154950830e-01
6.976159095e-01
6.611509946e-01
6.546124906e-01
6.547493331e-01
6.434872111e-01
6.453704083e-01
6.368806287e-01
6.176921715e-01
6.043620472e-01
5.644425998e-01
5.473054755e-01
4.907480030e-01
4.726726869e-01
4.319597073e-01
4.223241321e-01
3.975854846e-01
4.057212430e-01
3.969657326e-01
4.112456070e-01
4.163375727e-01
3.960525996e-01
3.827085605e-01
3.599585281e-01
3.297193814e-01
3.108672659e-01
2.776364466e-01
2.768569341e-01
2.451804028e-01
2.554337588e-01
2.437517425e-01
2.577642367e-01
2.481075235e-01
2.584760171e-01
2.403959342e-01
2.345556785e-01
2.292909243e-01
2.065396566e-01
1.999960577e-01
1.860051721e-01
1.687339479e-01
1.634957884e-01
1.489968332e-01
1.667828468e-01
1.499724898e-01
1.628389630e-01
1.411534575e-01
1.356428919e-01
1.033368615e-01
1.036716287e-01
8.560161062e-02
9.692117826e-02
1.101886452e-01
1.078451081e-01
1.209816812e-01
1.195968101e-01
1.005067258e-01
8.704111499e-02
5.860319902e-02
5.866291286e-02
2.976942403e-02
4.047354754e-02
2.991517428e-02
5.160596636e-02
5.153168384e-02
8.038452111e-02
7.758570460e-02
8.529030386e-02
7.872994973e-02
4.523457518e-02
2.137749578e-02
-2.775871460e-03
-1.992815147e-02
-1.018664534e-02
-4.789017257e-03
3.077531506e-02
2.384540780e-02
4.314916110e-02
2.671412992e-02
2.617358155e-02
2.528677455e-04
6.662333382e-03
-5.744922885e-03
1.938675594e-03
-6.975876678e-05
-2.308298753e-02
-2.841156373e-02
-3.508490156e-02
-4.026414073e-02
-2.335110517e-02
-1.469834497e-02
2.142687689e-02
1.019810618e-02
2.040435859e-02
-6.208183977e-03
-1.320899743e-02
-4.679394151e-02
-4.657842999e-02
-6.507570363e-02
-5.620431222e-02
-4.148265136e-02
-3.766089886e-02
-1.622271424e-02
-8.203942822e-03
-1.233475795e-02
-1.012215726e-02
-2.950540013e-02
-2.568547879e-02
-5.633951145e-02
-4.897546143e-02
-6.024430694e-02
-3.499414541e-02
-3.280560848e-02
-1.362234663e-02
-2.900864657e-02
-3.034464411e-02
-3.879910541e-02
-5.908008009e-02
-5.704060429e-02
-5.387597073e-02
-5.279372012e-02
-4.016468601e-02
-4.731822476e-02
-3.024726218e-02
-5.034155540e-02
-4.077165822e-02
-5.996066058e-02
-5.309958504e-02
-6.865985368e-02
-5.908629434e-02
-7.080034690e-02
-6.424768237e-02
-5.011819857e-02
-5.124845090e-02
-3.827224008e-02
-3.246864391e-02
-4.137591526e-02
-4.470466284e-02
-6.990344934e-02
-6.810784494e-02
-9.734247231e-02
-8.299193607e-02
-8.400416441e-02
-5.791464406e-02
-5.317236025e-02
-2.697099962e-02
-3.848133865e-02
-3.950387140e-02
-4.850453844e-02
-6.801803572e-02
-6.574754137e-02
-6.761632112e-02
-7.291318336e-02
-6.350800639e-02
-7.066885812e-02
-4.947358245e-02
-6.563006923e-02
-5.155697491e-02
-6.406281234e-02
-5.676938296e-02
-7.602483627e-02
-6.964446806e-02
-8.518004948e-02
-7.813296468e-02
-6.485562339e-02
-6.392492065e-02
-5.294824813e-02
-5.395334424e-02
-6.632542012e-02
-7.103809419e-02
-8.550110086e-02
-6.593730925e-02
-7.623305573e-02
-4.942630003e-02
-5.459378235e-02
-4.349748804e-02
-6.291286254e-02
-5.813484379e-02
-7.984336875e-02
-7.389462641e-02
-6.692407723e-02
-7.046977777e-02
-5.776159157e-02
-5.449631006e-02
-6.088304229e-02
-5.936683585e-02
-7.617259871e-02
-6.458306552e-02
-8.383291794e-02
-6.686167075e-02
-7.545300627e-02
-6.513337141e-02
-7.775957786e-02
-5.752326754e-02
-6.182059593e-02
-4.694491356e-02
-4.281150943e-02
-5.809863601e-02
-6.139694565e-02
-6.783771330e-02
-7.804965561e-02
-7.275262875e-02
-8.544836843e-02
-7.025368788e-02
-8.766998126e-02
-6.667842495e-02
-7.040438160e-02
-5.260871090e-02
-6.493009706e-02
-5.253354577e-02
-6.756787457e-02
-7.024354695e-02
-7.476855129e-02
-9.110625147e-02
-8.572849090e-02
-8.386602163e-02
-7.992851150e-02
-5.865264369e-02
-5.877404388e-02
-4.119785406e-02
-6.648002930e-02
-6.067728914e-02
-8.499454187e-02
-8.030040376e-02
-9.050962597e-02
-6.744958957e-02
-7.252172150e-02
-6.306158258e-02
-6.068575359e-02
-8.226793304e-02
-8.885662552e-02
-9.279817986e-02
-9.365699412e-02
-8.004466772e-02
-8.200063239e-02
-5.636286785e-02
-7.028116679e-02
-5.470919916e-02
-7.203778249e-02
-6.875449218e-02
-8.901862400e-02
-8.070745407e-02
-9.484522648e-02
-8.444434690e-02
-6.976584503e-02
-7.059690886e-02
-5.657550170e-02
-5.200364279e-02
-5.206887213e-02
-4.501974161e-02
-6.233195025e-02
-5.952089441e-02
-9.189537636e-02
-8.786199185e-02
-9.926568291e-02
-7.641396105e-02
-7.515728047e-02
-5.014964914e-02
-5.987233883e-02
-5.802521563e-02
-6.035544551e-02
-8.057431437e-02
-8.031661155e-02
-8.048679600e-02
-8.439404406e-02
-7.102697887e-02
-7.517703346e-02
-5.322220359e-02
-7.040134698e-02
-6.106384575e-02
-8.117385782e-02
-7.864712884e-02
-9.805558608e-02
-8.163514496e-02
-8.611731407e-02
-7.071229693e-02
-5.742503069e-02
-5.971944357e-02
-5.278029834e-02
-6.059613229e-02
-7.784666366e-02
-8.384701611e-02
-1.031822720e-01
-8.354235519e-02
-9.096596113e-02
-6.262268143e-02
-6.067506031e-02
-4.316642116e-02
-5.880767716e-02
-5.416625581e-02
-7.496299071e-02
-7.724296083e-02
-7.765520536e-02
-9.307096513e-02
-8.906895184e-02
-8.502216714e-02
-8.229781219e-02
-6.666697720e-02
-7.189855498e-02
-5.297044340e-02
-7.312018986e-02
-6.127897500e-02
-8.004680146e-02
-7.528946789e-02
-9.399255592e-02
-7.644423275e-02
-8.209939157e-02
-6.703273709e-02
-5.700710969e-02
-6.681804363e-02
-6.294571241e-02
-7.250772195e-02
-9.067829801e-02
-9.028417241e-02
-1.008968614e-01
-7.855816823e-02
-8.707288714e-02
-5.954589974e-02
-6.490088291e-02
-5.313603908e-02
-7.462212358e-02
-7.141959003e-02
-9.049252425e-02
-8.821695904e-02
-8.322271858e-02
-8.758552444e-02
-7.133296111e-02
-6.197376054e-02
-6.487946342e-02
-5.550871645e-02
-6.637124512e-02
-5.472670159e-02
-8.192145172e-02
-7.187799310e-02
-8.869710563e-02
-7.035656297e-02
-7.188055342e-02
-4.874169173e-02
-5.623351300e-02
-5.458799344e-02
-5.949398867e-02
-8.220162821e-02
-8.687188916e-02
-9.208008616e-02
-9.597113716e-02
-8.033904246e-02
-7.563916403e-02
-4.550813135e-02
-5.741682307e-02
-4.383150605e-02
-6.367571071e-02
-6.409398788e-02
-8.791022402e-02
-8.054196764e-02
-9.163799708e-02
-8.185856685e-02
-7.128296335e-02
-7.282305292e-02
-5.845500394e-02
-5.748246503e-02
-6.214438571e-02
-5.551260434e-02
-7.063951459e-02
-5.863523161e-02
-8.657682254e-02
-7.697840238e-02
-9.152119368e-02
-7.769890175e-02
-8.657584763e-02
-6.868647163e-02
-7.925228782e-02
-7.193058148e-02
-6.988522601e-02
-8.634269271e-02
-8.088714693e-02
-7.745456579e-02
-7.966487496e-02
-7.456220418e-02
-8.349333605e-02
-6.200093280e-02
-7.971198607e-02
-6.573705554e-02
-7.752658513e-02
-6.594343509e-02
-7.654832361e-02
-6.016519571e-02
-7.595798545e-02
-7.729144774e-02
-7.841255682e-02
-8.821368089e-02
-7.501345730e-02
-6.937202092e-02
-7.568542525e-02
-7.237893765e-02
-8.247847756e-02
-6.400842521e-02
-8.291054508e-02
-6.961236831e-02
-8.162509087e-02
-6.950831601e-02
-8.157228037e-02
-6.564174398e-02
-7.820623691e-02
-7.009365094e-02
-6.257498742e-02
-7.258539427e-02
-7.014804898e-02
-7.861467894e-02
-9.129317915e-02
-8.936722386e-02
-9.615495412e-02
-6.849602802e-02
-7.561642044e-02
-5.504253202e-02
-6.795720523e-02
-6.330898651e-02
-8.869804130e-02
-8.370650508e-02
-9.786276274e-02
-8.658091701e-02
-7.043943774e-02
-7.237513526e-02
-5.963220868e-02
-6.452607696e-02
-8.126304551e-02
-8.807988750e-02
-1.033679907e-01
-8.279845500e-02
-9.084589362e-02
-6.296035640e-02
-7.437902452e-02
-6.783573355e-02
-8.498701617e-02
-7.303324188e-02
-8.416133011e-02
-7.702088065e-02
-7.032041543e-02
-8.122549369e-02
-7.373352667e-02
-7.250797428e-02
-8.088613908e-02
-7.539753140e-02
-8.007711963e-02
-5.760342731e-02
-7.368421479e-02
-6.275493164e-02
-8.788033333e-02
-8.422201081e-02
-9.834895384e-02
-7.814670778e-02
-7.872375318e-02
-6.414111829e-02
-5.737669973e-02
-7.644537332e-02
-8.241152871e-02
-9.094368062e-02
-1.005083245e-01
-9.323059206e-02
-9.445124291e-02
-6.855014385e-02
-7.943771119e-02
-5.620824035e-02
-6.645693610e-02
-6.028612592e-02
-8.148624489e-02
-7.664447715e-02
-9.304198539e-02
-8.991649145e-02
-8.643559481e-02
-9.400291973e-02
-8.084275740e-02
-7.524201906e-02
-7.961492907e-02
-7.157177686e-02
-8.526426588e-02
-7.124197385e-02
-8.751171553e-02
-6.788360016e-02
-7.922019325e-02
-6.908635399e-02
-8.531166538e-02
-7.352874916e-02
-8.618055493e-02
-7.602571113e-02
-6.808485751e-02
-7.600981161e-02
-6.932491731e-02
-7.324039337e-02
-8.069927144e-02
-7.438856393e-02
-8.399522382e-02
-6.340060077e-02
-7.601844659e-02
-5.494367309e-02
-6.661396005e-02
-5.750877535e-02
-7.523054299e-02
-7.004215042e-02
-8.884535894e-02
-8.127669161e-02
-7.370129182e-02
-7.646956494e-02
-6.164792462e-02
-5.927053766e-02
-6.844235882e-02
-6.675996765e-02
-8.398337522e-02
-7.233851498e-02
-1.007602306e-01
-9.465792841e-02
-1.067480080e-01
-8.512784165e-02
-8.912387500e-02
-6.685263529e-02
-6.725275067e-02
-5.531685466e-02
-5.256659577e-02
-6.839645514e-02
-7.386139983e-02
-8.884283326e-02
-1.075437890e-01
-1.057510414e-01
-1.096674113e-01
-7.637999593e-02
-7.761154284e-02
-5.251152383e-02
-6.412786007e-02
-5.799691318e-02
-7.729742487e-02
-7.287857396e-02
-9.377447369e-02
-9.247749623e-02
-8.733152792e-02
-9.506773717e-02
-8.236222783e-02
-7.685585761e-02
-8.049434082e-02
-7.287141920e-02
-8.260675739e-02
-7.179269500e-02
-1.056778172e-01
-9.749885300e-02
-1.070568752e-01
-8.314458369e-02
-7.951676353e-02
-5.238445924e-02
-6.153666310e-02
-6.387496334e-02
-7.942543076e-02
-1.092023689e-01
-1.112891860e-01
-1.106311869e-01
-1.057165151e-01
-8.105159495e-02
-7.437718734e-02
-4.471814386e-02
-5.849557957e-02
-5.204756420e-02
-7.754499959e-02
-8.336765749e-02
-1.139839350e-01
-1.058577733e-01
-1.148778920e-01
-9.572135162e-02
-7.927083627e-02
-7.969238986e-02
-6.860995647e-02
-7.045167089e-02
-8.141674700e-02
-8.261540851e-02
-9.440505928e-02
-7.061234882e-02
-8.334987889e-02
-6.519407549e-02
-7.916630345e-02
-7.128225426e-02
-9.019829767e-02
-8.166283947e-02
-9.516434614e-02
-8.510765977e-02
-7.319966720e-02
-7.603143724e-02
-6.604356423e-02
-7.014185432e-02
-8.790258248e-02
-9.322967074e-02
-1.058768657e-01
-7.924961948e-02
-8.930296007e-02
-7.055587207e-02
-8.519864536e-02
-7.835070033e-02
-9.743470474e-02
-8.961436827e-02
-9.889598965e-02
-8.353423456e-02
-6.764155591e-02
-7.192791342e-02
-6.569176212e-02
-7.515356394e-02
-9.218434596e-02
-9.138457087e-02
-9.904525159e-02
-8.009427782e-02
-9.545203315e-02
-7.577607112e-02
-8.717778827e-02
-7.526001767e-02
-8.793639206e-02
-7.374036214e-02
-8.097225424e-02
-6.766429712e-02
-6.544144243e-02
-8.541907534e-02
-9.664589334e-02
-1.085890653e-01
-1.114111405e-01
-9.201827129e-02
-8.602685268e-02
-5.791549389e-02
-7.553133963e-02
-6.426172521e-02
-8.557787345e-02
-8.517832763e-02
-1.015997649e-01
-7.718799012e-02
-7.752656401e-02
-6.513853232e-02
-6.292023081e-02
-8.125907907e-02
-8.310354644e-02
-9.119274756e-02
-1.000311576e-01
-8.935274074e-02
-9.250737031e-02
-6.584203744e-02
-8.056413652e-02
-6.348639614e-02
-7.726454643e-02
-6.994225520e-02
-8.406915240e-02
-7.269699636e-02
-8.809780182e-02
-8.647473144e-02
-8.603125655e-02
-9.996698622e-02
-8.800548555e-02
-7.244273254e-02
-6.485396442e-02
-5.358090238e-02
-7.036776291e-02
-6.960586306e-02
-1.107260446e-01
-1.036240491e-01
-1.123188183e-01
-8.280545177e-02
-7.816431555e-02
-5.140499236e-02
-6.341910259e-02
-6.784853284e-02
-7.855724564e-02
-1.050276428e-01
-1.040801705e-01
-1.006719225e-01
-9.614155491e-02
-7.872500613e-02
-8.229141590e-02
-6.252579801e-02
-7.749970921e-02
-6.628480271e-02
-8.265275756e-02
-7.468982190e-02
-9.700122743e-02
-9.172443072e-02
-1.051603076e-01
-9.262500661e-02
-7.324097816e-02
-6.782744425e-02
-5.103495451e-02
-4.784282848e-02
-6.251495101e-02
-7.636358285e-02
-1.058628886e-01
-9.866025401e-02
-1.123833457e-01
