-7.317254721e-04
-7.215738500e-04
-7.357049332e-04
-7.504304478e-04
-7.702821242e-04
-7.693541752e-04
-7.820627520e-04
-7.405095911e-04
-7.439867463e-04
-7.682064745e-04
-7.939109558e-04
-7.881269356e-04
-7.882582364e-04
-7.760029553e-04
-7.684852794e-04
-7.545393105e-04
-7.367408471e-04
-8.579013112e-04
-7.791881788e-04
-7.008957925e-04
-6.933083011e-04
-7.273531618e-04
-7.254782740e-04
-6.616419531e-04
-6.507415137e-04
-6.731033190e-04
-6.538712398e-04
-6.397957392e-04
-6.485082436e-04
-6.441019762e-04
-6.329114259e-04
-6.120229942e-04
-6.029363676e-04
-6.268085048e-04
-6.763059436e-04
-6.519462746e-04
-6.178394199e-04
-6.516864396e-04
-6.225972592e-04
-6.567337339e-04
-6.529323813e-04
-6.468828925e-04
-6.381246046e-04
-6.262421227e-04
-6.282201800e-04
-6.234315159e-04
-6.239038278e-04
-6.453803067e-04
-5.836987659e-04
-5.609191639e-04
-5.642961347e-04
-5.790505688e-04
-5.911204554e-04
-6.160825328e-04
-6.085174929e-04
-6.363711919e-04
-6.509728288e-04
-6.343410469e-04
-6.025290460e-04
-6.203487716e-04
-6.217580423e-04
-6.187134073e-04
-5.842704522e-04
-6.114111248e-04
-6.269517905e-04
-6.276447805e-04
-6.125406965e-04
-6.262931939e-04
-6.123893077e-04
-6.181112926e-04
-6.451891915e-04
-6.807843241e-04
-6.174326828e-04
-6.167075661e-04
-6.411172198e-04
-6.546494417e-04
-6.255744766e-04
-6.245638396e-04
-6.540301116e-04
-6.623869035e-04
-6.467839836e-04
-6.278462808e-04
-5.875786423e-04
-6.602407711e-04
-6.334458911e-04
-5.719352295e-04
-5.759445286e-04
-5.791637764e-04
-6.330138531e-04
-5.972614626e-04
-5.874347558e-04
-5.689392345e-04
-5.792577048e-04
-5.691130638e-04
-5.280652087e-04
-5.516689922e-04
-5.836267561e-04
-5.500340905e-04
-5.917678356e-04
-6.010640209e-04
-6.064714956e-04
-5.244442489e-04
-4.764461093e-04
-4.400428706e-04
-4.500353866e-04
-4.322919292e-04
-4.612884990e-04
-4.027968533e-04
-3.749298907e-04
-3.537035157e-04
-3.501575652e-04
-3.071819466e-04
-3.565151412e-04
-3.509351781e-04
-3.384500790e-04
-2.950217277e-04
-2.803926038e-04
-2.325270398e-04
-2.536610565e-04
-2.175741740e-04
-1.985319556e-04
-2.140243025e-04
-1.815052862e-04
-2.225204508e-04
-1.630351910e-04
-1.647418825e-04
-1.462539659e-04
-1.023326745e-04
-1.071661674e-04
-7.879896384e-05
-7.007746702e-05
-2.514973453e-05
-5.630849393e-05
-1.953797070e-05
7.770901211e-06
-3.812897973e-05
-2.788459250e-05
-7.493598358e-05
-5.792975360e-05
-8.796404638e-05
-7.177834028e-05
-5.351634306e-05
-6.104293678e-05
-5.344718843e-05
-8.380350769e-05
-5.926867138e-05
-4.729956207e-05
-1.112693180e-05
-2.989806812e-05
-5.147963727e-05
-4.164586123e-05
-2.054025385e-05
4.708924705e-07
-2.251972256e-05
-4.584092028e-05
-1.574195901e-05
-2.007930127e-05
-1.469973925e-05
-3.447225768e-05
-4.859557059e-05
-6.629330112e-05
-5.427478490e-05
-7.940780647e-05
-5.035758092e-05
-5.191600515e-05
-6.390871420e-05
-1.667508280e-05
-4.498989697e-05
-3.464311065e-05
-7.331207912e-05
-9.774625151e-06
1.595187810e-05
-2.863480364e-05
-4.950272367e-05
4.354862744e-06
-8.973610102e-06
3.610600771e-05
7.380568633e-05
1.004320626e-04
6.069631070e-05
4.760087900e-05
6.581450104e-05
8.772575280e-05
1.418494441e-04
1.613650441e-04
1.691649079e-04
1.886422649e-04
2.353041818e-04
2.232834071e-04
1.990379310e-04
1.967741634e-04
1.982539583e-04
2.186530054e-04
2.015856635e-04
2.078884111e-04
2.011740584e-04
1.914007970e-04
1.995113973e-04
1.575064052e-04
1.764085636e-04
2.110855652e-04
1.663522120e-04
1.942273760e-04
1.953293341e-04
1.854430898e-04
1.709770097e-04
1.955016352e-04
1.745800953e-04
1.610270878e-04
1.380710012e-04
9.782585488e-05
1.178687006e-04
1.452083645e-04
1.355779714e-04
6.849074855e-05
4.566388306e-05
7.247411896e-05
7.102473544e-05
2.212721963e-05
3.220272405e-05
3.432409761e-05
8.398658515e-05
9.570214701e-05
7.985531817e-05
1.311303111e-04
1.629824096e-04
1.434352442e-04
1.297529985e-04
1.276599942e-04
1.881970309e-04
2.199036383e-04
1.945110842e-04
2.462778385e-04
2.648687019e-04
2.999039993e-04
2.810084229e-04
2.810513473e-04
2.687446204e-04
2.548945270e-04
2.812511406e-04
2.968349100e-04
2.590635502e-04
1.982212584e-04
1.609835280e-04
1.507248654e-04
1.508816599e-04
1.521787483e-04
1.315628178e-04
2.874955892e-04
1.985122471e-02
2.699035520e-01
1.166207689e+00
2.765286892e+00
4.651150602e+00
6.370292768e+00
7.746729618e+00
8.809082916e+00
9.622128158e+00
1.019838855e+01
1.053233165e+01
1.063772106e+01
1.054855071e+01
1.030749757e+01
9.954318825e+00
9.522312390e+00
9.044948579e+00
8.549828051e+00
8.058662043e+00
7.585847262e+00
7.138962851e+00
6.737340064e+00
6.420328365e+00
6.208096172e+00
6.067662583e+00
5.953656034e+00
5.836911018e+00
5.703870664e+00
5.553337510e+00
5.389826133e+00
5.214261475e+00
5.025954431e+00
4.829536110e+00
4.630819882e+00
4.433119625e+00
4.239347178e+00
4.053489813e+00
3.880378974e+00
3.720480530e+00
3.574153684e+00
3.440849622e+00
3.321240760e+00
3.216926498e+00
3.129316388e+00
3.053697948e+00
2.984821719e+00
2.920283537e+00
2.855953394e+00
2.789133160e+00
2.719129093e+00
2.647558385e+00
2.575726168e+00
2.502099207e+00
2.426735417e+00
2.351799654e+00
2.278795568e+00
2.207487582e+00
2.137921170e+00
2.070832564e+00
2.006966413e+00
1.945772010e+00
1.887071879e+00
1.831271615e+00
1.778431830e+00
1.728028316e+00
1.679541472e+00
1.632767479e+00
1.587324799e+00
1.542129026e+00
1.497323832e+00
1.453422066e+00
1.410281593e+00
1.367354976e+00
1.325282926e+00
1.284368679e+00
1.244961701e+00
1.206480930e+00
1.169362024e+00
1.133851643e+00
1.099653142e+00
1.066781359e+00
1.035254270e+00
1.005097992e+00
9.761466326e-01
9.480258411e-01
9.211891074e-01
8.953517455e-01
8.702718114e-01
8.456156106e-01
8.216942600e-01
7.983389691e-01
7.755915694e-01
7.534398511e-01
7.317393312e-01
7.103118662e-01
6.894624733e-01
6.692705892e-01
6.497072158e-01
6.304483209e-01
6.117632984e-01
5.937554887e-01
5.765632051e-01
5.596700504e-01
5.432506118e-01
5.272550878e-01
5.119503372e-01
4.969847907e-01
4.824227281e-01
4.679807759e-01
4.540077067e-01
4.405083183e-01
4.271844219e-01
4.141256468e-01
4.015959746e-01
3.894613575e-01
3.775842767e-01
3.659518851e-01
3.549155257e-01
3.440667413e-01
3.335860924e-01
3.233749334e-01
3.135182050e-01
3.039889018e-01
2.946762142e-01
2.856273521e-01
2.769914216e-01
2.686662356e-01
2.605283349e-01
2.525900471e-01
2.449043433e-01
2.374595176e-01
2.301455310e-01
2.230056076e-01
2.161547762e-01
2.094371356e-01
2.030849835e-01
1.967791065e-01
1.906058784e-01
1.845719001e-01
1.787606385e-01
1.730167546e-01
1.674778411e-01
1.621294321e-01
1.567267104e-01
1.515872070e-01
1.465472448e-01
1.416245737e-01
1.367878541e-01
1.319804178e-01
1.273187454e-01
1.227809351e-01
1.184071015e-01
1.140279226e-01
1.097219162e-01
1.055004048e-01
1.014650628e-01
9.733871886e-02
9.337318967e-02
8.951303639e-02
8.567619508e-02
8.204509263e-02
7.844549804e-02
7.488285618e-02
7.141076453e-02
6.796774059e-02
6.473615878e-02
6.147886357e-02
5.834524337e-02
5.517501599e-02
5.221665437e-02
4.921775536e-02
4.645150873e-02
4.359129122e-02
4.093559262e-02
3.830184229e-02
3.574896994e-02
3.334104556e-02
3.092268838e-02
2.861939212e-02
2.633477708e-02
2.408842902e-02
2.195477468e-02
1.976298714e-02
1.772399399e-02
1.570303196e-02
1.378742147e-02
1.183781612e-02
9.936501629e-03
8.004714606e-03
6.199248630e-03
4.437560533e-03
2.598153598e-03
8.931980076e-04
-9.001567519e-04
-2.597868552e-03
-4.348483802e-03
-6.092228094e-03
-7.711604917e-03
-9.472296081e-03
-1.108719580e-02
-1.266978714e-02
-1.424730133e-02
-1.586431247e-02
-1.740498326e-02
-1.901934639e-02
-2.049739465e-02
-2.195454903e-02
-2.345261197e-02
-2.481688055e-02
-2.620327644e-02
-2.751197718e-02
-2.878859276e-02
-3.006545130e-02
-3.127235613e-02
-3.250016970e-02
-3.365569443e-02
-3.478302852e-02
-3.590547426e-02
-3.708500852e-02
-3.808201052e-02
-3.921535900e-02
-4.021906240e-02
-4.116336822e-02
-4.218678415e-02
-4.316551403e-02
-4.406008652e-02
-4.499533771e-02
-4.591717189e-02
-4.691982818e-02
-4.774098205e-02
-4.862825668e-02
-4.944637195e-02
-5.032374558e-02
-5.108211568e-02
-5.193093007e-02
-5.267132021e-02
-5.351751507e-02
-5.425274727e-02
-5.498241985e-02
-5.577047559e-02
-5.652532597e-02
-5.729692311e-02
-5.802682341e-02
-5.879413890e-02
-5.958486462e-02
-6.021922261e-02
-6.096185500e-02
-6.159288560e-02
-6.227847599e-02
-6.295280084e-02
-6.365960550e-02
-6.427525488e-02
-6.497062514e-02
-6.562595096e-02
-6.622173434e-02
-6.694760890e-02
-6.750517105e-02
-6.815250300e-02
-6.875808930e-02
-6.934718773e-02
-6.996501801e-02
-7.046546969e-02
-7.111613262e-02
-7.164512639e-02
-7.222584865e-02
-7.271135121e-02
-7.329783385e-02
-7.377433547e-02
-7.435190189e-02
-7.479947578e-02
-7.533474374e-02
-7.583869934e-02
-7.631942856e-02
-7.672612310e-02
-7.711226278e-02
-7.759249820e-02
-7.805461217e-02
-7.840759965e-02
-7.890112089e-02
-7.934738552e-02
-7.980942458e-02
-8.018029100e-02
-8.056834947e-02
-8.092986544e-02
-8.139864643e-02
-8.176789209e-02
-8.205428941e-02
-8.250065890e-02
-8.283842628e-02
-8.318389407e-02
-8.352661733e-02
-8.391667602e-02
-8.434054009e-02
-8.459610614e-02
-8.494732240e-02
-8.526512150e-02
-8.565686982e-02
-8.600752015e-02
-8.633185672e-02
-8.660192905e-02
-8.700506673e-02
-8.732438546e-02
-8.765956996e-02
-8.799769796e-02
-8.832985101e-02
-8.862544730e-02
-8.892714196e-02
-8.926540380e-02
-8.966609782e-02
-8.986690439e-02
-9.021912308e-02
-9.047361856e-02
-9.077572572e-02
-9.110657939e-02
-9.144508991e-02
-9.171830055e-02
-9.205044057e-02
-9.232404721e-02
-9.251089905e-02
-9.287017235e-02
-9.314233757e-02
-9.334092489e-02
-9.359187122e-02
-9.380138379e-02
-9.407932838e-02
-9.425290492e-02
-9.455363937e-02
-9.480212811e-02
-9.503322501e-02
-9.529589451e-02
-9.554849571e-02
-9.576094527e-02
-9.604671800e-02
-9.628586495e-02
-9.648140307e-02
-9.673387293e-02
-9.694711780e-02
-9.713390758e-02
-9.733551608e-02
-9.753664941e-02
-9.768838067e-02
-9.786846776e-02
-9.809869829e-02
-9.827060328e-02
-9.852248746e-02
-9.867134247e-02
-9.885752940e-02
-9.903554779e-02
-9.928708344e-02
-9.947637597e-02
-9.958766888e-02
-9.983442825e-02
-1.000260270e-01
-1.002360091e-01
-1.004571871e-01
-1.006549867e-01
-1.007964388e-01
-1.009387749e-01
-1.011509922e-01
-1.012364156e-01
-1.013807358e-01
-1.015725706e-01
-1.017508457e-01
-1.018872109e-01
-1.021283713e-01
-1.023002849e-01
-1.024392467e-01
-1.025693804e-01
-1.027287544e-01
-1.028754052e-01
-1.030632541e-01
-1.031997093e-01
-1.033642471e-01
-1.034224412e-01
-1.035898796e-01
-1.036303240e-01
-1.038071033e-01
-1.038863174e-01
-1.040640886e-01
-1.041504843e-01
-1.043219333e-01
-1.043861475e-01
-1.045221133e-01
-1.046723697e-01
-1.047528635e-01
-1.048762158e-01
-1.050192625e-01
-1.051694145e-01
-1.053189493e-01
-1.053438620e-01
-1.055301846e-01
-1.056182861e-01
-1.057720050e-01
-1.058565686e-01
-1.059639977e-01
-1.059949332e-01
-1.061762255e-01
-1.063070278e-01
-1.063324036e-01
-1.064421883e-01
-1.066051814e-01
-1.067457493e-01
-1.068310353e-01
-1.069775146e-01
-1.070895503e-01
-1.071751995e-01
-1.073164829e-01
-1.073957551e-01
-1.075106329e-01
-1.076100407e-01
-1.076966258e-01
-1.077580588e-01
-1.078889112e-01
-1.080155009e-01
-1.080956013e-01
-1.082090372e-01
-1.082888339e-01
-1.083472469e-01
-1.084264810e-01
-1.085269676e-01
-1.086275883e-01
-1.086502842e-01
-1.087784318e-01
-1.088606511e-01
-1.089226612e-01
-1.089876121e-01
-1.091571487e-01
-1.091951160e-01
-1.093368336e-01
-1.093801465e-01
-1.094196282e-01
-1.095336823e-01
-1.096076372e-01
-1.097180748e-01
-1.097597906e-01
-1.098408996e-01
-1.099141278e-01
-1.099636722e-01
-1.100224056e-01
-1.100479216e-01
-1.101219314e-01
-1.101660001e-01
-1.102626815e-01
-1.102660075e-01
-1.103789306e-01
-1.104467215e-01
-1.104456195e-01
-1.105047638e-01
-1.105773333e-01
-1.106341713e-01
-1.106930756e-01
-1.107246652e-01
-1.108215057e-01
-1.108521359e-01
-1.109522457e-01
-1.109113996e-01
-1.109500269e-01
-1.110616181e-01
-1.111279110e-01
-1.111092350e-01
-1.111962621e-01
-1.112965789e-01
-1.113578519e-01
-1.114477902e-01
-1.114747672e-01
-1.114934245e-01
-1.115739238e-01
-1.116032241e-01
-1.116542071e-01
-1.115851005e-01
-1.117002116e-01
-1.117494881e-01
-1.118322730e-01
-1.118216205e-01
-1.119050374e-01
-1.119495767e-01
-1.120237999e-01
-1.120342493e-01
-1.120723407e-01
-1.121495299e-01
-1.121750462e-01
-1.122051411e-01
-1.122325502e-01
-1.122556740e-01
-1.122972052e-01
-1.122723051e-01
-1.123525273e-01
-1.123538325e-01
-1.124333447e-01
-1.124126430e-01
-1.124275798e-01
-1.124529267e-01
-1.125681195e-01
-1.125272782e-01
-1.125460933e-01
-1.126542267e-01
-1.126977555e-01
-1.127733605e-01
-1.127526186e-01
-1.128202381e-01
-1.129493928e-01
-1.128998375e-01
-1.129089038e-01
-1.129574490e-01
-1.129909707e-01
-1.130043197e-01
-1.130286046e-01
-1.129951235e-01
-1.130480914e-01
-1.130959634e-01
-1.130600674e-01
-1.131491392e-01
-1.132079080e-01
-1.132276755e-01
-1.132784207e-01
-1.133445494e-01
-1.133612602e-01
-1.133601853e-01
-1.134353743e-01
-1.133556211e-01
-1.134304778e-01
-1.134479850e-01
-1.135205479e-01
-1.135204192e-01
-1.135888234e-01
-1.135845437e-01
-1.136320021e-01
-1.136761841e-01
-1.136299848e-01
-1.136344247e-01
-1.136720912e-01
-1.136824185e-01
-1.137547682e-01
-1.137206495e-01
-1.137856251e-01
-1.137980178e-01
-1.138111426e-01
-1.138021466e-01
-1.138484985e-01
-1.138989277e-01
-1.139903120e-01
-1.139547673e-01
-1.139643458e-01
-1.140070320e-01
-1.140555936e-01
-1.140209121e-01
-1.141095610e-01
-1.141258258e-01
-1.141258135e-01
-1.140544325e-01
-1.140738864e-01
-1.140670480e-01
-1.141331243e-01
-1.141302618e-01
-1.141018103e-01
-1.140509953e-01
-1.141158391e-01
-1.141511098e-01
-1.141696182e-01
-1.142306055e-01
-1.142651976e-01
-1.142764872e-01
-1.143113506e-01
-1.143101899e-01
-1.143056457e-01
-1.143478808e-01
-1.143688009e-01
-1.143277457e-01
-1.143622376e-01
-1.143732359e-01
-1.144271496e-01
-1.143614853e-01
-1.144402311e-01
-1.144401673e-01
-1.144646907e-01
-1.145189977e-01
-1.144931809e-01
-1.144509599e-01
-1.145247678e-01
-1.145248687e-01
-1.145350396e-01
-1.144896555e-01
-1.145569155e-01
-1.145314194e-01
-1.145293790e-01
-1.145049034e-01
-1.145068474e-01
-1.145037511e-01
-1.145917217e-01
-1.145233583e-01
-1.144848467e-01
-1.145198439e-01
-1.145153122e-01
-1.145202372e-01
-1.145272474e-01
-1.145222700e-01
-1.145592478e-01
-1.145659478e-01
-1.146470272e-01
-1.146121218e-01
-1.145931652e-01
-1.145222588e-01
-1.145691328e-01
-1.145699144e-01
-1.146349956e-01
-1.146250618e-01
-1.145917465e-01
-1.146193676e-01
-1.146199721e-01
-1.145858878e-01
-1.146233553e-01
-1.146131787e-01
-1.146135408e-01
-1.145732176e-01
-1.145831594e-01
-1.145599387e-01
-1.145542658e-01
-1.145147779e-01
-1.145174786e-01
-1.144660772e-01
-1.145488990e-01
-1.145586526e-01
-1.145204311e-01
-1.145288720e-01
-1.145467513e-01
-1.145264990e-01
-1.145002214e-01
-1.144977270e-01
-1.144821780e-01
-1.144123264e-01
-1.144405170e-01
-1.144321313e-01
-1.144374485e-01
-1.144214088e-01
-1.144628998e-01
-1.143712295e-01
-1.143989898e-01
-1.143772657e-01
-1.143609959e-01
-1.144066303e-01
-1.143562932e-01
-1.143452190e-01
-1.143659958e-01
-1.143344153e-01
-1.143651581e-01
-1.143666346e-01
-1.144044489e-01
-1.143944070e-01
-1.143742551e-01
-1.143760615e-01
-1.144004143e-01
-1.143634254e-01
-1.143484440e-01
-1.143377659e-01
-1.143214748e-01
-1.143143210e-01
-1.142743322e-01
-1.142410343e-01
-1.142832586e-01
-1.143145447e-01
-1.142357455e-01
-1.141687854e-01
-1.141676779e-01
-1.141395761e-01
-1.141222333e-01
-1.140874739e-01
-1.141386122e-01
-1.140719017e-01
-1.140845168e-01
-1.140234647e-01
-1.139861625e-01
-1.140059150e-01
-1.140202061e-01
-1.139933573e-01
-1.139625032e-01
-1.139602067e-01
-1.139630025e-01
-1.139237216e-01
-1.138873982e-01
-1.138859441e-01
-1.138779535e-01
-1.138252603e-01
-1.138376682e-01
-1.137975406e-01
-1.137987576e-01
-1.137943856e-01
-1.137384042e-01
-1.137469439e-01
-1.137183640e-01
-1.137047439e-01
-1.137324102e-01
-1.137661650e-01
-1.137667519e-01
-1.137200780e-01
-1.136926070e-01
-1.137025014e-01
-1.137375431e-01
-1.136775440e-01
-1.136580804e-01
-1.136218200e-01
-1.136450218e-01
-1.136675585e-01
-1.135931757e-01
-1.135574476e-01
-1.135674552e-01
-1.135624881e-01
-1.135501287e-01
-1.135037171e-01
-1.134939486e-01
-1.134759955e-01
-1.135153447e-01
-1.134234686e-01
-1.134148038e-01
-1.134196593e-01
-1.134116079e-01
-1.133499153e-01
-1.133709709e-01
-1.133688143e-01
-1.133267974e-01
-1.133163393e-01
-1.132639318e-01
-1.132597275e-01
-1.132569119e-01
-1.132655749e-01
-1.132447804e-01
-1.131957847e-01
-1.132505542e-01
-1.132118760e-01
-1.131912283e-01
-1.131664109e-01
-1.131732530e-01
-1.130996372e-01
-1.131459573e-01
-1.131027508e-01
-1.130575280e-01
-1.130705904e-01
-1.130300713e-01
-1.130085543e-01
-1.130677251e-01
-1.130407508e-01
-1.130504291e-01
-1.129680482e-01
-1.130174670e-01
-1.129786833e-01
-1.129808558e-01
-1.129555967e-01
-1.129410387e-01
-1.128909820e-01
-1.129258848e-01
-1.128846640e-01
-1.127907842e-01
-1.128220637e-01
-1.127724586e-01
-1.127124829e-01
-1.126466550e-01
-1.126675886e-01
-1.127095562e-01
-1.125983081e-01
-1.125730489e-01
-1.125525627e-01
-1.125442513e-01
-1.124907428e-01
-1.124832253e-01
-1.124374901e-01
-1.124516780e-01
-1.124651324e-01
-1.123955987e-01
-1.123982892e-01
-1.123878565e-01
-1.124136780e-01
-1.123683233e-01
-1.123121452e-01
-1.123231237e-01
-1.122825369e-01
-1.122288959e-01
