-2.481483329e-01
-2.435559021e-01
-2.489861084e-01
-2.507544813e-01
-2.461788028e-01
-2.473748516e-01
-2.488213399e-01
-2.606887659e-01
-2.655830625e-01
-2.630339367e-01
-2.602146528e-01
-2.553971066e-01
-2.540744159e-01
-2.514795148e-01
-2.496797175e-01
-2.470582485e-01
-2.500900918e-01
-2.577717787e-01
-2.562209667e-01
-2.509527160e-01
-2.526624778e-01
-2.611768992e-01
-2.730557375e-01
-2.838345654e-01
-2.882159585e-01
-2.783973214e-01
-2.740545325e-01
-2.669109217e-01
-2.537699942e-01
-2.561548881e-01
-2.633159247e-01
-2.672891696e-01
-2.690334351e-01
-2.677782119e-01
-2.690888142e-01
-2.656539889e-01
-2.590137079e-01
-2.540240974e-01
-2.591376573e-01
-2.628738322e-01
-2.656051056e-01
-2.696688237e-01
-2.743462383e-01
-2.691615960e-01
-2.616884939e-01
-2.634076926e-01
-2.690728430e-01
-2.714330432e-01
-2.786296398e-01
-2.811949330e-01
-2.757182229e-01
-2.712007485e-01
-2.610074045e-01
-2.459225595e-01
-2.462166418e-01
-2.586109898e-01
-2.671944903e-01
-2.659735894e-01
-2.666605575e-01
-2.686565989e-01
-2.680069013e-01
-2.674809652e-01
-2.709780100e-01
-2.735093467e-01
-2.707944166e-01
-2.659528369e-01
-2.663776177e-01
-2.703490292e-01
-2.739096473e-01
-2.725402610e-01
-2.749743730e-01
-2.821700542e-01
-2.816931513e-01
-2.786720555e-01
-2.757149535e-01
-2.814152956e-01
-2.899618092e-01
-2.862600137e-01
-2.758720794e-01
-2.691952754e-01
-2.702306270e-01
-2.779180670e-01
-2.833415457e-01
-2.840167644e-01
-2.865738527e-01
-2.856961868e-01
-2.774084398e-01
-2.669064287e-01
-2.692771151e-01
-2.712992787e-01
-2.720042134e-01
-2.699679297e-01
-2.747406082e-01
-2.849247166e-01
-2.898479853e-01
-2.890570303e-01
-2.898232469e-01
-2.926839446e-01
-2.892320507e-01
-2.837311546e-01
-2.840776509e-01
-2.893210367e-01
-2.891955827e-01
-2.798869855e-01
-2.793935355e-01
-2.879518149e-01
-2.953142466e-01
-2.947622247e-01
-2.927913672e-01
-2.920798329e-01
-2.842200333e-01
-2.771134451e-01
-2.808991090e-01
-2.881445573e-01
-2.885695857e-01
-2.830616973e-01
-2.816570863e-01
-2.783618060e-01
-2.807294909e-01
-2.848465337e-01
-2.837251928e-01
-2.825048496e-01
-2.789466003e-01
-2.736170353e-01
-2.661382690e-01
-2.698862610e-01
-2.811683931e-01
-2.928032860e-01
-2.923912238e-01
-2.908701623e-01
-2.942069922e-01
-2.852886351e-01
-2.853838759e-01
-2.941839852e-01
-3.000655293e-01
-2.968065391e-01
-2.912392018e-01
-2.910671816e-01
-2.935228682e-01
-2.965904512e-01
-2.987368876e-01
-2.990719198e-01
-2.973227016e-01
-2.919232225e-01
-2.938613925e-01
-2.934861417e-01
-2.819834932e-01
-2.806317540e-01
-2.860321957e-01
-2.812729086e-01
-2.712380653e-01
-2.781143095e-01
-2.840134875e-01
-2.794341957e-01
-2.848221594e-01
-2.956882748e-01
-2.903747359e-01
-2.886361343e-01
-2.862408000e-01
-2.861151153e-01
-2.876998145e-01
-2.900072083e-01
-2.940001965e-01
-2.970961836e-01
-3.006517285e-01
-3.039611029e-01
-3.084209930e-01
-3.099844208e-01
-3.085707613e-01
-3.048853676e-01
-2.950910444e-01
-2.839829282e-01
-2.833217608e-01
-2.964000314e-01
-3.009272441e-01
-2.980297617e-01
-3.019337456e-01
-3.057994703e-01
-3.040100949e-01
-3.021078069e-01
-3.033190217e-01
-3.081241053e-01
-3.100070953e-01
-3.103733358e-01
-3.057523543e-01
-2.972292419e-01
-2.936806731e-01
-2.956545790e-01
-2.976915246e-01
-3.077410122e-01
-3.135958133e-01
-3.072427358e-01
-3.019262860e-01
-3.020863493e-01
-3.065054528e-01
-3.062587501e-01
-3.085183183e-01
-3.029824910e-01
-3.022962648e-01
-2.991452145e-01
-2.990702765e-01
-2.984423541e-01
-2.958359316e-01
-2.967835516e-01
-2.973928070e-01
-3.022952569e-01
-3.084885847e-01
-3.099636614e-01
-3.033237514e-01
-2.994050434e-01
-2.900208282e-01
-2.893815065e-01
-2.957492082e-01
-3.006314602e-01
-3.049375522e-01
-3.130635950e-01
-3.193439866e-01
-3.171988762e-01
-3.159386608e-01
-3.108888445e-01
-3.058851963e-01
-3.075907555e-01
-3.099309353e-01
-3.105986239e-01
-3.127562686e-01
-3.139928151e-01
-3.093688517e-01
-2.995059312e-01
-2.970656650e-01
-3.013263219e-01
-3.059898671e-01
-3.098334849e-01
-3.134163227e-01
-3.189676424e-01
-3.187670153e-01
-3.168142567e-01
-3.102049914e-01
-3.091007991e-01
-3.153384736e-01
-3.243425917e-01
-3.251994140e-01
-3.248691955e-01
-3.246952868e-01
-3.332564870e-01
-3.376032415e-01
-3.348775902e-01
-3.319726111e-01
-3.253317417e-01
-3.167097238e-01
-3.172954853e-01
-3.153499403e-01
-1.995705373e-01
5.963461095e-01
2.845550228e+00
6.537099581e+00
1.083102007e+01
1.465914437e+01
1.742338440e+01
1.899391620e+01
1.957901955e+01
1.947515617e+01
1.893959459e+01
1.818037116e+01
1.734357999e+01
1.652288841e+01
1.577142253e+01
1.510855364e+01
1.452947003e+01
1.402408749e+01
1.358923935e+01
1.320509380e+01
1.285787063e+01
1.253310134e+01
1.223406596e+01
1.194071408e+01
1.165226793e+01
1.136068357e+01
1.107324671e+01
1.078636224e+01
1.050239134e+01
1.022229334e+01
9.959895250e+00
9.726056355e+00
9.497735655e+00
9.270879036e+00
9.045020818e+00
8.815017316e+00
8.598270016e+00
8.368315548e+00
8.142345025e+00
7.941738388e+00
7.758221192e+00
7.568718181e+00
7.376560437e+00
7.183352930e+00
7.000937159e+00
6.840951223e+00
6.678238771e+00
6.520115690e+00
6.373815995e+00
6.220127015e+00
6.067449388e+00
5.912907223e+00
5.780812045e+00
5.640372158e+00
5.504928346e+00
5.371078338e+00
5.254750358e+00
5.127006799e+00
5.008600208e+00
4.881123706e+00
4.750390702e+00
4.631579667e+00
4.517649083e+00
4.405042008e+00
4.293392606e+00
4.185575125e+00
4.083129350e+00
3.979405912e+00
3.889645561e+00
3.795140015e+00
3.706175698e+00
3.606745294e+00
3.522813984e+00
3.432042902e+00
3.346865697e+00
3.254159451e+00
3.163058471e+00
3.092178274e+00
3.026411488e+00
2.959262029e+00
2.893538277e+00
2.835911746e+00
2.772964924e+00
2.702137689e+00
2.647577128e+00
2.577308534e+00
2.518394887e+00
2.453690794e+00
2.395923913e+00
2.327457546e+00
2.261467887e+00
2.195891854e+00
2.134587751e+00
2.086117519e+00
2.038256676e+00
1.993002055e+00
1.949839420e+00
1.907049129e+00
1.861429212e+00
1.808586546e+00
1.769252501e+00
1.722858430e+00
1.684676835e+00
1.646995624e+00
1.618431564e+00
1.585210343e+00
1.564172153e+00
1.535927960e+00
1.496782871e+00
1.458975160e+00
1.418781722e+00
1.381041050e+00
1.349214708e+00
1.315519598e+00
1.276912908e+00
1.237436022e+00
1.208862421e+00
1.177748761e+00
1.151056452e+00
1.122399254e+00
1.090094424e+00
1.057118593e+00
1.036290564e+00
1.007358514e+00
9.837573587e-01
9.681218855e-01
9.459511441e-01
9.246590855e-01
8.972065426e-01
8.660843276e-01
8.466923832e-01
8.338219886e-01
8.312368051e-01
8.109883462e-01
7.836375292e-01
7.618720360e-01
7.482388944e-01
7.304853448e-01
7.269675022e-01
7.179626206e-01
7.006057868e-01
6.864951055e-01
6.689545335e-01
6.565989027e-01
6.446304885e-01
6.232134760e-01
5.937610263e-01
5.709459034e-01
5.688559535e-01
5.601981639e-01
5.543381391e-01
5.374889996e-01
5.276440514e-01
5.044354941e-01
4.949577060e-01
4.798917558e-01
4.648118147e-01
4.678994825e-01
4.668944982e-01
4.567972680e-01
4.366114912e-01
4.206379608e-01
4.139736550e-01
4.046002879e-01
4.024269472e-01
3.892486978e-01
3.845294792e-01
3.724817814e-01
3.697585100e-01
3.446532035e-01
3.277097109e-01
3.127209200e-01
3.069888897e-01
3.128567660e-01
3.077842981e-01
2.974567899e-01
2.893117360e-01
2.823293155e-01
2.756818809e-01
2.623350744e-01
2.586805523e-01
2.468392713e-01
2.432543959e-01
2.436314657e-01
2.401941091e-01
2.194696861e-01
2.140707381e-01
2.139325826e-01
2.196025901e-01
2.242241803e-01
2.114903957e-01
1.965342687e-01
1.884639237e-01
1.880762673e-01
1.967269922e-01
1.849162847e-01
1.696312952e-01
1.561299290e-01
1.558525983e-01
1.534157484e-01
1.539269026e-01
1.450359073e-01
1.489183256e-01
1.469016296e-01
1.381468521e-01
1.298657329e-01
1.243922201e-01
1.227111482e-01
1.249700883e-01
1.237848016e-01
1.221297823e-01
1.147331293e-01
1.182092278e-01
1.126703201e-01
1.124158436e-01
1.059349221e-01
1.037316181e-01
9.334152609e-02
9.563982648e-02
9.130921492e-02
8.776296525e-02
8.416925969e-02
7.563449754e-02
6.826634807e-02
6.454198851e-02
5.872418952e-02
5.653731737e-02
5.276812589e-02
6.488048306e-02
6.563459120e-02
5.955925283e-02
5.610854313e-02
5.947050651e-02
4.910900262e-02
4.681861301e-02
4.522835324e-02
4.610883146e-02
5.225972991e-02
4.524995542e-02
3.233127703e-02
2.232482578e-02
2.523704492e-02
4.140714998e-02
4.547841158e-02
4.297506081e-02
3.016585594e-02
2.408486635e-02
1.714169066e-02
2.096405246e-02
1.131725563e-02
1.184715642e-02
5.121666147e-03
2.576561158e-03
8.625062710e-03
7.985530684e-03
-2.201097493e-05
-4.999400193e-03
-3.425402773e-03
-1.180477407e-03
-1.341242922e-02
-1.309616385e-02
-1.551933725e-02
-1.041334318e-02
-5.576326474e-03
-9.653649881e-03
-2.952344025e-02
-2.461418239e-02
-2.517556085e-02
-3.206169524e-02
-3.493877668e-02
-4.106806143e-02
-3.290159577e-02
-2.354551963e-02
-1.842772284e-02
-1.722277441e-02
-2.628028647e-02
-2.300126417e-02
-2.785264253e-02
-2.382900653e-02
-2.200016787e-02
-2.329624143e-02
-3.704123670e-02
-3.285373383e-02
-3.447703260e-02
-4.214890209e-02
-4.324392246e-02
-5.112800457e-02
-4.862740719e-02
-4.367154828e-02
-4.930565580e-02
-5.820081625e-02
-7.239976036e-02
-7.562924595e-02
-9.073017682e-02
-8.965837007e-02
-8.648731531e-02
-7.741760137e-02
-7.632199935e-02
-6.735025257e-02
-6.761807191e-02
-7.391885015e-02
-7.450181253e-02
-8.017538556e-02
-8.758219769e-02
-8.503098137e-02
-7.720671815e-02
-6.562785104e-02
-7.027455467e-02
-6.468293259e-02
-6.900858898e-02
-8.155349654e-02
-9.513083316e-02
-9.184988651e-02
-9.092067068e-02
-8.348948938e-02
-9.040601299e-02
-1.059421171e-01
-1.065562140e-01
-1.108357298e-01
-1.046590415e-01
-9.922871530e-02
-1.030652995e-01
-1.042796561e-01
-1.088509924e-01
-1.028850782e-01
-1.049313511e-01
-9.874723641e-02
-1.031862490e-01
-1.063847464e-01
-1.240446312e-01
-1.217282626e-01
-1.170417493e-01
-1.119982808e-01
-1.078800485e-01
-1.068751471e-01
-1.115113776e-01
-1.155273293e-01
-1.186044746e-01
-1.160613222e-01
-1.188287207e-01
-1.199379393e-01
-1.313611185e-01
-1.323863420e-01
-1.368262954e-01
-1.332686095e-01
-1.365172420e-01
-1.413628305e-01
-1.481212384e-01
-1.468302067e-01
-1.397823467e-01
-1.380693322e-01
-1.400274938e-01
-1.420845672e-01
-1.458550964e-01
-1.436479390e-01
-1.456800734e-01
-1.358261523e-01
-1.384865384e-01
-1.372968323e-01
-1.394176699e-01
-1.311621571e-01
-1.350412693e-01
-1.323997241e-01
-1.354487881e-01
-1.365163446e-01
-1.266627998e-01
-1.227220026e-01
-1.319551335e-01
-1.496691619e-01
-1.581390961e-01
-1.518911181e-01
-1.572210708e-01
-1.543476125e-01
-1.558655678e-01
-1.473619980e-01
-1.443696400e-01
-1.411877790e-01
-1.518183552e-01
-1.516569775e-01
-1.527087727e-01
-1.523714299e-01
-1.430549017e-01
-1.494840650e-01
-1.581403289e-01
-1.670805434e-01
-1.636206475e-01
-1.536774704e-01
-1.648216357e-01
-1.666894550e-01
-1.663948275e-01
-1.528611188e-01
-1.474149249e-01
-1.443942452e-01
-1.555801801e-01
-1.567568218e-01
-1.520875259e-01
-1.481122077e-01
-1.498395412e-01
-1.622364736e-01
-1.709375528e-01
-1.615382699e-01
-1.527747566e-01
-1.548971078e-01
-1.615167372e-01
-1.535755959e-01
-1.513245783e-01
-1.506103474e-01
-1.593322257e-01
-1.699205116e-01
-1.842679120e-01
-1.743825032e-01
-1.707951453e-01
-1.755317861e-01
-1.826471066e-01
-1.876423170e-01
-1.844881357e-01
-1.739643122e-01
-1.752962809e-01
-1.832384437e-01
-1.886957290e-01
-1.738259835e-01
-1.611250532e-01
-1.552029679e-01
-1.668804531e-01
-1.756977479e-01
-1.818360969e-01
-1.711611409e-01
-1.668560270e-01
-1.721024552e-01
-1.700267794e-01
-1.670948389e-01
-1.719659555e-01
-1.793463397e-01
-1.835523210e-01
-1.845161082e-01
-1.845050785e-01
-1.752868708e-01
-1.801394435e-01
-1.846837298e-01
-1.907317309e-01
-1.813841558e-01
-1.804855895e-01
-1.776099834e-01
-1.914472901e-01
-2.008810200e-01
-1.876556994e-01
-1.705492670e-01
-1.586660713e-01
-1.576423600e-01
-1.709150737e-01
-1.811151669e-01
-1.944322684e-01
-1.909909967e-01
-1.892190775e-01
-1.841679202e-01
-1.882878683e-01
-1.840966826e-01
-1.897188392e-01
-1.933294008e-01
-2.005033733e-01
-2.016686861e-01
-1.855936932e-01
-1.735054162e-01
-1.785359863e-01
-1.983080834e-01
-2.097123389e-01
-2.028798891e-01
-2.033101421e-01
-1.991095193e-01
-2.004592801e-01
-1.940524381e-01
-1.966373020e-01
-1.892369473e-01
-1.872981886e-01
-1.809117012e-01
-1.838115197e-01
-1.957804895e-01
-2.048660882e-01
-2.018403065e-01
-1.912764302e-01
-1.849709368e-01
-1.814174826e-01
-1.762236424e-01
-1.896512295e-01
-2.000179683e-01
-2.062362482e-01
-1.946097958e-01
-1.884068225e-01
-1.862271879e-01
-1.993118730e-01
-2.010391747e-01
-2.030514094e-01
-2.062828708e-01
-2.011927470e-01
-1.983083821e-01
-1.992315433e-01
-2.070855590e-01
-2.078097645e-01
-2.001825634e-01
-2.051169256e-01
-2.034138372e-01
-2.096735698e-01
-2.086162975e-01
-2.215126825e-01
-2.252608914e-01
-2.262322711e-01
-2.104923660e-01
-1.991942727e-01
-1.989170137e-01
-2.025276803e-01
-2.180249224e-01
-2.266221270e-01
-2.310563104e-01
-2.384790796e-01
-2.353510639e-01
-2.276902710e-01
-2.140239360e-01
-2.161137682e-01
-2.126870667e-01
-2.097744315e-01
-2.037348762e-01
-2.056756525e-01
-1.961730552e-01
-1.934025797e-01
-2.019821968e-01
-1.981576177e-01
-2.044048835e-01
-2.098955145e-01
-2.240581028e-01
-2.284750133e-01
-2.185688047e-01
-2.145577018e-01
-2.093645664e-01
-2.140896577e-01
-2.168613714e-01
-2.246681394e-01
-2.212642460e-01
-2.279123962e-01
-2.215795652e-01
-2.195788656e-01
-2.204367668e-01
-2.107568947e-01
-2.118693368e-01
-2.206072096e-01
-2.270368896e-01
-2.239262129e-01
-2.140896569e-01
-2.080258016e-01
-2.080870208e-01
-2.240981293e-01
-2.259305783e-01
-2.242053397e-01
-2.135391198e-01
-2.229652956e-01
-2.225309912e-01
-2.229339637e-01
-2.278589438e-01
-2.280091989e-01
-2.293018614e-01
-2.259299320e-01
-2.261264510e-01
-2.256273028e-01
-2.190944368e-01
-2.217822603e-01
-2.173229313e-01
-2.223383809e-01
-2.250835873e-01
-2.309536402e-01
-2.279301578e-01
-2.275993105e-01
-2.153880442e-01
-2.107183873e-01
-2.080924626e-01
-2.030282787e-01
-2.148694850e-01
-2.228018011e-01
-2.190594913e-01
-2.132377864e-01
-2.103314878e-01
-2.205669636e-01
-2.199763964e-01
-2.224547249e-01
-2.079011443e-01
-2.009221315e-01
-2.020833963e-01
-2.162829431e-01
-2.180167845e-01
-2.225010833e-01
-2.187883976e-01
-2.085098673e-01
-2.132440542e-01
-2.231544258e-01
-2.184665526e-01
-2.105065108e-01
-2.068920530e-01
-2.162750244e-01
-2.063862901e-01
-2.116077891e-01
-2.148796120e-01
-2.177443260e-01
-2.109932479e-01
-2.144019978e-01
-2.063897795e-01
-2.119422041e-01
-2.214227715e-01
-2.198709942e-01
-2.224676029e-01
-2.183027682e-01
-2.200502767e-01
-2.267603413e-01
-2.228809185e-01
-2.235423594e-01
-2.191227729e-01
-2.285253905e-01
-2.303416232e-01
-2.287512431e-01
-2.213353890e-01
-2.165499303e-01
-1.988911618e-01
-2.006467833e-01
-2.120636904e-01
-2.111570210e-01
-2.083621823e-01
-2.048834118e-01
-2.024860549e-01
-2.016689038e-01
-1.970579454e-01
-2.075951569e-01
-2.103771283e-01
-2.216999822e-01
-2.189525690e-01
-2.181751514e-01
-2.158550344e-01
-2.251714596e-01
-2.257246405e-01
-2.246867547e-01
-2.243405259e-01
-2.207111273e-01
-2.238107068e-01
-2.282580478e-01
-2.299316005e-01
-2.317282487e-01
-2.326964299e-01
-2.356647376e-01
-2.278807330e-01
-2.319784164e-01
-2.342862816e-01
-2.413918210e-01
-2.330541601e-01
-2.393946684e-01
-2.269584083e-01
-2.167775433e-01
-2.187235324e-01
-2.260784050e-01
-2.366463988e-01
-2.399426451e-01
-2.378491238e-01
-2.298749907e-01
-2.203417165e-01
-2.325566319e-01
-2.362884617e-01
-2.392374915e-01
-2.317557531e-01
-2.319010858e-01
-2.342931683e-01
-2.410977644e-01
-2.358123643e-01
-2.387434893e-01
-2.473639099e-01
-2.435032009e-01
-2.467886166e-01
-2.507292873e-01
-2.457417070e-01
-2.449437897e-01
-2.474964401e-01
-2.563427547e-01
-2.492663609e-01
-2.435256162e-01
-2.378092175e-01
-2.416506537e-01
-2.487158439e-01
-2.634813067e-01
-2.563277916e-01
-2.554554486e-01
-2.575511900e-01
-2.549729321e-01
-2.473613870e-01
-2.443278113e-01
-2.448799412e-01
-2.449168602e-01
-2.430667437e-01
-2.550925883e-01
-2.526062967e-01
-2.567176375e-01
-2.452255090e-01
-2.337543130e-01
-2.292412624e-01
-2.380885546e-01
-2.374386618e-01
-2.459462330e-01
-2.532970118e-01
-2.496561668e-01
-2.470530848e-01
-2.498693751e-01
-2.496538856e-01
-2.482007052e-01
-2.472395752e-01
-2.528832998e-01
-2.508726338e-01
-2.593946857e-01
-2.549002287e-01
-2.521045217e-01
-2.487349555e-01
-2.544213057e-01
-2.477067754e-01
-2.526667848e-01
-2.584720075e-01
-2.601924655e-01
-2.711437966e-01
-2.674973869e-01
-2.597372589e-01
-2.564822131e-01
-2.563525724e-01
-2.725445038e-01
-2.787524658e-01
-2.867309259e-01
-2.802167619e-01
-2.773140534e-01
-2.770488257e-01
-2.830689438e-01
-2.755853754e-01
-2.705243933e-01
-2.673626162e-01
-2.678873866e-01
-2.774316982e-01
-2.841270149e-01
-2.802270026e-01
-2.725506655e-01
-2.683612444e-01
-2.719961638e-01
-2.597025461e-01
-2.583562282e-01
-2.582268150e-01
-2.710294728e-01
-2.759139180e-01
-2.789042869e-01
-2.728373516e-01
-2.712889275e-01
-2.768703097e-01
-2.807343466e-01
-2.867098152e-01
-2.881557080e-01
-2.791739364e-01
-2.680835997e-01
-2.682072614e-01
-2.868052913e-01
-2.839233513e-01
-2.766828100e-01
-2.725837195e-01
-2.775862474e-01
-2.782517750e-01
-2.863073699e-01
-2.724642375e-01
-2.631396478e-01
-2.704169442e-01
-2.678938730e-01
-2.622035920e-01
-2.660070725e-01
-2.692221388e-01
-2.778143520e-01
-2.740866082e-01
-2.695491998e-01
-2.597219786e-01
