1.033443189e-02
1.089706093e-02
1.173632162e-02
1.139862088e-02
1.044980030e-02
9.829317834e-03
9.821396940e-03
1.143399787e-02
1.266924039e-02
1.320064684e-02
1.243527836e-02
1.293948560e-02
1.296734885e-02
1.273287543e-02
1.173100844e-02
1.147678684e-02
1.103803943e-02
1.016409839e-02
1.108880051e-02
1.129289196e-02
1.045404987e-02
9.742149577e-03
1.008463019e-02
9.967215383e-03
1.119700495e-02
1.202922427e-02
1.337378415e-02
1.369030692e-02
1.478378924e-02
1.560262580e-02
1.603521117e-02
1.658992544e-02
1.663867641e-02
1.618475746e-02
1.593700593e-02
1.696381070e-02
1.595931745e-02
1.482167868e-02
1.319305373e-02
1.380882781e-02
1.434072196e-02
1.499492146e-02
1.504073202e-02
1.525411129e-02
1.495027427e-02
1.542633114e-02
1.514360916e-02
1.508415856e-02
1.490088897e-02
1.533385715e-02
1.598150883e-02
1.568731547e-02
1.397418234e-02
1.376410239e-02
1.370117587e-02
1.313451459e-02
1.301804514e-02
1.293068028e-02
1.283117103e-02
1.182841565e-02
1.215562013e-02
1.308750430e-02
1.355685482e-02
1.365820354e-02
1.384222688e-02
1.333026319e-02
1.316874887e-02
1.360655392e-02
1.445932907e-02
1.426610165e-02
1.336260721e-02
1.213111857e-02
1.137963838e-02
1.239720920e-02
1.328079404e-02
1.335847013e-02
1.296180337e-02
1.277009850e-02
1.179330108e-02
1.156781027e-02
1.105459927e-02
1.190424563e-02
1.281371650e-02
1.296867106e-02
1.311784653e-02
1.400207744e-02
1.396801929e-02
1.399214051e-02
1.472170397e-02
1.575614834e-02
1.553883559e-02
1.465925602e-02
1.427790137e-02
1.394324571e-02
1.327763468e-02
1.304897922e-02
1.258566035e-02
1.175910773e-02
1.147138296e-02
1.146700380e-02
1.220394219e-02
1.221449068e-02
1.065337328e-02
1.021160474e-02
9.144358518e-03
8.376733129e-03
6.507953094e-03
6.227598691e-03
7.430674998e-03
8.050856782e-03
8.973468160e-03
1.002500737e-02
1.006073161e-02
9.353014499e-03
1.078550458e-02
1.129995234e-02
1.274590750e-02
1.328548002e-02
1.295979370e-02
1.298872178e-02
1.363714824e-02
1.399752225e-02
1.371583084e-02
1.344701666e-02
1.317290345e-02
1.318462605e-02
1.306767054e-02
1.245229265e-02
1.333391818e-02
1.356686309e-02
1.399056147e-02
1.382512861e-02
1.361599546e-02
1.249101549e-02
1.206248918e-02
1.205061995e-02
1.245303434e-02
1.273094781e-02
1.219097879e-02
1.116894498e-02
1.013329062e-02
1.078902456e-02
1.171081034e-02
1.243327859e-02
1.328413186e-02
1.361082032e-02
1.248977687e-02
1.245335269e-02
1.277124242e-02
1.285433874e-02
1.272048427e-02
1.259458797e-02
1.365496331e-02
1.405352343e-02
1.349157637e-02
1.211097511e-02
1.160478307e-02
1.201727638e-02
1.388946799e-02
1.523461572e-02
1.587613540e-02
1.398288401e-02
1.342622843e-02
1.332460297e-02
1.418425644e-02
1.493614044e-02
1.515121422e-02
1.458110710e-02
1.328750267e-02
1.348306315e-02
1.368044826e-02
1.433230415e-02
1.401143214e-02
1.392176556e-02
1.536134782e-02
1.572236362e-02
1.612680607e-02
1.561536741e-02
1.478596270e-02
1.543823136e-02
1.499579730e-02
1.502044351e-02
1.566942182e-02
1.582594825e-02
1.567278240e-02
1.452567932e-02
1.341664566e-02
1.241281947e-02
1.170189431e-02
1.042233223e-02
1.093709414e-02
1.173886139e-02
1.191203402e-02
1.286813967e-02
1.389958235e-02
1.528865773e-02
1.352159283e-02
1.288688714e-02
1.362959406e-02
1.425072106e-02
1.521323985e-02
1.544227217e-02
1.468054100e-02
1.516821284e-02
1.600817056e-02
1.628573256e-02
1.654640460e-02
1.523868458e-02
1.467204729e-02
1.402556366e-02
1.369508081e-02
1.361100190e-02
1.344851689e-02
1.442974434e-02
1.606975836e-02
1.638111823e-02
1.638773186e-02
1.729086283e-02
1.754998395e-02
1.736468037e-02
1.805429452e-02
1.875000776e-02
1.953105923e-02
1.974955645e-02
1.919511590e-02
1.846209901e-02
1.782692966e-02
1.746531712e-02
1.757219369e-02
1.683771108e-02
1.652317602e-02
1.616573025e-02
1.641030347e-02
1.526984697e-02
1.468964443e-02
1.363967558e-02
1.270343922e-02
1.305796103e-02
1.306132469e-02
1.304588099e-02
1.385220087e-02
1.378377056e-02
1.430851419e-02
1.399782285e-02
1.439950588e-02
1.453158651e-02
1.507542915e-02
1.590209542e-02
1.567475164e-02
1.669681687e-02
1.898236782e-02
1.340175172e-01
9.255769279e-01
2.996057580e+00
6.175541053e+00
9.654965357e+00
1.259908696e+01
1.463206071e+01
1.575144908e+01
1.613999939e+01
1.600080471e+01
1.550688597e+01
1.479289234e+01
1.397707273e+01
1.314454621e+01
1.235467227e+01
1.163891030e+01
1.100906941e+01
1.046397460e+01
9.995948393e+00
9.591249594e+00
9.238799842e+00
8.928001713e+00
8.646148485e+00
8.385855982e+00
8.142607188e+00
7.911108569e+00
7.690328890e+00
7.477351048e+00
7.285423621e+00
7.127408287e+00
6.977006407e+00
6.809449246e+00
6.625099888e+00
6.437740852e+00
6.259158743e+00
6.088972807e+00
5.926306277e+00
5.766903880e+00
5.611864407e+00
5.460172332e+00
5.312844980e+00
5.167691041e+00
5.028016648e+00
4.891129720e+00
4.757813102e+00
4.629141555e+00
4.504418362e+00
4.383518101e+00
4.267945428e+00
4.155299779e+00
4.045910632e+00
3.939334637e+00
3.835925597e+00
3.735844070e+00
3.643008492e+00
3.559617190e+00
3.482288476e+00
3.401909760e+00
3.315983440e+00
3.229366522e+00
3.146760563e+00
3.066483743e+00
2.989345002e+00
2.914638868e+00
2.842301419e+00
2.771868839e+00
2.703155057e+00
2.636401009e+00
2.572034728e+00
2.508642615e+00
2.447008087e+00
2.386365135e+00
2.326379078e+00
2.268849310e+00
2.214119717e+00
2.160203442e+00
2.107440770e+00
2.056874918e+00
2.006223018e+00
1.957682400e+00
1.911718937e+00
1.869082033e+00
1.831076585e+00
1.791484669e+00
1.752861251e+00
1.710061737e+00
1.670524372e+00
1.632455552e+00
1.595495167e+00
1.557944159e+00
1.523582794e+00
1.490163300e+00
1.457328169e+00
1.425700655e+00
1.393762234e+00
1.364397814e+00
1.334903707e+00
1.304904614e+00
1.276665328e+00
1.247009882e+00
1.220409658e+00
1.194384018e+00
1.171290769e+00
1.146106285e+00
1.120839488e+00
1.096635894e+00
1.074629746e+00
1.052591345e+00
1.031501156e+00
1.012002719e+00
9.906760703e-01
9.692180612e-01
9.492708451e-01
9.312377941e-01
9.140381867e-01
8.957964625e-01
8.781890827e-01
8.610071415e-01
8.449927761e-01
8.281337184e-01
8.128074955e-01
7.964152902e-01
7.833919470e-01
7.700872408e-01
7.561907852e-01
7.420051376e-01
7.276479933e-01
7.133774412e-01
7.003126667e-01
6.884429183e-01
6.767369801e-01
6.640803737e-01
6.527636226e-01
6.403979840e-01
6.286422269e-01
6.193298581e-01
6.098550544e-01
5.980152147e-01
5.876566609e-01
5.769668189e-01
5.670349795e-01
5.586251480e-01
5.502695347e-01
5.415069162e-01
5.333407673e-01
5.250819927e-01
5.180716401e-01
5.096745579e-01
5.027930293e-01
4.946531082e-01
4.879547085e-01
4.791050707e-01
4.722515160e-01
4.629370161e-01
4.566354199e-01
4.493536343e-01
4.419039512e-01
4.362728896e-01
4.295713446e-01
4.229075938e-01
4.166382431e-01
4.117763116e-01
4.062802592e-01
3.998721268e-01
3.951192016e-01
3.889508086e-01
3.845404874e-01
3.796367879e-01
3.755673942e-01
3.698199455e-01
3.656982853e-01
3.589728412e-01
3.531387868e-01
3.493248948e-01
3.445636667e-01
3.392764760e-01
3.341620938e-01
3.296650225e-01
3.249387515e-01
3.208448843e-01
3.182224059e-01
3.133376542e-01
3.099123414e-01
3.061226096e-01
3.027558644e-01
2.982713817e-01
2.958159962e-01
2.920288922e-01
2.884633328e-01
2.864026489e-01
2.839533902e-01
2.822975966e-01
2.797199635e-01
2.769040102e-01
2.742886883e-01
2.695824914e-01
2.673390405e-01
2.635073320e-01
2.610457309e-01
2.572428593e-01
2.539743811e-01
2.506365506e-01
2.503351304e-01
2.480940650e-01
2.449862712e-01
2.424397961e-01
2.407649993e-01
2.393465634e-01
2.372307363e-01
2.350134011e-01
2.329544662e-01
2.299361998e-01
2.288420572e-01
2.255647107e-01
2.230961789e-01
2.213429820e-01
2.206026232e-01
2.186961416e-01
2.183709427e-01
2.158162994e-01
2.133275678e-01
2.123801120e-01
2.097490091e-01
2.073447460e-01
2.049364239e-01
2.017400515e-01
2.001014673e-01
1.975341134e-01
1.959743877e-01
1.937045520e-01
1.925087727e-01
1.915554600e-01
1.903111765e-01
1.886801070e-01
1.880848728e-01
1.866810408e-01
1.845534738e-01
1.841974556e-01
1.822735878e-01
1.804733550e-01
1.792173945e-01
1.774189582e-01
1.772022338e-01
1.768201675e-01
1.768369557e-01
1.754955003e-01
1.747806121e-01
1.728791628e-01
1.720513233e-01
1.701457540e-01
1.695858775e-01
1.674085085e-01
1.660502678e-01
1.645762706e-01
1.621167421e-01
1.606102164e-01
1.602344218e-01
1.592949095e-01
1.581044782e-01
1.562080389e-01
1.561581534e-01
1.553988358e-01
1.560598837e-01
1.551458612e-01
1.544983501e-01
1.522158548e-01
1.523055672e-01
1.519510604e-01
1.509488303e-01
1.506389398e-01
1.488017552e-01
1.479853695e-01
1.460604208e-01
1.459958760e-01
1.459530948e-01
1.439190077e-01
1.427311915e-01
1.406204147e-01
1.391502763e-01
1.376078734e-01
1.369816994e-01
1.354859262e-01
1.364189063e-01
1.354715593e-01
1.333308680e-01
1.329140881e-01
1.327122599e-01
1.320178175e-01
1.315810392e-01
1.298630584e-01
1.288194742e-01
1.267285345e-01
1.271121486e-01
1.255297897e-01
1.253945833e-01
1.238925926e-01
1.232923870e-01
1.211042343e-01
1.213640711e-01
1.205399565e-01
1.198433816e-01
1.200552745e-01
1.192584486e-01
1.182525283e-01
1.179768184e-01
1.161638291e-01
1.171068551e-01
1.158331296e-01
1.163870194e-01
1.150678617e-01
1.147218737e-01
1.126782936e-01
1.123634489e-01
1.114479823e-01
1.125266437e-01
1.111008358e-01
1.099838861e-01
1.100808305e-01
1.095178984e-01
1.083696593e-01
1.076616477e-01
1.073975915e-01
1.076485896e-01
1.053880172e-01
1.053728662e-01
1.051717461e-01
1.062234310e-01
1.054109138e-01
1.042342571e-01
1.025033482e-01
1.023067477e-01
1.024255421e-01
1.022271321e-01
1.020985996e-01
1.013507249e-01
1.010192161e-01
1.000031342e-01
9.950585810e-02
9.894579855e-02
9.806603654e-02
9.957137554e-02
9.876857012e-02
9.925335922e-02
9.895077311e-02
9.761068767e-02
9.484362939e-02
9.491815022e-02
9.556924035e-02
9.545360717e-02
9.580890216e-02
9.471950162e-02
9.428164004e-02
9.473064811e-02
9.429934458e-02
9.524922584e-02
9.394874469e-02
9.446687228e-02
9.412095192e-02
9.420945392e-02
9.277120998e-02
9.190456321e-02
9.071323304e-02
9.075479028e-02
8.943346264e-02
8.798824037e-02
8.806803958e-02
8.703650357e-02
8.655159336e-02
8.628375098e-02
8.672259903e-02
8.773202987e-02
8.574474604e-02
8.516314141e-02
8.328806717e-02
8.416780340e-02
8.413000303e-02
8.566208305e-02
8.534733878e-02
8.510349831e-02
8.403474082e-02
8.336682878e-02
8.330827939e-02
8.286655183e-02
8.157936940e-02
8.131402394e-02
7.907569531e-02
7.934290192e-02
7.800200398e-02
7.782584551e-02
7.722607848e-02
7.752967820e-02
7.670625273e-02
7.647983174e-02
7.494458307e-02
7.654053820e-02
7.641181719e-02
7.603741695e-02
7.502572500e-02
7.254825644e-02
7.105153140e-02
7.042838403e-02
7.202676599e-02
7.276620625e-02
7.186555740e-02
7.266802843e-02
7.219305694e-02
7.482342541e-02
7.723225326e-02
7.904276870e-02
7.886450938e-02
7.935064807e-02
7.774401188e-02
7.608552286e-02
7.568594055e-02
7.533512396e-02
7.513818450e-02
7.452052973e-02
7.269327031e-02
7.228922199e-02
7.157679131e-02
7.140917428e-02
7.139659526e-02
7.252855040e-02
7.140464703e-02
7.088158345e-02
6.993587261e-02
7.125978498e-02
7.172427810e-02
7.059874191e-02
7.156241138e-02
7.038109779e-02
7.011797640e-02
6.948013276e-02
6.837659102e-02
6.920143553e-02
6.800361781e-02
6.827531207e-02
6.694825406e-02
6.550669515e-02
6.439163852e-02
6.472508585e-02
6.481938733e-02
6.575532309e-02
6.398487347e-02
6.317852013e-02
6.371710164e-02
6.195790562e-02
6.057198808e-02
6.031304012e-02
6.027405374e-02
6.098539396e-02
5.932233356e-02
5.880197710e-02
5.923560257e-02
5.965145610e-02
5.837580290e-02
5.832818422e-02
5.765952131e-02
5.793047909e-02
5.822059672e-02
5.814865060e-02
5.854731827e-02
5.758234718e-02
5.792858813e-02
5.775814217e-02
5.711894831e-02
5.688149035e-02
5.626735399e-02
5.658833687e-02
5.668941474e-02
5.714667380e-02
5.698886482e-02
5.645854519e-02
5.422906915e-02
5.414726771e-02
5.383243210e-02
5.356624452e-02
5.363956397e-02
5.310306466e-02
5.284040576e-02
5.332875708e-02
5.296650523e-02
5.427865464e-02
5.437609988e-02
5.559755308e-02
5.452028723e-02
5.417283734e-02
5.423271691e-02
5.403596701e-02
5.343571548e-02
5.398852825e-02
5.418853336e-02
5.347447835e-02
5.494351225e-02
5.385223443e-02
5.452146216e-02
5.416937282e-02
5.460704462e-02
5.606259058e-02
5.553223744e-02
5.534797976e-02
5.342494572e-02
5.439873253e-02
5.239841243e-02
5.241759940e-02
5.062805003e-02
5.057939335e-02
4.915650644e-02
4.778246443e-02
4.907653616e-02
5.077403238e-02
5.054758653e-02
4.929910124e-02
4.915094229e-02
4.942371763e-02
4.876594426e-02
5.036003405e-02
5.067388692e-02
5.084130375e-02
4.963103145e-02
4.896902992e-02
4.758809367e-02
4.753965450e-02
4.882687485e-02
4.978224943e-02
5.169381138e-02
5.083944266e-02
4.913291433e-02
4.936324841e-02
5.109542090e-02
5.213996563e-02
5.151846648e-02
5.261192614e-02
5.233373350e-02
5.302095001e-02
5.254423381e-02
5.202876749e-02
5.021945206e-02
5.203141188e-02
5.124999779e-02
4.930101295e-02
4.929581058e-02
4.790255437e-02
4.638123182e-02
4.671812636e-02
4.713052495e-02
4.732379712e-02
4.664994842e-02
4.756443408e-02
4.774195137e-02
4.734913230e-02
4.766246951e-02
4.831747036e-02
4.701096531e-02
4.833313110e-02
4.782649208e-02
4.715973569e-02
4.666514910e-02
4.607522707e-02
4.632591907e-02
4.672718380e-02
4.661508701e-02
4.469612055e-02
4.298246538e-02
4.344120501e-02
4.338380604e-02
4.365410183e-02
4.223070765e-02
4.220087980e-02
4.152301830e-02
4.241629336e-02
4.193564612e-02
4.001916504e-02
4.051214480e-02
4.101235687e-02
4.122604478e-02
4.138996292e-02
4.151186631e-02
4.247564966e-02
4.258710556e-02
4.202393025e-02
3.988445070e-02
3.841033879e-02
3.758167280e-02
3.795202946e-02
3.732065731e-02
3.756506573e-02
3.638685944e-02
3.512612627e-02
3.635970653e-02
3.660120149e-02
3.769396122e-02
3.790945762e-02
3.748156613e-02
3.714009037e-02
3.576201926e-02
3.658225804e-02
3.679404659e-02
3.753534086e-02
3.735511464e-02
3.811095302e-02
3.716028565e-02
3.682329578e-02
3.667420599e-02
3.606141328e-02
3.640432854e-02
3.571909430e-02
3.461024757e-02
3.508185772e-02
3.549124183e-02
3.586898835e-02
3.478247735e-02
3.582852329e-02
3.507372083e-02
3.528018709e-02
3.491862361e-02
3.594531698e-02
3.625082669e-02
3.751631881e-02
3.767689178e-02
3.758571234e-02
3.796007224e-02
3.752424573e-02
3.707568855e-02
3.678948425e-02
3.800807103e-02
3.807459860e-02
3.694821047e-02
3.586706618e-02
3.512495615e-02
3.544642177e-02
3.427594098e-02
3.418096910e-02
3.364759175e-02
3.441989500e-02
3.374735350e-02
3.336869846e-02
3.355910235e-02
3.309271804e-02
3.351343443e-02
3.525950518e-02
3.541378203e-02
3.514068706e-02
3.416901468e-02
3.556357023e-02
3.579744778e-02
3.626089697e-02
3.618765063e-02
3.669326950e-02
3.475854244e-02
3.484460544e-02
3.404996052e-02
3.386342472e-02
3.422341241e-02
3.391386797e-02
3.429446415e-02
3.520496666e-02
3.445883210e-02
3.535313601e-02
3.492383572e-02
3.582903048e-02
3.384929822e-02
3.491563397e-02
3.531019466e-02
3.573930074e-02
3.415820294e-02
3.571968558e-02
3.610104656e-02
3.620864178e-02
3.683516322e-02
3.630942649e-02
3.635053849e-02
3.640720081e-02
3.720100760e-02
3.798408734e-02
3.723707395e-02
3.854882555e-02
3.873113022e-02
4.045449629e-02
4.016317495e-02
4.069423907e-02
3.919572083e-02
4.030859760e-02
4.012644604e-02
4.113453511e-02
4.272023738e-02
4.222535665e-02
4.196736025e-02
4.298654046e-02
4.346603765e-02
4.400208779e-02
4.284542107e-02
4.278871971e-02
4.070166703e-02
3.981319120e-02
3.896755382e-02
3.979742780e-02
3.877865991e-02
4.132907148e-02
4.071886998e-02
3.964170972e-02
3.873671407e-02
3.852078330e-02
3.853355919e-02
3.854531361e-02
3.906740998e-02
4.054139628e-02
4.023010404e-02
4.067061996e-02
3.976133376e-02
3.946493787e-02
3.896120422e-02
3.941534852e-02
3.933329468e-02
3.946588195e-02
3.921494526e-02
3.885219850e-02
4.053526429e-02
4.157797121e-02
4.161784053e-02
4.105058335e-02
4.082269925e-02
4.030077019e-02
3.969484723e-02
4.098538131e-02
4.048532687e-02
4.192903295e-02
4.233438543e-02
4.318339354e-02
4.188377368e-02
4.248174945e-02
4.172358967e-02
4.183767043e-02
4.373775636e-02
4.352263849e-02
4.328092971e-02
4.322445161e-02
4.239157818e-02
4.187550182e-02
4.083338736e-02
4.181949576e-02
4.176629395e-02
4.172117145e-02
4.062669103e-02
4.200331601e-02
4.116624239e-02
4.103988520e-02
4.100539226e-02
4.100390339e-02
4.100841038e-02
4.041421565e-02
3.889365369e-02
3.802278127e-02
3.824584084e-02
3.964211861e-02
3.996645650e-02
4.080174309e-02
4.007958696e-02
3.910776806e-02
3.844536770e-02
3.900331063e-02
3.764020489e-02
3.850623169e-02
3.770937269e-02
3.642474498e-02
3.684230133e-02
3.594476192e-02
3.538379824e-02
3.656718544e-02
3.586981743e-02
3.432722533e-02
3.356818873e-02
3.362794697e-02
