-3.790439941e-03
-3.861816068e-03
-3.845656821e-03
-3.654655956e-03
-3.480095066e-03
-3.255586258e-03
-3.039084397e-03
-2.851392798e-03
-2.834916557e-03
-2.836977409e-03
-2.978396814e-03
-3.119461400e-03
-3.279833019e-03
-3.355267445e-03
-3.378942037e-03
-3.351631462e-03
-3.205612074e-03
-3.044516863e-03
-2.883855689e-03
-2.742589592e-03
-2.537665079e-03
-2.426394741e-03
-2.394855629e-03
-2.398121396e-03
-2.413891111e-03
-2.489608885e-03
-2.630278608e-03
-2.749847356e-03
-2.889845729e-03
-2.938385457e-03
-2.840739639e-03
-2.662301039e-03
-2.469616273e-03
-2.196067291e-03
-2.053938946e-03
-1.895092878e-03
-1.906076887e-03
-1.965009374e-03
-2.051396353e-03
-2.211679369e-03
-2.348376107e-03
-2.385982569e-03
-2.395967811e-03
-2.312721094e-03
-2.135522602e-03
-2.000280651e-03
-1.831730595e-03
-1.636191198e-03
-1.421001086e-03
-1.330684771e-03
-1.290124811e-03
-1.375217424e-03
-1.457238153e-03
-1.567706140e-03
-1.716338459e-03
-1.807171994e-03
-1.721551094e-03
-1.575225660e-03
-1.377035301e-03
-1.105680338e-03
-8.990345766e-04
-8.042142601e-04
-7.785937622e-04
-8.310192802e-04
-8.963091298e-04
-1.025644828e-03
-1.073822852e-03
-1.133021531e-03
-1.135987690e-03
-1.141325852e-03
-1.093067452e-03
-9.669688881e-04
-8.516200579e-04
-6.464262933e-04
-5.442826935e-04
-4.259735348e-04
-3.026257505e-04
-2.005082439e-04
-2.329162636e-04
-3.314186600e-04
-4.599841670e-04
-5.876150298e-04
-6.725109044e-04
-6.098833591e-04
-5.279992319e-04
-3.480293791e-04
-1.745973371e-04
5.834611686e-07
1.991421855e-04
3.348636846e-04
4.246375959e-04
3.829024365e-04
2.754571898e-04
3.561050888e-05
-7.963421227e-05
-7.575910134e-05
3.398514328e-05
1.897439356e-04
3.257897047e-04
4.931904799e-04
6.544175284e-04
8.343169690e-04
8.628622012e-04
9.210091935e-04
9.314863433e-04
9.307770527e-04
8.457754394e-04
8.123103756e-04
7.653367460e-04
8.185107974e-04
8.089634836e-04
9.050488441e-04
1.025153795e-03
1.201331162e-03
1.329850362e-03
1.550395230e-03
1.737764241e-03
1.873830139e-03
1.872721506e-03
1.770886870e-03
1.623003090e-03
1.500370304e-03
1.451166028e-03
1.498986965e-03
1.529807695e-03
1.664592255e-03
1.896605599e-03
2.176394025e-03
2.411049017e-03
2.611799221e-03
2.681455254e-03
2.620634726e-03
2.450316976e-03
2.281813071e-03
2.179962972e-03
2.106637077e-03
2.173314553e-03
2.332301419e-03
2.498210379e-03
2.645160777e-03
2.825958440e-03
2.993380976e-03
3.103913851e-03
3.111951414e-03
3.156559012e-03
3.188217567e-03
3.151735115e-03
3.143237206e-03
3.101907986e-03
3.029380697e-03
2.963336551e-03
3.007330889e-03
3.066711368e-03
3.196504596e-03
3.423632262e-03
3.713212136e-03
3.876257714e-03
4.003184144e-03
4.059750275e-03
4.078180561e-03
3.918694171e-03
3.745739524e-03
3.632384657e-03
3.542153268e-03
3.504100375e-03
3.603038731e-03
3.823196319e-03
4.107042514e-03
4.435191105e-03
4.644271645e-03
4.760103031e-03
4.765582411e-03
4.635850429e-03
4.513764635e-03
4.357574185e-03
4.306027144e-03
4.360568187e-03
4.453933693e-03
4.611870595e-03
4.799375490e-03
5.014016529e-03
5.121277895e-03
5.160631782e-03
5.190855788e-03
5.205632283e-03
5.190554839e-03
5.201808850e-03
5.182674777e-03
5.227822134e-03
5.280585479e-03
5.364453722e-03
5.455301359e-03
5.481155244e-03
5.578554998e-03
5.699527141e-03
5.858754101e-03
5.901343869e-03
6.027580007e-03
6.057120790e-03
6.033092482e-03
5.983142058e-03
5.872217033e-03
5.752584190e-03
5.737497977e-03
5.823785658e-03
6.026171954e-03
6.354470687e-03
6.667717358e-03
6.842720057e-03
6.948163499e-03
6.959461121e-03
6.804489392e-03
6.585994053e-03
6.434122585e-03
6.357906637e-03
6.437038951e-03
6.612122038e-03
6.878243645e-03
7.246536414e-03
7.509218589e-03
7.655346376e-03
7.688637398e-03
7.585119947e-03
7.484449252e-03
7.390295074e-03
7.247713329e-03
7.217910018e-03
7.305030130e-03
7.368423725e-03
7.444198054e-03
7.638881395e-03
7.799676770e-03
7.924893983e-03
7.939105882e-03
7.974144201e-03
8.008040310e-03
8.137924936e-03
8.193160045e-03
8.285976141e-03
8.338689062e-03
8.337205821e-03
8.532525410e-03
8.659901016e-03
9.224384492e-03
4.602566476e-02
3.010299323e-01
9.451954894e-01
1.917057862e+00
3.067132796e+00
4.268267136e+00
5.445768415e+00
6.556252910e+00
7.567640253e+00
8.451919142e+00
9.194672261e+00
9.794310954e+00
1.025962103e+01
1.059806449e+01
1.082286879e+01
1.094940781e+01
1.100000000e+01
1.099729188e+01
1.095650422e+01
1.088987041e+01
1.080906546e+01
1.072544868e+01
1.064759055e+01
1.057563990e+01
1.050451529e+01
1.042986149e+01
1.034847466e+01
1.025859787e+01
1.015627504e+01
1.003907641e+01
9.905499165e+00
9.760600381e+00
9.611145909e+00
9.464396948e+00
9.321702544e+00
9.186751939e+00
9.061280289e+00
8.944622179e+00
8.834247804e+00
8.722378139e+00
8.602052471e+00
8.471010246e+00
8.330132607e+00
8.183048336e+00
8.031255145e+00
7.879859552e+00
7.733764123e+00
7.599779066e+00
7.479614153e+00
7.371525231e+00
7.268450690e+00
7.166226108e+00
7.060746394e+00
6.948358853e+00
6.827817946e+00
6.698407906e+00
6.562952501e+00
6.427251563e+00
6.297335605e+00
6.177847917e+00
6.068624795e+00
5.970122714e+00
5.879549243e+00
5.793875199e+00
5.707253914e+00
5.615446679e+00
5.514755238e+00
5.407777580e+00
5.297623120e+00
5.187183321e+00
5.080234325e+00
4.978620175e+00
4.884911744e+00
4.800646577e+00
4.724386114e+00
4.653487974e+00
4.582682928e+00
4.510558156e+00
4.434754576e+00
4.355431482e+00
4.271999018e+00
4.186903467e+00
4.100664087e+00
4.017981855e+00
3.940649663e+00
3.868944418e+00
3.803767049e+00
3.744177378e+00
3.689515219e+00
3.637717980e+00
3.585452299e+00
3.530278907e+00
3.469379701e+00
3.404525921e+00
3.336716054e+00
3.269072347e+00
3.203327611e+00
3.142999268e+00
3.088573474e+00
3.042395278e+00
3.002797161e+00
2.966068082e+00
2.929801475e+00
2.890793217e+00
2.847122449e+00
2.798324272e+00
2.745057920e+00
2.690385291e+00
2.636257325e+00
2.587139616e+00
2.543946372e+00
2.507640917e+00
2.476298579e+00
2.448851865e+00
2.421431256e+00
2.393197215e+00
2.361685279e+00
2.325379100e+00
2.285681664e+00
2.243922272e+00
2.202439148e+00
2.163246875e+00
2.127551077e+00
2.096721315e+00
2.069697285e+00
2.047163833e+00
2.026344479e+00
2.005802970e+00
1.983183619e+00
1.958460033e+00
1.929996918e+00
1.899619662e+00
1.867716892e+00
1.835371413e+00
1.804979530e+00
1.777703726e+00
1.754366702e+00
1.734715724e+00
1.717934261e+00
1.703072586e+00
1.687779523e+00
1.671491205e+00
1.652264627e+00
1.629995614e+00
1.604752479e+00
1.578721365e+00
1.552251461e+00
1.528309854e+00
1.507432774e+00
1.489836315e+00
1.476132396e+00
1.464891486e+00
1.454725261e+00
1.443682701e+00
1.430421440e+00
1.414522400e+00
1.395187403e+00
1.374059362e+00
1.351758522e+00
1.330471524e+00
1.311383664e+00
1.296225472e+00
1.284007591e+00
1.275143490e+00
1.267698764e+00
1.259842842e+00
1.250954456e+00
1.239455817e+00
1.225148049e+00
1.208380011e+00
1.190321543e+00
1.172697630e+00
1.156009079e+00
1.142130567e+00
1.130782330e+00
1.122190849e+00
1.115100177e+00
1.109082068e+00
1.101905303e+00
1.093756011e+00
1.083662912e+00
1.071449010e+00
1.058236958e+00
1.044176151e+00
1.030100217e+00
1.016839520e+00
1.005190503e+00
9.959004780e-01
9.882363811e-01
9.826276667e-01
9.775681388e-01
9.724511703e-01
9.660474645e-01
9.584006825e-01
9.482400682e-01
9.368881165e-01
9.244792016e-01
9.116438004e-01
9.000559968e-01
8.901936764e-01
8.826780550e-01
8.772331526e-01
8.734735189e-01
8.705972640e-01
8.668016058e-01
8.617110340e-01
8.543334152e-01
8.449022762e-01
8.338585648e-01
8.226706232e-01
8.115335719e-01
8.024984573e-01
7.955751879e-01
7.905404844e-01
7.874494271e-01
7.849356454e-01
7.821817850e-01
7.781324397e-01
7.724494846e-01
7.651185183e-01
7.560163686e-01
7.465202966e-01
7.370247941e-01
7.286701840e-01
7.216940977e-01
7.167626805e-01
7.127628068e-01
7.101465045e-01
7.076916574e-01
7.043446434e-01
7.002150072e-01
6.945827815e-01
6.877333957e-01
6.799408025e-01
6.719056049e-01
6.644655609e-01
6.576352870e-01
6.523215384e-01
6.481552983e-01
6.450645611e-01
6.424127666e-01
6.401889314e-01
6.368140370e-01
6.327607464e-01
6.274689720e-01
6.209710126e-01
6.140912635e-01
6.068490249e-01
6.001584974e-01
5.942522656e-01
5.895187617e-01
5.861585808e-01
5.833887257e-01
5.815428956e-01
5.795362383e-01
5.769453529e-01
5.730887532e-01
5.684616265e-01
5.621969400e-01
5.556785391e-01
5.491369535e-01
5.430158683e-01
5.382416787e-01
5.346358253e-01
5.323015733e-01
5.307061286e-01
5.294210053e-01
5.279866687e-01
5.252879411e-01
5.215962186e-01
5.165179297e-01
5.105450579e-01
5.040746986e-01
4.984157670e-01
4.933335879e-01
4.900719993e-01
4.880258682e-01
4.865590327e-01
4.857321079e-01
4.845048655e-01
4.824384160e-01
4.791392918e-01
4.748500440e-01
4.700848549e-01
4.647156544e-01
4.597948154e-01
4.553914954e-01
4.521079716e-01
4.495706112e-01
4.479246863e-01
4.461925211e-01
4.448293259e-01
4.430075530e-01
4.403360572e-01
4.372814173e-01
4.335680866e-01
4.295189754e-01
4.252154507e-01
4.211995471e-01
4.177616217e-01
4.144611635e-01
4.120200823e-01
4.099500353e-01
4.083239591e-01
4.066877459e-01
4.051730648e-01
4.028392812e-01
4.003519908e-01
3.971299316e-01
3.931635949e-01
3.891493191e-01
3.851172080e-01
3.816054788e-01
3.787130643e-01
3.766448059e-01
3.754425212e-01
3.742831397e-01
3.732881765e-01
3.717744853e-01
3.697343673e-01
3.667432256e-01
3.634334855e-01
3.592958545e-01
3.555317423e-01
3.522688713e-01
3.495410760e-01
3.476856994e-01
3.464156270e-01
3.455658896e-01
3.446131522e-01
3.433777319e-01
3.416539036e-01
3.390725934e-01
3.361777377e-01
3.328237336e-01
3.294328576e-01
3.261688167e-01
3.236557767e-01
3.213999489e-01
3.200649789e-01
3.190682949e-01
3.180637498e-01
3.171692580e-01
3.157378258e-01
3.139788696e-01
3.116268276e-01
3.089007783e-01
3.060825984e-01
3.029637900e-01
3.004230935e-01
2.982972847e-01
2.966606822e-01
2.952944605e-01
2.944389491e-01
2.932570846e-01
2.923039968e-01
2.909912957e-01
2.891582888e-01
2.871194073e-01
2.846976551e-01
2.821671301e-01
2.795180294e-01
2.771366538e-01
2.752747643e-01
2.736359927e-01
2.724635483e-01
2.714657398e-01
2.706191662e-01
2.695174034e-01
2.683832978e-01
2.664566035e-01
2.645206143e-01
2.623527181e-01
2.598094026e-01
2.574447708e-01
2.551660530e-01
2.533313234e-01
2.517995382e-01
2.506378537e-01
2.497600793e-01
2.486377061e-01
2.476202705e-01
2.462414511e-01
2.445669370e-01
2.424575162e-01
2.404711053e-01
2.380961907e-01
2.361624955e-01
2.344237189e-01
2.327134825e-01
2.315982292e-01
2.305567215e-01
2.296835350e-01
2.286148188e-01
2.274279354e-01
2.261557980e-01
2.244539559e-01
2.226303604e-01
2.206616776e-01
2.187497266e-01
2.168178174e-01
2.153190746e-01
2.136729965e-01
2.126165721e-01
2.116424468e-01
2.106134270e-01
2.097432752e-01
2.086898468e-01
2.075029229e-01
2.059488171e-01
2.042677752e-01
2.025787860e-01
2.006573705e-01
1.990623465e-01
1.976142709e-01
1.963765354e-01
1.951687988e-01
1.943828980e-01
1.933611233e-01
1.926230360e-01
1.917352073e-01
1.905298989e-01
1.892992706e-01
1.878270203e-01
1.863655414e-01
1.847756926e-01
1.833817633e-01
1.821781471e-01
1.809297010e-01
1.800444882e-01
1.791878665e-01
1.784502247e-01
1.776242325e-01
1.769364421e-01
1.757045622e-01
1.746624083e-01
1.734506710e-01
1.719801413e-01
1.707077705e-01
1.694219794e-01
1.682542887e-01
1.671451835e-01
1.662325344e-01
1.655027052e-01
1.645604951e-01
1.637355650e-01
1.627565141e-01
1.616732950e-01
1.603674926e-01
1.592062994e-01
1.577195981e-01
1.566113819e-01
1.555588212e-01
1.544421622e-01
1.535801596e-01
1.526318480e-01
1.518113327e-01
1.507843911e-01
1.497633424e-01
1.487816836e-01
1.475640427e-01
1.463239316e-01
1.450502418e-01
1.437978908e-01
1.425729271e-01
1.416826549e-01
1.405284146e-01
1.397439296e-01
1.388843410e-01
1.379475115e-01
1.371368729e-01
1.362397668e-01
1.352441241e-01
1.340210216e-01
1.327359051e-01
1.316419108e-01
1.305206546e-01
1.296826905e-01
1.289792743e-01
1.284074783e-01
1.277666413e-01
1.273008710e-01
1.263896510e-01
1.256350560e-01
1.247470659e-01
1.235808295e-01
1.224271142e-01
1.213122169e-01
1.203830449e-01
1.195376730e-01
1.189759139e-01
1.185074124e-01
1.179713440e-01
1.175307814e-01
1.168554812e-01
1.159892360e-01
1.149169179e-01
1.139580863e-01
1.126351738e-01
1.115449769e-01
1.105734865e-01
1.096477112e-01
1.090804704e-01
1.085330155e-01
1.082003685e-01
1.077639194e-01
1.073021683e-01
1.066985344e-01
1.058205686e-01
1.048367442e-01
1.038408183e-01
1.028323145e-01
1.017983721e-01
1.011324832e-01
1.003604010e-01
9.987270181e-02
9.933411836e-02
9.880316933e-02
9.835352026e-02
9.764627807e-02
9.701780511e-02
9.624111982e-02
9.557289564e-02
9.487236429e-02
9.394855519e-02
9.311135657e-02
9.229743329e-02
9.149577512e-02
9.073702708e-02
9.033427367e-02
8.978168097e-02
8.953087015e-02
8.919689877e-02
8.863187333e-02
8.807878459e-02
8.735675264e-02
8.637034136e-02
8.515373208e-02
8.407381826e-02
8.322662774e-02
8.242440544e-02
8.190544079e-02
8.158860510e-02
8.134893485e-02
8.094458552e-02
8.062859095e-02
7.982774924e-02
7.906294184e-02
7.808417826e-02
7.698904857e-02
7.608254310e-02
7.519136769e-02
7.458438000e-02
7.389324761e-02
7.345889438e-02
7.308622259e-02
7.250983872e-02
7.198085288e-02
7.143704736e-02
7.078226455e-02
6.998816206e-02
6.940853986e-02
6.856651153e-02
6.789613380e-02
6.711864184e-02
6.627804911e-02
6.568257844e-02
6.508552289e-02
6.473821617e-02
6.430458646e-02
6.399324947e-02
6.369129772e-02
6.319514062e-02
6.272130587e-02
6.213288884e-02
6.141218611e-02
6.050496354e-02
5.977747004e-02
5.890126464e-02
5.840740161e-02
5.804278228e-02
5.770426037e-02
5.757102249e-02
5.722889820e-02
5.688314038e-02
5.632885249e-02
5.581885754e-02
5.531937313e-02
5.460536039e-02
5.409180297e-02
5.352139506e-02
5.294215168e-02
5.243403640e-02
5.210611006e-02
5.159386343e-02
5.135649751e-02
5.110004155e-02
5.067802724e-02
5.027762872e-02
4.979420673e-02
4.942115099e-02
4.881733213e-02
4.820952359e-02
4.763864706e-02
4.695062240e-02
4.645228500e-02
4.603182050e-02
4.559456084e-02
4.526538487e-02
4.515237887e-02
4.471625873e-02
4.446993320e-02
4.410040567e-02
4.349726167e-02
4.298223530e-02
4.232110750e-02
4.173541498e-02
4.104145129e-02
4.054139262e-02
4.018747829e-02
3.982666828e-02
3.954334066e-02
3.925636594e-02
3.895585928e-02
3.846788473e-02
3.816214525e-02
3.745979191e-02
3.694930333e-02
3.629692332e-02
3.555236846e-02
3.503051809e-02
3.452428511e-02
3.417260326e-02
3.382651190e-02
3.369751933e-02
3.357711614e-02
3.322166960e-02
3.286134443e-02
3.241565294e-02
3.178576854e-02
3.108005438e-02
3.053917913e-02
2.974842228e-02
2.936070462e-02
2.902863290e-02
2.856526569e-02
2.838686164e-02
2.815443226e-02
2.798409172e-02
2.763137778e-02
2.724938479e-02
2.687258988e-02
2.631551373e-02
2.581120427e-02
2.535795825e-02
2.485707807e-02
2.440041585e-02
2.410622735e-02
2.354027299e-02
2.329453366e-02
2.306367125e-02
2.269252554e-02
2.247690446e-02
2.209365258e-02
2.184927262e-02
2.145849189e-02
2.104756190e-02
2.058085829e-02
2.009822796e-02
1.969367004e-02
1.933836033e-02
1.900817940e-02
1.864150108e-02
1.848766202e-02
1.806875000e-02
1.788659244e-02
1.769363335e-02
1.735039215e-02
1.703845504e-02
1.663853320e-02
1.634804753e-02
1.588792277e-02
1.552516173e-02
1.517948230e-02
1.482710252e-02
1.455159756e-02
1.428789583e-02
1.393647432e-02
1.353661365e-02
1.332771667e-02
1.278587396e-02
1.243920281e-02
1.208840540e-02
1.169831702e-02
1.146414122e-02
1.113698030e-02
1.089505604e-02
1.043203040e-02
1.005756422e-02
9.691644302e-03
9.265744693e-03
8.851916680e-03
8.519987598e-03
8.107737338e-03
7.713702144e-03
7.517783452e-03
7.097104386e-03
6.882986685e-03
6.601237895e-03
6.220749650e-03
5.875879521e-03
5.430142502e-03
5.114527564e-03
4.617666885e-03
4.248661754e-03
3.940249821e-03
3.497199342e-03
3.190763161e-03
2.923629469e-03
2.617822556e-03
2.358235201e-03
2.350789247e-03
2.034355492e-03
1.895997789e-03
1.569586126e-03
9.909876410e-04
5.652297803e-04
-4.441821726e-05
-5.117890362e-04
-1.052035615e-03
-1.345215617e-03
-1.522650439e-03
-1.643677375e-03
-1.639527635e-03
-1.675809562e-03
-1.843468110e-03
-2.131640247e-03
-2.449314898e-03
-3.119457254e-03
-3.601441322e-03
-4.146879337e-03
-4.690217494e-03
-4.881142957e-03
-5.122723734e-03
-5.186840050e-03
-5.391822770e-03
-5.489082029e-03
-5.649191585e-03
-5.977171376e-03
-6.216951065e-03
-6.484076499e-03
-6.869403186e-03
-7.375589138e-03
-7.749070986e-03
-8.417195361e-03
-8.767895550e-03
-9.129259348e-03
-9.514616468e-03
-9.688608524e-03
-9.894485322e-03
-9.980098993e-03
-1.019382274e-02
-1.029446217e-02
-1.052451812e-02
-1.087115999e-02
-1.133233644e-02
-1.184386304e-02
-1.253149465e-02
-1.321508798e-02
-1.372309093e-02
-1.431502651e-02
-1.451622747e-02
-1.467296847e-02
-1.477353383e-02
-1.467802831e-02
-1.478122580e-02
-1.495172246e-02
-1.536397021e-02
-1.587484663e-02
-1.658609926e-02
