4.878898642e-03
3.231900826e-03
3.608239129e-03
3.603195792e-03
3.663992627e-03
3.662922607e-03
2.561357639e-03
2.780062775e-03
1.666948390e-03
1.400940039e-03
1.938904245e-03
2.880929299e-03
2.502872506e-03
2.623924543e-03
4.241610167e-03
3.742344227e-03
2.206694782e-03
1.732155112e-03
2.334304764e-03
2.791932125e-03
2.458589581e-03
2.164983870e-03
2.530005092e-03
1.343460714e-03
1.813324265e-03
1.345532876e-03
2.545671612e-03
3.183283208e-03
4.360137624e-03
2.951992132e-03
2.695114621e-03
1.274727080e-03
2.088195798e-03
1.254319009e-03
2.629585561e-03
2.755288179e-03
2.850648437e-03
2.298993488e-03
2.278999341e-03
2.824133148e-03
2.659081449e-03
2.984957831e-03
3.162640953e-03
4.449893627e-03
4.492483952e-03
4.265968779e-03
4.371214726e-03
4.238024701e-03
3.906364496e-03
3.172523437e-03
3.926494131e-03
3.766512181e-03
3.106057715e-03
2.827546870e-03
1.609171332e-03
3.037497542e-03
2.937696099e-03
2.426213858e-03
2.064452677e-03
2.379737228e-03
2.987736098e-03
2.653778462e-03
2.992582199e-03
4.574524015e-03
4.823760947e-03
4.896581206e-03
4.167478719e-03
3.754290549e-03
3.615822812e-03
2.723786398e-03
3.895511108e-03
3.752080861e-03
4.543119169e-03
5.449774540e-03
4.457854875e-03
3.135894983e-03
3.007506171e-03
2.884061134e-03
3.019640644e-03
3.151268555e-03
2.842676643e-03
2.540484623e-03
2.723175525e-03
2.608344693e-03
1.812628537e-03
1.777921678e-03
1.185363890e-03
6.637487691e-04
1.867053993e-03
1.823840678e-03
5.356069131e-04
-5.617747049e-04
3.560534931e-04
4.635328364e-04
1.281243145e-03
1.341290506e-03
1.319836732e-03
5.512863149e-04
1.103798622e-03
1.678324884e-03
1.561240678e-03
1.800554248e-03
4.157855659e-04
2.350978175e-04
5.534512445e-04
4.831101637e-04
1.247136687e-03
1.678174095e-03
1.828892235e-03
1.266905336e-03
1.491185830e-03
1.095270993e-03
1.506021514e-03
2.495662545e-03
2.606888200e-03
1.619834546e-03
1.455316543e-03
5.656493428e-04
9.755644142e-04
1.294867047e-03
3.685315453e-04
6.386243947e-04
1.112332036e-03
2.617431489e-03
4.076492028e-03
3.625578005e-03
3.297327596e-03
3.678751210e-03
4.896430997e-03
5.914359997e-03
6.391851770e-03
5.618375735e-03
5.621253778e-03
5.489388584e-03
6.078358798e-03
6.070631535e-03
5.437786742e-03
4.716245402e-03
4.297678466e-03
3.380919803e-03
2.794523130e-03
2.337438034e-03
3.507307879e-03
2.431763545e-03
1.915501320e-03
1.583562256e-03
5.866454768e-04
1.453003657e-03
1.893350816e-03
2.903290588e-03
3.725314459e-03
3.866497802e-03
3.975647283e-03
3.490964124e-03
2.590931437e-03
2.515092921e-03
2.105988873e-03
2.078410503e-03
2.351738555e-03
2.841069264e-03
2.350251961e-03
8.907802338e-04
7.508890923e-04
1.743278147e-03
2.844130335e-03
2.569649474e-03
2.888993361e-03
1.861331353e-03
2.097892188e-03
2.626637716e-03
2.485359726e-03
2.850165384e-03
2.100631163e-03
2.979830959e-03
1.741274341e-03
2.423147712e-03
1.873769286e-03
2.062673764e-03
1.520022023e-03
9.924811412e-04
9.536749001e-04
1.711353599e-03
1.954992049e-03
2.485599433e-03
2.510991016e-03
2.626881844e-03
2.030568849e-03
2.247901243e-03
1.225030646e-03
2.255992556e-03
2.163169093e-03
1.722756322e-03
8.298146083e-04
1.303599004e-03
3.041960068e-04
7.563770377e-04
3.703501189e-04
5.600415414e-04
8.096775267e-04
3.594454890e-04
9.626872064e-04
4.367454674e-04
-7.895889342e-05
-4.168114130e-05
7.004533050e-04
1.119416953e-03
6.149837430e-04
1.062763856e-03
5.888915070e-04
-5.458473306e-04
-5.189172796e-04
4.431539339e-04
1.322740371e-03
1.182647621e-03
1.721783616e-03
1.268252985e-03
8.885456789e-04
-2.879664118e-05
-9.821959045e-05
1.206586705e-04
7.193589261e-04
6.329284015e-04
1.159661211e-03
1.714739413e-03
2.283746489e-03
2.449956259e-03
1.437948987e-03
2.478203838e-03
1.066865324e-03
2.736049995e-03
2.151228295e-03
1.273940620e-03
3.341880579e-04
-5.109593029e-04
-1.961361144e-03
-2.221065136e-03
-3.452683928e-04
-1.173622691e-03
9.629332778e-05
4.293223186e-04
3.994571772e-04
4.887791557e-04
2.032285642e-04
-9.661190049e-04
-1.588735574e-03
-2.100655613e-03
-3.191744271e-03
-3.197593611e-03
-2.279541962e-03
-2.093058817e-03
2.416011128e-03
-5.779956223e-02
-3.234786888e-02
6.271106962e-01
2.133474466e+00
4.173184628e+00
6.225613374e+00
7.924865251e+00
9.141927438e+00
9.911486087e+00
1.032653512e+01
1.046926785e+01
1.041761753e+01
1.022871317e+01
9.962472044e+00
9.663304536e+00
9.356420064e+00
9.061960936e+00
8.789859003e+00
8.541329353e+00
8.321344630e+00
8.122061130e+00
7.942344933e+00
7.772391983e+00
7.608367274e+00
7.446114880e+00
7.287177519e+00
7.124427366e+00
6.966987695e+00
6.816670145e+00
6.664008355e+00
6.516265671e+00
6.371959286e+00
6.236445204e+00
6.110420432e+00
5.988458846e+00
5.867905107e+00
5.744340364e+00
5.624240137e+00
5.503436667e+00
5.386519456e+00
5.272033028e+00
5.161837767e+00
5.052169740e+00
4.945686119e+00
4.842443586e+00
4.737524973e+00
4.635774820e+00
4.536036137e+00
4.438758522e+00
4.344532656e+00
4.251282402e+00
4.161125336e+00
4.070196495e+00
3.983464402e+00
3.896272470e+00
3.811801277e+00
3.727767268e+00
3.647764251e+00
3.567456142e+00
3.490517509e+00
3.417667036e+00
3.345561077e+00
3.274465684e+00
3.203162232e+00
3.130061909e+00
3.058943122e+00
2.989223161e+00
2.923179026e+00
2.855370029e+00
2.791237985e+00
2.726975058e+00
2.666019625e+00
2.605560151e+00
2.547627264e+00
2.487958257e+00
2.432885511e+00
2.377932159e+00
2.323023253e+00
2.272168568e+00
2.221684152e+00
2.172751894e+00
2.124164746e+00
2.077586123e+00
2.034020287e+00
1.988293676e+00
1.945590221e+00
1.903165762e+00
1.864468445e+00
1.824802652e+00
1.787273755e+00
1.748894169e+00
1.711907986e+00
1.676187628e+00
1.639720931e+00
1.603865822e+00
1.569382342e+00
1.535244801e+00
1.501771049e+00
1.468743679e+00
1.438383770e+00
1.405154277e+00
1.375205884e+00
1.345255091e+00
1.316184081e+00
1.287617054e+00
1.260712263e+00
1.232714462e+00
1.206584886e+00
1.180764106e+00
1.156066611e+00
1.133290027e+00
1.109767443e+00
1.086367363e+00
1.063506008e+00
1.041542395e+00
1.021946280e+00
1.001084343e+00
9.811632373e-01
9.618762318e-01
9.423800723e-01
9.242840152e-01
9.052903970e-01
8.858683400e-01
8.683512504e-01
8.530047916e-01
8.369029452e-01
8.217322545e-01
8.053888773e-01
7.899333561e-01
7.740020935e-01
7.592770747e-01
7.453353009e-01
7.308056431e-01
7.175488156e-01
7.045848378e-01
6.924426365e-01
6.803916956e-01
6.678916132e-01
6.560703215e-01
6.456134309e-01
6.343059010e-01
6.228224530e-01
6.124885300e-01
6.017718085e-01
5.906856337e-01
5.802908870e-01
5.703780413e-01
5.598244861e-01
5.485398694e-01
5.386745029e-01
5.299693286e-01
5.208735906e-01
5.114871789e-01
5.033948759e-01
4.931679947e-01
4.849963481e-01
4.763749741e-01
4.677348796e-01
4.607718088e-01
4.541551354e-01
4.462132360e-01
4.377190876e-01
4.312867752e-01
4.242352013e-01
4.171639660e-01
4.111174029e-01
4.047448222e-01
3.998038012e-01
3.938961176e-01
3.895541809e-01
3.835730745e-01
3.796211153e-01
3.748524499e-01
3.692946268e-01
3.647005548e-01
3.596950892e-01
3.543754286e-01
3.488717664e-01
3.438784826e-01
3.416514689e-01
3.350186741e-01
3.311550016e-01
3.267508147e-01
3.233064290e-01
3.182074568e-01
3.131193815e-01
3.082690476e-01
3.044262252e-01
3.020161271e-01
2.980964474e-01
2.947210813e-01
2.905738359e-01
2.861895213e-01
2.821452395e-01
2.784344091e-01
2.753278035e-01
2.715813460e-01
2.695669795e-01
2.662788718e-01
2.631709458e-01
2.607869237e-01
2.598195509e-01
2.562387867e-01
2.535924612e-01
2.498355312e-01
2.461822384e-01
2.449665351e-01
2.436357736e-01
2.407117981e-01
2.378599046e-01
2.350174284e-01
2.343374664e-01
2.323852282e-01
2.298109431e-01
2.261587344e-01
2.232319149e-01
2.205059488e-01
2.202866151e-01
2.174299520e-01
2.167114165e-01
2.155222487e-01
2.123874208e-01
2.118592847e-01
2.106095520e-01
2.092710758e-01
2.067563948e-01
2.044066316e-01
2.043386909e-01
2.013308893e-01
2.008472752e-01
1.992168134e-01
1.969311381e-01
1.949036237e-01
1.946507130e-01
1.914520149e-01
1.897498225e-01
1.898983501e-01
1.873466083e-01
1.860404259e-01
1.862437503e-01
1.839570419e-01
1.829467601e-01
1.812160877e-01
1.816156841e-01
1.803752387e-01
1.791477187e-01
1.773708033e-01
1.770276597e-01
1.753980540e-01
1.759495986e-01
1.744203829e-01
1.738112502e-01
1.733727293e-01
1.713377442e-01
1.714882922e-01
1.705397519e-01
1.695843484e-01
1.682171012e-01
1.667765639e-01
1.675755671e-01
1.670287431e-01
1.667923672e-01
1.659199408e-01
1.639464230e-01
1.617484184e-01
1.616765978e-01
1.607398808e-01
1.611979445e-01
1.616057437e-01
1.601493381e-01
1.600714523e-01
1.596573579e-01
1.577949078e-01
1.569853199e-01
1.555191823e-01
1.570395622e-01
1.559109296e-01
1.550799110e-01
1.526868537e-01
1.518851004e-01
1.517215707e-01
1.529026202e-01
1.496549558e-01
1.491994660e-01
1.490570480e-01
1.478490365e-01
1.481385227e-01
1.478317558e-01
1.474023465e-01
1.469348648e-01
1.456170874e-01
1.455669371e-01
1.450208776e-01
1.445050512e-01
1.427134531e-01
1.429666645e-01
1.417074645e-01
1.421874630e-01
1.410636687e-01
1.420574913e-01
1.427126175e-01
1.407017636e-01
1.403458391e-01
1.395684596e-01
1.388091499e-01
1.366979273e-01
1.356691726e-01
1.353311392e-01
1.348179632e-01
1.353998996e-01
1.350293071e-01
1.343684889e-01
1.343841578e-01
1.340163903e-01
1.316281029e-01
1.313278032e-01
1.313546017e-01
1.298496167e-01
1.295506348e-01
1.302395272e-01
1.293394728e-01
1.294515350e-01
1.279390956e-01
1.282333316e-01
1.265429823e-01
1.270604199e-01
1.276923697e-01
1.269400285e-01
1.268644597e-01
1.271157276e-01
1.269198162e-01
1.270310157e-01
1.278708425e-01
1.257205814e-01
1.264939964e-01
1.258582760e-01
1.248855301e-01
1.251291516e-01
1.239502682e-01
1.251424797e-01
1.246497763e-01
1.247709086e-01
1.244844579e-01
1.235411640e-01
1.231448254e-01
1.242611882e-01
1.225796757e-01
1.226995930e-01
1.222988360e-01
1.216280471e-01
1.222021094e-01
1.225042756e-01
1.223126393e-01
1.215225564e-01
1.218969271e-01
1.216642967e-01
1.204954018e-01
1.200548234e-01
1.191172819e-01
1.196136028e-01
1.196956539e-01
1.205247535e-01
1.187603935e-01
1.184916536e-01
1.190900464e-01
1.188963523e-01
1.211814067e-01
1.218576853e-01
1.223609781e-01
1.228922294e-01
1.214421562e-01
1.211258148e-01
1.208152636e-01
1.205401333e-01
1.205510935e-01
1.197860757e-01
1.195171695e-01
1.200820648e-01
1.181413650e-01
1.185320205e-01
1.191093153e-01
1.178019111e-01
1.172017017e-01
1.176188759e-01
1.162054889e-01
1.161723182e-01
1.177410962e-01
1.190459917e-01
1.182913253e-01
1.181285253e-01
1.168927645e-01
1.167075209e-01
1.156408752e-01
1.165255016e-01
1.154332304e-01
1.159609594e-01
1.166629175e-01
1.152167954e-01
1.142240947e-01
1.138896481e-01
1.141475259e-01
1.133477818e-01
1.128171124e-01
1.123851944e-01
1.117703125e-01
1.120628154e-01
1.123150258e-01
1.120099658e-01
1.113659158e-01
1.115355715e-01
1.102843007e-01
1.107931445e-01
1.115647340e-01
1.110180190e-01
1.101687504e-01
1.102864669e-01
1.101798316e-01
1.093586973e-01
1.081134839e-01
1.087550386e-01
1.064675954e-01
1.056991857e-01
1.055552418e-01
1.056889484e-01
1.048546568e-01
1.043976075e-01
1.031856607e-01
1.037205776e-01
1.049033014e-01
1.039106947e-01
1.048334936e-01
1.063400920e-01
1.063568544e-01
1.061607762e-01
1.040683523e-01
1.036511376e-01
1.037098560e-01
1.047212373e-01
1.037187265e-01
1.039501306e-01
1.026026136e-01
1.043063129e-01
1.020078214e-01
1.032881396e-01
1.047417059e-01
1.044532739e-01
1.053536756e-01
1.057485341e-01
1.054459734e-01
1.047271954e-01
1.040175678e-01
1.062829153e-01
1.058379457e-01
1.060654898e-01
1.046881679e-01
1.046369487e-01
1.024941560e-01
1.028057013e-01
1.013324025e-01
1.023078357e-01
1.031324222e-01
1.023920567e-01
1.022207656e-01
1.017532595e-01
1.022962702e-01
1.024094626e-01
1.030014399e-01
1.042260781e-01
1.021591374e-01
1.034807276e-01
1.029524124e-01
1.025018268e-01
1.019367484e-01
1.018043063e-01
1.016890475e-01
1.024518045e-01
1.029275799e-01
1.021431265e-01
1.017396426e-01
1.006504669e-01
1.004747616e-01
1.001211282e-01
9.870463996e-02
1.006756989e-01
9.954553815e-02
1.016233853e-01
1.010376138e-01
1.011975769e-01
1.000008115e-01
9.995269047e-02
9.855861260e-02
9.839861320e-02
9.931015947e-02
9.863841696e-02
9.948388133e-02
9.893625559e-02
9.858977395e-02
9.670118337e-02
9.772904968e-02
9.953529443e-02
9.867907860e-02
9.814339363e-02
9.801011598e-02
9.822039317e-02
9.777521978e-02
9.851629143e-02
9.776107748e-02
9.745301349e-02
9.805342821e-02
9.656812045e-02
9.718007651e-02
9.869497664e-02
9.879043831e-02
9.782059146e-02
9.481113299e-02
9.568543191e-02
9.598911152e-02
9.754102290e-02
9.712679018e-02
9.756284424e-02
9.653455357e-02
9.734164849e-02
9.626595634e-02
9.735417284e-02
9.866749144e-02
9.725773110e-02
9.746698421e-02
9.833339102e-02
9.781190303e-02
9.716263421e-02
9.694510679e-02
9.756532480e-02
9.678589788e-02
9.715963813e-02
9.636968772e-02
9.620507440e-02
9.479122807e-02
9.566528390e-02
9.446714956e-02
9.479891037e-02
9.541719248e-02
9.333278060e-02
9.359326910e-02
9.286956475e-02
9.206367418e-02
9.117616437e-02
9.156282706e-02
9.200130030e-02
9.154076393e-02
9.219987356e-02
9.075529676e-02
9.118920957e-02
9.052198322e-02
9.029257573e-02
8.892211492e-02
9.061201422e-02
9.041229864e-02
8.993537835e-02
8.994290969e-02
8.945824920e-02
8.924838556e-02
9.011209277e-02
8.986461426e-02
9.219786526e-02
9.205074936e-02
9.247369173e-02
9.125416139e-02
9.054569915e-02
8.999062142e-02
9.153595605e-02
9.094555497e-02
9.046304403e-02
9.090776554e-02
8.960445837e-02
9.001449508e-02
9.131239938e-02
9.067586394e-02
9.086666728e-02
9.180640585e-02
9.145735723e-02
9.051644610e-02
8.995692629e-02
8.964344747e-02
9.163318488e-02
9.117079315e-02
9.193566441e-02
9.069666149e-02
9.108827433e-02
9.034656720e-02
8.794268383e-02
8.690256216e-02
8.692709504e-02
8.746373890e-02
8.635300190e-02
8.726418592e-02
8.861373207e-02
8.831684521e-02
8.835031939e-02
8.790990136e-02
8.702463547e-02
8.554382435e-02
8.663799805e-02
8.568164348e-02
8.686742537e-02
8.853583856e-02
8.816215050e-02
8.848603258e-02
8.867896725e-02
8.780295864e-02
8.696271036e-02
8.717210632e-02
8.735657419e-02
8.567053104e-02
8.573136386e-02
8.525669356e-02
8.410820627e-02
8.426499399e-02
8.441705538e-02
8.211894761e-02
8.236524567e-02
8.363000169e-02
8.359708365e-02
8.374246126e-02
8.408835666e-02
8.375057580e-02
8.311064967e-02
8.316013186e-02
8.391458884e-02
8.174231172e-02
8.057583654e-02
8.074588739e-02
8.118605878e-02
8.071503459e-02
8.108901985e-02
7.894961922e-02
7.907732677e-02
7.955226236e-02
7.854334603e-02
7.815662266e-02
7.878215888e-02
7.771224885e-02
7.658627840e-02
7.669881071e-02
7.719808138e-02
7.801175433e-02
7.951728480e-02
7.952170325e-02
7.886374383e-02
7.847697019e-02
7.796735463e-02
7.601424300e-02
7.645003335e-02
7.693217368e-02
7.681261643e-02
7.643534766e-02
7.621519246e-02
7.674349870e-02
7.781055426e-02
7.743665006e-02
7.750480542e-02
7.680127697e-02
7.768925441e-02
7.746635737e-02
7.691453669e-02
7.642133792e-02
7.604156420e-02
7.432493121e-02
7.526028514e-02
7.627936415e-02
7.594860723e-02
7.560319638e-02
7.537719836e-02
7.512070240e-02
7.642742215e-02
7.670971356e-02
7.788194381e-02
7.703372665e-02
7.718943611e-02
7.628246145e-02
7.622442712e-02
7.642673994e-02
7.729368921e-02
7.649634619e-02
7.660315140e-02
7.739539939e-02
7.717863664e-02
7.808122502e-02
7.767763780e-02
7.756115952e-02
7.828806591e-02
7.718900374e-02
7.754633726e-02
7.544275476e-02
7.480453088e-02
7.433006008e-02
7.538138033e-02
7.555306481e-02
7.576109892e-02
7.397382721e-02
7.490282538e-02
7.566103816e-02
7.584426699e-02
7.576371412e-02
7.524083969e-02
7.345432244e-02
7.223847351e-02
7.238948651e-02
7.319330411e-02
7.277136962e-02
7.326208315e-02
7.256349290e-02
7.307367810e-02
7.308647289e-02
7.336596257e-02
7.313263373e-02
7.339627791e-02
7.572372756e-02
7.427324850e-02
7.420266874e-02
7.330457218e-02
7.251712198e-02
7.149251108e-02
7.050633168e-02
7.054009211e-02
7.078126625e-02
7.094105129e-02
7.002270089e-02
6.969311317e-02
6.918952990e-02
6.940065255e-02
6.813532376e-02
6.863301987e-02
6.897546725e-02
6.720831547e-02
6.700315596e-02
6.804669700e-02
6.852975866e-02
6.750755634e-02
6.737533831e-02
6.829516364e-02
6.705567301e-02
6.700693750e-02
6.776343225e-02
6.863239289e-02
6.776948009e-02
6.740774558e-02
6.741785840e-02
6.812648423e-02
6.813915349e-02
6.676937803e-02
6.664113756e-02
6.725159828e-02
6.780032547e-02
6.694462880e-02
6.686832110e-02
6.689432206e-02
6.601385722e-02
6.728712705e-02
6.743409080e-02
6.736472241e-02
6.704727334e-02
6.711434583e-02
6.589586277e-02
6.610857568e-02
6.700073403e-02
6.616093207e-02
6.623895394e-02
6.630310396e-02
6.600023115e-02
6.615579224e-02
6.671116098e-02
6.744998004e-02
6.587621624e-02
