4.049358619e-03
4.169270396e-03
3.732119707e-03
3.407829937e-03
3.219442677e-03
3.429087276e-03
3.656137826e-03
3.699047068e-03
3.754672662e-03
3.650657103e-03
3.867956695e-03
3.792069839e-03
4.070980462e-03
4.038376154e-03
3.622868068e-03
3.399572657e-03
3.866179269e-03
3.224043831e-03
3.209885240e-03
3.858552806e-03
4.291732179e-03
4.566593074e-03
4.120998083e-03
3.905486729e-03
3.740603746e-03
3.868823309e-03
4.196799466e-03
4.128143601e-03
4.657633774e-03
4.710672933e-03
4.318966021e-03
4.386711606e-03
4.224627070e-03
4.068832821e-03
4.463304326e-03
4.720336181e-03
4.821016184e-03
5.211067864e-03
5.317954280e-03
5.509531966e-03
5.055843641e-03
4.602729028e-03
4.845440688e-03
5.139395117e-03
5.101998907e-03
4.720225274e-03
4.623946940e-03
4.427759055e-03
4.381622602e-03
4.286960565e-03
3.906721278e-03
3.662728380e-03
3.165400851e-03
3.438485145e-03
3.437309212e-03
3.699339135e-03
3.622449244e-03
3.937628969e-03
4.218863434e-03
4.451035385e-03
4.347334970e-03
4.192219153e-03
4.743629648e-03
4.850427021e-03
4.916035731e-03
4.616201673e-03
4.875613254e-03
4.859035273e-03
4.799407094e-03
4.536850346e-03
4.873603938e-03
4.602083685e-03
4.442542956e-03
4.319934327e-03
4.382449650e-03
4.259698402e-03
4.063796819e-03
3.858441253e-03
3.564424902e-03
3.840692714e-03
4.065742311e-03
4.232533317e-03
3.984345744e-03
3.834203012e-03
4.078516091e-03
4.665096961e-03
4.682261198e-03
4.399855823e-03
4.360374122e-03
3.991366636e-03
3.691165706e-03
3.600291263e-03
3.348511954e-03
3.390091682e-03
2.952441314e-03
3.098673472e-03
3.501216511e-03
3.160564841e-03
3.016951418e-03
3.107849674e-03
3.621090596e-03
3.587491389e-03
3.388505565e-03
3.704086935e-03
3.805812236e-03
3.780324010e-03
3.807003180e-03
3.979543440e-03
3.826327796e-03
3.827203171e-03
3.963970155e-03
4.101487383e-03
3.887945228e-03
4.013897896e-03
3.982127034e-03
4.148344143e-03
4.048041630e-03
3.539178734e-03
3.359398778e-03
3.141826923e-03
3.089998368e-03
3.156970030e-03
2.944995732e-03
3.052180364e-03
3.227294698e-03
3.290494435e-03
2.641401459e-03
2.547314615e-03
2.669419199e-03
3.076220764e-03
2.923211570e-03
2.709057410e-03
3.131192433e-03
3.434463761e-03
3.190465970e-03
3.122252193e-03
3.469388515e-03
3.920144732e-03
3.817212762e-03
3.941702104e-03
3.959130612e-03
4.141063787e-03
4.476709788e-03
4.185502248e-03
4.640033495e-03
5.020053116e-03
5.293327394e-03
5.138717027e-03
5.008454836e-03
5.092518290e-03
5.379765599e-03
5.310778984e-03
5.525657439e-03
5.330657052e-03
4.995655495e-03
4.723028699e-03
4.625183647e-03
4.705831215e-03
4.618074196e-03
4.454414613e-03
4.068159637e-03
4.148092754e-03
4.459047955e-03
4.008799841e-03
4.057843719e-03
3.943468168e-03
4.194148449e-03
4.353987870e-03
3.803671455e-03
3.323650302e-03
3.279906763e-03
3.133815961e-03
3.592519285e-03
3.975541503e-03
3.535008197e-03
3.341422847e-03
3.050368686e-03
3.314358373e-03
3.673790085e-03
3.646797747e-03
3.778571379e-03
3.948402832e-03
3.818440495e-03
3.999726106e-03
4.131743300e-03
3.944393503e-03
3.981782219e-03
4.174096754e-03
3.860903871e-03
3.636372878e-03
3.859102758e-03
3.658430938e-03
2.838312601e-03
3.260035618e-03
4.184108989e-03
4.679631021e-03
4.576573469e-03
4.267194487e-03
4.211817625e-03
4.833527413e-03
4.795493993e-03
4.604112778e-03
4.726995890e-03
4.686657370e-03
4.487902670e-03
4.970637285e-03
5.118070093e-03
4.636842909e-03
4.400110337e-03
4.574779340e-03
5.403227732e-03
5.691334699e-03
5.536329452e-03
5.074437440e-03
5.565662716e-03
5.037352248e-03
4.779208511e-03
4.519637535e-03
4.688820626e-03
4.701190934e-03
4.603211045e-03
4.230636316e-03
4.104782548e-03
4.114159288e-03
4.163941542e-03
3.792854651e-03
3.588758300e-03
3.532755552e-03
3.969769158e-03
3.502805534e-03
3.409758040e-03
3.078187736e-03
3.147657217e-03
2.849208476e-03
2.988062766e-03
3.345202407e-03
4.072793411e-03
4.387591150e-03
4.030946003e-03
3.756088798e-03
3.998451902e-03
4.276589642e-03
4.823020256e-03
4.248887742e-03
4.061485109e-03
4.272295203e-03
4.475030242e-03
4.511546263e-03
4.322679066e-03
4.161246122e-03
3.377125127e-03
-5.181199137e-04
-5.302083345e-03
-4.147860659e-03
4.887619075e-02
4.433270656e-01
1.624722761e+00
3.585529011e+00
5.856802513e+00
7.946833820e+00
9.571350801e+00
1.066210401e+01
1.127382808e+01
1.150786877e+01
1.145721611e+01
1.120742516e+01
1.083394044e+01
1.039707657e+01
9.942887722e+00
9.505007154e+00
9.099274063e+00
8.732152287e+00
8.405018168e+00
8.119900107e+00
7.869539691e+00
7.651950866e+00
7.459017636e+00
7.287071540e+00
7.126945039e+00
6.975337341e+00
6.828690857e+00
6.675763145e+00
6.492897216e+00
6.283547849e+00
6.092743508e+00
5.944495754e+00
5.821722708e+00
5.705210518e+00
5.582300404e+00
5.456870636e+00
5.333753424e+00
5.218951508e+00
5.110556203e+00
5.010852666e+00
4.915640623e+00
4.822398771e+00
4.730390384e+00
4.635546858e+00
4.538953245e+00
4.441884883e+00
4.344687242e+00
4.248196391e+00
4.151061667e+00
4.058185641e+00
3.964688885e+00
3.872291851e+00
3.773264368e+00
3.653971769e+00
3.523878675e+00
3.415998142e+00
3.333968561e+00
3.263352048e+00
3.192994189e+00
3.116923576e+00
3.040271718e+00
2.966017697e+00
2.894869414e+00
2.827574226e+00
2.763284579e+00
2.704272771e+00
2.647535637e+00
2.593316134e+00
2.539080329e+00
2.484736100e+00
2.428682487e+00
2.373655327e+00
2.317587810e+00
2.262221887e+00
2.208730827e+00
2.155709893e+00
2.103004526e+00
2.045256795e+00
1.972253037e+00
1.896423981e+00
1.835948754e+00
1.792986601e+00
1.754770800e+00
1.716220384e+00
1.675248578e+00
1.634812332e+00
1.594943990e+00
1.557718740e+00
1.521109072e+00
1.485914088e+00
1.454142109e+00
1.424408843e+00
1.397122746e+00
1.370450768e+00
1.343471790e+00
1.316462525e+00
1.287907375e+00
1.260503793e+00
1.232172512e+00
1.204665347e+00
1.176888894e+00
1.148393455e+00
1.113975821e+00
1.069596984e+00
1.022767250e+00
9.878701223e-01
9.647550981e-01
9.443869545e-01
9.237299367e-01
9.015982859e-01
8.790809234e-01
8.580799071e-01
8.371083885e-01
8.180797760e-01
7.993327269e-01
7.827881075e-01
7.686353858e-01
7.562041874e-01
7.443056995e-01
7.323452310e-01
7.189887085e-01
7.049189641e-01
6.915376909e-01
6.773786791e-01
6.633812262e-01
6.492440381e-01
6.336944100e-01
6.139991409e-01
5.840402176e-01
5.531317122e-01
5.321699241e-01
5.208462111e-01
5.125669789e-01
5.030029655e-01
4.926648167e-01
4.825599081e-01
4.727185457e-01
4.629915158e-01
4.534508861e-01
4.443895570e-01
4.363943110e-01
4.295371508e-01
4.245928606e-01
4.199057474e-01
4.153346053e-01
4.100749690e-01
4.042522026e-01
3.974538263e-01
3.907966498e-01
3.842708133e-01
3.769877137e-01
3.686292080e-01
3.557377715e-01
3.336501080e-01
3.114983398e-01
2.980999065e-01
2.924977478e-01
2.886953408e-01
2.837646832e-01
2.785406184e-01
2.731055305e-01
2.681619790e-01
2.626357367e-01
2.583099683e-01
2.536357743e-01
2.504111053e-01
2.481011938e-01
2.471928858e-01
2.469957193e-01
2.469196574e-01
2.462064682e-01
2.445968518e-01
2.421181514e-01
2.397296405e-01
2.374440849e-01
2.348266888e-01
2.302274299e-01
2.212398820e-01
2.040903488e-01
1.861618889e-01
1.760832567e-01
1.737343469e-01
1.730735385e-01
1.715707885e-01
1.691992747e-01
1.668117214e-01
1.649417617e-01
1.627526368e-01
1.610218729e-01
1.586291187e-01
1.575278711e-01
1.575934868e-01
1.592279014e-01
1.605535177e-01
1.615370589e-01
1.625790197e-01
1.634500862e-01
1.637406321e-01
1.627368184e-01
1.613679102e-01
1.596584449e-01
1.575553189e-01
1.508241192e-01
1.361888887e-01
1.207028154e-01
1.133201854e-01
1.121744535e-01
1.129144239e-01
1.124012475e-01
1.112447385e-01
1.107945906e-01
1.098326741e-01
1.093975660e-01
1.091563500e-01
1.084880887e-01
1.081614617e-01
1.093163420e-01
1.109557596e-01
1.132076230e-01
1.156510087e-01
1.182738420e-01
1.200898292e-01
1.208910454e-01
1.214027597e-01
1.217994704e-01
1.213012958e-01
1.194003657e-01
1.141665449e-01
1.005861853e-01
8.636664547e-02
7.941875478e-02
7.888490382e-02
8.014818343e-02
8.046562680e-02
8.028544023e-02
8.010111608e-02
8.007444863e-02
7.997822137e-02
7.991044852e-02
7.999278846e-02
8.064659906e-02
8.228367883e-02
8.467203914e-02
8.751879207e-02
9.017858395e-02
9.266540834e-02
9.494499489e-02
9.601090075e-02
9.675625497e-02
9.748992681e-02
9.833475924e-02
9.768079515e-02
9.259252609e-02
8.059840495e-02
6.818480678e-02
6.255037026e-02
6.277949550e-02
6.431358417e-02
6.526426460e-02
6.523939289e-02
6.485282347e-02
6.500629961e-02
6.519352150e-02
6.503610934e-02
6.539395911e-02
6.657105309e-02
6.852941439e-02
7.057195327e-02
7.366495588e-02
7.698285420e-02
7.982094587e-02
8.245392045e-02
8.479244151e-02
8.600411818e-02
8.648907907e-02
8.709851386e-02
8.659328907e-02
8.264051554e-02
7.149368710e-02
5.902618981e-02
5.346164809e-02
5.289001598e-02
5.442414324e-02
5.510703246e-02
5.561347670e-02
5.598894513e-02
5.678062997e-02
5.766833302e-02
5.865616219e-02
5.922148633e-02
5.973566450e-02
6.137879805e-02
6.394229923e-02
6.757693848e-02
7.078065656e-02
7.380944994e-02
7.578883302e-02
7.758432302e-02
7.874395270e-02
7.931328673e-02
7.967288510e-02
7.944284806e-02
7.568033955e-02
6.475687473e-02
5.319284731e-02
4.830048914e-02
4.876740585e-02
5.061603237e-02
5.122723536e-02
5.146498636e-02
5.195230046e-02
5.218592391e-02
5.292343090e-02
5.327339832e-02
5.403732226e-02
5.457580987e-02
5.659421676e-02
5.935165412e-02
6.223232231e-02
6.552280052e-02
6.886889303e-02
7.156095625e-02
7.310819970e-02
7.395480516e-02
7.545967589e-02
7.630728900e-02
7.563983825e-02
7.258858125e-02
6.226959593e-02
5.035597252e-02
4.489530749e-02
4.508309548e-02
4.664804179e-02
4.748415528e-02
4.776065217e-02
4.843414187e-02
4.915502646e-02
4.965482672e-02
5.032174186e-02
5.108020441e-02
5.150506172e-02
5.340295806e-02
5.623112487e-02
5.951882646e-02
6.261408360e-02
6.581596306e-02
6.774718872e-02
6.961873524e-02
7.096747842e-02
7.234058903e-02
7.305254495e-02
7.272768841e-02
6.977417593e-02
6.034106953e-02
4.923763254e-02
4.387678937e-02
4.404622104e-02
4.519466167e-02
4.640057230e-02
4.717683539e-02
4.771574536e-02
4.749024008e-02
4.799992738e-02
4.850077679e-02
4.902291888e-02
4.969194180e-02
5.102857891e-02
5.328631581e-02
5.618183498e-02
5.967037380e-02
6.258096217e-02
6.523958376e-02
6.656159150e-02
6.778852956e-02
6.910407344e-02
7.061093038e-02
7.071257785e-02
6.817831251e-02
5.868621003e-02
4.753606138e-02
4.238410695e-02
4.266505424e-02
4.425099963e-02
4.471179313e-02
4.446316382e-02
4.513482383e-02
4.594906130e-02
4.691313418e-02
4.759714913e-02
4.835054421e-02
4.909778912e-02
5.049748043e-02
5.240671931e-02
5.559329367e-02
5.874105486e-02
6.163014753e-02
6.389501025e-02
6.573586381e-02
6.745067831e-02
6.850392746e-02
6.947387213e-02
7.001269268e-02
6.719932946e-02
5.800825048e-02
4.739137000e-02
4.259851782e-02
4.226136723e-02
4.409887384e-02
4.471893857e-02
4.475782495e-02
4.511427323e-02
4.570318073e-02
4.603173940e-02
4.591843163e-02
4.632682588e-02
4.713809652e-02
4.847606808e-02
5.096798201e-02
5.358902805e-02
5.609461049e-02
5.882578277e-02
6.109917663e-02
6.254933384e-02
6.424324979e-02
6.596792563e-02
6.667979217e-02
6.657771419e-02
6.328258145e-02
5.424685328e-02
4.322925233e-02
3.798868262e-02
3.847960940e-02
4.049076534e-02
4.171571583e-02
4.186036702e-02
4.113071873e-02
4.124045883e-02
4.219568124e-02
4.341552744e-02
4.433896172e-02
4.490506071e-02
4.585230713e-02
4.801324076e-02
5.109910381e-02
5.425018057e-02
5.692152336e-02
5.849245125e-02
6.007270355e-02
6.210240717e-02
6.288355532e-02
6.378860659e-02
6.364901134e-02
6.050942109e-02
5.175883466e-02
4.161468917e-02
3.642711766e-02
3.686549812e-02
3.907381236e-02
3.988099794e-02
3.942413500e-02
3.908740990e-02
3.962331379e-02
4.017319783e-02
4.036335038e-02
4.039380199e-02
4.099692448e-02
4.226833610e-02
4.529824934e-02
4.760911835e-02
5.032184520e-02
5.363747195e-02
5.627335941e-02
5.773685342e-02
5.910758568e-02
6.067241635e-02
6.235209350e-02
6.259471507e-02
5.911899427e-02
5.066393906e-02
4.091763297e-02
3.596996749e-02
3.645657659e-02
3.781449125e-02
3.880354739e-02
3.884682595e-02
3.932621432e-02
3.959397273e-02
4.013542704e-02
4.073549337e-02
4.092632566e-02
4.189295700e-02
4.347212366e-02
4.468445718e-02
4.716278250e-02
4.975933700e-02
5.246940042e-02
5.467761686e-02
5.659018213e-02
5.823386835e-02
5.949524440e-02
6.036617654e-02
6.011075045e-02
5.730242277e-02
4.888316328e-02
3.837502265e-02
3.311456095e-02
3.327530561e-02
3.470069929e-02
3.602237133e-02
3.645315701e-02
3.648802175e-02
3.644258876e-02
3.699230561e-02
3.854658315e-02
3.962367802e-02
4.038686680e-02
4.089299153e-02
4.270235306e-02
4.532551446e-02
4.824137381e-02
5.110369456e-02
5.349497247e-02
5.576202175e-02
5.721509888e-02
5.845065916e-02
5.905759899e-02
5.911443761e-02
5.649865343e-02
4.871813995e-02
3.881049991e-02
3.349107161e-02
3.334115861e-02
3.444264441e-02
3.522875755e-02
3.464863040e-02
3.507069999e-02
3.574538909e-02
3.655890883e-02
3.727435277e-02
3.821687636e-02
3.924239685e-02
3.967242125e-02
4.138844798e-02
4.376116353e-02
4.602713589e-02
4.944311999e-02
5.165204033e-02
5.375256038e-02
5.472075553e-02
5.644476043e-02
5.756057314e-02
5.705477048e-02
5.435106467e-02
4.645531259e-02
3.667429136e-02
3.108534752e-02
3.089084539e-02
3.278704622e-02
3.392685738e-02
3.413304657e-02
3.416671952e-02
3.529865326e-02
3.585642609e-02
3.639830295e-02
3.668574733e-02
3.764795032e-02
3.869495680e-02
4.003870440e-02
4.216652278e-02
4.483830722e-02
4.782599472e-02
4.949779716e-02
5.170538166e-02
5.307609030e-02
5.452061019e-02
5.509620011e-02
5.533960728e-02
5.292614913e-02
4.574151110e-02
3.658074436e-02
3.124336128e-02
3.081530441e-02
3.202808301e-02
3.265161244e-02
3.257110064e-02
3.268837809e-02
3.290618227e-02
3.295223633e-02
3.323774771e-02
3.373279620e-02
3.508563123e-02
3.675125191e-02
3.833683001e-02
4.105824022e-02
4.382892567e-02
4.602353923e-02
4.838766846e-02
5.027950886e-02
5.221768589e-02
5.323048692e-02
5.383621126e-02
5.378246164e-02
5.160679095e-02
4.423566677e-02
3.542496141e-02
3.027764374e-02
2.976523917e-02
3.126206093e-02
3.212045528e-02
3.298176742e-02
3.280640082e-02
3.320693588e-02
3.388721807e-02
3.442978799e-02
3.447587375e-02
3.490050936e-02
3.585910251e-02
3.755549274e-02
4.039760366e-02
4.295660621e-02
4.507439892e-02
4.678485092e-02
4.840037944e-02
4.991541856e-02
5.112530674e-02
5.265112863e-02
5.275480732e-02
5.050288945e-02
4.331776778e-02
3.404060827e-02
2.869842177e-02
2.861124802e-02
3.020274656e-02
3.118303473e-02
3.162515397e-02
3.159759196e-02
3.150810190e-02
3.131710592e-02
3.185153968e-02
3.247450448e-02
3.292954669e-02
3.391669105e-02
3.514516216e-02
3.777884564e-02
4.056198633e-02
4.321562915e-02
4.491399295e-02
4.666361780e-02
4.821072103e-02
4.941134515e-02
5.033427244e-02
5.083970743e-02
4.935653725e-02
4.174612264e-02
3.193695283e-02
2.656354679e-02
2.631324264e-02
2.792772352e-02
2.876362151e-02
2.922908658e-02
2.905007698e-02
2.924177324e-02
2.998668412e-02
3.074294953e-02
3.109455851e-02
3.087861985e-02
3.163575318e-02
3.305421955e-02
3.555056040e-02
3.800015620e-02
4.037714785e-02
4.254052458e-02
4.407157739e-02
4.568417019e-02
4.689405214e-02
4.813391107e-02
4.828329207e-02
4.587650855e-02
3.880065219e-02
3.052265465e-02
2.560866114e-02
2.545235531e-02
2.639492483e-02
2.732372900e-02
2.778330525e-02
2.816935971e-02
2.850889117e-02
2.897405896e-02
2.919056466e-02
3.033593635e-02
3.101123516e-02
3.177421242e-02
3.311860790e-02
3.503045924e-02
3.773219151e-02
3.997272078e-02
4.217672849e-02
4.322964779e-02
4.400545645e-02
4.431675818e-02
4.485526029e-02
4.485809712e-02
4.270714206e-02
3.655963673e-02
2.832746679e-02
2.311262442e-02
2.198941301e-02
2.270478185e-02
2.392730450e-02
2.451282060e-02
2.462462100e-02
2.491340460e-02
2.580211915e-02
2.615729138e-02
2.702184076e-02
2.763897469e-02
2.864848764e-02
3.039854098e-02
3.267640730e-02
3.513467976e-02
3.717364759e-02
3.943162079e-02
4.140935409e-02
4.313463840e-02
4.438641404e-02
4.527157933e-02
4.552556984e-02
4.398314499e-02
3.729954557e-02
2.792058059e-02
2.320237219e-02
2.300879536e-02
2.425183830e-02
2.512755746e-02
2.521781233e-02
2.523638290e-02
2.580812157e-02
2.659738621e-02
2.691678798e-02
2.695973586e-02
2.718157542e-02
2.804853874e-02
2.953463136e-02
3.195987739e-02
3.448403846e-02
3.668751966e-02
3.891400800e-02
4.069733556e-02
4.234621423e-02
4.370221435e-02
4.432978202e-02
4.503347237e-02
4.339673693e-02
3.762282176e-02
2.896468923e-02
2.354081035e-02
2.287799683e-02
2.434920727e-02
2.481809255e-02
2.508288755e-02
2.584583163e-02
2.614042098e-02
2.647866812e-02
2.720310644e-02
2.756406313e-02
2.750960918e-02
2.825042235e-02
2.964987488e-02
3.206570123e-02
3.463145472e-02
