1.082671747e-01
1.098334908e-01
1.114004482e-01
1.135072932e-01
1.138729820e-01
1.145076039e-01
1.159142826e-01
1.178801511e-01
1.186841118e-01
1.172654856e-01
1.172391562e-01
1.173620802e-01
1.163168156e-01
1.142823172e-01
1.130660673e-01
1.125238613e-01
1.136706864e-01
1.144161291e-01
1.155149555e-01
1.163079057e-01
1.161143565e-01
1.143661212e-01
1.151468295e-01
1.162465080e-01
1.157742909e-01
1.155025336e-01
1.150510005e-01
1.146244311e-01
1.154286579e-01
1.157071839e-01
1.165484583e-01
1.150124132e-01
1.120116376e-01
1.108122958e-01
1.130230760e-01
1.137864785e-01
1.137254483e-01
1.112918367e-01
1.096981584e-01
1.104301939e-01
1.113525329e-01
1.120948226e-01
1.135476222e-01
1.135312116e-01
1.145835616e-01
1.151361024e-01
1.144386134e-01
1.135740437e-01
1.145015792e-01
1.163786306e-01
1.159473828e-01
1.150935277e-01
1.131317400e-01
1.126827061e-01
1.113435719e-01
1.103772212e-01
1.118645503e-01
1.142339873e-01
1.148323436e-01
1.127108333e-01
1.101917610e-01
1.092692185e-01
1.090747692e-01
1.064687955e-01
1.031103104e-01
1.012695823e-01
1.032659951e-01
1.048882187e-01
1.036506005e-01
1.012166272e-01
1.009416325e-01
1.041851442e-01
1.051458279e-01
1.043354977e-01
1.055610020e-01
1.088099746e-01
1.089039414e-01
1.063192206e-01
1.062028718e-01
1.066807809e-01
1.068848584e-01
1.050996742e-01
1.032017798e-01
1.038933346e-01
1.047289978e-01
1.033021324e-01
1.019462186e-01
1.025371151e-01
1.021525286e-01
1.001069951e-01
1.005226357e-01
1.019527869e-01
1.036465767e-01
1.033335189e-01
1.013610913e-01
9.963876663e-02
1.010120436e-01
1.021642767e-01
1.030508975e-01
1.032051447e-01
1.021718074e-01
9.934751104e-02
9.608771879e-02
9.682026350e-02
9.964685169e-02
1.002240928e-01
9.906787844e-02
9.774870127e-02
9.795103059e-02
9.927380342e-02
9.935753581e-02
9.834854710e-02
9.699579233e-02
9.798117181e-02
1.004943512e-01
1.001974047e-01
9.943320860e-02
1.002033859e-01
1.022966737e-01
1.032983271e-01
1.026756472e-01
1.012720011e-01
1.016439728e-01
1.018665631e-01
1.017070788e-01
1.006559325e-01
1.006023616e-01
1.022621297e-01
1.019600794e-01
9.965782722e-02
9.796614935e-02
9.670155422e-02
9.672645988e-02
9.732714764e-02
9.754342024e-02
9.908387297e-02
9.963493542e-02
1.003165275e-01
1.004612718e-01
9.878500672e-02
9.742728438e-02
9.545147626e-02
9.333123162e-02
9.491747270e-02
9.774947141e-02
9.719732726e-02
9.680080236e-02
9.659820524e-02
9.628148796e-02
9.749710209e-02
9.904500633e-02
9.926928025e-02
9.897660971e-02
9.880586404e-02
9.835816264e-02
9.937394068e-02
9.987939655e-02
9.922864484e-02
9.733871714e-02
9.602699794e-02
9.412660952e-02
9.246431991e-02
9.419523345e-02
9.849802010e-02
1.009670553e-01
1.015018299e-01
1.000452343e-01
9.916119427e-02
9.980764010e-02
1.025623558e-01
1.030857772e-01
1.000467349e-01
9.860730639e-02
9.803151909e-02
9.597482044e-02
9.655855635e-02
9.686138040e-02
9.570833916e-02
9.306430551e-02
9.002809636e-02
9.024496243e-02
9.042334669e-02
9.027260907e-02
8.988783226e-02
9.087857850e-02
9.193587837e-02
9.174266419e-02
9.173570604e-02
9.091961910e-02
9.101368209e-02
9.030694544e-02
8.714767175e-02
8.623157500e-02
8.450114037e-02
8.462461145e-02
8.425840174e-02
8.449081728e-02
8.511026248e-02
8.492957576e-02
8.403446446e-02
8.519815212e-02
8.764624225e-02
8.817385562e-02
8.506627530e-02
8.254747874e-02
8.266133020e-02
8.369744715e-02
8.392769452e-02
8.365218556e-02
8.186537196e-02
8.252829400e-02
8.622926131e-02
8.825408716e-02
8.775543334e-02
8.910759885e-02
8.874374117e-02
8.800501668e-02
8.822087265e-02
8.742008648e-02
8.675801004e-02
8.458394455e-02
8.333989293e-02
8.376141094e-02
8.218329875e-02
8.136527585e-02
7.991351205e-02
7.961310949e-02
8.192279883e-02
8.291720717e-02
7.927603830e-02
7.569316371e-02
7.444109084e-02
7.669524372e-02
7.936233986e-02
7.988609966e-02
7.979629717e-02
7.885825808e-02
7.864698542e-02
7.714363084e-02
7.572500364e-02
7.644546602e-02
7.643421777e-02
7.441272479e-02
7.134410333e-02
7.188227515e-02
7.267192978e-02
7.222156861e-02
7.165901716e-02
6.947081047e-02
7.008333070e-02
6.916229769e-02
6.589943912e-02
6.358036955e-02
1.467893147e-01
1.019644425e+00
3.523767824e+00
7.365350416e+00
1.154533998e+01
1.518074274e+01
1.789083538e+01
1.967755298e+01
2.068661368e+01
2.106136322e+01
2.095017848e+01
2.048666704e+01
1.979589819e+01
1.898675036e+01
1.813760761e+01
1.729990328e+01
1.650383461e+01
1.577214902e+01
1.510561932e+01
1.450620312e+01
1.396914940e+01
1.348787683e+01
1.305453874e+01
1.265671927e+01
1.228481834e+01
1.193512882e+01
1.159102042e+01
1.123162895e+01
1.091566190e+01
1.070269886e+01
1.054967067e+01
1.038501090e+01
1.017078950e+01
9.919071359e+00
9.659082952e+00
9.399679558e+00
9.146180408e+00
8.895542929e+00
8.647105965e+00
8.399235190e+00
8.156345660e+00
7.923274741e+00
7.699784057e+00
7.484923372e+00
7.276571535e+00
7.075837132e+00
6.884352042e+00
6.699385113e+00
6.518099062e+00
6.343425717e+00
6.178063978e+00
6.016126968e+00
5.863924676e+00
5.732338377e+00
5.622940570e+00
5.509717667e+00
5.380342142e+00
5.240592000e+00
5.104106122e+00
4.973722703e+00
4.848500995e+00
4.730198265e+00
4.616791225e+00
4.508318447e+00
4.400171132e+00
4.294888421e+00
4.194746760e+00
4.096037422e+00
3.998589619e+00
3.901795158e+00
3.811842961e+00
3.724012056e+00
3.639611646e+00
3.554850915e+00
3.472995167e+00
3.395047148e+00
3.319576808e+00
3.245581068e+00
3.174389617e+00
3.109895257e+00
3.048360281e+00
2.985122359e+00
2.924133516e+00
2.863310945e+00
2.804314672e+00
2.746716785e+00
2.690213269e+00
2.634981477e+00
2.581808246e+00
2.529163144e+00
2.475162048e+00
2.423367737e+00
2.373268999e+00
2.327130373e+00
2.281629316e+00
2.236114211e+00
2.194092941e+00
2.153734142e+00
2.115570653e+00
2.072963290e+00
2.033312431e+00
1.995161252e+00
1.956893063e+00
1.921737847e+00
1.890421912e+00
1.861796114e+00
1.830107266e+00
1.798658450e+00
1.767643513e+00
1.737208758e+00
1.707933889e+00
1.677672618e+00
1.650108818e+00
1.623557444e+00
1.595051048e+00
1.565685222e+00
1.539086979e+00
1.514145133e+00
1.491198988e+00
1.468899261e+00
1.445640141e+00
1.421970376e+00
1.400149477e+00
1.381314563e+00
1.362974705e+00
1.344593689e+00
1.325287315e+00
1.304685670e+00
1.284690480e+00
1.267278985e+00
1.253873544e+00
1.237765731e+00
1.221854589e+00
1.205980456e+00
1.190249378e+00
1.174351921e+00
1.159871434e+00
1.147452793e+00
1.135524068e+00
1.124269629e+00
1.110644777e+00
1.094934251e+00
1.081726224e+00
1.068715127e+00
1.055780835e+00
1.042452470e+00
1.030070021e+00
1.017145516e+00
1.003504344e+00
9.899530192e-01
9.763695852e-01
9.674800091e-01
9.593303005e-01
9.497132522e-01
9.395156227e-01
9.307123314e-01
9.228556551e-01
9.120414349e-01
9.014340801e-01
8.904475022e-01
8.808862373e-01
8.755225001e-01
8.701611474e-01
8.635934696e-01
8.551902738e-01
8.449283959e-01
8.345650498e-01
8.262779907e-01
8.214416817e-01
8.128208555e-01
8.035959339e-01
7.938781819e-01
7.847904320e-01
7.796330759e-01
7.771189200e-01
7.715716143e-01
7.638864448e-01
7.579608859e-01
7.542179987e-01
7.506856247e-01
7.436185683e-01
7.339025000e-01
7.243421875e-01
7.173253327e-01
7.130026337e-01
7.099410026e-01
7.045079897e-01
6.965742632e-01
6.893004159e-01
6.827743369e-01
6.792329814e-01
6.749937038e-01
6.692017432e-01
6.635024478e-01
6.586865095e-01
6.557031360e-01
6.507496995e-01
6.450527545e-01
6.385716280e-01
6.327514769e-01
6.306480993e-01
6.285653109e-01
6.243506102e-01
6.204023484e-01
6.165385397e-01
6.136036699e-01
6.108769116e-01
6.061126521e-01
6.019749197e-01
5.987262499e-01
5.950560584e-01
5.912152979e-01
5.875725721e-01
5.830108040e-01
5.781527563e-01
5.746657489e-01
5.707229243e-01
5.683751015e-01
5.654139530e-01
5.612380689e-01
5.583938988e-01
5.539900991e-01
5.485703175e-01
5.445535722e-01
5.431226398e-01
5.406966787e-01
5.365582309e-01
5.313704094e-01
5.268687474e-01
5.235867615e-01
5.219644440e-01
5.189251736e-01
5.144137419e-01
5.105397355e-01
5.088745638e-01
5.061886207e-01
5.029227008e-01
5.012777081e-01
4.987931714e-01
4.974588063e-01
4.950382406e-01
4.937463947e-01
4.907937773e-01
4.837778152e-01
4.779420562e-01
4.738769888e-01
4.741946880e-01
4.736077663e-01
4.735169416e-01
4.711915892e-01
4.686960572e-01
4.679369147e-01
4.649095857e-01
4.591170733e-01
4.547126432e-01
4.530090980e-01
4.496874109e-01
4.460333494e-01
4.440424734e-01
4.448899453e-01
4.431198709e-01
4.402675197e-01
4.372769889e-01
4.345143705e-01
4.309931024e-01
4.308206201e-01
4.305471323e-01
4.298429848e-01
4.247990827e-01
4.200034452e-01
4.172766844e-01
4.159291050e-01
4.138949429e-01
4.122429491e-01
4.121691053e-01
4.114969278e-01
4.106357017e-01
4.064822977e-01
4.012769163e-01
3.978493637e-01
3.966186360e-01
3.980533298e-01
3.950516328e-01
3.901256391e-01
3.873945826e-01
3.870474442e-01
3.866570713e-01
3.860260125e-01
3.845356020e-01
3.829741160e-01
3.803872875e-01
3.779148478e-01
3.764191188e-01
3.766922317e-01
3.742867050e-01
3.731005021e-01
3.724810163e-01
3.717391462e-01
3.720111240e-01
3.732747956e-01
3.709135275e-01
3.665287020e-01
3.649146138e-01
3.648007140e-01
3.643133733e-01
3.623457500e-01
3.627127274e-01
3.623470129e-01
3.602359042e-01
3.582770045e-01
3.552101068e-01
3.546204616e-01
3.548702350e-01
3.547001304e-01
3.543100333e-01
3.539583524e-01
3.518474289e-01
3.477412607e-01
3.454452629e-01
3.433119973e-01
3.417750503e-01
3.432468588e-01
3.422237389e-01
3.388613677e-01
3.358694101e-01
3.347117137e-01
3.340289654e-01
3.324950835e-01
3.310184019e-01
3.293985751e-01
3.265765078e-01
3.241721401e-01
3.230465271e-01
3.230638552e-01
3.229149903e-01
3.231568928e-01
3.208766315e-01
3.169727689e-01
3.154910985e-01
3.146073069e-01
3.143216516e-01
3.127880768e-01
3.106320765e-01
3.089434741e-01
3.062257711e-01
3.066497321e-01
3.060084799e-01
3.058240020e-01
3.036762080e-01
3.015616068e-01
2.993708780e-01
2.990675925e-01
2.990895943e-01
2.994403251e-01
2.977093545e-01
2.951403084e-01
2.947535573e-01
2.944747971e-01
2.935706522e-01
2.949377919e-01
2.953306124e-01
2.943677007e-01
2.919805937e-01
2.896148220e-01
2.853951273e-01
2.845307457e-01
2.857423495e-01
2.846681105e-01
2.837384762e-01
2.829032978e-01
2.829877263e-01
2.830307852e-01
2.820082121e-01
2.785558216e-01
2.785680291e-01
2.787691814e-01
2.777346594e-01
2.768619603e-01
2.769965017e-01
2.764228332e-01
2.765287682e-01
2.756442403e-01
2.733480521e-01
2.722068538e-01
2.710145045e-01
2.710164223e-01
2.722306352e-01
2.704831271e-01
2.683375575e-01
2.666853249e-01
2.664440829e-01
2.669896814e-01
2.685274157e-01
2.684773464e-01
2.659751828e-01
2.651392652e-01
2.654341334e-01
2.675624363e-01
2.662998701e-01
2.643753529e-01
2.623527165e-01
2.608245030e-01
2.609217575e-01
2.595909454e-01
2.583951361e-01
2.560083679e-01
2.548527797e-01
2.540967256e-01
2.520246311e-01
2.505489332e-01
2.483988815e-01
2.463845153e-01
2.421298675e-01
2.405462481e-01
2.423535267e-01
2.433036644e-01
2.423984126e-01
2.407486061e-01
2.407525569e-01
2.404730873e-01
2.382730477e-01
2.377629423e-01
2.372065786e-01
2.370021730e-01
2.365440665e-01
2.371650368e-01
2.380426873e-01
2.360807498e-01
2.364866834e-01
2.385234409e-01
2.397194952e-01
2.374195533e-01
2.352626876e-01
2.340212162e-01
2.318329796e-01
2.300768756e-01
2.305236302e-01
2.294512959e-01
2.264023121e-01
2.256005799e-01
2.256088125e-01
2.264937689e-01
2.274175387e-01
2.277434119e-01
2.257343163e-01
2.247797255e-01
2.249882233e-01
2.259726665e-01
2.258943857e-01
2.231629211e-01
2.211897227e-01
2.204563656e-01
2.194896851e-01
2.171316309e-01
2.148693043e-01
2.158845952e-01
2.154013662e-01
2.142406221e-01
2.150421358e-01
2.168965840e-01
2.162818217e-01
2.128547863e-01
2.101756222e-01
2.080859665e-01
2.083113365e-01
2.098876827e-01
2.102596125e-01
2.071596797e-01
2.066573652e-01
2.073143157e-01
2.079154768e-01
2.066776706e-01
2.052506701e-01
2.046965873e-01
2.032314749e-01
2.022423617e-01
2.033314016e-01
2.029776880e-01
2.016637256e-01
2.027801202e-01
2.036804917e-01
2.021921311e-01
2.015194051e-01
2.014132469e-01
2.030476263e-01
2.046511402e-01
2.041978115e-01
2.014026790e-01
1.990576903e-01
1.983279152e-01
1.998411923e-01
2.011804960e-01
1.983818355e-01
1.959910729e-01
1.953142107e-01
1.945140834e-01
1.934414547e-01
1.929177689e-01
1.944657485e-01
1.942277103e-01
1.955693575e-01
1.950922032e-01
1.943700419e-01
1.934425808e-01
1.908226004e-01
1.916177377e-01
1.937207012e-01
1.912368349e-01
1.879302535e-01
1.847691276e-01
1.853662133e-01
1.857824328e-01
1.861926267e-01
1.848751814e-01
1.844853800e-01
1.831962575e-01
1.841516891e-01
1.833524120e-01
1.838811548e-01
1.847057972e-01
1.832075031e-01
1.831920760e-01
1.839739863e-01
1.814884943e-01
1.787036780e-01
1.799074870e-01
1.816458802e-01
1.816141657e-01
1.812206332e-01
1.792650096e-01
1.764732276e-01
1.766245915e-01
1.786156581e-01
1.796545200e-01
1.804314251e-01
1.812228984e-01
1.815309772e-01
1.806825349e-01
1.813932342e-01
1.833459931e-01
1.818692233e-01
1.789378198e-01
1.779790848e-01
1.772477920e-01
1.743755567e-01
1.748858415e-01
1.743084004e-01
1.716468858e-01
1.717157843e-01
1.723823159e-01
1.726076108e-01
1.725473711e-01
1.746975598e-01
1.758551112e-01
1.755047363e-01
1.721831315e-01
1.707059043e-01
1.725910245e-01
1.733341490e-01
1.720837516e-01
1.719976847e-01
1.702750518e-01
1.700503571e-01
1.681389273e-01
1.644106809e-01
1.621508647e-01
1.613748732e-01
1.591702012e-01
1.573977046e-01
1.580376794e-01
1.598930779e-01
1.602214009e-01
1.601088488e-01
1.606632778e-01
1.596485925e-01
1.595612374e-01
1.595059522e-01
1.579794844e-01
1.583992964e-01
1.594029797e-01
1.578561215e-01
1.544372977e-01
1.525852317e-01
1.522614278e-01
1.514038085e-01
1.524162142e-01
1.539787246e-01
1.523279163e-01
1.513256123e-01
1.512353447e-01
1.505634270e-01
1.492172328e-01
1.492326309e-01
1.496242696e-01
1.497933802e-01
1.494917246e-01
1.474523544e-01
1.477313069e-01
1.490176777e-01
1.509905203e-01
1.520912618e-01
1.502351758e-01
1.490998110e-01
1.500843957e-01
1.514909062e-01
1.515154110e-01
1.519864420e-01
1.504215074e-01
1.504737404e-01
1.507537224e-01
1.486659865e-01
1.465419424e-01
1.460664054e-01
1.457048943e-01
1.425738246e-01
1.420746784e-01
1.412400251e-01
1.408930284e-01
1.410089325e-01
1.409704939e-01
1.393121057e-01
1.397247106e-01
1.402298352e-01
1.394892411e-01
1.408241629e-01
1.409458928e-01
1.408921654e-01
1.383467448e-01
1.367462039e-01
1.375446338e-01
1.397010332e-01
1.411563856e-01
1.428625693e-01
1.430695144e-01
1.423633658e-01
1.421569399e-01
1.435911582e-01
1.437314916e-01
1.418911628e-01
1.421847591e-01
1.445041024e-01
1.457584417e-01
1.449051641e-01
1.435295639e-01
1.419490374e-01
1.404645932e-01
1.408907076e-01
1.445699690e-01
1.458130657e-01
1.454906581e-01
1.471536952e-01
1.485827805e-01
1.484492604e-01
1.477241459e-01
1.478545668e-01
1.478417576e-01
1.478980476e-01
1.466675990e-01
1.446553819e-01
1.434277316e-01
1.431001851e-01
1.415931393e-01
1.405187878e-01
1.417018430e-01
1.402962198e-01
1.403518789e-01
1.414660161e-01
1.414690485e-01
1.401786053e-01
1.384146423e-01
1.375533745e-01
1.353396504e-01
1.331103610e-01
1.312135167e-01
1.310328322e-01
1.327220547e-01
1.332021693e-01
1.341618904e-01
1.344956217e-01
1.359196279e-01
1.360744050e-01
1.361627670e-01
1.351475031e-01
1.332355810e-01
1.340565627e-01
1.351928277e-01
1.349590742e-01
1.331831761e-01
1.330013041e-01
1.338070601e-01
1.326726616e-01
1.319532999e-01
1.335361048e-01
1.340488564e-01
1.331643710e-01
1.311391950e-01
1.318856118e-01
1.339293081e-01
1.330141703e-01
1.292467223e-01
1.285492263e-01
1.301580973e-01
1.277462802e-01
1.256219643e-01
1.258313774e-01
1.277499065e-01
1.298297827e-01
1.304722444e-01
1.289893421e-01
1.271084016e-01
1.271741524e-01
1.274600391e-01
1.274221659e-01
1.279572611e-01
1.276108291e-01
1.259482323e-01
1.240594394e-01
1.254549428e-01
1.251019224e-01
1.237041327e-01
1.248371553e-01
1.258462101e-01
1.235258212e-01
1.211247180e-01
1.218249732e-01
1.207628188e-01
1.206101459e-01
1.210916101e-01
1.206918589e-01
1.211704624e-01
1.215078622e-01
1.234371442e-01
1.239653397e-01
1.247025142e-01
1.236646103e-01
1.226867021e-01
1.198726729e-01
1.192180207e-01
1.202151577e-01
1.208183832e-01
1.214861751e-01
1.215748125e-01
1.206577653e-01
1.214462732e-01
1.216801474e-01
1.199134550e-01
1.200167728e-01
1.214909989e-01
1.221857061e-01
1.220364641e-01
1.210848418e-01
1.205917674e-01
1.216622523e-01
1.244256949e-01
1.237044148e-01
1.217694475e-01
1.213236485e-01
1.214281321e-01
1.205365472e-01
1.192863735e-01
1.182132364e-01
1.167624865e-01
1.164631754e-01
1.140316651e-01
1.130266264e-01
1.113138875e-01
1.105257562e-01
1.100038527e-01
1.106016862e-01
1.120221672e-01
1.133159627e-01
