8.970575737e-04
1.638525800e-03
1.258073258e-03
2.135681258e-03
1.769356892e-03
1.466565883e-03
1.159809401e-03
1.430465682e-03
1.006733090e-03
1.469937576e-03
1.523831168e-03
1.035988864e-03
1.218080119e-03
1.967005582e-04
-3.341622966e-04
-1.744519815e-05
-2.030849471e-04
1.613450594e-04
4.407830776e-05
-2.314807946e-04
-4.085839183e-04
-8.316459438e-04
-8.135158847e-04
-1.283966064e-03
-9.426129706e-04
-4.353145839e-04
1.301368459e-04
-3.178551109e-04
-2.558867544e-04
-4.945641248e-04
1.992665471e-04
-3.848892239e-04
-4.775918227e-05
-5.348577837e-05
-3.053922324e-04
-1.812543021e-04
-5.881876551e-05
-3.391800792e-04
-7.182325651e-04
-1.191200181e-03
-1.304267698e-03
-6.893179088e-04
-9.442664205e-04
-5.062760441e-04
-4.961168744e-04
-2.694179015e-04
-6.199838033e-04
-1.431812387e-04
4.915385357e-04
1.158701980e-04
4.413322145e-04
8.476708539e-04
7.269509752e-04
1.061866483e-03
5.613847721e-04
6.092155105e-04
2.890310346e-04
1.219950174e-04
-1.529982242e-04
-4.829287858e-04
-9.008171894e-06
1.630827612e-05
4.161994432e-04
7.202520817e-04
1.464863798e-04
-1.494606471e-04
2.111117420e-04
2.582557360e-04
1.038496714e-03
1.318721040e-03
1.248310512e-03
1.538182994e-03
1.353447017e-03
1.187116978e-03
1.549358882e-03
1.912707547e-03
1.851043356e-03
1.926201366e-03
1.703349669e-03
1.832759505e-03
2.060815388e-03
2.481321106e-03
2.514656729e-03
2.781783775e-03
2.331149513e-03
2.195047062e-03
3.426201738e-03
3.356001758e-03
2.841659180e-03
2.600834489e-03
2.757130367e-03
3.238737682e-03
3.457520042e-03
2.944710295e-03
2.957206141e-03
2.992902173e-03
2.951861227e-03
3.646716620e-03
3.812386116e-03
3.591808348e-03
3.212214481e-03
3.827674878e-03
3.860877007e-03
4.080628312e-03
4.494060578e-03
4.490404040e-03
4.087197918e-03
4.392852219e-03
4.395289630e-03
4.811438932e-03
4.846495456e-03
4.973866074e-03
4.454003362e-03
4.463809900e-03
4.586271453e-03
4.082012411e-03
4.532851034e-03
4.400907435e-03
4.207694449e-03
4.435532111e-03
4.329675054e-03
4.012036925e-03
3.938323165e-03
3.520798488e-03
2.984703183e-03
3.435655720e-03
2.855073656e-03
3.053004609e-03
3.728061253e-03
3.466455866e-03
3.008191757e-03
2.873086100e-03
2.837191607e-03
2.517927659e-03
3.168206409e-03
2.385408408e-03
2.227247082e-03
2.876363204e-03
2.287473758e-03
2.360027397e-03
2.315037923e-03
2.264406026e-03
2.438282137e-03
2.448544786e-03
2.245349634e-03
2.200206189e-03
1.379463224e-03
1.130756861e-03
1.438101606e-03
1.196874127e-03
1.211116352e-03
1.431419531e-03
1.156411478e-03
4.595237736e-04
4.799652979e-04
1.071870395e-04
7.157416906e-04
3.132158186e-04
1.857513024e-04
1.543242058e-04
7.776375406e-05
-1.099278213e-03
-1.636217393e-03
-1.993901624e-03
-2.353602167e-03
-2.528347253e-03
-1.919289199e-03
-1.819461535e-03
-1.870310045e-03
-1.680788315e-03
-2.146257852e-03
-1.785364729e-03
-1.910220234e-03
-1.819843570e-03
-1.942695510e-03
-2.185594893e-03
-2.044566273e-03
-2.138228915e-03
-1.844923812e-03
-9.240482220e-04
-1.234091397e-03
-1.691594587e-03
-2.226561385e-03
-2.220986456e-03
-1.975982516e-03
-2.160605953e-03
-2.036025497e-03
-2.876287793e-03
-2.744512097e-03
-2.812426135e-03
-2.467505383e-03
-2.665343979e-03
-2.797009492e-03
-2.439555257e-03
-2.173744939e-03
-1.594224342e-03
-1.477966907e-03
-9.327932065e-04
-2.252114949e-04
-1.187684721e-03
-5.376647814e-04
-5.290773138e-05
-1.230832039e-03
-4.788083620e-04
-4.799445859e-04
-9.027737718e-04
-9.617670792e-04
-5.911977966e-04
-6.466873056e-04
-1.185550168e-03
-6.241847024e-04
-1.263910108e-03
-1.075654754e-03
-1.050299417e-03
-1.301993936e-03
-1.398006513e-03
-9.297183819e-04
-1.192071088e-03
-1.032414937e-03
-9.740168930e-04
-1.346707184e-03
-1.198735697e-03
-1.155040544e-03
-1.102636490e-03
-1.197755081e-03
-1.592538975e-03
-1.400586218e-03
-6.723656155e-04
-1.075399196e-04
-5.582389475e-05
-4.473337007e-04
3.395607992e-04
5.243411127e-04
9.565736986e-05
-1.328534079e-04
-1.623434615e-04
-8.690263660e-04
-2.907512330e-04
-7.604903678e-05
2.708728084e-05
-5.209806552e-04
-4.335736751e-05
-1.353876655e-03
-1.096134947e-03
-1.218403845e-03
-1.269979968e-03
-1.649667167e-03
-2.226357356e-03
-2.330095453e-03
-2.158582761e-03
1.908309853e-02
2.762776049e-01
1.141055248e+00
2.635569975e+00
4.442732607e+00
6.208583529e+00
7.742376165e+00
9.016552887e+00
1.004644378e+01
1.084653316e+01
1.142699121e+01
1.180346136e+01
1.199281727e+01
1.203945160e+01
1.196544156e+01
1.179175459e+01
1.155182441e+01
1.126501059e+01
1.095433068e+01
1.063828683e+01
1.034236544e+01
1.012258292e+01
9.972381126e+00
9.875874283e+00
9.791717373e+00
9.704976136e+00
9.598606269e+00
9.485007687e+00
9.343391789e+00
9.190414790e+00
9.024577105e+00
8.839940038e+00
8.648305664e+00
8.449427548e+00
8.245810808e+00
8.039880465e+00
7.832206368e+00
7.635168140e+00
7.437066702e+00
7.254009717e+00
7.080766272e+00
6.924108768e+00
6.774345519e+00
6.639774198e+00
6.500254678e+00
6.367818117e+00
6.239163816e+00
6.106175538e+00
5.975936956e+00
5.845285006e+00
5.716265993e+00
5.587133513e+00
5.456748713e+00
5.333173691e+00
5.204301822e+00
5.083530203e+00
4.961639762e+00
4.845248458e+00
4.727298276e+00
4.621142867e+00
4.508793796e+00
4.404190275e+00
4.305202139e+00
4.202699613e+00
4.105909335e+00
4.010618446e+00
3.917291636e+00
3.825212022e+00
3.732680508e+00
3.647649197e+00
3.556211211e+00
3.472384210e+00
3.387236730e+00
3.305792540e+00
3.222902980e+00
3.149770887e+00
3.068545023e+00
2.995313209e+00
2.924203659e+00
2.851087774e+00
2.782757131e+00
2.716484750e+00
2.650886835e+00
2.587530735e+00
2.523844202e+00
2.466739897e+00
2.404486955e+00
2.348418673e+00
2.291143056e+00
2.237058300e+00
2.181601595e+00
2.133549655e+00
2.078203041e+00
2.028295172e+00
1.981847539e+00
1.932060619e+00
1.885888841e+00
1.840468755e+00
1.796919439e+00
1.753357062e+00
1.709262942e+00
1.671563421e+00
1.627547534e+00
1.589573451e+00
1.549952999e+00
1.513372347e+00
1.472860171e+00
1.441678234e+00
1.402100055e+00
1.367631537e+00
1.337101603e+00
1.301305883e+00
1.269929959e+00
1.238510843e+00
1.209273399e+00
1.179295500e+00
1.147455992e+00
1.122303464e+00
1.090224286e+00
1.065160601e+00
1.036798065e+00
1.010995512e+00
9.826592455e-01
9.630263824e-01
9.341017385e-01
9.100833822e-01
8.893528520e-01
8.641426392e-01
8.426335376e-01
8.207605235e-01
8.006602407e-01
7.807454667e-01
7.584174106e-01
7.418970284e-01
7.196067198e-01
7.028576156e-01
6.831573470e-01
6.668075206e-01
6.472712062e-01
6.350520736e-01
6.142928718e-01
5.980258064e-01
5.844538704e-01
5.667895676e-01
5.525489199e-01
5.380661357e-01
5.253009374e-01
5.116473567e-01
4.954100457e-01
4.863974421e-01
4.704228969e-01
4.607236318e-01
4.473422560e-01
4.367778018e-01
4.223300661e-01
4.163625423e-01
4.015962716e-01
3.912842906e-01
3.836973517e-01
3.709628665e-01
3.613448841e-01
3.513782484e-01
3.427283968e-01
3.324333726e-01
3.207529414e-01
3.157339969e-01
3.044924254e-01
2.981573989e-01
2.886321804e-01
2.812159029e-01
2.701406739e-01
2.678825502e-01
2.561240115e-01
2.489038771e-01
2.442576258e-01
2.337091317e-01
2.278165353e-01
2.206438803e-01
2.147035729e-01
2.080464278e-01
1.989244498e-01
1.969101726e-01
1.877808314e-01
1.836924819e-01
1.773089891e-01
1.726136946e-01
1.631040775e-01
1.632318296e-01
1.531339422e-01
1.486292164e-01
1.465897687e-01
1.393112930e-01
1.345751102e-01
1.301156898e-01
1.257185463e-01
1.210527699e-01
1.142964125e-01
1.140726395e-01
1.065518190e-01
1.037659608e-01
9.861962636e-02
9.550820447e-02
8.895076565e-02
9.013969723e-02
8.194948682e-02
7.817060397e-02
7.720721667e-02
7.102583700e-02
6.801520590e-02
6.536368659e-02
6.218146329e-02
5.903924058e-02
5.309670534e-02
5.379094407e-02
4.781630332e-02
4.719075705e-02
4.282443295e-02
4.101153251e-02
3.485232685e-02
3.741685454e-02
3.090660626e-02
2.831296056e-02
2.814271882e-02
2.306640223e-02
2.023772829e-02
1.792326970e-02
1.647250999e-02
1.379782170e-02
9.680111540e-03
1.107193259e-02
5.550358368e-03
5.277463351e-03
2.322140330e-03
1.323965166e-03
-3.825639009e-03
-5.146499060e-04
-7.191365093e-03
-8.491316967e-03
-7.731983120e-03
-1.199645553e-02
-1.349443200e-02
-1.607091429e-02
-1.777439168e-02
-1.960632445e-02
-2.447643262e-02
-2.263077581e-02
-2.829119435e-02
-2.776105041e-02
-3.086058421e-02
-3.083864792e-02
-3.636879869e-02
-3.283842377e-02
-3.832722658e-02
-3.984492611e-02
-3.849030625e-02
-4.292246002e-02
-4.441824303e-02
-4.628288942e-02
-4.702050976e-02
-4.888219867e-02
-5.321792664e-02
-5.098813713e-02
-5.584759697e-02
-5.546798971e-02
-5.843170664e-02
-5.832929557e-02
-6.230670427e-02
-5.776931347e-02
-6.339855792e-02
-6.366382227e-02
-6.162436220e-02
-6.486620070e-02
-6.621732244e-02
-6.725642330e-02
-6.778582304e-02
-6.910168861e-02
-7.261153353e-02
-6.994967064e-02
-7.468594186e-02
-7.400881072e-02
-7.609995233e-02
-7.650385716e-02
-8.033535481e-02
-7.589950943e-02
-8.082719180e-02
-8.201468200e-02
-7.904220864e-02
-8.318511621e-02
-8.428413897e-02
-8.557442674e-02
-8.579026668e-02
-8.658425082e-02
-9.003794057e-02
-8.705779117e-02
-9.093226482e-02
-8.940008881e-02
-9.176728673e-02
-9.173652372e-02
-9.515037507e-02
-9.040944585e-02
-9.582064911e-02
-9.700802052e-02
-9.568452824e-02
-9.956656130e-02
-1.000941684e-01
-1.011266165e-01
-1.010344493e-01
-1.020599245e-01
-1.053057777e-01
-1.024808988e-01
-1.067691614e-01
-1.052530431e-01
-1.075717298e-01
-1.069830631e-01
-1.110215749e-01
-1.073080835e-01
-1.127195437e-01
-1.133690385e-01
-1.106969068e-01
-1.138380532e-01
-1.144860352e-01
-1.146019872e-01
-1.146218150e-01
-1.149402982e-01
-1.179565939e-01
-1.145658080e-01
-1.188467299e-01
-1.169614483e-01
-1.184562015e-01
-1.187498691e-01
-1.221581445e-01
-1.177152066e-01
-1.222621929e-01
-1.217781847e-01
-1.197144931e-01
-1.227741971e-01
-1.224959311e-01
-1.242295935e-01
-1.238575388e-01
-1.242542488e-01
-1.268956809e-01
-1.236881548e-01
-1.277847574e-01
-1.266123530e-01
-1.282904772e-01
-1.275386222e-01
-1.315118691e-01
-1.269158621e-01
-1.313835119e-01
-1.319704366e-01
-1.290731754e-01
-1.322494648e-01
-1.320651712e-01
-1.327225983e-01
-1.328638896e-01
-1.326076070e-01
-1.359153356e-01
-1.322669064e-01
-1.365469842e-01
-1.347141630e-01
-1.358078826e-01
-1.355483322e-01
-1.389029523e-01
-1.339173587e-01
-1.390275581e-01
-1.394851031e-01
-1.377646096e-01
-1.413221894e-01
-1.414765692e-01
-1.413911336e-01
-1.415289929e-01
-1.417257682e-01
-1.450242757e-01
-1.413664437e-01
-1.450111407e-01
-1.431919078e-01
-1.458825985e-01
-1.451244175e-01
-1.488415084e-01
-1.440280749e-01
-1.484399782e-01
-1.488295926e-01
-1.465375612e-01
-1.497991270e-01
-1.491376156e-01
-1.499752008e-01
-1.497760163e-01
-1.508284563e-01
-1.536476783e-01
-1.502457955e-01
-1.542831890e-01
-1.523569742e-01
-1.542753582e-01
-1.529934209e-01
-1.568097237e-01
-1.519730921e-01
-1.569493420e-01
-1.563855126e-01
-1.532372699e-01
-1.566460678e-01
-1.568157415e-01
-1.566241287e-01
-1.561527961e-01
-1.569590801e-01
-1.593171060e-01
-1.549565728e-01
-1.587893664e-01
-1.574386574e-01
-1.592264555e-01
-1.587963840e-01
-1.618672555e-01
-1.568424127e-01
-1.611455032e-01
-1.610092942e-01
-1.584067608e-01
-1.615712153e-01
-1.609798294e-01
-1.611998214e-01
-1.607711013e-01
-1.614256392e-01
-1.637016557e-01
-1.597170558e-01
-1.639580532e-01
-1.619981359e-01
-1.633222075e-01
-1.630847829e-01
-1.655954857e-01
-1.602505913e-01
-1.651665316e-01
-1.653270476e-01
-1.623391812e-01
-1.657644593e-01
-1.653516013e-01
-1.661979596e-01
-1.659458960e-01
-1.660598178e-01
-1.682934513e-01
-1.646401671e-01
-1.690379638e-01
-1.668225533e-01
-1.681487215e-01
-1.676815100e-01
-1.698298395e-01
-1.649140075e-01
-1.698301686e-01
-1.702047348e-01
-1.672550858e-01
-1.692348173e-01
-1.688604747e-01
-1.696222798e-01
-1.689331740e-01
-1.692682946e-01
-1.715354305e-01
-1.676552217e-01
-1.711196885e-01
-1.688471892e-01
-1.701136151e-01
-1.693103231e-01
-1.718149539e-01
-1.662969115e-01
-1.709828788e-01
-1.708838867e-01
-1.684184459e-01
-1.711984884e-01
-1.707486999e-01
-1.710936500e-01
-1.713953285e-01
-1.717079244e-01
-1.741529550e-01
-1.702409137e-01
-1.740655330e-01
-1.726079606e-01
-1.739626640e-01
-1.726271705e-01
-1.760220402e-01
-1.714924216e-01
-1.757652577e-01
-1.749688869e-01
-1.718874727e-01
-1.745952736e-01
-1.746340287e-01
-1.747787168e-01
-1.742545017e-01
-1.747703239e-01
-1.775154708e-01
-1.736306090e-01
-1.771956537e-01
-1.753538237e-01
-1.765376927e-01
-1.745500754e-01
-1.782123538e-01
-1.727048174e-01
-1.774942611e-01
-1.781693554e-01
-1.744099460e-01
-1.767987947e-01
-1.762657851e-01
-1.762234467e-01
-1.757027362e-01
-1.758450675e-01
-1.776748741e-01
-1.738875298e-01
-1.781075801e-01
-1.756765629e-01
-1.773856134e-01
-1.759224140e-01
-1.798432076e-01
-1.750404688e-01
-1.790970365e-01
-1.795866283e-01
-1.770759369e-01
-1.797884015e-01
-1.792483979e-01
-1.792503683e-01
-1.782677266e-01
-1.791026323e-01
-1.813211167e-01
-1.776696314e-01
-1.812169898e-01
-1.793863261e-01
-1.804195711e-01
-1.800092162e-01
-1.829639315e-01
-1.782084169e-01
-1.830966825e-01
-1.827369341e-01
-1.795788791e-01
-1.825791608e-01
-1.819367848e-01
-1.819331310e-01
-1.819672871e-01
-1.817912885e-01
-1.840548631e-01
-1.805806040e-01
-1.845377389e-01
-1.822117285e-01
-1.834897529e-01
-1.832522465e-01
-1.854760843e-01
-1.807268833e-01
-1.856143010e-01
-1.849656107e-01
-1.825232854e-01
-1.855023447e-01
-1.850577292e-01
-1.852603058e-01
-1.847549492e-01
-1.853008088e-01
-1.881057077e-01
-1.845499922e-01
-1.881240232e-01
-1.861133787e-01
-1.878279820e-01
-1.866128851e-01
-1.893690532e-01
-1.843717148e-01
-1.891234351e-01
-1.885034596e-01
-1.850817497e-01
-1.878727569e-01
-1.878693787e-01
-1.885969013e-01
-1.878760816e-01
-1.882127802e-01
-1.903819548e-01
-1.863474614e-01
-1.894973075e-01
-1.873575972e-01
-1.884477466e-01
-1.873013960e-01
-1.896005494e-01
-1.850984376e-01
-1.888090968e-01
-1.892271410e-01
-1.858591074e-01
-1.882538751e-01
-1.878096736e-01
-1.879267087e-01
-1.871714036e-01
-1.873447179e-01
-1.899804798e-01
-1.860788122e-01
-1.890101937e-01
-1.874382018e-01
-1.888944204e-01
-1.876957872e-01
-1.912808031e-01
-1.858079209e-01
-1.902857753e-01
-1.897983096e-01
-1.859527691e-01
-1.888449335e-01
-1.878209067e-01
-1.876258436e-01
-1.872749242e-01
-1.879626862e-01
-1.897732309e-01
-1.857806932e-01
-1.893408180e-01
-1.871481343e-01
-1.881586201e-01
-1.871595288e-01
-1.907829034e-01
-1.858608324e-01
-1.904954329e-01
-1.902867978e-01
-1.875743617e-01
-1.893584480e-01
-1.889952573e-01
-1.884700719e-01
-1.885250472e-01
-1.884159208e-01
-1.912286969e-01
-1.867080857e-01
-1.895288486e-01
-1.875586020e-01
-1.889434595e-01
-1.878091714e-01
-1.908083395e-01
-1.857973248e-01
-1.900539120e-01
-1.896191059e-01
-1.866539984e-01
-1.892413990e-01
-1.888448038e-01
-1.895435106e-01
-1.885301239e-01
-1.886839360e-01
-1.911165121e-01
-1.865490624e-01
-1.904632143e-01
-1.882462191e-01
-1.900044501e-01
-1.891737552e-01
-1.921118590e-01
-1.870348298e-01
-1.908484248e-01
-1.909409605e-01
-1.876268395e-01
-1.905270145e-01
-1.908698832e-01
-1.907960840e-01
-1.900267440e-01
-1.900077540e-01
-1.924109410e-01
-1.884134131e-01
-1.920113770e-01
-1.898399484e-01
-1.909432547e-01
-1.897451945e-01
-1.924790189e-01
-1.872393917e-01
-1.920311399e-01
-1.921055912e-01
-1.888822332e-01
-1.914622279e-01
-1.901201494e-01
-1.905002717e-01
-1.900872898e-01
-1.904403860e-01
-1.927169953e-01
-1.891468462e-01
-1.923794778e-01
-1.903530280e-01
-1.920742020e-01
-1.904921716e-01
-1.926383039e-01
-1.874198887e-01
-1.918038690e-01
-1.923759350e-01
-1.887185766e-01
-1.914724683e-01
-1.901263487e-01
-1.909044984e-01
-1.902035402e-01
-1.905328415e-01
-1.925659448e-01
-1.881905627e-01
-1.924186643e-01
-1.896907382e-01
-1.911168000e-01
-1.897174402e-01
-1.928002952e-01
-1.876958944e-01
-1.918391712e-01
-1.919805687e-01
-1.882499706e-01
-1.911497366e-01
-1.908363805e-01
-1.910880384e-01
-1.906948269e-01
-1.908763481e-01
-1.930867298e-01
-1.893012121e-01
-1.931697248e-01
-1.906629421e-01
-1.916544665e-01
-1.900929905e-01
-1.931242368e-01
-1.874744384e-01
-1.917665313e-01
-1.914620293e-01
-1.885336098e-01
-1.913971185e-01
-1.909323561e-01
-1.908781435e-01
-1.911080184e-01
-1.912562614e-01
-1.937013332e-01
-1.905238001e-01
-1.937473716e-01
-1.916531930e-01
-1.933634082e-01
-1.918921907e-01
-1.943620008e-01
-1.895685837e-01
-1.939817237e-01
-1.933975062e-01
-1.908174061e-01
-1.933974310e-01
-1.935505434e-01
-1.930647718e-01
-1.921076757e-01
-1.920381475e-01
-1.945471755e-01
-1.911580479e-01
-1.945834959e-01
-1.920275709e-01
-1.932980321e-01
-1.922360588e-01
-1.950672509e-01
-1.899929910e-01
-1.940027204e-01
-1.941871520e-01
-1.906018624e-01
-1.931179001e-01
-1.924583731e-01
-1.925344699e-01
-1.914866680e-01
-1.913341834e-01
-1.933414613e-01
-1.898346121e-01
-1.932060257e-01
-1.910856005e-01
-1.928049252e-01
-1.918544249e-01
-1.945885764e-01
-1.897620925e-01
-1.940304762e-01
-1.939192667e-01
-1.912943620e-01
-1.938060479e-01
-1.930478753e-01
-1.927899454e-01
-1.921329005e-01
-1.924468175e-01
-1.947604653e-01
-1.905675390e-01
-1.944518612e-01
-1.925428064e-01
-1.937476818e-01
-1.915220637e-01
-1.944162505e-01
-1.892045909e-01
-1.935893089e-01
-1.928611151e-01
-1.891210467e-01
-1.911527630e-01
-1.908372470e-01
-1.902187620e-01
-1.897873102e-01
-1.897127212e-01
-1.919529380e-01
-1.876540378e-01
