-1.691652515e-02
-1.958423506e-02
-1.536204887e-02
-1.379512331e-02
-1.788390394e-02
-1.817624927e-02
-1.784043946e-02
-1.835973352e-02
-1.879124693e-02
-1.719464807e-02
-1.652232796e-02
-1.704159176e-02
-2.226291012e-02
-2.082236346e-02
-2.072958872e-02
-1.722577583e-02
-1.527721443e-02
-1.360458052e-02
-1.546285343e-02
-1.250072836e-02
-8.299515222e-03
-6.219378427e-03
-7.376444999e-03
-8.152218501e-03
-9.348107068e-03
-7.903838758e-03
-4.952315466e-03
-3.350690540e-03
-6.849910112e-03
-1.345849756e-02
-1.273904033e-02
-1.071865640e-02
-1.426403179e-02
-1.745265512e-02
-1.951121765e-02
-1.604927386e-02
-1.260080342e-02
-1.271429671e-02
-1.210060909e-02
-1.503133348e-02
-1.478023823e-02
-1.992282112e-02
-2.666520928e-02
-2.579874998e-02
-1.892413791e-02
-1.631778503e-02
-1.183007197e-02
-1.182207024e-02
-1.505525067e-02
-1.336526087e-02
-1.791464389e-02
-1.914602238e-02
-2.259349175e-02
-1.761688803e-02
-1.451772688e-02
-1.339617337e-02
-9.216130888e-03
-2.210962522e-03
-1.195759546e-03
-1.986528739e-03
-4.901058110e-03
-4.088686312e-03
-6.563858262e-03
-1.058305257e-02
-6.794483214e-03
-1.943397833e-03
-1.760920259e-03
-4.022757688e-03
-4.583711829e-03
-5.486691598e-03
-7.247314089e-03
-1.035826152e-02
-1.026205389e-02
-8.445932202e-03
-8.457160917e-03
-1.828415644e-03
-2.078006118e-03
-2.393199299e-03
-3.752234879e-03
-2.740966400e-03
7.136913777e-04
7.322414183e-04
-8.657112669e-04
-1.032166358e-03
-5.257662755e-03
-8.914574613e-03
-7.711258113e-03
-7.529457203e-03
-6.333378736e-03
-5.416446071e-03
-4.643767159e-03
-1.367965010e-03
-4.818660123e-03
-8.450758977e-03
-5.970425457e-03
-2.176660798e-03
-7.441586666e-03
-1.819523025e-02
-1.463739374e-02
-1.063452844e-02
-4.565357021e-03
-5.580605358e-03
-3.304386150e-03
-3.209375430e-03
-2.120634512e-03
-1.962719995e-03
1.958637058e-03
4.890287903e-03
1.039394431e-03
-4.549491550e-03
-1.159324433e-02
-1.531661148e-02
-1.787550146e-02
-1.655214270e-02
-1.506917554e-02
-1.302059734e-02
-1.183293246e-02
-4.467303723e-03
-1.334222217e-03
-3.062959774e-04
2.547000790e-03
4.321216371e-03
-1.277031901e-04
1.889290892e-03
5.531821359e-03
8.124837233e-03
2.631914411e-03
2.989662714e-03
3.509895880e-03
1.109115197e-04
7.926061672e-04
8.318960872e-03
1.127884253e-02
8.076661725e-03
9.204401917e-03
1.152786605e-02
1.391706522e-02
1.334728738e-02
1.383690169e-02
1.102937123e-02
8.516386999e-03
6.300628660e-03
3.251321645e-03
1.631208480e-03
4.677112773e-04
6.161566856e-03
9.452794499e-03
5.204403983e-03
3.059930616e-03
7.872165409e-03
1.236222065e-02
1.424841479e-02
1.036181785e-02
8.538493195e-03
7.431665400e-03
7.997990336e-03
1.111260739e-02
1.036036355e-02
2.434898225e-03
3.567601633e-03
4.178870250e-03
-1.212940655e-03
-7.040260324e-03
-9.010262868e-03
-3.620423494e-03
-3.554588752e-04
-3.455870367e-04
2.241560042e-03
3.914880259e-03
2.127275674e-03
-1.655108010e-03
-5.096831801e-03
-7.104687200e-03
-5.791485144e-03
4.669418419e-04
1.528962213e-03
4.295919703e-04
-2.244125403e-03
-6.471250933e-03
-4.071562282e-03
3.406267238e-03
4.603414836e-03
-5.699772668e-03
-8.761162884e-03
-4.284566854e-03
7.398775500e-03
1.236201772e-02
8.161650786e-03
1.113012700e-03
9.032940768e-05
3.519031445e-03
2.701573753e-03
1.909198943e-03
4.099179104e-03
9.046764322e-03
1.250547220e-02
6.208731211e-03
1.249143904e-03
1.716187446e-03
3.176266155e-03
3.242849495e-03
-3.005216660e-03
-7.612984444e-04
6.406283018e-03
6.188172409e-03
4.610218988e-03
6.235867325e-03
4.114838880e-03
2.592818680e-03
6.790801034e-03
6.563655913e-03
6.874926040e-03
2.496259696e-03
4.498620777e-03
9.743802920e-03
1.279004968e-02
8.061741845e-03
6.314236188e-03
1.037856544e-02
1.399040229e-02
1.125607827e-02
4.564721315e-03
1.074687860e-03
-2.582651970e-03
2.019751808e-03
4.504203278e-03
3.144245755e-03
3.763893643e-03
7.547064859e-03
1.155639116e-02
1.517504225e-02
1.662457233e-02
1.266626530e-02
2.405555721e-03
-6.377117199e-03
-4.466794327e-03
3.315898377e-03
7.745912311e-03
6.145997571e-03
5.663228552e-03
8.802589232e-03
8.263098195e-03
6.658927715e-03
5.501348545e-03
1.225871593e-02
1.729943752e-02
2.077220890e-02
1.798096020e-02
1.808883383e-02
1.830832595e-02
2.075441758e-02
1.056872711e-01
6.072840011e-01
1.978398573e+00
4.315686610e+00
7.178924797e+00
9.867555664e+00
1.189523808e+01
1.310544829e+01
1.359486675e+01
1.357938562e+01
1.325219533e+01
1.276730022e+01
1.223797828e+01
1.170456888e+01
1.122039976e+01
1.079256896e+01
1.041858580e+01
1.009307233e+01
9.801860175e+00
9.546964557e+00
9.316361157e+00
9.110506256e+00
8.917756027e+00
8.734024809e+00
8.555811945e+00
8.388065096e+00
8.243962267e+00
8.132720117e+00
7.996545023e+00
7.784228682e+00
7.541179567e+00
7.318783712e+00
7.133463482e+00
6.986011321e+00
6.852151043e+00
6.724262933e+00
6.588047747e+00
6.457603215e+00
6.321430623e+00
6.191871036e+00
6.059600475e+00
5.936593215e+00
5.801695555e+00
5.664721453e+00
5.534676264e+00
5.406925356e+00
5.280905007e+00
5.160161209e+00
5.046342659e+00
4.934240365e+00
4.820148926e+00
4.710429017e+00
4.606478946e+00
4.495411187e+00
4.365892375e+00
4.245040082e+00
4.138132511e+00
4.042066864e+00
3.945969176e+00
3.853431747e+00
3.772817460e+00
3.684470952e+00
3.600461547e+00
3.524647914e+00
3.454098906e+00
3.374006998e+00
3.289450843e+00
3.211778096e+00
3.141268628e+00
3.073927117e+00
3.007461223e+00
2.936792675e+00
2.858623119e+00
2.788981357e+00
2.722103648e+00
2.657117200e+00
2.597065978e+00
2.534192673e+00
2.469047909e+00
2.401745999e+00
2.339024867e+00
2.281479589e+00
2.227267428e+00
2.171713585e+00
2.115263064e+00
2.062408690e+00
2.016848319e+00
1.972317402e+00
1.925475002e+00
1.880275402e+00
1.840950498e+00
1.797777778e+00
1.755205986e+00
1.713372291e+00
1.676861811e+00
1.644832706e+00
1.617947578e+00
1.582699918e+00
1.544870232e+00
1.502403989e+00
1.463424729e+00
1.432258558e+00
1.402107941e+00
1.366238390e+00
1.327428646e+00
1.291305855e+00
1.259605730e+00
1.231113995e+00
1.198027357e+00
1.165565137e+00
1.138917587e+00
1.114214785e+00
1.089502544e+00
1.067306803e+00
1.045619186e+00
1.024686182e+00
1.005808318e+00
9.884024819e-01
9.682553732e-01
9.430646371e-01
9.243754115e-01
9.097509922e-01
8.928983095e-01
8.741648152e-01
8.508208998e-01
8.324279273e-01
8.203233471e-01
8.086663407e-01
7.938642192e-01
7.722134286e-01
7.494855634e-01
7.295103826e-01
7.157106286e-01
7.060791937e-01
6.918137340e-01
6.738851904e-01
6.612625202e-01
6.471018838e-01
6.383660220e-01
6.243288885e-01
6.120211613e-01
6.084155856e-01
5.994990400e-01
5.888800416e-01
5.769692865e-01
5.688693767e-01
5.588086762e-01
5.443927269e-01
5.310399079e-01
5.205501453e-01
5.112864424e-01
5.035013702e-01
4.963230764e-01
4.879109778e-01
4.751388982e-01
4.658365437e-01
4.537923858e-01
4.451578719e-01
4.387472217e-01
4.277723445e-01
4.198922584e-01
4.134449254e-01
4.061676826e-01
3.949770956e-01
3.922800066e-01
3.934690106e-01
3.958079382e-01
3.834042003e-01
3.700724670e-01
3.626876414e-01
3.565580219e-01
3.479633156e-01
3.378672203e-01
3.324424912e-01
3.322650011e-01
3.328302854e-01
3.304641749e-01
3.228098505e-01
3.236983690e-01
3.249151717e-01
3.213335881e-01
3.121570257e-01
3.085900540e-01
3.026995864e-01
2.973949875e-01
2.966840610e-01
2.943261559e-01
2.955671975e-01
2.909112667e-01
2.863777352e-01
2.840301976e-01
2.878230994e-01
2.837262072e-01
2.772736203e-01
2.733210395e-01
2.685007291e-01
2.671091452e-01
2.694938627e-01
2.649955390e-01
2.573705300e-01
2.518099677e-01
2.480828600e-01
2.444091705e-01
2.452628836e-01
2.474397970e-01
2.457001733e-01
2.350221523e-01
2.265385450e-01
2.299249903e-01
2.308440557e-01
2.305975614e-01
2.268420788e-01
2.267321726e-01
2.265550647e-01
2.208533274e-01
2.204384794e-01
2.255570727e-01
2.269637857e-01
2.245189551e-01
2.182694393e-01
2.206818654e-01
2.251303105e-01
2.291984122e-01
2.286300961e-01
2.225846450e-01
2.154948325e-01
2.127980185e-01
2.103075716e-01
2.107013854e-01
2.125752027e-01
2.118277064e-01
2.071458161e-01
1.996191804e-01
1.980848032e-01
2.011242429e-01
2.030673910e-01
2.054098448e-01
1.993731840e-01
1.973581850e-01
1.997876190e-01
1.942865489e-01
1.916030448e-01
1.931894520e-01
1.954049089e-01
1.989531936e-01
1.972053469e-01
1.930500723e-01
1.890375498e-01
1.901171323e-01
1.925689639e-01
1.920531410e-01
1.923504166e-01
1.909982278e-01
1.904469718e-01
1.875281053e-01
1.859410359e-01
1.829825329e-01
1.762587819e-01
1.713172691e-01
1.693474950e-01
1.686555359e-01
1.698789574e-01
1.676853423e-01
1.640906075e-01
1.614806330e-01
1.577361368e-01
1.583204272e-01
1.656333555e-01
1.686966380e-01
1.665929977e-01
1.659132499e-01
1.655069648e-01
1.695243133e-01
1.673613991e-01
1.642912825e-01
1.611225999e-01
1.583802112e-01
1.554046810e-01
1.564297284e-01
1.595630305e-01
1.617490107e-01
1.567180417e-01
1.512125498e-01
1.527595896e-01
1.570205572e-01
1.579253710e-01
1.539583841e-01
1.542621580e-01
1.562787081e-01
1.585725565e-01
1.554173088e-01
1.554126267e-01
1.568059033e-01
1.567561627e-01
1.550398154e-01
1.572683762e-01
1.619773209e-01
1.608757570e-01
1.579724107e-01
1.535122750e-01
1.536357502e-01
1.481971556e-01
1.492016619e-01
1.521834170e-01
1.635072460e-01
1.658325487e-01
1.624505954e-01
1.535424184e-01
1.484355446e-01
1.492393552e-01
1.508710168e-01
1.523095635e-01
1.545355541e-01
1.586039641e-01
1.555779279e-01
1.500087622e-01
1.497463413e-01
1.524436376e-01
1.559485454e-01
1.561710316e-01
1.506240670e-01
1.450042676e-01
1.443588615e-01
1.479952621e-01
1.513692081e-01
1.527600115e-01
1.475867332e-01
1.435401570e-01
1.405129643e-01
1.408781828e-01
1.410635074e-01
1.415742053e-01
1.347534705e-01
1.320910229e-01
1.325561759e-01
1.359630815e-01
1.366500753e-01
1.327467293e-01
1.295714862e-01
1.318706467e-01
1.307217942e-01
1.321373680e-01
1.348844814e-01
1.360419674e-01
1.324851834e-01
1.274658591e-01
1.275878326e-01
1.283592002e-01
1.236124939e-01
1.238556266e-01
1.255322854e-01
1.252728367e-01
1.292333660e-01
1.357018724e-01
1.399084854e-01
1.397402880e-01
1.404684900e-01
1.421018569e-01
1.398197753e-01
1.322650370e-01
1.283963461e-01
1.257065978e-01
1.306817454e-01
1.386925770e-01
1.413262946e-01
1.398142992e-01
1.382618172e-01
1.406408473e-01
1.405270035e-01
1.376023453e-01
1.352084801e-01
1.329151860e-01
1.274288657e-01
1.248490153e-01
1.227838537e-01
1.259550715e-01
1.276326556e-01
1.236902149e-01
1.258341877e-01
1.247295653e-01
1.205761315e-01
1.200578290e-01
1.195296711e-01
1.175133950e-01
1.191240584e-01
1.214995790e-01
1.203209212e-01
1.180138137e-01
1.219572960e-01
1.225411129e-01
1.238834951e-01
1.291239549e-01
1.294970839e-01
1.310125407e-01
1.287341439e-01
1.258241996e-01
1.233138440e-01
1.215467645e-01
1.209043966e-01
1.227248245e-01
1.242459042e-01
1.283146602e-01
1.234761522e-01
1.176775845e-01
1.139187111e-01
1.152984196e-01
1.190692113e-01
1.206172912e-01
1.166884450e-01
1.137963303e-01
1.153366042e-01
1.137789679e-01
1.148179207e-01
1.130531813e-01
1.140757856e-01
1.156677533e-01
1.138899489e-01
1.123729949e-01
1.131816324e-01
1.129020292e-01
1.137449442e-01
1.157941917e-01
1.133230170e-01
1.045487110e-01
1.033507793e-01
1.060205531e-01
1.120334276e-01
1.102008843e-01
1.031158993e-01
1.028528493e-01
1.035087142e-01
1.042338468e-01
1.055182103e-01
1.056231403e-01
1.043830717e-01
1.009314313e-01
1.001783158e-01
1.017088273e-01
1.029984918e-01
1.029390119e-01
9.865623448e-02
9.839253588e-02
9.796445434e-02
9.630148501e-02
9.669591752e-02
9.807181288e-02
9.855713619e-02
1.009448084e-01
9.891549181e-02
9.750972146e-02
1.015538733e-01
1.013249292e-01
1.011284455e-01
9.630092134e-02
9.329456743e-02
9.383792841e-02
9.708068601e-02
1.022347585e-01
1.079354221e-01
1.077312456e-01
1.041048789e-01
9.774913328e-02
9.849580663e-02
1.024522788e-01
1.094531257e-01
1.087312830e-01
1.093490042e-01
1.099936036e-01
1.088015603e-01
1.079211403e-01
1.107338026e-01
1.069932635e-01
1.072625692e-01
1.105461161e-01
1.118484796e-01
1.146157083e-01
1.171889916e-01
1.113614927e-01
1.048768700e-01
9.944247871e-02
1.027665802e-01
1.060955279e-01
1.087494654e-01
1.089807413e-01
1.041818025e-01
1.023136095e-01
1.025048824e-01
9.930328293e-02
1.009097722e-01
1.008200955e-01
1.027394362e-01
1.020107788e-01
1.011882367e-01
9.839033427e-02
9.721288313e-02
1.004791454e-01
1.010937276e-01
1.024180592e-01
1.005442000e-01
9.645906856e-02
9.667898694e-02
1.002186120e-01
1.041244119e-01
1.006421649e-01
9.700869036e-02
9.403404042e-02
9.647739640e-02
9.885940590e-02
1.013849155e-01
1.068758684e-01
1.069247394e-01
1.034921752e-01
9.743989369e-02
9.904462236e-02
1.027937875e-01
1.028733214e-01
9.660930855e-02
8.983582811e-02
9.252598676e-02
1.015402047e-01
1.069356043e-01
1.085667192e-01
1.051454313e-01
1.055229908e-01
1.076417918e-01
1.130484541e-01
1.136420166e-01
1.124128331e-01
1.108534143e-01
1.118854248e-01
1.113709881e-01
1.090407863e-01
1.133148254e-01
1.114431813e-01
1.111499844e-01
1.095448824e-01
1.067096392e-01
9.855619150e-02
9.832312732e-02
1.059951269e-01
1.096221145e-01
1.067748237e-01
9.976210435e-02
9.909471364e-02
1.001353769e-01
1.010352377e-01
1.089541242e-01
1.156461582e-01
1.109544319e-01
1.028281435e-01
1.000647102e-01
1.047359690e-01
1.103439314e-01
1.056335478e-01
9.610713936e-02
8.685462373e-02
8.491940074e-02
9.389212713e-02
1.018266605e-01
1.028665734e-01
1.064804137e-01
1.074315902e-01
1.063195198e-01
1.060669917e-01
1.057374060e-01
1.069314161e-01
1.102265106e-01
1.092377982e-01
1.079242646e-01
1.052097461e-01
1.045131443e-01
1.128714876e-01
1.207442936e-01
1.195151010e-01
1.151499159e-01
1.141594164e-01
1.132859963e-01
1.121350310e-01
1.178093473e-01
1.189198514e-01
1.126996072e-01
1.098842491e-01
1.094067464e-01
1.121660250e-01
1.109684720e-01
1.139499866e-01
1.198333457e-01
1.107563134e-01
1.023900557e-01
1.033143878e-01
1.032627846e-01
1.056272014e-01
1.110067713e-01
1.089284297e-01
1.099242853e-01
1.106845078e-01
1.141349609e-01
1.132684061e-01
1.098229922e-01
1.076105307e-01
1.077930190e-01
1.065343840e-01
1.105517090e-01
1.089253653e-01
1.058218124e-01
1.032701959e-01
1.005579917e-01
9.765897544e-02
9.937950633e-02
9.969957730e-02
1.026919389e-01
1.010056800e-01
1.006670671e-01
9.797993501e-02
9.268555810e-02
9.301502370e-02
9.657648657e-02
9.856343951e-02
1.006316236e-01
1.015418617e-01
1.013884747e-01
9.765347502e-02
9.651708457e-02
9.660505848e-02
9.695988007e-02
9.998218859e-02
1.036647180e-01
1.045171873e-01
1.039731196e-01
1.068407481e-01
1.079825293e-01
1.080660338e-01
1.119868529e-01
1.080518625e-01
1.062342784e-01
1.057184054e-01
1.039210005e-01
9.946140918e-02
9.601648927e-02
9.174960670e-02
9.048447776e-02
9.358286968e-02
9.477285993e-02
9.737731252e-02
1.000123207e-01
1.017017191e-01
1.036878119e-01
9.886752478e-02
9.830036236e-02
1.022242168e-01
1.018684886e-01
9.932608527e-02
9.961339714e-02
1.090045039e-01
1.136219288e-01
1.115469702e-01
1.084566596e-01
1.047750538e-01
1.042233422e-01
1.027430828e-01
1.048051455e-01
1.063714453e-01
1.079690349e-01
1.094704831e-01
1.080073274e-01
1.044848720e-01
1.018404505e-01
1.035085502e-01
1.025878734e-01
1.054844075e-01
1.096138929e-01
1.103241827e-01
9.963238649e-02
9.287581314e-02
9.173958589e-02
9.820464926e-02
1.016354547e-01
9.951614365e-02
9.533092879e-02
9.463931577e-02
9.489068270e-02
9.820809866e-02
1.033899052e-01
1.064694109e-01
1.010225670e-01
9.847679939e-02
9.753587521e-02
9.342477107e-02
9.287139797e-02
9.335849063e-02
9.584805710e-02
9.459984424e-02
9.539401521e-02
9.748470123e-02
9.889360698e-02
9.615137865e-02
9.087258100e-02
8.676339886e-02
8.891035273e-02
9.120887800e-02
9.201067680e-02
9.052972047e-02
9.327428918e-02
9.594208334e-02
9.763718919e-02
9.871750223e-02
1.005343881e-01
9.476521290e-02
8.677521757e-02
8.950748430e-02
9.079174064e-02
9.154828945e-02
9.219123840e-02
9.373487802e-02
9.515215487e-02
9.835592582e-02
9.269685860e-02
8.919311744e-02
9.264250989e-02
9.629047373e-02
1.039389122e-01
1.017348028e-01
9.073643128e-02
8.637656117e-02
8.826809458e-02
9.042111484e-02
9.300890366e-02
9.067041615e-02
8.676101181e-02
9.146288270e-02
9.691772886e-02
9.539686119e-02
9.102870362e-02
9.208037251e-02
9.488399230e-02
9.398209482e-02
9.253469379e-02
9.516040089e-02
9.727683448e-02
9.677103481e-02
9.769161115e-02
9.929592578e-02
9.313273842e-02
8.695368264e-02
8.469118256e-02
8.675773707e-02
9.120236472e-02
9.015236243e-02
9.029258145e-02
8.567706156e-02
8.698348053e-02
8.453767209e-02
8.086060466e-02
7.751061168e-02
8.058019197e-02
8.627755358e-02
9.014366391e-02
9.203336545e-02
8.467376006e-02
8.105615070e-02
8.489434141e-02
8.822566456e-02
8.964460187e-02
8.908954547e-02
8.819381179e-02
8.705834790e-02
8.545574421e-02
7.961380685e-02
7.452121765e-02
6.863653351e-02
7.347207601e-02
8.063051608e-02
8.387063117e-02
