2.452558593e-03
2.307947602e-03
1.988798430e-03
2.220718914e-03
2.017336007e-03
1.864375604e-03
1.807480186e-03
1.751024968e-03
2.081193254e-03
1.758756910e-03
1.821880417e-03
1.816178482e-03
2.249150715e-03
1.713805906e-03
1.182573003e-03
1.261523429e-03
1.394656756e-03
1.334536620e-03
1.552384560e-03
1.354101278e-03
8.027706177e-04
1.017634967e-03
1.258102222e-03
6.986381496e-04
5.701852709e-04
2.137674673e-04
2.941496877e-04
1.927767569e-04
1.719213298e-04
5.112154864e-04
8.840246235e-04
5.167581343e-04
6.745052464e-04
5.634601549e-04
1.992226684e-04
1.714131126e-04
2.027110688e-04
6.103084392e-05
2.670007313e-05
-3.256043219e-05
-3.499392785e-04
-4.399196887e-04
-2.736066011e-04
-2.004884856e-04
-2.090910672e-05
-2.345037730e-04
-4.181269210e-05
-2.585243454e-04
1.500025029e-04
3.265321789e-04
4.941299361e-04
4.607314344e-04
1.953730453e-04
-1.351447251e-04
-4.632189681e-04
1.478025482e-07
1.154762178e-04
7.105670539e-06
1.212464290e-04
6.257506711e-04
5.538804986e-04
5.738803760e-04
8.236674109e-04
1.136253061e-03
1.187249401e-03
1.153822150e-03
7.911877971e-04
9.220409860e-04
9.978369065e-04
1.057604905e-03
5.437501700e-04
5.981733492e-04
1.463960346e-04
-1.014093429e-04
1.732600873e-04
5.258525448e-04
7.789864330e-04
1.260373960e-03
8.989382948e-04
8.616473717e-04
9.167742157e-04
9.712680617e-04
1.562005694e-03
1.488559586e-03
1.502896986e-03
1.258691965e-03
9.290234763e-04
6.724304077e-04
4.690045649e-04
5.743335903e-04
8.858845591e-04
5.979182458e-04
5.469323587e-04
4.721205761e-04
5.322398071e-04
5.197404865e-04
1.025908724e-03
1.046881966e-03
6.714431773e-04
4.350315764e-04
3.254717605e-04
6.028390240e-04
1.082084283e-03
7.754779695e-04
3.149824091e-04
5.030137365e-04
6.774401692e-04
3.946027261e-04
6.657239919e-04
4.150643336e-04
4.382692345e-04
6.496842923e-04
4.136077887e-04
4.319689118e-04
6.802854956e-04
5.803031606e-04
1.111994074e-03
1.261823824e-03
1.095412616e-03
1.381335690e-03
1.414877240e-03
1.400286337e-03
1.855636070e-03
1.385317329e-03
1.017624876e-03
1.350557218e-03
1.684123774e-03
1.546237812e-03
1.512879747e-03
1.633567311e-03
1.438002231e-03
2.122011352e-03
2.083787464e-03
1.703202111e-03
1.478269048e-03
1.035607542e-03
1.365214947e-03
1.309235145e-03
1.167137087e-03
1.251827746e-03
1.416435242e-03
9.460023196e-04
7.631706775e-04
1.223209460e-03
1.414508392e-03
1.700445882e-03
1.627623054e-03
1.609125638e-03
1.289438961e-03
1.633825894e-03
1.137109774e-03
1.214396287e-03
1.124220900e-03
9.672709174e-04
1.262038446e-03
8.728935673e-04
1.053483539e-03
1.315230158e-03
8.833558157e-04
1.007006655e-03
8.107521470e-04
7.845175835e-04
9.117336176e-04
9.242768943e-04
5.462751846e-04
8.967265443e-04
7.752609439e-04
7.728404018e-04
3.204192622e-04
2.813335989e-04
-1.937992301e-04
1.060747644e-04
-1.301819325e-04
5.352668176e-04
1.318020938e-03
1.435683442e-03
1.344099048e-03
1.250122820e-03
1.602148598e-03
1.669776569e-03
1.578374935e-03
1.188435214e-03
1.284058386e-03
1.225532089e-03
1.355175359e-03
1.610214209e-03
1.314025086e-03
1.038786803e-03
1.252132455e-03
1.324964652e-03
8.759788001e-04
9.872540214e-04
6.156072732e-04
1.120789725e-03
1.034865134e-03
9.793219396e-04
6.002454205e-04
1.196963090e-03
1.511081343e-03
5.576244854e-04
1.289237915e-03
1.694578243e-03
1.179974080e-03
1.842094654e-03
1.963387383e-03
1.735685698e-03
1.787815614e-03
2.258231367e-03
1.775595167e-03
2.092024860e-03
2.034301079e-03
1.717020431e-03
1.729788458e-03
1.904540847e-03
1.470505380e-03
1.949533279e-03
2.093040934e-03
1.641472518e-03
1.480663683e-03
1.400568875e-03
1.181251755e-03
1.962185900e-03
1.752390375e-03
1.799366210e-03
1.959005666e-03
1.967337016e-03
1.815420643e-03
1.957310875e-03
1.819167758e-03
1.938087970e-03
1.709864613e-03
2.286396649e-03
1.968471783e-03
1.870109639e-03
1.614137035e-03
1.510076333e-03
1.221882260e-03
1.157628484e-03
7.933234875e-04
7.562743444e-04
9.024805821e-04
8.810334204e-04
6.033439679e-04
5.788161309e-04
8.744509793e-04
3.933905306e-04
3.630393061e-04
2.951495181e-04
2.966801226e-04
-1.511070530e-05
7.230238500e-03
1.690251318e-01
8.621705807e-01
2.201000690e+00
3.877447507e+00
5.530166012e+00
6.970331098e+00
8.169503293e+00
9.150778078e+00
9.935867114e+00
1.053464527e+01
1.096130088e+01
1.122654409e+01
1.136453987e+01
1.139743328e+01
1.133793939e+01
1.121174516e+01
1.103331698e+01
1.082165662e+01
1.059271044e+01
1.035344493e+01
1.014954328e+01
9.999212597e+00
9.908076619e+00
9.836771019e+00
9.766896497e+00
9.678344504e+00
9.582814412e+00
9.464700712e+00
9.334352836e+00
9.194778848e+00
9.036880476e+00
8.870488761e+00
8.696513412e+00
8.515517462e+00
8.330562892e+00
8.139194013e+00
7.954584762e+00
7.764502413e+00
7.582696901e+00
7.402356280e+00
7.234606205e+00
7.072239505e+00
6.925564896e+00
6.777181657e+00
6.633692798e+00
6.496402287e+00
6.356654715e+00
6.219715689e+00
6.084733111e+00
5.951022138e+00
5.819054745e+00
5.685010054e+00
5.558932390e+00
5.427679594e+00
5.303285290e+00
5.178035516e+00
5.057014981e+00
4.934303363e+00
4.821455640e+00
4.704692463e+00
4.593024679e+00
4.488260305e+00
4.380910733e+00
4.278418592e+00
4.178456441e+00
4.080441413e+00
3.985038151e+00
3.888329074e+00
3.799785518e+00
3.706231493e+00
3.619719908e+00
3.531582501e+00
3.448365301e+00
3.362817721e+00
3.287031202e+00
3.204580238e+00
3.127004712e+00
3.054330042e+00
2.978564332e+00
2.906852854e+00
2.837129603e+00
2.768747264e+00
2.703078778e+00
2.635603157e+00
2.575760037e+00
2.511133450e+00
2.452371935e+00
2.392402595e+00
2.336340077e+00
2.277272912e+00
2.226483084e+00
2.171039476e+00
2.118041630e+00
2.070014343e+00
2.018190176e+00
1.969882848e+00
1.922403852e+00
1.876205128e+00
1.831777976e+00
1.785119223e+00
1.745429340e+00
1.700632004e+00
1.660794418e+00
1.618799547e+00
1.580690395e+00
1.539040129e+00
1.506506219e+00
1.467354652e+00
1.430662850e+00
1.398660810e+00
1.363114105e+00
1.329757898e+00
1.298071436e+00
1.266259355e+00
1.236038073e+00
1.202688007e+00
1.177862108e+00
1.146474670e+00
1.120646381e+00
1.091695113e+00
1.066674043e+00
1.037645459e+00
1.016838140e+00
9.894039084e-01
9.645926191e-01
9.441392899e-01
9.192730381e-01
8.966853231e-01
8.750676757e-01
8.536135387e-01
8.331594295e-01
8.101454051e-01
7.941523174e-01
7.718058325e-01
7.547494608e-01
7.340764684e-01
7.179013443e-01
6.966207405e-01
6.836585143e-01
6.645059231e-01
6.477636587e-01
6.347309926e-01
6.174238327e-01
6.022063930e-01
5.876684984e-01
5.737218597e-01
5.605064599e-01
5.437678598e-01
5.343784356e-01
5.179874504e-01
5.070187988e-01
4.934894923e-01
4.830849029e-01
4.677965491e-01
4.609921225e-01
4.472390560e-01
4.349759780e-01
4.269915858e-01
4.144004881e-01
4.041186419e-01
3.950581688e-01
3.851477166e-01
3.755579968e-01
3.636651855e-01
3.579913697e-01
3.460450414e-01
3.396387393e-01
3.296371175e-01
3.230786711e-01
3.116278363e-01
3.086120244e-01
2.979980399e-01
2.890022069e-01
2.842869323e-01
2.750410787e-01
2.681941351e-01
2.615741974e-01
2.547361996e-01
2.488813064e-01
2.391126777e-01
2.365866117e-01
2.270986113e-01
2.232438419e-01
2.157148917e-01
2.110349472e-01
2.017482352e-01
2.009044691e-01
1.921601662e-01
1.856506403e-01
1.829810953e-01
1.756011521e-01
1.708811072e-01
1.659534921e-01
1.609934084e-01
1.565326871e-01
1.495159056e-01
1.483261073e-01
1.410870491e-01
1.382423476e-01
1.320153737e-01
1.295084133e-01
1.223454327e-01
1.228578904e-01
1.160818480e-01
1.113950740e-01
1.104329759e-01
1.045052673e-01
1.015437218e-01
9.818105039e-02
9.413220246e-02
9.122985901e-02
8.529733733e-02
8.570407463e-02
7.950777155e-02
7.835392015e-02
7.390586091e-02
7.310853842e-02
6.655144336e-02
6.825645655e-02
6.215756734e-02
5.762268548e-02
5.782212966e-02
5.281127939e-02
5.017620065e-02
4.804706889e-02
4.531220834e-02
4.331591434e-02
3.807624646e-02
3.899913660e-02
3.348362338e-02
3.334206816e-02
2.965914556e-02
2.849207812e-02
2.338493540e-02
2.531722760e-02
2.008566186e-02
1.675923432e-02
1.778706903e-02
1.357109650e-02
1.164470177e-02
9.580973642e-03
7.565986369e-03
6.547559443e-03
1.852362540e-03
3.533109091e-03
-2.639657890e-03
-2.303848934e-03
-5.793644844e-03
-6.428753958e-03
-1.138441105e-02
-9.069044530e-03
-1.405944105e-02
-1.605423990e-02
-1.524518101e-02
-1.923972386e-02
-2.104773208e-02
-2.259763998e-02
-2.397098519e-02
-2.542779627e-02
-2.952276761e-02
-2.761038661e-02
-3.249558268e-02
-3.218778209e-02
-3.548546474e-02
-3.536782083e-02
-3.988735171e-02
-3.709343814e-02
-4.105571114e-02
-4.234812651e-02
-4.053073600e-02
-4.416615071e-02
-4.582427215e-02
-4.681588029e-02
-4.811700321e-02
-4.929130653e-02
-5.325545077e-02
-5.074179472e-02
-5.494657306e-02
-5.434418521e-02
-5.681645089e-02
-5.635411585e-02
-6.069435007e-02
-5.738178831e-02
-6.139535724e-02
-6.355535005e-02
-6.156148418e-02
-6.514694690e-02
-6.629543947e-02
-6.734213983e-02
-6.852055845e-02
-6.902224006e-02
-7.247352041e-02
-6.980166266e-02
-7.426675415e-02
-7.345759740e-02
-7.568371406e-02
-7.567874432e-02
-7.988979936e-02
-7.663019112e-02
-8.064553080e-02
-8.237058673e-02
-8.082362991e-02
-8.388833261e-02
-8.534702366e-02
-8.581102745e-02
-8.646318734e-02
-8.722416520e-02
-9.057690721e-02
-8.773381386e-02
-9.172447554e-02
-9.077546553e-02
-9.302588701e-02
-9.261950261e-02
-9.650611704e-02
-9.265297898e-02
-9.621932473e-02
-9.787822517e-02
-9.636742593e-02
-9.891182987e-02
-9.952062956e-02
-1.004082739e-01
-1.011207066e-01
-1.012543949e-01
-1.049544896e-01
-1.019298602e-01
-1.061946455e-01
-1.045615899e-01
-1.065683086e-01
-1.061336811e-01
-1.096939262e-01
-1.059937174e-01
-1.097363761e-01
-1.108976272e-01
-1.087935138e-01
-1.116902829e-01
-1.121741294e-01
-1.128725542e-01
-1.134767269e-01
-1.131773667e-01
-1.165631291e-01
-1.133835429e-01
-1.166143739e-01
-1.151263547e-01
-1.173846675e-01
-1.160738734e-01
-1.195304116e-01
-1.151159434e-01
-1.191423022e-01
-1.202101900e-01
-1.179801952e-01
-1.202404631e-01
-1.208632952e-01
-1.212144158e-01
-1.220714855e-01
-1.219468235e-01
-1.255100516e-01
-1.220482526e-01
-1.259523435e-01
-1.242967287e-01
-1.268446923e-01
-1.260641994e-01
-1.297383713e-01
-1.255680726e-01
-1.289315519e-01
-1.300429369e-01
-1.281820881e-01
-1.306247330e-01
-1.304869056e-01
-1.304376593e-01
-1.313449009e-01
-1.312132656e-01
-1.342442787e-01
-1.303915949e-01
-1.340500481e-01
-1.325935728e-01
-1.344000020e-01
-1.333099882e-01
-1.368058720e-01
-1.323477005e-01
-1.360668822e-01
-1.374005978e-01
-1.346928620e-01
-1.372932662e-01
-1.375886679e-01
-1.380144002e-01
-1.383317116e-01
-1.381221363e-01
-1.411397709e-01
-1.371907742e-01
-1.410124418e-01
-1.393115168e-01
-1.414333351e-01
-1.400489978e-01
-1.440849090e-01
-1.396142338e-01
-1.435167608e-01
-1.445547918e-01
-1.422110727e-01
-1.448056338e-01
-1.455050531e-01
-1.453539924e-01
-1.453908215e-01
-1.453799429e-01
-1.481755199e-01
-1.443328423e-01
-1.477989176e-01
-1.466343384e-01
-1.483581730e-01
-1.472988021e-01
-1.507405310e-01
-1.459647300e-01
-1.499121273e-01
-1.508664170e-01
-1.486857762e-01
-1.515169151e-01
-1.511771588e-01
-1.512048444e-01
-1.517656221e-01
-1.516840459e-01
-1.544365412e-01
-1.504976914e-01
-1.538140695e-01
-1.521894475e-01
-1.539875045e-01
-1.522299249e-01
-1.547151328e-01
-1.505990387e-01
-1.548545320e-01
-1.556918850e-01
-1.529762696e-01
-1.551004384e-01
-1.554459575e-01
-1.554650018e-01
-1.556181673e-01
-1.549579106e-01
-1.574328541e-01
-1.543246784e-01
-1.578719680e-01
-1.558787418e-01
-1.576457324e-01
-1.557929882e-01
-1.590077641e-01
-1.547255481e-01
-1.585602032e-01
-1.595145932e-01
-1.566510832e-01
-1.584802602e-01
-1.587566827e-01
-1.582786371e-01
-1.585582504e-01
-1.581751400e-01
-1.608988824e-01
-1.572633892e-01
-1.614137587e-01
-1.594357744e-01
-1.606921221e-01
-1.592623702e-01
-1.620689184e-01
-1.577278636e-01
-1.617679290e-01
-1.622015237e-01
-1.601553910e-01
-1.626710674e-01
-1.623120047e-01
-1.625444502e-01
-1.628426298e-01
-1.626864378e-01
-1.651758732e-01
-1.618158760e-01
-1.651078914e-01
-1.631946351e-01
-1.653546543e-01
-1.640288045e-01
-1.672432693e-01
-1.631437132e-01
-1.669014856e-01
-1.679426994e-01
-1.655418396e-01
-1.679087469e-01
-1.680072965e-01
-1.684452475e-01
-1.679808696e-01
-1.675056836e-01
-1.705762174e-01
-1.669099489e-01
-1.703077846e-01
-1.686003884e-01
-1.704716630e-01
-1.689985608e-01
-1.720274973e-01
-1.677863274e-01
-1.711999272e-01
-1.722505161e-01
-1.695283067e-01
-1.714233207e-01
-1.714259460e-01
-1.713472701e-01
-1.716905534e-01
-1.712795738e-01
-1.743021938e-01
-1.707773456e-01
-1.740997089e-01
-1.716269215e-01
-1.732080118e-01
-1.718183565e-01
-1.751332741e-01
-1.708666131e-01
-1.739562760e-01
-1.747535495e-01
-1.723109933e-01
-1.746107450e-01
-1.746084381e-01
-1.743773951e-01
-1.738177107e-01
-1.732235306e-01
-1.762188748e-01
-1.728454050e-01
-1.761265374e-01
-1.739302539e-01
-1.754137050e-01
-1.742597757e-01
-1.775748114e-01
-1.735307201e-01
-1.765138628e-01
-1.770389839e-01
-1.744211196e-01
-1.762429645e-01
-1.766446397e-01
-1.762799196e-01
-1.768571224e-01
-1.764483233e-01
-1.791904111e-01
-1.754064281e-01
-1.785755646e-01
-1.765418064e-01
-1.786500245e-01
-1.768670289e-01
-1.799814119e-01
-1.756182404e-01
-1.787207429e-01
-1.790591087e-01
-1.765460138e-01
-1.785865541e-01
-1.785867087e-01
-1.784746565e-01
-1.790019083e-01
-1.783145999e-01
-1.812910164e-01
-1.772271202e-01
-1.806254197e-01
-1.788640431e-01
-1.800287225e-01
-1.785703786e-01
-1.818168568e-01
-1.774787452e-01
-1.804468159e-01
-1.809773216e-01
-1.781720828e-01
-1.801804505e-01
-1.802278258e-01
-1.801647159e-01
-1.795853265e-01
-1.789827805e-01
-1.817123074e-01
-1.782495815e-01
-1.814274400e-01
-1.791593288e-01
-1.802058259e-01
-1.791516631e-01
-1.822554906e-01
-1.774766186e-01
-1.801654845e-01
-1.804192955e-01
-1.777784596e-01
-1.796918907e-01
-1.792383644e-01
-1.793416048e-01
-1.791797251e-01
-1.786602546e-01
-1.816843012e-01
-1.776978167e-01
-1.806364707e-01
-1.789344039e-01
-1.803540866e-01
-1.792938612e-01
-1.830537755e-01
-1.783290994e-01
-1.813839279e-01
-1.817388582e-01
-1.787356160e-01
-1.811866738e-01
-1.807565076e-01
-1.802101629e-01
-1.806015438e-01
-1.802907522e-01
-1.830114010e-01
-1.795066625e-01
-1.826726913e-01
-1.805158333e-01
-1.822354591e-01
-1.808953386e-01
-1.842900491e-01
-1.797151714e-01
-1.826846148e-01
-1.836232094e-01
-1.811511374e-01
-1.836076098e-01
-1.834504397e-01
-1.828665019e-01
-1.829877430e-01
-1.828804558e-01
-1.854739301e-01
-1.816639740e-01
-1.841835112e-01
-1.825814732e-01
-1.843122198e-01
-1.830708339e-01
-1.859062464e-01
-1.813831227e-01
-1.840945990e-01
-1.843291617e-01
-1.816450929e-01
-1.836685486e-01
-1.839079054e-01
-1.834896052e-01
-1.829734153e-01
-1.825815471e-01
-1.857244998e-01
-1.818093413e-01
-1.850048829e-01
-1.831955380e-01
-1.851522487e-01
-1.835526547e-01
-1.865762537e-01
-1.822623838e-01
-1.855528337e-01
-1.861658855e-01
-1.829655690e-01
-1.846707920e-01
-1.843851957e-01
-1.843204655e-01
-1.842000864e-01
-1.835018153e-01
-1.859982440e-01
-1.825111836e-01
-1.858144903e-01
-1.839417321e-01
-1.855392780e-01
-1.840939671e-01
-1.871192037e-01
-1.823444017e-01
-1.857250698e-01
-1.867483381e-01
-1.844636311e-01
-1.861553117e-01
-1.861731705e-01
-1.860350853e-01
-1.860329609e-01
-1.852540705e-01
-1.875788057e-01
-1.835592034e-01
-1.869893677e-01
-1.851081098e-01
-1.868447853e-01
-1.853429046e-01
-1.883628653e-01
-1.835361448e-01
-1.869299300e-01
-1.881968506e-01
-1.852103399e-01
-1.872469531e-01
-1.867068158e-01
-1.867385624e-01
-1.872361128e-01
-1.863875610e-01
-1.885605341e-01
-1.847054873e-01
-1.883086165e-01
-1.862117961e-01
-1.880994759e-01
-1.861899657e-01
-1.889897869e-01
-1.843610822e-01
-1.877350633e-01
-1.882654290e-01
-1.855731606e-01
-1.876706559e-01
-1.874355247e-01
-1.869439875e-01
-1.869926127e-01
-1.867577742e-01
-1.896112867e-01
-1.857116534e-01
-1.885412139e-01
-1.867512894e-01
-1.878166917e-01
-1.864082667e-01
-1.895865967e-01
-1.850529119e-01
-1.878694250e-01
-1.884835439e-01
-1.856303674e-01
-1.876870804e-01
-1.871727784e-01
-1.866861278e-01
-1.867642875e-01
-1.863328154e-01
-1.887162462e-01
-1.851709407e-01
-1.878587181e-01
-1.859368978e-01
-1.875817373e-01
-1.860183448e-01
-1.886153548e-01
-1.843901343e-01
-1.873566298e-01
-1.881179912e-01
-1.856868284e-01
-1.879429019e-01
-1.874665344e-01
-1.872057489e-01
-1.870275420e-01
-1.865524270e-01
-1.893963032e-01
-1.856153031e-01
-1.888176293e-01
-1.863520980e-01
-1.882820937e-01
-1.864383667e-01
-1.896176884e-01
-1.850691485e-01
-1.877713093e-01
-1.890187692e-01
-1.863453549e-01
-1.885198941e-01
-1.877037051e-01
-1.874967820e-01
-1.876694558e-01
-1.868757195e-01
-1.893232228e-01
-1.854775344e-01
-1.887797327e-01
-1.865685906e-01
-1.887451888e-01
-1.871882586e-01
-1.899384147e-01
-1.849684028e-01
-1.880711883e-01
-1.886825825e-01
-1.864272446e-01
-1.886773448e-01
-1.881846891e-01
-1.876496909e-01
-1.877763355e-01
-1.875066543e-01
-1.902457362e-01
-1.863995214e-01
-1.898339617e-01
-1.877280429e-01
-1.889925366e-01
-1.877986588e-01
-1.903585150e-01
-1.855891082e-01
-1.880902124e-01
-1.889619042e-01
-1.865475172e-01
-1.883190228e-01
-1.878702039e-01
-1.877209700e-01
-1.881517846e-01
-1.874898731e-01
-1.903673121e-01
-1.858839932e-01
