8.937367072e-03
7.845977729e-03
6.187601596e-03
5.008276306e-03
2.960008359e-03
3.585162307e-03
4.248996771e-03
4.849175213e-03
8.112864925e-03
9.582503395e-03
7.454395655e-03
4.715940926e-03
5.942057291e-03
7.470895697e-03
6.853445991e-03
5.862264974e-03
4.778447901e-03
7.247200408e-03
1.027491886e-02
1.155393362e-02
1.039933229e-02
9.684062692e-03
1.042751741e-02
1.107853546e-02
1.181075183e-02
1.303476408e-02
1.135093392e-02
1.022668545e-02
9.623465484e-03
7.942073388e-03
6.168089812e-03
7.624989622e-03
9.592941936e-03
1.212535648e-02
1.204501409e-02
1.124931916e-02
1.194533247e-02
1.061964155e-02
1.074637944e-02
9.922087388e-03
8.645366742e-03
8.294817438e-03
9.630660688e-03
9.622286364e-03
9.589349222e-03
1.048566740e-02
9.588339773e-03
1.095411312e-02
1.181106698e-02
1.009523771e-02
6.998062441e-03
3.803042365e-03
2.485744667e-03
2.112711356e-03
3.927458577e-03
4.120910783e-03
3.274137159e-03
5.296447502e-03
7.577644111e-03
7.867064710e-03
5.981649920e-03
3.053540635e-03
2.981546196e-03
4.304357665e-03
5.100464181e-03
5.709799970e-03
6.044158921e-03
6.733087130e-03
7.274882404e-03
7.840675853e-03
6.101210930e-03
3.950566180e-03
3.224345543e-03
2.937022598e-03
2.162778775e-03
1.573975444e-03
1.514404881e-03
1.815083434e-03
1.703473604e-03
1.119193450e-03
-1.207054042e-04
-7.293596662e-04
-1.050980814e-04
7.335724310e-04
1.854672163e-03
8.755521410e-04
-1.672351355e-03
-1.855413174e-03
-1.153249705e-03
-1.592183892e-03
-2.178193272e-03
-1.847348814e-03
-1.176091429e-03
-7.973926000e-04
1.444794951e-03
6.737115426e-04
-8.539569370e-04
-1.424022681e-03
-2.690866560e-03
-4.462322680e-03
-4.909374805e-03
-4.640934113e-03
-4.796312530e-03
-4.988025081e-03
-4.441453125e-03
-4.048973449e-03
-5.205622404e-03
-6.231240388e-03
-4.919149005e-03
-1.657057369e-03
-1.822762114e-03
-3.652266925e-03
-5.183775228e-03
-4.585673982e-03
-5.148678236e-03
-5.499689643e-03
-6.015846116e-03
-6.822218134e-03
-6.414958806e-03
-6.081821557e-03
-4.959055008e-03
-5.161897453e-03
-4.175810281e-03
-4.491114009e-03
-5.877331866e-03
-7.203079191e-03
-7.032171439e-03
-7.251369423e-03
-6.358797771e-03
-4.373340731e-03
-3.837403762e-03
-4.969624134e-03
-6.468093444e-03
-6.037705281e-03
-3.213727971e-03
-3.851567725e-03
-5.239566584e-03
-7.191547724e-03
-7.906183274e-03
-8.256824026e-03
-8.258500903e-03
-8.644159284e-03
-8.388199292e-03
-5.858948197e-03
-3.069538791e-03
-2.408684575e-03
-2.747297748e-03
-4.184799164e-03
-6.095368185e-03
-7.724340370e-03
-7.765598097e-03
-6.236105626e-03
-6.653499460e-03
-7.072717315e-03
-5.982106567e-03
-5.203078167e-03
-7.112719509e-03
-8.644595411e-03
-7.373454227e-03
-5.499107732e-03
-5.344257768e-03
-7.417163266e-03
-9.577378016e-03
-9.059873603e-03
-7.866268155e-03
-8.370432672e-03
-1.042997198e-02
-1.270575050e-02
-9.720130301e-03
-6.585097508e-03
-5.453527510e-03
-7.104157621e-03
-1.086980185e-02
-1.410413733e-02
-1.226297967e-02
-9.861136950e-03
-8.025910651e-03
-9.486527492e-03
-1.227312739e-02
-1.111717547e-02
-9.940683471e-03
-1.112861789e-02
-1.357064026e-02
-1.496367648e-02
-1.492027449e-02
-1.400349211e-02
-1.280781676e-02
-1.463908489e-02
-1.541443455e-02
-1.537757331e-02
-1.540356836e-02
-1.744266750e-02
-1.637489399e-02
-1.382413018e-02
-1.350982394e-02
-1.318032038e-02
-1.423173982e-02
-1.713425271e-02
-1.919723269e-02
-1.886905084e-02
-1.831501019e-02
-1.791376404e-02
-1.871212384e-02
-1.999918699e-02
-2.003485935e-02
-2.065783079e-02
-2.117904501e-02
-1.961199088e-02
-1.948336388e-02
-2.148520245e-02
-2.237512667e-02
-2.028445293e-02
-2.000853758e-02
-1.914296999e-02
-1.788572178e-02
-1.961359573e-02
-2.158523583e-02
-2.273459529e-02
-1.972168946e-02
-1.994834784e-02
-2.057990100e-02
-2.250056019e-02
-2.407422559e-02
-2.424457807e-02
-2.314466669e-02
-2.282751566e-02
-2.240762515e-02
-2.228948805e-02
-2.224943530e-02
-2.189608471e-02
-1.991351120e-02
-2.012101690e-02
-1.958612900e-02
-2.078043240e-02
-2.276948895e-02
-2.261250633e-02
-2.181669319e-02
-2.213765847e-02
-2.317754518e-02
-2.530370513e-02
-2.704755022e-02
-2.823171740e-02
-2.927827280e-02
-2.898009179e-02
-2.752800322e-02
-2.798762036e-02
-3.045904485e-02
-3.360531871e-02
-3.618128462e-02
-3.747340606e-02
-3.839133275e-02
-4.291784339e-02
-3.950117362e-02
1.604556573e-01
1.276169627e+00
3.786450875e+00
7.226597015e+00
1.073218165e+01
1.366824564e+01
1.581000368e+01
1.719720511e+01
1.794792679e+01
1.818000031e+01
1.801999736e+01
1.757900062e+01
1.696106210e+01
1.625729276e+01
1.553435014e+01
1.483296237e+01
1.417853189e+01
1.358501839e+01
1.304839660e+01
1.256864824e+01
1.214225561e+01
1.175872118e+01
1.141375871e+01
1.109680567e+01
1.079884798e+01
1.052408035e+01
1.028464393e+01
1.006031249e+01
9.799774704e+00
9.496094274e+00
9.193068539e+00
8.924560606e+00
8.691800483e+00
8.477551053e+00
8.271038296e+00
8.070210468e+00
7.875510629e+00
7.689996778e+00
7.514206260e+00
7.342636892e+00
7.175389896e+00
7.013320733e+00
6.853933716e+00
6.697534008e+00
6.540983989e+00
6.384008048e+00
6.233218815e+00
6.088741281e+00
5.945137860e+00
5.803186342e+00
5.663771420e+00
5.527554242e+00
5.379026446e+00
5.210013148e+00
5.046554022e+00
4.909091087e+00
4.795040521e+00
4.690429238e+00
4.584230157e+00
4.476228500e+00
4.371245908e+00
4.270623038e+00
4.174396173e+00
4.081682836e+00
3.993980902e+00
3.907965023e+00
3.824897055e+00
3.743510218e+00
3.663743490e+00
3.588243805e+00
3.513497313e+00
3.442048775e+00
3.372502840e+00
3.303133495e+00
3.232795148e+00
3.161206139e+00
3.092020998e+00
3.016643983e+00
2.931222423e+00
2.853122744e+00
2.789464325e+00
2.738002732e+00
2.687282880e+00
2.632992153e+00
2.577955749e+00
2.525241311e+00
2.472841678e+00
2.422406431e+00
2.373661231e+00
2.329142925e+00
2.286915663e+00
2.245260179e+00
2.205153347e+00
2.164453676e+00
2.123391888e+00
2.083500296e+00
2.046576682e+00
2.011098338e+00
1.975535711e+00
1.937866124e+00
1.899725205e+00
1.865053046e+00
1.826821600e+00
1.783752404e+00
1.743514307e+00
1.710440004e+00
1.682967708e+00
1.656824080e+00
1.628530586e+00
1.599781852e+00
1.573568580e+00
1.548745272e+00
1.520236101e+00
1.492948236e+00
1.469731672e+00
1.449957428e+00
1.430083426e+00
1.408037504e+00
1.385220471e+00
1.364023955e+00
1.343927299e+00
1.326323946e+00
1.309348799e+00
1.290653382e+00
1.272129592e+00
1.255072337e+00
1.235061704e+00
1.213761473e+00
1.192439554e+00
1.174357985e+00
1.160277648e+00
1.146644516e+00
1.132086010e+00
1.117162673e+00
1.103725487e+00
1.090190873e+00
1.076136540e+00
1.059999270e+00
1.045213843e+00
1.030891569e+00
1.019659548e+00
1.010652942e+00
9.989309178e-01
9.868072542e-01
9.764077002e-01
9.651522963e-01
9.519485688e-01
9.412345045e-01
9.313049737e-01
9.195771820e-01
9.097242822e-01
9.006937862e-01
8.901047107e-01
8.779350687e-01
8.663442986e-01
8.551522950e-01
8.460630659e-01
8.382000596e-01
8.297720019e-01
8.231290331e-01
8.142426365e-01
8.052859804e-01
7.969831535e-01
7.892848904e-01
7.811902800e-01
7.739595271e-01
7.691952051e-01
7.618393115e-01
7.552366546e-01
7.481405632e-01
7.408750740e-01
7.337082032e-01
7.292185603e-01
7.260578860e-01
7.222536345e-01
7.167162509e-01
7.091650215e-01
6.996958742e-01
6.896928919e-01
6.842810287e-01
6.789388695e-01
6.730334010e-01
6.657560352e-01
6.598510417e-01
6.547737188e-01
6.499920717e-01
6.453851927e-01
6.395184745e-01
6.341027099e-01
6.290316418e-01
6.236371796e-01
6.189922700e-01
6.136912928e-01
6.087381547e-01
6.045253308e-01
5.980480399e-01
5.917101660e-01
5.891211694e-01
5.866732790e-01
5.851907408e-01
5.830107353e-01
5.790645578e-01
5.724407627e-01
5.667440107e-01
5.627348260e-01
5.591884206e-01
5.544548415e-01
5.495525338e-01
5.442148877e-01
5.415495668e-01
5.394884571e-01
5.369217388e-01
5.334597038e-01
5.286022136e-01
5.236953706e-01
5.176538744e-01
5.136665880e-01
5.121577637e-01
5.096502174e-01
5.049580495e-01
4.994522780e-01
4.958555198e-01
4.956442893e-01
4.958103019e-01
4.941379663e-01
4.914647888e-01
4.883166175e-01
4.847181484e-01
4.813527174e-01
4.762127853e-01
4.709098039e-01
4.660166960e-01
4.622022692e-01
4.582890211e-01
4.546046842e-01
4.510242545e-01
4.479369758e-01
4.454071069e-01
4.420715741e-01
4.388340947e-01
4.332688895e-01
4.294548802e-01
4.276839300e-01
4.255644662e-01
4.224345763e-01
4.175459409e-01
4.132606592e-01
4.117206381e-01
4.114568101e-01
4.116824788e-01
4.096054383e-01
4.039931491e-01
3.987525274e-01
3.973713691e-01
3.963220191e-01
3.930996346e-01
3.925191930e-01
3.915010591e-01
3.885800311e-01
3.866547213e-01
3.856656943e-01
3.854096199e-01
3.855282452e-01
3.842024197e-01
3.802528369e-01
3.767151718e-01
3.734433646e-01
3.714164254e-01
3.707610850e-01
3.691005302e-01
3.668881856e-01
3.639238019e-01
3.608987214e-01
3.620656990e-01
3.645288620e-01
3.624900634e-01
3.620346054e-01
3.613721419e-01
3.589407378e-01
3.562534608e-01
3.533738355e-01
3.506653426e-01
3.483931641e-01
3.449326727e-01
3.411381470e-01
3.394087495e-01
3.378788232e-01
3.359520303e-01
3.340527466e-01
3.305044195e-01
3.266483293e-01
3.248145454e-01
3.239388353e-01
3.230176131e-01
3.218509070e-01
3.211022600e-01
3.197090286e-01
3.177508590e-01
3.171005664e-01
3.177867391e-01
3.166928607e-01
3.160999794e-01
3.156986487e-01
3.154009146e-01
3.146279995e-01
3.130031400e-01
3.102092612e-01
3.069328987e-01
3.038164554e-01
3.010826356e-01
2.994871018e-01
3.005951441e-01
2.993512334e-01
2.971408074e-01
2.955960069e-01
2.912779799e-01
2.878343311e-01
2.856855440e-01
2.843803907e-01
2.854474422e-01
2.858153926e-01
2.840903354e-01
2.807822416e-01
2.758964719e-01
2.750029395e-01
2.767047595e-01
2.772378908e-01
2.759359369e-01
2.760244963e-01
2.768731063e-01
2.748939221e-01
2.734231603e-01
2.691890184e-01
2.643370699e-01
2.613841016e-01
2.598642078e-01
2.595488753e-01
2.593444519e-01
2.583427735e-01
2.569455308e-01
2.550803128e-01
2.528717359e-01
2.533843752e-01
2.543443854e-01
2.527346241e-01
2.524863067e-01
2.499058882e-01
2.476208241e-01
2.461436759e-01
2.474209349e-01
2.476674140e-01
2.476262928e-01
2.469631566e-01
2.474495869e-01
2.478252577e-01
2.465108183e-01
2.456585180e-01
2.427001898e-01
2.411875404e-01
2.401815374e-01
2.379282342e-01
2.348522342e-01
2.339908597e-01
2.345948662e-01
2.352626215e-01
2.337823419e-01
2.310340984e-01
2.297850162e-01
2.292011356e-01
2.301135336e-01
2.304579468e-01
2.281220336e-01
2.226418211e-01
2.204734401e-01
2.215817519e-01
2.215319143e-01
2.196677734e-01
2.167652565e-01
2.159674213e-01
2.162395199e-01
2.150198823e-01
2.140271716e-01
2.129283217e-01
2.128473461e-01
2.132130938e-01
2.115496073e-01
2.064979347e-01
2.027687096e-01
2.013474793e-01
2.030223238e-01
2.026616842e-01
2.003091308e-01
1.977180077e-01
1.956626891e-01
1.949601527e-01
1.935262284e-01
1.911540568e-01
1.887941312e-01
1.878565442e-01
1.884827208e-01
1.899420941e-01
1.911566828e-01
1.891175656e-01
1.858633508e-01
1.836232373e-01
1.809351543e-01
1.797097271e-01
1.792855360e-01
1.790094824e-01
1.817661494e-01
1.830055960e-01
1.788106509e-01
1.748671491e-01
1.729235595e-01
1.734829795e-01
1.753813665e-01
1.764473443e-01
1.773428977e-01
1.762680594e-01
1.751283675e-01
1.732265037e-01
1.730180510e-01
1.713785089e-01
1.708168601e-01
1.716035751e-01
1.706645751e-01
1.706993218e-01
1.702850496e-01
1.670558453e-01
1.661784540e-01
1.665727661e-01
1.659175828e-01
1.644328595e-01
1.651226299e-01
1.657087131e-01
1.658892469e-01
1.647723772e-01
1.629166216e-01
1.608984058e-01
1.607600749e-01
1.616604018e-01
1.614468683e-01
1.604336069e-01
1.577840951e-01
1.566869650e-01
1.561997105e-01
1.569211852e-01
1.567796689e-01
1.565289258e-01
1.564767067e-01
1.549985064e-01
1.549786726e-01
1.533691610e-01
1.519367709e-01
1.519227404e-01
1.514440583e-01
1.515462317e-01
1.519806395e-01
1.515069622e-01
1.515246996e-01
1.504884199e-01
1.509780895e-01
1.515627893e-01
1.513125354e-01
1.494242455e-01
1.466281739e-01
1.449021458e-01
1.455131691e-01
1.446162861e-01
1.440421789e-01
1.433139730e-01
1.446966708e-01
1.463365159e-01
1.481563802e-01
1.486990871e-01
1.471929563e-01
1.458611127e-01
1.446677065e-01
1.450157217e-01
1.476363054e-01
1.485722098e-01
1.468542654e-01
1.459913988e-01
1.444265497e-01
1.435939852e-01
1.435208283e-01
1.416793267e-01
1.406631764e-01
1.420757346e-01
1.432775185e-01
1.413984967e-01
1.381445549e-01
1.351917296e-01
1.335589100e-01
1.350044619e-01
1.363773614e-01
1.358450280e-01
1.355068026e-01
1.367978056e-01
1.369322263e-01
1.361932061e-01
1.339158154e-01
1.302286493e-01
1.283728712e-01
1.292683870e-01
1.299286550e-01
1.280877382e-01
1.248349175e-01
1.230245011e-01
1.231751552e-01
1.222309309e-01
1.200655403e-01
1.191990216e-01
1.200139384e-01
1.201502344e-01
1.181216199e-01
1.158292919e-01
1.158077915e-01
1.145145946e-01
1.128839566e-01
1.129477520e-01
1.133442215e-01
1.128276913e-01
1.137928813e-01
1.144985276e-01
1.147876917e-01
1.124491415e-01
1.094822991e-01
1.084935655e-01
1.099606934e-01
1.094631139e-01
1.072896755e-01
1.056444048e-01
1.050970193e-01
1.049671236e-01
1.063713714e-01
1.055065935e-01
1.051127695e-01
1.081114073e-01
1.107004171e-01
1.091413816e-01
1.059244609e-01
1.048844231e-01
1.054361390e-01
1.067570436e-01
1.074831187e-01
1.037973950e-01
9.997228696e-02
9.733890831e-02
9.781100338e-02
9.948267184e-02
9.830998097e-02
9.737516542e-02
9.849473589e-02
1.000242239e-01
1.000621384e-01
9.733785467e-02
9.523230538e-02
9.626409269e-02
9.863917501e-02
9.820421861e-02
9.592568480e-02
9.507360201e-02
9.742653548e-02
1.003649994e-01
9.954345631e-02
9.617752528e-02
9.631857053e-02
9.669670534e-02
9.755718891e-02
1.011873419e-01
1.020007983e-01
1.001388330e-01
9.808460467e-02
9.628431940e-02
9.589600363e-02
9.669355261e-02
9.869520346e-02
9.801021780e-02
9.694831406e-02
9.623193044e-02
9.600595277e-02
9.376126809e-02
9.322097201e-02
9.555549799e-02
9.672160709e-02
9.559826560e-02
9.206960825e-02
9.258630573e-02
9.593377822e-02
9.804933270e-02
9.723351874e-02
9.568044309e-02
9.493925700e-02
9.370098140e-02
9.625575153e-02
9.800810693e-02
9.696705618e-02
9.366592291e-02
9.098897296e-02
8.897360722e-02
9.019521260e-02
9.065469058e-02
8.967774154e-02
8.951724215e-02
8.931230996e-02
8.795377307e-02
8.503488207e-02
8.237895797e-02
8.277191612e-02
8.354833667e-02
8.491013633e-02
8.612952479e-02
8.767106371e-02
8.765711612e-02
8.716684270e-02
8.690534577e-02
8.483616974e-02
8.258057453e-02
7.984096160e-02
8.286272463e-02
8.522879416e-02
8.425810789e-02
8.151370575e-02
7.985933993e-02
8.084908670e-02
8.181735253e-02
8.204353989e-02
8.004906883e-02
7.986885486e-02
7.941647648e-02
7.902004921e-02
7.669662386e-02
7.402912570e-02
7.444905949e-02
7.598246036e-02
7.677148596e-02
7.735410692e-02
7.583108707e-02
7.331905668e-02
7.174921344e-02
7.179840047e-02
7.003147179e-02
6.822569683e-02
6.614968483e-02
6.758309790e-02
6.909449797e-02
6.961625759e-02
6.973864975e-02
6.974509881e-02
7.037472012e-02
7.084040302e-02
7.088561694e-02
7.205201080e-02
7.454700620e-02
7.248231898e-02
6.925008335e-02
6.726869839e-02
6.671073586e-02
6.731958945e-02
6.851141741e-02
6.724783098e-02
6.704980353e-02
6.756989318e-02
6.915859405e-02
7.070314217e-02
7.048394729e-02
6.824061037e-02
6.732933885e-02
6.759337641e-02
6.922980480e-02
7.209188735e-02
7.268270691e-02
7.346098655e-02
7.429968913e-02
7.451544820e-02
7.313059843e-02
7.127456608e-02
7.021108057e-02
6.901467184e-02
6.771780987e-02
6.925473602e-02
7.104722077e-02
6.964434855e-02
6.875167838e-02
6.785238774e-02
6.870975910e-02
6.712993980e-02
6.475005580e-02
6.583148489e-02
6.780019639e-02
6.913754090e-02
7.056733445e-02
6.931062899e-02
6.470970250e-02
6.581621548e-02
6.761571227e-02
6.730824305e-02
6.572747571e-02
6.531829034e-02
6.489726213e-02
6.283635395e-02
5.939275329e-02
5.956087967e-02
6.128597805e-02
6.180854306e-02
6.276283129e-02
6.277057909e-02
6.102968982e-02
5.901329373e-02
5.940016359e-02
6.015867566e-02
5.741564143e-02
5.342620270e-02
5.081139890e-02
5.313886337e-02
5.290246173e-02
5.235437677e-02
5.178982073e-02
5.101742066e-02
5.167544169e-02
5.286831263e-02
5.052038407e-02
4.792301589e-02
4.856308988e-02
5.184814403e-02
5.329435872e-02
5.083771784e-02
4.853266335e-02
4.878851034e-02
4.990249882e-02
5.134803950e-02
5.223579162e-02
5.196692573e-02
4.972449546e-02
4.822133097e-02
5.027519507e-02
5.236381041e-02
5.122255158e-02
5.094957804e-02
5.205114719e-02
5.192161947e-02
5.113029167e-02
5.194609709e-02
5.251613427e-02
5.423982560e-02
5.448055399e-02
5.286182759e-02
5.065565966e-02
4.804215074e-02
4.808050212e-02
4.863828427e-02
4.613775834e-02
4.608943902e-02
4.832136886e-02
5.017354403e-02
5.066671766e-02
4.953588695e-02
4.829992029e-02
4.850776483e-02
4.763528224e-02
4.676109230e-02
4.689497744e-02
4.560076879e-02
4.512727638e-02
4.567692012e-02
4.647168373e-02
4.946440743e-02
4.949569191e-02
4.888533762e-02
4.880004740e-02
