2.745429486e-04
7.972480561e-04
7.151594574e-04
6.413422129e-04
6.021688923e-04
4.151247353e-04
5.138400126e-04
3.700172591e-04
2.619752092e-04
8.631693730e-04
8.346864334e-04
7.979335090e-04
1.865817780e-04
3.528171978e-04
4.385782772e-04
-5.554754592e-05
-2.915147153e-04
-8.806453091e-04
-8.598524555e-04
-8.537355999e-04
-9.339947863e-04
-1.096801521e-03
-1.230373396e-03
-1.277827814e-03
-9.383408341e-04
-9.961737788e-04
-1.283458286e-03
-1.052901394e-03
-1.609287183e-03
-1.571589704e-03
-1.580040488e-03
-9.877911779e-04
-1.479614199e-03
-1.980885504e-03
-1.986030623e-03
-1.664049388e-03
-2.063549078e-03
-2.041214645e-03
-2.177484589e-03
-1.714218662e-03
-1.656974179e-03
-2.141964947e-03
-2.188676620e-03
-1.726714312e-03
-1.830125058e-03
-1.996671495e-03
-1.925353021e-03
-1.232852868e-03
-1.143439477e-03
-1.433023628e-03
-1.791582571e-03
-1.188426581e-03
-1.035071057e-03
-1.005277365e-03
-9.373782057e-04
-1.168566739e-03
-9.236873996e-04
-8.011757527e-04
-1.092356258e-03
-1.255886205e-03
-9.588894923e-04
-5.230974513e-04
-8.977362500e-04
-1.198885455e-03
-5.411194391e-04
-1.339807461e-04
-6.209629252e-04
-1.001422641e-03
-2.133650278e-04
8.878131552e-06
-3.616442989e-04
-4.349167062e-04
-5.973241514e-04
-5.757061362e-06
1.998957294e-04
-1.997303496e-04
-3.531260026e-04
2.806974354e-04
4.241734360e-04
7.886155517e-05
3.981773172e-04
3.155668436e-04
5.802903435e-04
4.197352254e-04
-9.240682101e-05
-4.719322923e-05
1.514750235e-04
2.520846896e-04
4.962451986e-05
-2.442942725e-05
3.556123220e-04
4.944585115e-04
3.492381649e-04
3.386507395e-04
3.090640145e-04
2.256659592e-04
-4.901758435e-05
3.845303649e-04
1.045616248e-03
6.593148961e-04
-3.108268165e-05
1.435690316e-04
2.911638997e-04
6.008271492e-04
7.850935620e-04
7.145342714e-04
7.032531874e-04
4.660016513e-04
7.386961070e-04
9.539882590e-04
1.041936255e-03
1.244357696e-03
1.377869028e-03
1.211807153e-03
6.713751889e-04
6.932399054e-04
9.902854818e-04
6.400532669e-04
7.019198846e-04
8.858714072e-04
7.791738851e-04
7.819875346e-04
7.557917575e-04
1.046229125e-03
9.644200660e-04
9.221570924e-04
9.494528189e-04
9.882022974e-04
8.685487327e-04
5.641953591e-04
6.696827978e-04
1.503699053e-04
2.496048030e-04
4.340714220e-04
1.152786835e-03
1.076091645e-03
6.059889642e-04
8.923729965e-04
1.094817705e-03
9.839964182e-04
8.573238638e-04
1.074389137e-03
1.066911788e-03
1.127113499e-03
1.113083748e-03
8.884790473e-04
9.100482180e-04
1.553229069e-03
1.401816599e-03
1.206084150e-03
1.222756319e-03
1.500419390e-03
2.003461414e-03
1.785306738e-03
1.500677188e-03
1.773419642e-03
2.989599885e-03
2.729681864e-03
2.182880259e-03
2.247616040e-03
2.181850945e-03
2.230565986e-03
1.636202095e-03
1.527326019e-03
1.845024020e-03
1.538642753e-03
8.834552553e-04
1.488254309e-04
-1.267880879e-04
-2.493488629e-05
-3.299312290e-04
-8.154914279e-04
-9.473239892e-04
-2.118558355e-04
-4.610740166e-04
-6.109753861e-04
-5.856836154e-04
2.003448260e-04
-4.797354993e-05
-2.452953357e-04
2.175104045e-04
3.507338614e-04
2.475740143e-04
8.045753126e-05
2.062648220e-04
5.086759005e-04
8.239097700e-04
6.022492759e-04
-1.729146168e-05
-3.234183721e-04
-3.320633820e-04
-4.795583741e-05
-9.389999063e-05
-4.768246439e-04
-4.105913815e-05
1.810310743e-04
-1.435375401e-03
-4.611735813e-04
1.577295025e-03
-1.703108317e-03
-5.948852170e-04
1.181878321e-04
-1.151584704e-03
-8.889316984e-04
-4.273063357e-04
-1.484658242e-03
-1.515008071e-03
-9.960912753e-04
-9.033886670e-04
-1.607138119e-03
-1.876885931e-03
-1.661398634e-03
-1.764406494e-03
-1.881896972e-03
-2.332801469e-03
-2.009855986e-03
-1.187769680e-03
-1.520813660e-03
-1.673469118e-03
-1.490395982e-03
-1.531469015e-03
-1.196439112e-03
-1.239101530e-03
-1.356624804e-03
-1.683478459e-03
-1.708979426e-03
-1.845114551e-03
-1.796976718e-03
-1.683484755e-03
-1.085446293e-03
-1.641068620e-03
-1.432195014e-03
-1.356317365e-03
-1.041089841e-03
-1.181469079e-03
-1.340019062e-03
-1.415810370e-03
-1.437612040e-03
-1.505056590e-03
-1.567602139e-03
-1.007546412e-03
-8.504762893e-04
-8.128339694e-04
-5.234885728e-04
-9.734845921e-04
-1.419943532e-03
-1.473745496e-03
-1.856647655e-03
-2.123549241e-03
5.250004122e-03
1.617592298e-01
8.582927139e-01
2.304385899e+00
4.191751437e+00
6.057580954e+00
7.627226644e+00
8.842272306e+00
9.769724568e+00
1.042991518e+01
1.084185398e+01
1.102234077e+01
1.100008842e+01
1.079846599e+01
1.049093538e+01
1.009325999e+01
9.622065411e+00
9.128837254e+00
8.628589465e+00
8.146045804e+00
7.707137607e+00
7.342434093e+00
7.100973835e+00
6.919283616e+00
6.784298355e+00
6.639400837e+00
6.486022513e+00
6.309473342e+00
6.145329912e+00
5.946933838e+00
5.751267971e+00
5.558559419e+00
5.350620769e+00
5.153935311e+00
4.963434939e+00
4.780581880e+00
4.609123199e+00
4.443546637e+00
4.308469982e+00
4.170960333e+00
4.064264022e+00
3.966029297e+00
3.888461922e+00
3.806818830e+00
3.746519714e+00
3.663846101e+00
3.588486544e+00
3.519691731e+00
3.436624948e+00
3.357448255e+00
3.277561488e+00
3.197849628e+00
3.118769787e+00
3.032538308e+00
2.965190387e+00
2.881262631e+00
2.814478585e+00
2.740545818e+00
2.677312625e+00
2.604594657e+00
2.555331055e+00
2.487131116e+00
2.429717616e+00
2.381114118e+00
2.319812229e+00
2.265601163e+00
2.213243043e+00
2.161275204e+00
2.110066235e+00
2.051887346e+00
2.012736064e+00
1.955811270e+00
1.912988123e+00
1.862766542e+00
1.821977133e+00
1.770582318e+00
1.740000979e+00
1.688963195e+00
1.649384102e+00
1.618133786e+00
1.574354979e+00
1.538901495e+00
1.504015293e+00
1.470481641e+00
1.438074476e+00
1.398145538e+00
1.376337054e+00
1.336494592e+00
1.311398312e+00
1.277379339e+00
1.252714322e+00
1.217075731e+00
1.201846808e+00
1.165305753e+00
1.138921878e+00
1.121551094e+00
1.091327020e+00
1.068200280e+00
1.046058136e+00
1.024001979e+00
1.002860634e+00
9.743856070e-01
9.638332464e-01
9.341264396e-01
9.200618936e-01
8.963840362e-01
8.812321934e-01
8.546185611e-01
8.487713267e-01
8.213517488e-01
8.032872662e-01
7.939394235e-01
7.718387774e-01
7.563009955e-01
7.419453090e-01
7.282146345e-01
7.148602342e-01
6.937219265e-01
6.904565948e-01
6.684876129e-01
6.607155699e-01
6.442578069e-01
6.354859253e-01
6.153414013e-01
6.150098440e-01
5.939282651e-01
5.821384238e-01
5.780575843e-01
5.609875518e-01
5.512527402e-01
5.408407423e-01
5.307365590e-01
5.218512272e-01
5.053605185e-01
5.057856633e-01
4.885531842e-01
4.855109907e-01
4.726301473e-01
4.683707747e-01
4.525029102e-01
4.561074580e-01
4.386800716e-01
4.302434135e-01
4.293981990e-01
4.157400081e-01
4.086272034e-01
4.020156922e-01
3.955336694e-01
3.888982340e-01
3.742702592e-01
3.774938437e-01
3.622409946e-01
3.610331584e-01
3.507345939e-01
3.487437527e-01
3.347325994e-01
3.410755921e-01
3.260879103e-01
3.200366799e-01
3.219309791e-01
3.104788575e-01
3.058041438e-01
3.014310186e-01
2.970453535e-01
2.935507391e-01
2.819232060e-01
2.872668162e-01
2.737016930e-01
2.748569449e-01
2.665359481e-01
2.655788345e-01
2.532638510e-01
2.614346291e-01
2.480183868e-01
2.432345486e-01
2.465224741e-01
2.368291731e-01
2.333474788e-01
2.295328726e-01
2.268293768e-01
2.238746626e-01
2.130850429e-01
2.199897605e-01
2.077315503e-01
2.099481240e-01
2.027889567e-01
2.042316286e-01
1.924017622e-01
2.017142199e-01
1.894608242e-01
1.857455716e-01
1.898269237e-01
1.815830375e-01
1.791314752e-01
1.768457873e-01
1.746384812e-01
1.720235903e-01
1.621597372e-01
1.698909870e-01
1.588752868e-01
1.617517527e-01
1.549373773e-01
1.571115564e-01
1.468468408e-01
1.565054725e-01
1.439233519e-01
1.413803249e-01
1.464339264e-01
1.379913374e-01
1.364687546e-01
1.348155221e-01
1.337765122e-01
1.326450550e-01
1.235254689e-01
1.319469113e-01
1.214825642e-01
1.252932909e-01
1.193328873e-01
1.210173454e-01
1.110643316e-01
1.215154673e-01
1.104719989e-01
1.077388576e-01
1.133744920e-01
1.058597663e-01
1.048964235e-01
1.037777736e-01
1.026911285e-01
1.016610173e-01
9.246468429e-02
1.007958960e-01
9.027365839e-02
9.419905105e-02
8.883760496e-02
9.139544255e-02
8.156635397e-02
9.229692521e-02
8.080525121e-02
7.842761321e-02
8.446555836e-02
7.693779852e-02
7.551901412e-02
7.533822994e-02
7.392662095e-02
7.332203885e-02
6.481745319e-02
7.389754227e-02
6.344027298e-02
6.767929312e-02
6.291256023e-02
6.611665740e-02
5.657855523e-02
6.798853256e-02
5.774541033e-02
5.538332031e-02
6.153102404e-02
5.460403742e-02
5.445474415e-02
5.387076697e-02
5.291168764e-02
5.264664872e-02
4.408503369e-02
5.363454090e-02
4.359526563e-02
4.847447026e-02
4.331287885e-02
4.652142685e-02
3.655511035e-02
4.733196683e-02
3.668821189e-02
3.584579992e-02
4.282395005e-02
3.505314555e-02
3.428771507e-02
3.423910507e-02
3.410049994e-02
3.408708857e-02
2.575630759e-02
3.551429397e-02
2.626390371e-02
3.073700848e-02
2.555997248e-02
2.867795168e-02
2.003920726e-02
3.093024788e-02
2.033970546e-02
1.886686008e-02
2.569871793e-02
1.882714256e-02
1.789745032e-02
1.785783847e-02
1.814234543e-02
1.807665920e-02
1.067571833e-02
2.009754026e-02
1.074294831e-02
1.577078269e-02
1.073377742e-02
1.401165392e-02
5.001242462e-03
1.676472074e-02
6.769915783e-03
5.234567516e-03
1.181287823e-02
4.559608187e-03
4.113844598e-03
4.085216809e-03
3.418781264e-03
3.463834445e-03
-4.377142325e-03
5.075138721e-03
-4.359660838e-03
2.675399001e-04
-4.319590721e-03
-8.336621756e-04
-9.165985347e-03
1.910228494e-03
-8.437775826e-03
-9.656602640e-03
-2.955355790e-03
-9.551070225e-03
-9.555095543e-03
-9.183231523e-03
-9.076709712e-03
-8.434448076e-03
-1.693290114e-02
-7.153628294e-03
-1.661491374e-02
-1.133492052e-02
-1.571751074e-02
-1.194571837e-02
-2.039031231e-02
-8.466585140e-03
-1.875373741e-02
-2.014301536e-02
-1.288682908e-02
-1.947982359e-02
-1.953104688e-02
-1.953629201e-02
-1.947763294e-02
-1.898789518e-02
-2.586061254e-02
-1.609401467e-02
-2.547741082e-02
-2.073460716e-02
-2.513368869e-02
-2.158016749e-02
-3.031089311e-02
-1.874502056e-02
-2.853834508e-02
-2.992909472e-02
-2.317938313e-02
-2.933762672e-02
-2.936335805e-02
-2.923662393e-02
-2.903715228e-02
-2.889111228e-02
-3.605299099e-02
-2.614054988e-02
-3.527155955e-02
-3.000752418e-02
-3.479888852e-02
-3.182097908e-02
-4.026721798e-02
-2.850747985e-02
-3.851839164e-02
-3.900496105e-02
-3.138538375e-02
-3.783301028e-02
-3.782754660e-02
-3.782188463e-02
-3.762179973e-02
-3.723304651e-02
-4.428594305e-02
-3.450219870e-02
-4.318947953e-02
-3.814832858e-02
-4.205284461e-02
-3.853386729e-02
-4.701561783e-02
-3.493161063e-02
-4.424591334e-02
-4.519795850e-02
-3.863434273e-02
-4.452996263e-02
-4.438178072e-02
-4.419231877e-02
-4.422778822e-02
-4.339964589e-02
-5.088961736e-02
-4.094470299e-02
-4.966703824e-02
-4.480020748e-02
-4.864939221e-02
-4.496821445e-02
-5.368194051e-02
-4.198189058e-02
-5.195518840e-02
-5.233976806e-02
-4.520153236e-02
-5.230652217e-02
-5.203783480e-02
-5.106221494e-02
-5.090807441e-02
-5.002521142e-02
-5.712664824e-02
-4.704999220e-02
-5.557413304e-02
-5.044729949e-02
-5.440191794e-02
-5.016244718e-02
-5.862435646e-02
-4.669922989e-02
-5.666282273e-02
-5.773838512e-02
-5.047868280e-02
-5.639562114e-02
-5.616034745e-02
-5.579387744e-02
-5.549929943e-02
-5.515540589e-02
-6.221453899e-02
-5.215305695e-02
-6.170761067e-02
-5.623957277e-02
-6.025990365e-02
-5.657186809e-02
-6.484992084e-02
-5.260473595e-02
-6.276865302e-02
-6.313994724e-02
-5.621885428e-02
-6.218935343e-02
-6.169519635e-02
-6.097843435e-02
-6.096063325e-02
-6.029981740e-02
-6.727525071e-02
-5.714309406e-02
-6.657905951e-02
-6.139194398e-02
-6.567940817e-02
-6.160476818e-02
-6.980882426e-02
-5.759164274e-02
-6.724407775e-02
-6.756132360e-02
-6.073784314e-02
-6.684221206e-02
-6.739747066e-02
-6.702344506e-02
-6.621978642e-02
-6.606388520e-02
-7.321219250e-02
-6.293830782e-02
-7.172866845e-02
-6.610934861e-02
-7.017200801e-02
-6.621426126e-02
-7.398204635e-02
-6.165336670e-02
-7.193595381e-02
-7.203766719e-02
-6.495732483e-02
-7.116001177e-02
-7.061957084e-02
-7.067771566e-02
-7.035157625e-02
-6.922267370e-02
-7.683510430e-02
-6.685472590e-02
-7.607461488e-02
-7.073386863e-02
-7.495381539e-02
-7.171734675e-02
-7.974593033e-02
-6.693242965e-02
-7.640764169e-02
-7.753162011e-02
-7.051913677e-02
-7.659322206e-02
-7.603034245e-02
-7.495716287e-02
-7.474229312e-02
-7.405469601e-02
-8.086531344e-02
-7.066672490e-02
-8.030925653e-02
-7.532701871e-02
-7.881127239e-02
-7.462634803e-02
-8.322081383e-02
-7.167034470e-02
-8.155937244e-02
-8.172066495e-02
-7.486481606e-02
-8.081559885e-02
-8.125196651e-02
-7.997333158e-02
-7.993280429e-02
-7.901998505e-02
-8.651897771e-02
-7.612395803e-02
-8.542523745e-02
-8.040102051e-02
-8.478402025e-02
-8.071180259e-02
-8.872914947e-02
-7.716598410e-02
-8.694813444e-02
-8.763519423e-02
-8.021942832e-02
-8.637832051e-02
-8.574316368e-02
-8.520294793e-02
-8.462258333e-02
-8.408320471e-02
-9.135028528e-02
-8.044220689e-02
-8.972207881e-02
-8.434964791e-02
-8.780312926e-02
-8.461623993e-02
-9.255226726e-02
-8.026985072e-02
-9.022544415e-02
-9.042864896e-02
-8.325433560e-02
-8.884326679e-02
-8.848795774e-02
-8.796590717e-02
-8.719725960e-02
-8.628054589e-02
-9.407659739e-02
-8.347610408e-02
-9.239526208e-02
-8.707005723e-02
-9.084532804e-02
-8.708171957e-02
-9.523177159e-02
-8.275532989e-02
-9.252828740e-02
-9.342612725e-02
-8.688957956e-02
-9.328895992e-02
-9.239293888e-02
-9.165483264e-02
-9.104545822e-02
-9.011218933e-02
-9.748622247e-02
-8.706060394e-02
-9.600533108e-02
-9.053127521e-02
-9.444851787e-02
-9.082545872e-02
-9.863540477e-02
-8.684808661e-02
-9.689257744e-02
-9.795787059e-02
-9.041974472e-02
-9.627258244e-02
-9.584625983e-02
-9.515162362e-02
-9.498339647e-02
-9.420196489e-02
-1.012238266e-01
-9.031723961e-02
-9.892359669e-02
-9.339397953e-02
-9.702458218e-02
-9.324557815e-02
-1.011935855e-01
-8.872401093e-02
-9.831967737e-02
-9.872518326e-02
-9.103250934e-02
-9.707904108e-02
-9.662573144e-02
-9.562291487e-02
-9.541581579e-02
-9.468046545e-02
-1.021366952e-01
-9.165173208e-02
-1.004096250e-01
-9.460648665e-02
-9.824495262e-02
-9.428844622e-02
-1.028850098e-01
-9.024152840e-02
-1.004046877e-01
-1.005967117e-01
-9.298049408e-02
-9.940748156e-02
-9.871818929e-02
-9.842220154e-02
-9.758005959e-02
-9.684060866e-02
-1.046776207e-01
-9.427589340e-02
-1.029455894e-01
-9.771377331e-02
-1.019008790e-01
-9.788134014e-02
-1.061240331e-01
-9.377150057e-02
-1.037688212e-01
-1.047798516e-01
-9.677818573e-02
-1.022395360e-01
-1.018544620e-01
-1.013629891e-01
-1.005869354e-01
-9.995944025e-02
-1.070425921e-01
-9.658869221e-02
-1.051551886e-01
-9.977524242e-02
-1.036195952e-01
-9.991998907e-02
-1.079875511e-01
-9.568107027e-02
-1.051309196e-01
-1.062242661e-01
-9.887918076e-02
-1.040402931e-01
-1.031870682e-01
-1.027898209e-01
-1.024033212e-01
-1.013537914e-01
-1.083174129e-01
-9.794804986e-02
-1.068020279e-01
-1.007806812e-01
-1.042093257e-01
-9.980107141e-02
-1.081560758e-01
-9.611525327e-02
-1.049437905e-01
-1.058227014e-01
-9.803905113e-02
-1.033125744e-01
-1.027972971e-01
-1.022189735e-01
-1.019343776e-01
-1.007888917e-01
-1.080798569e-01
-9.784306699e-02
-1.072284746e-01
-1.014430969e-01
-1.054087986e-01
-1.011543478e-01
-1.095361578e-01
-9.749875960e-02
-1.068888040e-01
-1.072870567e-01
-1.003786690e-01
-1.065871865e-01
-1.056528490e-01
-1.051069918e-01
-1.049811053e-01
-1.037787194e-01
-1.109218433e-01
-1.003244616e-01
-1.091301158e-01
-1.033669079e-01
-1.075617904e-01
-1.034842293e-01
-1.117768405e-01
-9.978512534e-02
-1.091486032e-01
-1.093306686e-01
-1.021000004e-01
-1.082704975e-01
-1.081207551e-01
-1.070622332e-01
-1.064467702e-01
-1.058913681e-01
-1.134715489e-01
-1.024832653e-01
-1.112405691e-01
-1.062706802e-01
-1.106040685e-01
-1.060626131e-01
-1.143061729e-01
-1.020297167e-01
-1.113117278e-01
-1.118589835e-01
-1.046757233e-01
-1.105064301e-01
-1.100728618e-01
-1.097231402e-01
-1.088608667e-01
-1.076675153e-01
-1.147803745e-01
-1.042523246e-01
-1.125654743e-01
-1.067226832e-01
-1.112184241e-01
-1.070145863e-01
-1.146956451e-01
-1.022803483e-01
-1.123147969e-01
-1.131957951e-01
-1.052791980e-01
-1.108599579e-01
-1.109797764e-01
-1.101770456e-01
-1.093810517e-01
-1.082510389e-01
-1.155185889e-01
-1.049149637e-01
-1.134600825e-01
-1.078050604e-01
-1.118237613e-01
-1.079227716e-01
-1.156292438e-01
-1.032929268e-01
-1.128321619e-01
-1.130873661e-01
-1.063044719e-01
-1.121320476e-01
-1.117038901e-01
-1.113550312e-01
-1.107969118e-01
-1.094601500e-01
-1.162291787e-01
-1.060047538e-01
-1.151443740e-01
-1.091376933e-01
-1.130009782e-01
-1.086180442e-01
-1.174604733e-01
-1.047937783e-01
-1.140758332e-01
-1.144772958e-01
-1.063234909e-01
-1.119878978e-01
-1.117357370e-01
-1.112763947e-01
-1.111641273e-01
-1.105928299e-01
-1.173545617e-01
-1.070092387e-01
-1.158363543e-01
-1.107902910e-01
-1.147572725e-01
-1.108172069e-01
-1.194553438e-01
-1.071950436e-01
-1.166217700e-01
-1.164512463e-01
-1.085822406e-01
-1.144401218e-01
-1.140715560e-01
-1.133105581e-01
-1.127163824e-01
-1.116700874e-01
-1.182465405e-01
-1.079392915e-01
-1.167996416e-01
-1.111857751e-01
-1.153394627e-01
-1.114393484e-01
-1.190071679e-01
-1.066503722e-01
-1.158589376e-01
-1.163147397e-01
-1.089383069e-01
-1.146838633e-01
-1.143148542e-01
-1.137001619e-01
-1.130298761e-01
-1.118321155e-01
-1.184213492e-01
-1.081491764e-01
