-9.487909821e-04
-9.197707095e-04
-1.255365356e-03
-1.748576403e-03
-1.140047396e-03
-4.544713602e-04
5.842519598e-04
9.751224885e-04
1.642380149e-03
1.824022382e-03
2.543424770e-03
1.814264096e-03
8.698364074e-04
3.090689915e-04
2.344744195e-04
4.479741986e-06
-1.303235845e-04
-5.761893477e-04
-1.348854618e-03
-1.145230206e-03
-4.004192783e-04
-2.884947426e-04
-3.645852071e-04
-3.647004261e-05
7.049012167e-04
7.477871511e-04
1.323612601e-03
1.347076309e-03
1.546621994e-03
1.546013346e-03
2.197055912e-03
3.027490753e-03
3.347142662e-03
4.255940793e-03
5.141423608e-03
5.447122818e-03
4.578421952e-03
4.071217922e-03
4.735499116e-03
5.241802019e-03
5.104050952e-03
5.059829272e-03
4.509225474e-03
4.752660972e-03
5.358127542e-03
4.858565786e-03
4.305965111e-03
4.773060253e-03
5.197257092e-03
5.513212431e-03
6.056643788e-03
6.321235048e-03
5.482752119e-03
5.715884051e-03
6.068874058e-03
6.063677527e-03
5.766921841e-03
5.718396133e-03
5.900032857e-03
4.931387647e-03
3.830550661e-03
3.322880031e-03
2.910021720e-03
2.832243127e-03
2.750392929e-03
2.658695115e-03
2.879200375e-03
3.725579359e-03
4.303385602e-03
4.995112514e-03
4.861672769e-03
3.997505792e-03
3.182773499e-03
2.438298133e-03
1.871561874e-03
1.469116241e-03
1.875157661e-03
1.156673980e-03
7.828069624e-04
7.131410761e-04
8.840047788e-04
9.904199285e-04
1.968033040e-03
2.483638443e-03
2.537685007e-03
1.942093166e-03
1.870026599e-03
2.361051119e-03
2.385675794e-03
2.517132125e-03
3.030507069e-03
3.911990463e-03
2.905330897e-03
2.485978004e-03
2.575019360e-03
2.574631780e-03
1.709756675e-03
1.252389280e-03
5.755422208e-04
1.028505155e-03
1.899033187e-03
1.300202441e-03
1.455037836e-04
6.649779055e-05
7.562854885e-04
1.099454914e-03
9.153065517e-04
8.905555067e-04
7.179968205e-04
1.995766791e-04
3.334080333e-04
-3.760090230e-05
1.801989059e-04
7.621074986e-06
-1.612677325e-04
3.584834398e-04
8.717557310e-04
7.818750440e-04
-3.132356818e-04
-7.928887537e-04
-8.920064440e-04
3.943015158e-04
3.984007034e-04
-3.595462980e-04
-8.054488593e-04
-3.228327679e-04
6.849001190e-04
1.535273314e-03
6.556481744e-04
2.805783505e-04
2.820021755e-04
5.662412585e-04
1.630044233e-03
1.779768647e-03
2.531755091e-03
3.442327578e-03
3.942594426e-03
3.562489331e-03
4.094981118e-03
5.367385244e-03
6.310897462e-03
7.067733107e-03
6.653826257e-03
6.051123010e-03
5.690263173e-03
6.001774100e-03
5.360408861e-03
5.678099756e-03
5.708720530e-03
4.993931793e-03
4.369300855e-03
4.181786672e-03
4.851751627e-03
5.832424290e-03
5.682495241e-03
5.334235913e-03
5.005689364e-03
5.974470928e-03
5.975139768e-03
5.801350491e-03
5.240832016e-03
5.714457829e-03
6.184489699e-03
5.976572492e-03
5.061874590e-03
4.750253258e-03
5.323609026e-03
5.497632623e-03
5.910712255e-03
5.702290528e-03
6.024688343e-03
6.183665252e-03
6.589177643e-03
6.917916750e-03
6.534793332e-03
6.430611382e-03
6.060965990e-03
5.730626465e-03
6.118447032e-03
6.528933121e-03
6.777349420e-03
6.064679559e-03
5.866735070e-03
5.607479848e-03
5.741517394e-03
5.096660373e-03
5.270458105e-03
5.648669040e-03
6.657774669e-03
7.526945390e-03
7.322045271e-03
6.319714453e-03
6.087802871e-03
7.248665481e-03
7.768286323e-03
7.737458172e-03
6.406202286e-03
5.579764282e-03
4.808618345e-03
5.123222996e-03
5.006437323e-03
4.569483445e-03
5.400772161e-03
5.842540942e-03
6.083129423e-03
6.679899937e-03
7.142598182e-03
7.363929006e-03
7.672437502e-03
7.920016194e-03
8.101038181e-03
8.411265196e-03
9.379594412e-03
9.952504688e-03
1.041138102e-02
1.052992995e-02
1.020473364e-02
9.786691314e-03
9.254744126e-03
9.104263897e-03
9.016929463e-03
8.295187325e-03
8.575814434e-03
8.245163142e-03
7.553317913e-03
6.887801494e-03
5.771870355e-03
5.353731566e-03
5.627475925e-03
6.125819558e-03
6.236423434e-03
5.809757686e-03
5.736784682e-03
5.400742190e-03
5.216199212e-03
6.039378467e-03
6.470744660e-03
6.696009826e-03
7.780178625e-03
7.608088595e-03
6.561979686e-03
5.372090149e-03
5.228635327e-03
5.767474249e-03
6.235056389e-03
5.788413739e-03
4.965087620e-03
4.432028937e-03
3.973360029e-03
3.618884318e-03
4.194188760e-03
7.650408229e-02
6.294614092e-01
2.183030806e+00
4.690022932e+00
7.528514568e+00
1.002272597e+01
1.181132767e+01
1.284362417e+01
1.324510765e+01
1.317906884e+01
1.278609451e+01
1.219134270e+01
1.149241730e+01
1.076557197e+01
1.007183022e+01
9.439684698e+00
8.882883679e+00
8.401438491e+00
7.988877037e+00
7.639452738e+00
7.336139767e+00
7.073749281e+00
6.838457151e+00
6.626047791e+00
6.425924176e+00
6.238351979e+00
6.055134793e+00
5.879984020e+00
5.713137750e+00
5.552077980e+00
5.399938880e+00
5.248822350e+00
5.095839145e+00
4.943808629e+00
4.797134685e+00
4.659353864e+00
4.524541550e+00
4.395942367e+00
4.268415630e+00
4.145716480e+00
4.026613431e+00
3.914001251e+00
3.800877781e+00
3.690962718e+00
3.586496576e+00
3.483554431e+00
3.385559132e+00
3.290002672e+00
3.198669554e+00
3.110175698e+00
3.022387810e+00
2.939596995e+00
2.857213608e+00
2.779501923e+00
2.703961985e+00
2.634833106e+00
2.568979380e+00
2.506090659e+00
2.437952936e+00
2.368369032e+00
2.302250413e+00
2.237271416e+00
2.176858183e+00
2.118566614e+00
2.061240358e+00
2.004398528e+00
1.948503625e+00
1.896222782e+00
1.842716046e+00
1.792756035e+00
1.742849811e+00
1.696456621e+00
1.649258392e+00
1.605787590e+00
1.561482156e+00
1.520395331e+00
1.482063347e+00
1.441657214e+00
1.403360627e+00
1.366308881e+00
1.331092576e+00
1.299518753e+00
1.270989922e+00
1.247299575e+00
1.217409982e+00
1.186478309e+00
1.154159228e+00
1.125357726e+00
1.096348372e+00
1.071020611e+00
1.043435060e+00
1.016634438e+00
9.925000328e-01
9.667199390e-01
9.427468074e-01
9.191042141e-01
8.959925768e-01
8.721601990e-01
8.491425265e-01
8.294775294e-01
8.079855533e-01
7.889110174e-01
7.688672477e-01
7.512463772e-01
7.326286577e-01
7.170335600e-01
6.991971146e-01
6.829379278e-01
6.711562461e-01
6.599216031e-01
6.492962030e-01
6.361037046e-01
6.206247273e-01
6.052587775e-01
5.907782416e-01
5.791878107e-01
5.649664464e-01
5.542799732e-01
5.415918831e-01
5.309044943e-01
5.178987894e-01
5.081176884e-01
4.960637324e-01
4.849850588e-01
4.753991490e-01
4.635669830e-01
4.534114252e-01
4.437631673e-01
4.345575535e-01
4.260621767e-01
4.170805041e-01
4.106550879e-01
4.017657439e-01
3.952800126e-01
3.872086893e-01
3.836629368e-01
3.789322772e-01
3.752586323e-01
3.668211468e-01
3.596277510e-01
3.544300815e-01
3.473577743e-01
3.404117981e-01
3.341140561e-01
3.288440385e-01
3.228552543e-01
3.153151704e-01
3.113858935e-01
3.034663318e-01
2.983227868e-01
2.915017906e-01
2.874413143e-01
2.814846011e-01
2.779069947e-01
2.720902536e-01
2.675854661e-01
2.644123823e-01
2.588712362e-01
2.542855543e-01
2.508830248e-01
2.470267155e-01
2.441242068e-01
2.424482827e-01
2.423064308e-01
2.383446298e-01
2.352955557e-01
2.300269503e-01
2.267091004e-01
2.220262641e-01
2.207331573e-01
2.167942822e-01
2.129533898e-01
2.105588303e-01
2.053439336e-01
2.015677683e-01
1.986487344e-01
1.956419481e-01
1.927261820e-01
1.880779601e-01
1.876321162e-01
1.832244332e-01
1.817071557e-01
1.785422021e-01
1.767051052e-01
1.732458823e-01
1.737635836e-01
1.705853027e-01
1.695517541e-01
1.696156821e-01
1.690407675e-01
1.688948991e-01
1.679321899e-01
1.643893002e-01
1.611340829e-01
1.577875610e-01
1.576440051e-01
1.552270106e-01
1.543148278e-01
1.523011905e-01
1.505872342e-01
1.473721931e-01
1.469187980e-01
1.440583022e-01
1.424168374e-01
1.422144707e-01
1.392045608e-01
1.381706432e-01
1.372770335e-01
1.361462354e-01
1.348255545e-01
1.329811797e-01
1.328090889e-01
1.293760328e-01
1.287678659e-01
1.276066136e-01
1.295071383e-01
1.297490105e-01
1.311961894e-01
1.290188478e-01
1.282681283e-01
1.283919941e-01
1.265511575e-01
1.249868760e-01
1.244680336e-01
1.236804273e-01
1.224717616e-01
1.207142774e-01
1.214557258e-01
1.190206540e-01
1.174708925e-01
1.155456051e-01
1.145847610e-01
1.117592785e-01
1.118393419e-01
1.089215841e-01
1.071843561e-01
1.075158142e-01
1.056516970e-01
1.045373792e-01
1.037363501e-01
1.034386970e-01
1.038983670e-01
1.035817950e-01
1.064894024e-01
1.055746747e-01
1.057028233e-01
1.038178315e-01
1.036228904e-01
1.019206746e-01
1.036543950e-01
1.014155556e-01
1.002925241e-01
1.004555187e-01
9.844990509e-02
9.729290416e-02
9.687376346e-02
9.598015942e-02
9.487477382e-02
9.302931846e-02
9.394145482e-02
9.279505598e-02
9.385483816e-02
9.235112812e-02
9.234118689e-02
9.096862352e-02
9.238324265e-02
9.109003675e-02
9.092504942e-02
9.146502490e-02
9.106665858e-02
9.158379896e-02
9.136220923e-02
9.028350082e-02
8.954022465e-02
8.779786076e-02
8.890848462e-02
8.679150905e-02
8.711356710e-02
8.529699733e-02
8.484078155e-02
8.283087929e-02
8.394504498e-02
8.187390476e-02
8.081226245e-02
8.136051512e-02
7.949337506e-02
7.860157621e-02
7.782665490e-02
7.687886681e-02
7.684420519e-02
7.479191932e-02
7.536213232e-02
7.337155801e-02
7.351952266e-02
7.323485186e-02
7.464125052e-02
7.397041518e-02
7.567428140e-02
7.434602116e-02
7.391911446e-02
7.393628182e-02
7.157501061e-02
7.069868371e-02
6.960792310e-02
6.892055302e-02
6.820647582e-02
6.637736656e-02
6.771050361e-02
6.573248725e-02
6.565410839e-02
6.503137130e-02
6.567255342e-02
6.342578531e-02
6.454177855e-02
6.269748909e-02
6.143444610e-02
6.222698924e-02
6.121943115e-02
6.179361509e-02
6.210631436e-02
6.237303354e-02
6.274305942e-02
6.157895951e-02
6.307966265e-02
6.174430767e-02
6.254247879e-02
6.085795988e-02
6.131881135e-02
6.004754137e-02
6.091161023e-02
5.903883636e-02
5.770870532e-02
5.818477242e-02
5.711646128e-02
5.690878318e-02
5.722078529e-02
5.585839367e-02
5.484033198e-02
5.378988697e-02
5.462868229e-02
5.353965290e-02
5.444753219e-02
5.379601580e-02
5.411479657e-02
5.292251305e-02
5.476578022e-02
5.317672831e-02
5.358459370e-02
5.479938272e-02
5.395891694e-02
5.408180083e-02
5.348966815e-02
5.329471900e-02
5.352085905e-02
5.233585712e-02
5.327208221e-02
5.153734818e-02
5.189221385e-02
5.119962103e-02
5.151728787e-02
4.966615957e-02
5.045988669e-02
4.894230084e-02
4.887006028e-02
4.979178397e-02
4.821910962e-02
4.827733115e-02
4.847850555e-02
4.840746449e-02
4.810029300e-02
4.752319451e-02
4.868270847e-02
4.670394147e-02
4.789590124e-02
4.789054250e-02
4.967674600e-02
4.905507570e-02
5.088533574e-02
4.895914851e-02
4.769338034e-02
4.898277762e-02
4.807881795e-02
4.787025423e-02
4.746511534e-02
4.673934042e-02
4.615025309e-02
4.541689877e-02
4.764253650e-02
4.578214459e-02
4.692427553e-02
4.585121652e-02
4.622489746e-02
4.435616902e-02
4.582907000e-02
4.486698197e-02
4.519122870e-02
4.627002516e-02
4.452107791e-02
4.318708108e-02
4.257173876e-02
4.229661938e-02
4.327336774e-02
4.368678542e-02
4.530907977e-02
4.363208205e-02
4.423496152e-02
4.443501874e-02
4.537404010e-02
4.449559790e-02
4.559762737e-02
4.387299204e-02
4.388886865e-02
4.575369105e-02
4.419938669e-02
4.371268341e-02
4.319851893e-02
4.295975714e-02
4.297176828e-02
4.245518518e-02
4.355172516e-02
4.098261921e-02
4.072041473e-02
4.063414725e-02
4.099351821e-02
3.993145997e-02
4.046514982e-02
3.914655672e-02
3.915055948e-02
4.046109649e-02
3.998340674e-02
3.977414069e-02
4.012450499e-02
4.029256739e-02
4.130959803e-02
4.019935493e-02
4.111928021e-02
3.921783965e-02
3.913916345e-02
3.660993690e-02
3.682564844e-02
3.550161102e-02
3.711729407e-02
3.533802390e-02
3.428305031e-02
3.517010891e-02
3.512476083e-02
3.565032731e-02
3.578352498e-02
3.533275100e-02
3.475709030e-02
3.366079596e-02
3.511658409e-02
3.361320723e-02
3.384717760e-02
3.303869479e-02
3.326681830e-02
3.312188424e-02
3.425670467e-02
3.234913510e-02
3.201432161e-02
3.330318635e-02
3.233033648e-02
3.249976650e-02
3.269115260e-02
3.188690304e-02
3.166233107e-02
3.073098939e-02
3.239738532e-02
3.204311130e-02
3.307744413e-02
3.204072015e-02
3.304365810e-02
3.146896559e-02
3.271265264e-02
3.141726287e-02
3.146900248e-02
3.301453128e-02
3.152359863e-02
3.165856792e-02
3.205119239e-02
3.333485622e-02
3.437258016e-02
3.342612447e-02
3.542653118e-02
3.470390008e-02
3.606488804e-02
3.572855023e-02
3.571832735e-02
3.404558673e-02
3.561896838e-02
3.390563534e-02
3.249379604e-02
3.432771892e-02
3.390794566e-02
3.359553221e-02
3.361835659e-02
3.239508494e-02
3.195472554e-02
3.058348776e-02
3.200070090e-02
3.024882500e-02
3.077227768e-02
3.039644381e-02
3.086780691e-02
2.954099745e-02
3.101083882e-02
3.018646592e-02
2.990792207e-02
3.085464162e-02
2.967098841e-02
2.952208776e-02
2.992180764e-02
3.047576131e-02
3.064820594e-02
2.955205496e-02
3.173381635e-02
3.084576553e-02
3.170447600e-02
3.092612888e-02
3.133959828e-02
3.010700050e-02
3.164560679e-02
2.996938349e-02
2.966524573e-02
3.012187325e-02
2.862549119e-02
2.898531609e-02
3.048636209e-02
3.063291492e-02
3.068070971e-02
2.919243883e-02
3.044750736e-02
2.889845596e-02
2.916369478e-02
2.820836564e-02
2.835546990e-02
2.727654262e-02
2.868876687e-02
2.817195177e-02
2.777118456e-02
2.880026160e-02
2.701688105e-02
2.696990717e-02
2.727943962e-02
2.716572072e-02
2.802262577e-02
2.688372352e-02
2.792810430e-02
2.638969018e-02
2.718322214e-02
2.680634126e-02
2.679088573e-02
2.560064731e-02
2.593892917e-02
2.449994419e-02
2.509752549e-02
2.645000689e-02
2.535221089e-02
2.558266484e-02
2.615072529e-02
2.657202611e-02
2.592927255e-02
2.456186416e-02
2.599096888e-02
2.459124946e-02
2.461248489e-02
2.348462968e-02
2.424724530e-02
2.405747823e-02
2.580809275e-02
2.421863715e-02
2.252869363e-02
2.335503773e-02
2.287824555e-02
2.223276809e-02
2.291611088e-02
2.294858792e-02
2.319666631e-02
2.188455135e-02
2.353756162e-02
2.244180408e-02
2.232332654e-02
2.157346067e-02
2.147881000e-02
2.033875557e-02
2.162546221e-02
2.039049559e-02
2.022453301e-02
2.042588040e-02
1.944472068e-02
1.945832629e-02
1.912935680e-02
1.917203065e-02
1.971151502e-02
1.852391221e-02
1.932201018e-02
1.692139583e-02
1.826812758e-02
1.809854203e-02
1.943958447e-02
1.828077766e-02
1.968968800e-02
1.870884071e-02
1.877149147e-02
2.007933014e-02
1.892431040e-02
1.872937372e-02
1.938256061e-02
1.946186607e-02
1.943965372e-02
1.883862385e-02
2.012615582e-02
1.798763556e-02
1.864018550e-02
1.771836463e-02
1.759626576e-02
1.744700685e-02
1.976619448e-02
1.885025107e-02
1.858954856e-02
1.990432291e-02
1.904821128e-02
1.892277866e-02
1.881527479e-02
1.833663640e-02
1.727655587e-02
1.642709495e-02
1.745096796e-02
1.639221684e-02
1.692694097e-02
1.582066724e-02
1.579136925e-02
1.387777598e-02
1.571565552e-02
1.511802685e-02
1.434136429e-02
1.522598412e-02
1.413020122e-02
1.501601900e-02
1.624940260e-02
1.702851182e-02
1.808956090e-02
1.767077359e-02
1.943225646e-02
1.802577535e-02
1.860746488e-02
1.819761409e-02
1.806316078e-02
1.746130556e-02
1.891298788e-02
1.827407697e-02
1.830079072e-02
1.971801200e-02
1.852348452e-02
1.876403823e-02
1.898992186e-02
1.883252319e-02
1.879107556e-02
1.788477414e-02
1.990479622e-02
1.892633678e-02
1.934705687e-02
1.863028143e-02
1.962325817e-02
1.893724192e-02
2.018748815e-02
1.923310690e-02
1.944733534e-02
2.143276442e-02
2.144249657e-02
2.223046024e-02
2.326508438e-02
2.308817785e-02
2.295230085e-02
2.210049937e-02
2.434674180e-02
2.349286441e-02
2.437259585e-02
2.412948161e-02
2.497009319e-02
2.395046704e-02
2.601242777e-02
2.446228210e-02
2.386902571e-02
2.529091299e-02
2.470570074e-02
2.450421955e-02
2.453711059e-02
2.480813143e-02
2.577042061e-02
2.373863897e-02
2.429064816e-02
2.336955498e-02
2.484952058e-02
2.414697425e-02
2.425035218e-02
2.320726868e-02
2.538240924e-02
2.421890211e-02
2.320226283e-02
2.417343002e-02
2.338156271e-02
2.315280286e-02
2.291601975e-02
2.261422714e-02
2.301128145e-02
2.156060712e-02
2.311637298e-02
2.268148099e-02
2.370736321e-02
2.276442962e-02
2.249889448e-02
2.145888471e-02
2.335616430e-02
2.213606978e-02
2.209308947e-02
2.286798412e-02
2.210801302e-02
2.323614253e-02
2.379403462e-02
2.368321854e-02
2.346160659e-02
2.181878189e-02
2.379248355e-02
2.323327419e-02
2.348695626e-02
2.311447829e-02
2.400588304e-02
2.293054218e-02
2.438215521e-02
2.314785792e-02
2.243600692e-02
2.335650713e-02
2.173371301e-02
2.200839977e-02
2.263109593e-02
2.296838310e-02
2.293054198e-02
2.211795927e-02
2.360172065e-02
2.211408795e-02
2.271342151e-02
2.190115233e-02
2.210475645e-02
2.048214646e-02
2.165088204e-02
2.086258586e-02
2.056241918e-02
2.208405985e-02
2.108081883e-02
2.121596543e-02
2.113764037e-02
2.134214787e-02
2.160556737e-02
2.015174264e-02
2.178438875e-02
2.117916666e-02
2.193378791e-02
2.166318400e-02
2.285200323e-02
2.211217830e-02
2.333442467e-02
2.191090180e-02
2.149904887e-02
2.263435335e-02
2.105662908e-02
2.032124304e-02
1.988367383e-02
1.973040904e-02
1.928901813e-02
1.728713738e-02
1.804106949e-02
1.624908806e-02
