-1.020360592e-03
-8.863851800e-04
-8.434128640e-04
-8.972796516e-04
-9.995735543e-04
-1.042838514e-03
-8.942842970e-04
-8.495735675e-04
-9.163391524e-04
-9.491487418e-04
-1.006737123e-03
-9.102189658e-04
-9.846745248e-04
-9.516929035e-04
-9.161161370e-04
-8.867204443e-04
-1.013514029e-03
-9.330086230e-04
-7.842555964e-04
-8.656701775e-04
-9.036356789e-04
-8.828099256e-04
-8.472601573e-04
-9.043479318e-04
-9.291877779e-04
-1.016116985e-03
-9.137561515e-04
-6.935971309e-04
-7.926801671e-04
-8.257547926e-04
-6.916202455e-04
-7.063444530e-04
-6.785692593e-04
-6.642288052e-04
-8.148050439e-04
-8.432428624e-04
-8.079336566e-04
-7.837607929e-04
-8.027035564e-04
-6.654448574e-04
-5.426917578e-04
-5.905734536e-04
-5.529771838e-04
-4.203267038e-04
-2.497658462e-04
-2.913546129e-04
-2.813285913e-04
-3.619536733e-04
-3.136917963e-04
-3.092081381e-04
-2.689966378e-04
-1.172610741e-04
-2.004057553e-04
-3.043383551e-04
-3.810024912e-04
-2.842081284e-04
-2.234248950e-04
-1.961810109e-04
-2.520709238e-04
-3.689301759e-04
-1.539746729e-04
-9.685131348e-05
-1.462227655e-04
-2.138858042e-04
-3.049320263e-04
-3.280207817e-04
-3.773698207e-04
-4.803920685e-04
-4.148326608e-04
-3.026893200e-04
-3.631775237e-04
-3.779504480e-04
-3.434800209e-04
-2.720258623e-04
-2.122208396e-04
-2.579164045e-04
-2.580373618e-04
-2.942691312e-04
-1.921451847e-04
-1.974809934e-04
-1.273500094e-04
-2.062365187e-04
-1.383030417e-04
-3.131890970e-04
-2.837439546e-04
-2.805749221e-04
-1.542166904e-04
-2.656451272e-04
-3.475202041e-04
-2.359996911e-04
-2.515064953e-04
-2.158338610e-04
-1.467690378e-04
-1.795387263e-04
-1.430677863e-04
-1.802465126e-04
-8.876538488e-05
-1.093934115e-04
-3.714607805e-05
6.160733422e-05
1.120831706e-04
1.186412179e-05
1.302381778e-04
1.811466815e-04
1.310429049e-04
-8.088536088e-06
-1.014714775e-04
5.919049985e-05
2.186512121e-04
1.458936959e-04
1.427909348e-04
2.150988201e-04
2.295789873e-04
2.682192743e-04
2.432919770e-04
2.221631896e-04
1.342248108e-04
1.483644482e-04
1.245655056e-04
1.626737618e-04
2.847525765e-04
1.990280858e-04
2.433818776e-04
1.173734191e-04
6.659154630e-05
7.206676922e-05
7.306361353e-05
1.975687243e-04
1.474189517e-04
1.930033137e-04
2.826146680e-04
2.430982078e-04
1.794949900e-04
1.576729598e-04
3.319684848e-04
2.805406904e-04
3.584696975e-04
3.398140974e-04
3.456845527e-04
3.616745612e-04
4.609219011e-04
4.435795609e-04
4.398783507e-04
3.619972295e-04
4.949618101e-04
4.748371546e-04
4.946031514e-04
5.234375531e-04
5.344081522e-04
4.589336036e-04
5.007306800e-04
5.448852199e-04
4.762048840e-04
4.447411192e-04
4.623957766e-04
5.647963449e-04
6.469206267e-04
5.516791363e-04
6.893353006e-04
6.881795678e-04
5.739567483e-04
5.703883586e-04
5.448850587e-04
5.168880928e-04
5.308472674e-04
6.574552972e-04
5.814151703e-04
6.053650187e-04
5.718908043e-04
5.217456632e-04
5.324099902e-04
5.662651864e-04
5.581082872e-04
4.560388988e-04
3.123548268e-04
2.902553813e-04
3.854936696e-04
4.527552893e-04
3.651735609e-04
3.114649335e-04
3.751610072e-04
3.777481754e-04
4.066484827e-04
4.702479207e-04
2.951576656e-04
3.057893323e-04
3.653567399e-04
4.070898695e-04
3.469279459e-04
3.533579903e-04
2.281809064e-04
3.060070841e-04
3.313969850e-04
2.963790215e-04
2.341149847e-04
2.096391329e-04
3.216444025e-04
2.596462914e-04
2.964948399e-04
3.727230570e-04
4.181701846e-04
4.607658218e-04
6.109889104e-04
4.831288023e-04
4.656500206e-04
6.047631401e-04
6.862904020e-04
5.615621860e-04
5.569594459e-04
5.995781130e-04
5.357345441e-04
6.562452618e-04
5.422983688e-04
5.572982824e-04
6.270662465e-04
5.830485840e-04
6.485552952e-04
6.556708868e-04
7.022999974e-04
5.703235384e-04
6.681669203e-04
7.011249190e-04
6.231187429e-04
5.372191987e-04
6.105156060e-04
4.620631607e-04
5.939392726e-04
5.731713068e-04
5.582869369e-04
5.200966712e-04
4.409905707e-04
5.229161326e-04
5.449931346e-04
5.495030081e-04
4.807890446e-04
6.541588931e-04
6.265398851e-04
7.863772416e-04
5.812090082e-04
5.929362160e-04
5.671433021e-04
4.504066943e-04
4.186335589e-04
4.737267371e-04
3.853327344e-04
3.438694305e-04
2.753295356e-04
2.374832364e-04
2.117708793e-04
3.480715173e-04
1.838526280e-02
2.228028291e-01
9.239515160e-01
2.155620728e+00
3.602870910e+00
4.972788891e+00
6.163913457e+00
7.161901222e+00
7.991392797e+00
8.659636832e+00
9.170865320e+00
9.529577779e+00
9.756604950e+00
9.871923000e+00
9.896586418e+00
9.850045599e+00
9.750607550e+00
9.613277403e+00
9.448514246e+00
9.264815567e+00
9.070089877e+00
8.879051661e+00
8.725853420e+00
8.626324727e+00
8.566376590e+00
8.514440528e+00
8.454659859e+00
8.381468036e+00
8.295310800e+00
8.191711173e+00
8.071161119e+00
7.938655318e+00
7.795288414e+00
7.642158383e+00
7.483291551e+00
7.321274496e+00
7.155633842e+00
6.986439750e+00
6.817870370e+00
6.651065946e+00
6.487747708e+00
6.328372727e+00
6.176874884e+00
6.034083173e+00
5.900206855e+00
5.772850410e+00
5.649005679e+00
5.526725215e+00
5.406558496e+00
5.287897831e+00
5.169422763e+00
5.050875167e+00
4.933646924e+00
4.817630391e+00
4.703749950e+00
4.590307906e+00
4.478803639e+00
4.369073132e+00
4.262032385e+00
4.156962468e+00
4.054136623e+00
3.953619177e+00
3.855476789e+00
3.760397932e+00
3.667972348e+00
3.577637114e+00
3.489343411e+00
3.402440909e+00
3.317823331e+00
3.234218688e+00
3.152903702e+00
3.072604119e+00
2.994555937e+00
2.917947137e+00
2.843284873e+00
2.768836223e+00
2.695002400e+00
2.622935038e+00
2.553411348e+00
2.486463694e+00
2.421171666e+00
2.357241098e+00
2.295389331e+00
2.234655714e+00
2.175812001e+00
2.118287480e+00
2.063227259e+00
2.009330526e+00
1.957169726e+00
1.905936920e+00
1.856704666e+00
1.808310627e+00
1.761455837e+00
1.716010373e+00
1.671253428e+00
1.627875686e+00
1.585113431e+00
1.543302528e+00
1.502974119e+00
1.463437182e+00
1.426063622e+00
1.389058299e+00
1.353484458e+00
1.317924602e+00
1.283651818e+00
1.249213600e+00
1.215906331e+00
1.183090267e+00
1.151624087e+00
1.120973887e+00
1.090981066e+00
1.062134465e+00
1.033673988e+00
1.005667365e+00
9.789128562e-01
9.521865440e-01
9.267539834e-01
9.014231800e-01
8.775110194e-01
8.534591420e-01
8.304303767e-01
8.076414369e-01
7.856584133e-01
7.640048057e-01
7.432657860e-01
7.232539968e-01
7.034207679e-01
6.842481600e-01
6.652848460e-01
6.466834587e-01
6.288157960e-01
6.109690957e-01
5.945634855e-01
5.776997669e-01
5.621753596e-01
5.464325792e-01
5.316030502e-01
5.164655090e-01
5.024513392e-01
4.883591675e-01
4.750849064e-01
4.619409233e-01
4.489474156e-01
4.364621621e-01
4.239318687e-01
4.117681976e-01
4.007628809e-01
3.893713210e-01
3.791538114e-01
3.683622334e-01
3.586302270e-01
3.480917679e-01
3.386229705e-01
3.286611846e-01
3.196486682e-01
3.104130628e-01
3.017374576e-01
2.931404828e-01
2.845548272e-01
2.765144144e-01
2.684300320e-01
2.603626092e-01
2.527821689e-01
2.450096451e-01
2.378815830e-01
2.298926678e-01
2.231453918e-01
2.155527024e-01
2.090406260e-01
2.019129803e-01
1.958817079e-01
1.895367437e-01
1.839875290e-01
1.780085461e-01
1.716890797e-01
1.659616181e-01
1.600308683e-01
1.541858821e-01
1.489763471e-01
1.434681168e-01
1.387970736e-01
1.332768075e-01
1.287675308e-01
1.235033380e-01
1.193588385e-01
1.144978173e-01
1.104409033e-01
1.057542057e-01
1.016827248e-01
9.772164892e-02
9.346710578e-02
8.988155819e-02
8.623404508e-02
8.259347082e-02
7.933940449e-02
7.579752957e-02
7.291228019e-02
6.901823256e-02
6.617662468e-02
6.256029905e-02
5.963156221e-02
5.619246754e-02
5.351044120e-02
5.031007495e-02
4.745331920e-02
4.483553453e-02
4.189491063e-02
3.935627201e-02
3.683471443e-02
3.409249822e-02
3.179171847e-02
2.888096427e-02
2.687644768e-02
2.369123788e-02
2.162958083e-02
1.888426026e-02
1.709604763e-02
1.457626359e-02
1.272521108e-02
1.034795418e-02
8.326462765e-03
6.186397987e-03
3.873910922e-03
2.140343718e-03
1.740649994e-04
-1.726482133e-03
-3.380819382e-03
-5.376301488e-03
-6.681090691e-03
-8.799152869e-03
-1.017875141e-02
-1.210160155e-02
-1.331754704e-02
-1.539884593e-02
-1.672797029e-02
-1.867199847e-02
-2.008316583e-02
-2.159441738e-02
-2.322565015e-02
-2.424639520e-02
-2.559938109e-02
-2.703395324e-02
-2.801652082e-02
-2.974931922e-02
-3.060432791e-02
-3.227534625e-02
-3.303527545e-02
-3.463722659e-02
-3.543467376e-02
-3.684652897e-02
-3.758975240e-02
-3.884966080e-02
-3.979597467e-02
-4.083758001e-02
-4.200325055e-02
-4.270241796e-02
-4.388213855e-02
-4.515213015e-02
-4.600115037e-02
-4.736907078e-02
-4.795018667e-02
-4.948570389e-02
-4.992231019e-02
-5.113738513e-02
-5.163701381e-02
-5.299587705e-02
-5.351781497e-02
-5.475115270e-02
-5.546522909e-02
-5.638649566e-02
-5.761594801e-02
-5.814700593e-02
-5.894265060e-02
-5.998384884e-02
-6.070528565e-02
-6.172399116e-02
-6.197596932e-02
-6.307996247e-02
-6.350996944e-02
-6.464793732e-02
-6.492255241e-02
-6.591613458e-02
-6.647639167e-02
-6.749229918e-02
-6.789089017e-02
-6.831717466e-02
-6.907745354e-02
-6.919234252e-02
-6.997776563e-02
-7.081758665e-02
-7.108360086e-02
-7.184255275e-02
-7.219515010e-02
-7.341383081e-02
-7.343951434e-02
-7.436053545e-02
-7.469002537e-02
-7.565775206e-02
-7.574164695e-02
-7.663199947e-02
-7.703902460e-02
-7.736901134e-02
-7.820379165e-02
-7.874166368e-02
-7.943765720e-02
-8.012917545e-02
-8.051900785e-02
-8.133553490e-02
-8.149160657e-02
-8.265707733e-02
-8.264202603e-02
-8.337611055e-02
-8.355656982e-02
-8.459866206e-02
-8.478931141e-02
-8.549337576e-02
-8.592571851e-02
-8.643707678e-02
-8.708290084e-02
-8.715470165e-02
-8.762612197e-02
-8.810051490e-02
-8.835320295e-02
-8.899764893e-02
-8.885464329e-02
-8.977149337e-02
-8.981515553e-02
-9.073932590e-02
-9.067916293e-02
-9.155116909e-02
-9.152734107e-02
-9.220996694e-02
-9.232426786e-02
-9.259624078e-02
-9.303761075e-02
-9.315070953e-02
-9.371862540e-02
-9.418531494e-02
-9.424773527e-02
-9.511800884e-02
-9.500133937e-02
-9.573455905e-02
-9.569717653e-02
-9.645611926e-02
-9.646047260e-02
-9.715162158e-02
-9.732158676e-02
-9.793506818e-02
-9.816364619e-02
-9.862836983e-02
-9.929663690e-02
-9.935216990e-02
-9.983192404e-02
-1.004233917e-01
-1.005205245e-01
-1.011515097e-01
-1.009512500e-01
-1.016768626e-01
-1.014940637e-01
-1.023104628e-01
-1.022906981e-01
-1.029338439e-01
-1.028535349e-01
-1.034527050e-01
-1.035401879e-01
-1.037110910e-01
-1.043329467e-01
-1.041894435e-01
-1.044315642e-01
-1.048448321e-01
-1.048454704e-01
-1.053799154e-01
-1.052323322e-01
-1.060627213e-01
-1.059015384e-01
-1.064967392e-01
-1.064011776e-01
-1.068924046e-01
-1.069479508e-01
-1.074043965e-01
-1.073030784e-01
-1.075753202e-01
-1.082005138e-01
-1.082167293e-01
-1.085314888e-01
-1.090920565e-01
-1.092340082e-01
-1.099135756e-01
-1.097138316e-01
-1.105414022e-01
-1.103643635e-01
-1.109333559e-01
-1.107358937e-01
-1.112727327e-01
-1.112704378e-01
-1.118082832e-01
-1.117936718e-01
-1.119386724e-01
-1.125007293e-01
-1.125170420e-01
-1.127358013e-01
-1.130471217e-01
-1.130129646e-01
-1.135494158e-01
-1.132313229e-01
-1.138468252e-01
-1.136412326e-01
-1.143346460e-01
-1.142646904e-01
-1.148817639e-01
-1.145930299e-01
-1.150978308e-01
-1.152295314e-01
-1.153014539e-01
-1.156187819e-01
-1.156281660e-01
-1.158433784e-01
-1.161271305e-01
-1.160639694e-01
-1.165836721e-01
-1.164280422e-01
-1.171670347e-01
-1.169125829e-01
-1.174914183e-01
-1.172403773e-01
-1.177667445e-01
-1.175989314e-01
-1.181247316e-01
-1.181841498e-01
-1.182813823e-01
-1.187809317e-01
-1.186133563e-01
-1.189352249e-01
-1.193568314e-01
-1.192055661e-01
-1.197928751e-01
-1.194941339e-01
-1.200351217e-01
-1.197340604e-01
-1.203012964e-01
-1.200983848e-01
-1.207182943e-01
-1.205059220e-01
-1.209198837e-01
-1.208906438e-01
-1.210492802e-01
-1.214169762e-01
-1.214882029e-01
-1.214812934e-01
-1.217455547e-01
-1.217623675e-01
-1.223141096e-01
-1.220061015e-01
-1.226565661e-01
-1.224186505e-01
-1.229248558e-01
-1.227262563e-01
-1.233486326e-01
-1.231380762e-01
-1.236068015e-01
-1.234924601e-01
-1.235233511e-01
-1.239766728e-01
-1.239716925e-01
-1.242338463e-01
-1.246353398e-01
-1.245748070e-01
-1.250223433e-01
-1.246631260e-01
-1.253796345e-01
-1.249238011e-01
-1.255252689e-01
-1.253261971e-01
-1.258778175e-01
-1.255490982e-01
-1.259804100e-01
-1.260303029e-01
-1.259817041e-01
-1.263212472e-01
-1.262825189e-01
-1.265513726e-01
-1.267895045e-01
-1.267572452e-01
-1.272101743e-01
-1.268698725e-01
-1.274562869e-01
-1.271546582e-01
-1.277235840e-01
-1.274719110e-01
-1.279659746e-01
-1.276727555e-01
-1.280802593e-01
-1.281141459e-01
-1.283446528e-01
-1.287843180e-01
-1.284202431e-01
-1.285489825e-01
-1.290123786e-01
-1.291024568e-01
-1.295673809e-01
-1.292604984e-01
-1.298819337e-01
-1.295260632e-01
-1.299871807e-01
-1.298593135e-01
-1.304987290e-01
-1.302796040e-01
-1.307156548e-01
-1.306848638e-01
-1.308446006e-01
-1.312844812e-01
-1.312279219e-01
-1.314052545e-01
-1.316048831e-01
-1.315784045e-01
-1.320351744e-01
-1.315994210e-01
-1.323246660e-01
-1.320222643e-01
-1.324851330e-01
-1.322935399e-01
-1.326884698e-01
-1.325434433e-01
-1.329787703e-01
-1.329193577e-01
-1.329808562e-01
-1.333137558e-01
-1.332611852e-01
-1.334119822e-01
-1.335328919e-01
-1.334533646e-01
-1.338701636e-01
-1.334994196e-01
-1.340409452e-01
-1.337893355e-01
-1.343156839e-01
-1.340303732e-01
-1.346045649e-01
-1.344016715e-01
-1.348567613e-01
-1.347696665e-01
-1.349019170e-01
-1.353229716e-01
-1.352300517e-01
-1.354532248e-01
-1.358418749e-01
-1.357435976e-01
-1.361342853e-01
-1.358739392e-01
-1.365476828e-01
-1.362460848e-01
-1.366594122e-01
-1.363454498e-01
-1.369657008e-01
-1.367871261e-01
-1.372011852e-01
-1.369900434e-01
-1.371250967e-01
-1.375114894e-01
-1.374363269e-01
-1.375728502e-01
-1.377324222e-01
-1.377655078e-01
-1.379854770e-01
-1.375322998e-01
-1.382071462e-01
-1.380503716e-01
-1.384082084e-01
-1.380401758e-01
-1.385883328e-01
-1.383394321e-01
-1.387846374e-01
-1.387047023e-01
-1.387445345e-01
-1.390246099e-01
-1.389694381e-01
-1.392255716e-01
-1.395045195e-01
-1.394054855e-01
-1.399889109e-01
-1.395871471e-01
-1.402331201e-01
-1.400395305e-01
-1.406669543e-01
-1.402842615e-01
-1.409204342e-01
-1.407535737e-01
-1.410664968e-01
-1.409585284e-01
-1.410559647e-01
-1.415408629e-01
-1.413801725e-01
-1.416200130e-01
-1.419495327e-01
-1.417174428e-01
-1.422332604e-01
-1.419467047e-01
-1.425476710e-01
-1.420892433e-01
-1.425356362e-01
-1.422350029e-01
-1.427670476e-01
-1.426682231e-01
-1.429344295e-01
-1.428153104e-01
-1.428001481e-01
-1.431666559e-01
-1.430396435e-01
-1.431378591e-01
-1.433521522e-01
-1.433003920e-01
-1.437182597e-01
-1.433162436e-01
-1.438219337e-01
-1.434420508e-01
-1.440354306e-01
-1.438471869e-01
-1.443366745e-01
-1.440447586e-01
-1.445092561e-01
-1.444236755e-01
-1.445001628e-01
-1.447673220e-01
-1.446362222e-01
-1.448467341e-01
-1.451357827e-01
-1.449639876e-01
-1.451813276e-01
-1.449601062e-01
-1.456279991e-01
-1.452407162e-01
-1.456054105e-01
-1.452742853e-01
-1.457538413e-01
-1.454878133e-01
-1.458311386e-01
-1.457077602e-01
-1.457853841e-01
-1.460324269e-01
-1.459386779e-01
-1.460915590e-01
-1.463532635e-01
-1.461912075e-01
-1.465053344e-01
-1.460660315e-01
-1.468075335e-01
-1.463000234e-01
-1.466729461e-01
-1.463968960e-01
-1.469879120e-01
-1.465297642e-01
-1.470139562e-01
-1.468992828e-01
-1.468622624e-01
-1.472131051e-01
-1.470431399e-01
-1.471820923e-01
-1.474864544e-01
-1.473628449e-01
-1.476613026e-01
-1.471660876e-01
-1.479586367e-01
-1.477130904e-01
-1.481290181e-01
-1.479550779e-01
-1.484273697e-01
-1.480976972e-01
-1.483869491e-01
-1.481165380e-01
-1.480970340e-01
-1.485152051e-01
-1.483640611e-01
-1.485053108e-01
-1.487206334e-01
-1.486039943e-01
-1.490054720e-01
-1.485260697e-01
-1.492363276e-01
-1.488780427e-01
-1.492802801e-01
-1.489249437e-01
-1.494526823e-01
-1.492400720e-01
-1.495631148e-01
-1.495157789e-01
-1.494589065e-01
-1.497479644e-01
-1.496811333e-01
-1.497588409e-01
-1.498678312e-01
-1.496496721e-01
-1.499826177e-01
-1.495743660e-01
-1.502279061e-01
-1.499924509e-01
-1.502781573e-01
-1.498492984e-01
-1.502464991e-01
-1.500450147e-01
-1.504135689e-01
-1.502295549e-01
-1.502557393e-01
-1.504597150e-01
-1.503719532e-01
-1.504954265e-01
-1.508058969e-01
-1.506801217e-01
-1.509592489e-01
-1.506088048e-01
-1.513141682e-01
-1.508437679e-01
-1.512067475e-01
-1.509051116e-01
-1.515075084e-01
-1.512443856e-01
-1.515466975e-01
-1.514179412e-01
-1.514586672e-01
-1.516890827e-01
-1.515353766e-01
-1.516185594e-01
-1.517896208e-01
-1.516930045e-01
-1.519647032e-01
-1.516069362e-01
-1.520456462e-01
-1.514524533e-01
-1.518171650e-01
-1.514799410e-01
-1.519859565e-01
-1.516143712e-01
-1.519443423e-01
-1.518511802e-01
-1.517970245e-01
-1.521340614e-01
-1.519058972e-01
-1.519406162e-01
-1.521908160e-01
-1.519711452e-01
-1.522193764e-01
-1.517612181e-01
-1.523177958e-01
-1.519720136e-01
-1.522181544e-01
-1.519762603e-01
-1.523038898e-01
-1.520045414e-01
-1.522804119e-01
-1.521821331e-01
-1.522152067e-01
-1.523825186e-01
-1.521180919e-01
-1.522736560e-01
-1.525913873e-01
-1.524182223e-01
-1.526771231e-01
-1.522864520e-01
-1.528411548e-01
-1.523816079e-01
-1.526201842e-01
-1.522895584e-01
-1.527549894e-01
-1.525133915e-01
-1.527029567e-01
-1.525346147e-01
-1.524956689e-01
-1.528689206e-01
-1.525882011e-01
-1.527260968e-01
-1.528404425e-01
-1.526872879e-01
-1.529843381e-01
-1.526039235e-01
-1.532321911e-01
