-7.914796476e-04
-6.781432954e-04
-6.069853686e-04
-5.946746683e-04
-6.278736991e-04
-5.464557652e-04
-4.678418104e-04
-4.565864499e-04
-4.236957191e-04
-4.327451214e-04
-3.445705030e-04
-3.811791099e-04
-4.751165165e-04
-3.912589612e-04
-3.014359221e-04
-3.052847483e-04
-2.939740865e-04
-2.762359641e-04
-2.461599853e-04
-1.999211023e-04
-2.655587491e-04
-2.337064941e-04
-1.972656798e-04
-2.361138934e-04
-2.346333665e-04
-3.450794011e-04
-2.646853450e-04
-2.052002401e-04
-2.530793124e-04
-2.901959211e-04
-1.826257171e-04
-1.121095557e-04
-1.645372533e-04
-2.748437814e-04
-3.615457556e-04
-2.926510850e-04
-2.307632021e-04
-2.457130720e-04
-2.428926222e-04
-2.000767501e-04
-2.433672136e-04
-2.969944913e-04
-2.975414029e-04
-2.661164021e-04
-2.153164360e-04
-2.519979821e-04
-2.787058992e-04
-2.744314352e-04
-3.275117422e-04
-3.651377311e-04
-3.559926684e-04
-3.638493252e-04
-3.361136213e-04
-4.556249396e-04
-4.829303007e-04
-4.952493684e-04
-4.604803844e-04
-4.281173467e-04
-5.908235470e-04
-5.583310496e-04
-5.754186128e-04
-4.450349798e-04
-4.336372010e-04
-4.358743249e-04
-3.657327957e-04
-5.264049855e-04
-5.333288050e-04
-5.354403647e-04
-4.607873045e-04
-4.199648861e-04
-5.006115038e-04
-4.535255507e-04
-4.648229088e-04
-3.829813860e-04
-4.225682216e-04
-4.912034950e-04
-4.714561565e-04
-4.533364178e-04
-3.831726309e-04
-3.832284176e-04
-3.679047745e-04
-3.864969815e-04
-3.580588984e-04
-3.912200989e-04
-4.386796933e-04
-3.587015162e-04
-2.844071144e-04
-3.486443407e-04
-3.263031858e-04
-3.087447854e-04
-2.542089747e-04
-3.528893197e-04
-2.550823112e-04
-2.632360491e-04
-1.398284307e-04
-1.584298136e-04
-2.081188537e-04
-1.785089035e-04
-1.928290568e-04
-1.865189179e-04
-1.846258891e-04
-1.039853379e-04
-9.925338456e-05
-9.035551091e-05
-7.479049978e-05
-9.605497937e-05
1.815625146e-05
1.207229008e-04
1.320618132e-04
5.274774162e-05
9.779244747e-05
5.789830397e-05
3.823493696e-05
4.861366934e-05
1.087914592e-04
1.493027868e-04
1.755658341e-04
1.464211037e-04
4.027494608e-05
1.078149687e-04
1.804283182e-04
8.625256371e-05
1.327408008e-04
7.531825126e-05
7.586221557e-05
6.971601223e-05
1.301298656e-04
1.486504542e-04
1.345210061e-04
2.167150016e-04
1.527245533e-04
1.220622037e-04
1.027578002e-04
1.335163825e-04
2.271012308e-04
2.046131784e-04
1.455379750e-04
1.156365856e-04
1.609074480e-04
1.668774619e-04
3.373139015e-04
2.928504008e-04
1.465662819e-04
1.107263484e-04
1.403744268e-04
2.199817209e-04
2.172962884e-04
2.107049707e-04
1.635592314e-04
1.861027866e-04
2.744321900e-04
3.270665396e-04
2.881596347e-04
2.317550490e-04
1.825145430e-04
1.414557854e-04
1.120821650e-04
9.085936975e-05
1.397525422e-04
1.405287951e-04
9.895063659e-05
3.781344539e-05
2.978094772e-05
-4.341110332e-05
-1.125718521e-04
7.763858774e-05
1.520291661e-04
1.526039667e-04
5.926033366e-05
1.374979244e-04
1.910923536e-04
2.522258111e-04
2.224380603e-04
1.707839096e-04
2.745630120e-04
2.388723295e-04
3.615078671e-04
4.323805538e-04
4.738963285e-04
4.451434033e-04
4.016385299e-04
3.690125367e-04
5.025048648e-04
5.148578356e-04
5.290207778e-04
5.410020172e-04
4.916396503e-04
5.695941209e-04
5.612353519e-04
5.779509830e-04
5.488744770e-04
4.876404135e-04
5.145538719e-04
6.218425174e-04
6.019859056e-04
6.145515816e-04
7.149808041e-04
7.269208228e-04
6.428365480e-04
7.928175185e-04
7.671932484e-04
6.553402993e-04
7.233676297e-04
6.570599553e-04
5.530196194e-04
7.572254561e-04
7.558974039e-04
6.168956074e-04
6.555316062e-04
6.841455531e-04
6.591525844e-04
6.022054352e-04
6.386541756e-04
6.335117045e-04
6.287096625e-04
6.416090032e-04
7.010123941e-04
8.428820081e-04
7.762319089e-04
8.061033413e-04
7.736749856e-04
7.601207390e-04
7.077137333e-04
6.730503737e-04
6.216590651e-04
4.652203731e-04
4.333669157e-04
4.796085897e-04
4.946245403e-04
4.208892771e-04
3.825783866e-04
3.573111414e-04
5.204499443e-04
5.103435780e-04
4.802238555e-04
4.691579662e-04
6.008151485e-04
5.707338965e-04
4.861250418e-04
5.092197661e-04
3.648002187e-04
2.563375923e-04
1.782969310e-04
2.209876158e-04
8.519051992e-05
-2.051087587e-05
-6.759263560e-05
-1.405643325e-04
-1.388752169e-04
-9.208024587e-05
1.182640021e-02
1.841683422e-01
8.604480540e-01
2.107641658e+00
3.606528163e+00
5.042414610e+00
6.290255995e+00
7.332474432e+00
8.195509283e+00
8.883264103e+00
9.397942269e+00
9.745893350e+00
9.950787228e+00
1.003712177e+01
1.002920163e+01
9.949219140e+00
9.815657579e+00
9.644868107e+00
9.448911544e+00
9.237356602e+00
9.018760682e+00
8.798358709e+00
8.599174849e+00
8.450912666e+00
8.356442263e+00
8.287045871e+00
8.221798281e+00
8.149053022e+00
8.067506466e+00
7.970538477e+00
7.857142625e+00
7.731061846e+00
7.591987566e+00
7.441622320e+00
7.284490474e+00
7.122142286e+00
6.955860531e+00
6.785041641e+00
6.615502986e+00
6.447091987e+00
6.282820784e+00
6.122100207e+00
5.967367788e+00
5.818152804e+00
5.679086265e+00
5.548258504e+00
5.422611796e+00
5.300630777e+00
5.181460795e+00
5.064474104e+00
4.948400483e+00
4.832169785e+00
4.717233197e+00
4.602490504e+00
4.490365597e+00
4.377961539e+00
4.267935608e+00
4.159443496e+00
4.054317870e+00
3.950742238e+00
3.850573904e+00
3.752594116e+00
3.656616605e+00
3.564026551e+00
3.474022627e+00
3.386451627e+00
3.301637821e+00
3.218748689e+00
3.138718713e+00
3.059425827e+00
2.983448829e+00
2.908440897e+00
2.836096114e+00
2.765082386e+00
2.696474339e+00
2.627625369e+00
2.560218946e+00
2.493947097e+00
2.429265992e+00
2.367322756e+00
2.306751984e+00
2.247670608e+00
2.190652167e+00
2.134734945e+00
2.080774384e+00
2.027103358e+00
1.976135164e+00
1.925752267e+00
1.877239955e+00
1.829233230e+00
1.783458520e+00
1.737627035e+00
1.694121684e+00
1.651594548e+00
1.609382595e+00
1.568983066e+00
1.529205125e+00
1.490295874e+00
1.452734955e+00
1.415935833e+00
1.380934577e+00
1.345529261e+00
1.312052657e+00
1.278547502e+00
1.246519627e+00
1.214449693e+00
1.184002553e+00
1.153506607e+00
1.124880667e+00
1.096887638e+00
1.069216343e+00
1.042886208e+00
1.017051408e+00
9.916678330e-01
9.672481373e-01
9.427972559e-01
9.198676788e-01
8.963846921e-01
8.749995923e-01
8.530777174e-01
8.326768810e-01
8.119473873e-01
7.926487681e-01
7.727313288e-01
7.542682942e-01
7.360456563e-01
7.177365150e-01
7.005801809e-01
6.835920291e-01
6.668740927e-01
6.508481945e-01
6.348541037e-01
6.202110973e-01
6.046227137e-01
5.906603493e-01
5.760917686e-01
5.626140791e-01
5.485428517e-01
5.358473730e-01
5.224392799e-01
5.102163688e-01
4.980391560e-01
4.856549877e-01
4.743565371e-01
4.627598984e-01
4.514611398e-01
4.409183181e-01
4.300851676e-01
4.204301885e-01
4.095993916e-01
4.004238060e-01
3.903054902e-01
3.815418157e-01
3.719993513e-01
3.636816867e-01
3.544036902e-01
3.465174919e-01
3.384230237e-01
3.298792337e-01
3.225521669e-01
3.149641940e-01
3.073349101e-01
3.002838848e-01
2.929082319e-01
2.866262093e-01
2.789806896e-01
2.732096780e-01
2.662165161e-01
2.604688823e-01
2.538128426e-01
2.485382972e-01
2.421076747e-01
2.370175948e-01
2.315276195e-01
2.253878630e-01
2.204049295e-01
2.150372924e-01
2.097715388e-01
2.050585361e-01
1.999814331e-01
1.959163232e-01
1.903542278e-01
1.864131643e-01
1.813118701e-01
1.774062605e-01
1.725930973e-01
1.689312123e-01
1.640060612e-01
1.604234890e-01
1.565360882e-01
1.521141133e-01
1.487273586e-01
1.450127387e-01
1.411403688e-01
1.377350797e-01
1.338273234e-01
1.310154984e-01
1.266734935e-01
1.240272914e-01
1.201654501e-01
1.172788722e-01
1.136172439e-01
1.112697924e-01
1.075494287e-01
1.050111747e-01
1.022907508e-01
9.897821455e-02
9.673874020e-02
9.398663630e-02
9.128864234e-02
8.890539337e-02
8.606059646e-02
8.431988697e-02
8.092290664e-02
7.923846439e-02
7.640259970e-02
7.463507639e-02
7.190902739e-02
7.019354217e-02
6.735063394e-02
6.559910902e-02
6.352114955e-02
6.093108194e-02
5.925359018e-02
5.717195218e-02
5.510146692e-02
5.350272075e-02
5.128711770e-02
5.002614997e-02
4.730903312e-02
4.611781617e-02
4.382024598e-02
4.247127154e-02
4.024767963e-02
3.894612007e-02
3.651318724e-02
3.527073784e-02
3.371651719e-02
3.157589260e-02
3.032887091e-02
2.880598076e-02
2.718225503e-02
2.581210180e-02
2.388770768e-02
2.299136205e-02
2.074656816e-02
1.998275146e-02
1.804536810e-02
1.709181183e-02
1.524618865e-02
1.443217910e-02
1.248013948e-02
1.151674744e-02
1.031706364e-02
8.546371350e-03
7.696075884e-03
6.247043716e-03
4.740600696e-03
3.723109403e-03
2.297143625e-03
1.765981004e-03
-1.764756343e-04
-5.997686212e-04
-2.243465758e-03
-2.867722984e-03
-4.509514574e-03
-4.875248968e-03
-6.634533955e-03
-7.311096042e-03
-8.323034795e-03
-9.970590722e-03
-1.062291270e-02
-1.156506957e-02
-1.279466017e-02
-1.370476378e-02
-1.497683991e-02
-1.526425420e-02
-1.716845509e-02
-1.751381638e-02
-1.892340225e-02
-1.928598300e-02
-2.062458012e-02
-2.100153596e-02
-2.258794476e-02
-2.306498886e-02
-2.372367334e-02
-2.503048859e-02
-2.550836525e-02
-2.639649443e-02
-2.744320247e-02
-2.814215778e-02
-2.927915796e-02
-2.954846480e-02
-3.115461351e-02
-3.122417495e-02
-3.250295753e-02
-3.291593949e-02
-3.416880546e-02
-3.429918440e-02
-3.576219760e-02
-3.612584453e-02
-3.668912052e-02
-3.794819259e-02
-3.838120596e-02
-3.910028951e-02
-4.005790169e-02
-4.060922871e-02
-4.166638362e-02
-4.168255835e-02
-4.326977744e-02
-4.331971562e-02
-4.451339185e-02
-4.486740613e-02
-4.611271652e-02
-4.611922940e-02
-4.741799904e-02
-4.771667058e-02
-4.837692070e-02
-4.946280239e-02
-4.966673209e-02
-5.031880542e-02
-5.108995930e-02
-5.148878955e-02
-5.248833495e-02
-5.241890552e-02
-5.380796971e-02
-5.391427227e-02
-5.505627571e-02
-5.514506777e-02
-5.625830406e-02
-5.628711729e-02
-5.738071105e-02
-5.762732575e-02
-5.807197029e-02
-5.912438347e-02
-5.927068102e-02
-5.990695668e-02
-6.053021317e-02
-6.081385512e-02
-6.181624436e-02
-6.173191511e-02
-6.302452225e-02
-6.285400125e-02
-6.390139000e-02
-6.393748108e-02
-6.493992602e-02
-6.497911518e-02
-6.613703624e-02
-6.638279926e-02
-6.680068679e-02
-6.781058555e-02
-6.792204023e-02
-6.846351647e-02
-6.918706053e-02
-6.942490865e-02
-7.024697280e-02
-7.020833134e-02
-7.145677362e-02
-7.128248279e-02
-7.223616700e-02
-7.222841938e-02
-7.314689710e-02
-7.296700542e-02
-7.404068610e-02
-7.414455718e-02
-7.446403279e-02
-7.541210689e-02
-7.548669361e-02
-7.593599407e-02
-7.658514985e-02
-7.686922899e-02
-7.762714456e-02
-7.736703282e-02
-7.860887139e-02
-7.835775085e-02
-7.937123110e-02
-7.924642243e-02
-8.013165524e-02
-8.003916326e-02
-8.110370404e-02
-8.097368097e-02
-8.129173661e-02
-8.231092916e-02
-8.232246295e-02
-8.272530290e-02
-8.325409297e-02
-8.361153477e-02
-8.429822129e-02
-8.408336922e-02
-8.529599254e-02
-8.512721049e-02
-8.606688200e-02
-8.591518786e-02
-8.684340186e-02
-8.673062836e-02
-8.781285543e-02
-8.779919184e-02
-8.803507604e-02
-8.885970700e-02
-8.896273709e-02
-8.929829671e-02
-8.977802359e-02
-8.987142261e-02
-9.066124691e-02
-9.044136894e-02
-9.157667617e-02
-9.128449828e-02
-9.218450781e-02
-9.195181059e-02
-9.281880087e-02
-9.257594143e-02
-9.351846183e-02
-9.346706221e-02
-9.362628843e-02
-9.446763171e-02
-9.448894327e-02
-9.486848937e-02
-9.533139230e-02
-9.545340174e-02
-9.608863357e-02
-9.584499773e-02
-9.700712336e-02
-9.662689476e-02
-9.736663649e-02
-9.723377887e-02
-9.810727234e-02
-9.792122154e-02
-9.885116810e-02
-9.893674020e-02
-9.907902155e-02
-9.990645331e-02
-9.984453133e-02
-1.002363535e-01
-1.007323695e-01
-1.007772323e-01
-1.014566312e-01
-1.012162946e-01
-1.023213421e-01
-1.019203636e-01
-1.027260841e-01
-1.025981647e-01
-1.033823010e-01
-1.030940645e-01
-1.039176932e-01
-1.039049231e-01
-1.039680333e-01
-1.047192366e-01
-1.046831693e-01
-1.049553533e-01
-1.054413527e-01
-1.055831505e-01
-1.062328807e-01
-1.058180834e-01
-1.069075424e-01
-1.065947277e-01
-1.074556772e-01
-1.073369853e-01
-1.081191719e-01
-1.078196239e-01
-1.088218348e-01
-1.088054635e-01
-1.089746606e-01
-1.097188152e-01
-1.096598591e-01
-1.100539571e-01
-1.104604507e-01
-1.105192532e-01
-1.110790293e-01
-1.107675126e-01
-1.118026221e-01
-1.113708355e-01
-1.122094840e-01
-1.120532107e-01
-1.128056679e-01
-1.124612290e-01
-1.133627334e-01
-1.132820022e-01
-1.134436434e-01
-1.141446386e-01
-1.139679265e-01
-1.142688483e-01
-1.147775597e-01
-1.148555589e-01
-1.155395175e-01
-1.151630244e-01
-1.162456406e-01
-1.158527943e-01
-1.166590546e-01
-1.164749095e-01
-1.172160148e-01
-1.168830403e-01
-1.177053631e-01
-1.176351234e-01
-1.178252513e-01
-1.185402911e-01
-1.184082981e-01
-1.186563932e-01
-1.190236486e-01
-1.190356844e-01
-1.196081438e-01
-1.192073450e-01
-1.202756421e-01
-1.198994084e-01
-1.206945226e-01
-1.205457856e-01
-1.212400266e-01
-1.208942508e-01
-1.218180693e-01
-1.218305997e-01
-1.218949943e-01
-1.225906298e-01
-1.223466084e-01
-1.225806957e-01
-1.230522855e-01
-1.230736376e-01
-1.235956905e-01
-1.231366107e-01
-1.240676602e-01
-1.236450530e-01
-1.244049934e-01
-1.241257645e-01
-1.247727211e-01
-1.244192819e-01
-1.253284020e-01
-1.251606354e-01
-1.251621004e-01
-1.258763393e-01
-1.258617831e-01
-1.261381478e-01
-1.264312041e-01
-1.263904702e-01
-1.269732394e-01
-1.265879911e-01
-1.276044646e-01
-1.272828557e-01
-1.280508186e-01
-1.278103234e-01
-1.284711961e-01
-1.281105371e-01
-1.289887911e-01
-1.287736850e-01
-1.287204757e-01
-1.293187336e-01
-1.292241595e-01
-1.294351488e-01
-1.298146752e-01
-1.297460768e-01
-1.301296085e-01
-1.297386350e-01
-1.308404864e-01
-1.302864241e-01
-1.309984670e-01
-1.307404654e-01
-1.313336368e-01
-1.309696473e-01
-1.317432926e-01
-1.315959348e-01
-1.316612405e-01
-1.323649255e-01
-1.322313605e-01
-1.323381136e-01
-1.326210990e-01
-1.326818599e-01
-1.330720886e-01
-1.324986069e-01
-1.335866560e-01
-1.331381812e-01
-1.337384504e-01
-1.335148238e-01
-1.341255797e-01
-1.337200864e-01
-1.343898832e-01
-1.342996654e-01
-1.342622490e-01
-1.348250852e-01
-1.347199142e-01
-1.349275666e-01
-1.352489468e-01
-1.352781717e-01
-1.358001225e-01
-1.353996036e-01
-1.363978156e-01
-1.359749774e-01
-1.366873945e-01
-1.363860486e-01
-1.372670695e-01
-1.367677286e-01
-1.377256773e-01
-1.374652269e-01
-1.375353992e-01
-1.380968101e-01
-1.379459543e-01
-1.380531007e-01
-1.383140266e-01
-1.383094899e-01
-1.388423626e-01
-1.384438204e-01
-1.393340994e-01
-1.387214271e-01
-1.393783088e-01
-1.390890615e-01
-1.397057756e-01
-1.392737617e-01
-1.400232707e-01
-1.397898010e-01
-1.398101726e-01
-1.404153070e-01
-1.401495547e-01
-1.403426600e-01
-1.405480526e-01
-1.404611941e-01
-1.408874183e-01
-1.404987440e-01
-1.413876502e-01
-1.408277138e-01
-1.415738683e-01
-1.411798500e-01
-1.417480757e-01
-1.413271951e-01
-1.421260146e-01
-1.419542715e-01
-1.419958754e-01
-1.425340625e-01
-1.422821587e-01
-1.424641809e-01
-1.428115183e-01
-1.427813775e-01
-1.432372593e-01
-1.426949028e-01
-1.436177031e-01
-1.431321218e-01
-1.437043353e-01
-1.433962075e-01
-1.440130263e-01
-1.435381780e-01
-1.442513100e-01
-1.439464908e-01
-1.439101173e-01
-1.446025068e-01
-1.443723293e-01
-1.443814777e-01
-1.447049107e-01
-1.445856599e-01
-1.449971058e-01
-1.445170389e-01
-1.454871451e-01
-1.448572402e-01
-1.454030274e-01
-1.450260620e-01
-1.456209146e-01
-1.450366558e-01
-1.457912883e-01
-1.454581267e-01
-1.454143342e-01
-1.460099230e-01
-1.457950130e-01
-1.458584411e-01
-1.461489570e-01
-1.460775218e-01
-1.464918865e-01
-1.458931312e-01
-1.467974754e-01
-1.462773493e-01
-1.469525842e-01
-1.464736189e-01
-1.470646632e-01
-1.465680055e-01
-1.471905224e-01
-1.468769022e-01
-1.467642348e-01
-1.473356067e-01
-1.470224675e-01
-1.472802317e-01
-1.475010395e-01
-1.474165310e-01
-1.478648391e-01
-1.473614637e-01
-1.482959431e-01
-1.477556202e-01
-1.483512153e-01
-1.479449090e-01
-1.485292552e-01
-1.480442916e-01
-1.488371484e-01
-1.485773072e-01
-1.484094680e-01
-1.488554452e-01
-1.485222340e-01
-1.485934153e-01
-1.488932238e-01
-1.487155677e-01
-1.491061611e-01
-1.484722888e-01
-1.494057342e-01
-1.488871624e-01
-1.494712468e-01
-1.490959529e-01
-1.495915367e-01
-1.491777198e-01
-1.499809228e-01
-1.496914533e-01
-1.496238046e-01
-1.501425323e-01
-1.498843778e-01
-1.500731633e-01
-1.504058496e-01
-1.502068060e-01
-1.506460247e-01
-1.501201587e-01
-1.509977299e-01
-1.504065244e-01
-1.509300175e-01
-1.504787689e-01
-1.511239957e-01
-1.506570915e-01
-1.513620134e-01
-1.509898740e-01
-1.509536482e-01
-1.514090755e-01
-1.510639101e-01
-1.511740926e-01
-1.513649895e-01
-1.511243505e-01
-1.516205567e-01
-1.510323527e-01
-1.518358182e-01
-1.512048635e-01
-1.518546135e-01
-1.515441065e-01
-1.520160474e-01
-1.514136812e-01
-1.520707898e-01
-1.517764932e-01
-1.517751190e-01
-1.523524667e-01
-1.519716614e-01
-1.520386831e-01
-1.523311624e-01
-1.521408336e-01
-1.524834038e-01
-1.519427539e-01
-1.527345803e-01
-1.521790503e-01
-1.527435381e-01
-1.523021953e-01
-1.527116872e-01
-1.520712572e-01
-1.527740467e-01
-1.525405763e-01
-1.525861528e-01
-1.529862997e-01
-1.527709890e-01
-1.528857155e-01
-1.530585663e-01
-1.528483188e-01
-1.532376164e-01
-1.526868823e-01
-1.535742080e-01
-1.530112344e-01
-1.535458386e-01
-1.530660229e-01
-1.535902528e-01
-1.531356899e-01
-1.536265058e-01
-1.532357505e-01
-1.531475664e-01
-1.537818088e-01
-1.533811126e-01
-1.534297458e-01
-1.536758569e-01
-1.533966553e-01
-1.538369451e-01
-1.532552980e-01
-1.541087928e-01
