-1.997193244e-02
-1.736810231e-02
-1.725292533e-02
-1.785966275e-02
-1.658286017e-02
-1.625097208e-02
-1.873978588e-02
-2.279128337e-02
-2.608338946e-02
-2.469272966e-02
-2.578281294e-02
-2.760598343e-02
-2.880012232e-02
-2.738027649e-02
-2.632204193e-02
-2.595989844e-02
-2.863746830e-02
-3.173045083e-02
-3.059592151e-02
-2.717897291e-02
-2.492128836e-02
-2.324071246e-02
-2.411621106e-02
-2.418103151e-02
-2.302775437e-02
-2.340770988e-02
-2.637561584e-02
-2.499881901e-02
-2.329633984e-02
-1.981138778e-02
-1.845808752e-02
-1.593279681e-02
-1.481124472e-02
-1.375612721e-02
-1.444801157e-02
-1.454409707e-02
-1.422076996e-02
-1.583840543e-02
-1.476213378e-02
-1.443039374e-02
-1.782160512e-02
-2.099795977e-02
-1.881320405e-02
-1.633102404e-02
-1.616331753e-02
-1.691276733e-02
-1.726888217e-02
-1.965538061e-02
-2.202087086e-02
-2.460906812e-02
-2.630442181e-02
-2.614111887e-02
-2.520505457e-02
-2.595527913e-02
-2.778982494e-02
-2.977659502e-02
-3.412290718e-02
-3.630359386e-02
-3.653378566e-02
-3.766021461e-02
-3.576093692e-02
-3.375668548e-02
-3.184140169e-02
-2.843809943e-02
-2.808185631e-02
-3.052927690e-02
-3.437684666e-02
-3.485001680e-02
-3.128624960e-02
-3.188956922e-02
-3.297408328e-02
-3.487649373e-02
-3.496190112e-02
-3.435010032e-02
-3.356921903e-02
-3.230373709e-02
-2.937610025e-02
-2.888591583e-02
-3.005418597e-02
-3.166152764e-02
-3.438870279e-02
-3.531472245e-02
-3.432280736e-02
-3.558275292e-02
-3.756659186e-02
-3.896602734e-02
-3.921642259e-02
-3.790449316e-02
-3.346444358e-02
-3.266284964e-02
-3.377554142e-02
-3.590199493e-02
-3.632267427e-02
-3.909401224e-02
-3.985339850e-02
-4.093639800e-02
-4.089965194e-02
-3.894427601e-02
-3.725444698e-02
-3.515289368e-02
-3.690655068e-02
-3.939359456e-02
-4.031466517e-02
-3.830197511e-02
-3.674136121e-02
-3.735645079e-02
-3.449022170e-02
-3.401207609e-02
-3.309783891e-02
-3.300069099e-02
-3.177929117e-02
-2.962843161e-02
-2.674833822e-02
-2.692276083e-02
-2.902578332e-02
-3.037581514e-02
-3.372849453e-02
-3.426938681e-02
-3.281667744e-02
-3.222941497e-02
-3.280322260e-02
-3.348597026e-02
-3.316057932e-02
-3.149620982e-02
-3.043496905e-02
-2.814554217e-02
-2.780099710e-02
-2.661894638e-02
-2.684276360e-02
-2.782971763e-02
-2.749008000e-02
-2.683619528e-02
-2.876656336e-02
-3.080199446e-02
-3.148178641e-02
-3.006086671e-02
-3.095433190e-02
-3.164782059e-02
-3.013010043e-02
-2.685509962e-02
-2.541221602e-02
-2.646246398e-02
-2.754944432e-02
-2.759241170e-02
-2.485165361e-02
-2.294356585e-02
-2.219493414e-02
-2.357431633e-02
-2.249815349e-02
-2.251765600e-02
-2.309189315e-02
-2.438295838e-02
-2.365887101e-02
-2.204147234e-02
-2.023146019e-02
-1.979290264e-02
-2.024971919e-02
-2.271723071e-02
-2.244971709e-02
-2.342287348e-02
-2.666922841e-02
-2.584258556e-02
-2.394185083e-02
-2.235466496e-02
-2.034050273e-02
-1.825588704e-02
-1.924423681e-02
-1.689228082e-02
-1.536103357e-02
-1.639099610e-02
-1.920993863e-02
-1.853848243e-02
-1.806136894e-02
-1.803246725e-02
-1.871031739e-02
-1.971719398e-02
-1.967823932e-02
-2.050600968e-02
-2.132526742e-02
-2.331218754e-02
-2.440108461e-02
-2.132418463e-02
-1.947636468e-02
-1.697735709e-02
-1.602539955e-02
-1.649741031e-02
-1.674308734e-02
-2.129963679e-02
-2.326322543e-02
-2.306704487e-02
-2.591352102e-02
-2.910271536e-02
-2.770337543e-02
-2.466796788e-02
-2.120980863e-02
-2.105216136e-02
-2.167143749e-02
-2.108027785e-02
-2.110701994e-02
-1.969618229e-02
-1.906105933e-02
-2.034634003e-02
-2.086056394e-02
-1.926445769e-02
-1.755894382e-02
-1.466706945e-02
-1.505095296e-02
-1.649189568e-02
-1.766277807e-02
-1.750129530e-02
-1.524188896e-02
-1.353936361e-02
-1.621137500e-02
-1.868318712e-02
-1.836507755e-02
-1.617206545e-02
-1.721544105e-02
-1.991035790e-02
-2.223279664e-02
-2.324536561e-02
-2.407665437e-02
-2.451763000e-02
-2.379159968e-02
-2.316558315e-02
-2.450463859e-02
-2.553053265e-02
-2.509744713e-02
-2.599829140e-02
-2.770154144e-02
-2.762224223e-02
-2.923393613e-02
-3.054369942e-02
-2.879600506e-02
-2.870243917e-02
-2.942605412e-02
-2.862274509e-02
-2.702457108e-02
-2.858883219e-02
-2.872980679e-02
-2.895877869e-02
-2.818920225e-02
-2.798591260e-02
-2.736001707e-02
-2.917358149e-02
-2.914394909e-02
-2.604709068e-02
-2.514613989e-02
-2.648163323e-02
-2.884099720e-02
-2.737701162e-02
8.061903518e-02
6.347581923e-01
2.407185042e+00
5.808697185e+00
1.003307344e+01
1.400470943e+01
1.709512595e+01
1.918598735e+01
2.038241744e+01
2.086438370e+01
2.081874475e+01
2.040089616e+01
1.976331786e+01
1.901804185e+01
1.825134532e+01
1.752546024e+01
1.686767012e+01
1.628422019e+01
1.577436461e+01
1.532194308e+01
1.492540733e+01
1.456721125e+01
1.424613258e+01
1.394560723e+01
1.366279909e+01
1.339146626e+01
1.313442293e+01
1.286961225e+01
1.261022804e+01
1.237230601e+01
1.213562042e+01
1.190555403e+01
1.167556944e+01
1.144382403e+01
1.121239182e+01
1.098373235e+01
1.075991551e+01
1.053703443e+01
1.032665593e+01
1.012045411e+01
9.923091446e+00
9.725098785e+00
9.534345152e+00
9.346491622e+00
9.165567590e+00
8.985691052e+00
8.804396376e+00
8.628636779e+00
8.454840953e+00
8.285912901e+00
8.120725413e+00
7.957925043e+00
7.796174227e+00
7.634435613e+00
7.485375570e+00
7.337531793e+00
7.190475554e+00
7.042628164e+00
6.894915018e+00
6.743049416e+00
6.592671876e+00
6.445912482e+00
6.298455913e+00
6.157015116e+00
6.019513308e+00
5.887239637e+00
5.757602186e+00
5.629804343e+00
5.508267132e+00
5.382119761e+00
5.262259039e+00
5.141303023e+00
5.025230615e+00
4.911932209e+00
4.805061057e+00
4.699813698e+00
4.598600001e+00
4.499892286e+00
4.404586144e+00
4.316871883e+00
4.235422468e+00
4.151430100e+00
4.067215695e+00
3.982511381e+00
3.899138707e+00
3.811729879e+00
3.727590278e+00
3.643227044e+00
3.566298495e+00
3.487653055e+00
3.411989195e+00
3.333596306e+00
3.259077904e+00
3.190854949e+00
3.120277641e+00
3.054213347e+00
2.992369314e+00
2.931760900e+00
2.871368887e+00
2.809414294e+00
2.752721061e+00
2.697391321e+00
2.644377232e+00
2.590457155e+00
2.539159142e+00
2.491609399e+00
2.447858722e+00
2.398982837e+00
2.349683386e+00
2.298292092e+00
2.244096223e+00
2.194971543e+00
2.146464076e+00
2.097251375e+00
2.051725213e+00
2.008502033e+00
1.966655114e+00
1.924201252e+00
1.885423642e+00
1.844629769e+00
1.807797459e+00
1.773793167e+00
1.739950946e+00
1.702079020e+00
1.667754495e+00
1.635370185e+00
1.601838334e+00
1.572476648e+00
1.541978155e+00
1.517226785e+00
1.497087161e+00
1.478577754e+00
1.457305629e+00
1.429934521e+00
1.402477868e+00
1.373923896e+00
1.348313296e+00
1.319055659e+00
1.291751419e+00
1.262236924e+00
1.236044349e+00
1.212699189e+00
1.191415923e+00
1.174430731e+00
1.154676312e+00
1.134172949e+00
1.113376422e+00
1.094565193e+00
1.079346756e+00
1.059581609e+00
1.041292178e+00
1.023795476e+00
1.008427675e+00
9.928459667e-01
9.776700267e-01
9.640504134e-01
9.542205933e-01
9.447361178e-01
9.293352072e-01
9.135448683e-01
8.949537701e-01
8.739084627e-01
8.504697514e-01
8.326318640e-01
8.208273165e-01
8.034429657e-01
7.912104087e-01
7.755787036e-01
7.617818925e-01
7.508822534e-01
7.408321764e-01
7.275273007e-01
7.148533074e-01
7.047570305e-01
6.922797031e-01
6.824430489e-01
6.730846707e-01
6.651123348e-01
6.597709802e-01
6.565468590e-01
6.542218504e-01
6.510361660e-01
6.465023378e-01
6.376936676e-01
6.293103694e-01
6.168500920e-01
6.074077924e-01
5.940418828e-01
5.841338705e-01
5.768807273e-01
5.680494424e-01
5.616202680e-01
5.523420363e-01
5.436966135e-01
5.352834332e-01
5.288059290e-01
5.212748918e-01
5.150212067e-01
5.125654613e-01
5.052444642e-01
4.999462427e-01
4.956114436e-01
4.952609774e-01
4.927502040e-01
4.932393456e-01
4.940362503e-01
4.949066760e-01
4.944502869e-01
4.905900893e-01
4.821448462e-01
4.742790197e-01
4.648899244e-01
4.579762737e-01
4.502865453e-01
4.414173238e-01
4.315649166e-01
4.250086652e-01
4.231461714e-01
4.194521940e-01
4.144318869e-01
4.107039263e-01
4.097350937e-01
4.075395691e-01
4.058367358e-01
4.027460232e-01
4.002195972e-01
3.994402548e-01
3.975900495e-01
3.996166793e-01
4.017206654e-01
4.030597865e-01
4.025865564e-01
4.023183191e-01
3.966905420e-01
3.883086541e-01
3.791724703e-01
3.730403118e-01
3.667779783e-01
3.573127627e-01
3.497384352e-01
3.442652953e-01
3.385809137e-01
3.344899467e-01
3.315976312e-01
3.300545910e-01
3.242918347e-01
3.203022168e-01
3.172589468e-01
3.168765976e-01
3.163808111e-01
3.143274640e-01
3.117158268e-01
3.124671347e-01
3.144359986e-01
3.150531823e-01
3.193432061e-01
3.245158842e-01
3.276626441e-01
3.270624857e-01
3.252915418e-01
3.216216170e-01
3.153823956e-01
3.128699035e-01
3.098818871e-01
3.070795878e-01
3.040500629e-01
3.002826971e-01
2.932896101e-01
2.889349286e-01
2.874191122e-01
2.838567050e-01
2.825127413e-01
2.795697473e-01
2.772518139e-01
2.725630673e-01
2.705024043e-01
2.697970469e-01
2.700382950e-01
2.728093527e-01
2.716933869e-01
2.735012231e-01
2.773661046e-01
2.816053587e-01
2.815097134e-01
2.769396382e-01
2.748733362e-01
2.706813712e-01
2.672512567e-01
2.628093528e-01
2.586090385e-01
2.550258700e-01
2.513737123e-01
2.516989082e-01
2.524958604e-01
2.523752070e-01
2.505420028e-01
2.498494878e-01
2.461708927e-01
2.458144096e-01
2.440463055e-01
2.463438676e-01
2.478869001e-01
2.444775062e-01
2.456377127e-01
2.482990316e-01
2.499626868e-01
2.533484848e-01
2.537733240e-01
2.536518247e-01
2.500443541e-01
2.474685287e-01
2.433885905e-01
2.395497359e-01
2.347969211e-01
2.339171922e-01
2.280439990e-01
2.255728033e-01
2.253741571e-01
2.238091683e-01
2.202608706e-01
2.164478466e-01
2.145218519e-01
2.135354266e-01
2.116368766e-01
2.113755597e-01
2.108969026e-01
2.129138955e-01
2.139891687e-01
2.176502023e-01
2.237454583e-01
2.312790525e-01
2.371378623e-01
2.384863153e-01
2.401793152e-01
2.388282974e-01
2.387100038e-01
2.324452646e-01
2.235902059e-01
2.152547647e-01
2.119354997e-01
2.101552809e-01
2.064571203e-01
2.057487906e-01
2.048818776e-01
2.041022674e-01
2.023474090e-01
2.022717209e-01
1.986500117e-01
1.984014197e-01
1.994796187e-01
1.990462395e-01
1.990626534e-01
2.022854854e-01
2.029406795e-01
2.042270619e-01
2.062845152e-01
2.129267674e-01
2.136491077e-01
2.163161083e-01
2.147668216e-01
2.123023756e-01
2.081391083e-01
2.047963608e-01
1.993264267e-01
1.969121101e-01
1.942414925e-01
1.907838306e-01
1.892800266e-01
1.895462821e-01
1.898868083e-01
1.889094824e-01
1.850853815e-01
1.836442793e-01
1.840688498e-01
1.889788088e-01
1.895833924e-01
1.862831302e-01
1.848741813e-01
1.873688093e-01
1.902187503e-01
1.951200367e-01
2.018077543e-01
2.052287829e-01
2.083806559e-01
2.088348181e-01
2.058897768e-01
2.024619740e-01
1.974102782e-01
1.939160276e-01
1.908935210e-01
1.906916645e-01
1.859739813e-01
1.844679566e-01
1.821386332e-01
1.836290145e-01
1.832602110e-01
1.839109644e-01
1.854161589e-01
1.846554354e-01
1.849900628e-01
1.877324887e-01
1.889900524e-01
1.893614535e-01
1.882735378e-01
1.905608159e-01
1.927467332e-01
1.977317987e-01
2.011831370e-01
2.020664772e-01
2.004299621e-01
1.965545680e-01
1.922232512e-01
1.872390052e-01
1.850309099e-01
1.816635383e-01
1.769629005e-01
1.739425844e-01
1.734241707e-01
1.738564573e-01
1.749664321e-01
1.782195552e-01
1.776804217e-01
1.772575629e-01
1.757394179e-01
1.753340696e-01
1.765798402e-01
1.783528583e-01
1.759952746e-01
1.762537953e-01
1.806969378e-01
1.827323063e-01
1.873359618e-01
1.916978717e-01
1.930279431e-01
1.933812916e-01
1.886831690e-01
1.869946466e-01
1.819137744e-01
1.813670124e-01
1.801703225e-01
1.769748599e-01
1.723437049e-01
1.706321090e-01
1.682244163e-01
1.676266530e-01
1.678212658e-01
1.691440274e-01
1.718684410e-01
1.706919208e-01
1.682804129e-01
1.668653553e-01
1.658987874e-01
1.671525156e-01
1.672204090e-01
1.655936123e-01
1.662470197e-01
1.710509489e-01
1.758271764e-01
1.782969967e-01
1.794482184e-01
1.791359123e-01
1.758631686e-01
1.692341907e-01
1.664992361e-01
1.629890172e-01
1.599676656e-01
1.553078028e-01
1.556723968e-01
1.575708807e-01
1.589808090e-01
1.581224623e-01
1.567815082e-01
1.562653571e-01
1.581658554e-01
1.595168363e-01
1.598416517e-01
1.607815719e-01
1.618631861e-01
1.635554207e-01
1.684225498e-01
1.754625354e-01
1.790012056e-01
1.803970598e-01
1.810982043e-01
1.806726083e-01
1.803618879e-01
1.770242159e-01
1.721637828e-01
1.687545829e-01
1.682319540e-01
1.677470750e-01
1.635009995e-01
1.630709006e-01
1.647519247e-01
1.662259836e-01
1.672402759e-01
1.670876718e-01
1.659070363e-01
1.608203537e-01
1.602105915e-01
1.601987985e-01
1.593922215e-01
1.607930224e-01
1.614330529e-01
1.630752560e-01
1.650334637e-01
1.704684571e-01
1.730658399e-01
1.747227389e-01
1.739380404e-01
1.712118776e-01
1.698389443e-01
1.672294366e-01
1.644808025e-01
1.627614424e-01
1.611526501e-01
1.622165890e-01
1.595189829e-01
1.580892771e-01
1.591660427e-01
1.619004946e-01
1.643822050e-01
1.659377676e-01
1.643798126e-01
1.650868773e-01
1.667286503e-01
1.677559963e-01
1.701778372e-01
1.707624313e-01
1.722217801e-01
1.744036243e-01
1.754207321e-01
1.789225529e-01
1.798348164e-01
1.808030343e-01
1.764890819e-01
1.734238105e-01
1.669190229e-01
1.647575058e-01
1.608802989e-01
1.586473889e-01
1.558748910e-01
1.547244070e-01
1.542958595e-01
1.518565786e-01
1.530323741e-01
1.553429886e-01
1.586803224e-01
1.603249223e-01
1.584422628e-01
1.564633458e-01
1.538138897e-01
1.565811973e-01
1.573094906e-01
1.605949798e-01
1.626889328e-01
1.667008389e-01
1.690712033e-01
1.710176212e-01
1.729401402e-01
1.719149772e-01
1.675515571e-01
1.637783515e-01
1.606059010e-01
1.624182016e-01
1.602632342e-01
1.608123378e-01
1.570173497e-01
1.529155641e-01
1.500529115e-01
1.487767745e-01
1.470050055e-01
1.492609323e-01
1.499204489e-01
1.462454365e-01
1.452144180e-01
1.471803769e-01
1.488407732e-01
1.524019890e-01
1.539287841e-01
1.560409423e-01
1.603764792e-01
1.681660326e-01
1.686092304e-01
1.686937991e-01
1.657497360e-01
1.605199152e-01
1.538353163e-01
1.510821611e-01
1.474904827e-01
1.431742638e-01
1.422489704e-01
1.428198402e-01
1.440371266e-01
1.453224238e-01
1.447306822e-01
1.440904100e-01
1.446858831e-01
1.474329202e-01
1.466310747e-01
1.465273101e-01
1.494440495e-01
1.509530859e-01
1.511483712e-01
1.524682263e-01
1.532880990e-01
1.572059662e-01
1.617157226e-01
1.631608421e-01
1.607297611e-01
1.580415543e-01
1.557808092e-01
1.516990930e-01
1.480190944e-01
1.481961430e-01
1.464334955e-01
1.432128986e-01
1.396801128e-01
1.377349819e-01
1.333154039e-01
1.324859070e-01
1.328796709e-01
1.321714284e-01
1.326565586e-01
1.324996965e-01
1.328125706e-01
1.308335447e-01
1.282492597e-01
1.295775186e-01
1.302989918e-01
1.322369751e-01
1.372962569e-01
1.439500714e-01
1.460198551e-01
1.461093584e-01
1.430628609e-01
1.415371092e-01
1.369065900e-01
1.328299779e-01
1.281789491e-01
1.258318684e-01
1.206260113e-01
1.175638329e-01
1.149040897e-01
1.168126726e-01
1.157447545e-01
1.163896026e-01
1.153600903e-01
1.156076022e-01
1.161125897e-01
1.204743759e-01
1.201477241e-01
1.217962820e-01
1.229610776e-01
1.230589469e-01
1.256254723e-01
1.292856508e-01
1.317102739e-01
1.340090527e-01
1.348462500e-01
1.349943551e-01
1.306789062e-01
1.255629696e-01
1.206403031e-01
1.167397099e-01
1.124539333e-01
1.141785858e-01
1.145318134e-01
1.150595625e-01
1.151514023e-01
1.145444775e-01
1.157324378e-01
1.150704757e-01
1.144408802e-01
1.144625595e-01
1.143591268e-01
1.153512411e-01
1.174179500e-01
1.177982453e-01
1.162907748e-01
1.157646589e-01
1.198093805e-01
1.241213396e-01
1.227809573e-01
1.216573226e-01
1.208219802e-01
1.178632449e-01
1.157707426e-01
1.147920683e-01
1.136996536e-01
1.093721863e-01
1.051516637e-01
1.040775735e-01
1.018613351e-01
1.013007369e-01
9.985260024e-02
9.812692143e-02
9.872068982e-02
1.004242196e-01
9.962750283e-02
1.023495638e-01
1.031591085e-01
1.039368360e-01
1.040824474e-01
1.052732439e-01
1.076100418e-01
1.104263303e-01
1.157428352e-01
1.194915601e-01
1.184075701e-01
1.159671699e-01
1.127602747e-01
1.097617943e-01
1.079023038e-01
1.109242509e-01
1.072531003e-01
1.032341814e-01
1.000422314e-01
1.021235484e-01
1.080032434e-01
1.109665269e-01
1.110900418e-01
1.098038014e-01
1.072501834e-01
1.104726893e-01
1.118334758e-01
1.118121189e-01
1.103766269e-01
1.093714076e-01
1.097057000e-01
1.102503001e-01
1.105862790e-01
1.114013004e-01
1.135032927e-01
1.140038968e-01
1.150770004e-01
1.147209435e-01
1.143934523e-01
1.125314125e-01
1.118055485e-01
1.118338500e-01
1.094091535e-01
1.091788595e-01
1.092563388e-01
1.087780106e-01
1.098836100e-01
1.135672512e-01
1.150429685e-01
1.134196363e-01
1.134886853e-01
1.114068865e-01
1.096521392e-01
1.111100353e-01
1.089161758e-01
1.084912822e-01
1.104078929e-01
1.172093928e-01
1.198414146e-01
1.231902660e-01
1.204596560e-01
1.196867284e-01
1.164714140e-01
1.130128354e-01
1.108973240e-01
1.098049206e-01
1.084081678e-01
1.040228240e-01
1.039691657e-01
1.049940542e-01
1.047166223e-01
1.043764845e-01
1.034955573e-01
1.026774664e-01
1.025453466e-01
