-6.132592111e-01
-6.123752661e-01
-6.093939547e-01
-5.956099092e-01
-5.346459269e-01
-4.445665066e-01
-3.804290879e-01
-3.837154448e-01
-4.161293544e-01
-4.602810517e-01
-4.968810903e-01
-5.033862263e-01
-4.915956720e-01
-4.905983712e-01
-5.036318296e-01
-5.186859000e-01
-5.175642084e-01
-4.381486443e-01
-3.094346688e-01
-2.731201145e-01
-3.033842653e-01
-3.572788094e-01
-3.981552231e-01
-4.058011366e-01
-3.908899514e-01
-3.877823460e-01
-3.749488384e-01
-3.837530663e-01
-4.010925649e-01
-4.065461072e-01
-3.229962118e-01
-1.887904560e-01
-1.169050738e-01
-1.062696392e-01
-1.159536455e-01
-1.266458639e-01
-1.437870215e-01
-1.642346880e-01
-1.826019353e-01
-1.753237350e-01
-1.626050857e-01
-1.648052423e-01
-1.701754242e-01
-1.863042450e-01
-1.810148089e-01
-1.692001961e-01
-1.586052986e-01
-1.469652025e-01
-1.471523889e-01
-1.493568596e-01
-1.387205251e-01
-1.408766410e-01
-1.386562301e-01
-1.300459906e-01
-1.182030137e-01
-1.064523670e-01
-9.912302422e-02
-1.057100145e-01
-9.729294460e-02
-8.887699404e-02
-8.682588909e-02
-7.936201314e-02
-7.927161004e-02
-7.816484151e-02
-6.849587314e-02
-6.627266765e-02
-6.852219556e-02
-6.961928944e-02
-5.794674203e-02
-6.112632880e-02
-5.669751490e-02
-5.122553146e-02
-5.976827930e-02
-5.866069817e-02
-5.010631332e-02
-5.154438801e-02
-4.532581426e-02
-4.337488881e-02
-3.578655015e-02
-3.673338153e-02
-3.345289604e-02
-3.120369137e-02
-3.320335337e-02
-4.385526031e-02
-3.750442462e-02
-2.259703438e-02
-2.900772747e-02
-9.794990570e-03
3.304040053e-02
1.029496601e-01
1.448012000e-01
1.749898297e-01
1.825138701e-01
1.555358877e-01
1.145333367e-01
9.850212005e-02
9.322340459e-02
9.418481522e-02
9.098435138e-02
7.925810540e-02
6.752753819e-02
5.679550340e-02
6.327233955e-02
6.864025326e-02
5.246688541e-02
5.455729618e-02
5.999021746e-02
5.894177539e-02
5.902219257e-02
6.010869448e-02
6.343597580e-02
6.250480653e-02
6.049039193e-02
6.357204951e-02
7.089689176e-02
6.555119309e-02
6.240657487e-02
7.422920045e-02
7.425440286e-02
7.104541817e-02
6.155724212e-02
4.990051135e-02
6.059006339e-02
5.624004642e-02
4.984279743e-02
4.680966767e-02
3.719408608e-02
4.268306637e-02
5.348512414e-02
3.842675309e-02
3.412004272e-02
4.582706705e-02
5.332715287e-02
3.849051900e-02
3.877247663e-02
5.393646341e-02
3.801181555e-02
3.708115302e-02
3.933066473e-02
3.713956792e-02
4.777427134e-02
3.809173099e-02
3.169935218e-02
3.609418699e-02
3.831111653e-02
4.397565090e-02
3.341252995e-02
3.014181047e-02
2.477297871e-02
3.229023139e-02
3.881592943e-02
2.166632207e-02
2.812958181e-02
3.352330392e-02
2.412360759e-02
2.327150874e-02
1.905388099e-02
2.124148353e-02
2.657287587e-02
3.302214019e-02
2.649335860e-02
1.241607654e-02
1.685876176e-02
1.613299745e-02
1.303703565e-02
1.522855074e-02
2.379816168e-02
2.048599421e-02
1.507252212e-02
2.087877365e-03
-2.248571507e-03
-6.460858295e-03
-2.046436633e-03
2.395632570e-03
-1.132301946e-02
-1.973472245e-02
-1.532143780e-02
-1.208489093e-02
-1.977380926e-02
-2.425746022e-02
-2.318802433e-02
-1.881824865e-02
-2.829404811e-02
-2.589875790e-02
-2.992643082e-02
-3.292714096e-02
-3.184825326e-02
-3.094205934e-02
-2.766981004e-02
-3.082264576e-02
-3.944193424e-02
-4.275667791e-02
-4.498624050e-02
-4.169248759e-02
-4.590005641e-02
-5.342048763e-02
-4.272777171e-02
-4.489388509e-02
-6.206457108e-02
-7.254365837e-02
-7.923226737e-02
-9.324322251e-02
-9.621463523e-02
-1.198133009e-01
-1.326546447e-01
-1.229860896e-01
-1.207949943e-01
-1.263810596e-01
-1.317556502e-01
-1.402356814e-01
-1.239194463e-01
-1.129295552e-01
-1.073961599e-01
-9.869314784e-02
-9.222310519e-02
-9.758134925e-02
-9.651202772e-02
-9.449690514e-02
-9.893104422e-02
-8.806204469e-02
-8.243030495e-02
-7.806825436e-02
-8.541867441e-02
-9.396062543e-02
-1.110714652e-01
-1.228483275e-01
-1.400217764e-01
-1.378903293e-01
-1.176643027e-01
-9.538869679e-02
-8.876077362e-02
-8.955857618e-02
-1.029689666e-01
-1.156113869e-01
-1.327532668e-01
-1.531339837e-01
-1.505092606e-01
-1.489406702e-01
-1.465008491e-01
-1.562619875e-01
-1.670022213e-01
-1.956393321e-01
-2.202441686e-01
-2.510663280e-01
-2.314253192e-01
2.844478132e-02
8.337534853e-01
2.074897595e+00
3.523681070e+00
4.993424600e+00
6.373628268e+00
7.660319185e+00
8.804382355e+00
9.760335248e+00
1.053304676e+01
1.111904409e+01
1.155262429e+01
1.183539252e+01
1.197936709e+01
1.198870850e+01
1.192919225e+01
1.183226773e+01
1.174356692e+01
1.166492256e+01
1.161573563e+01
1.156144670e+01
1.149529410e+01
1.142682765e+01
1.130501215e+01
1.114676385e+01
1.097034536e+01
1.079150037e+01
1.062087293e+01
1.046615539e+01
1.031630952e+01
1.017935987e+01
1.005876781e+01
9.914634857e+00
9.746233761e+00
9.546913815e+00
9.336099151e+00
9.123412280e+00
8.919115764e+00
8.741241227e+00
8.571466632e+00
8.423258054e+00
8.319290423e+00
8.208557244e+00
8.093141946e+00
7.945727549e+00
7.753753309e+00
7.549026703e+00
7.403782790e+00
7.324705217e+00
7.244398649e+00
7.126635561e+00
7.018778571e+00
6.928766402e+00
6.813912078e+00
6.632274463e+00
6.394577583e+00
6.145935493e+00
5.929729877e+00
5.754064779e+00
5.592740129e+00
5.424743218e+00
5.279095212e+00
5.139839214e+00
5.026539289e+00
4.917783209e+00
4.805712171e+00
4.697168260e+00
4.585544022e+00
4.507109208e+00
4.433023362e+00
4.368851294e+00
4.314758975e+00
4.246090034e+00
4.151347811e+00
4.051825906e+00
3.952136008e+00
3.854141832e+00
3.763827005e+00
3.675012718e+00
3.592128792e+00
3.524304878e+00
3.459190947e+00
3.395072085e+00
3.311446810e+00
3.252030205e+00
3.211039112e+00
3.167895279e+00
3.106462962e+00
3.032826720e+00
2.974968263e+00
2.894319558e+00
2.818610660e+00
2.758796004e+00
2.686043956e+00
2.612125056e+00
2.537207450e+00
2.457678544e+00
2.420718589e+00
2.351875711e+00
2.306889728e+00
2.310593983e+00
2.321430537e+00
2.309152541e+00
2.296141665e+00
2.273278305e+00
2.224566778e+00
2.147068386e+00
2.078467298e+00
1.992904752e+00
1.920131307e+00
1.849800357e+00
1.794987547e+00
1.734517746e+00
1.686923426e+00
1.638150973e+00
1.588087111e+00
1.530968722e+00
1.477395146e+00
1.420604944e+00
1.376650654e+00
1.335366762e+00
1.299935124e+00
1.271152338e+00
1.243687621e+00
1.228559611e+00
1.203780655e+00
1.156071471e+00
1.109519893e+00
1.062076888e+00
1.022287517e+00
9.964077608e-01
9.788898145e-01
9.498728718e-01
9.224070197e-01
9.044097192e-01
8.743482833e-01
8.494406752e-01
8.174391851e-01
7.791894800e-01
7.484981847e-01
7.193357316e-01
7.004936449e-01
6.893012189e-01
6.887182960e-01
6.770254271e-01
6.594025998e-01
6.333226074e-01
5.904570039e-01
5.689686190e-01
5.417164098e-01
5.255181187e-01
5.265647969e-01
5.235796939e-01
5.227143821e-01
5.185130607e-01
5.110472575e-01
4.937896575e-01
4.718281718e-01
4.430461702e-01
4.337326398e-01
4.149015752e-01
4.154796862e-01
4.076162117e-01
4.129608182e-01
4.033660304e-01
4.015440455e-01
3.887456764e-01
3.745453054e-01
3.471324830e-01
3.426974254e-01
3.303495105e-01
3.262978416e-01
3.218712927e-01
3.275135489e-01
3.245784050e-01
3.197936414e-01
3.133715439e-01
2.948994391e-01
2.934625720e-01
2.787827853e-01
2.799707731e-01
2.801009306e-01
2.703044434e-01
2.629006237e-01
2.616153543e-01
2.622206548e-01
2.615610621e-01
2.399381259e-01
2.295248990e-01
2.324802650e-01
2.286965977e-01
2.265772179e-01
2.194502545e-01
2.222185840e-01
2.139047886e-01
2.196974321e-01
2.161341120e-01
2.166358014e-01
2.088626048e-01
2.081395135e-01
1.956849648e-01
1.958964391e-01
2.047180884e-01
1.992414976e-01
1.966614123e-01
1.954606371e-01
1.926093546e-01
1.979751367e-01
1.910470076e-01
1.806226349e-01
1.816272612e-01
1.879033262e-01
1.793269182e-01
1.678030923e-01
1.758689882e-01
1.794221507e-01
1.763950102e-01
1.802266226e-01
1.771060031e-01
1.727468785e-01
1.646967507e-01
1.597390119e-01
1.604908266e-01
1.638796700e-01
1.659717864e-01
1.650142354e-01
1.616956552e-01
1.628842533e-01
1.715948910e-01
1.673286123e-01
1.531536507e-01
1.526696614e-01
1.539687391e-01
1.544267127e-01
1.452354842e-01
1.416272563e-01
1.478639441e-01
1.511350768e-01
1.390853075e-01
1.419168339e-01
1.401617184e-01
1.270277752e-01
1.314154416e-01
1.290068607e-01
1.251132051e-01
1.323874928e-01
1.356145663e-01
1.291226158e-01
1.305142867e-01
1.262905786e-01
1.157886794e-01
1.215458670e-01
1.167321546e-01
1.285332169e-01
1.255303745e-01
1.177326275e-01
1.134927132e-01
1.199551787e-01
1.188578396e-01
1.162140803e-01
1.144379620e-01
1.136196421e-01
1.146716836e-01
1.044851366e-01
1.027353674e-01
1.048141139e-01
1.032587983e-01
1.111070498e-01
1.110393703e-01
1.175989412e-01
1.057966605e-01
1.079378564e-01
1.018803122e-01
1.045460625e-01
1.136975201e-01
1.093854493e-01
1.031825124e-01
1.037395032e-01
1.215446168e-01
1.211412783e-01
1.108698679e-01
1.049881823e-01
9.862629574e-02
9.741416999e-02
1.150591748e-01
1.218538499e-01
1.164055430e-01
1.039250119e-01
9.694480376e-02
9.571863532e-02
9.387415901e-02
1.003139670e-01
1.072401985e-01
1.047438796e-01
9.175714160e-02
9.487692825e-02
1.047618001e-01
1.082217643e-01
1.019700854e-01
9.303236927e-02
9.155123954e-02
9.499669382e-02
8.308900929e-02
7.940630026e-02
8.312031817e-02
9.562112336e-02
8.798275169e-02
8.088067346e-02
8.442195290e-02
8.104499810e-02
8.582196043e-02
7.784516872e-02
6.898779318e-02
7.353742421e-02
7.372652215e-02
7.400814960e-02
5.572182050e-02
7.245988836e-02
7.229646965e-02
7.416049600e-02
6.259733616e-02
6.173521122e-02
5.837156324e-02
4.847454131e-02
5.440730988e-02
6.013834494e-02
5.617261245e-02
5.660815393e-02
4.986469479e-02
5.543306378e-02
5.170224416e-02
5.616392856e-02
4.196395256e-02
4.438130822e-02
5.223931905e-02
4.543960859e-02
3.527050454e-02
4.482959093e-02
5.286822914e-02
3.680088033e-02
3.631871503e-02
2.568119491e-02
2.220152418e-02
3.992632907e-02
4.446393027e-02
2.930949457e-02
3.396509501e-02
3.807268400e-02
2.793577317e-02
2.564013089e-02
2.674497215e-02
3.752840995e-02
3.364945089e-02
2.447064340e-02
1.330778904e-02
1.615949835e-02
2.513550782e-02
2.653529072e-02
2.248392065e-02
2.622757469e-02
1.690448465e-02
1.276189078e-02
1.327340307e-03
4.014115076e-03
1.902475740e-02
1.814591052e-02
1.904124172e-03
3.417439186e-03
1.095005348e-03
4.926511400e-03
5.786966130e-03
-1.224967449e-02
-9.746239485e-03
-2.945583228e-03
-1.308809119e-03
-1.373071448e-02
-1.271608527e-02
-4.748492944e-03
-1.043195430e-02
-1.047458321e-02
-2.042050955e-02
-1.818919350e-02
-9.214330754e-03
-1.505907310e-02
-1.322551724e-02
-1.445869715e-02
-2.424602913e-02
-2.551283886e-02
-2.733612729e-02
-1.946869556e-02
-3.202999950e-02
-3.545449135e-02
-3.235806744e-02
-2.381344150e-02
-3.038160999e-02
-2.374442316e-02
-3.430088848e-02
-3.645692365e-02
-4.646227742e-02
-5.141570297e-02
-4.534589556e-02
-4.155206930e-02
-4.367985270e-02
-4.513621638e-02
-5.169997391e-02
-5.507242783e-02
-5.831462095e-02
-5.405995530e-02
-6.464082182e-02
-6.542552206e-02
-5.873415588e-02
-6.251272912e-02
-6.754981062e-02
-6.670326590e-02
-7.594674327e-02
-6.405304386e-02
-6.426734081e-02
-6.553453708e-02
-7.137256117e-02
-7.746253373e-02
-6.716757233e-02
-6.940977203e-02
-5.898974641e-02
-6.840123714e-02
-7.420394413e-02
-6.129883055e-02
-7.722634454e-02
-7.094794539e-02
-7.090677290e-02
-7.878437711e-02
-8.737140654e-02
-8.250416681e-02
-7.761552702e-02
-7.940528041e-02
-7.956402979e-02
-7.781560692e-02
-8.296864530e-02
-7.719999321e-02
-7.671127366e-02
-7.863744763e-02
-8.031082135e-02
-9.249172653e-02
-9.305224137e-02
-7.841818822e-02
-9.081679270e-02
-8.640137922e-02
-9.859614988e-02
-9.397665693e-02
-8.923325454e-02
-1.003154567e-01
-1.030674179e-01
-9.336992871e-02
-9.625884319e-02
-1.026537647e-01
-1.034028485e-01
-1.002561756e-01
-9.481224211e-02
-9.235710300e-02
-1.058197520e-01
-1.102263922e-01
-1.106337451e-01
-1.072065957e-01
-1.149052505e-01
-1.198397000e-01
-1.139469069e-01
-1.133723292e-01
-1.208561456e-01
-1.241617024e-01
-1.139985097e-01
-1.201908116e-01
-1.229964744e-01
-1.282821059e-01
-1.310926960e-01
-1.285145622e-01
-1.304611106e-01
-1.285645037e-01
-1.408182879e-01
-1.341146575e-01
-1.355398205e-01
-1.392238357e-01
-1.447224366e-01
-1.491021138e-01
-1.497822987e-01
-1.455358216e-01
-1.428844414e-01
-1.417185013e-01
-1.470208611e-01
-1.428752245e-01
-1.522947417e-01
-1.473370414e-01
-1.434376108e-01
-1.551447735e-01
-1.573617558e-01
-1.557538882e-01
-1.504969034e-01
-1.563779027e-01
-1.677693731e-01
-1.681526471e-01
-1.723249925e-01
-1.691428957e-01
-1.706786917e-01
-1.690635958e-01
-1.748210123e-01
-1.659837742e-01
-1.676450398e-01
-1.680798294e-01
-1.699231030e-01
-1.615449672e-01
-1.650585979e-01
-1.698705412e-01
-1.729735914e-01
-1.679772354e-01
-1.694408724e-01
-1.729613426e-01
-1.727195109e-01
-1.704599615e-01
-1.613497416e-01
-1.587930524e-01
-1.645841249e-01
-1.696127054e-01
-1.722050490e-01
-1.704443333e-01
-1.729388194e-01
-1.708269625e-01
-1.690425995e-01
-1.729304859e-01
-1.869949560e-01
-1.884772163e-01
-1.897456066e-01
-1.780407953e-01
-1.808604309e-01
-1.828178281e-01
-1.822552945e-01
-1.905649491e-01
-1.880628981e-01
-1.868972856e-01
-1.919133402e-01
-1.945238995e-01
-1.897291190e-01
-1.940054791e-01
-2.006270183e-01
-1.859570475e-01
-1.946219641e-01
-1.962258689e-01
-1.987015278e-01
-2.008966885e-01
-2.036975041e-01
-1.940184094e-01
-1.955399316e-01
-1.983225410e-01
-2.022501236e-01
-2.107596713e-01
-2.189129841e-01
-2.128880500e-01
-2.177403415e-01
-2.186979052e-01
-2.243709314e-01
-2.174166611e-01
-2.108798068e-01
-2.102351032e-01
-2.201842026e-01
-2.311751472e-01
-2.306449029e-01
-2.240313368e-01
-2.318613939e-01
-2.304456410e-01
-2.363138165e-01
-2.371839249e-01
-2.335921280e-01
-2.319038551e-01
-2.313503751e-01
-2.247854645e-01
-2.322254224e-01
-2.412359206e-01
-2.369585866e-01
-2.350833750e-01
-2.364201475e-01
-2.345398456e-01
-2.417089225e-01
-2.415407212e-01
-2.452689006e-01
-2.490891330e-01
-2.538824578e-01
-2.460066432e-01
-2.430492075e-01
-2.444382222e-01
-2.471414989e-01
-2.472137929e-01
-2.572553398e-01
-2.587889781e-01
-2.630621704e-01
-2.547125655e-01
-2.462343400e-01
-2.523885757e-01
-2.518202687e-01
-2.570156232e-01
-2.531740988e-01
-2.527555985e-01
-2.532647544e-01
-2.530730087e-01
-2.558384972e-01
-2.422579857e-01
-2.544185231e-01
-2.563240888e-01
-2.552799570e-01
-2.556765905e-01
-2.609427709e-01
-2.635053160e-01
-2.734977016e-01
-2.682679908e-01
-2.612892977e-01
-2.655249963e-01
-2.626307844e-01
-2.557449681e-01
-2.595027343e-01
-2.733184971e-01
-2.825062826e-01
-2.721192840e-01
-2.629250516e-01
-2.510811592e-01
-2.649847872e-01
-2.728279254e-01
-2.759173685e-01
-2.665444976e-01
-2.658029666e-01
-2.713568241e-01
-2.708057017e-01
-2.663013722e-01
-2.719640301e-01
-2.779725946e-01
-2.805785013e-01
-2.716696707e-01
-2.658137859e-01
-2.791324292e-01
-2.892257712e-01
-2.891855687e-01
-2.774182925e-01
-2.715031133e-01
-2.746848592e-01
-2.759471422e-01
-2.804137929e-01
-2.848165519e-01
-2.897206932e-01
-2.873427276e-01
-2.747939917e-01
-2.860119120e-01
-2.971783320e-01
-2.978976005e-01
-2.811404087e-01
-2.857111284e-01
-2.969325969e-01
-2.914525420e-01
-2.894592149e-01
-2.932041753e-01
-2.954011922e-01
-3.009547368e-01
-2.957725140e-01
-2.839865407e-01
-2.854916393e-01
-2.981043168e-01
-2.951973328e-01
-2.881598966e-01
-2.896959696e-01
-2.959883073e-01
-2.976696239e-01
-2.871788457e-01
-2.992548529e-01
-3.054216232e-01
-3.010231125e-01
-2.894214639e-01
-2.969114404e-01
-2.962317575e-01
-2.943111275e-01
-2.956056283e-01
-2.908162921e-01
-3.045761403e-01
-2.993448601e-01
-2.921099461e-01
-2.967364018e-01
-3.007189394e-01
-3.119202036e-01
-3.100262568e-01
-2.997504148e-01
-2.973350788e-01
-3.015200057e-01
-3.061994678e-01
-2.985957169e-01
-3.075336358e-01
-3.087695947e-01
-3.109541326e-01
-2.986356244e-01
-2.962608644e-01
-3.008323681e-01
-3.034360400e-01
-3.070907990e-01
-3.014401495e-01
-3.062175199e-01
-3.032485600e-01
-3.069243383e-01
-2.983450034e-01
-3.038278597e-01
-3.105394624e-01
-3.038211782e-01
-3.030289949e-01
-3.106928836e-01
-3.160916839e-01
-3.100867668e-01
-3.119268946e-01
-3.111618660e-01
-3.127354390e-01
-3.110231895e-01
-3.119872869e-01
-3.147516381e-01
-3.215017503e-01
-3.186325023e-01
-3.099149414e-01
-3.111022876e-01
-3.135708899e-01
-3.178709395e-01
-3.278905865e-01
-3.206596158e-01
-3.110730859e-01
-3.213714561e-01
-3.286460036e-01
-3.127343580e-01
-3.121173397e-01
-3.166847138e-01
-3.153358079e-01
-3.223586197e-01
-3.163033272e-01
-3.209232085e-01
-3.240007920e-01
-3.292691255e-01
-3.187152617e-01
-3.270223826e-01
-3.305472819e-01
-3.328725450e-01
-3.201175810e-01
-3.078535985e-01
-3.204828253e-01
-3.293034600e-01
-3.210549616e-01
-3.235328075e-01
-3.209654603e-01
-3.257239370e-01
-3.281797441e-01
-3.231204455e-01
-3.154625353e-01
-3.252485898e-01
-3.287192004e-01
-3.253534045e-01
-3.192157248e-01
-3.161830928e-01
-3.224843854e-01
-3.228349095e-01
-3.192034447e-01
-3.141222280e-01
-3.286361787e-01
-3.311652752e-01
-3.330304115e-01
-3.345536236e-01
-3.219322048e-01
-3.275900585e-01
-3.284379736e-01
-3.316738614e-01
-3.363247708e-01
-3.360905347e-01
-3.320943006e-01
-3.375021603e-01
-3.310540841e-01
-3.368085852e-01
-3.364353236e-01
-3.441005212e-01
-3.336079408e-01
-3.284985102e-01
-3.399478872e-01
-3.338688710e-01
-3.330573693e-01
-3.438728494e-01
