6.900175735e-03
6.873261017e-03
6.526836423e-03
6.681767962e-03
7.393233815e-03
8.252697331e-03
8.895107031e-03
9.204216325e-03
9.378306171e-03
8.863781290e-03
8.297007092e-03
7.567028998e-03
6.556651250e-03
6.827831339e-03
7.718112538e-03
8.471319781e-03
8.316125588e-03
8.694064423e-03
9.179948320e-03
9.512812725e-03
1.023510014e-02
1.039873612e-02
1.035773032e-02
1.014539251e-02
9.834355691e-03
1.009023330e-02
9.817443493e-03
9.378666570e-03
9.656348926e-03
1.029017164e-02
1.052620074e-02
9.747818707e-03
1.000601421e-02
9.880200156e-03
9.512765896e-03
9.385764063e-03
8.832579918e-03
9.131260316e-03
9.086571531e-03
8.647884875e-03
8.336463530e-03
7.975933718e-03
7.615727037e-03
7.756638692e-03
7.400985627e-03
7.565063717e-03
8.183700133e-03
7.579170429e-03
7.925870131e-03
7.970287437e-03
7.530256882e-03
7.354231279e-03
7.337509092e-03
7.478669772e-03
7.288317162e-03
7.026652612e-03
7.321120562e-03
7.450679992e-03
7.273455850e-03
6.957589948e-03
6.947228497e-03
6.457505333e-03
7.083631323e-03
7.470608327e-03
7.293993368e-03
6.119526835e-03
6.811569247e-03
6.782516428e-03
6.254634674e-03
6.476230553e-03
6.075293936e-03
6.137679641e-03
6.330187337e-03
6.720868810e-03
7.369567587e-03
6.974831797e-03
6.382669279e-03
5.430538204e-03
4.933405339e-03
5.093927122e-03
5.182787286e-03
5.301428555e-03
5.329137423e-03
5.184863235e-03
5.879514264e-03
6.972567553e-03
6.939574422e-03
6.893602667e-03
7.102473546e-03
7.878681729e-03
7.973561896e-03
8.707579909e-03
8.568825193e-03
7.636070607e-03
7.395158674e-03
6.431397441e-03
6.134499210e-03
6.090780143e-03
5.935229729e-03
5.651201887e-03
6.084997231e-03
5.571070586e-03
4.542607516e-03
4.502019128e-03
4.538675598e-03
4.628204168e-03
4.895587601e-03
4.545983130e-03
4.967842296e-03
4.836451358e-03
4.055242593e-03
3.640496759e-03
4.025861179e-03
3.997174015e-03
3.449426023e-03
3.543054507e-03
3.288154339e-03
3.829254698e-03
5.092595688e-03
6.047462399e-03
5.932237314e-03
5.262648096e-03
5.223039902e-03
4.878434179e-03
4.866219025e-03
5.239440143e-03
6.229064293e-03
6.333391176e-03
7.412275141e-03
7.925112875e-03
7.242873577e-03
6.606886080e-03
6.726214435e-03
7.133420873e-03
6.290084002e-03
5.496974973e-03
4.791237386e-03
5.387477442e-03
5.492329001e-03
5.754024801e-03
5.323571739e-03
4.703061244e-03
5.070687334e-03
6.181447306e-03
5.951160445e-03
5.463937887e-03
5.742489752e-03
5.753629676e-03
5.117621611e-03
5.039629866e-03
4.917440713e-03
4.810760509e-03
5.193463943e-03
4.982156244e-03
5.137137985e-03
6.218627882e-03
6.994448047e-03
7.284029417e-03
7.276010855e-03
6.832401522e-03
6.404890282e-03
6.428975800e-03
5.774951755e-03
5.814325975e-03
5.594029646e-03
5.886719818e-03
5.442103659e-03
5.128617466e-03
5.126421668e-03
5.362448513e-03
5.581811065e-03
6.386978279e-03
6.628916127e-03
6.660518873e-03
5.936870505e-03
6.071069462e-03
6.152921490e-03
5.922071788e-03
6.124932991e-03
6.174276229e-03
6.313783950e-03
6.254561167e-03
5.700597680e-03
5.528020266e-03
5.283217717e-03
5.722786604e-03
5.461607884e-03
4.837758168e-03
4.816532354e-03
3.993313964e-03
3.701950316e-03
3.876975436e-03
3.330932967e-03
3.427532419e-03
3.298886248e-03
3.648737791e-03
3.327528799e-03
2.581668523e-03
2.037377738e-03
1.990716175e-03
2.669894837e-03
2.130750686e-03
1.254944075e-03
9.973910472e-04
4.941801429e-04
1.090021597e-04
-8.031883663e-04
-4.864074384e-04
-2.263356962e-04
5.339527922e-04
2.597043079e-04
2.195948278e-04
4.437223378e-04
1.060801982e-03
9.171801482e-04
1.289369440e-03
8.908126780e-04
-1.563428371e-04
-5.918570136e-04
-1.230663887e-04
-8.587942729e-04
-1.352567082e-03
-1.350625358e-03
-9.271254022e-04
-8.007839176e-04
-4.455808284e-04
-5.065306431e-05
-5.686861135e-04
-1.951130618e-04
5.736600648e-04
6.801122944e-04
5.463471559e-04
2.105517799e-04
5.551163363e-04
9.340756898e-04
5.182963969e-04
6.218701359e-04
3.886294027e-04
4.965874940e-04
3.545055773e-04
4.350903107e-04
-1.950554788e-04
-8.956346722e-04
-1.621019919e-03
-2.987677975e-03
-2.954690732e-03
-2.935301072e-03
-3.025531752e-03
-3.224624762e-03
-3.056356429e-03
-2.793251912e-03
-6.411705446e-03
-1.026353139e-02
-5.276764331e-03
1.412476547e-01
1.120382689e+00
3.839253427e+00
8.229460003e+00
1.321255563e+01
1.751011498e+01
2.047773435e+01
2.203428232e+01
2.246419525e+01
2.215493575e+01
2.141217031e+01
2.045627893e+01
1.943519389e+01
1.844641726e+01
1.754283131e+01
1.674474691e+01
1.606041281e+01
1.547504475e+01
1.496893507e+01
1.452357823e+01
1.412220947e+01
1.375119468e+01
1.340380422e+01
1.306650750e+01
1.273856810e+01
1.241447621e+01
1.208686281e+01
1.175789279e+01
1.144286020e+01
1.115068127e+01
1.087627959e+01
1.060835921e+01
1.034392720e+01
1.008138883e+01
9.825060574e+00
9.574218072e+00
9.329998494e+00
9.092898646e+00
8.863565365e+00
8.640257965e+00
8.425479531e+00
8.217853786e+00
8.013638554e+00
7.815115361e+00
7.621977379e+00
7.432651993e+00
7.247357185e+00
7.065916554e+00
6.889595475e+00
6.717676479e+00
6.550108683e+00
6.385179959e+00
6.226214433e+00
6.074123258e+00
5.925462010e+00
5.776254973e+00
5.630849356e+00
5.490500972e+00
5.352669307e+00
5.217881308e+00
5.085896252e+00
4.957852503e+00
4.832299836e+00
4.708978456e+00
4.589950713e+00
4.473935653e+00
4.362050249e+00
4.253229655e+00
4.147405096e+00
4.043365266e+00
3.942973767e+00
3.843719143e+00
3.747952290e+00
3.655347709e+00
3.563688821e+00
3.475084669e+00
3.389463220e+00
3.306211180e+00
3.226222916e+00
3.147249059e+00
3.070617211e+00
2.994432042e+00
2.921128588e+00
2.849358522e+00
2.779861208e+00
2.711980368e+00
2.647150197e+00
2.582261033e+00
2.519956181e+00
2.459679071e+00
2.400479382e+00
2.343339878e+00
2.287569180e+00
2.232968771e+00
2.180440994e+00
2.128673386e+00
2.078974820e+00
2.028487452e+00
1.980658649e+00
1.934079403e+00
1.889975240e+00
1.846301693e+00
1.804489528e+00
1.763189123e+00
1.722615427e+00
1.682042087e+00
1.642006978e+00
1.603846805e+00
1.566452605e+00
1.529647833e+00
1.493999456e+00
1.459434774e+00
1.426302455e+00
1.391899413e+00
1.360221009e+00
1.329227521e+00
1.300179037e+00
1.271146142e+00
1.243166401e+00
1.215426335e+00
1.188094734e+00
1.162653660e+00
1.137600642e+00
1.112742344e+00
1.089651229e+00
1.067423788e+00
1.045672849e+00
1.023776279e+00
1.003088911e+00
9.834126886e-01
9.630901037e-01
9.424692073e-01
9.229999824e-01
9.039434108e-01
8.850575830e-01
8.663163433e-01
8.481442029e-01
8.309591887e-01
8.137077390e-01
7.971673708e-01
7.803298279e-01
7.638672708e-01
7.469161101e-01
7.311883158e-01
7.165746806e-01
7.017165043e-01
6.872971740e-01
6.736035597e-01
6.603865046e-01
6.482050579e-01
6.356999389e-01
6.227272861e-01
6.106321327e-01
5.989581658e-01
5.874520198e-01
5.752265997e-01
5.640481714e-01
5.532746153e-01
5.436219730e-01
5.333581088e-01
5.239538977e-01
5.147863050e-01
5.057557311e-01
4.964196238e-01
4.869178932e-01
4.788022687e-01
4.714049565e-01
4.632397190e-01
4.566077553e-01
4.492568095e-01
4.412213118e-01
4.343489674e-01
4.274434375e-01
4.200048989e-01
4.141122557e-01
4.087232006e-01
4.031499390e-01
3.979347190e-01
3.928737257e-01
3.873663661e-01
3.818250342e-01
3.766858718e-01
3.722916451e-01
3.670946526e-01
3.629853458e-01
3.576886728e-01
3.534308645e-01
3.484075255e-01
3.444355698e-01
3.399529257e-01
3.365142507e-01
3.335521701e-01
3.299321660e-01
3.270040256e-01
3.238855794e-01
3.197586748e-01
3.157084764e-01
3.121964868e-01
3.090102764e-01
3.054152679e-01
3.015310872e-01
2.975121908e-01
2.943908504e-01
2.915786151e-01
2.886014875e-01
2.858521406e-01
2.824723753e-01
2.792993733e-01
2.771793812e-01
2.745840911e-01
2.723742120e-01
2.703107734e-01
2.682344377e-01
2.657634504e-01
2.631554255e-01
2.611066353e-01
2.571606460e-01
2.541198683e-01
2.516500447e-01
2.492725124e-01
2.475233897e-01
2.456190024e-01
2.436975308e-01
2.414937335e-01
2.402489446e-01
2.388902425e-01
2.376789011e-01
2.354531832e-01
2.328284785e-01
2.311058382e-01
2.286321855e-01
2.260267559e-01
2.244733462e-01
2.243081312e-01
2.234526774e-01
2.224717221e-01
2.206547792e-01
2.188034871e-01
2.177417545e-01
2.163722490e-01
2.148173340e-01
2.137106776e-01
2.128124072e-01
2.117779489e-01
2.108216793e-01
2.103523682e-01
2.092405254e-01
2.074971566e-01
2.061242679e-01
2.056952759e-01
2.043213269e-01
2.030476631e-01
2.016218954e-01
2.007003583e-01
2.000269909e-01
1.991594940e-01
1.975980215e-01
1.969603344e-01
1.974446562e-01
1.978102891e-01
1.968091004e-01
1.956227954e-01
1.950325602e-01
1.944283652e-01
1.936126911e-01
1.925260038e-01
1.917058961e-01
1.898829525e-01
1.892547166e-01
1.884557424e-01
1.879365542e-01
1.873520915e-01
1.870236727e-01
1.866942467e-01
1.857628863e-01
1.853389326e-01
1.851602531e-01
1.836640748e-01
1.831380887e-01
1.819729693e-01
1.808323457e-01
1.807390879e-01
1.797135071e-01
1.789418276e-01
1.780114514e-01
1.772999547e-01
1.765873651e-01
1.756539211e-01
1.752139734e-01
1.749881807e-01
1.734425841e-01
1.724700223e-01
1.718148901e-01
1.717335696e-01
1.720796955e-01
1.719311513e-01
1.710772601e-01
1.704470226e-01
1.690759946e-01
1.680523375e-01
1.682932939e-01
1.676865343e-01
1.674119604e-01
1.681891041e-01
1.680774643e-01
1.675487927e-01
1.667286459e-01
1.666117622e-01
1.668394104e-01
1.663791564e-01
1.664596643e-01
1.661275399e-01
1.661403925e-01
1.660984798e-01
1.661090594e-01
1.657178916e-01
1.650725286e-01
1.649986279e-01
1.645699110e-01
1.634037914e-01
1.624357017e-01
1.622181105e-01
1.613466387e-01
1.610341987e-01
1.598954184e-01
1.596693030e-01
1.602658440e-01
1.598347394e-01
1.593411325e-01
1.583623574e-01
1.579778060e-01
1.573164534e-01
1.566197731e-01
1.558377474e-01
1.542538957e-01
1.533613934e-01
1.534442350e-01
1.538214079e-01
1.538478347e-01
1.532270063e-01
1.519332754e-01
1.514730811e-01
1.515638829e-01
1.522206453e-01
1.526125432e-01
1.529857534e-01
1.525502942e-01
1.523624207e-01
1.523741681e-01
1.533991005e-01
1.539041252e-01
1.535231148e-01
1.531138210e-01
1.530911675e-01
1.528848662e-01
1.520781805e-01
1.512646946e-01
1.505418859e-01
1.499815349e-01
1.494626473e-01
1.492294395e-01
1.497322085e-01
1.499300564e-01
1.495990026e-01
1.491938573e-01
1.485416779e-01
1.480626863e-01
1.476453744e-01
1.477391653e-01
1.471226686e-01
1.458660273e-01
1.451936025e-01
1.449687199e-01
1.451405697e-01
1.449698271e-01
1.445800817e-01
1.438512139e-01
1.440085248e-01
1.443201381e-01
1.441141523e-01
1.448846441e-01
1.441613684e-01
1.432756651e-01
1.423995306e-01
1.424020974e-01
1.423725066e-01
1.430970042e-01
1.433359334e-01
1.434964384e-01
1.432350273e-01
1.433264952e-01
1.431843216e-01
1.421182571e-01
1.420428827e-01
1.421118224e-01
1.421169196e-01
1.425635595e-01
1.422711568e-01
1.419456983e-01
1.421464860e-01
1.414323097e-01
1.404381882e-01
1.404072119e-01
1.407018401e-01
1.407188134e-01
1.409318080e-01
1.407163983e-01
1.394482158e-01
1.384976588e-01
1.378585387e-01
1.381328086e-01
1.374075079e-01
1.364563150e-01
1.355370275e-01
1.348195710e-01
1.343720792e-01
1.343003536e-01
1.335519047e-01
1.335268475e-01
1.338826643e-01
1.335512771e-01
1.337005463e-01
1.332214514e-01
1.326494579e-01
1.318889164e-01
1.307690709e-01
1.300161776e-01
1.289337327e-01
1.284187794e-01
1.278875119e-01
1.269270621e-01
1.264875338e-01
1.263887320e-01
1.267801025e-01
1.271124932e-01
1.270260032e-01
1.271936084e-01
1.264556852e-01
1.263828588e-01
1.268341967e-01
1.263954134e-01
1.258773724e-01
1.248883551e-01
1.250091907e-01
1.246168164e-01
1.251902262e-01
1.241637634e-01
1.230850348e-01
1.227570352e-01
1.227189474e-01
1.232410178e-01
1.232232555e-01
1.223870610e-01
1.224890300e-01
1.226293039e-01
1.228294689e-01
1.236900447e-01
1.241437160e-01
1.234583358e-01
1.220713739e-01
1.215592855e-01
1.219376222e-01
1.219017322e-01
1.218109487e-01
1.211656877e-01
1.206065064e-01
1.199611249e-01
1.192260453e-01
1.190576174e-01
1.187156828e-01
1.186698322e-01
1.188689379e-01
1.193096946e-01
1.192185496e-01
1.190151589e-01
1.189343883e-01
1.181420826e-01
1.170751570e-01
1.176763041e-01
1.174572637e-01
1.171942751e-01
1.164477549e-01
1.162926462e-01
1.158053937e-01
1.160355081e-01
1.169027850e-01
1.167524788e-01
1.171980836e-01
1.174102983e-01
1.181938405e-01
1.176310964e-01
1.171455696e-01
1.162418677e-01
1.162741428e-01
1.154866373e-01
1.149618489e-01
1.147416477e-01
1.147313769e-01
1.146566091e-01
1.151532289e-01
1.149482693e-01
1.148332360e-01
1.143366468e-01
1.143260966e-01
1.140588339e-01
1.140121875e-01
1.139695949e-01
1.127130775e-01
1.125566870e-01
1.122547381e-01
1.117488882e-01
1.107189383e-01
1.099647642e-01
1.095556084e-01
1.100001300e-01
1.098510985e-01
1.099399235e-01
1.095883326e-01
1.100335155e-01
1.099980785e-01
1.097843459e-01
1.094372469e-01
1.096151068e-01
1.084213024e-01
1.080828973e-01
1.079588629e-01
1.074735013e-01
1.074448252e-01
1.075954172e-01
1.074494988e-01
1.071285254e-01
1.069512999e-01
1.079014980e-01
1.076387076e-01
1.081402360e-01
1.081840909e-01
1.077547140e-01
1.068420781e-01
1.066935666e-01
1.061360654e-01
1.054096566e-01
1.042744930e-01
1.039202557e-01
1.045714789e-01
1.046267177e-01
1.052645585e-01
1.048048268e-01
1.041224972e-01
1.033351303e-01
1.032886270e-01
1.039965607e-01
1.041734081e-01
1.031126536e-01
1.028383202e-01
1.021721904e-01
1.012422494e-01
1.012892341e-01
1.017287898e-01
1.024641301e-01
1.027908765e-01
1.026921741e-01
1.023523180e-01
1.016805226e-01
1.012659210e-01
1.010862491e-01
1.013561023e-01
1.014668484e-01
1.006915473e-01
1.003172863e-01
1.001810456e-01
9.999531189e-02
9.956713656e-02
9.849730615e-02
9.831187665e-02
9.898095367e-02
9.923207130e-02
9.908007289e-02
9.842042208e-02
9.898241690e-02
9.875256245e-02
9.999654364e-02
9.961105609e-02
9.946432879e-02
9.969809090e-02
9.931288584e-02
9.913126929e-02
9.915094019e-02
9.837484328e-02
9.748700386e-02
9.757437627e-02
9.662623998e-02
9.561238398e-02
9.472713384e-02
9.366189665e-02
9.314381166e-02
9.281749750e-02
9.255448365e-02
9.246267139e-02
9.339336181e-02
9.336874925e-02
9.487804153e-02
9.541514368e-02
9.530234438e-02
9.483061999e-02
9.631305427e-02
9.680032317e-02
9.690478729e-02
9.661487213e-02
9.614901496e-02
9.662881602e-02
9.588122810e-02
9.506709666e-02
9.443875180e-02
9.347502917e-02
9.311653682e-02
9.303164378e-02
9.272297973e-02
9.339823302e-02
9.373488078e-02
9.307929968e-02
9.353376406e-02
9.262402538e-02
9.155313211e-02
9.187290426e-02
9.175973234e-02
9.175818549e-02
9.174120477e-02
9.209385007e-02
9.129826494e-02
9.080498516e-02
9.031065352e-02
9.075052409e-02
9.128817572e-02
9.130456206e-02
9.132996977e-02
9.033630573e-02
8.852711703e-02
8.782398231e-02
8.799305711e-02
8.720475074e-02
8.607833531e-02
8.547542188e-02
8.452988507e-02
8.435608807e-02
8.433991614e-02
8.472598157e-02
8.591452502e-02
8.565446335e-02
8.539980662e-02
8.442541344e-02
8.348350605e-02
8.329222269e-02
8.382971625e-02
8.378203772e-02
8.380002924e-02
8.393279667e-02
8.306907803e-02
8.221566892e-02
8.255177511e-02
8.178249804e-02
8.213547479e-02
8.210732719e-02
8.230211791e-02
8.246362545e-02
8.249704324e-02
8.212481397e-02
8.186919102e-02
8.135092407e-02
8.194192783e-02
8.188106863e-02
8.266057059e-02
8.257949747e-02
8.228995081e-02
8.264454138e-02
8.261601928e-02
8.266966664e-02
8.286797989e-02
8.291951651e-02
8.267063613e-02
8.222013927e-02
8.200230113e-02
8.293276113e-02
8.239362144e-02
8.222471618e-02
8.238486778e-02
8.203309759e-02
8.224271346e-02
8.222176256e-02
8.213196657e-02
8.169811288e-02
8.154521680e-02
8.119066135e-02
8.044388939e-02
7.983026006e-02
7.912995583e-02
7.863326858e-02
7.807379981e-02
7.776356410e-02
7.765689387e-02
7.749550472e-02
7.786051690e-02
7.761571022e-02
7.891362824e-02
7.889371815e-02
7.894652795e-02
7.870479525e-02
7.933074720e-02
7.919299864e-02
7.753822285e-02
7.680228260e-02
7.686943584e-02
7.725578652e-02
7.754798826e-02
7.779250161e-02
7.772449376e-02
7.778623932e-02
7.731922133e-02
7.696409099e-02
7.708760275e-02
7.727564642e-02
7.746338939e-02
7.778662645e-02
7.792027952e-02
7.738167818e-02
7.696281314e-02
7.697754262e-02
7.721092555e-02
7.741566499e-02
7.675005268e-02
7.759584895e-02
7.720988058e-02
7.717284380e-02
7.769757893e-02
7.849598346e-02
7.902181200e-02
7.841499536e-02
7.761703648e-02
7.713636724e-02
7.726598161e-02
7.751262936e-02
7.741956515e-02
7.775417832e-02
7.868130645e-02
7.892524930e-02
7.866297241e-02
7.862799095e-02
7.795004772e-02
7.721794535e-02
7.624605520e-02
7.546269305e-02
7.551003528e-02
7.534821250e-02
7.562640204e-02
7.550333981e-02
7.503158112e-02
7.489948203e-02
7.565588174e-02
7.603311253e-02
7.680586010e-02
7.709778608e-02
7.719840153e-02
7.721243485e-02
7.640954581e-02
7.627924484e-02
7.688219735e-02
7.597770339e-02
7.572307708e-02
7.562744846e-02
7.530772137e-02
7.532093612e-02
