-3.724439435e-05
-3.425687081e-04
-1.030986032e-03
-6.824256854e-04
3.725581696e-04
8.165112363e-04
5.381107193e-04
2.732422088e-04
3.255946759e-04
3.547291882e-04
3.517660549e-04
-1.648253816e-04
1.293463987e-05
-5.809963103e-04
-2.805085754e-04
8.937019473e-06
-2.544291831e-04
-2.629240858e-04
3.845296296e-04
-8.582541760e-05
5.245061929e-04
-3.064855475e-04
4.378003863e-04
-2.172804538e-04
6.692494613e-04
1.241367947e-03
9.539971615e-04
1.016745203e-03
1.643325156e-03
1.613769654e-03
1.027078535e-03
8.380092106e-04
9.630561420e-04
1.589310571e-03
2.429056045e-03
3.077358552e-03
2.872162409e-03
2.917902653e-03
3.851749300e-03
3.449231299e-03
3.917648125e-03
4.409063820e-03
5.472708313e-03
5.471858836e-03
6.145792708e-03
6.246260371e-03
5.043471577e-03
3.714423133e-03
3.321811402e-03
3.958479644e-03
3.798154712e-03
4.079825820e-03
4.025785962e-03
3.146948367e-03
3.260712821e-03
3.119571375e-03
2.223734970e-03
3.416953443e-03
4.190488440e-03
4.460504235e-03
4.306693447e-03
3.963917698e-03
5.285618536e-03
4.999841030e-03
3.975761026e-03
3.861241343e-03
2.827977038e-03
3.550404195e-03
3.427542198e-03
2.709734845e-03
3.021869437e-03
3.212496539e-03
3.347868461e-03
2.832854688e-03
2.810536847e-03
3.089723959e-03
2.733430914e-03
3.175821476e-03
3.242102559e-03
3.231409501e-03
3.786017322e-03
3.445840306e-03
1.576056432e-03
2.252954697e-03
2.324716755e-03
2.192102034e-03
2.501461627e-03
2.303213458e-03
2.295391043e-03
1.116602292e-03
4.072784645e-04
7.132037765e-04
6.193362018e-04
2.577357222e-04
3.248178111e-04
-1.204041943e-04
-9.957819118e-04
-7.581195725e-04
-9.020575337e-04
-1.246922547e-03
-1.280724654e-03
-9.293621570e-04
-1.564745172e-03
-1.679083361e-03
-1.619625817e-03
-1.056646180e-03
-9.127524799e-04
-9.241559082e-04
-3.386781072e-04
-9.911163811e-04
-1.270149217e-03
-4.773332920e-04
-4.313183062e-04
-3.621718089e-04
-1.226768167e-04
-5.916701952e-04
-1.128239534e-03
-1.712244371e-03
-9.037651273e-04
-3.177423771e-04
5.668524727e-04
2.255364237e-04
4.529643888e-04
6.220328846e-04
2.331982558e-03
1.721928455e-03
1.444988182e-03
1.730291853e-03
1.080218105e-03
1.194271855e-03
1.950208539e-03
1.990692762e-03
2.796429031e-03
3.022587249e-03
4.740188024e-03
4.887672152e-03
4.589711190e-03
4.413312439e-03
3.932056164e-03
3.682794783e-03
3.409535615e-03
4.357415518e-03
4.252680423e-03
4.121161486e-03
4.639618132e-03
3.727514112e-03
3.295930855e-03
3.585797968e-03
4.326151185e-03
3.831342103e-03
4.099135881e-03
3.666096143e-03
3.363210332e-03
3.705571698e-03
3.054649899e-03
3.269663848e-03
3.283919377e-03
3.608923423e-03
2.937380006e-03
2.689800897e-03
2.234437604e-03
1.736013284e-03
2.083678587e-03
2.105406464e-03
1.779027456e-03
1.818015340e-03
2.755164549e-03
2.215566722e-03
1.434185233e-03
1.128441007e-03
1.101222027e-03
5.094633364e-04
4.944803055e-04
8.675080892e-04
9.395152112e-04
1.728190744e-03
1.578507231e-03
6.611216012e-04
1.468187382e-04
-1.247096741e-04
5.931262819e-04
8.688360361e-04
1.015400593e-04
-6.504098510e-05
1.374476632e-04
3.893280589e-04
4.008870019e-04
1.662698662e-03
1.412673891e-03
2.139447548e-03
1.955762783e-03
1.494036898e-03
9.108020092e-04
9.825806187e-04
1.129100726e-03
2.531394732e-04
3.567516550e-04
3.276891041e-04
-1.016189792e-04
3.047141590e-04
-5.487878444e-04
1.273214144e-04
9.192462718e-04
1.485483605e-03
7.608201127e-04
7.147470536e-04
7.798553404e-04
1.141568236e-03
9.066774176e-04
1.091280116e-03
1.803609184e-03
1.833286516e-03
2.804809492e-03
2.553517211e-03
2.517868494e-03
2.507684421e-03
2.238571779e-03
2.988052060e-03
3.168353536e-03
1.552392027e-03
6.237132971e-04
7.645601467e-04
2.206461719e-03
1.979832504e-03
1.338322368e-03
5.299114741e-04
-5.668251456e-04
5.697960553e-04
7.757121280e-04
2.326099667e-03
2.439001856e-03
1.631937072e-03
1.131079188e-03
5.440957131e-04
9.933321731e-04
2.669060033e-04
-1.838846322e-04
-8.067486185e-06
-5.852675651e-04
-7.717731127e-04
-3.754592991e-04
-7.317896338e-04
-6.511445377e-04
-1.264540815e-03
-1.456109836e-03
-1.276963686e-03
-6.665455834e-04
-1.262842195e-03
-1.304804090e-03
-1.377281058e-03
3.098325432e-03
-3.912329237e-03
2.559945011e-01
1.213756416e+00
2.792979334e+00
4.564063705e+00
6.132610447e+00
7.332660201e+00
8.160774731e+00
8.674560290e+00
8.937176274e+00
8.995841980e+00
8.904065326e+00
8.705331014e+00
8.445836913e+00
8.159953864e+00
7.867571322e+00
7.584645619e+00
7.318908430e+00
7.074779626e+00
6.854276370e+00
6.655732681e+00
6.478886393e+00
6.318874276e+00
6.173819539e+00
6.036646149e+00
5.907793315e+00
5.778761052e+00
5.654962302e+00
5.533393175e+00
5.408138946e+00
5.289097369e+00
5.179685765e+00
5.075757021e+00
4.972814172e+00
4.870072105e+00
4.767459387e+00
4.665826167e+00
4.566610592e+00
4.469413548e+00
4.374138002e+00
4.279964910e+00
4.189922265e+00
4.100195079e+00
4.012124900e+00
3.926620360e+00
3.842049914e+00
3.759671078e+00
3.678389489e+00
3.598948976e+00
3.521323142e+00
3.445096963e+00
3.370422228e+00
3.296812715e+00
3.225036693e+00
3.154644101e+00
3.085059560e+00
3.018693560e+00
2.953041746e+00
2.886825880e+00
2.822778646e+00
2.760228037e+00
2.698112476e+00
2.636534527e+00
2.576010089e+00
2.517881929e+00
2.461328836e+00
2.406308531e+00
2.353213898e+00
2.298533236e+00
2.246582752e+00
2.194746506e+00
2.143996530e+00
2.093914476e+00
2.046226277e+00
1.997231036e+00
1.951193473e+00
1.907414019e+00
1.862923844e+00
1.820542559e+00
1.779332193e+00
1.737951516e+00
1.696850691e+00
1.658008516e+00
1.621531152e+00
1.584589129e+00
1.549740223e+00
1.514929951e+00
1.480271920e+00
1.447101194e+00
1.416273413e+00
1.383587489e+00
1.351756719e+00
1.321842441e+00
1.291802364e+00
1.262613488e+00
1.233549817e+00
1.205771094e+00
1.178730886e+00
1.151979229e+00
1.125929856e+00
1.099836562e+00
1.075275970e+00
1.050895462e+00
1.027326998e+00
1.004270152e+00
9.821232152e-01
9.594130673e-01
9.394620234e-01
9.193259662e-01
8.984214181e-01
8.784380327e-01
8.588882661e-01
8.405907008e-01
8.226962413e-01
8.045217128e-01
7.873803998e-01
7.701339330e-01
7.538056726e-01
7.383102414e-01
7.236573508e-01
7.091752122e-01
6.935895259e-01
6.779097666e-01
6.644776085e-01
6.510983856e-01
6.378179288e-01
6.246607658e-01
6.117870154e-01
6.000240436e-01
5.883415872e-01
5.772600416e-01
5.664539865e-01
5.558529522e-01
5.451894025e-01
5.344689151e-01
5.241791238e-01
5.140956363e-01
5.044949350e-01
4.957779076e-01
4.864282545e-01
4.763702528e-01
4.664654426e-01
4.566297238e-01
4.489194225e-01
4.412415687e-01
4.324067294e-01
4.232620418e-01
4.145597800e-01
4.069322233e-01
4.000600327e-01
3.934079490e-01
3.863306338e-01
3.796701093e-01
3.737141013e-01
3.664740925e-01
3.601408273e-01
3.539628817e-01
3.475066218e-01
3.412826631e-01
3.362271482e-01
3.303114705e-01
3.245018371e-01
3.183669949e-01
3.131645412e-01
3.074255879e-01
3.032879508e-01
2.982205521e-01
2.930408949e-01
2.887322386e-01
2.855036970e-01
2.806572581e-01
2.761286936e-01
2.718468313e-01
2.670880396e-01
2.636044252e-01
2.600742396e-01
2.569161071e-01
2.527370311e-01
2.493940639e-01
2.463289387e-01
2.430225112e-01
2.387661936e-01
2.351201525e-01
2.323104558e-01
2.284104288e-01
2.256038191e-01
2.221961487e-01
2.196389364e-01
2.174353702e-01
2.139378179e-01
2.117857144e-01
2.099557147e-01
2.077308692e-01
2.033357200e-01
2.002349082e-01
1.981699014e-01
1.955971762e-01
1.935256593e-01
1.928216674e-01
1.902458100e-01
1.878405359e-01
1.861069681e-01
1.833596650e-01
1.809863252e-01
1.793657601e-01
1.772372442e-01
1.750149970e-01
1.730652627e-01
1.714453711e-01
1.699240668e-01
1.673830899e-01
1.662011055e-01
1.641568125e-01
1.624430784e-01
1.613456228e-01
1.602624407e-01
1.575709827e-01
1.575972326e-01
1.559732084e-01
1.550455769e-01
1.541855854e-01
1.535948114e-01
1.519210190e-01
1.515780731e-01
1.505939329e-01
1.497150998e-01
1.471808469e-01
1.461356161e-01
1.436989996e-01
1.439666892e-01
1.433376243e-01
1.420238386e-01
1.405714501e-01
1.404983123e-01
1.384518200e-01
1.377093628e-01
1.376467728e-01
1.354507201e-01
1.342210077e-01
1.334768685e-01
1.334045875e-01
1.335011630e-01
1.328348947e-01
1.321418298e-01
1.294699561e-01
1.286873207e-01
1.280454994e-01
1.274037700e-01
1.270553934e-01
1.270934461e-01
1.248493048e-01
1.238660682e-01
1.231513258e-01
1.222621197e-01
1.214125924e-01
1.209931769e-01
1.206540372e-01
1.192959724e-01
1.181137005e-01
1.192113638e-01
1.183640362e-01
1.180343417e-01
1.176769312e-01
1.170339905e-01
1.160038099e-01
1.166065487e-01
1.157539107e-01
1.146409976e-01
1.145751099e-01
1.139697314e-01
1.137958347e-01
1.138417119e-01
1.136671456e-01
1.125527639e-01
1.106354814e-01
1.100108257e-01
1.089542520e-01
1.084393677e-01
1.068238692e-01
1.061374174e-01
1.069009987e-01
1.068724470e-01
1.061058263e-01
1.053449966e-01
1.050458142e-01
1.035707141e-01
1.032674237e-01
1.027872300e-01
1.019499343e-01
1.017703882e-01
1.003622894e-01
1.009964139e-01
1.001959550e-01
9.986569503e-02
9.941403563e-02
9.966575937e-02
9.971964949e-02
1.011818951e-01
1.004158214e-01
1.000314723e-01
1.009324301e-01
9.899010542e-02
9.894513776e-02
9.904692997e-02
9.936286821e-02
9.938794280e-02
9.881484406e-02
9.978058844e-02
9.857281556e-02
9.965139443e-02
9.941292781e-02
1.001005195e-01
9.868756085e-02
9.962495601e-02
9.742307553e-02
9.749190990e-02
9.794475302e-02
9.673155315e-02
9.693158357e-02
9.725722971e-02
9.755079231e-02
9.671213219e-02
9.568090214e-02
9.611729369e-02
9.535412815e-02
9.665565926e-02
9.663170506e-02
9.612996407e-02
9.571495720e-02
9.623367598e-02
9.491291236e-02
9.421899725e-02
9.590713378e-02
9.489172710e-02
9.473120347e-02
9.401366466e-02
9.323636840e-02
9.330380581e-02
9.364244516e-02
9.425396384e-02
9.284328548e-02
9.331121959e-02
9.285905093e-02
9.315256515e-02
9.183937598e-02
9.256770465e-02
9.223232480e-02
9.169363567e-02
9.241835613e-02
9.172915153e-02
9.158239264e-02
9.174369672e-02
9.097240863e-02
9.135418478e-02
8.944372792e-02
9.046561934e-02
9.000913273e-02
9.053374693e-02
9.021649984e-02
9.015286868e-02
8.992617199e-02
9.080361030e-02
8.997111731e-02
8.991731710e-02
9.102453469e-02
9.062795963e-02
9.029812331e-02
9.064497114e-02
9.027055123e-02
9.007954310e-02
8.984609669e-02
9.073111274e-02
9.092128548e-02
9.166452423e-02
9.159908269e-02
9.145671180e-02
9.066664051e-02
9.194032406e-02
9.210133629e-02
9.238083169e-02
9.279017594e-02
9.202842473e-02
9.203234270e-02
9.224308739e-02
9.153589666e-02
9.242620303e-02
9.244508511e-02
9.223020616e-02
9.102738719e-02
9.089610624e-02
9.073701619e-02
9.065115315e-02
9.008102212e-02
9.155416991e-02
9.135684195e-02
9.140667109e-02
9.294644545e-02
9.106722535e-02
9.032187289e-02
9.122197374e-02
9.099262212e-02
8.919133299e-02
8.930514270e-02
9.010851472e-02
8.932181294e-02
8.889941252e-02
8.940195324e-02
8.957631221e-02
8.812015186e-02
8.810733662e-02
8.735383106e-02
8.729571470e-02
8.815951962e-02
8.724398782e-02
8.681682268e-02
8.556623391e-02
8.498968326e-02
8.524330212e-02
8.540338871e-02
8.610685263e-02
8.557934912e-02
8.538538188e-02
8.564885017e-02
8.533391166e-02
8.505580039e-02
8.501815217e-02
8.280126441e-02
8.227947006e-02
8.357945865e-02
8.290171364e-02
8.235999797e-02
8.168825061e-02
8.234616720e-02
8.320160133e-02
8.331316226e-02
8.369256323e-02
8.260948012e-02
8.345605745e-02
8.347607802e-02
8.404653004e-02
8.218884608e-02
8.185061077e-02
8.152914853e-02
8.209276059e-02
8.296050393e-02
8.226061140e-02
8.322477806e-02
8.316431357e-02
8.289692640e-02
8.213570191e-02
8.222749746e-02
8.321184940e-02
8.160315856e-02
8.129808817e-02
8.154991134e-02
8.180229335e-02
8.010721684e-02
8.075426251e-02
8.080133869e-02
8.113987008e-02
8.126550329e-02
8.110031223e-02
8.141734331e-02
8.158444306e-02
8.197755425e-02
8.275283303e-02
8.215754480e-02
8.268313697e-02
8.239712135e-02
8.293589401e-02
8.270246562e-02
8.335313673e-02
8.266668546e-02
8.396444639e-02
8.306061133e-02
8.262379986e-02
8.323994531e-02
8.262838247e-02
8.328410181e-02
8.370740309e-02
8.338920971e-02
8.277022315e-02
8.285034661e-02
8.346884275e-02
8.331654082e-02
8.475555643e-02
8.386492161e-02
8.352205538e-02
8.284271416e-02
8.298185410e-02
8.183523167e-02
8.253970253e-02
8.405932733e-02
8.309264849e-02
8.280072402e-02
8.255699905e-02
8.261623037e-02
8.294928245e-02
8.176944577e-02
8.176674885e-02
8.152598323e-02
8.235039026e-02
8.189044842e-02
8.224723256e-02
8.164814863e-02
8.255464078e-02
8.159650789e-02
8.174498098e-02
8.187337387e-02
8.141972343e-02
8.096691349e-02
7.983469293e-02
7.935066458e-02
7.947149807e-02
7.865924562e-02
7.944077161e-02
7.845571759e-02
7.847300583e-02
7.979844897e-02
7.998585340e-02
7.830642486e-02
7.798035274e-02
7.681179926e-02
7.692346580e-02
7.783026857e-02
7.721555458e-02
7.755187282e-02
7.827817401e-02
7.784552710e-02
7.692383639e-02
7.633418995e-02
7.772083230e-02
7.737066147e-02
7.849336302e-02
7.772955410e-02
7.757319827e-02
7.646704694e-02
7.715666611e-02
7.697950718e-02
7.641868952e-02
7.756301825e-02
7.670851102e-02
7.670037909e-02
7.644557865e-02
7.667173409e-02
7.631412375e-02
7.682798220e-02
7.754639900e-02
7.762908035e-02
7.774768838e-02
7.815074774e-02
7.825426488e-02
7.800355347e-02
7.776563746e-02
7.619120155e-02
7.544038864e-02
7.560423243e-02
7.508124400e-02
7.521275148e-02
7.549049345e-02
7.693181597e-02
7.642746819e-02
7.550611913e-02
7.641163902e-02
7.594325367e-02
7.656509624e-02
7.756476954e-02
7.664910586e-02
7.597196222e-02
7.769830259e-02
7.611243855e-02
7.586710556e-02
7.550907416e-02
7.444239230e-02
7.411849242e-02
7.563828993e-02
7.612293277e-02
7.601259961e-02
7.475338530e-02
7.556125478e-02
7.519371583e-02
7.635802590e-02
7.593101251e-02
7.632967517e-02
7.617872127e-02
7.601279114e-02
7.482090244e-02
7.569067840e-02
7.575698883e-02
7.430252063e-02
7.414321803e-02
7.321725963e-02
7.298154548e-02
7.280545781e-02
7.175276933e-02
7.265308447e-02
7.210503376e-02
7.252518525e-02
7.276424155e-02
7.325231134e-02
7.237212970e-02
7.250164085e-02
7.177914694e-02
7.090309147e-02
7.108356866e-02
7.058468677e-02
7.053556383e-02
7.036282359e-02
7.080830952e-02
7.094757899e-02
6.967913313e-02
7.076472636e-02
7.040566998e-02
7.061228973e-02
7.048268944e-02
7.011087636e-02
6.929640175e-02
7.068816910e-02
7.052031924e-02
7.006089279e-02
7.029477441e-02
6.865940416e-02
6.879329710e-02
6.897717533e-02
6.842168516e-02
6.861899682e-02
6.770924980e-02
6.806458228e-02
6.767321691e-02
6.881603663e-02
6.824340698e-02
6.746945162e-02
6.670755073e-02
6.685071000e-02
6.639169710e-02
6.699817732e-02
6.766149142e-02
6.585587742e-02
6.635913912e-02
6.636937759e-02
6.640013421e-02
6.524821357e-02
6.451792872e-02
6.473255576e-02
6.500433570e-02
6.548939022e-02
6.566006162e-02
6.595865747e-02
6.549200366e-02
6.713109962e-02
6.665459453e-02
6.634807033e-02
6.663192155e-02
6.629533923e-02
6.656965469e-02
6.797442751e-02
6.748173825e-02
6.882106635e-02
6.841863267e-02
6.809099798e-02
6.729458101e-02
6.810974245e-02
6.921710871e-02
6.889957295e-02
6.834720091e-02
6.825772513e-02
6.695982757e-02
6.721178062e-02
6.858017754e-02
6.729508246e-02
6.669398902e-02
6.677699892e-02
6.714840106e-02
6.838142275e-02
6.830431207e-02
6.891776998e-02
6.793606961e-02
6.857260873e-02
6.844327788e-02
6.894895921e-02
6.864924658e-02
6.933085581e-02
6.893485986e-02
6.930091928e-02
7.042393007e-02
6.903711326e-02
6.794105830e-02
6.806246537e-02
6.786948081e-02
6.811442309e-02
6.646736332e-02
6.573587357e-02
6.512548327e-02
6.595849369e-02
6.616760087e-02
6.639627104e-02
6.525433717e-02
6.574019799e-02
6.529775174e-02
6.569180991e-02
6.600052532e-02
6.448368075e-02
6.396766130e-02
6.411777029e-02
6.339772603e-02
6.264055826e-02
6.387710041e-02
6.428220212e-02
6.344256618e-02
6.337816003e-02
6.227961268e-02
6.265758171e-02
6.212525774e-02
6.293365792e-02
6.309297933e-02
6.376145503e-02
6.424102844e-02
6.280123089e-02
6.265540439e-02
6.346835034e-02
6.400293778e-02
6.316792383e-02
6.177251541e-02
6.136486385e-02
6.120345522e-02
6.170137477e-02
6.163620018e-02
6.189937736e-02
6.142598361e-02
6.200086042e-02
6.173140457e-02
6.169352096e-02
6.245396194e-02
6.150412937e-02
6.103217150e-02
6.215146088e-02
6.120977263e-02
6.087755474e-02
6.021280127e-02
6.078370389e-02
6.099187803e-02
6.217179869e-02
6.196170739e-02
6.095510289e-02
6.008560557e-02
6.110892027e-02
5.996853035e-02
5.972329328e-02
5.952984735e-02
5.883727016e-02
5.841205977e-02
5.908785133e-02
5.868566210e-02
5.937046524e-02
5.777797333e-02
5.781667650e-02
5.728959031e-02
5.800348973e-02
5.783848671e-02
5.823609527e-02
5.760487966e-02
5.810708350e-02
5.787259849e-02
5.787351218e-02
5.764158326e-02
5.621254512e-02
5.707170070e-02
5.721583733e-02
5.735956182e-02
5.769030426e-02
5.825269797e-02
5.978663993e-02
5.915401565e-02
