-7.973605400e-03
-7.916901886e-03
-8.148431572e-03
-7.849707956e-03
-7.791489830e-03
-8.226516333e-03
-8.576760431e-03
-8.088919042e-03
-7.592608551e-03
-6.716888966e-03
-6.453540430e-03
-6.249461016e-03
-7.110335613e-03
-7.126170800e-03
-6.495084341e-03
-6.311714248e-03
-6.923238704e-03
-6.810553314e-03
-7.322956679e-03
-7.171454516e-03
-6.670846842e-03
-6.065123416e-03
-6.360911189e-03
-7.474387571e-03
-7.645451465e-03
-7.116075085e-03
-6.486267606e-03
-5.842245213e-03
-5.628646349e-03
-5.497847544e-03
-5.316872370e-03
-5.675178633e-03
-5.525153374e-03
-5.205854314e-03
-5.382773205e-03
-5.186517474e-03
-5.256536011e-03
-6.030310928e-03
-5.997954908e-03
-6.028831393e-03
-5.648819064e-03
-5.188061194e-03
-4.287327182e-03
-3.586408581e-03
-3.921756070e-03
-4.018991244e-03
-4.120923977e-03
-3.601825229e-03
-3.242736451e-03
-3.656329288e-03
-3.257065096e-03
-3.301546328e-03
-3.363989717e-03
-3.647823634e-03
-4.393626750e-03
-4.247438106e-03
-4.826216668e-03
-5.566896136e-03
-5.847465132e-03
-6.267387332e-03
-5.729907766e-03
-6.037006768e-03
-6.491949106e-03
-6.793551884e-03
-6.425965600e-03
-6.153507513e-03
-6.057524613e-03
-5.518773651e-03
-4.707533793e-03
-4.176668582e-03
-4.017646541e-03
-4.233477687e-03
-4.697239537e-03
-4.678433700e-03
-4.092714329e-03
-4.503683510e-03
-4.686871990e-03
-4.238562074e-03
-4.758196980e-03
-4.900053732e-03
-5.057010751e-03
-5.712488126e-03
-5.970542097e-03
-5.741246214e-03
-5.734567576e-03
-5.563106572e-03
-5.581651854e-03
-5.063164260e-03
-5.605912073e-03
-5.656457906e-03
-5.479907617e-03
-5.226950321e-03
-5.584888735e-03
-5.142074950e-03
-4.930876052e-03
-4.417854780e-03
-4.325353851e-03
-4.135252601e-03
-3.703310334e-03
-2.995951980e-03
-3.501283879e-03
-4.160180704e-03
-4.777248883e-03
-5.048416163e-03
-5.539205501e-03
-5.751772078e-03
-6.555679321e-03
-6.464699083e-03
-6.440060112e-03
-6.098929378e-03
-6.505348686e-03
-6.289753821e-03
-5.847147288e-03
-6.174904925e-03
-6.549344586e-03
-6.876629405e-03
-6.251174447e-03
-5.595236066e-03
-5.485641820e-03
-5.350734581e-03
-5.672069856e-03
-5.019405469e-03
-4.886535972e-03
-4.311445915e-03
-4.524045382e-03
-4.505419321e-03
-4.318883466e-03
-4.867401834e-03
-5.500847722e-03
-6.186471643e-03
-6.072146036e-03
-5.742903876e-03
-6.062788970e-03
-7.019056635e-03
-8.362778408e-03
-9.198171082e-03
-9.067838961e-03
-8.720164169e-03
-8.836054235e-03
-9.648411145e-03
-1.027018801e-02
-9.698860884e-03
-8.772654675e-03
-7.970829342e-03
-7.900774913e-03
-8.238473551e-03
-8.897636647e-03
-9.145001798e-03
-8.958533127e-03
-9.355953702e-03
-9.416325089e-03
-9.214631760e-03
-9.237989727e-03
-9.388604560e-03
-8.794242271e-03
-8.887239545e-03
-9.930564584e-03
-1.021295482e-02
-9.626229389e-03
-8.583888021e-03
-8.107356452e-03
-7.933891356e-03
-7.760109658e-03
-7.148730571e-03
-7.729377572e-03
-7.646186322e-03
-7.251752358e-03
-6.711779927e-03
-5.926763563e-03
-6.238318307e-03
-7.339838180e-03
-8.155140978e-03
-9.597819454e-03
-9.704709079e-03
-9.267824968e-03
-9.394685853e-03
-9.493378335e-03
-9.118435537e-03
-8.710647831e-03
-9.294087206e-03
-9.805597600e-03
-9.902891783e-03
-1.010762565e-02
-9.705327577e-03
-9.564900874e-03
-9.402288851e-03
-9.405300196e-03
-9.671653895e-03
-9.783795335e-03
-1.015499878e-02
-9.567171260e-03
-1.006298729e-02
-9.896153659e-03
-9.256740283e-03
-9.006374369e-03
-8.535198777e-03
-8.265214548e-03
-8.702910829e-03
-9.099122931e-03
-8.162443465e-03
-7.633144930e-03
-7.525237842e-03
-7.875613672e-03
-7.912621294e-03
-7.580470998e-03
-7.469533173e-03
-7.633131937e-03
-7.573448136e-03
-7.074985579e-03
-7.591539634e-03
-7.894902327e-03
-8.152208554e-03
-8.666959241e-03
-8.455474816e-03
-7.873429387e-03
-7.556310623e-03
-7.702526700e-03
-8.083898399e-03
-7.555048266e-03
-7.128344237e-03
-7.303924703e-03
-8.505739451e-03
-8.728790452e-03
-8.565116473e-03
-8.040118320e-03
-8.035319860e-03
-7.949591688e-03
-8.041454292e-03
-8.061385931e-03
-7.730590699e-03
-6.707337245e-03
-6.983902771e-03
-7.359906575e-03
-7.198145108e-03
-7.120750101e-03
-6.700248667e-03
-6.895387485e-03
-7.350853064e-03
-7.148326246e-03
-7.108395549e-03
-6.771301996e-03
-6.846318491e-03
-7.194894052e-03
-7.702231276e-03
-6.619505701e-03
-5.353603781e-03
-4.914049163e-03
-4.752605357e-03
-3.966543666e-03
5.747982795e-03
9.282764406e-02
5.953532760e-01
2.193809386e+00
4.787810971e+00
7.522546452e+00
9.784632618e+00
1.135233516e+01
1.230217703e+01
1.280301865e+01
1.296349430e+01
1.287919390e+01
1.258262749e+01
1.213157830e+01
1.160348237e+01
1.105319313e+01
1.051462736e+01
1.001129379e+01
9.557972909e+00
9.158402663e+00
8.811926319e+00
8.509950519e+00
8.242683650e+00
7.996322698e+00
7.767127563e+00
7.552330182e+00
7.351432806e+00
7.169515184e+00
7.039733032e+00
6.954465533e+00
6.850419108e+00
6.702736212e+00
6.532060178e+00
6.367013550e+00
6.217933474e+00
6.079331484e+00
5.946827540e+00
5.816775001e+00
5.690205743e+00
5.568473909e+00
5.452475733e+00
5.341493850e+00
5.233787101e+00
5.127555289e+00
5.021451876e+00
4.915514846e+00
4.810107420e+00
4.706647948e+00
4.605787621e+00
4.507764840e+00
4.413244288e+00
4.323347362e+00
4.242570645e+00
4.174243544e+00
4.106108289e+00
4.026619804e+00
3.939171774e+00
3.853264308e+00
3.772954320e+00
3.696718476e+00
3.621140299e+00
3.546861991e+00
3.474777410e+00
3.404634234e+00
3.336452467e+00
3.270619276e+00
3.206726313e+00
3.144615041e+00
3.084082686e+00
3.024040487e+00
2.964567434e+00
2.906136663e+00
2.849030689e+00
2.793090164e+00
2.738778245e+00
2.684822761e+00
2.631791723e+00
2.581592015e+00
2.533994433e+00
2.485139277e+00
2.435302079e+00
2.387755801e+00
2.343872287e+00
2.301054081e+00
2.258727662e+00
2.214978032e+00
2.171178924e+00
2.128937251e+00
2.087970046e+00
2.049068880e+00
2.011075724e+00
1.973655770e+00
1.936505723e+00
1.900900315e+00
1.866380624e+00
1.832423898e+00
1.798662287e+00
1.765520007e+00
1.733320640e+00
1.701289688e+00
1.670415955e+00
1.638592723e+00
1.608578295e+00
1.580312234e+00
1.549575037e+00
1.516716919e+00
1.485872931e+00
1.458166631e+00
1.431674813e+00
1.404599099e+00
1.376677984e+00
1.349754037e+00
1.323630503e+00
1.298013541e+00
1.272933358e+00
1.248005843e+00
1.223522928e+00
1.199546497e+00
1.177281621e+00
1.155574066e+00
1.134476448e+00
1.113634920e+00
1.094197654e+00
1.075086596e+00
1.056910888e+00
1.038904374e+00
1.020237171e+00
1.003271960e+00
9.872481129e-01
9.701663838e-01
9.508042381e-01
9.324930592e-01
9.170996580e-01
9.029360699e-01
8.889943564e-01
8.730386252e-01
8.574467524e-01
8.422244393e-01
8.281338418e-01
8.135860619e-01
7.996571783e-01
7.848873792e-01
7.703765864e-01
7.575050140e-01
7.451144117e-01
7.323069735e-01
7.193182557e-01
7.065035168e-01
6.949278952e-01
6.828035557e-01
6.713958241e-01
6.590368537e-01
6.486194732e-01
6.384674813e-01
6.273216865e-01
6.142906002e-01
6.022954113e-01
5.915371584e-01
5.815866657e-01
5.723069233e-01
5.625633326e-01
5.517927728e-01
5.414988296e-01
5.318700278e-01
5.226841742e-01
5.129681892e-01
5.032520490e-01
4.934349479e-01
4.846656333e-01
4.765806350e-01
4.694545309e-01
4.614822542e-01
4.547194981e-01
4.480612574e-01
4.407588052e-01
4.341260307e-01
4.283495909e-01
4.219581304e-01
4.164071482e-01
4.094434741e-01
4.010056206e-01
3.934009170e-01
3.865918711e-01
3.806206923e-01
3.749440316e-01
3.688976189e-01
3.634819778e-01
3.573319313e-01
3.514999027e-01
3.457166376e-01
3.398451775e-01
3.338692042e-01
3.276310301e-01
3.218787641e-01
3.168493419e-01
3.116878158e-01
3.068609027e-01
3.022985289e-01
2.985790907e-01
2.946493634e-01
2.902606079e-01
2.854941387e-01
2.809383881e-01
2.772870698e-01
2.723621295e-01
2.670238695e-01
2.620839077e-01
2.580888132e-01
2.552888427e-01
2.520541612e-01
2.477876084e-01
2.438656093e-01
2.397655847e-01
2.364310271e-01
2.334154956e-01
2.295253118e-01
2.253530822e-01
2.213423026e-01
2.174472824e-01
2.149217798e-01
2.117786469e-01
2.090145387e-01
2.065611026e-01
2.040331407e-01
2.019689044e-01
1.988817805e-01
1.954841627e-01
1.920394217e-01
1.899221147e-01
1.868327706e-01
1.832702881e-01
1.795080554e-01
1.770904082e-01
1.749400932e-01
1.729220388e-01
1.702831393e-01
1.676038420e-01
1.649957330e-01
1.627970460e-01
1.606469861e-01
1.588448409e-01
1.566697327e-01
1.546562383e-01
1.514025862e-01
1.500425210e-01
1.479010542e-01
1.461669420e-01
1.445296689e-01
1.425107366e-01
1.404558192e-01
1.384443398e-01
1.361520607e-01
1.337498874e-01
1.328860026e-01
1.312306119e-01
1.297457879e-01
1.274721354e-01
1.257742086e-01
1.244541148e-01
1.232341614e-01
1.224148971e-01
1.206594377e-01
1.192942635e-01
1.177647438e-01
1.170150905e-01
1.159233239e-01
1.143384305e-01
1.117031805e-01
1.100143478e-01
1.100150132e-01
1.087993143e-01
1.075237620e-01
1.059540286e-01
1.048865983e-01
1.040460961e-01
1.026251169e-01
1.019278908e-01
1.007166066e-01
1.000225207e-01
9.912223983e-02
9.833194881e-02
9.667768774e-02
9.595808684e-02
9.524670520e-02
9.514973976e-02
9.384601540e-02
9.248708511e-02
9.089772735e-02
8.944252244e-02
8.831841730e-02
8.764995533e-02
8.683788844e-02
8.662710949e-02
8.518996169e-02
8.434788488e-02
8.319039023e-02
8.346178816e-02
8.286749208e-02
8.290689756e-02
8.178149843e-02
8.108463756e-02
8.048208832e-02
7.977165871e-02
7.990214780e-02
7.896398840e-02
7.772842017e-02
7.630178638e-02
7.544747742e-02
7.634246219e-02
7.495468153e-02
7.430658137e-02
7.350275987e-02
7.274632555e-02
7.151201268e-02
7.137707699e-02
7.050534680e-02
7.006532855e-02
6.921847225e-02
6.776764225e-02
6.727263279e-02
6.640310082e-02
6.555913618e-02
6.552116575e-02
6.496841844e-02
6.562375673e-02
6.482331184e-02
6.478980001e-02
6.384817042e-02
6.377915432e-02
6.285741864e-02
6.309229011e-02
6.185769063e-02
6.134223903e-02
6.125428671e-02
6.032748111e-02
6.070149257e-02
6.123977860e-02
6.111147003e-02
6.053760790e-02
6.049694733e-02
6.134266795e-02
6.083060828e-02
6.104897658e-02
6.028119514e-02
5.910572037e-02
5.805776461e-02
5.824128114e-02
5.692980787e-02
5.713784418e-02
5.680257482e-02
5.554591305e-02
5.595877504e-02
5.587177301e-02
5.579379441e-02
5.682535844e-02
5.729890034e-02
5.693646138e-02
5.608963258e-02
5.690909447e-02
5.644208939e-02
5.580166039e-02
5.502869637e-02
5.468611806e-02
5.450593619e-02
5.543095063e-02
5.525450986e-02
5.434502392e-02
5.381518255e-02
5.348539393e-02
5.344899525e-02
5.438375302e-02
5.405328789e-02
5.473548519e-02
5.443253728e-02
5.582410274e-02
5.508913341e-02
5.499494127e-02
5.419476420e-02
5.431584716e-02
5.386398204e-02
5.438653581e-02
5.363181579e-02
5.320616802e-02
5.316021749e-02
5.223521331e-02
5.136736547e-02
5.103718449e-02
5.093258996e-02
5.030587627e-02
4.942753071e-02
5.072946064e-02
4.987637712e-02
5.003917583e-02
4.961451233e-02
4.921576119e-02
4.770720377e-02
4.760772445e-02
4.725744754e-02
4.672613000e-02
4.758198632e-02
4.747128366e-02
4.713894218e-02
4.662743856e-02
4.668955181e-02
4.760826229e-02
4.704298331e-02
4.758902411e-02
4.686981582e-02
4.714148581e-02
4.713060702e-02
4.756426415e-02
4.661749502e-02
4.673018272e-02
4.626415702e-02
4.542356886e-02
4.561364448e-02
4.541176614e-02
4.510298150e-02
4.486248689e-02
4.413149833e-02
4.417719212e-02
4.330563924e-02
4.285481316e-02
4.210371818e-02
4.285825526e-02
4.222616031e-02
4.226317017e-02
4.168768181e-02
4.231380950e-02
4.244265581e-02
4.249520353e-02
4.357015303e-02
4.338269869e-02
4.282652968e-02
4.272017902e-02
4.282690083e-02
4.290324902e-02
4.204450822e-02
4.241212372e-02
4.227805001e-02
4.338550440e-02
4.331936212e-02
4.362702787e-02
4.298966521e-02
4.349737933e-02
4.299624297e-02
4.270391795e-02
4.281710301e-02
4.288366931e-02
4.329048504e-02
4.338018191e-02
4.275672427e-02
4.276617701e-02
4.224327010e-02
4.349283084e-02
4.320543219e-02
4.307036332e-02
4.246065464e-02
4.256028458e-02
4.175803353e-02
4.209389204e-02
4.194678453e-02
4.130364034e-02
4.210400864e-02
4.210640733e-02
4.108098175e-02
4.049068682e-02
4.071165972e-02
4.174026652e-02
4.136498862e-02
4.160442401e-02
4.063118393e-02
4.104472617e-02
4.128374328e-02
4.235140892e-02
4.216925449e-02
4.239673100e-02
4.257671310e-02
4.150028041e-02
4.200346353e-02
4.173596916e-02
4.142281215e-02
4.112708894e-02
4.084809831e-02
4.160941342e-02
4.129344830e-02
4.146586787e-02
4.081872005e-02
4.141735474e-02
4.184856598e-02
4.310745062e-02
4.293008956e-02
4.355754508e-02
4.367308777e-02
4.365925663e-02
4.393878542e-02
4.338271726e-02
4.245591738e-02
4.286497392e-02
4.308019531e-02
4.445725097e-02
4.405730447e-02
4.331907304e-02
4.196964769e-02
4.161616201e-02
4.197627415e-02
4.291167625e-02
4.248345608e-02
4.350940684e-02
4.360602050e-02
4.378329736e-02
4.418355996e-02
4.367280152e-02
4.278094312e-02
4.176188258e-02
4.112691014e-02
4.172206263e-02
4.160308392e-02
4.227321474e-02
4.156893587e-02
4.222629905e-02
4.179829936e-02
4.201089760e-02
4.259257589e-02
4.358994787e-02
4.379018953e-02
4.371443578e-02
4.448228516e-02
4.436109189e-02
4.394375999e-02
4.371580071e-02
4.343084254e-02
4.336447161e-02
4.332323233e-02
4.398288499e-02
4.368809915e-02
4.293839197e-02
4.230419469e-02
4.274239169e-02
4.289627360e-02
4.351130722e-02
4.319003754e-02
4.229118644e-02
4.287478889e-02
4.287181553e-02
4.229480815e-02
4.170518684e-02
4.161440540e-02
4.222276486e-02
4.140396425e-02
4.163671373e-02
4.129367115e-02
4.022645310e-02
3.990367575e-02
4.049333214e-02
4.057244611e-02
4.128856311e-02
4.109226069e-02
4.061640184e-02
4.108000600e-02
4.116492140e-02
4.162806425e-02
4.226203934e-02
4.197916773e-02
4.223768768e-02
4.164143988e-02
4.181667462e-02
4.113732897e-02
4.178683376e-02
4.200835931e-02
4.311836797e-02
4.250234499e-02
4.268192864e-02
4.219544660e-02
4.220126118e-02
4.188070395e-02
4.191121747e-02
4.149144427e-02
4.100878649e-02
4.109716390e-02
4.137880194e-02
4.053712924e-02
4.050640519e-02
4.019953350e-02
3.954041321e-02
3.858223640e-02
3.801718861e-02
3.774237336e-02
3.822408485e-02
3.761984836e-02
3.665332321e-02
3.777342863e-02
3.700152897e-02
3.598989809e-02
3.594819745e-02
3.722558865e-02
3.769756040e-02
3.650220564e-02
3.666841944e-02
3.617894278e-02
3.677153820e-02
3.720026085e-02
3.777746249e-02
3.734168337e-02
3.748205230e-02
3.822204869e-02
3.736802597e-02
3.720499589e-02
3.737873683e-02
3.720067957e-02
3.791919808e-02
3.789614253e-02
3.824982880e-02
3.758810879e-02
3.826660794e-02
3.798807072e-02
3.812710938e-02
3.800114161e-02
3.858692015e-02
3.834104299e-02
3.802374204e-02
3.751293642e-02
3.669057724e-02
3.649889302e-02
3.606155185e-02
3.589392308e-02
3.572448399e-02
3.541687444e-02
3.581667875e-02
3.541300668e-02
3.549831919e-02
3.481910957e-02
3.491634077e-02
3.544606724e-02
3.576302208e-02
3.518892861e-02
3.476101213e-02
3.447507616e-02
3.413248792e-02
3.475447226e-02
3.530301392e-02
3.526324746e-02
3.464394669e-02
3.497906296e-02
3.575800689e-02
3.591969379e-02
3.639301208e-02
3.575115806e-02
3.626014149e-02
3.656405392e-02
3.691897779e-02
3.589182521e-02
3.602033030e-02
3.603150436e-02
3.645169634e-02
3.734943379e-02
3.746890802e-02
3.708920734e-02
3.698346790e-02
3.738380515e-02
3.766272892e-02
3.713935522e-02
3.704771115e-02
3.694415281e-02
3.698392409e-02
3.683255031e-02
3.654196993e-02
3.647943407e-02
3.728081025e-02
3.747508830e-02
3.705529032e-02
3.719826294e-02
3.712242998e-02
3.729571817e-02
3.710824804e-02
3.655902594e-02
3.768748562e-02
3.780338571e-02
3.779693802e-02
3.761811233e-02
3.781015878e-02
3.823950221e-02
3.835985829e-02
3.857791541e-02
3.859506361e-02
3.857653845e-02
3.816696847e-02
3.819349173e-02
3.910137369e-02
3.999549274e-02
3.993974771e-02
3.958581940e-02
3.920028537e-02
3.909453185e-02
3.895922369e-02
3.907348519e-02
3.874958845e-02
3.899960538e-02
3.987421118e-02
3.971799697e-02
3.990297684e-02
3.887297269e-02
3.815897520e-02
3.786615945e-02
3.794588391e-02
3.799144554e-02
3.735837483e-02
3.576617167e-02
3.547229801e-02
3.543320719e-02
3.543763390e-02
3.475895106e-02
3.448247076e-02
3.462785670e-02
3.532632805e-02
3.568878357e-02
3.568051360e-02
3.557233794e-02
3.520769461e-02
3.482792555e-02
3.486362281e-02
3.466646370e-02
3.423157370e-02
3.394601550e-02
3.433196815e-02
3.427736482e-02
3.477832377e-02
3.553748093e-02
3.511225405e-02
3.443214577e-02
3.423855454e-02
3.442884554e-02
3.454154292e-02
3.452745388e-02
3.481339847e-02
3.450535632e-02
3.460620985e-02
3.449297497e-02
3.451583136e-02
3.422394911e-02
3.429649971e-02
3.393602062e-02
3.385840078e-02
3.405699536e-02
3.408973955e-02
3.305239721e-02
3.210263610e-02
3.204253842e-02
3.251289992e-02
3.234136703e-02
3.284384881e-02
3.328236793e-02
3.360435443e-02
3.330238024e-02
3.390854435e-02
3.400015371e-02
3.520907739e-02
3.469014541e-02
3.483728224e-02
3.401401774e-02
3.503735346e-02
3.497363795e-02
3.558271967e-02
3.515163625e-02
3.504862643e-02
3.484579609e-02
3.476774541e-02
3.499635923e-02
3.505422754e-02
3.515268526e-02
3.503937161e-02
3.493013252e-02
3.470410159e-02
3.426047130e-02
3.461538060e-02
