-5.025400249e-03
-5.019884631e-03
-4.927831995e-03
-4.813151913e-03
-4.674696037e-03
-4.541953100e-03
-4.437276622e-03
-4.349012521e-03
-4.328908892e-03
-4.323086045e-03
-4.303116637e-03
-4.310470177e-03
-4.389922501e-03
-4.435860401e-03
-4.408312538e-03
-4.356146622e-03
-4.296078231e-03
-4.183376093e-03
-4.055731129e-03
-4.000351520e-03
-3.944927810e-03
-3.898405904e-03
-3.829282994e-03
-3.818321689e-03
-3.808083607e-03
-3.842892138e-03
-3.906510835e-03
-3.890205181e-03
-3.828273743e-03
-3.755776730e-03
-3.665809513e-03
-3.645175749e-03
-3.554440311e-03
-3.449904840e-03
-3.333130279e-03
-3.205655428e-03
-3.108459458e-03
-3.109281673e-03
-3.185250731e-03
-3.250348082e-03
-3.243003355e-03
-3.136687266e-03
-2.988272575e-03
-2.905226490e-03
-2.890556234e-03
-2.967321111e-03
-3.001820856e-03
-2.909524898e-03
-2.735663259e-03
-2.500708722e-03
-2.349983628e-03
-2.371012620e-03
-2.432323298e-03
-2.473460745e-03
-2.529746061e-03
-2.462670364e-03
-2.398019222e-03
-2.360772733e-03
-2.370477357e-03
-2.420766102e-03
-2.349836544e-03
-2.226437480e-03
-1.997020583e-03
-1.796803129e-03
-1.682252087e-03
-1.759151383e-03
-1.889302900e-03
-1.962256970e-03
-1.980682417e-03
-1.978119817e-03
-1.872253368e-03
-1.806557205e-03
-1.862495147e-03
-1.779556255e-03
-1.628958049e-03
-1.419855810e-03
-1.192438317e-03
-1.053987424e-03
-1.013331462e-03
-1.114544942e-03
-1.289460542e-03
-1.400768093e-03
-1.494007524e-03
-1.483758666e-03
-1.421019751e-03
-1.325697177e-03
-1.193920506e-03
-1.040767574e-03
-8.314855674e-04
-6.976006895e-04
-6.423367821e-04
-6.406371923e-04
-7.615319361e-04
-7.506125487e-04
-8.299591027e-04
-9.234503761e-04
-9.910382011e-04
-9.506727076e-04
-8.306709588e-04
-6.753886477e-04
-5.112066471e-04
-4.406400250e-04
-3.399276542e-04
-2.799610020e-04
-2.071756287e-04
-9.765916591e-05
-1.692392975e-05
-3.487976453e-05
-2.038396260e-04
-3.421036372e-04
-4.570844410e-04
-4.390997410e-04
-3.075647128e-04
-6.168315317e-05
2.095378101e-04
4.506797803e-04
5.803836529e-04
6.671772087e-04
7.220772181e-04
7.627329318e-04
6.551444685e-04
4.176654689e-04
2.000545281e-04
1.178165213e-04
5.291004991e-05
2.308217792e-04
5.076876841e-04
7.730347630e-04
9.896421343e-04
1.096961444e-03
1.198472323e-03
1.336603929e-03
1.351547775e-03
1.244500114e-03
1.078215910e-03
8.960646199e-04
7.350076504e-04
7.037575135e-04
7.713391923e-04
9.603330086e-04
1.233306858e-03
1.450210868e-03
1.605024041e-03
1.766876081e-03
1.841065717e-03
1.822603862e-03
1.733770975e-03
1.556205979e-03
1.483986633e-03
1.378349756e-03
1.369004832e-03
1.508188831e-03
1.654968954e-03
1.766580538e-03
1.876622618e-03
1.939490980e-03
2.026512092e-03
2.145268056e-03
2.178128964e-03
2.161261116e-03
2.141728102e-03
2.120489919e-03
2.129869542e-03
2.110967428e-03
2.090477314e-03
2.141059088e-03
2.269635600e-03
2.421678153e-03
2.669360539e-03
2.844968582e-03
2.957558571e-03
2.996410217e-03
2.975449904e-03
2.895899580e-03
2.761951509e-03
2.662188617e-03
2.667899461e-03
2.766875915e-03
2.928040481e-03
3.105397081e-03
3.289776302e-03
3.443873124e-03
3.518221145e-03
3.554659013e-03
3.461879755e-03
3.370420228e-03
3.281258625e-03
3.156645857e-03
3.077529952e-03
3.112908749e-03
3.231533490e-03
3.415477723e-03
3.518257892e-03
3.600727344e-03
3.743201782e-03
3.855805262e-03
3.842272695e-03
3.899303608e-03
3.876615020e-03
3.811004761e-03
3.743168543e-03
3.623955473e-03
3.566611558e-03
3.716812765e-03
3.907195959e-03
4.167787151e-03
4.549601353e-03
4.809354059e-03
4.867684714e-03
4.687179356e-03
4.547824167e-03
4.396788050e-03
4.306745833e-03
4.325972519e-03
4.360106221e-03
4.376948568e-03
4.444155059e-03
4.603923817e-03
4.860260601e-03
5.116722216e-03
5.353953555e-03
5.373533125e-03
5.251288497e-03
5.044334389e-03
4.861636129e-03
4.826233123e-03
4.909855893e-03
4.998167702e-03
5.010911484e-03
4.917792302e-03
4.914998307e-03
5.066098181e-03
5.347641701e-03
5.668335291e-03
5.889947134e-03
5.945144199e-03
5.958915279e-03
5.801979680e-03
5.634330836e-03
5.585657833e-03
5.573776184e-03
5.747723979e-03
5.828865059e-03
5.751436773e-03
2.856473815e-02
2.354894740e-01
8.245031786e-01
1.761299682e+00
2.918757574e+00
4.166397459e+00
5.416104264e+00
6.608858021e+00
7.697143501e+00
8.645965418e+00
9.440546701e+00
1.008163910e+01
1.057904861e+01
1.094136484e+01
1.118548124e+01
1.133071649e+01
1.139613812e+01
1.139819241e+01
1.135060750e+01
1.127104715e+01
1.117645207e+01
1.107793343e+01
1.097920789e+01
1.087842624e+01
1.077514696e+01
1.067188046e+01
1.056949148e+01
1.046424233e+01
1.035098057e+01
1.022828066e+01
1.009577120e+01
9.954551525e+00
9.805849457e+00
9.654606307e+00
9.505676441e+00
9.365929044e+00
9.235775858e+00
9.110730083e+00
8.987090570e+00
8.862147913e+00
8.733693177e+00
8.599270091e+00
8.456937736e+00
8.309055497e+00
8.159457382e+00
8.013489083e+00
7.871909233e+00
7.735497416e+00
7.605382342e+00
7.482973289e+00
7.366236406e+00
7.252599693e+00
7.137619313e+00
7.018406377e+00
6.895354311e+00
6.768527855e+00
6.639056646e+00
6.509213002e+00
6.382701087e+00
6.262051102e+00
6.147293622e+00
6.038207691e+00
5.934098964e+00
5.835327236e+00
5.740460853e+00
5.646582989e+00
5.548825085e+00
5.445948840e+00
5.338455758e+00
5.228963466e+00
5.121604940e+00
5.019084953e+00
4.923403043e+00
4.834992864e+00
4.752619819e+00
4.674209459e+00
4.596796526e+00
4.520056560e+00
4.442675085e+00
4.364014044e+00
4.282748861e+00
4.199814365e+00
4.115507596e+00
4.034046548e+00
3.956594698e+00
3.883898609e+00
3.816734088e+00
3.753874683e+00
3.694120073e+00
3.635695018e+00
3.577419213e+00
3.519082957e+00
3.459667399e+00
3.399532396e+00
3.337418630e+00
3.273971729e+00
3.210589215e+00
3.150537512e+00
3.094668054e+00
3.045312671e+00
3.000959538e+00
2.959429295e+00
2.919511393e+00
2.878465803e+00
2.834880763e+00
2.788009194e+00
2.738711323e+00
2.688734466e+00
2.638859021e+00
2.591618681e+00
2.547711712e+00
2.508398092e+00
2.473163646e+00
2.441392501e+00
2.410045641e+00
2.378797529e+00
2.345806660e+00
2.310251309e+00
2.273011457e+00
2.234498939e+00
2.195972598e+00
2.158760898e+00
2.123956980e+00
2.092147339e+00
2.062601337e+00
2.035856906e+00
2.010752424e+00
1.986676220e+00
1.962485901e+00
1.937870857e+00
1.911178166e+00
1.883303836e+00
1.853754967e+00
1.823074242e+00
1.793283698e+00
1.765528849e+00
1.740978964e+00
1.719524265e+00
1.700618446e+00
1.683144612e+00
1.665506740e+00
1.647423641e+00
1.627639472e+00
1.606180795e+00
1.583153825e+00
1.559441992e+00
1.534923908e+00
1.511985482e+00
1.490972591e+00
1.472412739e+00
1.456932685e+00
1.443299396e+00
1.430248162e+00
1.416446515e+00
1.401625028e+00
1.385537827e+00
1.367965317e+00
1.349763734e+00
1.331006077e+00
1.312391983e+00
1.294400184e+00
1.278171826e+00
1.263519195e+00
1.251590394e+00
1.241330821e+00
1.231601554e+00
1.221652877e+00
1.210109932e+00
1.196843580e+00
1.181821447e+00
1.166045604e+00
1.150303596e+00
1.134853168e+00
1.120808352e+00
1.108395792e+00
1.097833375e+00
1.088893069e+00
1.081348964e+00
1.073423715e+00
1.065148589e+00
1.055244033e+00
1.043638603e+00
1.031245881e+00
1.018258444e+00
1.005536800e+00
9.934335717e-01
9.825407278e-01
9.729378792e-01
9.642827064e-01
9.568785853e-01
9.500044769e-01
9.431718126e-01
9.358683327e-01
9.279680183e-01
9.185946602e-01
9.087606436e-01
8.980704079e-01
8.869612859e-01
8.765478754e-01
8.669715200e-01
8.588773863e-01
8.520895533e-01
8.466817886e-01
8.419398076e-01
8.368874283e-01
8.310696230e-01
8.240684686e-01
8.156435590e-01
8.063281859e-01
7.967608192e-01
7.869857512e-01
7.784462792e-01
7.710232424e-01
7.648318761e-01
7.600489207e-01
7.559632629e-01
7.519567039e-01
7.470642039e-01
7.414123284e-01
7.344871625e-01
7.265686272e-01
7.184187752e-01
7.103807876e-01
7.028490198e-01
6.960502757e-01
6.903128649e-01
6.851023531e-01
6.810453264e-01
6.771492779e-01
6.730159247e-01
6.686711683e-01
6.634172248e-01
6.574400763e-01
6.505231537e-01
6.433045758e-01
6.363431871e-01
6.298201057e-01
6.241766409e-01
6.194357907e-01
6.153411145e-01
6.118536570e-01
6.087073480e-01
6.050734111e-01
6.012243830e-01
5.964033330e-01
5.906368057e-01
5.845512763e-01
5.781365617e-01
5.721667162e-01
5.667054635e-01
5.622048092e-01
5.583985347e-01
5.551461532e-01
5.523214743e-01
5.494765367e-01
5.461648658e-01
5.423149796e-01
5.379305901e-01
5.325838467e-01
5.271607573e-01
5.215977446e-01
5.163024448e-01
5.117760331e-01
5.077680484e-01
5.045723093e-01
5.016263987e-01
4.992235591e-01
4.968332452e-01
4.940615727e-01
4.906688740e-01
4.865260360e-01
4.816081235e-01
4.764143897e-01
4.715804124e-01
4.670242203e-01
4.635516334e-01
4.605729050e-01
4.580352344e-01
4.559710263e-01
4.537910765e-01
4.514395799e-01
4.484256849e-01
4.449290216e-01
4.406564737e-01
4.360425029e-01
4.316274702e-01
4.277327989e-01
4.242992337e-01
4.214530897e-01
4.191149420e-01
4.168068989e-01
4.148746233e-01
4.126013919e-01
4.100095705e-01
4.072952986e-01
4.040457178e-01
4.005423286e-01
3.965567915e-01
3.928455025e-01
3.893183220e-01
3.862059088e-01
3.837431021e-01
3.817094968e-01
3.797257243e-01
3.777139323e-01
3.757048058e-01
3.732708124e-01
3.708382488e-01
3.678340334e-01
3.643287930e-01
3.606843957e-01
3.569794349e-01
3.538199272e-01
3.509750590e-01
3.489065206e-01
3.470497247e-01
3.452957349e-01
3.434268795e-01
3.414343237e-01
3.390792127e-01
3.365240308e-01
3.336989268e-01
3.303389043e-01
3.271937248e-01
3.241329201e-01
3.214233347e-01
3.193193091e-01
3.175048492e-01
3.160884587e-01
3.144883668e-01
3.128660081e-01
3.108209989e-01
3.085520504e-01
3.061407505e-01
3.034380077e-01
3.004174054e-01
2.975320153e-01
2.948873217e-01
2.924377025e-01
2.906334379e-01
2.890549993e-01
2.876836511e-01
2.864012647e-01
2.847473333e-01
2.828856828e-01
2.805284524e-01
2.782045217e-01
2.755147676e-01
2.728863306e-01
2.704668359e-01
2.684346907e-01
2.665681713e-01
2.650643896e-01
2.637257206e-01
2.622662765e-01
2.610100185e-01
2.593612400e-01
2.575200718e-01
2.555758967e-01
2.533386855e-01
2.512196248e-01
2.488337323e-01
2.468051740e-01
2.448512598e-01
2.431312601e-01
2.415688457e-01
2.402512170e-01
2.388472342e-01
2.374709607e-01
2.360308349e-01
2.342467288e-01
2.325890562e-01
2.306234907e-01
2.284520354e-01
2.264282596e-01
2.243476723e-01
2.226971436e-01
2.209967043e-01
2.198166730e-01
2.185196023e-01
2.172993538e-01
2.160284556e-01
2.146893490e-01
2.129563944e-01
2.112370752e-01
2.093963322e-01
2.072938176e-01
2.056302792e-01
2.039177415e-01
2.024458830e-01
2.012458258e-01
2.000200304e-01
1.989452181e-01
1.976146472e-01
1.964595442e-01
1.949983196e-01
1.935309282e-01
1.919384384e-01
1.903187541e-01
1.885420065e-01
1.868926529e-01
1.854138195e-01
1.838088615e-01
1.826540311e-01
1.814662907e-01
1.802176303e-01
1.791379398e-01
1.777999330e-01
1.765351052e-01
1.748654607e-01
1.734201823e-01
1.717491951e-01
1.701743253e-01
1.686323843e-01
1.673168202e-01
1.659103823e-01
1.646780690e-01
1.635347586e-01
1.623213887e-01
1.613351357e-01
1.601139265e-01
1.587729118e-01
1.574655378e-01
1.560101015e-01
1.546545112e-01
1.532960607e-01
1.522335853e-01
1.510479896e-01
1.499276687e-01
1.487850554e-01
1.478401759e-01
1.467530324e-01
1.457784103e-01
1.448161379e-01
1.436110617e-01
1.426295102e-01
1.413967379e-01
1.400943487e-01
1.388976642e-01
1.376490565e-01
1.365351183e-01
1.352301244e-01
1.342940582e-01
1.332445161e-01
1.323068188e-01
1.313132560e-01
1.303768834e-01
1.292205889e-01
1.281117594e-01
1.269265476e-01
1.255777567e-01
1.245085459e-01
1.234202108e-01
1.223952928e-01
1.215530802e-01
1.206513929e-01
1.199434153e-01
1.189604686e-01
1.181460790e-01
1.169905509e-01
1.158183481e-01
1.145766291e-01
1.134803208e-01
1.122890078e-01
1.113749650e-01
1.105475151e-01
1.095856161e-01
1.088461571e-01
1.078094862e-01
1.068289047e-01
1.060996910e-01
1.051069330e-01
1.040973262e-01
1.027563966e-01
1.016377699e-01
1.004651568e-01
9.955973974e-02
9.872935662e-02
9.806841190e-02
9.727351368e-02
9.657569984e-02
9.580528437e-02
9.489451437e-02
9.423692929e-02
9.342135552e-02
9.241558910e-02
9.147243716e-02
9.031174269e-02
8.934689216e-02
8.825558016e-02
8.768709092e-02
8.694912798e-02
8.634034514e-02
8.555818883e-02
8.480381016e-02
8.388933043e-02
8.301556689e-02
8.213015424e-02
8.111970286e-02
8.026265479e-02
7.928006270e-02
7.830462066e-02
7.756784575e-02
7.684650504e-02
7.634051440e-02
7.560265828e-02
7.506451345e-02
7.422391587e-02
7.347274200e-02
7.266389912e-02
7.200669290e-02
7.112591018e-02
7.027927510e-02
6.936206774e-02
6.842082110e-02
6.773660559e-02
6.700329166e-02
6.639219503e-02
6.586177967e-02
6.514266195e-02
6.450778471e-02
6.355396898e-02
6.288829769e-02
6.203578263e-02
6.125682378e-02
6.035488825e-02
5.960738099e-02
5.876265480e-02
5.818181347e-02
5.768916989e-02
5.713354144e-02
5.679511991e-02
5.624878934e-02
5.563251193e-02
5.502131343e-02
5.424899952e-02
5.355272893e-02
5.260316714e-02
5.192823791e-02
5.113727941e-02
5.056533962e-02
4.991714580e-02
4.951646836e-02
4.882550122e-02
4.834460048e-02
4.774101210e-02
4.692060348e-02
4.631290262e-02
4.542745266e-02
4.463685028e-02
4.399920626e-02
4.328100694e-02
4.270692742e-02
4.194046147e-02
4.150381518e-02
4.080484637e-02
4.027452918e-02
3.965907498e-02
3.927519797e-02
3.870043074e-02
3.819272812e-02
3.757246615e-02
3.670649969e-02
3.606960588e-02
3.530682695e-02
3.466296404e-02
3.413637624e-02
3.357963841e-02
3.323643203e-02
3.258769309e-02
3.221203832e-02
3.165286141e-02
3.123251708e-02
3.072855161e-02
3.026746070e-02
2.946891685e-02
2.878732927e-02
2.809017859e-02
2.740124741e-02
2.707695919e-02
2.663774550e-02
2.613909636e-02
2.569154634e-02
2.505567980e-02
2.458202830e-02
2.399634962e-02
2.379922528e-02
2.328665343e-02
2.279358835e-02
2.205482030e-02
2.143105540e-02
2.063102879e-02
2.016969238e-02
1.978338807e-02
1.931898712e-02
1.910561756e-02
1.863555075e-02
1.816456341e-02
1.775802991e-02
1.725837835e-02
1.694283352e-02
1.631415386e-02
1.584783215e-02
1.505789782e-02
1.447128225e-02
1.394015233e-02
1.368407570e-02
1.325835670e-02
1.299264485e-02
1.262271792e-02
1.212632842e-02
1.179993323e-02
1.137172974e-02
1.097845981e-02
1.064307961e-02
1.005724672e-02
9.569305302e-03
8.791218476e-03
8.354806544e-03
7.794781989e-03
7.522961721e-03
7.165057896e-03
7.017748766e-03
6.610351156e-03
6.316497719e-03
5.836775538e-03
5.265842662e-03
4.860104229e-03
4.170001942e-03
3.595462760e-03
3.066815995e-03
2.498516910e-03
2.128190667e-03
1.595098487e-03
1.506225684e-03
1.213233387e-03
1.048195224e-03
7.063789028e-04
4.653288680e-04
-1.032364185e-04
-4.753832789e-04
-9.583521870e-04
-1.553635668e-03
-1.873515347e-03
-2.410741346e-03
-2.844918661e-03
-3.083788466e-03
-3.355700797e-03
-3.522463378e-03
-3.860731886e-03
-3.950943133e-03
-4.335210006e-03
-4.648999316e-03
-5.159033797e-03
-5.492857615e-03
-5.970680481e-03
-6.323316447e-03
-6.819864886e-03
-7.397871323e-03
-7.631303470e-03
-7.934621267e-03
-8.147397085e-03
-8.173553131e-03
-8.496908559e-03
-8.712170876e-03
-9.255462810e-03
-9.521986053e-03
-9.970246745e-03
-1.027191005e-02
-1.071879603e-02
-1.102336709e-02
-1.165764258e-02
-1.213504500e-02
-1.256616059e-02
-1.300070364e-02
-1.312852275e-02
-1.339668830e-02
-1.366316553e-02
-1.396503861e-02
-1.439328956e-02
-1.468243153e-02
-1.516520562e-02
-1.530297016e-02
-1.581036663e-02
-1.624874336e-02
-1.682293425e-02
-1.720539570e-02
-1.771482123e-02
-1.788455026e-02
-1.808352627e-02
-1.835090727e-02
-1.845224614e-02
-1.895980145e-02
-1.945701480e-02
-1.985969416e-02
-2.031310156e-02
-2.053128642e-02
-2.105018020e-02
-2.124207157e-02
-2.173294846e-02
-2.209528787e-02
-2.255294077e-02
-2.269186019e-02
-2.303354819e-02
-2.319047711e-02
-2.351699332e-02
-2.403977937e-02
-2.438640635e-02
-2.486413755e-02
-2.521539359e-02
-2.541794267e-02
-2.580287085e-02
-2.598126665e-02
-2.653077258e-02
-2.680902113e-02
-2.733550979e-02
-2.753399649e-02
-2.784911562e-02
-2.790775257e-02
-2.828354577e-02
-2.841862542e-02
-2.879422137e-02
-2.922558603e-02
-2.940324291e-02
-2.976273544e-02
-3.014736365e-02
-3.050866637e-02
-3.106391408e-02
-3.142441752e-02
-3.187309801e-02
-3.196405056e-02
-3.229880674e-02
-3.238812198e-02
-3.256305076e-02
-3.260779882e-02
-3.295161996e-02
-3.318211785e-02
-3.351270628e-02
-3.404590141e-02
-3.433526568e-02
-3.480417602e-02
-3.518374090e-02
-3.547154967e-02
-3.572460284e-02
-3.576850769e-02
-3.614801996e-02
-3.624486223e-02
-3.662366731e-02
-3.677134636e-02
-3.707717544e-02
-3.721337735e-02
-3.765487746e-02
-3.801062131e-02
-3.850071936e-02
-3.901738870e-02
-3.927863844e-02
-3.957912491e-02
-3.980225258e-02
-4.001693778e-02
-4.039869504e-02
-4.061101214e-02
-4.096274402e-02
-4.101355363e-02
-4.136257099e-02
-4.159269243e-02
-4.218522239e-02
-4.268475220e-02
-4.344359831e-02
-4.389012086e-02
-4.428703300e-02
-4.461261980e-02
-4.470789953e-02
-4.513088343e-02
-4.547167832e-02
-4.574532682e-02
-4.609191023e-02
-4.623612968e-02
-4.677917646e-02
-4.727138103e-02
-4.817894509e-02
