6.334400654e+00
6.283247948e+00
6.223325253e+00
6.182397842e+00
6.127300739e+00
6.090083122e+00
6.046673298e+00
6.009934902e+00
5.983181953e+00
5.956343174e+00
5.899063110e+00
5.840711594e+00
5.793397427e+00
5.755948544e+00
5.711687088e+00
5.669597149e+00
5.611751080e+00
5.554455757e+00
5.508692741e+00
5.450443268e+00
5.406447887e+00
5.377510548e+00
5.332450390e+00
5.299879074e+00
5.266401291e+00
5.235999107e+00
5.194380760e+00
5.149571896e+00
5.100175381e+00
5.083658218e+00
5.057351112e+00
5.018553257e+00
4.982141018e+00
4.942057133e+00
4.901818752e+00
4.875338554e+00
4.857099533e+00
4.822735786e+00
4.781002045e+00
4.755819798e+00
4.711279392e+00
4.677105427e+00
4.630206585e+00
4.592779160e+00
4.569690228e+00
4.541878223e+00
4.517304420e+00
4.478772163e+00
4.431104183e+00
4.393313408e+00
4.392104149e+00
4.362005234e+00
4.347383976e+00
4.323345661e+00
4.299048424e+00
4.273781300e+00
4.241088390e+00
4.204266071e+00
4.166878223e+00
4.134001732e+00
4.100955009e+00
4.049069881e+00
4.016345978e+00
3.977890730e+00
3.940936089e+00
3.916814327e+00
3.880764961e+00
3.861346483e+00
3.853906393e+00
3.838416338e+00
3.813555002e+00
3.802940369e+00
3.785179377e+00
3.778423786e+00
3.774636745e+00
3.758564234e+00
3.725872040e+00
3.686718702e+00
3.657460690e+00
3.641045332e+00
3.611699343e+00
3.585323811e+00
3.584622145e+00
3.570752859e+00
3.553265572e+00
3.522231340e+00
3.505046844e+00
3.490048409e+00
3.483070135e+00
3.464742899e+00
3.436093807e+00
3.424782753e+00
3.407599211e+00
3.382124662e+00
3.351668596e+00
3.323550463e+00
3.296867371e+00
3.266135454e+00
3.252879381e+00
3.238481283e+00
3.222408533e+00
3.201063395e+00
3.192242384e+00
3.167024851e+00
3.146670103e+00
3.131093025e+00
3.122734785e+00
3.103420019e+00
3.086803436e+00
3.074946404e+00
3.064077854e+00
3.031375647e+00
3.024723053e+00
3.026871681e+00
3.030284166e+00
3.007099628e+00
2.954174519e+00
2.936909914e+00
2.942624092e+00
2.944586277e+00
2.945985794e+00
2.929076910e+00
2.919232368e+00
2.895447969e+00
2.895156860e+00
2.902477980e+00
2.894900322e+00
2.876045942e+00
2.839824915e+00
2.819966555e+00
2.812101364e+00
2.787122726e+00
2.768609524e+00
2.763679743e+00
2.766903877e+00
2.773336172e+00
2.746191740e+00
2.719045639e+00
2.702615023e+00
2.712698698e+00
2.708431959e+00
2.691062450e+00
2.661529779e+00
2.633896351e+00
2.615329981e+00
2.602536678e+00
2.598032236e+00
2.574076176e+00
2.552782536e+00
2.536828995e+00
2.504274845e+00
2.482502699e+00
2.481649637e+00
2.462746620e+00
2.475524902e+00
2.469331503e+00
2.445425510e+00
2.420925617e+00
2.415671110e+00
2.410209179e+00
2.401268721e+00
2.378458500e+00
2.359742641e+00
2.340105295e+00
2.331096172e+00
2.311322451e+00
2.299904823e+00
2.297720909e+00
2.288031816e+00
2.292739391e+00
2.288304806e+00
2.277266741e+00
2.262508869e+00
2.244251966e+00
2.223162174e+00
2.225141525e+00
2.224305153e+00
2.215058327e+00
2.196443796e+00
2.195078611e+00
2.188237190e+00
2.183408737e+00
2.179774284e+00
2.166313171e+00
2.160392761e+00
2.122224808e+00
2.118522406e+00
2.096204758e+00
2.075508356e+00
2.069860697e+00
2.061141729e+00
2.057199955e+00
2.032324076e+00
2.015160799e+00
2.012431622e+00
1.997740507e+00
2.023503065e+00
2.017106533e+00
1.971019864e+00
2.000709295e+00
1.988474846e+00
1.951619983e+00
1.961668849e+00
1.937540650e+00
1.909422636e+00
1.894885063e+00
1.883794546e+00
1.880126238e+00
1.884936571e+00
1.876831889e+00
1.865929842e+00
1.859787345e+00
1.854413033e+00
1.849481583e+00
1.843356609e+00
1.839944243e+00
1.817985773e+00
1.793177724e+00
1.771901250e+00
1.763507366e+00
1.758849144e+00
1.757074714e+00
1.748746872e+00
1.734108329e+00
1.723683476e+00
1.716721892e+00
1.716415048e+00
1.713122606e+00
1.711414576e+00
1.695582986e+00
1.718666434e+00
1.731514335e+00
1.712628365e+00
1.705923557e+00
1.733784914e+00
1.751426101e+00
1.790378571e+00
1.839943171e+00
1.885756373e+00
1.922628284e+00
1.938325286e+00
1.954550862e+00
1.988063455e+00
2.017307758e+00
2.051431894e+00
2.083544016e+00
2.104753256e+00
2.124202013e+00
2.130941153e+00
2.180678368e+00
2.217344761e+00
2.252015114e+00
2.282111883e+00
2.336536884e+00
2.376309156e+00
2.366787672e+00
2.464466572e+00
2.411338568e+00
2.422804594e+00
2.507923841e+00
2.542067528e+00
2.497977257e+00
2.617481232e+00
2.638194561e+00
2.576483488e+00
2.647866964e+00
2.658035994e+00
2.697873354e+00
2.705124140e+00
2.672760248e+00
2.748443365e+00
2.670882940e+00
2.719539881e+00
2.723395824e+00
2.748219490e+00
2.739467621e+00
2.837097168e+00
2.690603971e+00
2.784287214e+00
2.850148916e+00
2.772701740e+00
2.845849991e+00
2.890977144e+00
2.894440174e+00
2.873846531e+00
2.866137743e+00
2.939329624e+00
2.875722647e+00
2.925986767e+00
2.906110525e+00
2.902954102e+00
2.881882668e+00
2.962226152e+00
2.855440855e+00
2.898706675e+00
2.969990015e+00
2.900586128e+00
2.930441380e+00
2.948407173e+00
2.951563120e+00
2.907425404e+00
2.898196459e+00
2.974118471e+00
2.906164408e+00
2.954993010e+00
2.921585321e+00
2.946853399e+00
2.923855543e+00
3.009793282e+00
2.890194416e+00
2.913263321e+00
2.974562407e+00
2.881646872e+00
2.877706289e+00
2.878185034e+00
2.881492853e+00
2.843801022e+00
2.822780609e+00
2.882960796e+00
2.801882505e+00
2.831465721e+00
2.788011074e+00
2.772501230e+00
2.741875648e+00
2.833394289e+00
2.688050032e+00
2.714152575e+00
2.754875660e+00
2.663754225e+00
2.676584959e+00
2.682744265e+00
2.710142612e+00
2.692980289e+00
2.673513651e+00
2.739109993e+00
2.653959751e+00
2.702615976e+00
2.686563492e+00
2.698590040e+00
2.664999723e+00
2.744091511e+00
2.617736578e+00
2.630294800e+00
2.672214985e+00
2.564759970e+00
2.578154564e+00
2.562866449e+00
2.547271967e+00
2.486837626e+00
2.438565493e+00
2.473921061e+00
2.394105911e+00
2.450545073e+00
2.422748566e+00
2.423568726e+00
2.375082493e+00
2.434847116e+00
2.292518616e+00
2.313471079e+00
2.380490541e+00
2.296085119e+00
2.303558826e+00
2.307227135e+00
2.329783440e+00
2.302843094e+00
2.265017509e+00
2.323299408e+00
2.224356651e+00
2.263567686e+00
2.228212833e+00
2.200212717e+00
2.131265402e+00
2.208556652e+00
2.076445103e+00
2.102038145e+00
2.158173561e+00
2.051002264e+00
2.031125307e+00
2.029725790e+00
2.029129505e+00
1.989424944e+00
1.953526139e+00
2.009251595e+00
1.937470317e+00
1.985467672e+00
1.950624704e+00
1.924110770e+00
1.876268029e+00
1.973319054e+00
1.837724924e+00
1.864256740e+00
1.928188801e+00
1.821074009e+00
1.836137533e+00
1.841393709e+00
1.835353851e+00
1.803550839e+00
1.785295367e+00
1.845098019e+00
1.772736192e+00
1.824725270e+00
1.774614096e+00
1.771083593e+00
1.736892581e+00
1.825201988e+00
1.705259204e+00
1.745561600e+00
1.792205453e+00
1.712272167e+00
1.714625716e+00
1.734470010e+00
1.753426909e+00
1.718789816e+00
1.693247914e+00
1.758303404e+00
1.697393656e+00
1.741756320e+00
1.707238436e+00
1.693452835e+00
1.640390515e+00
1.718278527e+00
1.589423656e+00
1.612576604e+00
1.678421617e+00
1.582872391e+00
1.578521848e+00
1.576013446e+00
1.571765304e+00
1.526122451e+00
1.495430470e+00
1.561443090e+00
1.473931909e+00
1.492085576e+00
1.475518703e+00
1.484408498e+00
1.431018233e+00
1.520646095e+00
1.418870926e+00
1.456938505e+00
1.498893499e+00
1.400495768e+00
1.413052201e+00
1.408308983e+00
1.396775484e+00
1.342004538e+00
1.304909945e+00
1.361303091e+00
1.276436210e+00
1.339495301e+00
1.314757943e+00
1.309518576e+00
1.275140047e+00
1.366814971e+00
1.237242579e+00
1.281111240e+00
1.339376092e+00
1.258675098e+00
1.282065392e+00
1.290834665e+00
1.261301279e+00
1.235195160e+00
1.207402110e+00
1.281213045e+00
1.193735480e+00
1.211001873e+00
1.174575210e+00
1.175257087e+00
1.144530177e+00
1.223728180e+00
1.078127623e+00
1.120216608e+00
1.174660444e+00
1.096210241e+00
1.114194036e+00
1.126221895e+00
1.117352486e+00
1.086539149e+00
1.058813691e+00
1.142415047e+00
1.065092564e+00
1.103207946e+00
1.073162317e+00
1.079902053e+00
1.052706242e+00
1.155501246e+00
1.041171908e+00
1.084150672e+00
1.118939161e+00
1.018445015e+00
1.028545022e+00
1.014332652e+00
9.955815077e-01
9.631810188e-01
9.432359934e-01
1.008463144e+00
9.248085618e-01
9.658941031e-01
9.347559810e-01
9.463241100e-01
9.163634777e-01
1.021379828e+00
9.018776417e-01
9.415976405e-01
9.923914671e-01
8.954624534e-01
9.035838246e-01
9.022358060e-01
9.134794474e-01
8.789129257e-01
8.531480432e-01
9.300980568e-01
8.467158675e-01
9.123024344e-01
8.825637698e-01
8.907533884e-01
8.523989320e-01
9.475354552e-01
8.189561963e-01
8.502818942e-01
8.987205029e-01
8.261563182e-01
8.474844098e-01
8.500951529e-01
8.639146686e-01
8.373485804e-01
8.205938935e-01
8.770187497e-01
7.858039141e-01
8.191269636e-01
7.900696993e-01
7.902235389e-01
7.490705252e-01
8.649727702e-01
7.639312148e-01
8.024567962e-01
8.586422801e-01
7.612014413e-01
7.721546292e-01
7.974407077e-01
8.129671812e-01
7.926120758e-01
7.675819397e-01
8.463070393e-01
7.653641105e-01
8.265311718e-01
7.922705412e-01
7.855990529e-01
7.535067797e-01
8.362737894e-01
7.200832367e-01
7.684186101e-01
8.263264298e-01
7.456581593e-01
7.593250275e-01
7.791331410e-01
7.916730046e-01
7.576524019e-01
7.189047337e-01
7.724958658e-01
6.792690754e-01
7.431500554e-01
7.183085084e-01
7.282721400e-01
6.887050271e-01
7.819653749e-01
6.582486629e-01
6.900355816e-01
7.367174029e-01
6.528061628e-01
6.529086828e-01
6.615248322e-01
6.629922390e-01
6.345664263e-01
6.200814843e-01
6.914176941e-01
6.098792553e-01
6.461010575e-01
6.124384403e-01
6.161909699e-01
6.006309986e-01
7.014334798e-01
5.795936584e-01
6.356425285e-01
7.028667927e-01
6.175394058e-01
6.167036295e-01
6.468861699e-01
6.635212898e-01
6.373484135e-01
6.257122159e-01
6.954957843e-01
6.290912628e-01
6.889622808e-01
6.664731503e-01
6.765910387e-01
6.435075402e-01
7.449578047e-01
6.147412658e-01
6.523966789e-01
7.242283225e-01
6.500087976e-01
6.679575443e-01
6.890807748e-01
6.958885789e-01
6.591710448e-01
6.375866532e-01
7.201163173e-01
6.354879141e-01
6.908385158e-01
6.627709866e-01
6.599729657e-01
6.181873679e-01
6.855835915e-01
5.569173694e-01
5.992480516e-01
6.729917526e-01
5.824263692e-01
5.827166438e-01
6.076256037e-01
6.312052011e-01
6.303859949e-01
6.025591493e-01
6.648184061e-01
5.774621367e-01
6.255756021e-01
5.907708406e-01
5.857372880e-01
5.456225276e-01
6.436614990e-01
5.354539752e-01
5.697322488e-01
6.321781278e-01
5.455379486e-01
5.533691645e-01
5.871530175e-01
6.035659313e-01
5.677873492e-01
5.490355492e-01
6.125403643e-01
5.244663358e-01
5.787764192e-01
5.572083592e-01
5.714728236e-01
5.409483314e-01
6.236134768e-01
4.816919863e-01
5.052888393e-01
5.462375879e-01
4.514405131e-01
4.536926150e-01
4.802245200e-01
4.845244586e-01
4.254381061e-01
4.251139462e-01
5.051013231e-01
4.438140690e-01
5.055959225e-01
4.622758329e-01
4.645276666e-01
4.466121197e-01
5.615072250e-01
4.556379318e-01
4.864347875e-01
5.682988167e-01
4.898135960e-01
5.035312772e-01
5.319394469e-01
5.669502616e-01
5.372286439e-01
5.373481512e-01
6.283739805e-01
5.448213220e-01
5.981243849e-01
5.564575195e-01
5.357784629e-01
4.961092472e-01
6.051540375e-01
4.926110208e-01
5.290389061e-01
5.781095624e-01
5.080528855e-01
5.421426296e-01
5.386791229e-01
5.303015709e-01
5.063633323e-01
5.167537332e-01
5.968276858e-01
5.284758806e-01
5.945921540e-01
5.809938312e-01
5.826832056e-01
5.394638777e-01
6.247048974e-01
5.030366778e-01
5.434733629e-01
6.092811823e-01
5.243292451e-01
5.270417929e-01
5.261887312e-01
5.364426970e-01
5.126591921e-01
4.900185466e-01
5.522767901e-01
4.589316845e-01
5.044531822e-01
4.666778147e-01
4.792011976e-01
4.580955803e-01
5.643216372e-01
4.374154508e-01
4.894386232e-01
5.435410142e-01
4.524815381e-01
4.826985598e-01
5.085820556e-01
5.304552913e-01
5.058008432e-01
4.806338847e-01
5.509127975e-01
4.832275510e-01
5.581469536e-01
5.288851261e-01
5.345841050e-01
4.917068779e-01
5.680427551e-01
4.447349608e-01
4.614390731e-01
5.288679600e-01
4.625992775e-01
5.039914846e-01
5.186985135e-01
5.398556590e-01
5.204223990e-01
4.997426271e-01
5.803618431e-01
4.882260859e-01
5.413231254e-01
5.151331425e-01
5.035136342e-01
4.693210125e-01
5.322631001e-01
4.116518795e-01
4.605004489e-01
5.415454507e-01
4.706692398e-01
5.048104525e-01
5.159687996e-01
5.106799603e-01
4.551770687e-01
4.226566851e-01
5.080009103e-01
4.376884401e-01
4.998280704e-01
4.940954149e-01
4.744736552e-01
4.405545294e-01
5.315634012e-01
4.076923132e-01
4.612165987e-01
5.389681458e-01
4.579235613e-01
4.912627935e-01
5.190739036e-01
5.108326674e-01
4.641687572e-01
4.540683031e-01
5.314781070e-01
4.634179175e-01
5.301471949e-01
5.086662769e-01
5.088370442e-01
4.926623404e-01
5.914002657e-01
4.741156101e-01
4.852913022e-01
5.160201788e-01
4.399919510e-01
4.630422294e-01
4.793534875e-01
4.640661180e-01
4.423462749e-01
4.231350124e-01
4.785346389e-01
4.160367846e-01
4.717782736e-01
4.382514358e-01
4.421416223e-01
4.062943459e-01
4.851721525e-01
3.356230259e-01
3.551080227e-01
4.184255302e-01
3.113273680e-01
3.063454032e-01
3.062597513e-01
3.217182159e-01
3.181347251e-01
3.151488304e-01
3.890952468e-01
2.943001390e-01
3.387118280e-01
3.200626671e-01
3.466794789e-01
3.432505727e-01
4.582309425e-01
3.461509645e-01
3.790458441e-01
4.278260469e-01
3.489997685e-01
3.808034360e-01
3.847448528e-01
3.817760348e-01
3.677171171e-01
3.347362578e-01
4.027791321e-01
3.162585795e-01
3.582476079e-01
3.371251225e-01
3.401791453e-01
3.071645200e-01
4.099788666e-01
2.796269357e-01
3.287984431e-01
4.053380191e-01
3.275359273e-01
3.379780352e-01
3.400425911e-01
3.587763906e-01
3.478567600e-01
3.723917603e-01
4.468334317e-01
3.572580814e-01
3.878842592e-01
3.583500385e-01
3.645946383e-01
3.367673159e-01
4.210866392e-01
2.994016707e-01
3.368693292e-01
3.791484833e-01
2.835853994e-01
3.083077371e-01
3.437283039e-01
3.477722406e-01
3.077618182e-01
2.980199158e-01
3.577019572e-01
2.822545469e-01
3.257109821e-01
3.090757728e-01
3.217527270e-01
2.986515462e-01
3.957500160e-01
2.811976373e-01
3.157468736e-01
3.756001890e-01
2.830401361e-01
2.938398719e-01
2.973545790e-01
2.976273000e-01
2.564576566e-01
2.396176606e-01
3.212915361e-01
2.492571175e-01
3.049460053e-01
2.855637670e-01
2.944874167e-01
2.607564628e-01
3.542895913e-01
2.319906503e-01
2.902222872e-01
3.583843112e-01
2.857010067e-01
2.959551513e-01
3.017391562e-01
3.245512247e-01
2.912122011e-01
2.684857547e-01
3.439499140e-01
2.706184685e-01
3.206941485e-01
3.015344739e-01
2.998111546e-01
2.450599819e-01
3.269730210e-01
2.055105269e-01
2.311377525e-01
2.767609954e-01
1.928505301e-01
2.088884860e-01
2.107827663e-01
2.256772220e-01
1.917415410e-01
1.682814807e-01
2.429780960e-01
1.697317809e-01
2.005456686e-01
1.558264643e-01
1.648692936e-01
1.183410138e-01
2.087351233e-01
5.311247334e-02
9.348122776e-02
1.718475968e-01
1.049468815e-01
1.369213462e-01
1.343277991e-01
1.494619399e-01
1.144504398e-01
1.009543538e-01
1.702432036e-01
6.903126091e-02
1.008180082e-01
8.906221390e-02
1.180165187e-01
9.887286276e-02
1.960237920e-01
7.384263724e-02
9.904353321e-02
1.590337753e-01
8.496730030e-02
8.587158471e-02
9.825878590e-02
1.038038433e-01
7.536122948e-02
6.787101179e-02
1.429955214e-01
5.759976432e-02
7.921729982e-02
4.550284892e-02
6.959433854e-02
3.721075132e-02
1.462884843e-01
2.629111335e-02
6.843411177e-02
1.087175459e-01
2.575023333e-03
2.753663436e-02
4.756734520e-02
4.978539795e-02
1.253919303e-02
3.905849997e-03
7.160765678e-02
-2.149936743e-02
2.335645631e-02
8.017776534e-03
2.117252722e-02
8.051900193e-03
1.104921550e-01
1.175434049e-02
5.210581422e-02
1.057493389e-01
2.042181045e-02
1.740184799e-02
1.477431133e-02
2.188913710e-02
-3.959701862e-03
-4.130321089e-03
8.667371422e-02
1.622456685e-02
7.566858083e-02
5.944244936e-02
5.623480305e-02
4.876168072e-02
1.622757167e-01
4.236347228e-02
7.872275263e-02
1.340721399e-01
5.983487517e-02
7.056679577e-02
7.638487965e-02
9.307185560e-02
7.754526287e-02
7.768163830e-02
1.648860872e-01
1.033261418e-01
1.480803490e-01
1.059026122e-01
9.167286009e-02
5.952776596e-02
1.422278732e-01
3.132438287e-02
7.351866364e-02
1.451284736e-01
5.527933687e-02
6.495363265e-02
8.199875802e-02
7.640238106e-02
2.898689918e-02
8.956182748e-03
9.223593771e-02
2.142846212e-02
6.152398884e-02
2.465316653e-02
3.758610785e-02
1.424538251e-02
1.041965187e-01
-8.822353557e-03
2.915751748e-02
8.701498806e-02
1.569565199e-02
4.371134937e-02
4.383077845e-02
5.123566091e-02
2.661528625e-02
2.370280214e-03
7.727251947e-02
2.626205096e-03
6.159234419e-02
4.531516507e-02
4.985364154e-02
3.306469694e-02
1.427910775e-01
2.182088979e-02
5.611551180e-02
1.323320866e-01
6.254827231e-02
7.022595406e-02
9.097377211e-02
9.131492674e-02
5.748058856e-02
8.266455680e-02
1.855647266e-01
1.268898547e-01
