6.267132759e+00
6.206140995e+00
6.158452511e+00
6.101991177e+00
6.022316456e+00
5.952251911e+00
5.917314529e+00
5.879063606e+00
5.849684238e+00
5.800564289e+00
5.753070831e+00
5.709259987e+00
5.676723003e+00
5.637369633e+00
5.593264580e+00
5.546725750e+00
5.498615742e+00
5.468166828e+00
5.431923389e+00
5.383364201e+00
5.329756260e+00
5.298473358e+00
5.259143353e+00
5.219644070e+00
5.184797764e+00
5.162113190e+00
5.131519794e+00
5.093417645e+00
5.075440407e+00
5.028149128e+00
4.980728626e+00
4.939085484e+00
4.910717964e+00
4.873628139e+00
4.834466457e+00
4.794607162e+00
4.758344173e+00
4.729867458e+00
4.703996181e+00
4.680970669e+00
4.631679058e+00
4.604382992e+00
4.568021297e+00
4.530080318e+00
4.500118256e+00
4.465686321e+00
4.428754330e+00
4.401000023e+00
4.374716759e+00
4.337202072e+00
4.310800552e+00
4.271744728e+00
4.236901760e+00
4.210431099e+00
4.175006866e+00
4.128075123e+00
4.110798836e+00
4.086758614e+00
4.059345245e+00
4.037701607e+00
4.008233070e+00
3.991896868e+00
3.982875109e+00
3.954349279e+00
3.929453611e+00
3.918786526e+00
3.894525051e+00
3.854339600e+00
3.828211069e+00
3.808590174e+00
3.802169561e+00
3.770921707e+00
3.740102768e+00
3.709163666e+00
3.682420015e+00
3.665710449e+00
3.655625582e+00
3.617410183e+00
3.589329243e+00
3.570615292e+00
3.567190409e+00
3.559181452e+00
3.527316093e+00
3.514011860e+00
3.505947828e+00
3.502130032e+00
3.492764950e+00
3.468913078e+00
3.443006277e+00
3.417644262e+00
3.394905090e+00
3.354801893e+00
3.325178385e+00
3.310556650e+00
3.290625334e+00
3.273211241e+00
3.225166559e+00
3.200924158e+00
3.197431803e+00
3.194175959e+00
3.173287630e+00
3.142793179e+00
3.137879610e+00
3.110125780e+00
3.096751690e+00
3.108790159e+00
3.100843906e+00
3.087692976e+00
3.066924572e+00
3.040608883e+00
3.031961203e+00
3.002543688e+00
2.991941929e+00
2.978931189e+00
2.977372646e+00
2.969291449e+00
2.959771633e+00
2.934633017e+00
2.929257870e+00
2.908962727e+00
2.887990236e+00
2.872874737e+00
2.854590893e+00
2.839149475e+00
2.828451395e+00
2.805044889e+00
2.808178186e+00
2.803179264e+00
2.803983450e+00
2.788128376e+00
2.779704094e+00
2.752549648e+00
2.739518642e+00
2.714379549e+00
2.703113317e+00
2.686280489e+00
2.661043644e+00
2.647671938e+00
2.639230013e+00
2.630034924e+00
2.625001669e+00
2.613134861e+00
2.602811337e+00
2.585018158e+00
2.579591036e+00
2.569489479e+00
2.559165955e+00
2.553909063e+00
2.533651352e+00
2.528393269e+00
2.497283459e+00
2.483226776e+00
2.466758966e+00
2.451500654e+00
2.433387518e+00
2.409641266e+00
2.388839483e+00
2.385108471e+00
2.362248421e+00
2.355365276e+00
2.352591515e+00
2.350588083e+00
2.332027674e+00
2.298585176e+00
2.266979694e+00
2.270506382e+00
2.277935982e+00
2.267373800e+00
2.260489225e+00
2.257253885e+00
2.248741150e+00
2.245948792e+00
2.248741865e+00
2.252850771e+00
2.258127213e+00
2.255884647e+00
2.249752998e+00
2.241274357e+00
2.229597330e+00
2.223005295e+00
2.196686745e+00
2.180181026e+00
2.173554897e+00
2.163486481e+00
2.168126822e+00
2.158316135e+00
2.139189482e+00
2.124071360e+00
2.126930952e+00
2.128780127e+00
2.124328136e+00
2.122358799e+00
2.129087210e+00
2.109003544e+00
2.110544682e+00
2.097154140e+00
2.125851870e+00
2.112479925e+00
2.063903093e+00
2.067378759e+00
2.061420679e+00
2.033509970e+00
2.038714409e+00
2.004950285e+00
1.979644299e+00
1.974781156e+00
1.975226283e+00
1.976853728e+00
1.966272831e+00
1.941873789e+00
1.935555935e+00
1.924837828e+00
1.917338252e+00
1.886623383e+00
1.901124954e+00
1.903794169e+00
1.890612245e+00
1.881314754e+00
1.866966605e+00
1.850529909e+00
1.825325727e+00
1.815342188e+00
1.793511987e+00
1.784094572e+00
1.790156007e+00
1.782346249e+00
1.780361891e+00
1.777006030e+00
1.769573689e+00
1.761884809e+00
1.778906226e+00
1.775772452e+00
1.777518868e+00
1.789076805e+00
1.793340206e+00
1.807877183e+00
1.837738395e+00
1.876487374e+00
1.914017200e+00
1.950710654e+00
1.981185317e+00
2.036780596e+00
2.088901520e+00
2.109260082e+00
2.152682066e+00
2.193072081e+00
2.213534594e+00
2.225588560e+00
2.260881424e+00
2.306529760e+00
2.359184027e+00
2.359835148e+00
2.390931129e+00
2.425702333e+00
2.444997787e+00
2.475988388e+00
2.536750555e+00
2.520605326e+00
2.532025814e+00
2.593220234e+00
2.612740517e+00
2.605977774e+00
2.688457727e+00
2.707308054e+00
2.702857018e+00
2.744394541e+00
2.733266354e+00
2.751604080e+00
2.751125336e+00
2.778916597e+00
2.820078135e+00
2.814855337e+00
2.836822987e+00
2.833553791e+00
2.833913326e+00
2.864064932e+00
2.923444986e+00
2.853449583e+00
2.891753435e+00
2.922624111e+00
2.894955873e+00
2.937088966e+00
2.951113224e+00
2.965972900e+00
2.942311287e+00
2.984308004e+00
3.025326729e+00
3.019594669e+00
3.040534496e+00
3.026169538e+00
2.989359140e+00
2.971674204e+00
3.009766102e+00
2.931135416e+00
2.959194183e+00
2.985472441e+00
2.945483208e+00
2.947196007e+00
2.949388027e+00
2.945295334e+00
2.923020124e+00
2.965612411e+00
2.982255697e+00
2.948920012e+00
2.960527182e+00
2.971040010e+00
2.966023207e+00
2.984634399e+00
3.031441450e+00
2.954467535e+00
2.986621141e+00
3.010658979e+00
2.960582733e+00
2.966847420e+00
2.962175608e+00
2.965203047e+00
2.925194025e+00
2.927983761e+00
2.927917004e+00
2.889818192e+00
2.901956558e+00
2.900175333e+00
2.877402544e+00
2.909028053e+00
2.950512171e+00
2.865075588e+00
2.898670197e+00
2.923290730e+00
2.851208210e+00
2.853570700e+00
2.838160753e+00
2.844461679e+00
2.796857357e+00
2.784785271e+00
2.788929224e+00
2.732496977e+00
2.755473614e+00
2.752768517e+00
2.723335981e+00
2.727410078e+00
2.757134676e+00
2.686230183e+00
2.714072466e+00
2.725252151e+00
2.667157412e+00
2.666797876e+00
2.647876740e+00
2.661950588e+00
2.632398367e+00
2.634043217e+00
2.626080751e+00
2.563204765e+00
2.563597441e+00
2.565001965e+00
2.542998552e+00
2.545808554e+00
2.580584049e+00
2.510912657e+00
2.527350903e+00
2.547332525e+00
2.486599922e+00
2.494822264e+00
2.486259460e+00
2.499495506e+00
2.454638720e+00
2.457959890e+00
2.475763559e+00
2.429468632e+00
2.412178040e+00
2.384920120e+00
2.355606079e+00
2.361068487e+00
2.416560173e+00
2.340109348e+00
2.381871939e+00
2.412381887e+00
2.356494665e+00
2.348346233e+00
2.323806047e+00
2.310482740e+00
2.263552666e+00
2.262559891e+00
2.275181770e+00
2.248822927e+00
2.243617535e+00
2.227882624e+00
2.172919750e+00
2.179974079e+00
2.223447561e+00
2.135577202e+00
2.161824703e+00
2.167954922e+00
2.099516392e+00
2.089619398e+00
2.061334848e+00
2.056419373e+00
2.010138988e+00
2.018889666e+00
2.025822878e+00
1.984455943e+00
1.989815116e+00
1.971785545e+00
1.947883844e+00
1.956616163e+00
1.979028702e+00
1.900696635e+00
1.951702714e+00
1.956976295e+00
1.886382818e+00
1.898333788e+00
1.915043950e+00
1.934134841e+00
1.914805055e+00
1.948379874e+00
1.970141530e+00
1.944750071e+00
1.941547871e+00
1.917869329e+00
1.892426729e+00
1.882444263e+00
1.916620255e+00
1.823474050e+00
1.856402874e+00
1.863097072e+00
1.810239434e+00
1.829399943e+00
1.839040518e+00
1.850102186e+00
1.810891509e+00
1.806456327e+00
1.812140822e+00
1.776438832e+00
1.785188198e+00
1.786044002e+00
1.758323312e+00
1.732812166e+00
1.754659534e+00
1.678211331e+00
1.698242664e+00
1.704184055e+00
1.639394760e+00
1.646278858e+00
1.659121037e+00
1.668263674e+00
1.625902772e+00
1.620594621e+00
1.637888789e+00
1.622923017e+00
1.633281946e+00
1.619070530e+00
1.563562274e+00
1.557329297e+00
1.590425491e+00
1.496753335e+00
1.524492502e+00
1.543340445e+00
1.483383179e+00
1.475044370e+00
1.486224532e+00
1.504731417e+00
1.459820628e+00
1.456841469e+00
1.463485599e+00
1.443315268e+00
1.453468323e+00
1.435627103e+00
1.400198817e+00
1.406757116e+00
1.450643539e+00
1.355151296e+00
1.383744955e+00
1.396415114e+00
1.347734451e+00
1.348334312e+00
1.329003215e+00
1.337532640e+00
1.304672122e+00
1.335184574e+00
1.355870485e+00
1.308045626e+00
1.306572437e+00
1.308489561e+00
1.296898127e+00
1.305665612e+00
1.354928970e+00
1.283971667e+00
1.315527678e+00
1.340409160e+00
1.295391798e+00
1.296093702e+00
1.290580869e+00
1.289279103e+00
1.239826798e+00
1.266537905e+00
1.288046598e+00
1.263458133e+00
1.265462160e+00
1.260496020e+00
1.249552011e+00
1.249896884e+00
1.293697119e+00
1.214809418e+00
1.247021317e+00
1.279776216e+00
1.229536295e+00
1.229845762e+00
1.198044777e+00
1.187891245e+00
1.131199956e+00
1.145702481e+00
1.157600999e+00
1.130120277e+00
1.156712413e+00
1.142723799e+00
1.119487524e+00
1.102417231e+00
1.141867161e+00
1.057933927e+00
1.104266644e+00
1.136746407e+00
1.080295324e+00
1.092503190e+00
1.096884847e+00
1.125290990e+00
1.087948442e+00
1.093153000e+00
1.126181483e+00
1.102775574e+00
1.111166120e+00
1.097366214e+00
1.078104019e+00
1.084079504e+00
1.148937941e+00
1.062214375e+00
1.095327616e+00
1.118338704e+00
1.074952483e+00
1.080842376e+00
1.075089574e+00
1.087657332e+00
1.051973939e+00
1.063959479e+00
1.083546996e+00
1.040248632e+00
1.051549196e+00
1.051361084e+00
1.046549559e+00
1.061428428e+00
1.096356392e+00
9.981455803e-01
1.031926274e+00
1.071905494e+00
1.035487056e+00
1.064183593e+00
1.069388747e+00
1.088017225e+00
1.050742507e+00
1.074679613e+00
1.085569263e+00
1.036702752e+00
1.041256905e+00
1.025951266e+00
1.018674612e+00
1.034305334e+00
1.070808768e+00
9.990165234e-01
1.046221256e+00
1.077230334e+00
1.029579163e+00
1.036067367e+00
1.032455802e+00
1.041324854e+00
1.012679696e+00
1.028449297e+00
1.036359787e+00
9.936587811e-01
1.010489583e+00
9.913308620e-01
9.621549249e-01
9.756468534e-01
1.005164504e+00
9.103773832e-01
9.284921885e-01
9.541757107e-01
9.306837916e-01
9.584563971e-01
9.613673091e-01
9.740032554e-01
9.418126345e-01
9.819994569e-01
1.002648473e+00
9.956968427e-01
1.004104257e+00
1.003076792e+00
9.960057139e-01
9.925982952e-01
1.027954698e+00
9.619489312e-01
1.008110404e+00
1.049938440e+00
9.900980592e-01
1.020352125e+00
1.000234365e+00
9.978191853e-01
9.666407704e-01
9.967406392e-01
1.022405863e+00
9.905595779e-01
9.944631457e-01
9.760916233e-01
9.547920227e-01
9.616751075e-01
9.873237610e-01
9.275329113e-01
9.598773718e-01
9.771357179e-01
9.360598922e-01
9.621887803e-01
9.864851832e-01
1.013229609e+00
9.774097800e-01
9.609897733e-01
9.534560442e-01
9.249472022e-01
9.354260564e-01
9.297751188e-01
9.018496275e-01
8.875182867e-01
9.462480545e-01
8.602419496e-01
9.056503177e-01
9.384398460e-01
8.754471540e-01
8.744542599e-01
8.683415055e-01
8.892647028e-01
8.540617824e-01
8.629655838e-01
8.801216483e-01
8.446959853e-01
8.496786952e-01
8.453296423e-01
8.190122843e-01
8.103319407e-01
8.544384837e-01
7.782972455e-01
8.149717450e-01
8.332755566e-01
7.866004109e-01
8.084310889e-01
8.056564927e-01
8.252110481e-01
7.676665187e-01
7.678037882e-01
7.832126021e-01
7.464699149e-01
7.478739023e-01
7.488337159e-01
7.277379036e-01
7.447414994e-01
7.985009551e-01
7.502031922e-01
8.042709231e-01
8.255541325e-01
7.875946760e-01
8.089789748e-01
8.155879974e-01
8.268719912e-01
7.998352647e-01
8.254339099e-01
8.615445495e-01
8.277624846e-01
8.255031705e-01
8.104012012e-01
7.993400693e-01
7.936217785e-01
8.306393027e-01
7.374811769e-01
7.631984949e-01
7.906947136e-01
7.445356250e-01
7.760398984e-01
7.810893655e-01
7.930558324e-01
7.678381801e-01
8.017550707e-01
8.215142488e-01
7.991185188e-01
8.227295280e-01
8.363763690e-01
8.166843653e-01
8.290805221e-01
8.631025553e-01
7.967894077e-01
8.475897908e-01
8.675882816e-01
8.219766617e-01
8.433094025e-01
8.502095938e-01
8.585311770e-01
8.271126747e-01
8.414272666e-01
8.608095050e-01
8.214626312e-01
8.272159100e-01
8.162233829e-01
8.058300018e-01
8.094082475e-01
8.542331457e-01
7.796506882e-01
8.165299892e-01
8.262724876e-01
7.709713578e-01
7.737278938e-01
7.689184546e-01
7.845322490e-01
7.678907514e-01
8.007955551e-01
8.280701637e-01
8.008975983e-01
8.271966577e-01
8.171800971e-01
8.158286214e-01
8.054206967e-01
8.503800035e-01
7.656819820e-01
7.984879613e-01
8.040353656e-01
7.539176345e-01
7.492946386e-01
7.588154674e-01
7.816566229e-01
7.479937673e-01
7.500829101e-01
7.668958902e-01
7.292121649e-01
7.454425693e-01
7.357177734e-01
7.156518102e-01
7.046082020e-01
7.452032566e-01
6.772647500e-01
7.128095627e-01
7.422745824e-01
6.964927316e-01
7.073477507e-01
7.343494296e-01
7.494316101e-01
7.058582306e-01
7.071081400e-01
7.273293734e-01
6.722994447e-01
6.790451407e-01
6.647492647e-01
6.547839046e-01
6.724029779e-01
7.296923399e-01
6.596979499e-01
7.012172341e-01
7.096760869e-01
6.704684496e-01
6.888735294e-01
6.860312223e-01
7.075874805e-01
6.842851639e-01
7.160288095e-01
7.296744585e-01
7.050361037e-01
7.240582705e-01
7.400675416e-01
7.160114050e-01
7.217301726e-01
7.781451344e-01
6.849346161e-01
7.182701826e-01
7.655606866e-01
7.004982233e-01
7.193488479e-01
7.171227336e-01
7.440380454e-01
7.006351948e-01
7.044527531e-01
7.098632455e-01
6.685143709e-01
6.814073324e-01
6.879824996e-01
6.778460741e-01
6.811853051e-01
7.175664306e-01
6.349042058e-01
6.500057578e-01
6.624195576e-01
6.289805174e-01
6.460332870e-01
6.528822780e-01
6.656898856e-01
6.265673637e-01
6.407773495e-01
6.564435363e-01
6.216867566e-01
6.461186409e-01
6.423857808e-01
6.267377734e-01
6.402629018e-01
6.927241087e-01
6.274571419e-01
6.734972000e-01
7.015077472e-01
6.716821194e-01
7.080141902e-01
7.233722806e-01
7.215066552e-01
6.717156768e-01
6.827431321e-01
6.851403713e-01
6.473689675e-01
6.536181569e-01
6.491321325e-01
6.307777762e-01
6.522657871e-01
6.893693805e-01
6.143750548e-01
6.444240808e-01
6.934948564e-01
6.389447451e-01
6.233637929e-01
6.191002131e-01
6.238595247e-01
5.973390937e-01
6.265504956e-01
6.414617300e-01
6.283134222e-01
6.238272786e-01
6.324390173e-01
6.373013258e-01
6.532081366e-01
7.152577639e-01
6.239978075e-01
6.731553078e-01
6.938387752e-01
6.326963902e-01
6.470788121e-01
6.581394672e-01
6.648170948e-01
6.219094396e-01
6.262581944e-01
6.709295511e-01
6.431232095e-01
6.283985972e-01
6.106947660e-01
5.941894054e-01
6.064144969e-01
6.342210770e-01
5.694126487e-01
5.979905128e-01
6.313267350e-01
5.995316505e-01
6.079728603e-01
6.192039251e-01
6.444590092e-01
6.244950294e-01
6.555368900e-01
6.612388492e-01
6.264988780e-01
6.366512179e-01
6.354530454e-01
6.205741763e-01
6.248374581e-01
6.628821492e-01
5.977331400e-01
6.376789212e-01
6.632599235e-01
5.944800973e-01
5.972708464e-01
6.272344589e-01
6.404864192e-01
6.130407453e-01
6.398361921e-01
6.469752789e-01
6.026644707e-01
6.113627553e-01
5.951479673e-01
5.781967044e-01
5.843442082e-01
6.318226457e-01
5.520351529e-01
5.966370702e-01
6.157963276e-01
5.638309717e-01
5.813472867e-01
5.686936975e-01
5.789498091e-01
5.493980646e-01
5.614520907e-01
5.974422097e-01
5.696359277e-01
5.826317072e-01
5.688825846e-01
5.495178699e-01
5.590552092e-01
5.967918634e-01
5.152570605e-01
5.591238737e-01
5.688135028e-01
5.107534528e-01
5.062851906e-01
5.083224773e-01
5.098463893e-01
4.705332816e-01
4.923990965e-01
5.105481148e-01
4.917138517e-01
5.007371306e-01
5.092467666e-01
5.106850266e-01
5.059764385e-01
5.294851661e-01
4.603456259e-01
4.991448522e-01
5.260439515e-01
4.685128629e-01
4.791634977e-01
4.952923954e-01
5.184242725e-01
4.709956944e-01
4.900184572e-01
4.982545674e-01
4.712702036e-01
4.821256697e-01
4.824852347e-01
4.779650867e-01
4.980320036e-01
5.282525420e-01
4.639073610e-01
4.817659259e-01
5.041276217e-01
4.472821057e-01
4.501587749e-01
4.353138208e-01
4.473332763e-01
4.121811092e-01
4.247315526e-01
4.518020153e-01
4.353645146e-01
4.614762664e-01
4.608255029e-01
4.440282285e-01
4.519903064e-01
5.109424591e-01
4.436177015e-01
4.800882936e-01
4.840435684e-01
4.168038070e-01
4.141156971e-01
4.075921774e-01
3.999552429e-01
3.710865676e-01
4.026096463e-01
4.389425814e-01
4.134986997e-01
4.340973496e-01
4.395420551e-01
4.496097863e-01
4.659103751e-01
5.041103363e-01
4.384462833e-01
4.909609556e-01
5.210273266e-01
4.668699503e-01
4.753627777e-01
4.751399159e-01
4.847626984e-01
4.532917142e-01
4.757390022e-01
5.150684714e-01
4.958916008e-01
5.040933490e-01
4.808413088e-01
4.329497516e-01
4.421272874e-01
4.904125929e-01
4.249705970e-01
4.582220614e-01
4.947782457e-01
4.516300559e-01
4.857206047e-01
4.984943569e-01
5.152394772e-01
4.906694293e-01
5.107018352e-01
5.221057534e-01
4.675025940e-01
4.662697315e-01
4.696257412e-01
4.598660767e-01
4.632054865e-01
5.101202726e-01
4.490785301e-01
4.895560741e-01
4.994356632e-01
4.412539303e-01
4.653624594e-01
4.650712013e-01
4.785468876e-01
4.387542307e-01
4.722975194e-01
4.918169975e-01
4.589418173e-01
4.734103382e-01
4.434463680e-01
4.156566858e-01
4.258788526e-01
4.878617227e-01
4.043898880e-01
4.352277517e-01
4.583767056e-01
4.070270061e-01
4.259124398e-01
4.249370694e-01
4.513908029e-01
4.259468913e-01
4.643524587e-01
4.959765971e-01
5.152741075e-01
