7.970774174e+00
7.918189049e+00
7.843918800e+00
7.794270039e+00
7.727598190e+00
7.694325924e+00
7.646275997e+00
7.625877380e+00
7.615382195e+00
7.572041035e+00
7.527793407e+00
7.504580021e+00
7.488218307e+00
7.453814507e+00
7.413598537e+00
7.348567009e+00
7.324732780e+00
7.276332855e+00
7.231304646e+00
7.195545673e+00
7.162409306e+00
7.137536526e+00
7.109710217e+00
7.095901012e+00
7.091517925e+00
7.087158203e+00
7.070757866e+00
7.027453423e+00
6.982159138e+00
6.934054375e+00
6.877856731e+00
6.848967552e+00
6.803796768e+00
6.744783878e+00
6.702950001e+00
6.676084042e+00
6.644285679e+00
6.595651150e+00
6.587023735e+00
6.575135231e+00
6.535788536e+00
6.477219582e+00
6.408977509e+00
6.389353275e+00
6.363646030e+00
6.339463711e+00
6.304226398e+00
6.264860153e+00
6.230532169e+00
6.219342232e+00
6.218302727e+00
6.225982666e+00
6.214713097e+00
6.190438747e+00
6.172082901e+00
6.132908821e+00
6.119979858e+00
6.091129780e+00
6.051881790e+00
6.037617683e+00
5.996898651e+00
5.987035275e+00
5.957183838e+00
5.919149399e+00
5.900183678e+00
5.882873058e+00
5.890533447e+00
5.887196064e+00
5.884263039e+00
5.873962402e+00
5.841483116e+00
5.828805923e+00
5.817804813e+00
5.799703598e+00
5.774011612e+00
5.717501640e+00
5.719255447e+00
5.740673542e+00
5.715066433e+00
5.670567513e+00
5.653508186e+00
5.643880367e+00
5.633326530e+00
5.596292496e+00
5.578888893e+00
5.577501774e+00
5.587631702e+00
5.587998867e+00
5.561150551e+00
5.526043892e+00
5.485619545e+00
5.450745106e+00
5.419771194e+00
5.415583134e+00
5.382335186e+00
5.382255554e+00
5.366724014e+00
5.344645023e+00
5.330366611e+00
5.336794376e+00
5.317032814e+00
5.289652824e+00
5.270373821e+00
5.227282524e+00
5.203967571e+00
5.197135448e+00
5.192771912e+00
5.215757847e+00
5.217707157e+00
5.233244419e+00
5.219137192e+00
5.203697205e+00
5.208019733e+00
5.169615269e+00
5.163151264e+00
5.160585403e+00
5.130517006e+00
5.103867054e+00
5.077872753e+00
5.062028885e+00
5.044253826e+00
5.025187969e+00
5.022564411e+00
5.028681755e+00
5.011682510e+00
4.995471001e+00
4.975015640e+00
4.950872421e+00
4.934567451e+00
4.914691448e+00
4.914691448e+00
4.913167000e+00
4.903093815e+00
4.894275188e+00
4.886517525e+00
4.885243893e+00
4.879744053e+00
4.854697227e+00
4.814808846e+00
4.790455341e+00
4.772856712e+00
4.755470276e+00
4.751495361e+00
4.757786274e+00
4.735400677e+00
4.723359108e+00
4.715679169e+00
4.693912029e+00
4.676082134e+00
4.692310333e+00
4.714619160e+00
4.700415611e+00
4.674440861e+00
4.638684273e+00
4.652983189e+00
4.639243603e+00
4.619040966e+00
4.587759018e+00
4.552136898e+00
4.537084103e+00
4.498526573e+00
4.491482735e+00
4.494320393e+00
4.473981380e+00
4.471049786e+00
4.466881752e+00
4.471570969e+00
4.488532066e+00
4.462847710e+00
4.449340820e+00
4.450073719e+00
4.452331066e+00
4.441792011e+00
4.449683666e+00
4.443992138e+00
4.442447186e+00
4.438394070e+00
4.412128448e+00
4.379017353e+00
4.356847763e+00
4.329793453e+00
4.326879501e+00
4.319451332e+00
4.322229862e+00
4.305459976e+00
4.296699047e+00
4.308526516e+00
4.310031891e+00
4.304223537e+00
4.294111729e+00
4.262811661e+00
4.255867004e+00
4.236550808e+00
4.234311104e+00
4.221265793e+00
4.185119629e+00
4.197470665e+00
4.197992325e+00
4.158220768e+00
4.181241989e+00
4.198551178e+00
4.165707588e+00
4.167100430e+00
4.164496422e+00
4.153361320e+00
4.144870758e+00
4.149464130e+00
4.129143715e+00
4.133177280e+00
4.156874657e+00
4.141436577e+00
4.150912762e+00
4.137749195e+00
4.118989944e+00
4.096079350e+00
4.094193935e+00
4.098091602e+00
4.111154079e+00
4.063736439e+00
4.034400940e+00
4.027840614e+00
4.037104130e+00
4.031333447e+00
4.027627945e+00
3.999279737e+00
3.984072685e+00
3.977939606e+00
3.989653111e+00
4.006173134e+00
3.978112459e+00
3.989365101e+00
3.986122847e+00
3.966902494e+00
3.961732149e+00
3.940675974e+00
3.919312000e+00
3.912559032e+00
3.921125650e+00
3.903412104e+00
3.908122063e+00
3.911113501e+00
3.909646034e+00
3.902833223e+00
3.898858786e+00
3.888631105e+00
3.876570225e+00
3.874581099e+00
3.859934807e+00
3.859452486e+00
3.853682280e+00
3.851539373e+00
3.874252796e+00
3.883977652e+00
3.907039881e+00
3.897640944e+00
3.902735472e+00
3.950054407e+00
3.936431646e+00
3.911109686e+00
3.934228420e+00
3.931779861e+00
3.890309572e+00
3.966614723e+00
3.967135906e+00
3.940525532e+00
3.973446131e+00
3.956290722e+00
3.966153622e+00
3.930643559e+00
3.901888132e+00
3.905439854e+00
3.856037855e+00
3.871206045e+00
3.864508629e+00
3.832938671e+00
3.854821205e+00
3.915996313e+00
3.849052906e+00
3.913816929e+00
3.941894293e+00
3.886663437e+00
3.900228262e+00
3.908372641e+00
3.905885220e+00
3.893087387e+00
3.902021170e+00
3.930812597e+00
3.891696215e+00
3.871338129e+00
3.846849680e+00
3.826205254e+00
3.829775810e+00
3.880118608e+00
3.804071665e+00
3.851503134e+00
3.877454996e+00
3.795927286e+00
3.777978897e+00
3.771340370e+00
3.774157763e+00
3.720994234e+00
3.724988461e+00
3.741141081e+00
3.681455374e+00
3.692318201e+00
3.670784473e+00
3.673215151e+00
3.667291880e+00
3.721532345e+00
3.619380951e+00
3.649426937e+00
3.687672853e+00
3.640570164e+00
3.642153502e+00
3.658919573e+00
3.669321537e+00
3.623549938e+00
3.630593061e+00
3.634722710e+00
3.578915834e+00
3.581115723e+00
3.564074755e+00
3.538311481e+00
3.526752472e+00
3.544910908e+00
3.455680609e+00
3.477933168e+00
3.513920307e+00
3.447246313e+00
3.444970369e+00
3.423784494e+00
3.426041365e+00
3.392407179e+00
3.394974470e+00
3.425850153e+00
3.385441303e+00
3.418092489e+00
3.418225765e+00
3.411876678e+00
3.400125742e+00
3.430305719e+00
3.338144779e+00
3.363766909e+00
3.378490686e+00
3.301481009e+00
3.293376684e+00
3.300110340e+00
3.326836348e+00
3.308467865e+00
3.308313131e+00
3.341020346e+00
3.308177471e+00
3.323462009e+00
3.331759453e+00
3.308061123e+00
3.291756630e+00
3.310819864e+00
3.222152948e+00
3.257234335e+00
3.268234015e+00
3.189405918e+00
3.175608397e+00
3.171150446e+00
3.186742544e+00
3.146528721e+00
3.171727896e+00
3.215340137e+00
3.193071365e+00
3.203375816e+00
3.203531504e+00
3.184311152e+00
3.202913523e+00
3.277805567e+00
3.201716661e+00
3.211191177e+00
3.228848696e+00
3.176650524e+00
3.185197353e+00
3.185313702e+00
3.208258152e+00
3.164145470e+00
3.161810875e+00
3.172328711e+00
3.132940769e+00
3.149556398e+00
3.145812988e+00
3.126264572e+00
3.132092714e+00
3.191488743e+00
3.100064993e+00
3.127734184e+00
3.164204597e+00
3.112510681e+00
3.107414246e+00
3.095701933e+00
3.130456686e+00
3.112858057e+00
3.139816523e+00
3.151586771e+00
3.128681898e+00
3.129048586e+00
3.088388681e+00
3.076886892e+00
3.094892263e+00
3.137767315e+00
3.052227259e+00
3.073549509e+00
3.113011122e+00
3.057204723e+00
3.046204805e+00
3.056547165e+00
3.085338116e+00
3.083524227e+00
3.103459597e+00
3.142455816e+00
3.108706951e+00
3.116080999e+00
3.094273806e+00
3.079704285e+00
3.086535931e+00
3.153916597e+00
3.062376261e+00
3.095488548e+00
3.095431566e+00
3.022159815e+00
3.009479761e+00
2.979705095e+00
2.991206884e+00
2.961410761e+00
2.966331720e+00
2.992943525e+00
2.992517471e+00
3.044351101e+00
3.054753065e+00
3.013766050e+00
3.004272461e+00
3.063803196e+00
3.001664639e+00
3.062626123e+00
3.099483490e+00
3.043037176e+00
3.036323547e+00
3.046992540e+00
3.081595182e+00
3.053633928e+00
3.084139347e+00
3.124972582e+00
3.092516184e+00
3.090045929e+00
3.066178560e+00
3.043829679e+00
3.036554575e+00
3.082325220e+00
2.991379976e+00
3.005891085e+00
3.033968210e+00
2.990510941e+00
2.983391762e+00
2.981461763e+00
2.982058764e+00
2.940415144e+00
2.910755634e+00
2.915251255e+00
2.894354820e+00
2.921446562e+00
2.904254198e+00
2.862453222e+00
2.833955765e+00
2.884068966e+00
2.804507256e+00
2.831524134e+00
2.859362841e+00
2.810605049e+00
2.825289726e+00
2.833723068e+00
2.860928774e+00
2.853615761e+00
2.874726534e+00
2.917259455e+00
2.872274637e+00
2.863185883e+00
2.856682539e+00
2.835401535e+00
2.814153910e+00
2.891225338e+00
2.827354670e+00
2.878584385e+00
2.924745083e+00
2.893018484e+00
2.909346104e+00
2.893790007e+00
2.927852869e+00
2.887786865e+00
2.886224747e+00
2.910485983e+00
2.882252216e+00
2.903249502e+00
2.903499842e+00
2.876094818e+00
2.844085932e+00
2.881633043e+00
2.780061007e+00
2.807766438e+00
2.837059975e+00
2.800529718e+00
2.858225107e+00
2.886749506e+00
2.912840366e+00
2.882542133e+00
2.893405199e+00
2.901801348e+00
2.855527639e+00
2.886244297e+00
2.926541805e+00
2.916235209e+00
2.897187948e+00
2.916911125e+00
2.783246279e+00
2.800787926e+00
2.825154781e+00
2.790462255e+00
2.786564827e+00
2.777207851e+00
2.801172495e+00
2.773578644e+00
2.806591749e+00
2.840416670e+00
2.805585384e+00
2.830828190e+00
2.829303741e+00
2.797040462e+00
2.802018642e+00
2.858288050e+00
2.765067816e+00
2.772844553e+00
2.821123838e+00
2.782783031e+00
2.811918736e+00
2.822955847e+00
2.825268984e+00
2.773752689e+00
2.780700684e+00
2.823707819e+00
2.794535160e+00
2.815084934e+00
2.798240900e+00
2.762868166e+00
2.752294064e+00
2.803213835e+00
2.709933281e+00
2.726819277e+00
2.774677277e+00
2.736046076e+00
2.756616116e+00
2.740753889e+00
2.743919373e+00
2.717172861e+00
2.717904806e+00
2.727148294e+00
2.676974297e+00
2.675969839e+00
2.685329676e+00
2.668675661e+00
2.678321838e+00
2.724869728e+00
2.637338161e+00
2.657058716e+00
2.683475018e+00
2.650053978e+00
2.672689438e+00
2.663001299e+00
2.681643963e+00
2.674096584e+00
2.684825420e+00
2.737103939e+00
2.701403618e+00
2.716474533e+00
2.726124287e+00
2.715414286e+00
2.699974775e+00
2.759449482e+00
2.676279545e+00
2.719663382e+00
2.763308048e+00
2.736855984e+00
2.755938292e+00
2.768382072e+00
2.808425188e+00
2.773455143e+00
2.803136110e+00
2.842503786e+00
2.812245131e+00
2.811819792e+00
2.811742306e+00
2.782700062e+00
2.761128664e+00
2.803038359e+00
2.729926109e+00
2.767227173e+00
2.802961826e+00
2.750903368e+00
2.743473291e+00
2.743511677e+00
2.773339987e+00
2.748954296e+00
2.735910416e+00
2.733748674e+00
2.681988478e+00
2.698199034e+00
2.715760708e+00
2.710240602e+00
2.725854397e+00
2.775964975e+00
2.675407648e+00
2.695730925e+00
2.746752977e+00
2.702929020e+00
2.697080374e+00
2.687431574e+00
2.718483686e+00
2.722207785e+00
2.764622450e+00
2.812823772e+00
2.795589685e+00
2.803809881e+00
2.800683975e+00
2.789725304e+00
2.769099474e+00
2.797365665e+00
2.699414015e+00
2.698353052e+00
2.748741388e+00
2.703583241e+00
2.699317932e+00
2.686697721e+00
2.701692581e+00
2.657445192e+00
2.646214962e+00
2.652309418e+00
2.626202345e+00
2.632881641e+00
2.628037214e+00
2.599245787e+00
2.609010696e+00
2.668695211e+00
2.592239618e+00
2.628924847e+00
2.667265654e+00
2.630871773e+00
2.648703814e+00
2.636564732e+00
2.645479679e+00
2.620296955e+00
2.632242680e+00
2.653970718e+00
2.599088669e+00
2.635407925e+00
2.641543388e+00
2.635349274e+00
2.631029129e+00
2.688896894e+00
2.600403547e+00
2.651155472e+00
2.708773851e+00
2.680850029e+00
2.673517466e+00
2.649319887e+00
2.669140816e+00
2.651811123e+00
2.666765213e+00
2.711594105e+00
2.685635805e+00
2.702039719e+00
2.685308933e+00
2.647720337e+00
2.650942564e+00
2.704585791e+00
2.618909597e+00
2.656924248e+00
2.675217628e+00
2.619102478e+00
2.627515078e+00
2.637742519e+00
2.666089773e+00
2.638901234e+00
2.661613464e+00
2.678459167e+00
2.649881124e+00
2.676182508e+00
2.678149939e+00
2.659162998e+00
2.673941374e+00
2.714295864e+00
2.613564253e+00
2.646926641e+00
2.702483892e+00
2.671531677e+00
2.680253029e+00
2.676027536e+00
2.680617332e+00
2.647659063e+00
2.673418999e+00
2.707580328e+00
2.694265127e+00
2.719489098e+00
2.709242105e+00
2.685503244e+00
2.671915293e+00
2.701675415e+00
2.613757849e+00
2.623923540e+00
2.631469727e+00
2.574718714e+00
2.593109608e+00
2.623535633e+00
2.653930187e+00
2.613889694e+00
2.632491350e+00
2.651075840e+00
2.614063263e+00
2.623713493e+00
2.605940342e+00
2.586934090e+00
2.590967178e+00
2.654608488e+00
2.569738626e+00
2.595946550e+00
2.619101286e+00
2.564007998e+00
2.566959381e+00
2.560823202e+00
2.586511135e+00
2.549531937e+00
2.574967861e+00
2.613139391e+00
2.592741489e+00
2.604533434e+00
2.615764141e+00
2.610958338e+00
2.618524551e+00
2.681162357e+00
2.615513325e+00
2.635678291e+00
2.667095661e+00
2.593667984e+00
2.590870857e+00
2.582784414e+00
2.618524075e+00
2.600829124e+00
2.602121592e+00
2.643435717e+00
2.613816261e+00
2.625895023e+00
2.615917921e+00
2.576434374e+00
2.570605040e+00
2.618196011e+00
2.519722939e+00
2.548547745e+00
2.591606140e+00
2.562366962e+00
2.574621677e+00
2.557640314e+00
2.587434053e+00
2.567807674e+00
2.607058764e+00
2.661941767e+00
2.644746542e+00
2.651904583e+00
2.625334501e+00
2.615725040e+00
2.618600368e+00
2.683204651e+00
2.605245590e+00
2.605323076e+00
2.628845453e+00
2.578538895e+00
2.582089901e+00
2.565685511e+00
2.565821171e+00
2.540213585e+00
2.571822882e+00
2.587551117e+00
2.549186468e+00
2.565048695e+00
2.565898180e+00
2.537184477e+00
2.530489683e+00
2.552564144e+00
2.489039898e+00
2.530394316e+00
2.565705061e+00
2.516903639e+00
2.495522499e+00
2.483501196e+00
2.512311935e+00
2.485159159e+00
2.514897823e+00
2.552854300e+00
2.525839806e+00
2.551733971e+00
2.567694187e+00
2.543919325e+00
2.550171614e+00
2.612156391e+00
2.528695583e+00
2.537473917e+00
2.540657997e+00
2.489599228e+00
2.489579916e+00
2.487726927e+00
2.488345385e+00
2.454266310e+00
2.460152149e+00
2.492358923e+00
2.441084385e+00
2.443941593e+00
2.424858570e+00
2.406931162e+00
2.408146620e+00
2.524873495e+00
2.488593817e+00
2.512639761e+00
2.516015053e+00
2.439560890e+00
2.431745529e+00
2.417467594e+00
2.456677198e+00
2.443035841e+00
2.449905157e+00
2.456485033e+00
2.390354633e+00
2.389137030e+00
2.385007381e+00
2.367197275e+00
2.370688915e+00
2.445833445e+00
2.365883589e+00
2.391741753e+00
2.408646584e+00
2.353633165e+00
2.355505705e+00
2.335897446e+00
2.358494043e+00
2.352550030e+00
2.370303631e+00
2.431260347e+00
2.410037041e+00
2.420148849e+00
2.420341492e+00
2.412372589e+00
2.415324211e+00
2.459820747e+00
2.401874065e+00
2.428852558e+00
2.473503351e+00
2.440526009e+00
2.445697308e+00
2.475454807e+00
2.521301746e+00
2.510016203e+00
2.536739349e+00
2.597122431e+00
2.586370707e+00
2.582784653e+00
2.565529346e+00
2.539018631e+00
2.556597471e+00
2.635019064e+00
2.539693117e+00
2.547043562e+00
2.585386992e+00
2.534228802e+00
2.545400858e+00
2.543683767e+00
2.576626778e+00
2.574580908e+00
2.590947628e+00
2.604802370e+00
2.561498880e+00
2.563409090e+00
2.563079596e+00
2.550747633e+00
2.546848059e+00
2.589461803e+00
2.513604879e+00
2.558602333e+00
2.626589537e+00
2.592781544e+00
2.576879740e+00
2.540580511e+00
2.546660423e+00
2.523831844e+00
2.567579746e+00
2.583537340e+00
2.551099300e+00
2.571768284e+00
2.579968214e+00
2.569373369e+00
2.555767775e+00
2.586584330e+00
2.486394882e+00
2.516402721e+00
2.565819025e+00
2.525782824e+00
2.512891531e+00
2.505459309e+00
2.488094330e+00
2.440257072e+00
2.460518599e+00
2.494347334e+00
2.472791195e+00
2.474528074e+00
2.465940952e+00
2.435374022e+00
2.428988934e+00
2.485818148e+00
2.400331974e+00
2.418933868e+00
2.449153423e+00
2.398536205e+00
2.421172857e+00
2.430299759e+00
2.446856499e+00
2.411406755e+00
2.429605722e+00
2.476359844e+00
2.454884291e+00
2.452800274e+00
2.474373579e+00
2.504513025e+00
2.499768019e+00
2.537450790e+00
2.436937094e+00
2.487707376e+00
2.542488575e+00
2.499286890e+00
2.492204428e+00
2.480818510e+00
2.490487337e+00
2.449557543e+00
2.480259657e+00
2.530410290e+00
2.517348766e+00
2.529349566e+00
2.510827541e+00
2.493110895e+00
2.501969337e+00
2.573096991e+00
2.477711201e+00
2.493707657e+00
2.531743050e+00
2.493207932e+00
2.529351234e+00
2.548974991e+00
2.583884001e+00
2.554030895e+00
2.537320137e+00
2.575586796e+00
2.546949148e+00
2.575740576e+00
2.564778805e+00
2.558911324e+00
2.576898336e+00
2.653605461e+00
2.561304569e+00
2.595309496e+00
2.647911787e+00
2.599901676e+00
2.621109247e+00
2.636563540e+00
2.664312840e+00
2.645943880e+00
2.636816502e+00
2.620067835e+00
2.529309988e+00
2.520413160e+00
2.529714584e+00
2.520166159e+00
2.530779839e+00
2.589342594e+00
2.497414112e+00
2.498765230e+00
2.534346342e+00
2.496990442e+00
2.516615152e+00
2.522635698e+00
2.550807714e+00
2.549090624e+00
2.540156841e+00
2.549514294e+00
2.514878750e+00
2.518563509e+00
2.500849724e+00
2.488306999e+00
2.490236759e+00
2.568737030e+00
2.499576330e+00
2.538883448e+00
2.583653450e+00
2.552313089e+00
2.588032961e+00
2.589729786e+00
2.618868351e+00
2.577595234e+00
2.565937519e+00
2.586681128e+00
2.558874130e+00
2.590813160e+00
2.583383083e+00
2.560070038e+00
2.544170141e+00
2.604780674e+00
2.555652142e+00
2.590330839e+00
2.613583326e+00
2.575778961e+00
2.565300465e+00
2.546910048e+00
2.547256947e+00
2.523079634e+00
2.554876804e+00
2.588515520e+00
2.567245722e+00
