3.714733839e+00
3.690208197e+00
3.651339531e+00
3.622335434e+00
3.582124472e+00
3.546079397e+00
3.532588959e+00
3.508028984e+00
3.481692076e+00
3.460516930e+00
3.425013781e+00
3.396376848e+00
3.372375011e+00
3.348528147e+00
3.302338600e+00
3.273264170e+00
3.253984451e+00
3.237216949e+00
3.198609591e+00
3.173179865e+00
3.160316229e+00
3.147592545e+00
3.126485348e+00
3.114004135e+00
3.080832958e+00
3.058328152e+00
3.016810656e+00
2.978135109e+00
2.942140341e+00
2.915139437e+00
2.889081001e+00
2.889638186e+00
2.857600212e+00
2.841911077e+00
2.802616358e+00
2.770784140e+00
2.761529684e+00
2.749141455e+00
2.727075815e+00
2.679495573e+00
2.666355848e+00
2.636587381e+00
2.618447304e+00
2.569988012e+00
2.539189577e+00
2.516099691e+00
2.498980761e+00
2.477962971e+00
2.450297832e+00
2.444459200e+00
2.418414831e+00
2.404121876e+00
2.388488054e+00
2.366804361e+00
2.355195999e+00
2.327571869e+00
2.314359426e+00
2.305103302e+00
2.286471605e+00
2.262274742e+00
2.236442089e+00
2.212511301e+00
2.194035769e+00
2.159925461e+00
2.150565147e+00
2.128340721e+00
2.109550476e+00
2.082532883e+00
2.061251163e+00
2.052657843e+00
2.032647610e+00
2.014084339e+00
1.990292430e+00
1.962683082e+00
1.955920219e+00
1.943580270e+00
1.928295135e+00
1.926133156e+00
1.907656193e+00
1.883182526e+00
1.869134426e+00
1.851930022e+00
1.838507891e+00
1.827230453e+00
1.812535405e+00
1.792560935e+00
1.777830124e+00
1.767895579e+00
1.747325659e+00
1.725485444e+00
1.735507727e+00
1.726687670e+00
1.702023745e+00
1.679154873e+00
1.661760092e+00
1.645253181e+00
1.625506043e+00
1.622002244e+00
1.599028468e+00
1.582261205e+00
1.571854711e+00
1.556392789e+00
1.563871384e+00
1.560402870e+00
1.533733130e+00
1.519283295e+00
1.497442603e+00
1.475255132e+00
1.455540657e+00
1.440148830e+00
1.431276441e+00
1.427041531e+00
1.416843057e+00
1.405216813e+00
1.389687419e+00
1.383029938e+00
1.382053614e+00
1.393435597e+00
1.379072189e+00
1.376667857e+00
1.374853849e+00
1.359879494e+00
1.332128167e+00
1.300281048e+00
1.268735528e+00
1.258659244e+00
1.239573598e+00
1.229148865e+00
1.201818943e+00
1.183499098e+00
1.168893576e+00
1.167569160e+00
1.163472891e+00
1.154704809e+00
1.129899144e+00
1.131415725e+00
1.134518504e+00
1.129706979e+00
1.130526900e+00
1.129463673e+00
1.128139138e+00
1.121462941e+00
1.115745783e+00
1.115484357e+00
1.101382971e+00
1.102951884e+00
1.101870894e+00
1.084022760e+00
1.069328904e+00
1.049998164e+00
1.034433126e+00
1.024533153e+00
1.021116853e+00
1.014075279e+00
1.012279630e+00
1.002535820e+00
9.988583326e-01
9.844256639e-01
9.775406718e-01
9.605108500e-01
9.567460418e-01
9.523347616e-01
9.532060027e-01
9.345207810e-01
9.327424765e-01
9.219353199e-01
9.246200323e-01
9.256482720e-01
9.208724499e-01
9.133598208e-01
9.028486013e-01
9.013510942e-01
9.018044472e-01
8.809752464e-01
8.838688135e-01
8.615581393e-01
8.524777293e-01
8.534711003e-01
8.547784090e-01
8.581070900e-01
8.382362723e-01
8.320139050e-01
8.263319731e-01
8.194823861e-01
8.071404099e-01
7.857885957e-01
7.736060619e-01
7.629389763e-01
7.571347356e-01
7.372111082e-01
7.330451012e-01
7.242602110e-01
7.385712266e-01
7.255843282e-01
7.254631519e-01
6.971394420e-01
6.972966790e-01
6.760669947e-01
6.676667929e-01
6.816968918e-01
6.610082388e-01
6.658890247e-01
6.600146890e-01
6.464024782e-01
6.413826942e-01
6.271247268e-01
6.239877939e-01
6.155682206e-01
6.225406528e-01
6.316218972e-01
6.217215657e-01
6.133549809e-01
5.932396054e-01
5.995318294e-01
5.852571726e-01
5.860068202e-01
5.890223980e-01
5.877847075e-01
5.890744925e-01
5.880984068e-01
5.717660189e-01
5.597048402e-01
5.597918630e-01
5.544407964e-01
5.509894490e-01
5.439999104e-01
5.449585319e-01
5.484098792e-01
5.581185222e-01
5.264126062e-01
5.201548338e-01
5.248786211e-01
5.308746696e-01
5.313801765e-01
5.339947939e-01
5.352669954e-01
5.255757570e-01
5.324956179e-01
5.166862607e-01
5.127471089e-01
5.148386955e-01
5.092083812e-01
5.143852830e-01
5.270748138e-01
5.300729275e-01
5.446797013e-01
5.564975142e-01
5.568639040e-01
5.499089360e-01
5.638880134e-01
5.834789872e-01
6.001777649e-01
5.926471353e-01
5.913919806e-01
5.537088513e-01
6.038204432e-01
5.962557793e-01
6.142262220e-01
5.917418003e-01
6.129892468e-01
5.856409073e-01
5.984524488e-01
5.946876407e-01
5.966565609e-01
6.257653236e-01
6.019023657e-01
5.939359069e-01
6.156035066e-01
5.716267228e-01
6.128319502e-01
5.595480204e-01
5.925779343e-01
5.417685509e-01
5.707728267e-01
5.303692818e-01
5.805332065e-01
5.554859042e-01
5.687336326e-01
5.646897554e-01
5.221773982e-01
5.618483424e-01
5.447148681e-01
5.406185389e-01
5.632604361e-01
5.187606812e-01
5.590765476e-01
5.171919465e-01
5.533069968e-01
5.079714060e-01
5.330188274e-01
4.761089385e-01
4.993956983e-01
4.793682098e-01
4.721693993e-01
4.758821428e-01
4.426774085e-01
4.536758065e-01
4.495104849e-01
4.253863096e-01
4.408301413e-01
3.952842653e-01
4.293434918e-01
3.776631355e-01
4.160086811e-01
3.835894167e-01
4.260837436e-01
3.706040382e-01
4.025704563e-01
3.741599619e-01
3.675708771e-01
3.983693123e-01
3.767212331e-01
3.704639077e-01
3.633700609e-01
3.372064233e-01
3.694707155e-01
3.393848836e-01
3.811312616e-01
3.075570762e-01
3.403267264e-01
2.959821224e-01
3.169518709e-01
2.677269876e-01
3.009506464e-01
2.801553309e-01
2.843737006e-01
2.966446579e-01
2.894283235e-01
3.019612432e-01
2.889752090e-01
2.781336904e-01
2.987010479e-01
2.594133019e-01
2.916942835e-01
2.207347155e-01
2.596395612e-01
2.214669287e-01
2.458867282e-01
1.996086240e-01
2.319948226e-01
2.078015208e-01
2.094400227e-01
2.329885662e-01
2.031820267e-01
2.038793713e-01
1.885053515e-01
1.552136093e-01
1.722254455e-01
1.399447471e-01
1.799993068e-01
1.177733615e-01
1.753628552e-01
1.433959901e-01
1.792150438e-01
1.284581125e-01
1.586299390e-01
1.393347085e-01
1.457840949e-01
1.567128301e-01
1.453830153e-01
1.462196112e-01
1.332514584e-01
1.104007363e-01
1.285800487e-01
9.007683396e-02
1.312644035e-01
7.660306990e-02
1.111671627e-01
8.634661883e-02
1.106798649e-01
6.150830537e-02
8.720058948e-02
7.248947769e-02
7.625437528e-02
8.826379478e-02
4.833098501e-02
6.478528678e-02
4.383376986e-02
3.494423255e-02
6.147336587e-02
4.338056967e-02
8.399348706e-02
2.685660124e-02
7.834599167e-02
3.203337267e-02
5.539020523e-02
4.057565704e-03
3.754145280e-02
2.307424694e-02
3.093535826e-02
3.079585172e-02
5.277692340e-03
1.383615006e-02
4.632870201e-03
-7.551016752e-03
1.967523992e-02
-7.917071693e-03
2.976760268e-02
-1.832307875e-02
3.152792528e-02
-6.627199706e-03
2.361449413e-02
-3.362698108e-02
5.086029880e-03
-1.926425286e-02
-6.627202500e-03
3.360437928e-03
-1.881110482e-02
1.739301253e-03
-4.831918515e-03
-2.892069332e-02
-9.275228949e-04
-2.527779900e-02
5.940065254e-03
-3.289471567e-02
8.049185388e-03
-1.936868206e-02
1.584057510e-02
-4.614188522e-02
-2.716038562e-02
-6.339775026e-02
-6.599523872e-02
-4.992404580e-02
-6.597750634e-02
-5.076100305e-02
-6.822614372e-02
-8.656288683e-02
-5.086544156e-02
-8.011346310e-02
-3.998901695e-02
-1.140857562e-01
-4.988962784e-02
-9.013606608e-02
-5.998156220e-02
-1.055618450e-01
-5.288761482e-02
-4.595018551e-02
-3.519561887e-02
-2.377870306e-02
-6.367703527e-02
-5.088303238e-02
-6.908030063e-02
-8.968301117e-02
-6.155040115e-02
-7.382129133e-02
-3.322615847e-02
-8.222272992e-02
-4.642089829e-02
-7.875412703e-02
-4.504390433e-02
-8.351266384e-02
-5.405534059e-02
-8.537768573e-02
-8.234484494e-02
-6.616930664e-02
-8.319886774e-02
-6.730244309e-02
-8.961328864e-02
-1.154102981e-01
-8.682435751e-02
-1.132836193e-01
-8.293722570e-02
-1.481451690e-01
-1.064335704e-01
-1.301220357e-01
-8.590062708e-02
-1.217724457e-01
-8.584833890e-02
-1.250319630e-01
-1.242651790e-01
-1.173975691e-01
-1.340437829e-01
-9.949631244e-02
-1.132315099e-01
-1.373039335e-01
-1.144516394e-01
-1.489119679e-01
-9.892104566e-02
-1.516485810e-01
-1.015007943e-01
-1.393948644e-01
-1.249797419e-01
-1.651053578e-01
-1.312546134e-01
-1.650527269e-01
-1.540892422e-01
-1.303656846e-01
-1.629265994e-01
-1.461231858e-01
-1.596495062e-01
-1.971596479e-01
-1.664125770e-01
-1.906407773e-01
-1.492781043e-01
-2.043756992e-01
-1.571395695e-01
-1.809147447e-01
-1.441710740e-01
-1.933597475e-01
-1.653667241e-01
-1.938826293e-01
-1.795901060e-01
-1.540017426e-01
-1.682250351e-01
-1.503936946e-01
-1.666216701e-01
-1.752149612e-01
-1.613225490e-01
-1.829370111e-01
-1.426018178e-01
-2.062060684e-01
-1.901877224e-01
-2.280105799e-01
-2.009768784e-01
-2.348782420e-01
-1.829888225e-01
-1.872942001e-01
-1.930636019e-01
-1.920699626e-01
-2.375801206e-01
-2.320198864e-01
-2.421122640e-01
-2.652945518e-01
-2.440123409e-01
-2.712206244e-01
-2.277671397e-01
-3.020716906e-01
-2.764497697e-01
-3.019843996e-01
-2.656080425e-01
-3.022981286e-01
-2.674731612e-01
-3.047900796e-01
-2.827933431e-01
-2.727373540e-01
-3.025075197e-01
-2.863319814e-01
-2.912997007e-01
-3.028906286e-01
-2.788207829e-01
-3.124949932e-01
-2.595600784e-01
-3.027865291e-01
-2.599435151e-01
-2.875878811e-01
-2.443257868e-01
-2.955004275e-01
-2.601355314e-01
-2.818355560e-01
-2.785591185e-01
-2.714650333e-01
-3.056096435e-01
-2.945068777e-01
-3.087645471e-01
-3.170962930e-01
-2.982540131e-01
-3.188048601e-01
-2.766591907e-01
-3.232488632e-01
-2.878316045e-01
-3.144114017e-01
-2.880577445e-01
-3.242422640e-01
-2.871346474e-01
-3.129309714e-01
-3.011656404e-01
-2.907253802e-01
-3.099333942e-01
-2.855659723e-01
-2.808782458e-01
-3.040933907e-01
-2.815224826e-01
-3.096371591e-01
-2.507400513e-01
-2.932525277e-01
-2.557599545e-01
-2.908130288e-01
-2.756663263e-01
-3.232142329e-01
-2.984812856e-01
-3.071614206e-01
-3.066734374e-01
-2.971565723e-01
-3.423353136e-01
-3.139940798e-01
-3.236676157e-01
-3.293848038e-01
-3.053312898e-01
-3.410458565e-01
-2.931658328e-01
-3.550770879e-01
-3.206342459e-01
-3.485403955e-01
-3.180720508e-01
-3.456819355e-01
-3.067955971e-01
-3.319810331e-01
-3.194487095e-01
-3.050001860e-01
-3.069524765e-01
-2.915619016e-01
-2.999976575e-01
-3.286871612e-01
-3.213672042e-01
-3.472160399e-01
-3.047214448e-01
-3.406265974e-01
-2.933394611e-01
-3.184390962e-01
-2.847820818e-01
-3.274149597e-01
-2.976098955e-01
-3.243821859e-01
-3.139936626e-01
-2.792910933e-01
-2.982543409e-01
-2.902717590e-01
-3.193795979e-01
-3.432241976e-01
-3.220807016e-01
-3.580926061e-01
-3.064986765e-01
-3.448626399e-01
-3.080501854e-01
-3.355717063e-01
-3.076146841e-01
-3.318769932e-01
-2.939142585e-01
-3.159641922e-01
-3.166954517e-01
-3.123729825e-01
-3.301860392e-01
-2.977490127e-01
-2.998235524e-01
-3.294541836e-01
-2.973134518e-01
-3.417078853e-01
-3.093058467e-01
-3.605148792e-01
-3.319639564e-01
-3.567856550e-01
-3.133488894e-01
-3.542753458e-01
-3.207909763e-01
-3.617529869e-01
-3.587897420e-01
-3.302558362e-01
-3.642632961e-01
-3.486981690e-01
-3.492035866e-01
-3.680801690e-01
-3.573253155e-01
-3.861905038e-01
-3.437648714e-01
-3.794623017e-01
-3.396686614e-01
-3.640192151e-01
-3.466404974e-01
-3.858073056e-01
-3.469013274e-01
-3.715317845e-01
-3.615610600e-01
-3.487494886e-01
-3.686029315e-01
-3.582316935e-01
-3.607939184e-01
-3.766212761e-01
-3.467446566e-01
-3.757323921e-01
-3.322254121e-01
-3.780855536e-01
-3.205651343e-01
-3.453503549e-01
-3.218196630e-01
-3.691607714e-01
-3.463613987e-01
-3.570981324e-01
-3.621182740e-01
-3.598698378e-01
-3.828438520e-01
-3.701892495e-01
-3.810309470e-01
-4.096516073e-01
-3.940517306e-01
-4.201101363e-01
-3.604454398e-01
-3.982518613e-01
-3.627638817e-01
-3.887353241e-01
-3.574651778e-01
-3.988622725e-01
-3.498128355e-01
-3.886483312e-01
-3.765694499e-01
-3.682022989e-01
-3.897290826e-01
-3.789744377e-01
-3.809966445e-01
-4.011284113e-01
-3.720198572e-01
-4.052940905e-01
-3.662495613e-01
-4.303422570e-01
-3.951846659e-01
-4.052769244e-01
-3.689687848e-01
-4.143928289e-01
-3.590162098e-01
-3.817980289e-01
-3.701885641e-01
-3.779632151e-01
-4.048065245e-01
-3.812222183e-01
-3.899903297e-01
-4.040746391e-01
-3.924132288e-01
-4.292609692e-01
-3.917162716e-01
-4.411664903e-01
-3.836463392e-01
-4.200755358e-01
-3.816756904e-01
-4.210687280e-01
-3.790965080e-01
-4.099132717e-01
-4.365474880e-01
-4.247467518e-01
-4.441994429e-01
-4.310044944e-01
-4.269081950e-01
-4.410618842e-01
-4.218708873e-01
-4.580913484e-01
-4.011287689e-01
-4.520604312e-01
-4.096000791e-01
-4.517294466e-01
-4.197792411e-01
-4.647673965e-01
-4.217141569e-01
-4.396848977e-01
-4.281459749e-01
-4.090249538e-01
-4.375584424e-01
-4.261240959e-01
-4.323815405e-01
-4.360416532e-01
-4.152650833e-01
-4.353270829e-01
-4.010764658e-01
-4.570980668e-01
-4.094434679e-01
-4.280936122e-01
-3.974687159e-01
-4.440591931e-01
-4.114302695e-01
-4.371922910e-01
-4.314925373e-01
-4.147767723e-01
-4.435018897e-01
-4.187335372e-01
-4.323289990e-01
-4.617170691e-01
-4.390048981e-01
-4.763931930e-01
-4.196393788e-01
-4.681140184e-01
-4.315796793e-01
-4.844804406e-01
-4.454371929e-01
-5.049445629e-01
-4.481035173e-01
-4.774732590e-01
-4.777523577e-01
-4.607581794e-01
-4.935797155e-01
-4.826858640e-01
-4.778226316e-01
-4.952183962e-01
-4.648888707e-01
-5.002556443e-01
-4.644356072e-01
-5.107837915e-01
-4.672073126e-01
-4.933360219e-01
-4.526357651e-01
-4.903548956e-01
-4.495331347e-01
-4.688982069e-01
-4.583004415e-01
-4.442519248e-01
-4.739182293e-01
-4.520083964e-01
-4.448096454e-01
-4.389704466e-01
-4.158224463e-01
-4.562263489e-01
-4.171994627e-01
-4.627105296e-01
-4.257929325e-01
-4.715131521e-01
-4.230208099e-01
-4.755047262e-01
-4.318235219e-01
-4.449488819e-01
-4.448266625e-01
-4.403295517e-01
-4.486445487e-01
-4.295574725e-01
-4.240671098e-01
-4.462913573e-01
-4.244675338e-01
-4.542917013e-01
-4.134515822e-01
-4.803501070e-01
-4.554597437e-01
-4.799315631e-01
-4.458901882e-01
-4.590853453e-01
-4.172342420e-01
-4.513806403e-01
-4.526006877e-01
-4.437638223e-01
-4.571676552e-01
-4.295749962e-01
-4.375756085e-01
-4.562613368e-01
-4.251128137e-01
-4.606363177e-01
-4.295755923e-01
-4.659699500e-01
-4.185066223e-01
-4.392667115e-01
-4.036559761e-01
-4.763052166e-01
-4.383427501e-01
-4.668937027e-01
-4.541870058e-01
-4.361464679e-01
-4.596424997e-01
-4.307082295e-01
-4.153168499e-01
-4.262809157e-01
-4.052595794e-01
-4.503698051e-01
-4.197963774e-01
-4.718956649e-01
-4.346824288e-01
-4.724008739e-01
-4.436588287e-01
-4.799489379e-01
-4.280415177e-01
-4.423516691e-01
-4.424038231e-01
-4.471276700e-01
-4.775606394e-01
-4.632155299e-01
-4.690895081e-01
-4.827204347e-01
-4.472498298e-01
-4.767937660e-01
-4.449486136e-01
-4.870602787e-01
-4.320855141e-01
-4.602876306e-01
-4.273442328e-01
-4.647842050e-01
-4.299933910e-01
-4.487657845e-01
-4.266640246e-01
-4.002047479e-01
-4.348391593e-01
-4.300283790e-01
-4.398069680e-01
-4.598692954e-01
-4.305161536e-01
-4.545006752e-01
-4.092859328e-01
-4.705018699e-01
-4.207026958e-01
-4.363731742e-01
-4.081355035e-01
-4.554943442e-01
-4.198661149e-01
-4.282853305e-01
-4.136787951e-01
-3.865568042e-01
-4.148291945e-01
-3.911929429e-01
-4.008668363e-01
-4.275707006e-01
-3.900252581e-01
-4.055732489e-01
-3.707474768e-01
-4.188557565e-01
-3.841162622e-01
-4.148988426e-01
-3.899208605e-01
-4.269255698e-01
-3.889965117e-01
-4.049631059e-01
-3.845522404e-01
-3.615612686e-01
-3.885783851e-01
-3.770394623e-01
-3.829311430e-01
-3.890138865e-01
-3.691435456e-01
-4.017901719e-01
-3.497262895e-01
-4.011455774e-01
-3.546238840e-01
-3.894326985e-01
-3.594352305e-01
-4.066537321e-01
-3.718101978e-01
-3.880728483e-01
-3.748255968e-01
-3.765511215e-01
-4.127722681e-01
-4.001868963e-01
-3.907223940e-01
-4.014246762e-01
-3.861902952e-01
-4.385691583e-01
-3.935636878e-01
-4.483126700e-01
-4.034988284e-01
-4.359197915e-01
-3.887355924e-01
-4.372792840e-01
-4.079263508e-01
-4.347691238e-01
-4.445479214e-01
-4.373491406e-01
-4.644011557e-01
-4.626229703e-01
-4.811691344e-01
-4.958972037e-01
-4.605661035e-01
-4.981109500e-01
-4.534200430e-01
-5.078891516e-01
-4.475631118e-01
-4.557209313e-01
-4.314745665e-01
-4.868510365e-01
-4.550407529e-01
-4.688982069e-01
-4.479295611e-01
-4.299760163e-01
-4.637907445e-01
-4.561735094e-01
-4.647493362e-01
-4.749462008e-01
-4.425603747e-01
-4.589968324e-01
-4.289297760e-01
-4.711288214e-01
-4.375930429e-01
-4.713549316e-01
-4.328862727e-01
-4.833997488e-01
-4.510138333e-01
-4.822669625e-01
-4.831387699e-01
-4.702572823e-01
-4.939454794e-01
-4.736561477e-01
-4.851955473e-01
-4.979893267e-01
-4.711813033e-01
-4.979373813e-01
-4.468133152e-01
-4.854216874e-01
-4.422989786e-01
-4.687232673e-01
-4.267684221e-01
-4.641567171e-01
-4.203890860e-01
-4.369649887e-01
-4.303940237e-01
-4.088496864e-01
-4.303242862e-01
-4.105055630e-01
-4.177390635e-01
-4.361282885e-01
-4.114643037e-01
-4.247983694e-01
-3.893972039e-01
-4.471617937e-01
-4.127537608e-01
-4.396319091e-01
-4.067753851e-01
-4.474583268e-01
-3.943125904e-01
-4.127538800e-01
-4.243107438e-01
-4.087100923e-01
-4.287202954e-01
-4.112896025e-01
-4.208940864e-01
-4.430484772e-01
-4.202145040e-01
-4.446870089e-01
-3.990706801e-01
-4.529311061e-01
-4.023306370e-01
-4.369129837e-01
-4.015285075e-01
-4.362681210e-01
-4.031672478e-01
-4.353091121e-01
-4.322064221e-01
-4.138173461e-01
-4.450879097e-01
-4.212075174e-01
-4.132593870e-01
-4.219395220e-01
-3.926396668e-01
-4.294867516e-01
-3.901642859e-01
-4.363554716e-01
-3.660751879e-01
