8.999993324e+00
9.280833244e+00
9.362645149e+00
9.415989876e+00
9.439606667e+00
9.409801483e+00
9.455959320e+00
9.650545120e+00
9.376497269e+00
9.208551407e+00
9.216348648e+00
9.190846443e+00
9.181055069e+00
9.176176071e+00
9.386930466e+00
9.363435745e+00
9.334606171e+00
9.329324722e+00
9.349245071e+00
9.345022202e+00
9.283569336e+00
9.205354691e+00
9.146966934e+00
9.136447906e+00
9.203029633e+00
9.327299118e+00
9.171831131e+00
9.198081017e+00
9.197928429e+00
9.195579529e+00
9.193722725e+00
9.198725700e+00
8.990446091e+00
9.004095078e+00
8.989942551e+00
9.169073105e+00
9.119137764e+00
9.065347672e+00
9.027602196e+00
9.005425453e+00
8.978134155e+00
8.936098099e+00
8.891797066e+00
8.894040108e+00
8.915019035e+00
9.143521309e+00
9.147044182e+00
9.146624565e+00
9.130082130e+00
8.879362106e+00
8.868211746e+00
8.860113144e+00
8.814055443e+00
8.740077019e+00
8.672058105e+00
8.632904053e+00
8.663276672e+00
8.726214409e+00
8.789180756e+00
8.832317352e+00
8.859780312e+00
8.830153465e+00
8.770717621e+00
8.730102539e+00
8.712777138e+00
8.706851006e+00
8.710592270e+00
8.944641113e+00
8.976408958e+00
9.230060577e+00
9.223358154e+00
9.331423759e+00
9.124687195e+00
8.953264236e+00
8.878394127e+00
8.833592415e+00
8.835829735e+00
8.817035675e+00
8.781878471e+00
8.761339188e+00
8.739160538e+00
8.706745148e+00
8.724221230e+00
8.737966537e+00
8.765727043e+00
8.851828575e+00
8.973040581e+00
8.865726471e+00
8.655288696e+00
8.664362907e+00
8.441134453e+00
8.481212616e+00
8.522857666e+00
8.560387611e+00
8.345606804e+00
8.371466637e+00
8.421292305e+00
8.473272324e+00
8.489054680e+00
8.483209610e+00
8.456181526e+00
8.417148590e+00
8.595359802e+00
8.558356285e+00
8.538159370e+00
8.559412956e+00
8.579560280e+00
8.786583900e+00
8.977458954e+00
8.893913269e+00
8.821925163e+00
8.751952171e+00
8.716274261e+00
8.746619225e+00
8.797066689e+00
8.790014267e+00
8.730552673e+00
8.679790497e+00
8.633433342e+00
8.604186058e+00
8.575590134e+00
8.540061951e+00
8.494904518e+00
8.476996422e+00
8.494932175e+00
8.735003471e+00
8.738881111e+00
8.709220886e+00
8.692571640e+00
8.668951035e+00
8.646900177e+00
8.580907822e+00
8.538799286e+00
8.541814804e+00
8.585919380e+00
8.654275894e+00
8.721868515e+00
8.774561882e+00
8.842617035e+00
8.946777344e+00
8.780049324e+00
8.803265572e+00
8.868378639e+00
8.961194038e+00
8.803138733e+00
8.346050262e+00
8.295103073e+00
8.250032425e+00
8.427353859e+00
8.417366982e+00
8.449820518e+00
8.515384674e+00
8.540574074e+00
8.515960693e+00
8.478382111e+00
8.435854912e+00
8.399887085e+00
8.423579216e+00
8.489704132e+00
8.589107513e+00
8.398735046e+00
8.401828766e+00
8.388891220e+00
8.632083893e+00
8.799904823e+00
8.703994751e+00
8.675533295e+00
8.672164917e+00
8.661209106e+00
8.410992622e+00
8.615449905e+00
8.511302948e+00
8.607299805e+00
8.560993195e+00
8.527430534e+00
8.460008621e+00
8.413441658e+00
8.376544952e+00
8.101368904e+00
8.276192665e+00
8.468972206e+00
8.433227539e+00
8.372571945e+00
8.303059578e+00
8.259286880e+00
8.241972923e+00
8.234855652e+00
8.230803490e+00
8.244082451e+00
8.313852310e+00
8.335711479e+00
8.340826035e+00
8.362975121e+00
8.626711845e+00
8.677865982e+00
8.720643044e+00
8.810014725e+00
8.826189041e+00
9.079298973e+00
8.974604607e+00
8.940878868e+00
8.990773201e+00
9.008223534e+00
9.037499428e+00
8.856296539e+00
8.838120461e+00
8.819797516e+00
9.058205605e+00
9.045540810e+00
9.053213120e+00
9.318982124e+00
9.373319626e+00
9.163964272e+00
9.165051460e+00
9.137948036e+00
9.114312172e+00
9.103146553e+00
9.099148750e+00
9.103382111e+00
9.131160736e+00
9.169396400e+00
9.201375961e+00
8.994394302e+00
9.042593956e+00
9.080744743e+00
9.092082024e+00
9.112630844e+00
9.167731285e+00
9.214509010e+00
9.262654305e+00
9.280724525e+00
9.311265945e+00
9.352105141e+00
9.400359154e+00
9.208777428e+00
9.225168228e+00
9.224510193e+00
9.205799103e+00
9.152355194e+00
9.330065727e+00
9.309740067e+00
9.317337990e+00
9.346429825e+00
9.382355690e+00
9.412415504e+00
9.428625107e+00
9.439732552e+00
9.446019173e+00
9.467934608e+00
9.700908661e+00
9.706571579e+00
9.713103294e+00
9.674538612e+00
9.678910255e+00
9.835233688e+00
1.002389050e+01
9.977563858e+00
9.909132957e+00
9.712599754e+00
9.773427963e+00
9.855445862e+00
1.008860397e+01
9.994804382e+00
9.675004005e+00
9.748930931e+00
9.620751381e+00
9.613080025e+00
9.703601837e+00
9.646943092e+00
9.803927422e+00
9.577994347e+00
9.700906754e+00
9.499668121e+00
9.560822487e+00
9.375568390e+00
9.519714355e+00
9.368302345e+00
9.537833214e+00
9.495652199e+00
9.369091034e+00
9.485078812e+00
9.411550522e+00
9.303003311e+00
9.284301758e+00
9.445207596e+00
9.633620262e+00
9.504521370e+00
9.508070946e+00
9.343194008e+00
9.452400208e+00
9.299210548e+00
9.403675079e+00
9.237101555e+00
9.380243301e+00
9.140606880e+00
9.049294472e+00
9.223195076e+00
9.241330147e+00
9.193246841e+00
9.214163780e+00
9.116200447e+00
9.230521202e+00
9.071079254e+00
9.331593513e+00
9.232890129e+00
9.179278374e+00
9.075529099e+00
9.211986542e+00
9.060237885e+00
8.928888321e+00
8.901721001e+00
8.795137405e+00
8.923790932e+00
9.111517906e+00
9.030094147e+00
9.027096748e+00
8.894435883e+00
8.993177414e+00
8.790044785e+00
9.004688263e+00
8.857282639e+00
8.926733017e+00
8.695530891e+00
8.716485977e+00
8.440340996e+00
8.478710175e+00
8.412681580e+00
8.341061592e+00
8.549950600e+00
8.816155434e+00
8.809472084e+00
8.963130951e+00
8.724140167e+00
8.553215981e+00
8.321694374e+00
8.536648750e+00
8.417463303e+00
8.558083534e+00
8.427030563e+00
8.530541420e+00
8.350111008e+00
8.448206902e+00
8.412944794e+00
8.312990189e+00
8.450822830e+00
8.397284508e+00
8.408804893e+00
8.508273125e+00
8.451210976e+00
8.794109344e+00
8.591884613e+00
8.590097427e+00
8.652915001e+00
8.740240097e+00
8.601841927e+00
8.719749451e+00
8.307942390e+00
8.411997795e+00
8.372356415e+00
8.497396469e+00
8.618679047e+00
8.594811440e+00
8.560286522e+00
8.358175278e+00
8.275586128e+00
8.406407356e+00
8.216683388e+00
8.663278580e+00
8.513291359e+00
8.652841568e+00
8.579778671e+00
9.244234085e+00
9.195068359e+00
9.173967361e+00
9.229355812e+00
9.189629555e+00
9.380836487e+00
9.389883041e+00
9.174778938e+00
9.284302711e+00
9.292636871e+00
9.473612785e+00
9.300670624e+00
9.481838226e+00
9.495956421e+00
9.311306000e+00
9.171219826e+00
9.335463524e+00
9.216315269e+00
9.350774765e+00
9.495122910e+00
9.321962357e+00
9.390226364e+00
9.292830467e+00
9.246081352e+00
9.334202766e+00
9.286916733e+00
9.629114151e+00
9.418009758e+00
9.797985077e+00
9.610367775e+00
9.715394020e+00
9.621708870e+00
9.801184654e+00
9.679647446e+00
9.811925888e+00
9.756725311e+00
9.637272835e+00
9.793695450e+00
9.797484398e+00
9.780518532e+00
9.825944901e+00
9.699267387e+00
9.890764236e+00
9.500347137e+00
9.627536774e+00
9.458329201e+00
9.566378593e+00
9.444537163e+00
9.560757637e+00
9.382649422e+00
9.478581429e+00
9.412420273e+00
9.291251183e+00
9.449501038e+00
9.491412163e+00
9.536021233e+00
9.630241394e+00
9.549675941e+00
9.639300346e+00
9.431091309e+00
9.697913170e+00
9.402356148e+00
9.530558586e+00
9.401820183e+00
9.543674469e+00
9.362112045e+00
9.490818977e+00
9.542509079e+00
9.517553329e+00
9.749963760e+00
9.818702698e+00
9.605366707e+00
9.622248650e+00
9.494770050e+00
9.584136963e+00
9.378662109e+00
9.619112015e+00
9.262454987e+00
9.386153221e+00
9.235029221e+00
9.329668999e+00
9.128194809e+00
9.229139328e+00
9.177650452e+00
9.077798843e+00
9.218163490e+00
9.211680412e+00
9.221531868e+00
9.099410057e+00
9.037267685e+00
9.199130058e+00
9.041377068e+00
9.301181793e+00
9.202012062e+00
9.112342834e+00
8.948423386e+00
9.034134865e+00
8.870810509e+00
9.005313873e+00
8.971776962e+00
8.858286858e+00
8.987713814e+00
8.936104774e+00
8.856379509e+00
8.938451767e+00
9.165507317e+00
9.332979202e+00
8.938785553e+00
9.147255898e+00
8.990865707e+00
9.094737053e+00
8.941429138e+00
9.053408623e+00
8.879988670e+00
9.027229309e+00
9.020053864e+00
8.880917549e+00
8.969194412e+00
8.936627388e+00
8.945302010e+00
8.808345795e+00
8.787123680e+00
8.941294670e+00
8.944726944e+00
9.076477051e+00
8.852272034e+00
8.880830765e+00
8.698817253e+00
8.842943192e+00
8.755394936e+00
8.920748711e+00
8.883106232e+00
8.695466042e+00
8.510816574e+00
8.408916473e+00
8.341636658e+00
8.406426430e+00
8.559885979e+00
8.656874657e+00
8.395633698e+00
8.291627884e+00
8.068512917e+00
8.174669266e+00
8.096699715e+00
8.275772095e+00
8.177310944e+00
8.342221260e+00
8.075452805e+00
7.914434910e+00
7.998908520e+00
7.728309631e+00
7.697058678e+00
7.780051231e+00
7.733948231e+00
7.884309769e+00
7.676872253e+00
7.830074310e+00
7.626538277e+00
7.923740864e+00
8.037755966e+00
8.668413162e+00
8.535179138e+00
8.452790260e+00
8.444060326e+00
8.364434242e+00
8.514214516e+00
8.715091705e+00
8.672771454e+00
8.734812737e+00
8.691540718e+00
8.844462395e+00
8.653806686e+00
8.835467339e+00
8.638006210e+00
8.724864006e+00
8.786524773e+00
8.899135590e+00
8.744232178e+00
8.889912605e+00
8.909188271e+00
8.840736389e+00
9.077168465e+00
8.685805321e+00
8.630073547e+00
8.640836716e+00
8.502575874e+00
8.582430840e+00
8.379882812e+00
8.638047218e+00
8.617367744e+00
8.866039276e+00
8.818527222e+00
8.956980705e+00
8.757827759e+00
8.855411530e+00
8.826948166e+00
8.737977028e+00
8.932665825e+00
8.982093811e+00
8.952670097e+00
8.901217461e+00
8.731609344e+00
8.873221397e+00
8.703479767e+00
8.983001709e+00
8.874927521e+00
9.004837990e+00
8.851917267e+00
9.176571846e+00
9.200716019e+00
9.313451767e+00
9.278241158e+00
9.163028717e+00
9.252918243e+00
9.216497421e+00
9.197101593e+00
9.253456116e+00
9.250876427e+00
9.528450012e+00
9.427121162e+00
9.671223640e+00
9.541124344e+00
9.597618103e+00
9.153180122e+00
9.247853279e+00
9.088435173e+00
9.220596313e+00
9.171836853e+00
9.277715683e+00
9.405013084e+00
9.384775162e+00
9.569195747e+00
9.620146751e+00
9.335250854e+00
9.465811729e+00
9.257593155e+00
9.416300774e+00
9.219102859e+00
9.267557144e+00
9.084565163e+00
9.167514801e+00
8.984045029e+00
9.117132187e+00
9.136885643e+00
9.064619064e+00
9.174641609e+00
8.881489754e+00
8.788305283e+00
9.030117989e+00
8.925930023e+00
9.032969475e+00
8.803071976e+00
8.961103439e+00
8.792146683e+00
8.943762779e+00
9.108570099e+00
9.497617722e+00
9.275000572e+00
9.326986313e+00
9.026050568e+00
8.860026360e+00
8.976603508e+00
8.963156700e+00
9.164894104e+00
9.215779305e+00
9.127352715e+00
9.236017227e+00
8.978729248e+00
9.110890388e+00
8.912981033e+00
9.016121864e+00
8.905143738e+00
9.076862335e+00
8.930223465e+00
9.039607048e+00
8.944206238e+00
8.846431732e+00
9.020318985e+00
9.053894997e+00
9.077734947e+00
9.209877968e+00
8.947763443e+00
9.046900749e+00
8.801233292e+00
8.970655441e+00
8.801198959e+00
8.935460091e+00
8.861181259e+00
9.035952568e+00
8.863306999e+00
9.206602097e+00
9.194395065e+00
9.148014069e+00
9.351621628e+00
9.370785713e+00
9.111374855e+00
9.163133621e+00
9.032567024e+00
9.075823784e+00
8.772520065e+00
8.904843330e+00
8.691103935e+00
8.814430237e+00
8.713873863e+00
8.861407280e+00
8.686659813e+00
8.772042274e+00
8.735200882e+00
8.654932976e+00
8.833100319e+00
8.875704765e+00
8.936874390e+00
8.876315117e+00
8.650101662e+00
8.845197678e+00
8.746288300e+00
8.793254852e+00
8.667680740e+00
8.780207634e+00
8.646943092e+00
8.756532669e+00
8.600862503e+00
8.755344391e+00
8.799680710e+00
8.779309273e+00
8.977926254e+00
8.989363670e+00
8.710412025e+00
8.760730743e+00
8.769131660e+00
9.064933777e+00
8.757032394e+00
8.989408493e+00
8.813899040e+00
8.921599388e+00
8.799749374e+00
9.004547119e+00
8.984242439e+00
9.268643379e+00
8.897676468e+00
8.830031395e+00
8.718123436e+00
8.599695206e+00
8.460082054e+00
8.488609314e+00
8.471117020e+00
8.668509483e+00
8.353937149e+00
8.654571533e+00
8.261761665e+00
8.558531761e+00
8.374680519e+00
8.477703094e+00
8.336585999e+00
8.505967140e+00
8.499297142e+00
8.540831566e+00
8.484255791e+00
8.288463593e+00
8.227105141e+00
8.326104164e+00
8.310052872e+00
8.454340935e+00
8.243452072e+00
8.437609673e+00
8.281394958e+00
8.658826828e+00
8.575425148e+00
8.743754387e+00
8.582380295e+00
8.700506210e+00
8.659803391e+00
8.519603729e+00
8.591248512e+00
8.521555901e+00
8.268789291e+00
8.579369545e+00
8.545523643e+00
8.683518410e+00
8.906649590e+00
9.089952469e+00
8.982453346e+00
9.207935333e+00
9.299751282e+00
9.378026009e+00
9.069630623e+00
9.234039307e+00
9.424103737e+00
9.246662140e+00
9.280951500e+00
9.185681343e+00
9.142498970e+00
9.227135658e+00
9.206848145e+00
9.315707207e+00
9.295568466e+00
9.467399597e+00
9.293010712e+00
9.446981430e+00
9.166945457e+00
9.348938942e+00
9.218476295e+00
9.109128952e+00
9.048694611e+00
8.934784889e+00
9.122633934e+00
9.165888786e+00
8.929107666e+00
8.770198822e+00
8.871665955e+00
8.902284622e+00
8.622616768e+00
8.792932510e+00
8.670377731e+00
8.844467163e+00
8.757756233e+00
9.117312431e+00
9.182168961e+00
9.317685127e+00
9.094940186e+00
8.994277000e+00
9.100168228e+00
9.033338547e+00
8.942089081e+00
8.947957993e+00
9.085747719e+00
9.157804489e+00
8.900746346e+00
9.027647018e+00
9.006104469e+00
9.026445389e+00
8.842469215e+00
8.959322929e+00
8.786472321e+00
8.906219482e+00
8.878454208e+00
8.799028397e+00
8.988105774e+00
9.039511681e+00
9.070869446e+00
8.989896774e+00
8.980602264e+00
9.200098991e+00
8.809875488e+00
8.985507011e+00
8.752861023e+00
8.782106400e+00
8.345273972e+00
8.458528519e+00
8.348447800e+00
8.561803818e+00
8.594859123e+00
8.486865044e+00
8.796665192e+00
8.706239700e+00
8.621796608e+00
8.627565384e+00
8.548204422e+00
8.750342369e+00
8.638402939e+00
8.896111488e+00
9.020634651e+00
9.155941963e+00
9.027182579e+00
9.399971008e+00
9.278075218e+00
9.461911201e+00
9.719850540e+00
9.696326256e+00
9.634510994e+00
9.758601189e+00
9.691065788e+00
9.744699478e+00
9.716893196e+00
9.899398804e+00
9.745512962e+00
9.749238968e+00
9.607586861e+00
9.736711502e+00
9.580346107e+00
1.015791607e+01
9.981681824e+00
1.007348347e+01
1.004224682e+01
9.909430504e+00
1.004071999e+01
9.994356155e+00
9.952376366e+00
1.003297806e+01
9.978842735e+00
1.032166862e+01
1.011121559e+01
1.031778145e+01
1.018056679e+01
1.051569462e+01
1.038881588e+01
1.051398373e+01
1.035515499e+01
1.020155811e+01
1.013276100e+01
9.998566628e+00
1.013242912e+01
1.008351135e+01
1.003778172e+01
1.012790108e+01
1.010732079e+01
1.024517918e+01
9.994360924e+00
1.019767570e+01
1.006131554e+01
1.019390869e+01
1.009753036e+01
1.026015377e+01
1.011996651e+01
1.030342102e+01
1.005579090e+01
9.907973289e+00
9.994216919e+00
9.932426453e+00
9.891854286e+00
9.936861992e+00
9.857171059e+00
1.001074123e+01
9.865107536e+00
9.881571770e+00
9.465038300e+00
9.539146423e+00
9.361529350e+00
9.462074280e+00
9.279850006e+00
9.413589478e+00
9.406235695e+00
9.327159882e+00
9.499032021e+00
9.346543312e+00
9.170618057e+00
9.450963020e+00
9.405173302e+00
9.562900543e+00
9.396200180e+00
9.625943184e+00
9.262886047e+00
9.425184250e+00
9.307528496e+00
9.434540749e+00
9.235309601e+00
9.331713676e+00
9.286055565e+00
9.142049789e+00
9.239212036e+00
9.220514297e+00
9.213282585e+00
9.322870255e+00
9.328615189e+00
9.514679909e+00
9.314433098e+00
9.259998322e+00
9.090758324e+00
9.218075752e+00
9.117436409e+00
9.261167526e+00
9.325692177e+00
9.467458725e+00
9.498692513e+00
9.221904755e+00
9.384725571e+00
9.356530190e+00
9.312782288e+00
9.352887154e+00
9.288227081e+00
9.415192604e+00
9.230840683e+00
9.433822632e+00
9.278283119e+00
9.376007080e+00
9.206571579e+00
9.298949242e+00
9.141509056e+00
9.316513062e+00
9.386205673e+00
9.435976028e+00
9.473117828e+00
9.208911896e+00
9.155415535e+00
9.193199158e+00
9.111285210e+00
9.261816978e+00
9.129315376e+00
9.418899536e+00
9.339797974e+00
9.206876755e+00
9.012348175e+00
9.083519936e+00
8.896657944e+00
8.981744766e+00
8.927547455e+00
8.836725235e+00
8.998393059e+00
8.978005409e+00
8.683504105e+00
8.707710266e+00
8.623334885e+00
8.989314079e+00
8.807538033e+00
9.030865669e+00
8.764092445e+00
8.742074013e+00
8.548505783e+00
8.665918350e+00
8.521102905e+00
8.637468338e+00
8.559118271e+00
8.383221626e+00
8.457399368e+00
8.391290665e+00
8.317138672e+00
8.633938789e+00
8.857654572e+00
9.039815903e+00
8.870710373e+00
8.860859871e+00
8.900619507e+00
8.993344307e+00
8.849977493e+00
9.025706291e+00
8.911683083e+00
9.053162575e+00
8.994568825e+00
8.820804596e+00
8.894880295e+00
9.054889679e+00
9.041552544e+00
9.241705894e+00
9.337415695e+00
9.362447739e+00
9.162601471e+00
9.314091682e+00
8.935717583e+00
9.050756454e+00
8.943224907e+00
9.126778603e+00
9.020212173e+00
9.389994621e+00
9.394697189e+00
9.296346664e+00
9.660219193e+00
9.392995834e+00
9.569812775e+00
9.622248650e+00
9.581047058e+00
9.521403313e+00
9.327654839e+00
9.736374855e+00
