1.693365693e+00
1.675263166e+00
1.655623198e+00
1.633821249e+00
1.636047006e+00
1.633220315e+00
1.614546657e+00
1.608530879e+00
1.581617475e+00
1.581827641e+00
1.584293962e+00
1.574972034e+00
1.569679618e+00
1.549322248e+00
1.533444643e+00
1.518077612e+00
1.517326593e+00
1.518619657e+00
1.497660875e+00
1.477543354e+00
1.483977914e+00
1.476130724e+00
1.482925773e+00
1.490954876e+00
1.499133587e+00
1.509809136e+00
1.480219126e+00
1.459621191e+00
1.452314019e+00
1.452945948e+00
1.460613012e+00
1.445097089e+00
1.442059278e+00
1.431896567e+00
1.434903383e+00
1.437699199e+00
1.422964573e+00
1.431204200e+00
1.440015316e+00
1.444735527e+00
1.432737589e+00
1.428166389e+00
1.415176988e+00
1.414876342e+00
1.407298684e+00
1.389676332e+00
1.384535193e+00
1.394248486e+00
1.385919213e+00
1.370522738e+00
1.355276942e+00
1.352270126e+00
1.329116106e+00
1.325206757e+00
1.328063726e+00
1.331582189e+00
1.315284610e+00
1.308848977e+00
1.294506192e+00
1.304279685e+00
1.303919315e+00
1.319284916e+00
1.298266053e+00
1.302806854e+00
1.317059994e+00
1.324094772e+00
1.304850340e+00
1.289874911e+00
1.291078210e+00
1.304037929e+00
1.314201832e+00
1.317719817e+00
1.293844223e+00
1.300820112e+00
1.301241875e+00
1.287078500e+00
1.291829944e+00
1.270179510e+00
1.269878626e+00
1.277997255e+00
1.277936101e+00
1.288310766e+00
1.281213880e+00
1.266780376e+00
1.248888373e+00
1.245189667e+00
1.248136520e+00
1.249068975e+00
1.248708367e+00
1.233401895e+00
1.231026292e+00
1.236379385e+00
1.222818017e+00
1.205166698e+00
1.204504967e+00
1.198430657e+00
1.213706136e+00
1.214488149e+00
1.214608192e+00
1.209376454e+00
1.199242353e+00
1.183093667e+00
1.185048580e+00
1.182913542e+00
1.197949290e+00
1.205677986e+00
1.194010019e+00
1.209045172e+00
1.215450406e+00
1.210999966e+00
1.220140576e+00
1.225583792e+00
1.227478266e+00
1.201707959e+00
1.210097671e+00
1.227148414e+00
1.238243341e+00
1.245309711e+00
1.233222246e+00
1.240227938e+00
1.230665207e+00
1.233041048e+00
1.225583553e+00
1.226396441e+00
1.234935999e+00
1.231387854e+00
1.220050097e+00
1.215179324e+00
1.236350060e+00
1.234515071e+00
1.233431816e+00
1.217224598e+00
1.221494436e+00
1.238845229e+00
1.248197675e+00
1.254240632e+00
1.259203076e+00
1.258601904e+00
1.260555983e+00
1.271019816e+00
1.275590420e+00
1.286355615e+00
1.280401707e+00
1.282085419e+00
1.277123928e+00
1.282717586e+00
1.292550206e+00
1.282446504e+00
1.286626577e+00
1.282627106e+00
1.313749790e+00
1.312487125e+00
1.319252729e+00
1.323884130e+00
1.318441510e+00
1.297060847e+00
1.303225040e+00
1.314832568e+00
1.320576072e+00
1.323793650e+00
1.316275954e+00
1.319553494e+00
1.325717688e+00
1.319794059e+00
1.320545316e+00
1.320064664e+00
1.319913864e+00
1.320003390e+00
1.321688056e+00
1.314441204e+00
1.322079420e+00
1.323643088e+00
1.342015266e+00
1.334497213e+00
1.326830268e+00
1.326740146e+00
1.334527493e+00
1.342766881e+00
1.349473000e+00
1.372386694e+00
1.373409033e+00
1.380174994e+00
1.377167702e+00
1.379273772e+00
1.381287813e+00
1.395991921e+00
1.412350059e+00
1.403539658e+00
1.415357709e+00
1.421701908e+00
1.421701908e+00
1.443533182e+00
1.434842944e+00
1.425881863e+00
1.443083048e+00
1.462778211e+00
1.482864857e+00
1.488158226e+00
1.426844358e+00
1.478957534e+00
1.492218733e+00
1.455140233e+00
1.500308514e+00
1.487076879e+00
1.462687731e+00
1.488700986e+00
1.507705808e+00
1.500638485e+00
1.525507927e+00
1.542650819e+00
1.558017135e+00
1.578977346e+00
1.565596104e+00
1.547792912e+00
1.581594348e+00
1.607303619e+00
1.617797375e+00
1.608747244e+00
1.608566880e+00
1.616474509e+00
1.614309669e+00
1.614610553e+00
1.623360395e+00
1.633012414e+00
1.610790849e+00
1.617856622e+00
1.605618477e+00
1.622337341e+00
1.619180202e+00
1.623389363e+00
1.646964312e+00
1.648858309e+00
1.652767181e+00
1.678357363e+00
1.678568125e+00
1.677875996e+00
1.703646779e+00
1.703587055e+00
1.722952843e+00
1.741506934e+00
1.746949434e+00
1.755820036e+00
1.780147195e+00
1.798069596e+00
1.819479942e+00
1.839476228e+00
1.867742419e+00
1.872794032e+00
1.897902846e+00
1.928815246e+00
1.959216475e+00
1.979484320e+00
1.982882261e+00
2.023751497e+00
2.087169170e+00
1.960239291e+00
2.185826778e+00
2.028051615e+00
2.013133287e+00
2.117027521e+00
2.178400278e+00
2.007660389e+00
2.204379559e+00
2.253576040e+00
2.123703718e+00
2.239112139e+00
2.229309559e+00
2.250778913e+00
2.286169767e+00
2.190035820e+00
2.429786921e+00
2.233187675e+00
2.413040400e+00
2.344568491e+00
2.448431730e+00
2.336447001e+00
2.617876530e+00
2.335544825e+00
2.453271627e+00
2.656997919e+00
2.467254877e+00
2.543031216e+00
2.595804214e+00
2.612131596e+00
2.603954315e+00
2.528178453e+00
2.766155481e+00
2.539694309e+00
2.705503464e+00
2.623890638e+00
2.714283466e+00
2.615319014e+00
2.867858171e+00
2.631738663e+00
2.679282188e+00
2.850267887e+00
2.671042442e+00
2.752923489e+00
2.788651228e+00
2.796799421e+00
2.807865381e+00
2.748593807e+00
2.995023727e+00
2.769736290e+00
2.924569607e+00
2.851737499e+00
2.938462734e+00
2.841784716e+00
3.125167370e+00
2.890020370e+00
2.956112862e+00
3.141103745e+00
2.950910568e+00
3.013274908e+00
3.068694592e+00
3.059223175e+00
3.052486897e+00
2.991295576e+00
3.226078272e+00
2.997457266e+00
3.149973154e+00
3.056426764e+00
3.129495144e+00
3.038143158e+00
3.296326637e+00
3.013846159e+00
3.100058317e+00
3.258284569e+00
3.068273067e+00
3.112867832e+00
3.143599272e+00
3.162662983e+00
3.159445047e+00
3.063100576e+00
3.307393074e+00
3.089171648e+00
3.244062424e+00
3.148770332e+00
3.214742184e+00
3.098824501e+00
3.362211466e+00
3.098944187e+00
3.149070740e+00
3.302671671e+00
3.115783453e+00
3.156678438e+00
3.174959660e+00
3.190896511e+00
3.173907518e+00
3.109228373e+00
3.315392017e+00
3.084331274e+00
3.252844572e+00
3.153972626e+00
3.252751827e+00
3.123421669e+00
3.378000021e+00
3.106373072e+00
3.175021648e+00
3.325134754e+00
3.132533550e+00
3.174962044e+00
3.214322567e+00
3.209842443e+00
3.187411308e+00
3.090526819e+00
3.327390671e+00
3.097923279e+00
3.257472992e+00
3.154454231e+00
3.239882231e+00
3.123634100e+00
3.385035515e+00
3.115242958e+00
3.166721582e+00
3.320444822e+00
3.130576611e+00
3.156768322e+00
3.197872877e+00
3.203258038e+00
3.188434601e+00
3.105918646e+00
3.354091406e+00
3.112956762e+00
3.289503098e+00
3.180434704e+00
3.244215727e+00
3.130002022e+00
3.388010740e+00
3.110036135e+00
3.162933588e+00
3.306219578e+00
3.131657839e+00
3.159385443e+00
3.211528778e+00
3.207950830e+00
3.178570509e+00
3.083334684e+00
3.321284771e+00
3.094850779e+00
3.266556740e+00
3.172947168e+00
3.245358706e+00
3.146121264e+00
3.375442028e+00
3.103994608e+00
3.162029743e+00
3.339807987e+00
3.154933929e+00
3.200072289e+00
3.239825726e+00
3.249057055e+00
3.238381863e+00
3.153972626e+00
3.376403809e+00
3.140952110e+00
3.307993174e+00
3.194267750e+00
3.287815809e+00
3.156107664e+00
3.414713383e+00
3.150452852e+00
3.214595556e+00
3.374719143e+00
3.188765287e+00
3.238893032e+00
3.286823511e+00
3.292416573e+00
3.286132336e+00
3.198507786e+00
3.461233377e+00
3.229660988e+00
3.366389513e+00
3.260301590e+00
3.321975946e+00
3.223045349e+00
3.496537209e+00
3.218053579e+00
3.265895128e+00
3.449895620e+00
3.269353390e+00
3.311120987e+00
3.349159479e+00
3.351505041e+00
3.350753069e+00
3.294161558e+00
3.531870604e+00
3.290312052e+00
3.415134430e+00
3.316472530e+00
3.425899267e+00
3.316803455e+00
3.581065416e+00
3.305559397e+00
3.371531963e+00
3.517647266e+00
3.346002102e+00
3.395017624e+00
3.422320843e+00
3.417781115e+00
3.424667358e+00
3.360436440e+00
3.586298466e+00
3.346364260e+00
3.496055603e+00
3.378298283e+00
3.446619034e+00
3.354274750e+00
3.622743845e+00
3.359717131e+00
3.438861132e+00
3.621120930e+00
3.439041138e+00
3.497318029e+00
3.527689457e+00
3.540289879e+00
3.532441139e+00
3.458406687e+00
3.699752808e+00
3.475185633e+00
3.631344080e+00
3.526577234e+00
3.615977287e+00
3.506068707e+00
3.780191898e+00
3.517976522e+00
3.599018097e+00
3.763292551e+00
3.593243122e+00
3.647641420e+00
3.678191662e+00
3.685228348e+00
3.659850121e+00
3.580552816e+00
3.838556767e+00
3.625299692e+00
3.782266855e+00
3.692503929e+00
3.774449348e+00
3.676897764e+00
3.931566238e+00
3.675002813e+00
3.741942883e+00
3.905736446e+00
3.740438461e+00
3.791285515e+00
3.838017225e+00
3.845534563e+00
3.810591459e+00
3.743594885e+00
3.975468397e+00
3.744645596e+00
3.889738321e+00
3.777694225e+00
3.867606401e+00
3.760914326e+00
4.021719933e+00
3.759140968e+00
3.815072060e+00
3.976700306e+00
3.791166306e+00
3.848510981e+00
3.886160374e+00
3.882731915e+00
3.864629269e+00
3.776882172e+00
4.031221390e+00
3.800758839e+00
3.969184637e+00
3.870914221e+00
3.952375650e+00
3.840572834e+00
4.102825165e+00
3.822260857e+00
3.884835958e+00
4.072662354e+00
3.887362242e+00
3.943176270e+00
3.998412371e+00
4.002743244e+00
3.993300438e+00
3.898458481e+00
4.143602848e+00
3.919928789e+00
4.082945824e+00
3.979106903e+00
4.044003487e+00
3.957098961e+00
4.219444752e+00
3.963052988e+00
4.025238037e+00
4.199202538e+00
4.016819477e+00
4.068151951e+00
4.100537777e+00
4.113135815e+00
4.120684624e+00
4.050709248e+00
4.297058105e+00
4.042199135e+00
4.204105854e+00
4.125284195e+00
4.217455387e+00
4.099846363e+00
4.354250908e+00
4.085560799e+00
4.159963131e+00
4.339396954e+00
4.156836033e+00
4.216883183e+00
4.266473770e+00
4.284306526e+00
4.271824360e+00
4.194481373e+00
4.425035954e+00
4.206691265e+00
4.373166084e+00
4.269058704e+00
4.359032154e+00
4.255560875e+00
4.528394699e+00
4.256071091e+00
4.317206383e+00
4.467678070e+00
4.292243958e+00
4.357078552e+00
4.389910698e+00
4.392256260e+00
4.388077259e+00
4.307733536e+00
4.542764664e+00
4.323369980e+00
4.476340294e+00
4.382243633e+00
4.463199615e+00
4.364203453e+00
4.638868809e+00
4.355754375e+00
4.427021980e+00
4.595360279e+00
4.418631077e+00
4.459499836e+00
4.484098911e+00
4.502111912e+00
4.512516499e+00
4.425217628e+00
4.669962883e+00
4.439712524e+00
4.603387356e+00
4.504906654e+00
4.593946934e+00
4.498443604e+00
4.770632744e+00
4.500306606e+00
4.565827847e+00
4.734703064e+00
4.553617477e+00
4.606424332e+00
4.662954330e+00
4.684123993e+00
4.669722080e+00
4.592924595e+00
4.850501537e+00
4.618572712e+00
4.767027855e+00
4.663526535e+00
4.725590706e+00
4.614211559e+00
4.895517826e+00
4.631773949e+00
4.708662510e+00
4.865988731e+00
4.697867393e+00
4.740746021e+00
4.773341179e+00
4.787954330e+00
4.781881809e+00
4.707700253e+00
4.954090118e+00
4.707069874e+00
4.856663227e+00
4.757887363e+00
4.845748425e+00
4.743846416e+00
5.007829189e+00
4.734222889e+00
4.805877209e+00
4.977185249e+00
4.796675682e+00
4.861775875e+00
4.900116920e+00
4.900990009e+00
4.894224167e+00
4.823410511e+00
5.069652557e+00
4.834773540e+00
5.001544476e+00
4.903512955e+00
4.987319946e+00
4.884300709e+00
5.155350208e+00
4.899364471e+00
4.971018791e+00
5.150359631e+00
4.977693558e+00
5.043944836e+00
5.081349850e+00
5.078585625e+00
5.073112488e+00
5.001121521e+00
5.251008987e+00
4.993690491e+00
5.155230999e+00
5.084840298e+00
5.167139053e+00
5.064693928e+00
5.332889557e+00
5.060544014e+00
5.128170013e+00
5.307661057e+00
5.121674061e+00
5.154992104e+00
5.206862926e+00
5.210501671e+00
5.203014851e+00
5.134002686e+00
5.352766037e+00
5.123809814e+00
5.292628288e+00
5.183950424e+00
5.261835098e+00
5.146182537e+00
5.395944595e+00
5.127657890e+00
5.200037003e+00
5.376341343e+00
5.211703777e+00
5.260511875e+00
5.306306839e+00
5.295933247e+00
5.307539940e+00
5.225716591e+00
5.471366405e+00
5.242285252e+00
5.379618168e+00
5.279337406e+00
5.357006073e+00
5.261744976e+00
5.521582603e+00
5.246826172e+00
5.331055164e+00
5.494430065e+00
5.314968109e+00
5.371350765e+00
5.397750854e+00
5.392848492e+00
5.400576591e+00
5.317792892e+00
5.548854828e+00
5.328377724e+00
5.490431309e+00
5.393508911e+00
5.473741055e+00
5.351020813e+00
5.611316204e+00
5.356885910e+00
5.423546791e+00
5.593093395e+00
5.402138233e+00
5.460929394e+00
5.501227856e+00
5.514094353e+00
5.478823185e+00
5.400454521e+00
5.637898922e+00
5.433921337e+00
5.588373661e+00
5.498308182e+00
5.577727318e+00
5.489438057e+00
5.759737492e+00
5.492054462e+00
5.574539185e+00
5.743648052e+00
5.545066833e+00
5.588521957e+00
5.623706341e+00
5.611887932e+00
5.611858845e+00
5.529370308e+00
5.781206131e+00
5.541006565e+00
5.700109482e+00
5.608550072e+00
5.689641953e+00
5.572584629e+00
5.844684601e+00
5.580884933e+00
5.674547672e+00
5.831936359e+00
5.651005745e+00
5.705522060e+00
5.758532047e+00
5.770259857e+00
5.753479481e+00
5.692890644e+00
5.955252647e+00
5.714993477e+00
5.884558201e+00
5.776574612e+00
5.868710995e+00
5.758381844e+00
6.047506332e+00
5.788572788e+00
5.860832691e+00
6.015181541e+00
5.846880436e+00
5.887444973e+00
5.918868065e+00
5.911892414e+00
5.916372299e+00
5.841167927e+00
6.074302197e+00
5.859209538e+00
6.017375469e+00
5.925873280e+00
6.010008335e+00
5.876981258e+00
6.150143147e+00
5.876708984e+00
5.957475662e+00
6.130293846e+00
5.953867435e+00
6.008324623e+00
6.065010548e+00
6.073641777e+00
6.062755108e+00
5.983335495e+00
6.224445820e+00
6.000144958e+00
6.160726070e+00
6.070845127e+00
6.161147118e+00
6.045855522e+00
6.323621750e+00
6.053073406e+00
6.125451565e+00
6.315712452e+00
6.133632660e+00
6.172874928e+00
6.213049412e+00
6.229708195e+00
6.241105080e+00
6.181023121e+00
6.402101517e+00
6.169085979e+00
6.341333389e+00
6.241195202e+00
6.315351486e+00
6.205923557e+00
6.459870338e+00
6.190016270e+00
6.241977215e+00
6.424174309e+00
6.268409252e+00
6.314329147e+00
6.348068237e+00
6.358082771e+00
6.344580173e+00
6.282301903e+00
6.526507854e+00
6.297489643e+00
6.449795723e+00
6.359645844e+00
6.443180084e+00
6.330897331e+00
6.602556705e+00
6.320222855e+00
6.392840862e+00
6.579552650e+00
6.404508114e+00
6.462666988e+00
6.508737087e+00
6.506090641e+00
6.479417801e+00
6.382977486e+00
6.635874748e+00
6.418943882e+00
6.593052387e+00
6.502484322e+00
6.581265450e+00
6.469764233e+00
6.731948853e+00
6.463299274e+00
6.518629074e+00
6.692677498e+00
6.522778988e+00
6.562138557e+00
6.589955807e+00
6.595428944e+00
6.600299358e+00
6.527590275e+00
6.790018082e+00
6.555344582e+00
6.713306904e+00
6.613591671e+00
6.709247112e+00
6.592931747e+00
6.881820679e+00
6.603968620e+00
6.673975468e+00
6.827424049e+00
6.637225151e+00
6.695144176e+00
6.731045723e+00
6.750984192e+00
6.733874321e+00
6.653737545e+00
6.918175220e+00
6.672350407e+00
6.837376595e+00
6.723018646e+00
6.839361191e+00
6.715531826e+00
6.980332375e+00
6.697970867e+00
6.758020878e+00
6.937631130e+00
6.749359608e+00
6.812210083e+00
6.847359180e+00
6.846756458e+00
6.840502739e+00
6.752758503e+00
6.978708744e+00
6.756638527e+00
6.900614262e+00
6.810883999e+00
6.883443832e+00
6.781687260e+00
7.060169220e+00
6.780814648e+00
6.866574287e+00
7.031331062e+00
6.859295845e+00
6.907651424e+00
6.950559616e+00
6.952365875e+00
6.950051308e+00
6.861882210e+00
7.105094433e+00
6.878901958e+00
7.035721779e+00
6.926205158e+00
7.013859272e+00
6.923918724e+00
7.196959496e+00
6.921994209e+00
6.980271339e+00
7.149028778e+00
6.985321522e+00
7.042877674e+00
7.080798626e+00
7.086723328e+00
7.079954624e+00
7.009651184e+00
7.249613285e+00
7.015514851e+00
7.160155773e+00
7.068196774e+00
7.159943581e+00
7.055747509e+00
7.339165688e+00
7.072436810e+00
7.129152298e+00
7.292046070e+00
7.136789322e+00
7.190463543e+00
7.232742786e+00
7.235209465e+00
7.231390476e+00
7.144218445e+00
7.406671524e+00
7.173324108e+00
7.331193924e+00
7.230517387e+00
7.301608086e+00
7.221827030e+00
7.480644226e+00
7.212025166e+00
7.281641483e+00
7.451265335e+00
7.266511917e+00
7.313064098e+00
7.359190941e+00
7.373412132e+00
7.372692585e+00
7.314177990e+00
7.546650410e+00
7.333510399e+00
7.495588303e+00
7.402610779e+00
7.482717514e+00
7.378526211e+00
7.652769566e+00
7.389500141e+00
7.455683708e+00
7.644499302e+00
7.486987591e+00
7.559882641e+00
7.589712620e+00
7.588690281e+00
7.570766926e+00
7.497723579e+00
7.737838745e+00
7.496010303e+00
7.654004574e+00
7.552995205e+00
7.647148609e+00
7.515767097e+00
7.794610500e+00
7.538801193e+00
7.611241341e+00
7.781771183e+00
7.609558105e+00
7.656286240e+00
7.685455799e+00
7.690058231e+00
7.674931049e+00
7.597049713e+00
7.854781628e+00
7.623060703e+00
7.774284363e+00
7.668795586e+00
7.757806778e+00
7.638784885e+00
7.906957626e+00
7.641673565e+00
7.685544968e+00
7.867383003e+00
7.682086945e+00
7.755192280e+00
7.785200119e+00
7.787095547e+00
7.765356064e+00
7.715496063e+00
7.956941605e+00
7.720157146e+00
7.876973629e+00
7.788238049e+00
7.875891209e+00
7.756335258e+00
8.030426979e+00
7.764362812e+00
7.829704762e+00
8.007723808e+00
7.827990532e+00
7.868374825e+00
7.915709019e+00
7.927375793e+00
7.944547653e+00
7.882175922e+00
8.137089729e+00
7.915017605e+00
