8.334658623e+00
8.266510010e+00
8.209273338e+00
8.156683922e+00
8.097482681e+00
8.058595657e+00
8.039164543e+00
8.020322800e+00
8.005134583e+00
7.956595421e+00
7.919881821e+00
7.899985790e+00
7.872598648e+00
7.818918705e+00
7.767917633e+00
7.725262165e+00
7.706669807e+00
7.686596394e+00
7.634108067e+00
7.581404686e+00
7.536423206e+00
7.486158371e+00
7.453452587e+00
7.420574665e+00
7.378190994e+00
7.340634346e+00
7.317877769e+00
7.270256042e+00
7.220110893e+00
7.164773464e+00
7.137267590e+00
7.083905697e+00
7.040621281e+00
7.009635925e+00
7.002754688e+00
6.983245850e+00
6.964925766e+00
6.943233490e+00
6.888833046e+00
6.853779793e+00
6.858295918e+00
6.852936745e+00
6.790633678e+00
6.730249882e+00
6.697603703e+00
6.673868656e+00
6.647462845e+00
6.619641781e+00
6.604901791e+00
6.600563049e+00
6.594618797e+00
6.560681343e+00
6.497614384e+00
6.477964878e+00
6.465352058e+00
6.459897041e+00
6.452252865e+00
6.436400414e+00
6.413522720e+00
6.408360004e+00
6.373206139e+00
6.341988087e+00
6.306332111e+00
6.253067970e+00
6.240363598e+00
6.230255127e+00
6.219345093e+00
6.201084137e+00
6.155535221e+00
6.138798237e+00
6.144074917e+00
6.143215656e+00
6.115351200e+00
6.068057537e+00
6.041627407e+00
6.004558563e+00
5.968120575e+00
5.948654652e+00
5.942574024e+00
5.934637070e+00
5.926816463e+00
5.908676147e+00
5.879504681e+00
5.878469944e+00
5.887835503e+00
5.882124901e+00
5.849890709e+00
5.820686340e+00
5.773149490e+00
5.741182804e+00
5.721458912e+00
5.709848404e+00
5.699371815e+00
5.695518970e+00
5.680058002e+00
5.658322334e+00
5.634552956e+00
5.609759808e+00
5.590079784e+00
5.545741558e+00
5.536786556e+00
5.526288033e+00
5.516636372e+00
5.492358208e+00
5.461834908e+00
5.431380272e+00
5.391598701e+00
5.372792721e+00
5.350000858e+00
5.319741726e+00
5.266706467e+00
5.220627785e+00
5.181333542e+00
5.171304226e+00
5.173767090e+00
5.160923958e+00
5.187295437e+00
5.189972878e+00
5.166455746e+00
5.148764610e+00
5.144912720e+00
5.142410278e+00
5.135314465e+00
5.119669914e+00
5.118655682e+00
5.099986076e+00
5.087982178e+00
5.062668800e+00
5.054144382e+00
5.043295383e+00
5.014853001e+00
4.995696545e+00
4.995598316e+00
5.004765511e+00
4.982618809e+00
4.929369450e+00
4.901629448e+00
4.874629974e+00
4.818114281e+00
4.778917313e+00
4.749300957e+00
4.740504742e+00
4.733623981e+00
4.723575115e+00
4.706374168e+00
4.694779396e+00
4.672571182e+00
4.672960758e+00
4.653664589e+00
4.641836643e+00
4.645141602e+00
4.635818005e+00
4.620609760e+00
4.595157146e+00
4.569098473e+00
4.548261642e+00
4.540912628e+00
4.553754807e+00
4.550862789e+00
4.536024094e+00
4.538175106e+00
4.517158508e+00
4.497084141e+00
4.449286461e+00
4.435328007e+00
4.436618328e+00
4.458377361e+00
4.437597275e+00
4.396366119e+00
4.363112450e+00
4.345008373e+00
4.323544025e+00
4.319614887e+00
4.331618309e+00
4.335800648e+00
4.328861237e+00
4.293928146e+00
4.262514114e+00
4.259562016e+00
4.278699875e+00
4.264879227e+00
4.232467651e+00
4.239995003e+00
4.238879681e+00
4.237766266e+00
4.227016449e+00
4.196854115e+00
4.220778465e+00
4.216147900e+00
4.199004173e+00
4.225687504e+00
4.225571632e+00
4.199512959e+00
4.157617092e+00
4.117544651e+00
4.087712288e+00
4.104113579e+00
4.108783245e+00
4.042141914e+00
4.048867702e+00
4.056959629e+00
4.036297798e+00
4.055182934e+00
4.043745518e+00
4.000637054e+00
3.956066847e+00
3.943105221e+00
3.942987204e+00
3.956613541e+00
3.949986458e+00
3.923106194e+00
3.907916069e+00
3.904064655e+00
3.891804934e+00
3.891374350e+00
3.881053448e+00
3.876987219e+00
3.908792019e+00
3.900229454e+00
3.881012678e+00
3.858222008e+00
3.839162588e+00
3.828451633e+00
3.828508854e+00
3.819849253e+00
3.811578751e+00
3.800807238e+00
3.818399668e+00
3.817537069e+00
3.791420460e+00
3.783894062e+00
3.758231401e+00
3.730317593e+00
3.736102343e+00
3.733110189e+00
3.737646103e+00
3.730489254e+00
3.729883909e+00
3.740186930e+00
3.769199848e+00
3.783743858e+00
3.790700197e+00
3.773829222e+00
3.775883675e+00
3.776176453e+00
3.739287138e+00
3.722983599e+00
3.724663734e+00
3.730921745e+00
3.737255812e+00
3.751152277e+00
3.739739180e+00
3.731821775e+00
3.757878304e+00
3.775743246e+00
3.735536098e+00
3.801020384e+00
3.739387274e+00
3.745114565e+00
3.808546782e+00
3.794608831e+00
3.679873466e+00
3.749650478e+00
3.741555452e+00
3.670958996e+00
3.737254620e+00
3.735102892e+00
3.748810053e+00
3.735084534e+00
3.676081419e+00
3.769293308e+00
3.679619312e+00
3.717117071e+00
3.700382233e+00
3.723588943e+00
3.695827246e+00
3.790209532e+00
3.657921553e+00
3.720932245e+00
3.766930103e+00
3.655261517e+00
3.682962656e+00
3.707517147e+00
3.717820883e+00
3.712190628e+00
3.684879303e+00
3.746737003e+00
3.638995409e+00
3.661985874e+00
3.638820171e+00
3.659504890e+00
3.640520811e+00
3.730980396e+00
3.573936939e+00
3.582264900e+00
3.642772675e+00
3.566057444e+00
3.592020512e+00
3.602380991e+00
3.582715034e+00
3.523281336e+00
3.477398157e+00
3.547602177e+00
3.481698275e+00
3.516517878e+00
3.469266176e+00
3.496792078e+00
3.491318226e+00
3.607072115e+00
3.488071918e+00
3.511768103e+00
3.552842617e+00
3.471591234e+00
3.471044540e+00
3.455796719e+00
3.407820702e+00
3.352691412e+00
3.299715519e+00
3.347353697e+00
3.257160425e+00
3.304314375e+00
3.288224220e+00
3.308888197e+00
3.284176826e+00
3.376837015e+00
3.231454611e+00
3.254247665e+00
3.323132277e+00
3.240521669e+00
3.243199348e+00
3.213565111e+00
3.224141359e+00
3.206176758e+00
3.174627542e+00
3.245762110e+00
3.130057812e+00
3.158227444e+00
3.109083176e+00
3.078289747e+00
3.044122458e+00
3.159028530e+00
3.066971779e+00
3.111880064e+00
3.168941021e+00
3.128417253e+00
3.187135935e+00
3.196615934e+00
3.174375057e+00
3.130275011e+00
3.097154617e+00
3.159384012e+00
3.052977085e+00
3.076629877e+00
3.049478054e+00
3.059095383e+00
3.030534506e+00
3.138600826e+00
3.039234400e+00
3.088749647e+00
3.143431187e+00
3.049087048e+00
3.047072887e+00
3.039371967e+00
3.045626879e+00
3.014523506e+00
3.011394978e+00
3.109553099e+00
3.004787922e+00
3.019509077e+00
2.988251448e+00
3.002639771e+00
2.954454660e+00
3.069120407e+00
2.962412119e+00
2.991517544e+00
3.068674803e+00
3.005768538e+00
3.029558420e+00
3.076080322e+00
3.075514317e+00
3.035071373e+00
3.009717703e+00
3.108220339e+00
3.041248560e+00
3.109746456e+00
3.076199055e+00
3.080734491e+00
3.029463291e+00
3.107203007e+00
2.998402357e+00
3.079209328e+00
3.157567501e+00
3.055109739e+00
3.038025379e+00
3.041465282e+00
3.043166876e+00
3.031555414e+00
2.998716831e+00
3.047702074e+00
2.937501907e+00
2.968352318e+00
2.935802221e+00
2.954745054e+00
2.916549683e+00
3.021508455e+00
2.896492243e+00
2.923156500e+00
2.972204447e+00
2.904369593e+00
2.922315836e+00
2.913518429e+00
2.925990820e+00
2.918914795e+00
2.893559456e+00
2.968040228e+00
2.905523300e+00
2.970171928e+00
2.969270229e+00
2.976250887e+00
2.896041632e+00
2.977993011e+00
2.856239080e+00
2.889415026e+00
2.957191229e+00
2.869376898e+00
2.880363226e+00
2.887790680e+00
2.903743982e+00
2.879269123e+00
2.846562386e+00
2.920283079e+00
2.836065054e+00
2.904974461e+00
2.895514488e+00
2.882376671e+00
2.821774244e+00
2.910274744e+00
2.792700529e+00
2.835615158e+00
2.900343180e+00
2.809534550e+00
2.811783791e+00
2.809145451e+00
2.806095600e+00
2.788383722e+00
2.762401819e+00
2.852113962e+00
2.759155750e+00
2.787427187e+00
2.780153990e+00
2.788559675e+00
2.748327971e+00
2.826603889e+00
2.684534073e+00
2.713335514e+00
2.776009798e+00
2.707608223e+00
2.735677481e+00
2.748932123e+00
2.772412300e+00
2.740859747e+00
2.702054024e+00
2.758530378e+00
2.668387651e+00
2.734936476e+00
2.745060205e+00
2.786059380e+00
2.731064081e+00
2.814737558e+00
2.698867798e+00
2.718866587e+00
2.743261099e+00
2.623852730e+00
2.625826597e+00
2.613647461e+00
2.623927832e+00
2.585809708e+00
2.574726820e+00
2.652884245e+00
2.536176920e+00
2.578128338e+00
2.559303284e+00
2.576486588e+00
2.564347982e+00
2.707838774e+00
2.584557533e+00
2.602290869e+00
2.655404091e+00
2.591050386e+00
2.644105673e+00
2.677751780e+00
2.706057072e+00
2.682444096e+00
2.647975922e+00
2.722361326e+00
2.648189545e+00
2.695894957e+00
2.658704996e+00
2.680913687e+00
2.661990166e+00
2.788713217e+00
2.660642385e+00
2.664632320e+00
2.726253033e+00
2.655540228e+00
2.658707380e+00
2.648403168e+00
2.648267746e+00
2.626586914e+00
2.599982262e+00
2.676359177e+00
2.555823326e+00
2.578362226e+00
2.517896175e+00
2.519539833e+00
2.492538214e+00
2.610244751e+00
2.500263691e+00
2.537916660e+00
2.622070312e+00
2.578811646e+00
2.613057613e+00
2.622814655e+00
2.632667542e+00
2.629207134e+00
2.580003262e+00
2.629930258e+00
2.503763199e+00
2.531075001e+00
2.527927876e+00
2.557721853e+00
2.526891470e+00
2.622250080e+00
2.487831831e+00
2.531798601e+00
2.592611790e+00
2.494224787e+00
2.500128269e+00
2.512249470e+00
2.523821592e+00
2.519560099e+00
2.519325972e+00
2.580084801e+00
2.478077173e+00
2.520478725e+00
2.493403435e+00
2.504820347e+00
2.497098207e+00
2.614119291e+00
2.491018057e+00
2.486326933e+00
2.551053524e+00
2.492582560e+00
2.510548115e+00
2.487185717e+00
2.493402719e+00
2.467299938e+00
2.477135420e+00
2.568432331e+00
2.465891838e+00
2.488960266e+00
2.444485426e+00
2.450899363e+00
2.412209988e+00
2.512947559e+00
2.413070440e+00
2.460829735e+00
2.531952620e+00
2.446363926e+00
2.478895426e+00
2.513674259e+00
2.531660557e+00
2.504956007e+00
2.491895914e+00
2.567474365e+00
2.463996887e+00
2.484838724e+00
2.456785917e+00
2.469297647e+00
2.427833557e+00
2.495475054e+00
2.336787939e+00
2.370961905e+00
2.421107292e+00
2.332291842e+00
2.328773499e+00
2.357394695e+00
2.393016100e+00
2.396358490e+00
2.369652271e+00
2.457900286e+00
2.402575254e+00
2.486424208e+00
2.442398310e+00
2.453149080e+00
2.424216509e+00
2.509083271e+00
2.404375076e+00
2.455634117e+00
2.522631645e+00
2.431703091e+00
2.446385145e+00
2.415087461e+00
2.430493832e+00
2.402089119e+00
2.393507242e+00
2.446231842e+00
2.373817682e+00
2.422517300e+00
2.383297682e+00
2.388594389e+00
2.346525431e+00
2.418313026e+00
2.294659615e+00
2.337805271e+00
2.408398390e+00
2.307816505e+00
2.314738274e+00
2.303164721e+00
2.291474342e+00
2.286821604e+00
2.278845072e+00
2.357533216e+00
2.261935472e+00
2.293879032e+00
2.255874872e+00
2.282502413e+00
2.255211353e+00
2.348343372e+00
2.219318151e+00
2.243618488e+00
2.314756632e+00
2.249972582e+00
2.259376287e+00
2.260176182e+00
2.266705751e+00
2.233177900e+00
2.215816975e+00
2.282793283e+00
2.185241461e+00
2.248347759e+00
2.271787882e+00
2.306546926e+00
2.277379513e+00
2.360699654e+00
2.228330612e+00
2.265532494e+00
2.328695536e+00
2.240313053e+00
2.280448437e+00
2.279079676e+00
2.277593136e+00
2.260526896e+00
2.273000002e+00
2.369103432e+00
2.282659054e+00
2.310671806e+00
2.273881197e+00
2.293038845e+00
2.255403757e+00
2.360190153e+00
2.228308916e+00
2.257771015e+00
2.301640511e+00
2.226041555e+00
2.292314291e+00
2.339605570e+00
2.375144720e+00
2.345019102e+00
2.305276155e+00
2.369475842e+00
2.286879778e+00
2.326252460e+00
2.296400547e+00
2.302167892e+00
2.228231430e+00
2.321951389e+00
2.206805229e+00
2.255640268e+00
2.298746824e+00
2.232609749e+00
2.262520075e+00
2.282891273e+00
2.303067207e+00
2.266606808e+00
2.239531040e+00
2.302989244e+00
2.226550102e+00
2.276928663e+00
2.226413965e+00
2.245512247e+00
2.228485823e+00
2.343397141e+00
2.231457233e+00
2.259471655e+00
2.314933538e+00
2.202563047e+00
2.199728966e+00
2.220020771e+00
2.237595797e+00
2.207743406e+00
2.191967964e+00
2.268113613e+00
2.205182791e+00
2.293527126e+00
2.262443781e+00
2.265258074e+00
2.227684259e+00
2.334872723e+00
2.181625366e+00
2.187529564e+00
2.237947702e+00
2.162955046e+00
2.200940132e+00
2.227410316e+00
2.246744394e+00
2.261035442e+00
2.219512701e+00
2.274759054e+00
2.161352634e+00
2.224264145e+00
2.203482389e+00
2.201995611e+00
2.124341488e+00
2.210186958e+00
2.078479290e+00
2.109582663e+00
2.174664497e+00
2.097949743e+00
2.093259811e+00
2.075802565e+00
2.063309669e+00
2.060748577e+00
2.037111998e+00
2.132161140e+00
2.017602205e+00
2.053025961e+00
2.016782045e+00
2.046516657e+00
2.012363911e+00
2.127629995e+00
2.046984673e+00
2.103857517e+00
2.166670084e+00
2.041823864e+00
2.058206320e+00
2.070170879e+00
2.088294029e+00
2.102174282e+00
2.084284544e+00
2.163911819e+00
2.065304279e+00
2.094373465e+00
2.054493904e+00
2.068140268e+00
2.046868801e+00
2.158693552e+00
2.050876856e+00
2.086163759e+00
2.149291039e+00
2.059751511e+00
2.051913738e+00
2.057816982e+00
2.047924280e+00
2.006772518e+00
1.989081740e+00
2.048471689e+00
1.970585823e+00
2.031835556e+00
2.006246805e+00
1.986931920e+00
1.941888213e+00
2.020106077e+00
1.880095124e+00
1.929103971e+00
2.003663540e+00
1.921245575e+00
1.918841004e+00
1.930471897e+00
1.941634297e+00
1.951700687e+00
1.960537791e+00
2.047941685e+00
1.948436856e+00
1.994573236e+00
1.965894341e+00
1.972542882e+00
1.952699184e+00
2.074395895e+00
1.981301785e+00
2.022021770e+00
2.074688911e+00
1.953502536e+00
1.945663929e+00
1.951177120e+00
1.950707316e+00
1.898452163e+00
1.841112733e+00
1.920054436e+00
1.847955704e+00
1.911901951e+00
1.891823888e+00
1.884453773e+00
1.850595593e+00
1.948616505e+00
1.852688074e+00
1.899155736e+00
1.995650291e+00
1.926973104e+00
1.956042409e+00
1.965230584e+00
1.968397856e+00
1.941946864e+00
1.911138058e+00
1.968982458e+00
1.865511060e+00
1.893290401e+00
1.845550776e+00
1.867857337e+00
1.842462659e+00
1.956530809e+00
1.844652057e+00
1.864962816e+00
1.945602179e+00
1.870689988e+00
1.885702610e+00
1.885586381e+00
1.896631241e+00
1.863262892e+00
1.836303949e+00
1.941438198e+00
1.852216959e+00
1.891667247e+00
1.882772446e+00
1.902066469e+00
1.852451563e+00
1.961593151e+00
1.881580710e+00
1.955475211e+00
2.052146673e+00
1.981258154e+00
2.009528399e+00
2.008005619e+00
1.995846152e+00
1.960283399e+00
1.919092894e+00
1.989433408e+00
1.885253549e+00
1.910588741e+00
1.901088119e+00
1.915632367e+00
1.855595946e+00
1.952717543e+00
1.845704556e+00
1.900483012e+00
1.989238501e+00
1.870455146e+00
1.868304372e+00
1.892935514e+00
1.925153136e+00
1.906776309e+00
1.868245125e+00
1.946070433e+00
1.867873073e+00
1.919268847e+00
1.903805733e+00
1.951857686e+00
1.943196774e+00
2.051969051e+00
1.934634805e+00
1.980730653e+00
2.041452646e+00
1.943196416e+00
1.934049010e+00
1.930081129e+00
1.953031182e+00
1.948847055e+00
1.964505672e+00
2.057600737e+00
1.981025338e+00
2.050347090e+00
2.008707523e+00
1.997661710e+00
1.940850258e+00
2.059850454e+00
1.927381754e+00
1.944642782e+00
2.004973173e+00
1.918605447e+00
1.949864268e+00
1.971092582e+00
2.019009829e+00
2.010252953e+00
2.006888390e+00
2.079672098e+00
2.002257109e+00
2.039848566e+00
2.001240253e+00
2.011639357e+00
1.992695928e+00
2.070775509e+00
1.932563543e+00
1.952892900e+00
2.002099752e+00
1.907325506e+00
1.941341400e+00
1.960340738e+00
1.964858174e+00
1.955670118e+00
1.939620733e+00
2.007553101e+00
1.913266301e+00
1.977780223e+00
1.950509429e+00
1.973419785e+00
1.960498095e+00
2.033631563e+00
1.905935407e+00
1.924683094e+00
1.982002258e+00
1.887519479e+00
1.908847928e+00
1.936628580e+00
1.938427091e+00
1.916745186e+00
1.888027668e+00
1.965560436e+00
1.862008929e+00
1.927868962e+00
1.938170433e+00
1.992675424e+00
1.955080509e+00
2.053474188e+00
1.935337186e+00
1.978462338e+00
2.012517214e+00
1.911116481e+00
1.938073993e+00
1.938153028e+00
1.910334229e+00
1.894479871e+00
1.916179776e+00
2.030522823e+00
1.961827397e+00
2.019711494e+00
1.982509375e+00
2.013142586e+00
1.967222571e+00
2.068778992e+00
1.948845744e+00
1.954065442e+00
2.028076410e+00
1.954026818e+00
1.980749726e+00
1.994982004e+00
2.022759914e+00
2.000904799e+00
1.955650210e+00
2.027490377e+00
1.936178565e+00
1.989370108e+00
1.955121756e+00
1.968062878e+00
1.934321404e+00
2.004755974e+00
1.883354664e+00
1.956391573e+00
2.050307512e+00
1.932678938e+00
1.883492589e+00
1.861168385e+00
1.850707889e+00
1.830160379e+00
1.838332772e+00
1.919816256e+00
1.843319297e+00
1.920028567e+00
1.921124220e+00
1.961711049e+00
1.955687761e+00
2.103325129e+00
2.012987375e+00
2.073023081e+00
2.140076399e+00
2.021450996e+00
2.009019613e+00
2.002940416e+00
1.998012424e+00
1.951874733e+00
1.908868313e+00
1.995763659e+00
1.923745036e+00
2.000046015e+00
1.955198407e+00
1.951308727e+00
1.907615423e+00
1.991778016e+00
1.860366821e+00
1.910119176e+00
1.964075923e+00
1.887246013e+00
1.917508841e+00
1.904332995e+00
1.919542789e+00
1.914654970e+00
1.901792765e+00
1.980497599e+00
1.910648465e+00
1.951387882e+00
1.928749919e+00
1.929512024e+00
1.901500463e+00
2.027513027e+00
1.890357375e+00
1.926970601e+00
2.007788420e+00
1.967907906e+00
1.990057349e+00
1.995902300e+00
2.015507936e+00
2.010056019e+00
1.992950678e+00
2.089112282e+00
2.031696320e+00
