5.637063026e+00
5.599403381e+00
5.553149223e+00
5.522584438e+00
5.482936382e+00
5.450417519e+00
5.389112473e+00
5.318460941e+00
5.287519455e+00
5.232832432e+00
5.184966564e+00
5.135318756e+00
5.086422920e+00
5.054077625e+00
5.027038574e+00
5.000485897e+00
4.972766399e+00
4.950529099e+00
4.885399342e+00
4.849043846e+00
4.826051712e+00
4.801894188e+00
4.760432243e+00
4.733293056e+00
4.699202061e+00
4.654381752e+00
4.598938942e+00
4.577589989e+00
4.544770241e+00
4.494440556e+00
4.460518837e+00
4.440922260e+00
4.431396961e+00
4.393670082e+00
4.366635323e+00
4.314793110e+00
4.276898384e+00
4.237425327e+00
4.240577698e+00
4.210424423e+00
4.179620266e+00
4.166222095e+00
4.142067909e+00
4.112154961e+00
4.080118179e+00
4.048011303e+00
4.050205231e+00
4.017173767e+00
3.989933491e+00
3.949640512e+00
3.922846556e+00
3.892521143e+00
3.863671780e+00
3.857605934e+00
3.820978403e+00
3.805353403e+00
3.764372587e+00
3.732676983e+00
3.708210707e+00
3.670726299e+00
3.645748377e+00
3.625909328e+00
3.607953787e+00
3.568686485e+00
3.549292564e+00
3.541378021e+00
3.545421124e+00
3.540452242e+00
3.518968105e+00
3.497793436e+00
3.473704576e+00
3.474526405e+00
3.449549437e+00
3.419431686e+00
3.383626699e+00
3.347716808e+00
3.329007149e+00
3.288473129e+00
3.280831575e+00
3.263424397e+00
3.238274336e+00
3.215042830e+00
3.197226524e+00
3.180402756e+00
3.152272940e+00
3.108585119e+00
3.070245028e+00
3.042626619e+00
3.027514935e+00
3.025185585e+00
3.029913425e+00
3.021244526e+00
3.026281357e+00
3.008256912e+00
2.990645170e+00
2.979475021e+00
2.968442440e+00
2.942470074e+00
2.895732880e+00
2.884354353e+00
2.871301413e+00
2.864140749e+00
2.866572857e+00
2.859377861e+00
2.894944191e+00
2.910123110e+00
2.911561728e+00
2.907314062e+00
2.870582819e+00
2.839642763e+00
2.820045233e+00
2.801781893e+00
2.780196190e+00
2.750833750e+00
2.704202414e+00
2.676381588e+00
2.630328417e+00
2.601134777e+00
2.606686115e+00
2.595652580e+00
2.579617262e+00
2.525068760e+00
2.505331993e+00
2.479873896e+00
2.461951017e+00
2.458248377e+00
2.448277473e+00
2.452492476e+00
2.420415878e+00
2.412946224e+00
2.405235291e+00
2.380222797e+00
2.335783958e+00
2.350245476e+00
2.344009876e+00
2.339075327e+00
2.313442469e+00
2.301109552e+00
2.290693760e+00
2.294461727e+00
2.297031164e+00
2.287472486e+00
2.272087812e+00
2.245942831e+00
2.198555231e+00
2.198760271e+00
2.208765745e+00
2.196635723e+00
2.181833506e+00
2.163878918e+00
2.147021055e+00
2.140064955e+00
2.107720613e+00
2.086030960e+00
2.061600447e+00
2.071948051e+00
2.048271894e+00
2.045564651e+00
2.023807287e+00
1.996121764e+00
1.976660490e+00
1.987076998e+00
2.002428055e+00
1.997595310e+00
1.977690220e+00
1.944660187e+00
1.943117976e+00
1.940240026e+00
1.933866382e+00
1.919715524e+00
1.895524740e+00
1.888466835e+00
1.878598571e+00
1.859033942e+00
1.836761713e+00
1.857936740e+00
1.863145113e+00
1.874692678e+00
1.858143330e+00
1.842861295e+00
1.841970444e+00
1.847760797e+00
1.825181007e+00
1.819321513e+00
1.798764586e+00
1.774059892e+00
1.769365668e+00
1.762651205e+00
1.760938048e+00
1.754770160e+00
1.753399968e+00
1.750350952e+00
1.748534441e+00
1.745176196e+00
1.717662334e+00
1.667568684e+00
1.698954701e+00
1.717011571e+00
1.687098980e+00
1.666131258e+00
1.630597353e+00
1.609936595e+00
1.620523930e+00
1.608257413e+00
1.568851233e+00
1.548019052e+00
1.540412188e+00
1.531161070e+00
1.536403060e+00
1.523931146e+00
1.527905822e+00
1.522218227e+00
1.535614610e+00
1.506662488e+00
1.490215659e+00
1.485830426e+00
1.475996375e+00
1.473632097e+00
1.459035277e+00
1.485281944e+00
1.495389342e+00
1.472158790e+00
1.425695181e+00
1.396740317e+00
1.404963732e+00
1.412708521e+00
1.418362379e+00
1.402565002e+00
1.351133347e+00
1.349214911e+00
1.346507430e+00
1.348906279e+00
1.335645676e+00
1.352057934e+00
1.355998158e+00
1.383307695e+00
1.405306697e+00
1.397391081e+00
1.402942181e+00
1.417676330e+00
1.416340590e+00
1.414866328e+00
1.424905777e+00
1.428605556e+00
1.441043615e+00
1.453105211e+00
1.451563358e+00
1.470305800e+00
1.489219904e+00
1.506763697e+00
1.526398897e+00
1.543325424e+00
1.567926884e+00
1.597839713e+00
1.612950206e+00
1.618774652e+00
1.652730703e+00
1.681717873e+00
1.669724703e+00
1.700733781e+00
1.699465752e+00
1.653072476e+00
1.679489732e+00
1.687474012e+00
1.666128516e+00
1.671198845e+00
1.660645723e+00
1.687474251e+00
1.637106180e+00
1.654204011e+00
1.625525236e+00
1.601677060e+00
1.559977531e+00
1.573340654e+00
1.534382463e+00
1.549424171e+00
1.583345413e+00
1.530750751e+00
1.555934072e+00
1.568783164e+00
1.534588099e+00
1.558984160e+00
1.562581658e+00
1.589067578e+00
1.551274419e+00
1.540960193e+00
1.531331897e+00
1.517386436e+00
1.490419149e+00
1.498676777e+00
1.468282580e+00
1.473149776e+00
1.524170399e+00
1.486925244e+00
1.500425935e+00
1.520573258e+00
1.515022993e+00
1.503304362e+00
1.488946080e+00
1.479693890e+00
1.463348627e+00
1.461636186e+00
1.447346687e+00
1.446901202e+00
1.419557929e+00
1.389989018e+00
1.344212532e+00
1.394032121e+00
1.434532166e+00
1.365833044e+00
1.382587910e+00
1.385329366e+00
1.365936279e+00
1.364120364e+00
1.334618807e+00
1.342671514e+00
1.323310614e+00
1.354936957e+00
1.346781850e+00
1.341504574e+00
1.327799797e+00
1.329067588e+00
1.304876208e+00
1.352983356e+00
1.376694202e+00
1.316904068e+00
1.329376459e+00
1.324203134e+00
1.278732657e+00
1.292028189e+00
1.277774096e+00
1.272840023e+00
1.206746340e+00
1.187491655e+00
1.179987550e+00
1.160764813e+00
1.160081983e+00
1.166007280e+00
1.151584744e+00
1.177829504e+00
1.203286648e+00
1.142776370e+00
1.148087382e+00
1.153226495e+00
1.112384200e+00
1.122080445e+00
1.087439537e+00
1.076440811e+00
1.037516594e+00
1.050194383e+00
1.052318573e+00
1.037379146e+00
1.004208684e+00
1.002529621e+00
9.925590754e-01
9.996172190e-01
1.028194070e+00
9.498665333e-01
9.439387321e-01
9.596317410e-01
9.445897341e-01
9.469883442e-01
9.514768124e-01
9.653878212e-01
9.118331671e-01
9.030618072e-01
8.982648253e-01
9.079273343e-01
8.934679627e-01
9.052548409e-01
8.734578490e-01
8.660221100e-01
8.783915043e-01
8.076364994e-01
8.014346957e-01
8.026679158e-01
7.650800943e-01
7.747083306e-01
7.882772088e-01
8.243227601e-01
7.668619752e-01
7.674784660e-01
7.618935704e-01
7.701514959e-01
7.794710994e-01
8.413872719e-01
8.036959767e-01
8.191832304e-01
8.618087173e-01
8.144546747e-01
8.284348249e-01
8.539275527e-01
8.414212465e-01
8.479650021e-01
8.355956674e-01
8.192180395e-01
7.809105515e-01
7.948908806e-01
8.249057531e-01
8.273385167e-01
8.233292103e-01
8.076359630e-01
7.914636731e-01
7.987625003e-01
8.620473146e-01
8.104462624e-01
8.405982256e-01
8.604713082e-01
8.095551729e-01
8.057175875e-01
8.352192640e-01
8.497470617e-01
7.859482169e-01
8.004074097e-01
8.087332249e-01
8.133243322e-01
7.929716706e-01
7.877979279e-01
7.539451718e-01
7.747774124e-01
8.153460622e-01
7.668623924e-01
8.018806577e-01
8.289148211e-01
7.957130671e-01
7.861192822e-01
7.802600861e-01
7.796434760e-01
7.647382617e-01
7.980086803e-01
7.930065989e-01
7.622716427e-01
7.625112534e-01
7.662120461e-01
7.408220172e-01
7.638819218e-01
7.994822860e-01
7.321531773e-01
7.631967664e-01
7.753604650e-01
7.325310111e-01
7.126571536e-01
6.664000750e-01
6.575251222e-01
6.290169358e-01
6.584846377e-01
6.838406920e-01
6.660914421e-01
6.630763412e-01
6.717109084e-01
6.711283922e-01
7.024802566e-01
7.429809570e-01
6.585874557e-01
6.642757058e-01
6.735957265e-01
6.524201632e-01
6.323410869e-01
6.201093197e-01
6.516665220e-01
5.998924971e-01
5.943080187e-01
5.972884297e-01
5.741617084e-01
5.615515709e-01
5.634362698e-01
5.374296904e-01
5.632987618e-01
5.998581052e-01
5.440078378e-01
5.689520836e-01
5.500383377e-01
5.253001451e-01
5.273910761e-01
5.231080651e-01
5.560352206e-01
5.408912301e-01
5.589827299e-01
5.560358763e-01
5.567209125e-01
5.529520512e-01
5.436323881e-01
4.990890622e-01
5.051878095e-01
5.190650225e-01
4.554706812e-01
4.589998424e-01
4.623578489e-01
4.187391698e-01
4.095222354e-01
3.943777382e-01
4.130172431e-01
3.967419565e-01
4.279566109e-01
4.197672307e-01
4.140450358e-01
3.805345297e-01
3.648076057e-01
3.629232943e-01
3.945827186e-01
4.214802384e-01
3.675486147e-01
3.708381057e-01
3.834813237e-01
3.785819411e-01
3.784100115e-01
3.648080230e-01
3.618611693e-01
3.429132700e-01
3.564476967e-01
3.609707057e-01
3.520618081e-01
3.508966863e-01
3.461684287e-01
3.152967989e-01
2.953206599e-01
3.226978779e-01
2.526287138e-01
2.559522986e-01
2.688693702e-01
2.440966964e-01
2.627021074e-01
2.531768680e-01
2.976852953e-01
2.537249923e-01
2.743169665e-01
2.827800512e-01
2.807240188e-01
2.770918608e-01
3.049485683e-01
3.067987561e-01
3.111503720e-01
3.453803658e-01
2.898384631e-01
3.146119416e-01
3.419884741e-01
2.968968153e-01
2.977877557e-01
2.836025059e-01
2.929565012e-01
2.698971033e-01
2.725355923e-01
2.709937692e-01
2.573570311e-01
2.666762769e-01
2.644496560e-01
2.476602048e-01
2.421094030e-01
2.614000738e-01
2.195293158e-01
2.442337424e-01
2.562605441e-01
2.429660112e-01
2.462211102e-01
2.440281957e-01
2.475915700e-01
2.538276613e-01
2.705486715e-01
2.578710914e-01
2.504358292e-01
2.512581944e-01
2.534513175e-01
2.089417428e-01
2.164455652e-01
2.540332675e-01
2.320700288e-01
2.544443309e-01
2.533823550e-01
2.079479098e-01
2.150061727e-01
2.130875438e-01
2.205914706e-01
1.803655922e-01
1.708743125e-01
1.523031890e-01
1.205058396e-01
1.072112620e-01
1.084795371e-01
9.172381461e-02
1.170797795e-01
1.637129933e-01
1.012152955e-01
1.073829159e-01
1.209515184e-01
7.335793972e-02
9.107264131e-02
1.075194553e-01
1.489115804e-01
1.453479677e-01
1.800571382e-01
1.830381304e-01
1.500416994e-01
1.618285328e-01
1.558323652e-01
1.251311898e-01
1.576826721e-01
1.948934048e-01
1.305795610e-01
1.449365914e-01
1.338349134e-01
9.453345835e-02
1.048814878e-01
9.652078152e-02
1.150581911e-01
1.347600669e-01
1.504184604e-01
1.744374782e-01
1.551813930e-01
1.449707299e-01
1.428462118e-01
1.459300518e-01
1.721420139e-01
1.885202229e-01
1.645697355e-01
1.884859055e-01
1.796457767e-01
1.592930555e-01
1.501100510e-01
1.402080357e-01
1.604924351e-01
1.427778900e-01
1.425036341e-01
1.442168802e-01
1.560035944e-01
1.633703262e-01
1.716964841e-01
1.636104435e-01
1.499732286e-01
1.661799252e-01
1.277359128e-01
1.702230275e-01
2.007179111e-01
1.821813583e-01
1.692979932e-01
1.439426690e-01
1.291064620e-01
1.072462127e-01
1.090959236e-01
1.323280185e-01
1.335270256e-01
1.280450821e-01
1.271195114e-01
9.182637185e-02
8.630985022e-02
1.208145842e-01
5.728808045e-02
9.086745977e-02
9.090185910e-02
5.944672227e-02
1.073140278e-01
1.201977655e-01
1.599784642e-01
1.206428558e-01
1.372613758e-01
1.133785471e-01
1.061146930e-01
1.223219335e-01
1.141329184e-01
4.378799349e-02
1.994013600e-02
3.573591262e-02
-2.696751803e-02
3.253507428e-03
3.642122075e-02
3.028791770e-02
3.991616145e-02
2.045409940e-02
3.439961746e-02
9.146920405e-03
3.672959283e-02
6.139979139e-02
6.619678438e-02
8.027935773e-02
8.685805649e-02
6.674501300e-02
7.774389535e-02
9.114146233e-02
1.504037622e-02
3.227524087e-02
4.389080405e-02
2.987675555e-02
2.538814954e-02
2.460006438e-02
3.820295259e-02
1.733606309e-02
4.313699156e-02
5.218273401e-02
1.671931148e-02
1.737033203e-02
5.485533178e-02
5.841881409e-02
6.705338508e-02
7.726410776e-02
2.449727990e-02
5.602031574e-02
9.220327437e-02
7.082244009e-02
9.789113700e-02
1.167364269e-01
1.480537355e-01
1.197174117e-01
1.250968874e-01
1.270157546e-01
1.039558873e-01
8.977051824e-02
1.236925498e-01
1.438738406e-01
1.418178827e-01
1.593271792e-01
9.813097864e-02
1.013175473e-01
1.023112088e-01
8.096462488e-02
5.845306441e-02
2.908867598e-02
3.381713107e-02
1.175100636e-02
1.267613936e-02
7.570772897e-03
-8.636178449e-03
-3.344344348e-02
-3.484827280e-02
-7.267593592e-02
-4.338005558e-02
7.193870842e-03
-4.783440381e-02
-2.525430918e-02
-4.832854960e-03
-3.785141744e-04
1.778150164e-02
5.754773505e-03
9.009870701e-03
-6.820177194e-03
1.092866622e-02
5.754773505e-03
-1.278214809e-02
-2.042306028e-02
-9.150140919e-03
-4.834836349e-02
-4.043333977e-02
-5.244027358e-03
-2.268449590e-02
-8.225010708e-03
5.240812898e-03
-3.957673535e-02
-3.810337558e-02
-6.643984467e-02
-7.904906571e-02
-1.186584830e-01
-1.035479456e-01
-9.875096381e-02
-1.086190641e-01
-8.925980330e-02
-7.397797704e-02
-8.463414013e-02
-7.151096314e-02
-2.309566550e-02
-3.854880482e-02
-1.543498249e-03
2.876584651e-03
-2.511724830e-02
-4.327725992e-02
-4.934202135e-02
-2.008041367e-02
-4.128995538e-02
9.729416110e-03
4.212883301e-03
-1.528343279e-02
-1.535196137e-02
1.780131017e-03
4.144359380e-03
5.309339147e-03
2.161908895e-02
-2.083422802e-02
-2.902336419e-02
-2.731015533e-02
-7.678762823e-02
-8.096786588e-02
-8.665572107e-02
-6.184845045e-02
-1.167396754e-01
-1.004641801e-01
-9.549587220e-02
-1.221534163e-01
-1.342144012e-01
-1.159173325e-01
-1.160201281e-01
-9.501618147e-02
-4.896511883e-02
-1.021773964e-01
-9.254914522e-02
-6.691954285e-02
-7.199064642e-02
-5.574942008e-02
-5.557810515e-02
-2.025173604e-02
-8.634733409e-02
-8.394883573e-02
-1.076939255e-01
-9.631821513e-02
-1.235924885e-01
-1.071799621e-01
-1.606665701e-01
-1.692327410e-01
-1.095099226e-01
-1.620029360e-01
-1.607694626e-01
-1.479201913e-01
-1.573087722e-01
-1.501815915e-01
-1.689929217e-01
-1.573771387e-01
-1.898934394e-01
-1.346255690e-01
-9.580424428e-02
-9.248062223e-02
-1.014235765e-01
-1.018690020e-01
-1.051583663e-01
-9.604409337e-02
-5.588648096e-02
-7.010611147e-02
-2.374668047e-02
3.561866237e-03
-3.556782752e-02
-4.571001977e-02
-5.516693741e-02
-2.994850092e-02
-4.416812956e-02
-3.656148538e-02
-5.088391155e-02
-4.906791076e-02
-2.343830653e-02
-2.914061071e-03
-6.751653273e-03
2.161908895e-02
4.659767449e-02
-5.860780366e-03
9.386777878e-03
2.052263170e-02
7.879150100e-03
6.508587394e-03
-2.559695020e-02
-5.564662814e-02
-8.401736617e-02
-4.612118751e-02
-2.145098150e-02
-2.107407525e-02
-2.717310190e-02
-3.299801424e-02
-6.016949937e-02
-6.548044086e-02
-1.387860160e-02
-4.529884830e-02
-1.994336210e-02
2.881456725e-02
1.757591218e-02
1.403220929e-03
-2.460328490e-02
1.041469909e-02
-1.418698393e-02
1.247054990e-02
-7.554222248e-04
-4.135846719e-02
-4.351712018e-02
-2.569974214e-02
-2.400102792e-03
2.792369388e-02
5.160024390e-02
4.144355189e-03
1.860383712e-02
4.022453353e-02
1.483477838e-02
1.058602054e-02
-2.758427709e-02
-8.327805437e-03
-4.550443217e-02
-2.365838503e-03
-4.901387729e-03
-3.736405633e-03
-2.758427709e-02
-3.388888389e-02
-4.598413035e-02
-2.038879879e-02
-1.452961750e-02
-8.638161421e-02
-5.150068179e-02
-3.686986119e-02
-6.815306842e-02
-5.112377554e-02
-5.821644142e-02
-4.358563945e-02
-5.605779961e-02
-2.114262059e-02
-1.353595592e-02
-3.042819537e-02
-3.765794635e-02
-2.549415454e-02
-5.581796542e-02
-5.365930870e-02
-4.231786355e-02
-8.884861320e-02
-8.052241802e-02
-7.846657187e-02
-1.265738755e-01
-1.316791624e-01
-1.271220148e-01
-1.289380491e-01
-1.413760036e-01
-1.414100677e-01
-1.326727718e-01
-1.324672997e-01
-1.298974156e-01
-1.451447308e-01
-1.656001061e-01
-1.516545117e-01
-1.049872264e-01
-1.653944552e-01
-1.754337847e-01
-1.669364423e-01
-1.949299723e-01
-1.921202391e-01
-1.983563900e-01
-1.532650292e-01
-1.880772710e-01
-1.832118630e-01
-1.809504181e-01
-1.869123578e-01
-2.000698298e-01
-2.168589830e-01
-2.353616357e-01
-2.333401144e-01
-1.940050721e-01
-2.518427074e-01
-2.626359165e-01
-2.721957564e-01
-2.979620993e-01
-3.060486913e-01
-3.026225567e-01
-2.830576301e-01
-2.880259454e-01
-2.610256374e-01
-2.658911645e-01
-2.822692990e-01
-2.684266269e-01
-2.546182573e-01
-2.712707818e-01
-2.719216645e-01
-2.390281409e-01
-3.023823500e-01
-2.735320330e-01
-2.546183169e-01
-2.565027773e-01
-2.508491278e-01
-2.705506980e-01
-2.547208369e-01
-2.850791514e-01
-2.767868340e-01
-2.817893922e-01
-2.750395834e-01
-2.699343562e-01
-2.562286854e-01
-2.783632576e-01
-2.956323326e-01
-2.619164288e-01
-2.898761332e-01
-2.583191097e-01
-2.383770794e-01
-2.660968900e-01
-2.754507661e-01
-2.950500250e-01
-2.932346463e-01
-3.172887564e-01
-2.862443328e-01
-2.905274332e-01
-3.109834194e-01
-3.007728159e-01
-3.236954808e-01
-3.420622349e-01
-3.441520035e-01
-2.894307673e-01
-3.474417627e-01
-3.234905601e-01
-3.083794713e-01
-3.343185782e-01
-2.969694138e-01
-2.688378692e-01
-2.496499270e-01
-2.535560429e-01
-2.461893857e-01
-2.484165132e-01
-2.704826593e-01
-2.619165182e-01
-2.509862185e-01
-2.670904398e-01
-2.697629929e-01
-2.355330884e-01
-2.707909644e-01
-2.755537331e-01
-2.771981061e-01
-3.014921546e-01
-3.108803630e-01
-3.143417537e-01
-2.901164591e-01
-3.162944317e-01
-2.926863432e-01
-3.051585555e-01
-3.077971637e-01
-3.153694272e-01
-2.835721970e-01
-2.873753905e-01
-2.919671834e-01
-2.623278797e-01
-2.890549898e-01
-2.539330125e-01
-2.153858840e-01
-2.276524007e-01
-1.865697801e-01
-1.757425964e-01
-1.752285361e-01
-1.964035332e-01
-1.595697701e-01
-1.376406401e-01
-1.253742576e-01
