5.982291222e+00
5.942632675e+00
5.909160137e+00
5.876611710e+00
5.837013721e+00
5.791232109e+00
5.733294964e+00
5.675657749e+00
5.626918316e+00
5.575178623e+00
5.518933296e+00
5.498132706e+00
5.469506264e+00
5.453431606e+00
5.422332764e+00
5.382950783e+00
5.342086315e+00
5.309991360e+00
5.295845985e+00
5.269003868e+00
5.222066402e+00
5.177346706e+00
5.134133339e+00
5.090630054e+00
5.065836906e+00
5.026565075e+00
4.959417343e+00
4.901482582e+00
4.867073059e+00
4.848374844e+00
4.790739059e+00
4.752803802e+00
4.731800556e+00
4.693476200e+00
4.652661800e+00
4.625971317e+00
4.611660480e+00
4.587239265e+00
4.555475712e+00
4.508918762e+00
4.465969086e+00
4.443128109e+00
4.426863670e+00
4.383857727e+00
4.340326786e+00
4.311595440e+00
4.286654949e+00
4.250300407e+00
4.207890511e+00
4.154417992e+00
4.121221542e+00
4.081558704e+00
4.059701443e+00
4.020670414e+00
3.987347126e+00
3.953182459e+00
3.926305532e+00
3.895990133e+00
3.872049093e+00
3.858963728e+00
3.863962889e+00
3.858593702e+00
3.847570896e+00
3.821753263e+00
3.789284229e+00
3.755847454e+00
3.730158806e+00
3.698377848e+00
3.674217463e+00
3.641302824e+00
3.636005640e+00
3.626936674e+00
3.624891758e+00
3.618888855e+00
3.608256817e+00
3.590433121e+00
3.547444105e+00
3.529431105e+00
3.503840208e+00
3.485307693e+00
3.470086098e+00
3.430662870e+00
3.385516167e+00
3.358808041e+00
3.360500097e+00
3.363120079e+00
3.330279827e+00
3.302399874e+00
3.303719997e+00
3.291026592e+00
3.261551142e+00
3.230590343e+00
3.232036114e+00
3.197672844e+00
3.187246561e+00
3.183417082e+00
3.182989597e+00
3.172543049e+00
3.171112299e+00
3.141262054e+00
3.104576349e+00
3.097942114e+00
3.089542150e+00
3.068499088e+00
3.036434650e+00
3.017257214e+00
3.001514435e+00
2.995399714e+00
2.986146450e+00
2.973788261e+00
2.947895288e+00
2.935516834e+00
2.913992167e+00
2.900257349e+00
2.871482849e+00
2.843453407e+00
2.822767496e+00
2.804890871e+00
2.786866903e+00
2.773428440e+00
2.773410320e+00
2.745698690e+00
2.757297277e+00
2.756179094e+00
2.753688574e+00
2.725496531e+00
2.687725544e+00
2.665423155e+00
2.670050621e+00
2.682761431e+00
2.676813841e+00
2.647338629e+00
2.601261377e+00
2.586747408e+00
2.587768316e+00
2.576674700e+00
2.563215971e+00
2.551095724e+00
2.521129370e+00
2.484735012e+00
2.463265657e+00
2.445980310e+00
2.445664406e+00
2.419641256e+00
2.407410860e+00
2.387931347e+00
2.382466793e+00
2.360721827e+00
2.344886065e+00
2.333603859e+00
2.323846340e+00
2.308511496e+00
2.297675371e+00
2.301150084e+00
2.288381100e+00
2.281541824e+00
2.274849415e+00
2.250073433e+00
2.240352869e+00
2.227658749e+00
2.229275465e+00
2.201935291e+00
2.171957254e+00
2.169762850e+00
2.176007032e+00
2.169278622e+00
2.143611908e+00
2.136901379e+00
2.111735106e+00
2.090714216e+00
2.069915771e+00
2.059973478e+00
2.041722775e+00
2.022263288e+00
2.013341904e+00
1.999848366e+00
1.994104981e+00
1.985202074e+00
1.963661432e+00
1.940894008e+00
1.925117135e+00
1.929317355e+00
1.940245509e+00
1.935226083e+00
1.925079107e+00
1.924782634e+00
1.918164968e+00
1.901697278e+00
1.881196499e+00
1.842072248e+00
1.816219568e+00
1.824080110e+00
1.821032047e+00
1.785737395e+00
1.773433328e+00
1.755850673e+00
1.797056556e+00
1.809453845e+00
1.790271878e+00
1.817780018e+00
1.815065742e+00
1.792409897e+00
1.797782540e+00
1.795254230e+00
1.771612644e+00
1.746243834e+00
1.720054865e+00
1.700409651e+00
1.706283808e+00
1.716766477e+00
1.708867311e+00
1.678905249e+00
1.650281429e+00
1.630191684e+00
1.613277793e+00
1.600675106e+00
1.606455445e+00
1.603648663e+00
1.604967475e+00
1.611994267e+00
1.601417422e+00
1.603779078e+00
1.598426819e+00
1.593184829e+00
1.574746966e+00
1.572702169e+00
1.576826334e+00
1.580599546e+00
1.558501959e+00
1.536532044e+00
1.535083413e+00
1.524860382e+00
1.506608844e+00
1.504731059e+00
1.497426987e+00
1.496386170e+00
1.486461043e+00
1.471201897e+00
1.449847698e+00
1.465682626e+00
1.490307570e+00
1.523410320e+00
1.541216612e+00
1.547517419e+00
1.551384449e+00
1.576123238e+00
1.603610873e+00
1.614855886e+00
1.624168277e+00
1.644149423e+00
1.656490207e+00
1.656173944e+00
1.637532353e+00
1.655579686e+00
1.649892330e+00
1.657196999e+00
1.687121034e+00
1.643331051e+00
1.630934000e+00
1.696377873e+00
1.673088908e+00
1.627254128e+00
1.687084436e+00
1.680076838e+00
1.662455797e+00
1.707061291e+00
1.683421135e+00
1.686766386e+00
1.675840020e+00
1.678255320e+00
1.703495026e+00
1.673905253e+00
1.677381516e+00
1.682064652e+00
1.675039053e+00
1.697324872e+00
1.756668091e+00
1.669741631e+00
1.717157125e+00
1.731578350e+00
1.691451311e+00
1.726689577e+00
1.728659987e+00
1.709722519e+00
1.674165130e+00
1.671042919e+00
1.685781598e+00
1.647065759e+00
1.660783052e+00
1.663496614e+00
1.653347969e+00
1.628238320e+00
1.634315848e+00
1.546941161e+00
1.590767503e+00
1.616398573e+00
1.566847444e+00
1.567461729e+00
1.575677395e+00
1.582313299e+00
1.531254888e+00
1.532721519e+00
1.551439404e+00
1.502538204e+00
1.506570578e+00
1.502389193e+00
1.486665726e+00
1.488375068e+00
1.558503628e+00
1.470829606e+00
1.507537007e+00
1.518968821e+00
1.473580718e+00
1.484695077e+00
1.474751592e+00
1.474994421e+00
1.433139801e+00
1.437170982e+00
1.455310941e+00
1.417117476e+00
1.419514298e+00
1.415834427e+00
1.395444393e+00
1.401169300e+00
1.458769441e+00
1.374851346e+00
1.403251171e+00
1.405499816e+00
1.365019679e+00
1.395853519e+00
1.403306961e+00
1.419292331e+00
1.382713318e+00
1.368494749e+00
1.357825398e+00
1.331545115e+00
1.362863421e+00
1.355503559e+00
1.311361313e+00
1.296546578e+00
1.332771540e+00
1.235604048e+00
1.270414114e+00
1.269448280e+00
1.224824786e+00
1.246904492e+00
1.234117150e+00
1.242648482e+00
1.211127400e+00
1.218785286e+00
1.241979480e+00
1.204697013e+00
1.211258292e+00
1.200663686e+00
1.169215798e+00
1.155443430e+00
1.204939246e+00
1.119850636e+00
1.174493909e+00
1.187875986e+00
1.126374602e+00
1.131429791e+00
1.140462399e+00
1.141763806e+00
1.103327394e+00
1.092975974e+00
1.113568425e+00
1.079146266e+00
1.084592223e+00
1.066414714e+00
1.039094210e+00
1.045376062e+00
1.087026596e+00
9.939100146e-01
1.028406858e+00
1.054929495e+00
1.007218361e+00
1.021530151e+00
1.028221130e+00
1.046231031e+00
1.003258824e+00
1.011289120e+00
1.023983121e+00
9.711041451e-01
9.940030575e-01
1.019503713e+00
9.917725921e-01
9.969577193e-01
1.047625542e+00
9.709938169e-01
1.005768418e+00
1.036452651e+00
9.854163527e-01
1.004094720e+00
1.001288176e+00
9.859373569e-01
9.520537257e-01
9.808073640e-01
1.001773238e+00
9.749712348e-01
9.808256626e-01
9.880750775e-01
9.743205905e-01
9.758262634e-01
1.022515178e+00
9.414409399e-01
9.697104692e-01
9.846363068e-01
9.406046867e-01
9.375378489e-01
9.192111492e-01
9.308648705e-01
8.767585158e-01
8.733384609e-01
9.113118052e-01
8.777996302e-01
8.872416615e-01
8.855136633e-01
8.695476055e-01
8.839900494e-01
9.276126027e-01
8.390467167e-01
8.847143054e-01
9.018136263e-01
8.611264229e-01
8.780591488e-01
8.818686008e-01
8.992674351e-01
8.501778841e-01
8.638018370e-01
8.650659919e-01
8.415166736e-01
8.665339947e-01
8.676865101e-01
8.392863274e-01
8.333007693e-01
8.596194386e-01
7.913707495e-01
8.116303086e-01
8.298634887e-01
7.717990875e-01
7.813897729e-01
7.713900208e-01
8.008863926e-01
7.726171613e-01
7.908500433e-01
8.102916479e-01
7.568370700e-01
7.689366341e-01
7.547737360e-01
7.531758547e-01
7.649404407e-01
8.169646859e-01
7.304074764e-01
7.698668242e-01
7.787133455e-01
7.269691229e-01
7.426558733e-01
7.285856009e-01
7.108362317e-01
6.684795618e-01
7.034569979e-01
7.395141721e-01
7.086074352e-01
7.137914300e-01
6.869174838e-01
6.530353427e-01
6.289666295e-01
6.574404836e-01
5.569082499e-01
5.703831911e-01
5.880771875e-01
5.297905207e-01
5.537672043e-01
5.635619760e-01
5.604026318e-01
5.268352628e-01
5.341213346e-01
5.486931801e-01
5.208505988e-01
5.561835766e-01
5.526518822e-01
5.375228524e-01
5.438044667e-01
6.078711152e-01
5.298466086e-01
5.745461583e-01
5.962737799e-01
5.380059481e-01
5.609228611e-01
5.630040169e-01
5.556625128e-01
4.962983131e-01
4.876368642e-01
5.079149008e-01
4.664120674e-01
4.925997853e-01
4.852393866e-01
4.461526275e-01
4.290722907e-01
4.615231454e-01
3.792417049e-01
4.195747674e-01
4.481422901e-01
3.928839862e-01
3.972145319e-01
4.053742886e-01
4.228643179e-01
3.863779306e-01
3.922507465e-01
4.067855477e-01
3.503186405e-01
3.616945446e-01
3.574377894e-01
3.423636854e-01
3.324198425e-01
3.686079383e-01
2.830732465e-01
3.184061944e-01
3.648721576e-01
3.155620694e-01
3.140379786e-01
3.054882586e-01
3.194654882e-01
2.826085687e-01
3.052839041e-01
3.210079372e-01
2.790027559e-01
2.938718796e-01
2.947641313e-01
2.775529623e-01
2.723488510e-01
3.385722339e-01
2.634274960e-01
2.969759107e-01
3.193719089e-01
2.776646316e-01
2.825900316e-01
2.866230309e-01
3.161939085e-01
2.577026486e-01
2.608626485e-01
2.878870964e-01
2.535209060e-01
2.758432329e-01
2.666243017e-01
2.569038272e-01
2.744120955e-01
3.260262311e-01
2.348787487e-01
2.647099495e-01
2.870135903e-01
2.515878975e-01
2.848390043e-01
3.095770478e-01
3.183869720e-01
2.829244435e-01
2.929425538e-01
2.934814095e-01
2.557885051e-01
2.874407768e-01
2.836678922e-01
2.647098303e-01
2.690218091e-01
3.054507971e-01
2.503797710e-01
3.091681600e-01
3.432556689e-01
2.888534367e-01
2.898570597e-01
2.887605131e-01
3.033135533e-01
2.808800042e-01
2.987970114e-01
3.177552521e-01
2.806197703e-01
3.030163646e-01
3.121053576e-01
2.919201553e-01
2.964181900e-01
3.501888812e-01
2.819952667e-01
3.313971758e-01
3.496688306e-01
2.950056493e-01
3.053025603e-01
3.082394004e-01
3.332750499e-01
3.133687377e-01
3.095957637e-01
3.267509639e-01
2.694485486e-01
2.840392888e-01
2.742257416e-01
2.551187873e-01
2.437999398e-01
2.853032053e-01
2.223330885e-01
2.535574734e-01
2.835004330e-01
2.493384033e-01
2.726273239e-01
2.872920334e-01
3.022354245e-01
2.570890784e-01
2.623120546e-01
2.837234437e-01
2.507507801e-01
2.727760971e-01
2.772182524e-01
2.529069483e-01
2.581855953e-01
3.259146512e-01
2.714003325e-01
3.018263578e-01
3.201155663e-01
2.708801627e-01
2.642449737e-01
2.554169297e-01
2.741326690e-01
2.407704443e-01
2.510485947e-01
2.794860005e-01
2.489673346e-01
2.687430978e-01
2.703229487e-01
2.223519683e-01
2.089513093e-01
2.559370100e-01
1.935247332e-01
2.492832243e-01
2.646355629e-01
1.948628724e-01
2.032824010e-01
2.182071805e-01
2.398227602e-01
2.020550817e-01
1.973345280e-01
2.043786645e-01
1.700312495e-01
1.737110466e-01
1.665561199e-01
1.458698958e-01
1.456286013e-01
1.852904707e-01
9.906964749e-02
1.394765973e-01
1.649016440e-01
1.207601205e-01
1.478591263e-01
1.798075140e-01
2.027615160e-01
1.515948772e-01
1.414656937e-01
1.617229134e-01
1.326181591e-01
1.442714632e-01
1.308340579e-01
9.170953184e-02
8.288106322e-02
1.461291462e-01
7.509348541e-02
1.045710891e-01
1.142174602e-01
7.423831522e-02
9.265758097e-02
1.040140092e-01
1.000921503e-01
4.975954816e-02
5.814210698e-02
8.433045447e-02
6.197087839e-02
8.814065158e-02
8.485095948e-02
6.619004160e-02
5.758422613e-02
1.116153970e-01
3.518755734e-02
6.784445047e-02
8.985062689e-02
3.647006303e-02
8.992510289e-02
9.053848684e-02
1.123960763e-01
6.845757365e-02
9.053843468e-02
1.258338839e-01
9.477638453e-02
1.250162274e-01
1.381565928e-01
1.351455748e-01
1.249417365e-01
1.639536619e-01
8.847533166e-02
1.415579170e-01
1.742690802e-01
1.109090447e-01
1.074894145e-01
9.564951062e-02
1.080281958e-01
8.421957493e-02
9.447903931e-02
1.119684279e-01
9.118895233e-02
1.212245449e-01
1.222839281e-01
1.171169505e-01
1.092734858e-01
1.664635837e-01
8.687732369e-02
1.230091229e-01
1.428967118e-01
1.011512801e-01
1.156672165e-01
9.150501341e-02
9.999894351e-02
8.087350428e-02
9.890227765e-02
1.208527461e-01
5.303112045e-02
4.881153628e-02
5.890405551e-02
2.797623724e-02
3.886782378e-02
9.118911624e-02
3.182079876e-03
2.884978428e-02
5.552108213e-02
3.409102187e-02
5.408978090e-02
5.957299843e-02
4.695263878e-02
-2.709780354e-03
1.399931591e-02
3.345920518e-02
-1.243044343e-02
-5.479147192e-03
-3.196465597e-02
-4.694523290e-02
-2.878639288e-02
1.223359257e-02
-6.508550793e-02
-6.204011384e-03
9.148285724e-03
-5.661011487e-02
-4.796748236e-02
-3.285680711e-02
-6.891707890e-03
-4.413870722e-02
-2.808012255e-02
-5.757948849e-03
-3.560758010e-02
-1.512545440e-02
-1.531131752e-02
-2.029245161e-02
-1.021865569e-02
3.020659275e-02
-4.941709712e-02
-7.783855777e-03
3.063398041e-02
-1.038593426e-02
2.275353670e-02
2.108102292e-02
2.734459564e-02
-2.040738473e-03
1.723339967e-02
4.370044172e-02
1.866454072e-02
4.067080840e-02
4.120994732e-02
2.990960702e-02
3.555957973e-02
7.602225989e-02
1.013343129e-02
4.738053307e-02
7.933066040e-02
2.516958490e-02
2.321809344e-02
-2.932825359e-03
1.232655160e-02
-1.441917103e-02
3.070557490e-03
7.661379408e-03
-3.796804696e-02
-5.051661748e-03
7.475516293e-03
6.694892887e-03
2.015138231e-02
7.302933186e-02
-3.283822536e-02
1.806687331e-03
3.392385691e-02
4.873430822e-03
1.444538590e-02
5.728401709e-03
2.379430830e-02
-2.644453011e-02
-9.605318308e-03
1.890610345e-02
-9.215002880e-03
1.401790418e-02
8.962419815e-03
6.806410849e-03
2.037442476e-02
8.170975000e-02
-3.025756916e-03
1.353465579e-02
4.704579711e-02
9.687286802e-03
1.314435154e-02
6.416093558e-03
1.357183699e-02
2.085486660e-03
3.581967205e-02
6.704469025e-02
3.751101345e-02
8.111512661e-02
8.828926831e-02
6.474008411e-02
4.678560048e-02
8.033443242e-02
-7.988302968e-03
3.633997217e-02
6.462833285e-02
7.735726889e-03
3.241834790e-02
1.381345093e-02
-6.352706812e-03
-5.813420936e-02
-4.159237444e-02
-2.116600238e-02
-5.999284238e-02
-1.819219440e-02
-1.737440005e-02
-2.787566744e-02
-3.001316823e-02
1.732608676e-02
-7.212971896e-02
-1.908440515e-02
2.868224494e-02
-2.562650852e-02
-3.564914688e-03
1.059785578e-02
2.903563902e-02
-7.021655329e-03
-4.661246669e-03
3.042954020e-02
1.450105570e-02
2.152682655e-02
6.378932390e-03
-1.696549729e-02
-1.544141024e-02
4.574475437e-02
-4.244735464e-02
-7.189095952e-03
2.104366384e-02
-1.783905551e-02
1.732335309e-03
-5.720771849e-03
3.553804010e-03
-2.008800022e-02
9.389900602e-03
4.734312370e-02
3.992721811e-02
5.836483464e-02
3.929526359e-02
2.831078507e-02
1.167602744e-02
3.909071535e-02
-5.939808115e-02
-2.330343612e-02
-3.121558693e-04
-4.504943639e-02
-3.062644787e-02
-2.724372782e-02
-1.140819117e-02
-2.088721842e-02
-1.945603080e-02
6.174555048e-03
-3.649972007e-02
-1.144535746e-02
-1.278601587e-03
-5.033039022e-03
6.769276690e-03
5.027983710e-02
-2.791284584e-02
1.715895906e-02
4.645109922e-02
-7.783855777e-03
-2.443719283e-02
-1.720711403e-02
3.683910705e-03
-3.884160519e-02
-3.432513401e-02
-1.315530390e-02
-5.029093474e-02
-3.105394728e-02
-3.086807579e-02
-4.865520447e-02
-5.573657528e-02
-2.066417783e-02
-1.163829714e-01
-8.525167406e-02
-6.519709527e-02
-1.196727157e-01
-9.573388845e-02
-7.809610665e-02
-6.014154106e-02
-1.131489277e-01
-1.134462580e-01
-1.083907783e-01
-1.396157891e-01
-1.121079326e-01
-1.181485951e-01
-1.527751982e-01
-1.684627086e-01
-1.108812913e-01
-1.932759583e-01
-1.587970108e-01
-1.410838515e-01
-1.999855489e-01
-1.942238212e-01
-2.058589011e-01
-1.993903071e-01
-2.511726320e-01
-2.271032482e-01
-1.992230713e-01
-2.381993830e-01
-2.215645909e-01
-2.341474295e-01
-2.437938303e-01
-2.358017564e-01
-1.968995929e-01
-2.785317898e-01
-2.428830713e-01
-2.289061993e-01
-2.616923153e-01
-2.420096248e-01
-2.528081536e-01
-2.531054914e-01
-2.885310054e-01
-2.647962868e-01
-2.239808887e-01
-2.781972587e-01
-2.734205127e-01
-2.624917626e-01
-2.656514049e-01
-2.699262500e-01
-2.363592684e-01
-3.281383812e-01
-2.752977014e-01
-2.465257794e-01
-2.786616087e-01
-2.772303522e-01
-2.956496179e-01
-2.744795382e-01
-3.047568798e-01
-2.719520330e-01
-2.449647784e-01
-2.895905375e-01
-2.664878070e-01
-2.607631087e-01
-2.584211230e-01
-2.498343140e-01
-2.210439593e-01
-3.048869669e-01
-2.511351705e-01
-2.071602345e-01
-2.401324362e-01
-2.336270511e-01
-2.310809046e-01
-2.259324193e-01
-2.611162663e-01
-2.279769182e-01
-1.943356246e-01
-2.265273184e-01
-2.047253847e-01
-2.133868635e-01
-2.352999896e-01
-2.456711233e-01
-2.056919485e-01
-2.848136127e-01
-2.470464855e-01
-2.158775032e-01
-2.368054837e-01
-2.172340155e-01
-2.122716457e-01
-2.038334906e-01
-2.523993850e-01
-2.446676791e-01
-2.234419882e-01
-2.512658536e-01
-2.328097522e-01
-2.450580299e-01
-2.524182200e-01
-2.335158587e-01
-1.690952927e-01
-2.575480044e-01
-2.120487243e-01
-1.932577342e-01
-2.490354329e-01
-2.447048277e-01
-2.290550321e-01
-2.145018280e-01
-2.534031570e-01
-2.467864156e-01
-2.131823003e-01
-2.562282085e-01
-2.310810834e-01
-2.398165464e-01
-2.496674061e-01
-2.446861267e-01
-1.951904148e-01
-2.864681482e-01
-2.426042408e-01
-2.245200723e-01
-2.656699419e-01
-2.558932304e-01
-2.480319142e-01
-2.222150117e-01
-2.457824647e-01
-2.031811923e-01
-1.588900983e-01
-1.622726917e-01
