1.301646113e+00
1.272157311e+00
1.270546079e+00
1.256587982e+00
1.261305332e+00
1.247620702e+00
1.228758931e+00
1.226741433e+00
1.224283695e+00
1.209848762e+00
1.202771425e+00
1.180051565e+00
1.186920404e+00
1.177398562e+00
1.167763233e+00
1.156551480e+00
1.161987901e+00
1.168935299e+00
1.158293843e+00
1.137170076e+00
1.127812266e+00
1.131392956e+00
1.129847169e+00
1.110902667e+00
1.094400644e+00
1.104896545e+00
1.109828472e+00
1.099445462e+00
1.097524762e+00
1.086784124e+00
1.086621165e+00
1.068605900e+00
1.063593030e+00
1.067906022e+00
1.058465600e+00
1.042012691e+00
1.039506793e+00
1.037456274e+00
1.036430955e+00
1.010570407e+00
9.930099249e-01
9.950286150e-01
9.986579418e-01
9.852157235e-01
9.750274420e-01
9.572067857e-01
9.529759288e-01
9.361478686e-01
9.286944270e-01
9.215335250e-01
9.154137373e-01
9.111344218e-01
9.044780731e-01
8.814011216e-01
8.799039125e-01
8.987169266e-01
8.871459961e-01
8.772998452e-01
8.830932975e-01
8.891965747e-01
8.870967031e-01
8.730687499e-01
8.848833442e-01
8.896514177e-01
8.706270456e-01
8.674373031e-01
8.716850281e-01
8.750537038e-01
8.680886626e-01
8.526113629e-01
8.558662534e-01
8.451901078e-01
8.576400280e-01
8.390547633e-01
8.356044292e-01
8.266698718e-01
8.315688968e-01
8.250584602e-01
8.302988410e-01
8.294686079e-01
8.202574849e-01
8.148059249e-01
7.968065143e-01
7.930466533e-01
8.017046452e-01
8.046504259e-01
7.981733084e-01
7.926399112e-01
7.907195091e-01
7.907192707e-01
7.869431973e-01
7.748198509e-01
7.782696486e-01
7.779278159e-01
7.894822955e-01
7.836396098e-01
7.977336645e-01
7.859833837e-01
7.767884731e-01
7.906051874e-01
7.966434360e-01
7.967900038e-01
7.797340155e-01
7.673985958e-01
7.661125064e-01
7.705226541e-01
7.588704228e-01
7.601884007e-01
7.430689335e-01
7.528659105e-01
7.617026567e-01
7.520521879e-01
7.451195121e-01
7.628256083e-01
7.929325700e-01
7.968717813e-01
7.868303061e-01
7.823058963e-01
7.859349251e-01
7.771469951e-01
7.823217511e-01
7.768701911e-01
7.887825966e-01
7.803367972e-01
7.744452953e-01
7.711417079e-01
7.728013396e-01
7.822241187e-01
7.777486444e-01
7.891246080e-01
7.909961939e-01
8.197039366e-01
8.227472305e-01
8.174743056e-01
8.032177687e-01
7.971476316e-01
8.089464903e-01
8.064083457e-01
7.937625647e-01
7.967737317e-01
8.027788997e-01
8.011028767e-01
7.939254642e-01
7.920215726e-01
8.017370701e-01
8.048946857e-01
8.073189259e-01
8.004680276e-01
8.064240813e-01
8.104764223e-01
8.092076778e-01
7.997195125e-01
7.922982574e-01
7.991009951e-01
8.113392591e-01
8.042436838e-01
7.841938138e-01
7.994754314e-01
8.085079789e-01
7.985311151e-01
7.959761620e-01
8.057088852e-01
8.194280267e-01
8.242120743e-01
8.276462555e-01
8.384524584e-01
8.492910266e-01
8.484768867e-01
8.663787842e-01
8.740445971e-01
8.810427189e-01
8.808630705e-01
8.835316896e-01
8.669808507e-01
8.839713335e-01
8.949243426e-01
8.886910677e-01
8.757859468e-01
8.890488744e-01
8.910830617e-01
8.705943823e-01
8.662813902e-01
8.786659837e-01
8.986187577e-01
8.981953263e-01
8.913435340e-01
8.922549486e-01
9.028012753e-01
9.156419635e-01
9.269197583e-01
9.245440960e-01
9.333649278e-01
9.406886101e-01
9.525851011e-01
9.402003288e-01
9.199386835e-01
9.796658754e-01
9.804145098e-01
8.894887567e-01
9.485490322e-01
9.622031450e-01
9.282709360e-01
9.439923167e-01
9.655892849e-01
9.409001470e-01
9.668093324e-01
9.754992723e-01
9.598106742e-01
9.531061053e-01
9.747025967e-01
9.727656841e-01
9.749627113e-01
9.822205901e-01
9.850525856e-01
9.983322024e-01
1.012149572e+00
9.943296909e-01
9.954519868e-01
1.007022738e+00
1.021898389e+00
1.025575995e+00
1.015599966e+00
1.022320867e+00
1.033924937e+00
1.038742304e+00
1.033355474e+00
1.043510795e+00
1.058791995e+00
1.061249733e+00
1.047026157e+00
1.068313122e+00
1.075196266e+00
1.084585786e+00
1.083024025e+00
1.094904304e+00
1.098110676e+00
1.110007286e+00
1.110625505e+00
1.121221662e+00
1.121774793e+00
1.121530890e+00
1.133264184e+00
1.143255949e+00
1.155932546e+00
1.183683038e+00
1.201680303e+00
1.222281694e+00
1.240378618e+00
1.255185366e+00
1.281254172e+00
1.290530324e+00
1.288138270e+00
1.292270780e+00
1.343731046e+00
1.380395055e+00
1.244755983e+00
1.432850242e+00
1.297625542e+00
1.302313328e+00
1.404953241e+00
1.429660439e+00
1.238669753e+00
1.457067370e+00
1.476287007e+00
1.326513410e+00
1.454706073e+00
1.447154641e+00
1.467922688e+00
1.484554648e+00
1.403732657e+00
1.628310442e+00
1.434656382e+00
1.585035443e+00
1.507909536e+00
1.588729978e+00
1.510561943e+00
1.765212417e+00
1.461250424e+00
1.605835676e+00
1.765260935e+00
1.559369802e+00
1.630036354e+00
1.688217998e+00
1.702214718e+00
1.682863235e+00
1.609189987e+00
1.825866342e+00
1.621168017e+00
1.781192660e+00
1.684182405e+00
1.752518058e+00
1.651307225e+00
1.884958029e+00
1.616594911e+00
1.701742530e+00
1.856658578e+00
1.679152608e+00
1.718309641e+00
1.755447030e+00
1.768141031e+00
1.728269935e+00
1.663203597e+00
1.892313838e+00
1.671293855e+00
1.837713838e+00
1.735413909e+00
1.805896759e+00
1.712027550e+00
1.961236119e+00
1.698633671e+00
1.789899707e+00
1.934044123e+00
1.769279957e+00
1.818901539e+00
1.853516817e+00
1.858855844e+00
1.835062146e+00
1.764152765e+00
1.965093732e+00
1.738343000e+00
1.889336109e+00
1.808322191e+00
1.866665006e+00
1.765358090e+00
1.992549539e+00
1.710236549e+00
1.808012962e+00
1.938633204e+00
1.762884974e+00
1.830488205e+00
1.871255279e+00
1.890182376e+00
1.858284235e+00
1.784805536e+00
2.003519535e+00
1.790159941e+00
1.943366766e+00
1.858723402e+00
1.927776933e+00
1.824011207e+00
2.051968813e+00
1.776619554e+00
1.876234412e+00
2.027621508e+00
1.836705804e+00
1.876739264e+00
1.916499019e+00
1.915262580e+00
1.877211452e+00
1.804872513e+00
2.026140928e+00
1.801129341e+00
1.958829045e+00
1.859894395e+00
1.933097601e+00
1.841539383e+00
2.081736326e+00
1.794961572e+00
1.886324644e+00
2.041926861e+00
1.864242435e+00
1.916465402e+00
1.972986341e+00
1.975703955e+00
1.927907109e+00
1.846096396e+00
2.061488867e+00
1.834719896e+00
1.979724169e+00
1.882940531e+00
1.943464756e+00
1.874072790e+00
2.102795124e+00
1.831725359e+00
1.907645941e+00
2.060220957e+00
1.889009833e+00
1.932415605e+00
1.966248751e+00
1.986054659e+00
1.966070414e+00
1.887238026e+00
2.090231180e+00
1.891501188e+00
2.034977198e+00
1.929859757e+00
2.001207352e+00
1.900336862e+00
2.142180681e+00
1.870767713e+00
1.961642981e+00
2.120681286e+00
1.944946408e+00
1.997186661e+00
2.036182165e+00
2.052049637e+00
2.018230915e+00
1.966738224e+00
2.195696115e+00
1.972189069e+00
2.126963139e+00
2.042464018e+00
2.105139494e+00
1.993738055e+00
2.240237951e+00
1.966167331e+00
2.048501492e+00
2.185019732e+00
2.011314392e+00
2.065754175e+00
2.115278482e+00
2.117411137e+00
2.082647085e+00
2.014162540e+00
2.230214834e+00
2.006057262e+00
2.176475525e+00
2.080759287e+00
2.149894714e+00
2.061733246e+00
2.308365345e+00
2.026873350e+00
2.119053125e+00
2.250201464e+00
2.073109150e+00
2.134351492e+00
2.177566051e+00
2.196574926e+00
2.153752327e+00
2.100256681e+00
2.319661856e+00
2.094836950e+00
2.264718294e+00
2.165599585e+00
2.237844944e+00
2.137086153e+00
2.387682915e+00
2.105089903e+00
2.201489925e+00
2.357512474e+00
2.182773352e+00
2.219361305e+00
2.266783476e+00
2.284896612e+00
2.248150349e+00
2.188959122e+00
2.412241459e+00
2.198107958e+00
2.343401194e+00
2.247791290e+00
2.322475195e+00
2.222611666e+00
2.462095737e+00
2.176995754e+00
2.294433832e+00
2.443068504e+00
2.255506277e+00
2.303792715e+00
2.343533754e+00
2.353786230e+00
2.317285776e+00
2.251013994e+00
2.459654093e+00
2.221605062e+00
2.386070251e+00
2.292642593e+00
2.354256630e+00
2.267271757e+00
2.513230085e+00
2.234460354e+00
2.311165571e+00
2.458693981e+00
2.283302546e+00
2.343015194e+00
2.376829386e+00
2.382263422e+00
2.344803333e+00
2.299510479e+00
2.528950691e+00
2.312515259e+00
2.474823475e+00
2.385891676e+00
2.458124399e+00
2.358113289e+00
2.598364830e+00
2.318276405e+00
2.412355900e+00
2.571104050e+00
2.370269299e+00
2.426042795e+00
2.477231503e+00
2.477752209e+00
2.441311359e+00
2.382118464e+00
2.610637188e+00
2.384036779e+00
2.551036119e+00
2.455813408e+00
2.515589952e+00
2.419828415e+00
2.675686836e+00
2.384964466e+00
2.462307453e+00
2.627694368e+00
2.453095913e+00
2.490494251e+00
2.515019894e+00
2.535021544e+00
2.511373758e+00
2.436053514e+00
2.649811983e+00
2.421308994e+00
2.591040373e+00
2.482162714e+00
2.531798840e+00
2.447202206e+00
2.716206551e+00
2.444402933e+00
2.527340174e+00
2.666947365e+00
2.477802038e+00
2.542149782e+00
2.607365608e+00
2.593530893e+00
2.559435368e+00
2.506816864e+00
2.738763571e+00
2.508053780e+00
2.656482935e+00
2.574668169e+00
2.639835119e+00
2.543191433e+00
2.789317608e+00
2.530187607e+00
2.622859478e+00
2.767282486e+00
2.585785627e+00
2.648981333e+00
2.704817057e+00
2.707177401e+00
2.660113096e+00
2.610199451e+00
2.826536179e+00
2.606651068e+00
2.745012999e+00
2.647484064e+00
2.729309559e+00
2.630639076e+00
2.872233868e+00
2.592684984e+00
2.680667162e+00
2.830881596e+00
2.650007248e+00
2.713717699e+00
2.764530659e+00
2.772277117e+00
2.746189833e+00
2.681463718e+00
2.910020113e+00
2.700974226e+00
2.861802340e+00
2.773172379e+00
2.850574017e+00
2.754424572e+00
2.985857964e+00
2.718761683e+00
2.816511631e+00
2.972059727e+00
2.788161993e+00
2.841882944e+00
2.877833843e+00
2.877671003e+00
2.839506865e+00
2.761405945e+00
2.996256828e+00
2.777500153e+00
2.936775684e+00
2.827821493e+00
2.890039206e+00
2.778021097e+00
3.031001329e+00
2.750388622e+00
2.849271536e+00
3.014825106e+00
2.820758343e+00
2.876319170e+00
2.926522970e+00
2.960649490e+00
2.920078278e+00
2.847905636e+00
3.041531324e+00
2.827806711e+00
2.982813597e+00
2.902973652e+00
2.969551086e+00
2.870964527e+00
3.117859125e+00
2.838138819e+00
2.924911737e+00
3.079790592e+00
2.922291517e+00
2.965579987e+00
2.996501446e+00
3.017542839e+00
2.985125542e+00
2.935620308e+00
3.150114536e+00
2.924000263e+00
3.091443539e+00
2.997964144e+00
3.076504230e+00
2.984406948e+00
3.234678030e+00
2.960111380e+00
3.052091360e+00
3.200809479e+00
3.010593653e+00
3.074469805e+00
3.118053436e+00
3.140186548e+00
3.104919910e+00
3.043319464e+00
3.254730225e+00
3.045516491e+00
3.180597544e+00
3.100183964e+00
3.169497490e+00
3.066543102e+00
3.312044859e+00
3.036437511e+00
3.118852377e+00
3.271850586e+00
3.101452351e+00
3.156510830e+00
3.201851606e+00
3.216417074e+00
3.191304684e+00
3.116117716e+00
3.333573818e+00
3.108467102e+00
3.259661436e+00
3.188228846e+00
3.247243404e+00
3.149122238e+00
3.401261806e+00
3.133384466e+00
3.229488134e+00
3.375238419e+00
3.194918156e+00
3.269194603e+00
3.306298971e+00
3.308301210e+00
3.284689426e+00
3.208783865e+00
3.417309046e+00
3.204390287e+00
3.351933479e+00
3.265192747e+00
3.324037075e+00
3.217361689e+00
3.459295511e+00
3.181882858e+00
3.268074751e+00
3.428714275e+00
3.255688906e+00
3.304427862e+00
3.338182688e+00
3.344643116e+00
3.321530342e+00
3.241628408e+00
3.454446316e+00
3.240066528e+00
3.413109064e+00
3.312629223e+00
3.374637365e+00
3.282017946e+00
3.521140099e+00
3.236029387e+00
3.336877584e+00
3.478646994e+00
3.315167904e+00
3.374880552e+00
3.410783052e+00
3.416510582e+00
3.400123596e+00
3.337659359e+00
3.555218220e+00
3.325469255e+00
3.494009972e+00
3.407528639e+00
3.489354372e+00
3.390633106e+00
3.635992765e+00
3.355186462e+00
3.447676659e+00
3.594100475e+00
3.420596361e+00
3.473942041e+00
3.533346415e+00
3.548008680e+00
3.503790855e+00
3.458968639e+00
3.672672510e+00
3.449382305e+00
3.594621658e+00
3.496273041e+00
3.567862988e+00
3.471988201e+00
3.707860947e+00
3.421832800e+00
3.526234388e+00
3.673715591e+00
3.488035679e+00
3.544998407e+00
3.591839790e+00
3.600415945e+00
3.576831102e+00
3.503676891e+00
3.712579489e+00
3.501056910e+00
3.673829556e+00
3.567411423e+00
3.646651745e+00
3.563015699e+00
3.806458712e+00
3.517380714e+00
3.607870579e+00
3.769627571e+00
3.591008186e+00
3.644160509e+00
3.673569679e+00
3.675733089e+00
3.649499178e+00
3.590569973e+00
3.812885046e+00
3.585459232e+00
3.752322197e+00
3.659003973e+00
3.724118948e+00
3.624014854e+00
3.867062569e+00
3.605916262e+00
3.704458952e+00
3.846588373e+00
3.678028822e+00
3.740605116e+00
3.796057701e+00
3.797213316e+00
3.772326469e+00
3.701984882e+00
3.923243999e+00
3.697428942e+00
3.866151333e+00
3.791192055e+00
3.859056234e+00
3.754079819e+00
3.999814272e+00
3.732907295e+00
3.823041201e+00
3.973352671e+00
3.792280912e+00
3.852871418e+00
3.886933804e+00
3.891067505e+00
3.863221884e+00
3.802827358e+00
4.015632629e+00
3.788094521e+00
3.952912331e+00
3.861025333e+00
3.919077873e+00
3.846801043e+00
4.077425003e+00
3.798887491e+00
3.910386324e+00
4.057799339e+00
3.881759405e+00
3.925147772e+00
3.974623442e+00
3.978449106e+00
3.949804544e+00
3.877364874e+00
4.106052876e+00
3.878747702e+00
4.037635326e+00
3.954344988e+00
4.011222363e+00
3.911411047e+00
4.168559551e+00
3.884980917e+00
3.973548889e+00
4.136354446e+00
3.970259905e+00
4.026486874e+00
4.065105438e+00
4.067530155e+00
4.042354584e+00
3.969171047e+00
4.185500145e+00
3.968664646e+00
4.133602619e+00
4.046032429e+00
4.107938766e+00
4.023476124e+00
4.267051220e+00
3.993320942e+00
4.092138290e+00
4.244136333e+00
4.069939137e+00
4.125955105e+00
4.166346550e+00
4.178096771e+00
4.153768063e+00
4.095310211e+00
4.307523727e+00
4.073714256e+00
4.226447582e+00
4.133963585e+00
4.201206207e+00
4.104179859e+00
4.340741634e+00
4.064487457e+00
4.160391331e+00
4.301762581e+00
4.116858482e+00
4.185207367e+00
4.221417904e+00
4.215640545e+00
4.194044590e+00
4.136695862e+00
4.363783360e+00
4.142879009e+00
4.302463055e+00
4.214924335e+00
4.268436432e+00
4.169485569e+00
4.435748100e+00
4.145858765e+00
4.254649639e+00
4.391482353e+00
4.203744888e+00
4.268486977e+00
4.302527428e+00
4.326145649e+00
4.287961483e+00
4.231655598e+00
4.469659805e+00
4.249995708e+00
4.399993896e+00
4.313333511e+00
4.400839329e+00
4.299324512e+00
4.541069984e+00
4.275823593e+00
4.373466492e+00
4.532948971e+00
4.348666191e+00
4.401735306e+00
4.440729141e+00
4.455090046e+00
4.413844585e+00
4.342939854e+00
4.563127041e+00
4.336918354e+00
4.486102104e+00
4.390863895e+00
4.456163406e+00
4.369121552e+00
4.605799675e+00
4.330473423e+00
4.421800613e+00
4.591216564e+00
4.412462234e+00
4.458132267e+00
4.490512371e+00
4.504128933e+00
4.485240459e+00
4.419847965e+00
4.631919384e+00
4.404437065e+00
4.571948051e+00
4.473973751e+00
4.523509026e+00
4.422140598e+00
4.676545620e+00
4.398334026e+00
4.482078075e+00
4.648716450e+00
4.470048428e+00
4.491289616e+00
4.531551361e+00
4.547724247e+00
4.525867939e+00
4.447777748e+00
4.675487995e+00
4.459746838e+00
4.636833191e+00
4.531792641e+00
4.603488922e+00
4.499637604e+00
4.759857655e+00
4.480130196e+00
4.571734428e+00
4.731015205e+00
4.565047264e+00
4.621002197e+00
4.660890579e+00
4.676184654e+00
4.662370682e+00
4.594050407e+00
4.799360752e+00
4.566528320e+00
4.712203026e+00
4.626092911e+00
4.701932907e+00
4.589719296e+00
4.839060307e+00
4.573461533e+00
4.661851883e+00
4.806066036e+00
4.636151791e+00
4.702487469e+00
4.750255585e+00
4.759128571e+00
4.719705582e+00
4.680171967e+00
4.917572498e+00
4.685233116e+00
4.844656944e+00
4.765151978e+00
4.845143795e+00
4.744038105e+00
4.991505146e+00
4.717915535e+00
4.807207108e+00
4.957640171e+00
4.778107643e+00
4.842460632e+00
4.878621578e+00
4.905887604e+00
4.876505852e+00
4.800146103e+00
5.021561146e+00
4.798858643e+00
4.941740036e+00
4.845827579e+00
4.936546326e+00
4.837201118e+00
5.067068577e+00
4.788733482e+00
4.901809692e+00
5.061909676e+00
4.867116451e+00
4.920763016e+00
4.977673054e+00
4.997266293e+00
4.958842278e+00
4.890450954e+00
5.118328094e+00
4.885227203e+00
5.031263828e+00
4.937424183e+00
5.007955551e+00
4.909334660e+00
5.150116920e+00
4.861272812e+00
4.962292671e+00
5.111606598e+00
4.926051617e+00
4.985093117e+00
5.027259350e+00
5.056278706e+00
5.013849258e+00
4.934348583e+00
5.151633739e+00
4.937050819e+00
5.101429939e+00
4.990299702e+00
5.056407928e+00
4.961153507e+00
5.213993073e+00
4.930981636e+00
5.021547794e+00
5.175843716e+00
4.990382195e+00
5.039026737e+00
5.087478638e+00
5.109000683e+00
5.091108799e+00
5.028333187e+00
5.236846447e+00
5.017705917e+00
5.183904648e+00
5.098533154e+00
5.163464069e+00
5.076280117e+00
5.343501091e+00
5.069750786e+00
5.152753353e+00
5.294896603e+00
5.116679192e+00
5.180503368e+00
5.213458061e+00
5.206717491e+00
5.180680275e+00
5.119789600e+00
5.342911243e+00
5.116292477e+00
5.271807194e+00
5.188395500e+00
5.264644623e+00
5.170294285e+00
5.409523487e+00
5.137162685e+00
5.207874298e+00
5.353868961e+00
5.168604851e+00
5.239338875e+00
5.296366215e+00
5.308733940e+00
5.264661789e+00
5.203629494e+00
5.424337387e+00
5.217718124e+00
