2.123308420e+00
2.098451376e+00
2.082354307e+00
2.075456381e+00
2.058622360e+00
2.034394026e+00
2.010459185e+00
1.992644906e+00
1.977025986e+00
1.955581069e+00
1.935186863e+00
1.942193866e+00
1.924418569e+00
1.913722396e+00
1.908522487e+00
1.908540964e+00
1.873635292e+00
1.876566887e+00
1.864343047e+00
1.835580349e+00
1.813195705e+00
1.792488337e+00
1.789814949e+00
1.776558161e+00
1.767929196e+00
1.749730468e+00
1.735660434e+00
1.725814104e+00
1.715193987e+00
1.703246117e+00
1.700775862e+00
1.680141449e+00
1.670866132e+00
1.668745637e+00
1.658807158e+00
1.632678628e+00
1.620711803e+00
1.597016215e+00
1.587850690e+00
1.567768574e+00
1.565298319e+00
1.566902757e+00
1.551819205e+00
1.518444061e+00
1.514369249e+00
1.506144762e+00
1.491541147e+00
1.483647704e+00
1.463510513e+00
1.439027429e+00
1.430766940e+00
1.416068792e+00
1.436556339e+00
1.437957644e+00
1.425843000e+00
1.413136959e+00
1.416769505e+00
1.402515888e+00
1.389461756e+00
1.370322585e+00
1.353118420e+00
1.334660769e+00
1.306359291e+00
1.272541642e+00
1.265958786e+00
1.281115651e+00
1.278756499e+00
1.249158621e+00
1.239607930e+00
1.238925934e+00
1.227236867e+00
1.234002590e+00
1.217628837e+00
1.213037729e+00
1.196646810e+00
1.185103774e+00
1.190985918e+00
1.180383325e+00
1.183867812e+00
1.169153214e+00
1.161317468e+00
1.144906878e+00
1.137604594e+00
1.128163695e+00
1.120677590e+00
1.093184829e+00
1.087119102e+00
1.086879253e+00
1.074009418e+00
1.073216081e+00
1.066025257e+00
1.050333738e+00
1.050462842e+00
1.047991395e+00
1.050185680e+00
1.040431380e+00
1.029330373e+00
1.036706328e+00
1.019004345e+00
9.956786633e-01
9.887639284e-01
9.917137623e-01
9.938715696e-01
9.825864434e-01
9.745832086e-01
9.729431272e-01
9.543381929e-01
9.382396340e-01
9.381663203e-01
9.372260571e-01
9.289469719e-01
9.208694100e-01
9.172178507e-01
9.199107289e-01
9.095854163e-01
9.076498747e-01
8.954609036e-01
9.069484472e-01
9.023014903e-01
9.079807997e-01
9.106366038e-01
8.928785324e-01
9.005131721e-01
8.995360136e-01
8.964383602e-01
8.917732239e-01
9.090142250e-01
9.148960710e-01
9.074466228e-01
8.853009939e-01
8.802853823e-01
8.704017997e-01
8.509284258e-01
8.438846469e-01
8.633563519e-01
8.751576543e-01
8.667677641e-01
8.523482680e-01
8.409723639e-01
8.395519853e-01
8.378365040e-01
8.466696739e-01
8.339468241e-01
8.315681815e-01
8.111919165e-01
7.934529781e-01
7.764714360e-01
7.633792162e-01
7.563714385e-01
7.643011808e-01
7.500836253e-01
7.281228304e-01
7.350008488e-01
7.480369806e-01
7.498807907e-01
7.411225438e-01
7.416573167e-01
7.280303836e-01
7.238066196e-01
7.244521379e-01
7.314975262e-01
7.180166841e-01
7.073217630e-01
7.173712850e-01
7.152326107e-01
7.191600800e-01
7.080034018e-01
7.017523646e-01
7.077825665e-01
7.031912208e-01
6.882736683e-01
6.806951165e-01
6.626980901e-01
6.483157277e-01
6.629006267e-01
6.536266208e-01
6.696129441e-01
6.698526740e-01
6.698344946e-01
6.541985273e-01
6.397420168e-01
6.387091279e-01
6.341737509e-01
6.216341853e-01
6.102202535e-01
6.128200293e-01
6.040428281e-01
5.872631669e-01
5.937539339e-01
5.917440653e-01
5.884801149e-01
6.036003232e-01
6.270000339e-01
6.005212069e-01
5.730820894e-01
5.511389375e-01
5.725662708e-01
5.857321024e-01
5.660749674e-01
5.520052314e-01
5.447772145e-01
5.345619321e-01
5.429332256e-01
5.480232835e-01
5.379734039e-01
5.375117064e-01
5.471379757e-01
5.505307317e-01
5.364796519e-01
5.206402540e-01
5.026991963e-01
4.980156124e-01
4.940876961e-01
5.012972951e-01
4.979046285e-01
5.154030919e-01
5.114568472e-01
5.155689716e-01
4.993611872e-01
5.029937029e-01
4.909894466e-01
4.931099117e-01
4.967617393e-01
5.027544498e-01
5.011869669e-01
5.030121803e-01
4.939586222e-01
4.957841039e-01
4.800736606e-01
4.791887999e-01
4.945302308e-01
5.166206360e-01
5.069581866e-01
4.965769947e-01
4.754456878e-01
4.822684526e-01
4.762571752e-01
4.660603702e-01
4.618743658e-01
4.788939059e-01
4.777500331e-01
4.730852544e-01
4.689366221e-01
4.997302592e-01
5.332534909e-01
5.600462556e-01
5.688421130e-01
5.796849728e-01
5.829303861e-01
6.168028116e-01
6.412724853e-01
6.369391084e-01
6.366443634e-01
6.709966063e-01
6.820603609e-01
6.809166670e-01
6.965719461e-01
6.825027466e-01
6.831299663e-01
7.435745597e-01
7.704223394e-01
7.464693785e-01
7.853764296e-01
7.938403487e-01
7.811538577e-01
8.075763583e-01
8.107124567e-01
8.446778059e-01
8.368961215e-01
8.454333544e-01
8.621026278e-01
8.600560427e-01
8.951272964e-01
9.050470591e-01
8.934670091e-01
9.028711915e-01
9.564583898e-01
8.769651651e-01
9.044015408e-01
9.257559776e-01
8.842836618e-01
9.054542780e-01
9.189895988e-01
9.257197976e-01
9.068561196e-01
9.198559523e-01
9.589481354e-01
9.534166455e-01
9.518305659e-01
9.598701000e-01
9.397526979e-01
9.379271865e-01
9.849658608e-01
9.354553223e-01
9.727036953e-01
9.952732921e-01
9.487329125e-01
9.488615394e-01
9.553892016e-01
9.830850363e-01
9.501525760e-01
9.713205099e-01
9.793970585e-01
9.575274587e-01
9.661937952e-01
9.732381701e-01
9.744555950e-01
9.760412574e-01
1.033681870e+00
9.712839127e-01
9.878054857e-01
1.019115090e+00
9.712100029e-01
9.890038967e-01
9.847630262e-01
9.989978671e-01
9.659734964e-01
9.789544940e-01
1.000160098e+00
9.689791203e-01
9.897417426e-01
9.905529618e-01
9.598878026e-01
9.706010818e-01
1.029754877e+00
9.802266359e-01
1.003589392e+00
1.025089622e+00
9.885244966e-01
9.861092567e-01
9.681674838e-01
9.735152125e-01
9.429416656e-01
9.424615502e-01
9.551485181e-01
9.388113022e-01
9.544847012e-01
9.700477123e-01
9.537841082e-01
9.569924474e-01
9.923418760e-01
8.998477459e-01
9.102098942e-01
9.429601431e-01
9.253311157e-01
9.408395886e-01
9.307166934e-01
9.422965646e-01
9.018383026e-01
9.169778824e-01
9.212739468e-01
8.902591467e-01
8.790486455e-01
8.879914284e-01
8.560549617e-01
8.522744775e-01
9.089936614e-01
8.275103569e-01
8.370066285e-01
8.402147889e-01
8.069686890e-01
8.163731694e-01
8.027648330e-01
8.231213689e-01
8.022122383e-01
8.230107427e-01
8.180881739e-01
7.815973759e-01
7.788317800e-01
7.830355167e-01
7.643184662e-01
7.507294416e-01
7.740547061e-01
7.106409669e-01
7.326589227e-01
7.599298954e-01
7.136287093e-01
7.016980648e-01
7.001304030e-01
7.190870047e-01
6.989687681e-01
7.257075906e-01
7.452905774e-01
7.177416682e-01
7.132603526e-01
7.022326589e-01
6.683959365e-01
6.770623922e-01
7.158058286e-01
6.335472465e-01
6.330864429e-01
6.507863998e-01
5.995258689e-01
5.973867178e-01
5.987139940e-01
6.323847175e-01
5.894393325e-01
6.165449619e-01
6.171901822e-01
6.097035408e-01
6.062925458e-01
6.086157560e-01
5.786329508e-01
5.754424930e-01
6.245660186e-01
5.514889956e-01
5.559144616e-01
5.799604058e-01
5.423616767e-01
5.460310578e-01
5.243833661e-01
5.494616032e-01
5.295466781e-01
5.457553864e-01
5.598433614e-01
5.271305442e-01
5.524664521e-01
5.501612425e-01
5.282739997e-01
5.262455940e-01
5.844594240e-01
5.141308904e-01
5.430807471e-01
5.635852814e-01
5.137437582e-01
5.041554570e-01
5.073823333e-01
5.153845549e-01
4.571712017e-01
4.606377184e-01
4.851441085e-01
4.717013538e-01
4.790586531e-01
4.864903390e-01
4.680686891e-01
4.486518800e-01
4.945851862e-01
4.315598011e-01
4.538705051e-01
4.849043489e-01
4.312831461e-01
4.375340044e-01
4.145962298e-01
4.504777491e-01
4.148171544e-01
4.225242734e-01
4.260461628e-01
4.058009684e-01
4.226349592e-01
4.286646247e-01
3.988119662e-01
3.938703835e-01
4.508838356e-01
3.887628615e-01
4.152956307e-01
4.407235682e-01
4.135436118e-01
4.147608280e-01
4.083260894e-01
4.187071025e-01
3.780868649e-01
3.836918175e-01
3.940542638e-01
3.753761947e-01
3.666537702e-01
3.800223172e-01
3.655481935e-01
3.494133949e-01
4.052280486e-01
3.398618996e-01
3.547422588e-01
3.774597645e-01
3.391608596e-01
3.352702260e-01
3.143228889e-01
3.217910230e-01
2.957733870e-01
3.218642771e-01
3.329290152e-01
3.175680637e-01
3.235424161e-01
3.099340498e-01
3.051034510e-01
3.148389757e-01
3.704161048e-01
3.028354943e-01
3.297011256e-01
3.623760045e-01
3.110958636e-01
2.994614244e-01
2.915326059e-01
3.049007058e-01
2.767257690e-01
2.927311063e-01
3.115753829e-01
2.834930122e-01
3.062464893e-01
3.184899688e-01
3.049374521e-01
2.899281979e-01
3.125896156e-01
2.392756641e-01
2.796945274e-01
3.190798759e-01
2.698477507e-01
2.589315474e-01
2.643528283e-01
2.864615023e-01
2.532709539e-01
2.749925554e-01
2.973408997e-01
2.733698785e-01
2.743099630e-01
2.846174538e-01
2.779977024e-01
2.798233926e-01
3.254784644e-01
2.549680173e-01
2.652195394e-01
2.815566659e-01
2.308308184e-01
2.484588623e-01
2.489197999e-01
2.752506435e-01
2.536951602e-01
2.702166438e-01
2.643900216e-01
2.490120679e-01
2.484956235e-01
2.451027334e-01
2.285812646e-01
2.328956276e-01
2.853184640e-01
2.196933329e-01
2.475735545e-01
2.920488417e-01
2.522570193e-01
2.619745731e-01
2.588582635e-01
2.770949006e-01
2.509479225e-01
2.601859272e-01
2.605916262e-01
2.284889221e-01
2.417098284e-01
2.337070256e-01
2.068039477e-01
2.082054764e-01
2.603704035e-01
1.893973947e-01
2.102153897e-01
2.427237332e-01
2.231782228e-01
2.486244142e-01
2.598171830e-01
2.637448609e-01
2.302036285e-01
2.549305856e-01
2.615688443e-01
2.245980054e-01
2.231042832e-01
2.197667658e-01
2.111553997e-01
2.148987651e-01
2.598174214e-01
2.052551508e-01
2.357537448e-01
2.727800906e-01
2.135525793e-01
2.089429349e-01
2.019360363e-01
2.111926824e-01
1.887331158e-01
2.184947878e-01
2.332277149e-01
2.022123039e-01
2.015856951e-01
2.197301388e-01
1.995574832e-01
2.173883617e-01
2.718949914e-01
1.770436466e-01
1.968100965e-01
2.365836650e-01
2.144750506e-01
2.151018828e-01
2.208175957e-01
2.465776503e-01
2.128891647e-01
2.249665856e-01
2.450103909e-01
2.116719186e-01
2.185315490e-01
2.186788172e-01
2.122621536e-01
2.096254826e-01
2.417465895e-01
1.630292684e-01
1.960162669e-01
2.143089920e-01
1.899314523e-01
1.910747141e-01
1.846765727e-01
2.132393718e-01
1.874422133e-01
2.021575272e-01
2.004978806e-01
1.605584025e-01
1.704238951e-01
1.851011515e-01
1.687272936e-01
1.976396888e-01
2.425211221e-01
1.663300544e-01
1.789609641e-01
2.330800593e-01
1.952979267e-01
2.008115053e-01
1.916648448e-01
2.175726742e-01
2.011617422e-01
2.273085117e-01
2.361964434e-01
2.190108746e-01
2.301297635e-01
2.323241085e-01
2.075785100e-01
2.111743093e-01
2.446046472e-01
1.667173058e-01
1.968836039e-01
2.047750801e-01
1.697964221e-01
1.865942627e-01
1.861332357e-01
1.924946606e-01
1.665511429e-01
1.873508841e-01
2.102706730e-01
1.771907210e-01
1.813947409e-01
1.634347886e-01
1.364764124e-01
1.474476904e-01
1.950766295e-01
1.302996725e-01
1.601155698e-01
1.830360144e-01
1.462126076e-01
1.551554799e-01
1.645781398e-01
1.903752834e-01
1.516521573e-01
1.690958738e-01
1.732816249e-01
1.298388690e-01
1.345224231e-01
1.482594460e-01
1.247863472e-01
1.395742893e-01
1.916102916e-01
1.201395020e-01
1.382095665e-01
1.640065163e-01
1.218541339e-01
1.321429461e-01
1.567965746e-01
1.817452312e-01
1.319587827e-01
1.443681270e-01
1.670121551e-01
1.262432337e-01
1.317935139e-01
1.541784853e-01
1.419528425e-01
1.507113129e-01
1.965143830e-01
1.134280264e-01
1.239567176e-01
1.593969017e-01
1.247123331e-01
1.278656721e-01
1.313507855e-01
1.582904011e-01
1.299676746e-01
1.537174582e-01
1.671413034e-01
1.345957071e-01
1.340239644e-01
1.819291562e-01
1.796613038e-01
1.847316772e-01
2.241557240e-01
1.522602439e-01
1.775042564e-01
2.097176015e-01
1.517073661e-01
1.524080187e-01
1.590462029e-01
1.796977520e-01
1.621067226e-01
1.872585416e-01
1.840680391e-01
1.768394411e-01
1.795687377e-01
1.724149734e-01
1.568336636e-01
1.649657488e-01
1.915735155e-01
1.267596036e-01
1.501219571e-01
1.670494676e-01
1.281978339e-01
1.312403679e-01
1.422300637e-01
1.531827152e-01
1.320516020e-01
1.504725069e-01
1.811375171e-01
1.586966515e-01
1.707559824e-01
1.619605124e-01
1.575900763e-01
1.729863882e-01
2.158944160e-01
1.391320676e-01
1.769510806e-01
1.951870024e-01
1.523159295e-01
1.333604902e-01
1.066237465e-01
1.424137801e-01
1.196231470e-01
1.310555339e-01
1.501950324e-01
1.257266402e-01
1.302443594e-01
1.394454986e-01
1.281790286e-01
1.467469037e-01
2.044621259e-01
1.378591955e-01
1.605947018e-01
1.984880418e-01
1.428005993e-01
1.280311048e-01
1.418789476e-01
1.489783973e-01
1.266303957e-01
1.437603086e-01
1.528878361e-01
1.319041550e-01
1.449770480e-01
1.548976153e-01
1.310373694e-01
1.328814477e-01
1.861521900e-01
1.253212541e-01
1.419901550e-01
1.734479368e-01
1.331762671e-01
1.438521445e-01
1.328255534e-01
1.598575264e-01
1.314424574e-01
1.588800251e-01
1.703128964e-01
1.288424730e-01
1.265190989e-01
1.409570873e-01
1.413075179e-01
1.464519203e-01
1.856544614e-01
1.072317585e-01
1.263347566e-01
1.576819867e-01
1.177788526e-01
1.222963408e-01
1.186085716e-01
1.511543989e-01
1.219460070e-01
1.468204111e-01
1.599690318e-01
1.395185739e-01
1.659985334e-01
1.590095013e-01
1.325671375e-01
1.265190691e-01
1.857096106e-01
9.520942718e-02
1.135565639e-01
1.230158508e-01
7.916781306e-02
7.197678834e-02
6.895272434e-02
1.001516432e-01
6.415849179e-02
9.755173326e-02
1.429857016e-01
1.010735333e-01
1.058306023e-01
1.043372750e-01
8.208157867e-02
8.060637861e-02
1.379702389e-01
8.914349228e-02
1.293959171e-01
1.582165062e-01
1.130587757e-01
1.127452478e-01
1.122473925e-01
1.176686361e-01
9.130081534e-02
1.165251583e-01
1.264453530e-01
7.094414532e-02
7.820918411e-02
7.741629332e-02
6.790167093e-02
6.532017142e-02
1.223152429e-01
5.436722562e-02
8.615627140e-02
1.223891452e-01
8.768662065e-02
9.161414206e-02
7.315687090e-02
8.569514006e-02
5.722531676e-02
8.648777753e-02
1.031198129e-01
9.417727590e-02
9.721948951e-02
9.591028094e-02
7.588581741e-02
9.817852825e-02
1.495317817e-01
8.182316273e-02
1.134641692e-01
1.463046670e-01
1.129667014e-01
1.315163970e-01
1.495132595e-01
1.742223203e-01
1.130217835e-01
1.076744795e-01
1.213932261e-01
9.935830534e-02
9.668479860e-02
1.128189191e-01
8.965960890e-02
7.291705161e-02
8.728078008e-02
3.209255636e-02
6.251739711e-02
9.570737183e-02
4.813474789e-02
6.334716827e-02
4.959145188e-02
6.316277385e-02
4.710214585e-02
7.571991533e-02
8.923579007e-02
6.074722856e-02
7.162638009e-02
7.566459477e-02
5.742815137e-02
7.265903801e-02
1.329731196e-01
6.854705513e-02
8.991806209e-02
1.128373593e-01
5.753878504e-02
5.600832403e-02
5.890329555e-02
9.889793396e-02
6.257271022e-02
7.839359343e-02
9.714608639e-02
6.128196046e-02
7.347033173e-02
7.734255493e-02
5.814728513e-02
6.886051595e-02
1.152716130e-01
6.076566502e-02
8.925425261e-02
1.145526618e-01
6.614994258e-02
6.319964677e-02
8.359342068e-02
1.328625083e-01
9.045284241e-02
1.114732772e-01
1.286214292e-01
1.120819226e-01
1.384680122e-01
1.248601601e-01
1.083571091e-01
1.211169437e-01
1.717145443e-01
8.707846701e-02
1.140180081e-01
1.472820044e-01
1.058493853e-01
9.148538858e-02
7.199519128e-02
1.008706838e-01
9.911916405e-02
1.428565979e-01
1.526847482e-01
1.095184460e-01
1.124871001e-01
1.117681265e-01
1.014978513e-01
1.014424860e-01
1.491444111e-01
8.106729388e-02
1.029912755e-01
1.411416829e-01
1.124690175e-01
1.240305528e-01
1.166546121e-01
1.410682499e-01
9.240730107e-02
1.164519787e-01
1.296546012e-01
1.056833044e-01
1.186094135e-01
1.018480957e-01
7.109166682e-02
7.725024968e-02
1.483889818e-01
8.241328597e-02
1.012026668e-01
1.091684029e-01
7.378381491e-02
8.064319193e-02
6.862080097e-02
8.366718143e-02
4.418873787e-02
5.755722895e-02
8.595365286e-02
4.520289972e-02
3.279324993e-02
4.337740317e-02
2.001481503e-02
4.402277991e-02
7.926017046e-02
1.658510603e-02
3.908105195e-02
7.441078871e-02
4.413342103e-02
8.232116699e-02
8.792664111e-02
1.166915670e-01
8.785288036e-02
1.063286811e-01
1.155852973e-01
1.024935246e-01
1.215781420e-01
1.443318427e-01
1.121740639e-01
1.151979789e-01
1.545661390e-01
8.700472862e-02
1.090207994e-01
1.445531100e-01
1.024747565e-01
9.117179364e-02
9.227829427e-02
1.024933085e-01
7.470577210e-02
8.803731203e-02
1.128008738e-01
9.436143190e-02
9.257296473e-02
8.800025284e-02
6.961652637e-02
9.679531306e-02
1.369192749e-01
7.111011446e-02
1.065685898e-01
1.590100825e-01
1.100167036e-01
9.895319492e-02
8.713380247e-02
1.167655066e-01
8.492112160e-02
1.132803485e-01
1.224999651e-01
8.069850504e-02
8.632253110e-02
9.757042676e-02
8.215525001e-02
8.777917922e-02
1.369009167e-01
5.921676010e-02
8.458918333e-02
1.128932163e-01
6.146635488e-02
4.889075831e-02
4.544260353e-02
7.225334644e-02
3.640734777e-02
2.027296647e-02
4.166254774e-02
4.046399519e-02
4.750780761e-02
4.787659273e-02
2.753804997e-02
3.054365516e-02
1.017005444e-01
5.077156797e-02
7.146045566e-02
1.043004990e-01
6.745912880e-02
6.898958981e-02
6.048907340e-02
9.406705201e-02
6.253583729e-02
8.442324400e-02
1.102195308e-01
1.123029739e-01
