3.660905123e+00
3.639092207e+00
3.609402657e+00
3.575104475e+00
3.541853905e+00
3.497774363e+00
3.464769840e+00
3.452735662e+00
3.437453032e+00
3.407923698e+00
3.380749464e+00
3.358238459e+00
3.341159344e+00
3.316050529e+00
3.279722452e+00
3.243186951e+00
3.222980022e+00
3.194533587e+00
3.160966396e+00
3.141440153e+00
3.100577831e+00
3.085192204e+00
3.049161911e+00
3.033967733e+00
2.995666265e+00
2.959146500e+00
2.930575609e+00
2.900326967e+00
2.868487597e+00
2.843880415e+00
2.823990583e+00
2.793850183e+00
2.776876926e+00
2.744899988e+00
2.701171398e+00
2.675168753e+00
2.664427996e+00
2.640814066e+00
2.596735239e+00
2.570906639e+00
2.549057722e+00
2.528818130e+00
2.486327887e+00
2.452777147e+00
2.419907808e+00
2.402254581e+00
2.394132853e+00
2.380804062e+00
2.363763571e+00
2.335108757e+00
2.321434975e+00
2.308146000e+00
2.291364431e+00
2.276277065e+00
2.251233101e+00
2.233332396e+00
2.227832317e+00
2.206562042e+00
2.168353558e+00
2.147312880e+00
2.130442619e+00
2.111214399e+00
2.080636978e+00
2.053864956e+00
2.049446583e+00
2.024718523e+00
2.019653320e+00
1.991676569e+00
1.966179490e+00
1.962372661e+00
1.936193466e+00
1.914049029e+00
1.888603806e+00
1.888324976e+00
1.876101375e+00
1.862251639e+00
1.849014521e+00
1.830941081e+00
1.811557770e+00
1.807191014e+00
1.789832711e+00
1.768002868e+00
1.766588807e+00
1.744515538e+00
1.729339361e+00
1.712119699e+00
1.686236024e+00
1.668178678e+00
1.644672036e+00
1.635451078e+00
1.623628020e+00
1.606339574e+00
1.594515920e+00
1.587443590e+00
1.571658134e+00
1.557285666e+00
1.552255511e+00
1.541236877e+00
1.533692718e+00
1.529762626e+00
1.524698257e+00
1.516507149e+00
1.520524979e+00
1.507303476e+00
1.498519897e+00
1.467260599e+00
1.442061305e+00
1.430027962e+00
1.404933691e+00
1.393791199e+00
1.381006479e+00
1.366147161e+00
1.360522747e+00
1.348281622e+00
1.338395715e+00
1.325716376e+00
1.323236227e+00
1.320093751e+00
1.309006453e+00
1.296832442e+00
1.275666952e+00
1.271754861e+00
1.235554338e+00
1.210093379e+00
1.174309850e+00
1.168022037e+00
1.151921153e+00
1.132903337e+00
1.129759789e+00
1.122931242e+00
1.103021979e+00
1.103108644e+00
1.085085154e+00
1.080544829e+00
1.039801359e+00
1.035277963e+00
1.033304572e+00
1.014898181e+00
1.010409474e+00
1.000019073e+00
9.956874847e-01
9.787648320e-01
9.756568074e-01
9.687585831e-01
9.562886953e-01
9.522193074e-01
9.437316060e-01
9.261108041e-01
9.163317084e-01
9.253951907e-01
9.108121395e-01
8.998799324e-01
8.986047506e-01
8.818743825e-01
8.852796555e-01
8.830966949e-01
8.673793077e-01
8.464224935e-01
8.357868791e-01
8.348786235e-01
8.435585499e-01
8.406245112e-01
8.247150183e-01
8.097659349e-01
8.030934930e-01
7.866073251e-01
7.604635954e-01
7.582634091e-01
7.615640759e-01
7.486229539e-01
7.509800196e-01
7.487093210e-01
7.438899279e-01
7.413055897e-01
7.286439538e-01
7.089278102e-01
6.965454817e-01
6.961959004e-01
7.104645967e-01
7.089630961e-01
6.887216568e-01
6.837791204e-01
6.886168718e-01
6.825749278e-01
6.731781363e-01
6.608832479e-01
6.493211985e-01
6.187570691e-01
6.176397800e-01
6.075109839e-01
6.014506221e-01
5.980972648e-01
5.887184739e-01
5.753586292e-01
5.643919110e-01
5.563411117e-01
5.710456371e-01
5.644615293e-01
5.505257845e-01
5.427719951e-01
5.386162400e-01
5.203835964e-01
4.985010326e-01
5.024482608e-01
5.113900304e-01
5.110051036e-01
4.928080738e-01
4.832904637e-01
4.814741611e-01
4.830281734e-01
4.766191840e-01
4.787673056e-01
4.542652071e-01
4.551211298e-01
4.626831412e-01
4.469824731e-01
4.382331371e-01
4.225505590e-01
4.111120701e-01
4.378487468e-01
4.390363395e-01
4.160189927e-01
3.938748538e-01
3.963195980e-01
3.912729323e-01
4.188658297e-01
4.233012497e-01
4.096098840e-01
3.997778594e-01
3.866622746e-01
3.795723319e-01
3.864525557e-01
3.801479638e-01
3.842869103e-01
3.705087900e-01
3.794318140e-01
3.775463104e-01
3.709278405e-01
3.692506850e-01
3.660899997e-01
3.619687259e-01
3.636280000e-01
3.642043173e-01
3.715907335e-01
3.627894521e-01
3.689187467e-01
3.683602512e-01
3.688840270e-01
3.700719178e-01
3.813007772e-01
3.923031092e-01
4.012445509e-01
3.771620989e-01
3.901026547e-01
3.752938211e-01
3.884783685e-01
3.985901177e-01
3.953590095e-01
3.871345520e-01
4.142556190e-01
3.773196936e-01
3.718186319e-01
3.853877485e-01
3.782452047e-01
3.906438351e-01
3.943813741e-01
3.872044086e-01
3.935435116e-01
3.768129647e-01
3.953599036e-01
3.871172071e-01
4.054889679e-01
3.836239576e-01
4.122304320e-01
3.737568557e-01
3.948532343e-01
3.926002085e-01
3.685177565e-01
3.819646239e-01
3.659159243e-01
3.619861901e-01
3.674173355e-01
3.537780941e-01
3.729185760e-01
3.600476384e-01
3.815810084e-01
3.612002432e-01
3.568867445e-01
3.453611135e-01
3.374672830e-01
3.087741137e-01
3.299231529e-01
3.249456882e-01
2.916074395e-01
3.123017550e-01
3.050022721e-01
2.934235632e-01
2.896862328e-01
2.737942338e-01
2.874161899e-01
2.599282861e-01
2.734625638e-01
2.510914207e-01
2.488036752e-01
2.411894202e-01
2.411546558e-01
2.036240399e-01
2.007074207e-01
2.112908810e-01
1.911895722e-01
2.103128433e-01
1.845185012e-01
1.666532457e-01
1.783186793e-01
1.799428910e-01
1.898275614e-01
1.671596915e-01
1.725558043e-01
1.430419236e-01
1.420641243e-01
1.189419553e-01
1.152220294e-01
9.688533098e-02
1.184353977e-01
1.230981052e-01
1.062808409e-01
1.246001571e-01
1.074159220e-01
1.035913453e-01
1.042025313e-01
9.323538095e-02
1.163922250e-01
1.002907380e-01
1.314634979e-01
1.193611920e-01
1.263990104e-01
1.239191964e-01
1.277787983e-01
1.045344174e-01
1.061934009e-01
9.508663416e-02
8.268737048e-02
9.421335906e-02
8.364775032e-02
6.597432494e-02
7.241851836e-02
5.725991353e-02
7.465405017e-02
5.612472817e-02
7.320439816e-02
5.851734802e-02
7.023556530e-02
6.110188738e-02
7.797215879e-02
3.391065821e-02
3.909739107e-02
4.470336810e-02
2.348464355e-02
3.178008273e-02
1.768668182e-02
-1.174387173e-03
1.178394537e-02
-2.167211096e-05
1.726757176e-02
-1.132092625e-02
2.172083408e-02
4.885583650e-03
-1.074461173e-02
-2.520477213e-02
-3.234745562e-02
-5.767003447e-02
-4.659790173e-02
-4.179531336e-02
-6.612290442e-02
-6.252512336e-02
-7.417397946e-02
-8.161375672e-02
-9.003134817e-02
-8.507117629e-02
-8.108910173e-02
-1.253259033e-01
-1.201915592e-01
-1.378474832e-01
-1.260767579e-01
-1.203486696e-01
-1.096958444e-01
-1.251514852e-01
-1.153367385e-01
-1.036356911e-01
-1.467716247e-01
-1.293599755e-01
-1.216060668e-01
-1.255531460e-01
-1.192134842e-01
-1.472258270e-01
-1.354548037e-01
-1.492512971e-01
-1.132756025e-01
-1.271070391e-01
-1.231079102e-01
-1.474526525e-01
-1.438725889e-01
-1.580007374e-01
-1.444837600e-01
-1.408337653e-01
-1.715354919e-01
-1.464571804e-01
-1.478718519e-01
-1.586817205e-01
-1.480463594e-01
-1.693874300e-01
-1.562892050e-01
-1.856633425e-01
-1.583673507e-01
-1.835503429e-01
-1.683916897e-01
-1.798653007e-01
-1.654752493e-01
-1.732289493e-01
-1.696839780e-01
-1.857507676e-01
-2.117890567e-01
-1.847203970e-01
-1.918280572e-01
-1.848772615e-01
-1.775600910e-01
-1.955647171e-01
-1.829915345e-01
-1.957396716e-01
-1.751329154e-01
-1.879335791e-01
-1.860475391e-01
-1.753945649e-01
-1.644973755e-01
-1.957399398e-01
-1.828337759e-01
-1.725305617e-01
-1.952330768e-01
-1.800567806e-01
-1.838295013e-01
-1.937311888e-01
-1.949364245e-01
-2.261968255e-01
-2.160851061e-01
-2.159803212e-01
-1.798299849e-01
-2.081740201e-01
-2.039826959e-01
-2.020090371e-01
-2.161722183e-01
-2.379149646e-01
-2.249743640e-01
-2.134480923e-01
-2.380546778e-01
-2.088899761e-01
-2.018519640e-01
-2.163820565e-01
-2.107936740e-01
-2.055894434e-01
-1.976784617e-01
-2.306150943e-01
-2.009615451e-01
-2.257252336e-01
-2.187746167e-01
-2.178313881e-01
-2.179014832e-01
-2.432763875e-01
-2.161722183e-01
-2.140240967e-01
-2.510130703e-01
-2.414426804e-01
-2.405866385e-01
-2.668876648e-01
-2.540692091e-01
-2.820283473e-01
-2.713060081e-01
-3.132727146e-01
-2.925419211e-01
-2.931182981e-01
-2.808587253e-01
-3.045919836e-01
-3.016577959e-01
-3.251304924e-01
-3.008722663e-01
-2.924375236e-01
-3.123992980e-01
-2.983757257e-01
-3.177785873e-01
-3.336525261e-01
-3.288506269e-01
-3.465405405e-01
-3.444280326e-01
-3.852240741e-01
-3.690697253e-01
-3.780637681e-01
-3.536312282e-01
-3.580501974e-01
-3.502789140e-01
-3.667646050e-01
-3.692444861e-01
-3.590976298e-01
-3.612456918e-01
-3.359414637e-01
-3.327983022e-01
-3.520950079e-01
-3.387883306e-01
-3.665197194e-01
-3.460868895e-01
-3.557972312e-01
-3.267377913e-01
-3.573512435e-01
-3.602327704e-01
-3.656465709e-01
-3.625556231e-01
-3.963657022e-01
-3.974136114e-01
-3.969596922e-01
-4.122930467e-01
-3.761427999e-01
-3.805083632e-01
-3.856076896e-01
-3.798622489e-01
-3.977978230e-01
-3.864986002e-01
-4.156983197e-01
-3.800893724e-01
-3.982517421e-01
-3.958067894e-01
-4.008190632e-01
-3.818183541e-01
-3.917207122e-01
-3.896073997e-01
-3.817834258e-01
-4.137603641e-01
-3.808402419e-01
-3.925761878e-01
-3.992470503e-01
-3.748328090e-01
-3.798623979e-01
-3.573510349e-01
-3.933444619e-01
-3.666940629e-01
-3.984266520e-01
-3.816260397e-01
-3.763867319e-01
-3.523036838e-01
-4.000862837e-01
-3.994573057e-01
-4.097436070e-01
-4.483031332e-01
-4.221599400e-01
-4.448804855e-01
-4.321320951e-01
-4.306646585e-01
-4.343844652e-01
-4.396057725e-01
-4.729805589e-01
-4.468885362e-01
-4.616636932e-01
-4.504512548e-01
-4.770666361e-01
-4.667106271e-01
-4.950371981e-01
-4.744647741e-01
-4.746042788e-01
-4.779051840e-01
-4.575594068e-01
-4.618383944e-01
-4.608254731e-01
-4.583454132e-01
-4.786562026e-01
-4.685795307e-01
-4.865671992e-01
-4.543289244e-01
-4.672174156e-01
-4.549402893e-01
-4.677761197e-01
-4.753732383e-01
-5.049389005e-01
-4.871610403e-01
-4.685446024e-01
-4.963119924e-01
-4.660125375e-01
-4.861828685e-01
-4.826555550e-01
-4.707275033e-01
-4.698716998e-01
-4.287618995e-01
-4.547828436e-01
-4.418597519e-01
-4.753556550e-01
-4.600046873e-01
-4.553767443e-01
-4.402875304e-01
-4.631831050e-01
-4.417369664e-01
-4.418242872e-01
-4.695753157e-01
-4.548355043e-01
-4.729104936e-01
-4.761937857e-01
-4.774510562e-01
-4.802454710e-01
-4.512027502e-01
-4.911425412e-01
-4.570010900e-01
-4.763683379e-01
-4.640039206e-01
-4.698893726e-01
-4.655051827e-01
-4.900254607e-01
-4.688413441e-01
-4.685967863e-01
-4.793372154e-01
-4.619953632e-01
-4.762108922e-01
-4.950545132e-01
-4.789177477e-01
-4.820613861e-01
-4.557085633e-01
-4.875977635e-01
-4.761238694e-01
-4.919284880e-01
-4.948276877e-01
-4.945137501e-01
-4.847162366e-01
-5.077510476e-01
-4.958925843e-01
-4.878072739e-01
-5.246383548e-01
-4.860437512e-01
-4.892041087e-01
-4.872484803e-01
-4.825505614e-01
-4.900424480e-01
-4.633052945e-01
-4.955782294e-01
-4.798435867e-01
-4.996649027e-01
-4.852053523e-01
-4.926442802e-01
-4.756703973e-01
-5.023543239e-01
-4.853617847e-01
-4.990360737e-01
-5.387664437e-01
-5.134962201e-01
-5.325321555e-01
-5.202198029e-01
-5.017254949e-01
-5.269259810e-01
-5.110687613e-01
-5.138804913e-01
-4.864102304e-01
-5.069999695e-01
-4.925396442e-01
-5.002588034e-01
-4.952987432e-01
-5.140904784e-01
-4.901300967e-01
-4.694705307e-01
-4.941811264e-01
-4.748314619e-01
-4.942508936e-01
-5.058819056e-01
-5.053058863e-01
-5.061441660e-01
-4.927142262e-01
-5.290563107e-01
-5.096541047e-01
-5.232237577e-01
-5.187354684e-01
-5.178095698e-01
-5.174956918e-01
-5.431847572e-01
-5.391331911e-01
-5.228044391e-01
-5.324097276e-01
-5.089731812e-01
-5.217915177e-01
-5.348376632e-01
-5.191376209e-01
-5.210064650e-01
-5.265248418e-01
-5.767491460e-01
-5.620113015e-01
-5.707608461e-01
-5.444075465e-01
-5.612779856e-01
-5.740788579e-01
-6.128129363e-01
-5.848549008e-01
-5.632863641e-01
-5.942497849e-01
-5.802614689e-01
-5.928347707e-01
-5.792488456e-01
-5.717559457e-01
-5.776587725e-01
-5.537679195e-01
-5.734151602e-01
-5.564400554e-01
-5.699744821e-01
-5.516371131e-01
-5.451932549e-01
-5.321998596e-01
-5.670053959e-01
-5.351166725e-01
-5.294407010e-01
-5.694683194e-01
-5.484238267e-01
-5.622904301e-01
-5.765056610e-01
-5.798933506e-01
-5.840685964e-01
-5.760697126e-01
-5.962231755e-01
-5.663245916e-01
-5.878927708e-01
-5.844349265e-01
-5.973578095e-01
-5.912976861e-01
-6.269245744e-01
-6.035229564e-01
-6.222793460e-01
-6.451030970e-01
-6.169181466e-01
-6.237112284e-01
-6.274835467e-01
-6.354473829e-01
-6.561753750e-01
-6.318321824e-01
-6.617635489e-01
-6.443173885e-01
-6.628810763e-01
-6.536952257e-01
-6.747570634e-01
-6.601396799e-01
-6.875221133e-01
-6.661121845e-01
-6.515300870e-01
-6.722597480e-01
-6.512498856e-01
-6.765903831e-01
-6.922214031e-01
-6.772362590e-01
-6.743546128e-01
-6.578868032e-01
-6.822820902e-01
-6.602437496e-01
-6.742679477e-01
-6.782140136e-01
-6.882027984e-01
-6.603831053e-01
-6.960795522e-01
-6.969538331e-01
-7.008650899e-01
-7.204240561e-01
-6.992928982e-01
-7.084955573e-01
-7.163017988e-01
-7.158654332e-01
-7.108534575e-01
-6.824061275e-01
-7.004114389e-01
-6.735515594e-01
-6.917302012e-01
-6.729924083e-01
-6.622166634e-01
-6.574131250e-01
-6.892508864e-01
-6.575371623e-01
-6.415751576e-01
-6.581130624e-01
-6.361263990e-01
-6.494858861e-01
-6.639447808e-01
-6.635261774e-01
-6.767635345e-01
-6.696903706e-01
-6.722051501e-01
-6.395317316e-01
-6.645030379e-01
-6.724141836e-01
-6.840113401e-01
-6.770077348e-01
-6.843949556e-01
-6.634908319e-01
-6.540600657e-01
-6.852152348e-01
-6.561562419e-01
-6.666690111e-01
-6.652025580e-01
-6.587241292e-01
-6.712108254e-01
-6.457331777e-01
-6.735851169e-01
-6.611517668e-01
-6.764491796e-01
-6.688162088e-01
-6.807968616e-01
-6.767979264e-01
-7.017362118e-01
-6.875896454e-01
-6.686939597e-01
-6.836261749e-01
-6.554751992e-01
-6.624428630e-01
-6.739510298e-01
-6.729206443e-01
-6.878702641e-01
-6.844652295e-01
-7.077082992e-01
-6.800284386e-01
-6.989765167e-01
-6.945242882e-01
-7.103809714e-01
-7.063987851e-01
-7.098044157e-01
-6.989429593e-01
-6.968644857e-01
-7.124062181e-01
-6.820901632e-01
-6.702663898e-01
-6.706330180e-01
-6.739161015e-01
-7.012645602e-01
-6.804124117e-01
-7.107996941e-01
-6.813727617e-01
-7.067832947e-01
-6.926202178e-01
-7.020506859e-01
-6.699509621e-01
-7.018762231e-01
-6.882190108e-01
-6.710346937e-01
-6.796092987e-01
-6.608709693e-01
-6.531695127e-01
-6.524536610e-01
-6.459054947e-01
-6.458181739e-01
-6.276562810e-01
-6.590020657e-01
-6.342574954e-01
-6.464471817e-01
-6.406317949e-01
-6.561384201e-01
-6.400031447e-01
-6.737765074e-01
-6.590198278e-01
-6.474254131e-01
-6.611164212e-01
-6.181576848e-01
-6.212137341e-01
-6.284955144e-01
-6.244270802e-01
-6.327573657e-01
-6.193804741e-01
-6.579378843e-01
-6.170053482e-01
-6.375938058e-01
-6.431814432e-01
-6.425349712e-01
-6.263816953e-01
-6.524013877e-01
-6.327382922e-01
-6.293854713e-01
-6.539904475e-01
-6.220521331e-01
-6.243225932e-01
-6.106652617e-01
-6.063875556e-01
-6.157652736e-01
-5.840688348e-01
-6.174069047e-01
-5.914563537e-01
-6.062302589e-01
-5.972714424e-01
-6.277448535e-01
-6.203393340e-01
-6.206716895e-01
-6.066491604e-01
-5.893954635e-01
-6.279366612e-01
-6.092686057e-01
-6.126036644e-01
-6.063867807e-01
-6.121841073e-01
-6.330534220e-01
-6.130390167e-01
-6.283725500e-01
-5.919618607e-01
-6.051457524e-01
-6.082368493e-01
-6.164620519e-01
-6.110154986e-01
-6.345897317e-01
-5.990700722e-01
-6.126738787e-01
-6.342401505e-01
-6.082388759e-01
-6.133383512e-01
-6.295962930e-01
-6.319012642e-01
-6.640492678e-01
-6.456791759e-01
-6.861070991e-01
-6.461168528e-01
-6.557548642e-01
-6.394450665e-01
-6.566455364e-01
-6.479315758e-01
-6.834346056e-01
-6.726593971e-01
-6.571521163e-01
-6.599814296e-01
-6.348862052e-01
-6.560866833e-01
-6.619541645e-01
-6.590386033e-01
-6.641397476e-01
-6.569967270e-01
-7.021039128e-01
-6.775843501e-01
-6.981742382e-01
-6.897206306e-01
-6.871379018e-01
-6.626873612e-01
-6.897394657e-01
-6.792955399e-01
-6.803093553e-01
-7.221176624e-01
-6.980696321e-01
-7.131239176e-01
-7.057890892e-01
-6.913292408e-01
-7.030476332e-01
-6.889026761e-01
-7.265015244e-01
-6.826855540e-01
-6.822131872e-01
-6.746509671e-01
-6.783006191e-01
-6.731491685e-01
-6.923776269e-01
-6.684329510e-01
-6.643656492e-01
-7.051079869e-01
-6.772348881e-01
-6.844475269e-01
-6.778112054e-01
-6.668265462e-01
-6.807106137e-01
-6.556848884e-01
-6.672281027e-01
-6.665820479e-01
-6.847794652e-01
-6.751217842e-01
-6.908223629e-01
-6.624602079e-01
-6.850588918e-01
-6.684507132e-01
-6.647651196e-01
-7.041811347e-01
-6.824390292e-01
-6.900354028e-01
-6.842209101e-01
-6.781255603e-01
-7.003747225e-01
-6.846053600e-01
-6.998506784e-01
-6.697078347e-01
-6.820027232e-01
-6.763958335e-01
-6.824563742e-01
-6.656210423e-01
-7.105028033e-01
-6.923759580e-01
-7.015104294e-01
-7.307258844e-01
-6.956931353e-01
-6.969329715e-01
-6.973170042e-01
-6.877987981e-01
-7.110268474e-01
-6.713848114e-01
-6.954140067e-01
-6.606616974e-01
-6.783347130e-01
-6.834696531e-01
-6.983836889e-01
-6.821069121e-01
-7.010032535e-01
-6.818798780e-01
-6.778104305e-01
-6.940867305e-01
-6.681538224e-01
-6.744926572e-01
-6.873623133e-01
-6.743349433e-01
-6.884281635e-01
-6.693932414e-01
-7.260980606e-01
-6.911523938e-01
-6.964969039e-01
-6.837133169e-01
-6.865252852e-01
-6.821941137e-01
-7.017183304e-01
-6.867697835e-01
-6.781424880e-01
-7.114121914e-01
-6.850934029e-01
-6.779330373e-01
-6.774439216e-01
-6.824738383e-01
-6.857390404e-01
-6.745104194e-01
-6.866822243e-01
-6.680142283e-01
-6.869270802e-01
-6.606619358e-01
