1.066796303e+00
1.061120391e+00
1.056231976e+00
1.059053540e+00
1.043815136e+00
1.033989906e+00
1.034580827e+00
1.035728931e+00
1.029626608e+00
1.019948721e+00
1.018587470e+00
1.002068877e+00
9.865357876e-01
9.794010520e-01
9.708387852e-01
9.670008421e-01
9.630146027e-01
9.517292380e-01
9.512862563e-01
9.422490001e-01
9.347034693e-01
9.194821119e-01
9.257802963e-01
9.267816544e-01
9.231064320e-01
9.048177600e-01
9.032920003e-01
9.035204649e-01
8.957632184e-01
8.923348188e-01
8.696167469e-01
8.742582202e-01
8.754068017e-01
8.608072400e-01
8.620874882e-01
8.551155329e-01
8.502113819e-01
8.421730399e-01
8.301330209e-01
8.293127418e-01
8.389257789e-01
8.380557299e-01
8.321011662e-01
8.173708916e-01
8.040837049e-01
7.998519540e-01
7.815775871e-01
7.613361478e-01
7.752297521e-01
7.811839581e-01
7.754423618e-01
7.547748089e-01
7.429969311e-01
7.542005181e-01
7.493449450e-01
7.268073559e-01
7.276439071e-01
7.181952000e-01
7.132256627e-01
7.034983635e-01
6.922112107e-01
7.079272270e-01
6.912434101e-01
6.669343710e-01
6.708053946e-01
6.804669499e-01
6.732003689e-01
6.670165062e-01
6.590605378e-01
6.638832688e-01
6.669177413e-01
6.649823189e-01
6.614061594e-01
6.559277773e-01
6.543855071e-01
6.520399451e-01
6.429038048e-01
6.425752640e-01
6.395086050e-01
6.372456551e-01
6.189407706e-01
6.226477623e-01
6.324559450e-01
6.373595595e-01
6.426905990e-01
6.461844444e-01
6.534345150e-01
6.643099189e-01
6.625546217e-01
6.443307400e-01
6.545168161e-01
6.661793590e-01
6.535493135e-01
6.471526027e-01
6.471356750e-01
6.507773399e-01
6.410501599e-01
6.533524990e-01
6.444458365e-01
6.445766687e-01
6.369492412e-01
6.374912858e-01
6.403950453e-01
6.441172361e-01
6.499242187e-01
6.577324867e-01
6.527778506e-01
6.548783779e-01
6.615375280e-01
6.577158570e-01
6.508920193e-01
6.443143487e-01
6.744306087e-01
6.738886833e-01
6.655398607e-01
6.665236950e-01
6.760378480e-01
6.688366532e-01
6.660974622e-01
6.735774279e-01
6.726586819e-01
6.677218676e-01
6.805824041e-01
6.922619939e-01
6.939024329e-01
6.890309453e-01
6.878660321e-01
6.832402349e-01
6.914251447e-01
6.841586828e-01
6.910812259e-01
6.903756261e-01
6.889486909e-01
6.989712119e-01
6.945746541e-01
6.983971000e-01
6.939516068e-01
6.888501048e-01
6.819115877e-01
6.974289417e-01
6.850776672e-01
6.913929582e-01
6.773020625e-01
6.722981930e-01
6.835846901e-01
6.874068975e-01
7.016613483e-01
6.976099014e-01
7.003489733e-01
6.951825023e-01
6.844704747e-01
6.868165135e-01
6.863073707e-01
6.988726854e-01
6.794514060e-01
6.696584821e-01
6.687069535e-01
6.761542559e-01
6.758590937e-01
6.832242608e-01
6.958544850e-01
6.937224865e-01
6.957727671e-01
7.003822923e-01
6.951495409e-01
7.041707635e-01
7.115193605e-01
7.066477537e-01
7.224938273e-01
7.339754701e-01
7.352055907e-01
7.215418220e-01
7.160959840e-01
7.386996150e-01
7.521339059e-01
7.413079739e-01
7.447032928e-01
7.453926802e-01
7.636989951e-01
7.487716079e-01
7.428497076e-01
7.631087303e-01
7.602053881e-01
7.654051781e-01
7.840720415e-01
7.815459371e-01
7.848264575e-01
7.781503797e-01
8.003609776e-01
7.929298282e-01
8.037561774e-01
8.071353436e-01
7.992450595e-01
7.983590364e-01
8.088084459e-01
8.205211759e-01
8.100879192e-01
7.848265767e-01
8.183391690e-01
8.014761209e-01
8.039364815e-01
8.098259568e-01
8.164862990e-01
8.278374672e-01
8.419928551e-01
8.351367712e-01
8.339883089e-01
8.507362604e-01
8.490794301e-01
8.540170193e-01
8.548203707e-01
8.572151065e-01
8.657118082e-01
8.569367528e-01
8.571826816e-01
8.745707870e-01
8.765377402e-01
8.977795243e-01
9.029958248e-01
9.160027504e-01
9.066529870e-01
9.355884790e-01
9.450196028e-01
9.472339153e-01
9.470368028e-01
9.628977180e-01
9.692625403e-01
9.618319273e-01
9.726746678e-01
9.836157560e-01
9.841244221e-01
9.912761450e-01
1.006826043e+00
1.011353731e+00
1.016045094e+00
1.021736622e+00
1.027822495e+00
1.027002096e+00
1.031201363e+00
1.046555161e+00
1.078198671e+00
1.106596351e+00
1.134387374e+00
1.151742578e+00
1.187862754e+00
1.230002880e+00
1.258889556e+00
1.297012448e+00
1.331918836e+00
1.370662212e+00
1.397609472e+00
1.441060424e+00
1.454904318e+00
1.500634432e+00
1.480327368e+00
1.587503314e+00
1.563736200e+00
1.630972147e+00
1.634514928e+00
1.682524085e+00
1.678702474e+00
1.757501006e+00
1.746396542e+00
1.760190606e+00
1.850920558e+00
1.848607540e+00
1.861713648e+00
1.940797925e+00
1.920802474e+00
2.055159569e+00
1.971716523e+00
2.090706110e+00
2.062491179e+00
2.149216175e+00
2.095578194e+00
2.208078861e+00
2.172173738e+00
2.250148535e+00
2.271898270e+00
2.264827490e+00
2.366680145e+00
2.361135721e+00
2.379277706e+00
2.438264847e+00
2.416416883e+00
2.508455276e+00
2.432261229e+00
2.530042410e+00
2.474549532e+00
2.572230101e+00
2.500533104e+00
2.609534502e+00
2.566521883e+00
2.623492479e+00
2.628248215e+00
2.609648705e+00
2.665190220e+00
2.669208050e+00
2.673654318e+00
2.731967926e+00
2.702409983e+00
2.808699131e+00
2.735823154e+00
2.853315592e+00
2.795559168e+00
2.882400990e+00
2.818691254e+00
2.917257547e+00
2.865407705e+00
2.931331396e+00
2.955574274e+00
2.926557064e+00
2.992663145e+00
2.976374388e+00
2.979573011e+00
3.035574198e+00
2.999192238e+00
3.101086378e+00
3.003851175e+00
3.114225149e+00
3.032277822e+00
3.113864899e+00
3.046663284e+00
3.124639034e+00
3.068525553e+00
3.114553213e+00
3.123804092e+00
3.104237318e+00
3.154935122e+00
3.130890846e+00
3.118637562e+00
3.162137747e+00
3.127905846e+00
3.233132362e+00
3.135959864e+00
3.225143671e+00
3.167665005e+00
3.248320103e+00
3.183545351e+00
3.261049032e+00
3.196470022e+00
3.229902029e+00
3.242252111e+00
3.207526684e+00
3.261787176e+00
3.237838030e+00
3.214547157e+00
3.236429930e+00
3.185463905e+00
3.286458492e+00
3.179296494e+00
3.275959492e+00
3.190597534e+00
3.266199589e+00
3.185185671e+00
3.265544415e+00
3.207314968e+00
3.242481709e+00
3.242153645e+00
3.202654362e+00
3.248532534e+00
3.213824511e+00
3.192714691e+00
3.230670452e+00
3.193519354e+00
3.286705017e+00
3.176278830e+00
3.282439709e+00
3.208281755e+00
3.265527725e+00
3.192550659e+00
3.270447493e+00
3.199209690e+00
3.239724874e+00
3.252798796e+00
3.202310085e+00
3.243990421e+00
3.235282898e+00
3.207461119e+00
3.238201618e+00
3.187580585e+00
3.272974014e+00
3.157003403e+00
3.246286154e+00
3.156411886e+00
3.230753422e+00
3.158642769e+00
3.227750778e+00
3.154739380e+00
3.205902338e+00
3.184431076e+00
3.136796951e+00
3.184905767e+00
3.157218695e+00
3.129006863e+00
3.142932177e+00
3.082008362e+00
3.166615725e+00
3.060522318e+00
3.143734932e+00
3.061260462e+00
3.132384539e+00
3.045826197e+00
3.118606329e+00
3.071936369e+00
3.099642754e+00
3.096952200e+00
3.053355217e+00
3.099413157e+00
3.075020790e+00
3.041313887e+00
3.088290215e+00
3.040019035e+00
3.121459484e+00
3.018858433e+00
3.107548714e+00
3.019053698e+00
3.090733767e+00
3.004781961e+00
3.086486578e+00
3.025271177e+00
3.058669329e+00
3.051828861e+00
3.001714230e+00
3.048597336e+00
3.019971371e+00
3.000026226e+00
3.023432970e+00
2.974388123e+00
3.058784246e+00
2.955014944e+00
3.039968252e+00
2.958460569e+00
3.043216705e+00
2.955425024e+00
3.027731419e+00
2.966416597e+00
2.996154547e+00
2.997597456e+00
2.958246946e+00
2.986050129e+00
2.974798203e+00
2.957837820e+00
2.974912405e+00
2.938925028e+00
3.020776510e+00
2.908973932e+00
3.006160498e+00
2.941236734e+00
2.999992847e+00
2.921815634e+00
3.006144524e+00
2.934167147e+00
2.976503611e+00
2.970614433e+00
2.920028210e+00
2.969170809e+00
2.953408480e+00
2.932871819e+00
2.952620029e+00
2.901852846e+00
2.974026203e+00
2.866374969e+00
2.969876289e+00
2.897901773e+00
2.958689690e+00
2.874249458e+00
2.952818394e+00
2.876742363e+00
2.908479691e+00
2.910677195e+00
2.858222246e+00
2.908283472e+00
2.891847610e+00
2.881890774e+00
2.904198170e+00
2.855614185e+00
2.960412025e+00
2.843673706e+00
2.937366247e+00
2.852630138e+00
2.928312778e+00
2.859386206e+00
2.937612295e+00
2.887665272e+00
2.923112869e+00
2.932773352e+00
2.883285046e+00
2.925425768e+00
2.893178225e+00
2.875642300e+00
2.920553446e+00
2.877840757e+00
2.972061396e+00
2.850496769e+00
2.949095488e+00
2.853383303e+00
2.925441742e+00
2.863225222e+00
2.944141150e+00
2.873755455e+00
2.912927628e+00
2.916961670e+00
2.865996838e+00
2.900789738e+00
2.893374681e+00
2.882531166e+00
2.903233767e+00
2.854335546e+00
2.946897030e+00
2.852956772e+00
2.954377174e+00
2.861716032e+00
2.926967144e+00
2.849576712e+00
2.938909531e+00
2.878134489e+00
2.916650057e+00
2.918667078e+00
2.869720221e+00
2.922243118e+00
2.904297590e+00
2.871179104e+00
2.909841776e+00
2.885302305e+00
2.957461596e+00
2.856597185e+00
2.960151672e+00
2.887796402e+00
2.944977283e+00
2.862996101e+00
2.949782848e+00
2.876199484e+00
2.911483049e+00
2.918962002e+00
2.878118753e+00
2.927984238e+00
2.900853872e+00
2.879070520e+00
2.926819086e+00
2.891323566e+00
2.978770256e+00
2.885236502e+00
2.997158766e+00
2.932118177e+00
2.995730639e+00
2.911138058e+00
2.999470949e+00
2.941139460e+00
2.985445738e+00
2.997272491e+00
2.960988760e+00
3.014905214e+00
2.992549419e+00
2.982264519e+00
3.022694826e+00
2.978541136e+00
3.071216822e+00
2.980050325e+00
3.085434675e+00
3.006638765e+00
3.082434893e+00
3.003865957e+00
3.090799093e+00
3.025400162e+00
3.069247723e+00
3.081860781e+00
3.044496536e+00
3.103544712e+00
3.093391180e+00
3.075152397e+00
3.106137037e+00
3.077481747e+00
3.170061827e+00
3.063606262e+00
3.168895721e+00
3.093017101e+00
3.168191910e+00
3.082582474e+00
3.169370890e+00
3.110582590e+00
3.151885748e+00
3.162432909e+00
3.112468481e+00
3.144536734e+00
3.132136345e+00
3.119111776e+00
3.158577681e+00
3.115356445e+00
3.218811512e+00
3.124934435e+00
3.226241112e+00
3.139780283e+00
3.210937977e+00
3.147178650e+00
3.236707926e+00
3.185152769e+00
3.231229305e+00
3.229212046e+00
3.198962688e+00
3.241448879e+00
3.215333939e+00
3.195287943e+00
3.239024878e+00
3.196913242e+00
3.284967899e+00
3.180263758e+00
3.291513205e+00
3.220993042e+00
3.294744015e+00
3.205064058e+00
3.298714161e+00
3.242268562e+00
3.280587673e+00
3.284705877e+00
3.237347126e+00
3.301880598e+00
3.276274681e+00
3.264678717e+00
3.288331509e+00
3.246438980e+00
3.343181610e+00
3.247354984e+00
3.345445633e+00
3.279194593e+00
3.342327595e+00
3.273683548e+00
3.349874973e+00
3.305865526e+00
3.353121758e+00
3.342409611e+00
3.285033941e+00
3.341443300e+00
3.328847170e+00
3.308194637e+00
3.354959011e+00
3.313624620e+00
3.406796932e+00
3.297615767e+00
3.399136066e+00
3.339508295e+00
3.402400970e+00
3.314297676e+00
3.399891138e+00
3.353104830e+00
3.400268078e+00
3.406993866e+00
3.371773720e+00
3.435715675e+00
3.409275770e+00
3.399448872e+00
3.434009790e+00
3.399466276e+00
3.492187023e+00
3.399352074e+00
3.496090889e+00
3.428531647e+00
3.488924265e+00
3.419329882e+00
3.503586531e+00
3.430613279e+00
3.478148460e+00
3.504933834e+00
3.461828470e+00
3.510476351e+00
3.494516850e+00
3.479986668e+00
3.524058819e+00
3.483972073e+00
3.580317974e+00
3.490220070e+00
3.597245455e+00
3.518087626e+00
3.582663059e+00
3.508608103e+00
3.601411343e+00
3.546496630e+00
3.599441767e+00
3.603165388e+00
3.555204630e+00
3.606462479e+00
3.582056046e+00
3.563258171e+00
3.610055208e+00
3.563914776e+00
3.646766901e+00
3.543019295e+00
3.639483929e+00
3.577808142e+00
3.654967070e+00
3.575445652e+00
3.673024178e+00
3.620505095e+00
3.655787230e+00
3.656263351e+00
3.629428387e+00
3.678584814e+00
3.665103674e+00
3.636005402e+00
3.667562008e+00
3.623670340e+00
3.719641447e+00
3.618717194e+00
3.719953060e+00
3.652162552e+00
3.723446846e+00
3.631527901e+00
3.724823713e+00
3.668890238e+00
3.712358475e+00
3.715705156e+00
3.678043127e+00
3.733518362e+00
3.721806526e+00
3.720363140e+00
3.769948721e+00
3.711980581e+00
3.810760260e+00
3.711063623e+00
3.823078394e+00
3.738864422e+00
3.818076134e+00
3.740078688e+00
3.818076134e+00
3.763501406e+00
3.814286947e+00
3.847814322e+00
3.802868843e+00
3.843565941e+00
3.827425241e+00
3.813975811e+00
3.860182285e+00
3.823210239e+00
3.909619808e+00
3.793863535e+00
3.904814243e+00
3.816483974e+00
3.909029722e+00
3.839874268e+00
3.912883997e+00
3.848928690e+00
3.896793604e+00
3.916362524e+00
3.880111217e+00
3.936390162e+00
3.899040222e+00
3.885802507e+00
3.919757366e+00
3.864970922e+00
3.979743719e+00
3.877929449e+00
3.986109018e+00
3.911276102e+00
3.978119850e+00
3.906192064e+00
3.995999575e+00
3.953808784e+00
4.004888058e+00
3.998999834e+00
3.969835758e+00
4.016796112e+00
4.002838612e+00
4.006037712e+00
4.051998615e+00
3.997179270e+00
4.087475300e+00
3.998345375e+00
4.107306957e+00
4.020504475e+00
4.105584145e+00
4.037152767e+00
4.128271580e+00
4.076273918e+00
4.108651161e+00
4.124022007e+00
4.083211899e+00
4.137111664e+00
4.118149757e+00
4.101157665e+00
4.143492699e+00
4.098008156e+00
4.181024075e+00
4.087347507e+00
4.209497929e+00
4.121512413e+00
4.190963268e+00
4.104715347e+00
4.201100349e+00
4.144674301e+00
4.178579807e+00
4.195850849e+00
4.149119377e+00
4.207925320e+00
4.183631897e+00
4.169704437e+00
4.208923817e+00
4.164964199e+00
4.254134655e+00
4.158600330e+00
4.258512020e+00
4.192587852e+00
4.252788067e+00
4.173167706e+00
4.259349346e+00
4.215995789e+00
4.262154102e+00
4.269125938e+00
4.233102798e+00
4.288497925e+00
4.269060135e+00
4.257052422e+00
4.290500641e+00
4.240173817e+00
4.350636959e+00
4.244781971e+00
4.341434479e+00
4.275325298e+00
4.334790230e+00
4.262152672e+00
4.354590893e+00
4.303442001e+00
4.343878746e+00
4.362315655e+00
4.307788849e+00
4.360527992e+00
4.349799156e+00
4.337809563e+00
4.380849361e+00
4.339842319e+00
4.428438663e+00
4.339843273e+00
4.466122150e+00
4.389937401e+00
4.457264423e+00
4.383555889e+00
4.471634388e+00
4.421398640e+00
4.473668575e+00
4.465564251e+00
4.427587032e+00
4.489561081e+00
4.483869076e+00
4.462513447e+00
4.514162540e+00
4.468139648e+00
4.561746120e+00
4.458658695e+00
4.567799568e+00
4.502434254e+00
4.564387798e+00
4.477702618e+00
4.571223736e+00
4.515229702e+00
4.554526329e+00
4.575472355e+00
4.540225029e+00
4.591663361e+00
4.577866077e+00
4.558876514e+00
4.584935665e+00
4.541602135e+00
4.651040554e+00
4.533333778e+00
4.622056007e+00
4.555053711e+00
4.628667831e+00
4.563893795e+00
4.642346859e+00
4.586757660e+00
4.641477585e+00
4.643183231e+00
4.597241402e+00
4.655831337e+00
4.661374569e+00
4.645397663e+00
4.694719791e+00
4.640574455e+00
4.728598595e+00
4.650335312e+00
4.752742767e+00
4.675269127e+00
4.755548000e+00
4.677958965e+00
4.753973007e+00
4.684585094e+00
4.729141712e+00
4.746002197e+00
4.704122066e+00
4.749707222e+00
4.748838902e+00
4.725022793e+00
4.762025833e+00
4.731667995e+00
4.828104019e+00
4.721069336e+00
4.837963104e+00
4.766322613e+00
4.829648972e+00
4.754726887e+00
4.862830639e+00
4.792178154e+00
4.842277527e+00
4.837207794e+00
4.809599400e+00
4.859025955e+00
4.841768742e+00
4.836764812e+00
4.885828495e+00
4.826694489e+00
4.917583942e+00
4.815980911e+00
4.916499615e+00
4.844263077e+00
4.920275211e+00
4.846754551e+00
4.933331013e+00
4.871492386e+00
4.915697575e+00
4.919733047e+00
4.877315521e+00
4.948209763e+00
4.933249950e+00
4.917025089e+00
4.961707592e+00
4.927704811e+00
5.016182423e+00
4.904410362e+00
5.019675255e+00
4.953637123e+00
5.021019936e+00
4.951618671e+00
5.046475887e+00
4.985114574e+00
5.007175922e+00
5.036093712e+00
4.997957230e+00
5.053890705e+00
5.041819096e+00
5.029664516e+00
5.059928417e+00
5.008979321e+00
5.114058495e+00
5.021298885e+00
5.127493858e+00
5.058009148e+00
5.128657341e+00
5.046233654e+00
5.133445263e+00
5.091339111e+00
5.142779350e+00
5.143108368e+00
5.107988358e+00
5.167020321e+00
5.151470184e+00
5.133708477e+00
5.162935734e+00
5.126605988e+00
5.232183456e+00
5.120258808e+00
5.233282566e+00
5.159590721e+00
5.228264332e+00
5.153832912e+00
5.245966434e+00
5.187573433e+00
5.240159512e+00
5.251968861e+00
5.207746029e+00
5.264550209e+00
5.258512497e+00
5.258560658e+00
5.295861721e+00
5.247721672e+00
5.359534264e+00
5.255577564e+00
5.337801456e+00
5.261924744e+00
5.338932037e+00
5.276671886e+00
5.359402180e+00
5.292219162e+00
5.330861568e+00
5.342751026e+00
5.305389881e+00
5.352480888e+00
5.340782642e+00
5.331039906e+00
5.374069691e+00
5.331155777e+00
5.431724548e+00
5.328792095e+00
5.434039593e+00
5.358188152e+00
5.432347775e+00
5.365554333e+00
5.462529659e+00
5.397871494e+00
5.415452480e+00
5.427114487e+00
5.402005196e+00
5.456693172e+00
5.434235096e+00
5.420127392e+00
5.474372864e+00
5.403563499e+00
5.497728825e+00
5.400315762e+00
5.512493610e+00
5.450147152e+00
5.518004894e+00
5.444636822e+00
5.534429550e+00
5.473667145e+00
5.512887001e+00
5.523714066e+00
5.488395214e+00
5.539384365e+00
5.517693520e+00
5.500188351e+00
5.548933029e+00
5.520301342e+00
5.620910168e+00
5.518314362e+00
5.667107105e+00
