5.146549344e-01
4.874223769e-01
4.580589533e-01
4.375485480e-01
4.142210186e-01
3.913053870e-01
3.836896420e-01
3.820828199e-01
4.051634967e-01
4.279821813e-01
4.561206400e-01
4.695383310e-01
4.514334202e-01
4.450555146e-01
4.072381854e-01
3.938070238e-01
4.032092988e-01
4.259598553e-01
4.366130829e-01
4.611099362e-01
4.463046193e-01
4.707607031e-01
4.639015198e-01
4.631592035e-01
4.545257986e-01
4.493425190e-01
4.195537269e-01
4.206533432e-01
4.346338212e-01
4.406419396e-01
4.260576963e-01
4.103040099e-01
4.117469192e-01
4.441480637e-01
4.675992131e-01
4.558441043e-01
4.647252262e-01
4.670632184e-01
4.361066818e-01
4.186893702e-01
4.301809669e-01
4.237746298e-01
4.057525396e-01
4.013131559e-01
3.924342096e-01
3.756499887e-01
3.994854093e-01
4.334380329e-01
4.769600332e-01
5.137729049e-01
5.189277530e-01
4.872019887e-01
4.238423109e-01
3.916490972e-01
3.881296515e-01
4.026457965e-01
4.455073774e-01
4.815234244e-01
4.934699535e-01
4.896907508e-01
5.068733692e-01
4.868857265e-01
4.090381563e-01
3.393020034e-01
3.280848265e-01
3.786177337e-01
4.503890276e-01
4.974435270e-01
5.054166913e-01
4.779369831e-01
4.286954999e-01
4.011476934e-01
4.234852195e-01
4.549793303e-01
4.873797297e-01
4.956148267e-01
4.844252169e-01
4.472261965e-01
4.195809960e-01
3.916629553e-01
3.919244707e-01
3.951413631e-01
3.808451891e-01
3.739313781e-01
4.130944908e-01
4.864186645e-01
5.053473115e-01
5.234093070e-01
5.565940142e-01
5.345168710e-01
4.453697801e-01
3.416545093e-01
2.799321115e-01
2.931426764e-01
3.761709332e-01
4.627318978e-01
5.219645500e-01
5.398232341e-01
5.043838620e-01
4.468272328e-01
3.972577751e-01
4.002813101e-01
3.978480697e-01
3.771743476e-01
3.837597072e-01
4.220842123e-01
4.411084056e-01
4.455899596e-01
4.860873520e-01
4.831186533e-01
4.609175920e-01
4.445318282e-01
4.501813650e-01
4.495768547e-01
4.460301101e-01
4.198699594e-01
3.977245688e-01
4.023991227e-01
4.764508605e-01
4.862265289e-01
4.577838182e-01
4.027422369e-01
3.803361058e-01
3.581080139e-01
4.244752824e-01
5.145837665e-01
5.822314620e-01
5.368254185e-01
4.309236705e-01
3.106690347e-01
2.583213747e-01
3.035201132e-01
4.407103956e-01
5.408956409e-01
5.846903920e-01
5.366345048e-01
4.180985391e-01
3.031220734e-01
3.295983374e-01
4.054082930e-01
4.727131128e-01
4.881223738e-01
4.733444750e-01
4.126809239e-01
3.723089695e-01
3.626862764e-01
3.688855767e-01
4.019321501e-01
4.222487807e-01
4.393765628e-01
4.481201768e-01
4.582783580e-01
4.519678950e-01
4.696735442e-01
4.646150470e-01
4.507310688e-01
4.432389736e-01
4.057537317e-01
3.656554222e-01
3.401700556e-01
3.456953466e-01
4.000607729e-01
4.953256249e-01
5.590687990e-01
5.254434347e-01
4.320369661e-01
3.544932902e-01
3.187527061e-01
3.589594364e-01
4.376171231e-01
5.065300465e-01
5.224897861e-01
4.581544399e-01
4.038437903e-01
3.662190139e-01
4.100416005e-01
4.730971456e-01
5.273280144e-01
5.373772383e-01
5.118761659e-01
4.388831854e-01
3.634015322e-01
3.420670331e-01
3.639505804e-01
4.220692217e-01
4.972086549e-01
5.277671814e-01
5.406065583e-01
4.908315837e-01
3.848729730e-01
3.461908102e-01
3.492425680e-01
4.135472178e-01
4.653444886e-01
5.080420375e-01
5.077252388e-01
4.636255205e-01
4.121860564e-01
4.285166264e-01
4.204618037e-01
4.167223871e-01
4.303314984e-01
4.105507135e-01
3.868521452e-01
3.743287921e-01
4.143169224e-01
4.965349734e-01
5.564708114e-01
5.427659154e-01
4.669114649e-01
4.074174762e-01
3.695734739e-01
3.505070806e-01
3.964732587e-01
4.519546032e-01
5.009762645e-01
4.854140878e-01
4.409584701e-01
4.241468608e-01
4.287096262e-01
4.156504273e-01
4.193885624e-01
4.402417243e-01
4.588415325e-01
4.236921668e-01
4.137683511e-01
4.099190235e-01
4.354186058e-01
4.305515885e-01
4.718731940e-01
4.741819501e-01
4.677084386e-01
4.477072358e-01
4.305099845e-01
4.092043638e-01
4.188688099e-01
4.605742395e-01
4.841361046e-01
4.568628967e-01
4.189632237e-01
3.896840513e-01
4.058496356e-01
4.350457191e-01
4.777989686e-01
5.000960827e-01
4.790501297e-01
4.285451472e-01
3.855329156e-01
3.653396070e-01
3.837031722e-01
4.446003139e-01
5.065839887e-01
5.121524334e-01
4.870902896e-01
3.855192661e-01
4.344829619e-01
3.339972496e-01
4.055333138e-01
4.324891865e-01
4.665267766e-01
4.578242898e-01
5.003165603e-01
4.013812840e-01
3.291730583e-01
3.613399267e-01
3.459571004e-01
4.004599452e-01
4.874893725e-01
4.420159757e-01
5.265449882e-01
4.062762558e-01
5.145024657e-01
4.344830215e-01
4.723690152e-01
3.497082293e-01
4.227159023e-01
3.230139911e-01
3.981383443e-01
4.178784192e-01
3.928450644e-01
4.944874048e-01
4.455077946e-01
3.870714307e-01
3.939854801e-01
3.382591903e-01
4.362848401e-01
3.914991319e-01
5.757297277e-01
5.255545378e-01
5.411024094e-01
3.886383772e-01
3.719086051e-01
2.467335463e-01
3.470709026e-01
4.218932092e-01
4.559274912e-01
5.839762092e-01
5.205097795e-01
4.067420363e-01
3.526377976e-01
2.598885298e-01
3.891619742e-01
3.598544598e-01
5.460368395e-01
4.924531281e-01
5.242772698e-01
3.552771509e-01
3.738491535e-01
2.800964117e-01
4.051214457e-01
5.034496784e-01
4.736197293e-01
5.190390348e-01
4.299739301e-01
3.283752203e-01
3.237424493e-01
3.208001852e-01
4.705683589e-01
4.375894070e-01
5.741065741e-01
4.700593054e-01
4.885484874e-01
3.739033937e-01
4.082699716e-01
3.346571326e-01
4.435006082e-01
4.940746725e-01
4.524355829e-01
4.955041111e-01
4.296035171e-01
3.639244735e-01
3.810109496e-01
3.583839536e-01
4.884255230e-01
4.432812035e-01
5.455831885e-01
4.529434443e-01
5.032168031e-01
4.018776119e-01
4.610554278e-01
3.650910556e-01
4.230870605e-01
4.092579484e-01
3.461763561e-01
4.361729920e-01
4.588966370e-01
4.494124055e-01
5.114499927e-01
4.462637007e-01
4.757640660e-01
3.315091431e-01
4.420838952e-01
3.644869030e-01
4.599428773e-01
4.437066913e-01
5.478785634e-01
4.943501651e-01
5.281390548e-01
4.682446420e-01
3.423418403e-01
3.612707257e-01
3.687075675e-01
4.197598100e-01
5.140354037e-01
4.745539725e-01
5.085639954e-01
3.474829793e-01
4.399966002e-01
3.807213306e-01
4.509925842e-01
4.107835293e-01
5.355489254e-01
4.178907871e-01
4.111131728e-01
3.595932722e-01
3.001527786e-01
3.830044270e-01
4.191147983e-01
4.445587397e-01
5.023506880e-01
4.319263995e-01
4.640110731e-01
3.068057895e-01
3.932173848e-01
3.520603776e-01
4.669930935e-01
4.390196800e-01
5.417070389e-01
4.429782927e-01
4.641752839e-01
4.138914347e-01
3.095844090e-01
3.667005301e-01
3.539851010e-01
3.612434864e-01
4.440786541e-01
4.512538314e-01
5.516034961e-01
4.318711460e-01
5.204547048e-01
4.110329747e-01
4.031971693e-01
3.045378327e-01
3.846949637e-01
3.161545098e-01
4.163523018e-01
4.697697759e-01
4.341934919e-01
5.017464757e-01
4.773992598e-01
4.434317648e-01
4.368624687e-01
3.443894386e-01
4.170125127e-01
3.439498544e-01
5.092381239e-01
4.527380466e-01
5.316175818e-01
4.272662997e-01
4.283670783e-01
3.191090822e-01
4.188549817e-01
4.659351408e-01
4.443114698e-01
4.989139736e-01
4.503189623e-01
3.760333359e-01
3.994448185e-01
3.696148694e-01
5.126178265e-01
4.469093978e-01
5.765948892e-01
4.417546988e-01
4.282691479e-01
3.147944212e-01
3.913201690e-01
3.484997153e-01
4.470203221e-01
4.783627987e-01
4.306614697e-01
4.833523333e-01
4.487792253e-01
4.267312586e-01
4.464851320e-01
3.614633977e-01
4.351428151e-01
3.555799425e-01
4.894972146e-01
4.326816499e-01
5.114228129e-01
4.171774089e-01
4.603813589e-01
3.535177708e-01
4.247649908e-01
4.344547689e-01
4.034566283e-01
4.643548429e-01
4.357337952e-01
3.997744620e-01
4.288344681e-01
3.976989985e-01
4.815509021e-01
3.448145390e-01
4.339876771e-01
3.569819331e-01
4.506087601e-01
4.227722287e-01
5.426967740e-01
4.661422074e-01
4.765197039e-01
4.052439928e-01
2.938444018e-01
3.571882844e-01
3.966267705e-01
4.268140495e-01
5.024329424e-01
4.655791223e-01
5.071617365e-01
3.098314106e-01
3.776562214e-01
2.812508047e-01
4.209305346e-01
4.166550934e-01
5.406485796e-01
4.824595749e-01
4.975529611e-01
4.101375043e-01
2.882082462e-01
3.586725295e-01
3.777392507e-01
4.211356044e-01
5.052785873e-01
4.540028274e-01
4.842191041e-01
3.393172622e-01
4.587040842e-01
4.372874796e-01
5.489515066e-01
4.773738086e-01
5.189279914e-01
3.629750609e-01
3.772577941e-01
3.605969250e-01
3.418605030e-01
4.757367969e-01
5.207839608e-01
4.987620115e-01
4.930854738e-01
4.017386436e-01
4.266472161e-01
2.723842263e-01
3.991422653e-01
3.676902652e-01
5.135815740e-01
4.746924043e-01
5.487035513e-01
4.209829271e-01
4.246005118e-01
3.766530156e-01
3.180924356e-01
4.252190888e-01
4.547461569e-01
4.588557184e-01
4.842602611e-01
4.094372392e-01
4.482155144e-01
3.266018331e-01
4.710626900e-01
4.032385051e-01
4.567245841e-01
3.874848485e-01
4.832282960e-01
3.887221217e-01
4.474321008e-01
4.517343044e-01
4.011064470e-01
4.526005983e-01
4.151692092e-01
3.654218912e-01
4.245729148e-01
4.117200077e-01
5.186396241e-01
3.925838172e-01
4.920139909e-01
3.919509351e-01
4.264551401e-01
3.331318200e-01
4.141650200e-01
3.575313687e-01
4.530539513e-01
4.795576632e-01
4.258780777e-01
4.639424384e-01
4.056017101e-01
3.436618149e-01
3.906606436e-01
3.813958168e-01
5.199458599e-01
4.327500165e-01
5.170726180e-01
3.866030276e-01
4.310457110e-01
3.654086888e-01
4.327389002e-01
3.792240322e-01
4.450125396e-01
4.460034668e-01
3.711116910e-01
4.412185848e-01
4.401750863e-01
4.473506808e-01
5.058706403e-01
4.565609694e-01
4.898961782e-01
3.290471435e-01
4.057527184e-01
3.317689300e-01
4.332036376e-01
4.347860813e-01
5.622573495e-01
4.765213132e-01
4.952836335e-01
4.231975675e-01
2.901463807e-01
3.605132103e-01
3.797584772e-01
4.001313746e-01
4.905132651e-01
4.699078798e-01
5.582293272e-01
4.070725441e-01
4.536598623e-01
3.330491185e-01
3.979449272e-01
3.389049768e-01
4.536043108e-01
4.394174814e-01
5.039582849e-01
4.904997349e-01
3.925028443e-01
4.347585440e-01
4.106477797e-01
3.861512840e-01
4.553092420e-01
4.149906039e-01
4.767682254e-01
3.622869849e-01
4.706762731e-01
4.136861861e-01
5.135126114e-01
4.553374946e-01
5.031619668e-01
3.682112396e-01
3.959657550e-01
3.920465708e-01
3.411737084e-01
4.272679687e-01
4.455631971e-01
4.058904350e-01
4.221931100e-01
3.576538563e-01
4.295068085e-01
3.062709868e-01
4.584428966e-01
4.550195932e-01
5.620923042e-01
4.736189842e-01
5.070248246e-01
3.427541852e-01
3.386025429e-01
3.482384980e-01
3.377916515e-01
4.851664305e-01
5.203706026e-01
4.806300104e-01
4.550487101e-01
3.712911010e-01
4.236389101e-01
3.174313307e-01
4.660881758e-01
4.070188999e-01
4.872981012e-01
3.955939114e-01
4.292865396e-01
3.379560411e-01
4.428689480e-01
4.843147993e-01
4.415490329e-01
4.971274734e-01
4.458648860e-01
3.890236020e-01
3.981921673e-01
3.392896950e-01
4.329168499e-01
3.568164408e-01
5.179107189e-01
4.706641436e-01
5.207573175e-01
3.924599886e-01
4.287912548e-01
3.309734166e-01
4.283116162e-01
4.750211239e-01
4.050785005e-01
4.489576817e-01
4.056564271e-01
3.582874238e-01
4.231705964e-01
4.067164660e-01
5.190104246e-01
4.342761934e-01
5.244409442e-01
4.034017026e-01
4.504694045e-01
3.853268027e-01
4.773712456e-01
4.144832194e-01
4.581681788e-01
4.336849153e-01
3.311664164e-01
3.830981255e-01
3.550710678e-01
3.611192405e-01
4.256573319e-01
4.083917141e-01
4.911872745e-01
3.834150434e-01
4.751727581e-01
3.807633221e-01
4.300572574e-01
3.708243072e-01
4.880261421e-01
4.238981903e-01
4.646705687e-01
3.944117129e-01
2.480535358e-01
2.910243869e-01
3.367322087e-01
4.083108008e-01
5.662304163e-01
5.665737391e-01
6.036074758e-01
3.755790591e-01
3.728158176e-01
2.283555567e-01
3.199746907e-01
3.139270544e-01
4.640665948e-01
4.135878682e-01
4.923981428e-01
4.806175530e-01
4.061106443e-01
4.167236090e-01
3.492563665e-01
2.897728086e-01
3.360456526e-01
3.364167511e-01
4.681889117e-01
3.925282955e-01
5.024467111e-01
3.948112130e-01
4.731670618e-01
3.973416090e-01
4.437216818e-01
3.482113779e-01
4.035684168e-01
4.198703766e-01
3.774901628e-01
4.805343151e-01
5.014975667e-01
4.653581083e-01
4.564915299e-01
3.720477223e-01
4.167103171e-01
3.062971234e-01
4.716410935e-01
4.259340167e-01
5.163988471e-01
4.413285553e-01
5.022681355e-01
3.851881027e-01
4.401467443e-01
4.527394474e-01
3.760752380e-01
4.568904042e-01
4.752409458e-01
4.580166340e-01
4.890020192e-01
4.228806496e-01
4.767958224e-01
3.608996868e-01
4.683407843e-01
3.916364312e-01
4.814814329e-01
4.252583086e-01
4.978945851e-01
4.150450528e-01
4.616602063e-01
4.364347160e-01
3.811342418e-01
4.570127726e-01
4.240902662e-01
3.970510960e-01
4.523797929e-01
4.203118086e-01
5.039166212e-01
3.881451488e-01
4.792691171e-01
3.793591857e-01
4.391565621e-01
3.777651191e-01
4.747066796e-01
4.208478332e-01
4.826258123e-01
4.619779885e-01
3.657113016e-01
4.197055697e-01
4.260426462e-01
4.048457146e-01
4.581544399e-01
4.251366556e-01
4.886063933e-01
3.339560628e-01
4.243511856e-01
3.643887937e-01
4.808923602e-01
4.322425723e-01
5.171691775e-01
4.374523759e-01
4.557631910e-01
4.272812307e-01
3.541222811e-01
4.108248353e-01
4.136567712e-01
4.312113225e-01
5.192040801e-01
5.161792040e-01
5.993724465e-01
4.416715205e-01
4.773320258e-01
2.876707911e-01
2.917957902e-01
2.768945694e-01
4.714620709e-01
5.077932477e-01
6.233324409e-01
5.983414650e-01
4.420707524e-01
3.984118402e-01
3.270700276e-01
3.119351566e-01
3.983427286e-01
4.179047346e-01
5.334724784e-01
4.177944064e-01
5.209484696e-01
4.262363315e-01
4.387174845e-01
3.085671067e-01
3.772693872e-01
3.450216055e-01
4.701962173e-01
5.475907326e-01
5.076423287e-01
5.618858933e-01
5.034893155e-01
4.089017808e-01
4.008871019e-01
3.505338728e-01
4.371635318e-01
3.177354038e-01
4.532875419e-01
4.082008302e-01
5.153954625e-01
4.654828012e-01
5.404147506e-01
4.178905189e-01
4.594466090e-01
4.170800149e-01
3.194122612e-01
3.852580786e-01
3.909491599e-01
3.840622008e-01
4.188681245e-01
3.911966681e-01
4.823897779e-01
3.921717405e-01
5.093329549e-01
4.390190244e-01
4.903635681e-01
3.883236051e-01
4.372189939e-01
3.325953782e-01
4.076913893e-01
4.531786442e-01
4.383178055e-01
4.924393892e-01
4.622092545e-01
4.141531885e-01
4.282015860e-01
3.847763240e-01
4.595566690e-01
3.732842803e-01
4.974973500e-01
4.263859987e-01
5.033538938e-01
4.138767719e-01
4.672954381e-01
3.855467141e-01
4.312266111e-01
3.984960914e-01
3.496412635e-01
4.108108580e-01
3.920746744e-01
3.769674003e-01
4.311417937e-01
3.957468867e-01
4.873928428e-01
3.998019397e-01
5.128802657e-01
3.988384604e-01
4.289015830e-01
3.339704275e-01
3.927073777e-01
3.416136205e-01
4.477894008e-01
4.949959219e-01
4.388962984e-01
5.032014847e-01
4.785277545e-01
4.184816182e-01
4.216573536e-01
3.840474784e-01
4.616870582e-01
3.514418006e-01
4.837095439e-01
4.094383717e-01
4.868845344e-01
3.986315131e-01
4.535770714e-01
3.295576274e-01
4.006265700e-01
4.356784821e-01
3.939316571e-01
4.993949831e-01
4.963156879e-01
4.453436434e-01
4.623758793e-01
4.091630280e-01
4.734819531e-01
3.247999251e-01
4.100694358e-01
3.709328771e-01
4.859089553e-01
4.451928735e-01
5.287150145e-01
4.005852640e-01
4.072784483e-01
3.977247179e-01
3.505328000e-01
4.508417547e-01
4.758748114e-01
4.466204941e-01
4.730996192e-01
4.141803086e-01
4.933328032e-01
3.524865806e-01
4.058624208e-01
3.050886691e-01
3.871532679e-01
3.453527093e-01
4.832704067e-01
4.619893730e-01
5.535147190e-01
5.538042188e-01
4.174370468e-01
3.726669550e-01
2.853611112e-01
2.993561924e-01
3.824818730e-01
4.315680265e-01
5.899966359e-01
4.969197810e-01
5.449501276e-01
4.117476046e-01
4.435428381e-01
3.546449244e-01
4.428130090e-01
3.832218945e-01
4.651510715e-01
5.008931160e-01
4.442560077e-01
4.884519577e-01
4.282157719e-01
3.475103676e-01
3.413244486e-01
3.183124959e-01
4.279524982e-01
3.927204907e-01
5.727462173e-01
5.021157265e-01
5.005078316e-01
3.542876244e-01
4.019044638e-01
3.346441984e-01
4.377537668e-01
4.712274373e-01
4.194589555e-01
5.047826171e-01
4.695359766e-01
4.280630946e-01
4.837646186e-01
4.477069378e-01
4.870081544e-01
3.341346085e-01
4.364638031e-01
4.103591144e-01
5.360707641e-01
4.867339730e-01
5.642241836e-01
4.279261231e-01
4.449584186e-01
4.205866456e-01
3.781511188e-01
4.870222211e-01
5.296375155e-01
5.364004374e-01
5.622029901e-01
4.869398475e-01
5.039452910e-01
3.091854453e-01
3.829346001e-01
3.284165859e-01
4.494255483e-01
4.491367638e-01
5.781344771e-01
4.864721298e-01
4.918054342e-01
4.248209894e-01
3.148761988e-01
3.747146130e-01
3.966524005e-01
4.156229794e-01
4.950650632e-01
4.533995390e-01
5.306130052e-01
4.100709260e-01
4.845882356e-01
3.905761838e-01
4.733306468e-01
4.448890984e-01
5.364830494e-01
4.423195422e-01
4.724381864e-01
4.252190888e-01
3.247320354e-01
3.642665446e-01
3.859987855e-01
4.182484448e-01
5.180348754e-01
4.952827692e-01
5.253477693e-01
3.459436893e-01
4.360777736e-01
