1.591042995e+00
1.566175699e+00
1.555455565e+00
1.541902065e+00
1.525979161e+00
1.500903249e+00
1.482661128e+00
1.475683689e+00
1.469443202e+00
1.483525634e+00
1.472291827e+00
1.467715144e+00
1.459265113e+00
1.453968406e+00
1.442240000e+00
1.437485695e+00
1.454977751e+00
1.433374047e+00
1.424013376e+00
1.416107535e+00
1.406235814e+00
1.401163220e+00
1.385864496e+00
1.391097426e+00
1.382744074e+00
1.373749614e+00
1.362549067e+00
1.374133348e+00
1.361236215e+00
1.362804770e+00
1.356003404e+00
1.351795197e+00
1.340113640e+00
1.337313175e+00
1.346049905e+00
1.338160515e+00
1.335295081e+00
1.330014348e+00
1.317756176e+00
1.320747972e+00
1.315531850e+00
1.304650545e+00
1.292856097e+00
1.282071233e+00
1.274741530e+00
1.253152728e+00
1.251040816e+00
1.238782644e+00
1.225709200e+00
1.213995695e+00
1.207116961e+00
1.204972506e+00
1.199146748e+00
1.187031507e+00
1.176743865e+00
1.166198373e+00
1.158805609e+00
1.155461431e+00
1.149140120e+00
1.160246611e+00
1.160437942e+00
1.158006072e+00
1.152100444e+00
1.134306550e+00
1.127841473e+00
1.131953597e+00
1.121248603e+00
1.114832163e+00
1.095214367e+00
1.081565619e+00
1.074364781e+00
1.067276478e+00
1.055163860e+00
1.062556505e+00
1.044794083e+00
1.044458032e+00
1.034520626e+00
1.025863767e+00
1.044089675e+00
1.034760475e+00
1.022839069e+00
1.018950701e+00
1.018118382e+00
1.017126083e+00
1.017109871e+00
1.016790271e+00
1.008165240e+00
1.018870473e+00
1.006228566e+00
1.019782305e+00
1.014005899e+00
1.016229987e+00
1.012789726e+00
1.023447275e+00
1.009413123e+00
1.007780790e+00
1.011877418e+00
1.007844806e+00
9.939871430e-01
9.877949953e-01
9.843387008e-01
9.730093479e-01
9.756495953e-01
9.782418013e-01
9.804182053e-01
9.719533324e-01
9.695695639e-01
9.726246595e-01
9.820019007e-01
9.857943654e-01
9.724004269e-01
9.760646224e-01
9.830096364e-01
9.934269786e-01
9.978916645e-01
9.923871160e-01
9.811856747e-01
9.672955275e-01
9.733760357e-01
9.802096486e-01
9.699360728e-01
9.603030086e-01
9.582545757e-01
9.627190232e-01
9.695358872e-01
9.780811071e-01
9.886588454e-01
9.795533419e-01
9.762891531e-01
9.764328003e-01
9.845620990e-01
9.872184396e-01
9.888668656e-01
9.787535667e-01
9.915229678e-01
9.932190776e-01
9.993481040e-01
9.859381318e-01
1.011029482e+00
9.936192632e-01
1.004548550e+00
1.006356716e+00
1.003044248e+00
1.010981202e+00
1.009509325e+00
1.009861112e+00
1.014997959e+00
1.021238804e+00
1.023751140e+00
1.026135325e+00
1.021126747e+00
1.016342402e+00
1.030999780e+00
1.020326734e+00
1.038040876e+00
1.030984044e+00
1.025095224e+00
1.032840252e+00
1.048938513e+00
1.058986902e+00
1.056555033e+00
1.057594538e+00
1.049611092e+00
1.040329456e+00
1.047706008e+00
1.056586623e+00
1.061451197e+00
1.079741716e+00
1.075660944e+00
1.069468141e+00
1.054955244e+00
1.062555552e+00
1.068668485e+00
1.079772711e+00
1.081244826e+00
1.087021351e+00
1.099166870e+00
1.099935412e+00
1.098478675e+00
1.108959913e+00
1.104015589e+00
1.121248960e+00
1.116977215e+00
1.124881625e+00
1.132786036e+00
1.138994098e+00
1.147362828e+00
1.154468536e+00
1.164502025e+00
1.153028250e+00
1.148259044e+00
1.155524373e+00
1.151795626e+00
1.146227717e+00
1.143507242e+00
1.133218884e+00
1.156916618e+00
1.164038777e+00
1.112145066e+00
1.165478826e+00
1.165030837e+00
1.135842681e+00
1.180537224e+00
1.182728410e+00
1.178135633e+00
1.198298931e+00
1.196905136e+00
1.193752170e+00
1.202058315e+00
1.206652403e+00
1.218589306e+00
1.232062697e+00
1.233710647e+00
1.229646564e+00
1.244272232e+00
1.251745462e+00
1.254017234e+00
1.262978554e+00
1.285446405e+00
1.286886454e+00
1.302634001e+00
1.305466533e+00
1.316636443e+00
1.320796371e+00
1.333086252e+00
1.340416670e+00
1.342176199e+00
1.355027676e+00
1.345506191e+00
1.335872293e+00
1.359844804e+00
1.360468745e+00
1.372374058e+00
1.386488318e+00
1.394169092e+00
1.395305276e+00
1.410059571e+00
1.409034967e+00
1.411419392e+00
1.411115527e+00
1.425407171e+00
1.427135229e+00
1.461251259e+00
1.469155669e+00
1.491559267e+00
1.504440784e+00
1.520747423e+00
1.538957000e+00
1.561711907e+00
1.577121854e+00
1.593715668e+00
1.607221603e+00
1.602373242e+00
1.666078329e+00
1.679775476e+00
1.609750152e+00
1.757351995e+00
1.659533262e+00
1.661309123e+00
1.769290328e+00
1.801805496e+00
1.657467723e+00
1.829088569e+00
1.838146448e+00
1.752138734e+00
1.870933414e+00
1.854931831e+00
1.903898716e+00
1.911434889e+00
1.855923891e+00
2.028796196e+00
1.907354712e+00
2.007273912e+00
1.967843771e+00
2.015115738e+00
1.988790989e+00
2.173246145e+00
1.948608756e+00
2.091174126e+00
2.206179857e+00
2.066673517e+00
2.155452490e+00
2.192067146e+00
2.218836784e+00
2.180462599e+00
2.149756432e+00
2.303249598e+00
2.178510666e+00
2.299072981e+00
2.249439001e+00
2.268478870e+00
2.220021009e+00
2.409980297e+00
2.204068422e+00
2.289904833e+00
2.390840530e+00
2.264032125e+00
2.331841707e+00
2.354707241e+00
2.393817186e+00
2.354387760e+00
2.328577042e+00
2.465128422e+00
2.331874847e+00
2.437491894e+00
2.389464617e+00
2.414012671e+00
2.366341352e+00
2.556465387e+00
2.342229128e+00
2.434866428e+00
2.541231394e+00
2.408315182e+00
2.463464737e+00
2.482873440e+00
2.498635769e+00
2.462632179e+00
2.435717344e+00
2.592694283e+00
2.435910463e+00
2.537022591e+00
2.487130404e+00
2.518316746e+00
2.469127655e+00
2.625737667e+00
2.410491943e+00
2.493017435e+00
2.587813377e+00
2.456359863e+00
2.515757322e+00
2.524701595e+00
2.551360846e+00
2.518990755e+00
2.477129221e+00
2.607384205e+00
2.465496302e+00
2.580901861e+00
2.540719748e+00
2.567698956e+00
2.517820597e+00
2.677821875e+00
2.469560862e+00
2.547567844e+00
2.649979353e+00
2.522814989e+00
2.561970234e+00
2.586101294e+00
2.591622829e+00
2.549391747e+00
2.524287224e+00
2.654667854e+00
2.512093306e+00
2.613384247e+00
2.568275690e+00
2.599093914e+00
2.556242228e+00
2.729156256e+00
2.514285326e+00
2.604534149e+00
2.684829473e+00
2.565506935e+00
2.602341413e+00
2.632106304e+00
2.656557798e+00
2.603096962e+00
2.571396351e+00
2.698317766e+00
2.545952320e+00
2.653932810e+00
2.600984812e+00
2.621992588e+00
2.567394972e+00
2.743333817e+00
2.525182247e+00
2.605575323e+00
2.702638149e+00
2.569026947e+00
2.624761581e+00
2.638074875e+00
2.657709360e+00
2.603637457e+00
2.570755243e+00
2.703537703e+00
2.550912619e+00
2.660731554e+00
2.610583305e+00
2.646299362e+00
2.580083132e+00
2.761941433e+00
2.554272413e+00
2.644939899e+00
2.747282743e+00
2.605590343e+00
2.660780191e+00
2.655676126e+00
2.674412012e+00
2.623817444e+00
2.594166994e+00
2.728147984e+00
2.570802450e+00
2.689469576e+00
2.643643856e+00
2.659644365e+00
2.613127708e+00
2.768565893e+00
2.568946600e+00
2.659035921e+00
2.747107029e+00
2.603448629e+00
2.645932198e+00
2.664268017e+00
2.687277555e+00
2.638827085e+00
2.617192268e+00
2.742802382e+00
2.602182388e+00
2.709008455e+00
2.642442465e+00
2.652747393e+00
2.611127615e+00
2.785704374e+00
2.565042496e+00
2.655130863e+00
2.744466305e+00
2.620055914e+00
2.668186188e+00
2.688030958e+00
2.713886976e+00
2.673387051e+00
2.644791842e+00
2.780901432e+00
2.637479067e+00
2.748099804e+00
2.709422827e+00
2.713934660e+00
2.649448395e+00
2.820424557e+00
2.611639023e+00
2.711503029e+00
2.811014414e+00
2.685086489e+00
2.729794264e+00
2.753316164e+00
2.776679516e+00
2.727458477e+00
2.702977180e+00
2.837513924e+00
2.677404404e+00
2.794245481e+00
2.758756876e+00
2.781463861e+00
2.733507156e+00
2.903252840e+00
2.686189413e+00
2.795253038e+00
2.891906977e+00
2.760994434e+00
2.803525925e+00
2.827147961e+00
2.842013597e+00
2.795043945e+00
2.760549307e+00
2.907397747e+00
2.768181562e+00
2.894789219e+00
2.834219456e+00
2.837116241e+00
2.785332680e+00
2.964782953e+00
2.753412247e+00
2.837916136e+00
2.930232763e+00
2.806982756e+00
2.847709656e+00
2.860656023e+00
2.895412445e+00
2.850718260e+00
2.840955973e+00
2.972446680e+00
2.827146530e+00
2.932394505e+00
2.888227940e+00
2.908037901e+00
2.861376047e+00
3.035252571e+00
2.822647572e+00
2.929833412e+00
3.029092789e+00
2.891188383e+00
2.925655842e+00
2.956637144e+00
2.982815504e+00
2.945500851e+00
2.929048061e+00
3.084444523e+00
2.943996191e+00
3.040996790e+00
2.979869843e+00
3.020580053e+00
2.975038290e+00
3.151237011e+00
2.950010538e+00
3.021478176e+00
3.132241249e+00
2.988897085e+00
3.042678595e+00
3.055560112e+00
3.092028141e+00
3.042453527e+00
3.004755497e+00
3.136978626e+00
2.996160507e+00
3.104477406e+00
3.065366268e+00
3.098474503e+00
3.053015709e+00
3.212593079e+00
2.985633373e+00
3.092972040e+00
3.192186356e+00
3.056200504e+00
3.096472740e+00
3.111023664e+00
3.141156435e+00
3.091227531e+00
3.069561243e+00
3.208860874e+00
3.074025631e+00
3.189801216e+00
3.142786741e+00
3.167223454e+00
3.107259512e+00
3.278184414e+00
3.068712473e+00
3.160485983e+00
3.279672384e+00
3.146068811e+00
3.200347662e+00
3.215312719e+00
3.240275621e+00
3.196027756e+00
3.179065466e+00
3.315500736e+00
3.175992966e+00
3.265831470e+00
3.232320786e+00
3.261317968e+00
3.220366716e+00
3.379488230e+00
3.160486460e+00
3.250806808e+00
3.340654612e+00
3.213852882e+00
3.274358511e+00
3.282329082e+00
3.313149929e+00
3.256086349e+00
3.239508152e+00
3.375216007e+00
3.210237265e+00
3.312796116e+00
3.262037516e+00
3.297130823e+00
3.250469923e+00
3.437133312e+00
3.233891249e+00
3.317101240e+00
3.421577930e+00
3.279607534e+00
3.329550743e+00
3.360385418e+00
3.383505583e+00
3.318493128e+00
3.288969517e+00
3.430557251e+00
3.276743412e+00
3.386865377e+00
3.338766575e+00
3.367247820e+00
3.320668221e+00
3.496246576e+00
3.290890932e+00
3.374018192e+00
3.478084087e+00
3.343215227e+00
3.376463652e+00
3.385985613e+00
3.421756983e+00
3.394452095e+00
3.363037825e+00
3.497462749e+00
3.346285820e+00
3.456736803e+00
3.428573370e+00
3.464177608e+00
3.405893087e+00
3.593245268e+00
3.379519939e+00
3.468322277e+00
3.571260214e+00
3.444687605e+00
3.501718044e+00
3.523845911e+00
3.553194523e+00
3.505427361e+00
3.486565351e+00
3.627426624e+00
3.482338905e+00
3.591373920e+00
3.544008493e+00
3.576268435e+00
3.524966240e+00
3.684441566e+00
3.481315136e+00
3.563449860e+00
3.677832365e+00
3.553705215e+00
3.608432531e+00
3.630756378e+00
3.654678583e+00
3.623747110e+00
3.588157892e+00
3.729904175e+00
3.584477663e+00
3.679160833e+00
3.629012346e+00
3.681225538e+00
3.624675274e+00
3.810889721e+00
3.590781450e+00
3.679801702e+00
3.793032169e+00
3.652534246e+00
3.713936090e+00
3.750451088e+00
3.770581722e+00
3.726752281e+00
3.705405474e+00
3.853229761e+00
3.709325552e+00
3.814026356e+00
3.763059855e+00
3.793849468e+00
3.736354113e+00
3.914009094e+00
3.703852177e+00
3.799304962e+00
3.890882969e+00
3.761556387e+00
3.833100080e+00
3.843613386e+00
3.865360737e+00
3.821563244e+00
3.795399904e+00
3.928138256e+00
3.795976639e+00
3.908550501e+00
3.863888741e+00
3.906023502e+00
3.852896452e+00
4.024312019e+00
3.810105801e+00
3.905703783e+00
4.004789829e+00
3.872865200e+00
3.935467243e+00
3.957630396e+00
3.989475965e+00
3.943180799e+00
3.913847923e+00
4.057340145e+00
3.890468121e+00
3.992100477e+00
3.951677322e+00
3.980768681e+00
3.938363552e+00
4.106736660e+00
3.891989231e+00
3.983843327e+00
4.086494446e+00
3.947788715e+00
4.004566669e+00
4.028376579e+00
4.073036671e+00
4.033737659e+00
4.009446621e+00
4.142629147e+00
3.994709015e+00
4.117842197e+00
4.066972256e+00
4.089102745e+00
4.040745735e+00
4.208450794e+00
3.989923954e+00
4.076909065e+00
4.181197166e+00
4.052474022e+00
4.095903873e+00
4.114242554e+00
4.143382072e+00
4.101520061e+00
4.092879295e+00
4.227925301e+00
4.076525211e+00
4.186942101e+00
4.148616314e+00
4.178189754e+00
4.127604008e+00
4.307709694e+00
4.085022449e+00
4.200241566e+00
4.300673962e+00
4.156694889e+00
4.213814259e+00
4.225506783e+00
4.257772923e+00
4.235254765e+00
4.207298756e+00
4.340070724e+00
4.192237377e+00
4.293363094e+00
4.242807388e+00
4.282896519e+00
4.233142376e+00
4.415587902e+00
4.218580246e+00
4.311758518e+00
4.402256966e+00
4.257500172e+00
4.313520908e+00
4.330673218e+00
4.360571861e+00
4.302769661e+00
4.283120155e+00
4.426855087e+00
4.290563583e+00
4.402098179e+00
4.360732079e+00
4.387776852e+00
4.344938278e+00
4.533290863e+00
4.308800697e+00
4.411921024e+00
4.505207062e+00
4.381392002e+00
4.428612709e+00
4.463183880e+00
4.472223759e+00
4.433032513e+00
4.414472580e+00
4.552635193e+00
4.399906635e+00
4.519208908e+00
4.456398964e+00
4.488772869e+00
4.440618515e+00
4.618272781e+00
4.408999443e+00
4.512583256e+00
4.623012066e+00
4.477249622e+00
4.527130127e+00
4.547292709e+00
4.571687698e+00
4.529163361e+00
4.510179996e+00
4.648667336e+00
4.495189667e+00
4.612235069e+00
4.553229332e+00
4.587578773e+00
4.545195103e+00
4.712814808e+00
4.505480289e+00
4.593899727e+00
4.682445049e+00
4.559052944e+00
4.610155582e+00
4.636387825e+00
4.667052746e+00
4.622126102e+00
4.607035160e+00
4.741595268e+00
4.612267017e+00
4.729290009e+00
4.670795441e+00
4.699869156e+00
4.650938988e+00
4.825294018e+00
4.611131668e+00
4.696633816e+00
4.794253349e+00
4.669435024e+00
4.717621326e+00
4.729928017e+00
4.745515823e+00
4.702460289e+00
4.693561077e+00
4.837595940e+00
4.693404198e+00
4.803213120e+00
4.752831936e+00
4.775264740e+00
4.732283115e+00
4.898081303e+00
4.693405151e+00
4.789034367e+00
4.887731075e+00
4.753438950e+00
4.797788620e+00
4.823180676e+00
4.860169411e+00
4.814142704e+00
4.790352821e+00
4.932025909e+00
4.787841320e+00
4.897746563e+00
4.860668659e+00
4.888161182e+00
4.850065231e+00
5.024331570e+00
4.822591782e+00
4.907685757e+00
5.019932270e+00
4.894209862e+00
4.937018394e+00
4.959135056e+00
4.978879929e+00
4.942315102e+00
4.926437855e+00
5.064279556e+00
4.912997246e+00
5.009098530e+00
4.960797310e+00
4.992509365e+00
4.951454163e+00
5.126299858e+00
4.908853054e+00
5.001320839e+00
5.107350349e+00
4.973388195e+00
5.031934738e+00
5.042721748e+00
5.070708752e+00
5.030430317e+00
5.011898994e+00
5.157483578e+00
4.998121262e+00
5.110279560e+00
5.078947544e+00
5.124103546e+00
5.069268227e+00
5.238215923e+00
5.026524067e+00
5.116248608e+00
5.222579956e+00
5.093476295e+00
5.141017437e+00
5.156987667e+00
5.174463749e+00
5.136906147e+00
5.130826473e+00
5.276304722e+00
5.111784935e+00
5.215538979e+00
5.170220375e+00
5.197855949e+00
5.152780056e+00
5.341878414e+00
5.128166676e+00
5.216177940e+00
5.325810432e+00
5.195647717e+00
5.256913185e+00
5.284060001e+00
5.304286480e+00
5.276413918e+00
5.253071785e+00
5.395440102e+00
5.251615524e+00
5.379455090e+00
5.317665100e+00
5.341958046e+00
5.280221462e+00
5.462603569e+00
5.247278214e+00
5.346713066e+00
5.448408127e+00
5.308464050e+00
5.370298862e+00
5.389569283e+00
5.408514023e+00
5.374493599e+00
5.356070995e+00
5.488350868e+00
5.352215767e+00
5.457623959e+00
5.400290966e+00
5.423540592e+00
5.367866516e+00
5.546340466e+00
5.325345993e+00
5.422340393e+00
5.521571159e+00
5.405586243e+00
5.462185860e+00
5.469131470e+00
5.491582394e+00
5.452247620e+00
5.424676895e+00
5.562515736e+00
5.421042442e+00
5.530641556e+00
5.480827808e+00
5.509488583e+00
5.454071522e+00
5.614472389e+00
5.418803215e+00
5.510482788e+00
5.605508804e+00
5.474780083e+00
5.517792702e+00
5.535410881e+00
5.571154594e+00
5.536898136e+00
5.523106575e+00
5.664083481e+00
5.507105350e+00
5.624201298e+00
5.579397678e+00
5.605238914e+00
5.550372124e+00
5.718056202e+00
5.511950970e+00
5.612488747e+00
5.710758686e+00
5.568882465e+00
5.610518456e+00
5.631899357e+00
5.658946037e+00
5.623432159e+00
5.603525639e+00
5.743403435e+00
5.588579655e+00
5.699528217e+00
5.654893398e+00
5.670834541e+00
5.631114483e+00
5.804445267e+00
5.582228184e+00
5.687942505e+00
5.789869785e+00
5.666306019e+00
5.720728874e+00
5.732651234e+00
5.769456863e+00
5.721848965e+00
5.705800056e+00
5.830222607e+00
5.709963322e+00
5.809262276e+00
5.769311905e+00
5.795260429e+00
5.755630016e+00
5.902809143e+00
5.705272675e+00
5.825151920e+00
5.923243523e+00
5.784558773e+00
5.834033489e+00
5.862773895e+00
5.887882233e+00
5.847605228e+00
5.824735165e+00
5.965883255e+00
5.836641788e+00
5.942719936e+00
5.886614799e+00
5.916715622e+00
5.864181995e+00
6.039240360e+00
5.845317841e+00
5.929885387e+00
6.029559135e+00
5.889722347e+00
5.951803207e+00
5.969738483e+00
5.999650478e+00
5.953953743e+00
5.919359207e+00
6.062139511e+00
5.918189049e+00
6.019540787e+00
5.975244522e+00
6.006612301e+00
5.967882156e+00
6.135993004e+00
5.924203873e+00
6.021511078e+00
6.124024391e+00
5.985216618e+00
6.049594879e+00
6.069215298e+00
6.086065292e+00
6.046970367e+00
6.038873672e+00
6.160735130e+00
6.022008419e+00
6.140539646e+00
6.096853733e+00
6.133114338e+00
6.076946259e+00
6.242985725e+00
6.022599220e+00
6.109046459e+00
6.212933540e+00
6.081092834e+00
6.126843929e+00
6.148460388e+00
6.173548698e+00
6.136810780e+00
6.121273994e+00
6.276570797e+00
6.147293568e+00
