1.052170372e+01
1.042253780e+01
1.046841431e+01
1.043183994e+01
1.031204128e+01
1.027566433e+01
1.030216026e+01
1.050619221e+01
1.059599972e+01
1.047753716e+01
1.032014275e+01
1.022465611e+01
1.027760124e+01
1.029518986e+01
1.020475292e+01
1.006409359e+01
1.012432957e+01
1.027040577e+01
1.017936802e+01
9.982470512e+00
9.958421707e+00
1.009124184e+01
1.029784012e+01
1.043971539e+01
1.038799381e+01
1.010003948e+01
1.001659966e+01
9.874284744e+00
9.695981026e+00
9.699732780e+00
9.781031609e+00
9.864159584e+00
9.952942848e+00
9.917412758e+00
9.909535408e+00
9.841829300e+00
9.748141289e+00
9.663115501e+00
9.666257858e+00
9.666588783e+00
9.623048782e+00
9.702590942e+00
9.777601242e+00
9.653884888e+00
9.544706345e+00
9.595686913e+00
9.690652847e+00
9.744652748e+00
9.808812141e+00
9.877626419e+00
9.785223007e+00
9.671017647e+00
9.491924286e+00
9.196149826e+00
9.201650620e+00
9.408698082e+00
9.551478386e+00
9.545654297e+00
9.470633507e+00
9.401428223e+00
9.399006844e+00
9.386172295e+00
9.404138565e+00
9.410885811e+00
9.440000534e+00
9.366032600e+00
9.352456093e+00
9.397221565e+00
9.434874535e+00
9.416689873e+00
9.496802330e+00
9.591500282e+00
9.579149246e+00
9.404158592e+00
9.256890297e+00
9.309072495e+00
9.461455345e+00
9.382847786e+00
9.159116745e+00
9.029461861e+00
9.090786934e+00
9.226881981e+00
9.283497810e+00
9.282815933e+00
9.277404785e+00
9.256853104e+00
9.079987526e+00
8.929535866e+00
8.995661736e+00
9.021250725e+00
8.975859642e+00
8.968885422e+00
9.130004883e+00
9.360181808e+00
9.401898384e+00
9.281353951e+00
9.257673264e+00
9.233096123e+00
9.146654129e+00
8.996009827e+00
8.935256004e+00
9.021590233e+00
9.005039215e+00
8.823078156e+00
8.759118080e+00
8.967414856e+00
9.139584541e+00
9.113526344e+00
9.058690071e+00
9.001142502e+00
8.863592148e+00
8.785218239e+00
8.797957420e+00
8.882279396e+00
8.860939026e+00
8.801560402e+00
8.753133774e+00
8.748620033e+00
8.867509842e+00
8.936749458e+00
8.943061829e+00
8.917827606e+00
8.828691483e+00
8.663426399e+00
8.475409508e+00
8.524665833e+00
8.793885231e+00
8.949397087e+00
8.859394073e+00
8.766375542e+00
8.732898712e+00
8.599061012e+00
8.606966019e+00
8.735793114e+00
8.824830055e+00
8.753730774e+00
8.604056358e+00
8.613741875e+00
8.705689430e+00
8.781417847e+00
8.853831291e+00
8.899531364e+00
8.803654671e+00
8.701954842e+00
8.746800423e+00
8.775632858e+00
8.625677109e+00
8.566420555e+00
8.679533958e+00
8.530600548e+00
8.351643562e+00
8.492630005e+00
8.632781982e+00
8.617526054e+00
8.717695236e+00
8.886474609e+00
8.797150612e+00
8.699162483e+00
8.625798225e+00
8.586972237e+00
8.638826370e+00
8.635811806e+00
8.627933502e+00
8.684043884e+00
8.776491165e+00
8.824539185e+00
8.772096634e+00
8.692225456e+00
8.702654839e+00
8.696888924e+00
8.523113251e+00
8.288785934e+00
8.225018501e+00
8.444766998e+00
8.522659302e+00
8.431249619e+00
8.457286835e+00
8.488236427e+00
8.485796928e+00
8.480010986e+00
8.595951080e+00
8.756697655e+00
8.774000168e+00
8.670404434e+00
8.522747040e+00
8.364889145e+00
8.305213928e+00
8.372542381e+00
8.427695274e+00
8.589083672e+00
8.667215347e+00
8.552990913e+00
8.471634865e+00
8.550524712e+00
8.647179604e+00
8.651194572e+00
8.668176651e+00
8.554104805e+00
8.473768234e+00
8.437765121e+00
8.485950470e+00
8.487083435e+00
8.404737473e+00
8.358357430e+00
8.384550095e+00
8.520099640e+00
8.714438438e+00
8.777772903e+00
8.645766258e+00
8.539154053e+00
8.448349953e+00
8.442256927e+00
8.596918106e+00
8.711597443e+00
8.778749466e+00
8.838107109e+00
8.836386681e+00
8.711435318e+00
8.676062584e+00
8.670079231e+00
8.611958504e+00
8.622262955e+00
8.651511192e+00
8.586455345e+00
8.583224297e+00
8.599985123e+00
8.578376770e+00
8.436344147e+00
8.412557602e+00
8.524354935e+00
8.622386932e+00
8.701825142e+00
8.861900330e+00
8.922427177e+00
8.885173798e+00
8.781765938e+00
8.609731674e+00
8.568747520e+00
8.741463661e+00
8.929623604e+00
8.938613892e+00
8.919167519e+00
8.945388794e+00
9.111795425e+00
9.284395218e+00
9.312513351e+00
9.271964073e+00
9.110158920e+00
8.965555191e+00
8.964336395e+00
8.944975853e+00
8.909924507e+00
8.874069214e+00
8.898513794e+00
9.138312340e+00
9.362051010e+00
9.438154221e+00
9.309853554e+00
9.293210030e+00
9.401882172e+00
9.457730293e+00
9.462332726e+00
9.548629761e+00
9.561356544e+00
9.529805183e+00
9.462672234e+00
9.332379341e+00
9.479925156e+00
9.657225609e+00
9.652747154e+00
9.653129578e+00
9.591581345e+00
9.655463219e+00
9.563988686e+00
9.587913513e+00
9.682849884e+00
9.818420410e+00
9.631120682e+00
9.573204041e+00
9.635079384e+00
9.765592575e+00
9.910643578e+00
9.823619843e+00
9.724618912e+00
9.644414902e+00
9.683506966e+00
9.803400040e+00
9.618097305e+00
9.722864151e+00
9.923739433e+00
9.823838234e+00
9.589226723e+00
9.629053116e+00
9.680802345e+00
9.922100067e+00
1.007253838e+01
9.895953178e+00
9.813570976e+00
9.773077965e+00
9.686881065e+00
9.637580872e+00
9.743866920e+00
9.854423523e+00
9.631632805e+00
9.541628838e+00
9.720402718e+00
9.976114273e+00
1.000068951e+01
1.006022549e+01
9.862884521e+00
9.848848343e+00
9.942618370e+00
9.829152107e+00
9.726688385e+00
9.736397743e+00
9.810484886e+00
9.832786560e+00
9.844111443e+00
9.898933411e+00
9.807530403e+00
9.723381042e+00
9.623726845e+00
9.644747734e+00
9.632396698e+00
9.725363731e+00
9.680252075e+00
9.828064919e+00
1.001399803e+01
9.876158714e+00
9.698480606e+00
9.697393417e+00
9.782422066e+00
9.728133202e+00
9.786623001e+00
9.868354797e+00
9.732696533e+00
9.782285690e+00
9.682086945e+00
9.566018105e+00
9.466200829e+00
9.627039909e+00
9.715962410e+00
9.958002090e+00
1.011854649e+01
1.003095913e+01
9.860985756e+00
9.669015884e+00
9.588303566e+00
9.469907761e+00
9.523877144e+00
9.687082291e+00
9.711066246e+00
9.781423569e+00
9.724092484e+00
9.672066689e+00
9.685403824e+00
9.726455688e+00
9.458361626e+00
9.412342072e+00
9.437874794e+00
9.472854614e+00
9.620863914e+00
9.652616501e+00
9.571912766e+00
9.475340843e+00
9.548667908e+00
9.701960564e+00
9.681297302e+00
9.704587936e+00
9.644656181e+00
9.616147995e+00
9.593128204e+00
9.660761833e+00
9.442757607e+00
9.486929893e+00
9.543190956e+00
9.472681999e+00
9.427157402e+00
9.401713371e+00
9.512707710e+00
9.659185410e+00
9.706984520e+00
9.692533493e+00
9.470172882e+00
9.456789970e+00
9.533856392e+00
9.595788956e+00
9.543848038e+00
9.554233551e+00
9.267317772e+00
9.198353767e+00
9.250606537e+00
9.286905289e+00
9.314166069e+00
9.129140854e+00
8.982029915e+00
9.166566849e+00
9.478267670e+00
9.545898438e+00
9.299947739e+00
9.158889771e+00
9.101692200e+00
9.024437904e+00
8.987429619e+00
9.145709991e+00
9.096777916e+00
9.236024857e+00
9.385916710e+00
9.163215637e+00
8.999145508e+00
8.987232208e+00
9.149160385e+00
9.218157768e+00
9.178196907e+00
9.103831291e+00
8.986206055e+00
9.020513535e+00
8.962507248e+00
8.860777855e+00
8.746901512e+00
8.967041969e+00
9.150664330e+00
9.303602219e+00
9.296094894e+00
9.050670624e+00
8.905887604e+00
8.917852402e+00
8.956364632e+00
8.991280556e+00
9.079934120e+00
9.225680351e+00
9.229516983e+00
9.370866776e+00
9.376907349e+00
9.202426910e+00
9.074678421e+00
9.271720886e+00
9.238240242e+00
9.128163338e+00
8.953601837e+00
8.770448685e+00
8.841246605e+00
9.032615662e+00
9.157904625e+00
8.983275414e+00
8.759362221e+00
8.894650459e+00
9.153347015e+00
9.360266685e+00
9.237760544e+00
9.039299965e+00
8.976012230e+00
9.053358078e+00
8.839764595e+00
8.758294106e+00
8.834920883e+00
8.898229599e+00
9.006106377e+00
9.035072327e+00
9.063678741e+00
9.027341843e+00
8.982232094e+00
9.030026436e+00
8.915122986e+00
8.892008781e+00
8.832736969e+00
8.822171211e+00
8.853799820e+00
8.959489822e+00
8.781164169e+00
8.765433311e+00
8.726142883e+00
8.712162018e+00
8.824423790e+00
8.905301094e+00
8.967539787e+00
8.971888542e+00
8.996961594e+00
9.038622856e+00
8.838127136e+00
8.720144272e+00
8.731057167e+00
8.763094902e+00
8.749190331e+00
8.996980667e+00
8.960213661e+00
8.870535851e+00
8.739352226e+00
8.591717720e+00
8.688306808e+00
8.890809059e+00
9.046656609e+00
8.906262398e+00
8.674249649e+00
8.649192810e+00
8.682559967e+00
8.799954414e+00
8.832736969e+00
8.849499702e+00
8.776192665e+00
8.904479980e+00
8.863598824e+00
8.935206413e+00
8.886817932e+00
8.596269608e+00
8.513800621e+00
8.686487198e+00
8.806737900e+00
8.731540680e+00
8.765869141e+00
8.931011200e+00
8.877930641e+00
8.860973358e+00
8.690700531e+00
8.454725266e+00
8.504245758e+00
8.807830811e+00
8.663337708e+00
8.687514305e+00
8.835177422e+00
8.890433311e+00
8.967189789e+00
8.857545853e+00
8.657003403e+00
8.479496956e+00
8.462605476e+00
8.644089699e+00
8.658034325e+00
8.704496384e+00
8.642865181e+00
8.538107872e+00
8.478404045e+00
8.651980400e+00
8.557476044e+00
8.583705902e+00
8.683487892e+00
8.674823761e+00
8.764188766e+00
8.612798691e+00
8.451297760e+00
8.478817940e+00
8.652835846e+00
8.808514595e+00
8.819968224e+00
8.977014542e+00
8.976314545e+00
8.904166222e+00
8.762310982e+00
8.693017960e+00
8.454247475e+00
8.513332367e+00
8.600071907e+00
8.622878075e+00
8.718793869e+00
8.777933121e+00
8.797969818e+00
8.675906181e+00
8.497719765e+00
8.495450020e+00
8.358744621e+00
8.380721092e+00
8.545014381e+00
8.758402824e+00
8.741753578e+00
8.652559280e+00
8.402848244e+00
8.445998192e+00
8.655451775e+00
8.782997131e+00
8.874464989e+00
8.770842552e+00
8.695700645e+00
8.748841286e+00
8.878830910e+00
8.947008133e+00
8.758101463e+00
8.674386024e+00
8.555073738e+00
8.578335762e+00
8.718375206e+00
9.009100914e+00
8.944343567e+00
8.812438011e+00
8.659760475e+00
8.515659332e+00
8.521507263e+00
8.544402122e+00
8.599659920e+00
8.594529152e+00
8.565788269e+00
8.551992416e+00
8.559413910e+00
8.691946030e+00
8.676414490e+00
8.641170502e+00
8.610310555e+00
8.685600281e+00
8.733237267e+00
8.855240822e+00
8.867659569e+00
8.713579178e+00
8.701051712e+00
8.689594269e+00
8.683785439e+00
8.656595230e+00
8.689109802e+00
8.710501671e+00
8.534468651e+00
8.582441330e+00
8.620500565e+00
8.654065132e+00
8.547259331e+00
8.581849098e+00
8.412035942e+00
8.498002052e+00
8.579927444e+00
8.385517120e+00
8.280006409e+00
8.404749870e+00
8.691406250e+00
8.795611382e+00
8.707619667e+00
8.734872818e+00
8.738471031e+00
8.762545586e+00
8.659208298e+00
8.462277412e+00
8.391201973e+00
8.609023094e+00
8.607792854e+00
8.606788635e+00
8.538772583e+00
8.381506920e+00
8.551928520e+00
8.789679527e+00
9.008899689e+00
8.867915154e+00
8.642669678e+00
8.724949837e+00
8.813414574e+00
8.860730171e+00
8.666876793e+00
8.512689590e+00
8.459156036e+00
8.691190720e+00
8.618422508e+00
8.515611649e+00
8.407582283e+00
8.442415237e+00
8.662463188e+00
8.760262489e+00
8.636779785e+00
8.489797592e+00
8.593828201e+00
8.753644943e+00
8.527680397e+00
8.403409958e+00
8.397079468e+00
8.537771225e+00
8.713813782e+00
8.897906303e+00
8.659339905e+00
8.546819687e+00
8.657223701e+00
8.775135040e+00
8.839042664e+00
8.741603851e+00
8.570765495e+00
8.507910728e+00
8.637565613e+00
8.746146202e+00
8.497240067e+00
8.231611252e+00
8.092025757e+00
8.302270889e+00
8.524672508e+00
8.752841949e+00
8.544988632e+00
8.475785255e+00
8.565547943e+00
8.531094551e+00
8.574414253e+00
8.670478821e+00
8.757822037e+00
8.763624191e+00
8.749941826e+00
8.699222565e+00
8.577375412e+00
8.608324051e+00
8.708317757e+00
8.791178703e+00
8.618518829e+00
8.533839226e+00
8.398338318e+00
8.672724724e+00
8.864756584e+00
8.657534599e+00
8.355862617e+00
8.169892311e+00
8.221447945e+00
8.457345963e+00
8.695619583e+00
8.911195755e+00
8.804775238e+00
8.660786629e+00
8.577090263e+00
8.631369591e+00
8.624057770e+00
8.737565041e+00
8.708911896e+00
8.820255280e+00
8.741818428e+00
8.451675415e+00
8.222925186e+00
8.266838074e+00
8.608819962e+00
8.766343117e+00
8.654479980e+00
8.581196785e+00
8.525785446e+00
8.549265862e+00
8.440414429e+00
8.497718811e+00
8.487394333e+00
8.515045166e+00
8.404538155e+00
8.470876694e+00
8.704954147e+00
8.792494774e+00
8.695351601e+00
8.536126137e+00
8.481916428e+00
8.345749855e+00
8.271045685e+00
8.527207375e+00
8.729528427e+00
8.779620171e+00
8.579226494e+00
8.420944214e+00
8.419064522e+00
8.638943672e+00
8.646844864e+00
8.667311668e+00
8.602933884e+00
8.405019760e+00
8.357642174e+00
8.382750511e+00
8.507493019e+00
8.453175545e+00
8.357155800e+00
8.468499184e+00
8.460575104e+00
8.494685173e+00
8.520176888e+00
8.664474487e+00
8.737038612e+00
8.737497330e+00
8.460945129e+00
8.322946548e+00
8.276614189e+00
8.308040619e+00
8.539488792e+00
8.671933174e+00
8.756726265e+00
8.794440269e+00
8.749326706e+00
8.631126404e+00
8.463303566e+00
8.480695724e+00
8.443712234e+00
8.444958687e+00
8.434257507e+00
8.516446114e+00
8.297627449e+00
8.265266418e+00
8.361874580e+00
8.293441772e+00
8.340244293e+00
8.429825783e+00
8.655195236e+00
8.751286507e+00
8.672069550e+00
8.591014862e+00
8.410673141e+00
8.430726051e+00
8.535099030e+00
8.659651756e+00
8.655502319e+00
8.755308151e+00
8.585824013e+00
8.552388191e+00
8.532656670e+00
8.375724792e+00
8.400303841e+00
8.601141930e+00
8.784261703e+00
8.691078186e+00
8.449887276e+00
8.322161674e+00
8.320566177e+00
8.579363823e+00
8.648198128e+00
8.547893524e+00
8.322610855e+00
8.428776741e+00
8.411084175e+00
8.423733711e+00
8.519606590e+00
8.489536285e+00
8.489060402e+00
8.458116531e+00
8.476639748e+00
8.497240067e+00
8.457279205e+00
8.399904251e+00
8.299836159e+00
8.395487785e+00
8.520550728e+00
8.590967178e+00
8.574146271e+00
8.686493874e+00
8.493551254e+00
8.427506447e+00
8.413125992e+00
8.334342003e+00
8.534211159e+00
8.656155586e+00
8.560662270e+00
8.398013115e+00
8.372715950e+00
8.516159058e+00
8.525565147e+00
8.570589066e+00
8.360265732e+00
8.254466057e+00
8.284189224e+00
8.523777962e+00
8.543465614e+00
8.672788620e+00
8.651185036e+00
8.404315948e+00
8.430768967e+00
8.571184158e+00
8.498549461e+00
8.280485153e+00
8.313718796e+00
8.486326218e+00
8.391930580e+00
8.443375587e+00
8.492209435e+00
8.508111000e+00
8.416038513e+00
8.502893448e+00
8.405727386e+00
8.493724823e+00
8.657711983e+00
8.585298538e+00
8.571111679e+00
8.512806892e+00
8.596995354e+00
8.663886070e+00
8.602359772e+00
8.506358147e+00
8.432222366e+00
8.608339310e+00
8.672699928e+00
8.659832001e+00
8.554155350e+00
8.466316223e+00
8.125892639e+00
8.230445862e+00
8.462805748e+00
8.417837143e+00
8.389901161e+00
8.351333618e+00
8.292171478e+00
8.230390549e+00
8.173572540e+00
8.314126968e+00
8.393590927e+00
8.692389488e+00
8.697015762e+00
8.556031227e+00
8.482134819e+00
8.633183479e+00
8.642691612e+00
8.653819084e+00
8.612292290e+00
8.523254395e+00
8.565196037e+00
8.578010559e+00
8.560986519e+00
8.530169487e+00
8.553868294e+00
8.573184013e+00
8.458678246e+00
8.526484489e+00
8.597281456e+00
8.647148132e+00
8.524935722e+00
8.645894051e+00
8.455857277e+00
8.293850899e+00
8.309853554e+00
8.406772614e+00
8.626938820e+00
8.758100510e+00
8.773260117e+00
8.611359596e+00
8.434122086e+00
8.550489426e+00
8.586207390e+00
8.573797226e+00
8.483861923e+00
8.450324059e+00
8.476234436e+00
8.605397224e+00
8.438446045e+00
8.480566025e+00
8.547193527e+00
8.413023949e+00
8.459027290e+00
8.571527481e+00
8.546361923e+00
8.394598961e+00
8.409811020e+00
8.511359215e+00
8.398645401e+00
8.326214790e+00
8.213369370e+00
8.214302063e+00
8.344912529e+00
8.677395821e+00
8.578381538e+00
8.537482262e+00
8.644592285e+00
8.638177872e+00
8.481106758e+00
8.330720901e+00
8.303177834e+00
8.280368805e+00
8.381820679e+00
8.558021545e+00
8.521897316e+00
8.533532143e+00
8.365665436e+00
8.219462395e+00
8.204008102e+00
8.347525597e+00
8.335260391e+00
8.528795242e+00
8.745526314e+00
8.687069893e+00
8.610748291e+00
8.554965019e+00
8.542527199e+00
8.486371994e+00
8.466443062e+00
8.524976730e+00
8.523188591e+00
8.668336868e+00
8.596035004e+00
8.476929665e+00
8.370161057e+00
8.464784622e+00
8.342644691e+00
8.405312538e+00
8.406557083e+00
8.427266121e+00
8.617469788e+00
8.623118401e+00
8.494599342e+00
8.381371498e+00
8.339359283e+00
8.583989143e+00
8.678153038e+00
8.739151001e+00
8.599878311e+00
8.540989876e+00
8.546178818e+00
8.738525391e+00
8.656839371e+00
8.543940544e+00
8.434951782e+00
8.378623009e+00
8.539254189e+00
8.703209877e+00
8.643332481e+00
8.464479446e+00
8.402563095e+00
8.454943657e+00
8.257467270e+00
8.232762337e+00
8.304432869e+00
8.537963867e+00
8.588726044e+00
8.590367317e+00
8.400429726e+00
8.358381271e+00
8.398288727e+00
8.396058083e+00
8.465265274e+00
8.545869827e+00
8.469516754e+00
8.253162384e+00
8.348398209e+00
8.674122810e+00
8.585103989e+00
8.412837982e+00
8.365718842e+00
8.430809021e+00
8.552671432e+00
8.698889732e+00
8.454423904e+00
8.342827797e+00
8.471047401e+00
8.411384583e+00
8.274471283e+00
8.268671036e+00
8.385482788e+00
8.528182030e+00
8.511968613e+00
8.457173347e+00
8.365328789e+00
