4.701716900e+00
4.673958302e+00
4.629281521e+00
4.584632874e+00
4.533013344e+00
4.473405838e+00
4.428814888e+00
4.397793770e+00
4.384737015e+00
4.358085632e+00
4.313211441e+00
4.300311089e+00
4.269348621e+00
4.212970257e+00
4.169839382e+00
4.148482323e+00
4.129563808e+00
4.088082790e+00
4.039059162e+00
4.034654617e+00
3.985951185e+00
3.979707718e+00
3.948935986e+00
3.942914486e+00
3.927005291e+00
3.905837774e+00
3.866132259e+00
3.842777729e+00
3.815556288e+00
3.804910421e+00
3.772238731e+00
3.736684084e+00
3.699763775e+00
3.670990467e+00
3.647667646e+00
3.607614040e+00
3.580583096e+00
3.566418171e+00
3.531624079e+00
3.491382360e+00
3.456778765e+00
3.427560806e+00
3.409054756e+00
3.389437437e+00
3.347291470e+00
3.335217953e+00
3.299409866e+00
3.287558317e+00
3.232924461e+00
3.200630665e+00
3.145998478e+00
3.158230782e+00
3.129173756e+00
3.105947018e+00
3.087123394e+00
3.090038776e+00
3.083415747e+00
3.063989162e+00
3.039432287e+00
3.007015228e+00
2.987906933e+00
2.963474989e+00
2.941673279e+00
2.931975603e+00
2.924971819e+00
2.902695179e+00
2.883554220e+00
2.857728004e+00
2.819225073e+00
2.794383287e+00
2.767417192e+00
2.743365526e+00
2.720708609e+00
2.716811180e+00
2.717506886e+00
2.684236288e+00
2.675110579e+00
2.681225300e+00
2.676378012e+00
2.688988209e+00
2.644657135e+00
2.613445282e+00
2.582612276e+00
2.545916080e+00
2.547691822e+00
2.528298140e+00
2.503992081e+00
2.490144491e+00
2.457850933e+00
2.434400797e+00
2.437950373e+00
2.413136482e+00
2.425020456e+00
2.400049210e+00
2.377172947e+00
2.359493971e+00
2.337311029e+00
2.326219082e+00
2.343363047e+00
2.335186481e+00
2.333824158e+00
2.298553705e+00
2.267214060e+00
2.237140179e+00
2.235935450e+00
2.226459980e+00
2.216953993e+00
2.230707884e+00
2.201171398e+00
2.185011148e+00
2.164984941e+00
2.154941082e+00
2.139792442e+00
2.117707491e+00
2.074139833e+00
2.070590258e+00
2.061273813e+00
2.046730518e+00
2.046222448e+00
2.013995409e+00
1.984302640e+00
1.983383179e+00
1.979707718e+00
1.944374561e+00
1.899758101e+00
1.881410360e+00
1.877892494e+00
1.885275722e+00
1.862334013e+00
1.849341989e+00
1.847091794e+00
1.836761236e+00
1.840183616e+00
1.833972454e+00
1.809763551e+00
1.795186162e+00
1.783144712e+00
1.767173409e+00
1.760392070e+00
1.757350206e+00
1.715870142e+00
1.728069544e+00
1.721383452e+00
1.717676163e+00
1.678636193e+00
1.642954707e+00
1.626413465e+00
1.620551586e+00
1.607369065e+00
1.594060302e+00
1.576663256e+00
1.568043947e+00
1.563924432e+00
1.535372853e+00
1.521335483e+00
1.516867399e+00
1.524124146e+00
1.512906075e+00
1.496839881e+00
1.507772803e+00
1.508660078e+00
1.492942929e+00
1.476180673e+00
1.462839484e+00
1.446171641e+00
1.421262860e+00
1.404215097e+00
1.394456267e+00
1.370056152e+00
1.336528063e+00
1.340742707e+00
1.330221057e+00
1.301096439e+00
1.291747689e+00
1.306451321e+00
1.312250137e+00
1.292351365e+00
1.290671825e+00
1.276728511e+00
1.269978642e+00
1.272323847e+00
1.264464498e+00
1.263165236e+00
1.237781882e+00
1.230429888e+00
1.211226583e+00
1.208248258e+00
1.202005386e+00
1.205522776e+00
1.218800426e+00
1.207614064e+00
1.206790328e+00
1.197886586e+00
1.192944169e+00
1.183912873e+00
1.160019875e+00
1.180933833e+00
1.187430024e+00
1.127633214e+00
1.149277091e+00
1.163283229e+00
1.119171381e+00
1.122498751e+00
1.122942090e+00
1.104087114e+00
1.085993290e+00
1.087831020e+00
1.076834559e+00
1.039788842e+00
1.053351998e+00
1.036683679e+00
1.035004497e+00
1.033578515e+00
1.036177039e+00
1.028159976e+00
1.015547156e+00
1.007434726e+00
1.000748396e+00
9.998299479e-01
1.009716034e+00
1.003061891e+00
9.848094583e-01
9.785035849e-01
9.792640805e-01
9.747640491e-01
9.822425842e-01
9.742887020e-01
9.839537740e-01
9.972631335e-01
9.856330156e-01
9.816402197e-01
9.872810841e-01
9.629762173e-01
9.563840032e-01
9.480503798e-01
9.405714273e-01
9.203544259e-01
9.110377431e-01
9.290369153e-01
9.388602376e-01
9.440573454e-01
9.421561360e-01
9.468141198e-01
9.497927427e-01
9.578416348e-01
9.692497253e-01
9.893721342e-01
9.900695682e-01
9.801192880e-01
9.890236855e-01
9.979915023e-01
1.007561207e+00
9.952341914e-01
1.013043404e+00
1.006927609e+00
9.429481030e-01
1.033071399e+00
9.859178662e-01
9.821467400e-01
1.038965464e+00
1.058422446e+00
9.486520886e-01
1.048599839e+00
1.066726804e+00
9.819886684e-01
1.046856761e+00
1.046538591e+00
1.047902107e+00
1.048059940e+00
9.952352047e-01
1.093630075e+00
1.004392982e+00
1.084947586e+00
1.060069799e+00
1.096735597e+00
1.057946086e+00
1.201403022e+00
1.063429236e+00
1.139801979e+00
1.244372964e+00
1.114958525e+00
1.142971039e+00
1.200674176e+00
1.231317878e+00
1.231603384e+00
1.184260488e+00
1.275017381e+00
1.171045780e+00
1.262690425e+00
1.228244066e+00
1.243232608e+00
1.198457003e+00
1.342419505e+00
1.212050915e+00
1.244658113e+00
1.304804683e+00
1.209040523e+00
1.223363996e+00
1.231602907e+00
1.224219918e+00
1.180109024e+00
1.132576704e+00
1.231856585e+00
1.121802568e+00
1.163409829e+00
1.122593999e+00
1.125478625e+00
1.091285348e+00
1.207614779e+00
1.064031839e+00
1.102028489e+00
1.196745753e+00
1.099841475e+00
1.107668400e+00
1.115242243e+00
1.139421701e+00
1.126777411e+00
1.085645199e+00
1.202543855e+00
1.090619683e+00
1.163315177e+00
1.155107379e+00
1.186034322e+00
1.115654945e+00
1.210054755e+00
1.053922415e+00
1.085770965e+00
1.155266047e+00
1.014501691e+00
1.004266381e+00
9.979605079e-01
1.004963756e+00
9.804047346e-01
9.416488409e-01
1.021758199e+00
9.259946346e-01
9.966289997e-01
9.829076529e-01
9.775207043e-01
9.163300991e-01
1.059562445e+00
9.033379555e-01
9.360721707e-01
1.017765522e+00
9.182314277e-01
9.278967381e-01
9.351528287e-01
9.437406659e-01
9.189594984e-01
8.850205541e-01
9.802778959e-01
8.685107231e-01
9.064423442e-01
8.586875200e-01
8.670848608e-01
8.204396367e-01
9.438678026e-01
7.976238728e-01
8.368856907e-01
9.128756523e-01
8.386919498e-01
8.549481034e-01
8.687326908e-01
8.965870738e-01
8.841016889e-01
8.436045647e-01
9.339794517e-01
8.264290094e-01
8.826124668e-01
8.289323449e-01
8.234820962e-01
7.507242560e-01
8.702861667e-01
6.948584318e-01
7.274974585e-01
8.077955842e-01
7.093082666e-01
7.310460806e-01
7.638440132e-01
7.525946498e-01
7.127940059e-01
6.907389164e-01
8.083032370e-01
6.959676743e-01
7.382395267e-01
6.831653118e-01
6.925444603e-01
6.315122843e-01
7.663153410e-01
6.118026376e-01
6.290411949e-01
7.084205747e-01
6.094266176e-01
6.350309849e-01
6.373435855e-01
6.422873139e-01
6.022023559e-01
5.682638884e-01
6.679230928e-01
5.408527851e-01
6.073043346e-01
5.600242019e-01
5.843619704e-01
5.376200676e-01
6.548367739e-01
5.019401312e-01
5.423103571e-01
6.359196305e-01
5.362580419e-01
5.337860584e-01
5.224431157e-01
5.177846551e-01
4.841312468e-01
4.488624632e-01
5.511196852e-01
4.398311973e-01
4.898353219e-01
4.653715193e-01
4.927821159e-01
4.427461922e-01
5.582173467e-01
4.080142677e-01
4.379292428e-01
5.181016922e-01
3.941981792e-01
4.065252542e-01
4.325422347e-01
4.483236372e-01
4.181877673e-01
3.771177828e-01
4.774134755e-01
3.897623718e-01
4.411619306e-01
3.968610168e-01
4.006322324e-01
3.333555758e-01
4.502247870e-01
3.135820329e-01
3.587395251e-01
4.386259019e-01
3.279697299e-01
3.262581229e-01
3.500883877e-01
3.687217236e-01
3.466028273e-01
3.089556098e-01
4.059871733e-01
2.945689857e-01
3.567433953e-01
3.279377520e-01
3.453670144e-01
2.798019350e-01
4.214509428e-01
2.495391518e-01
2.961215675e-01
4.133075178e-01
3.317403197e-01
3.460954130e-01
3.571236432e-01
3.558558524e-01
3.294589221e-01
2.959631681e-01
3.727777302e-01
2.637038529e-01
3.253709078e-01
2.723869085e-01
2.957415283e-01
2.591730654e-01
4.040858448e-01
2.516315281e-01
2.764112651e-01
3.485672772e-01
2.203543037e-01
2.400322706e-01
2.347715795e-01
2.513144612e-01
2.182946056e-01
1.836910099e-01
2.908304632e-01
1.836910099e-01
2.806577384e-01
2.548003495e-01
2.875658572e-01
2.443741709e-01
3.651090264e-01
2.074897140e-01
2.342020422e-01
3.321214020e-01
2.175667435e-01
2.311294526e-01
2.633241415e-01
2.785660923e-01
2.566064000e-01
2.178830206e-01
3.095574379e-01
2.108165026e-01
2.571763098e-01
2.112916410e-01
2.353423983e-01
1.948771775e-01
3.247050047e-01
1.785257906e-01
1.968099773e-01
2.893086672e-01
1.970634311e-01
2.450076044e-01
2.788511515e-01
2.619602978e-01
2.391460985e-01
2.113868296e-01
3.016357124e-01
1.886667907e-01
2.634817660e-01
2.269460708e-01
2.155063897e-01
1.516229808e-01
2.541020811e-01
9.873387963e-02
9.439237416e-02
1.640443355e-01
5.804516003e-02
7.709016651e-02
9.829093516e-02
1.234831065e-01
1.106806397e-01
6.957989931e-02
1.864479333e-01
6.346403807e-02
1.495311856e-01
1.216772199e-01
1.454432905e-01
8.086172491e-02
2.030847371e-01
5.192933604e-02
9.759366512e-02
1.972227991e-01
9.144602716e-02
1.128678098e-01
1.185717136e-01
1.469645351e-01
1.181281060e-01
9.214305133e-02
1.977296323e-01
8.583706617e-02
1.608758718e-01
8.146399260e-02
8.320681006e-02
4.679574072e-02
1.630623639e-01
2.344123647e-02
5.154908448e-02
1.193955392e-01
3.142678365e-02
6.568222493e-02
1.131526977e-01
1.221523657e-01
1.221208349e-01
7.094242424e-02
1.856562346e-01
6.885113567e-02
1.421163231e-01
9.759276360e-02
1.364758313e-01
6.780532002e-02
2.111648619e-01
8.216018975e-02
9.613502026e-02
1.820115447e-01
1.115680188e-01
1.428446621e-01
1.659772247e-01
1.670231372e-01
1.320390403e-01
9.626220912e-02
1.907892525e-01
8.244536817e-02
1.486119777e-01
1.104588956e-01
1.082086116e-01
6.802710891e-02
2.047322989e-01
7.179807872e-02
1.079234034e-01
1.815681756e-01
6.409786642e-02
7.300239056e-02
9.176190943e-02
1.185706332e-01
1.121380404e-01
8.403008431e-02
1.786530614e-01
5.715840310e-02
1.090641022e-01
6.688648462e-02
9.699069709e-02
3.041312844e-02
1.617632508e-01
7.533920463e-03
3.358202428e-02
1.183488891e-01
1.259559649e-03
3.611715883e-02
3.830367699e-02
5.031355843e-02
1.770599000e-02
-3.527750075e-02
3.728957847e-02
-8.559937030e-02
-2.111265622e-02
-5.726937950e-02
-3.413670883e-02
-9.973260015e-02
2.116005681e-02
-1.270799637e-01
-1.086687520e-01
1.216046885e-02
-9.006756544e-02
-5.787158757e-02
-2.276046760e-02
-2.152460814e-02
-2.770390362e-02
-6.978675723e-02
3.586360812e-02
-6.142088026e-02
1.108305342e-02
-3.103121556e-02
-1.211306732e-02
-7.916668802e-02
6.929524243e-02
-7.713849097e-02
-4.998105392e-02
5.018697307e-02
-2.561244927e-02
-1.116240676e-02
9.308487177e-03
3.503970429e-02
-1.376087964e-02
-5.083667114e-02
6.108779088e-02
-3.714713454e-02
2.496270090e-02
-1.648610644e-02
3.065814963e-03
-3.188680857e-02
1.040573493e-01
-8.765935153e-02
-5.841033906e-02
3.801843897e-02
-6.877253205e-02
-3.812948242e-02
-1.978173107e-02
-1.743676700e-02
-4.855504632e-02
-9.735614806e-02
-5.458442494e-03
-8.430011570e-02
-6.092216354e-03
-3.518243507e-02
-2.501035295e-02
-1.018559784e-01
2.287124656e-02
-1.315802038e-01
-8.173364401e-02
3.889720887e-03
-8.319116384e-02
-4.209056869e-02
-5.517799035e-02
-5.514635518e-02
-8.287417144e-02
-1.013806015e-01
3.255947260e-03
-1.004932970e-01
-3.673518077e-02
-4.557632282e-02
-5.173244514e-03
-4.107651860e-02
8.818122000e-02
-5.543160066e-02
-4.906204343e-02
5.034533143e-02
-5.162883177e-02
-2.405970357e-02
7.058590185e-03
3.050822020e-02
-1.509180479e-02
-6.563527882e-02
3.785999864e-02
-8.106797934e-02
-8.722377941e-03
-3.752738237e-02
2.748928033e-03
-3.717882186e-02
7.157673687e-02
-7.498364151e-02
-5.717446283e-02
4.537021741e-02
-3.591129929e-02
-1.851417124e-02
6.891632802e-04
-1.547208428e-02
-5.822019652e-02
-9.811666608e-02
1.723065972e-02
-1.104118600e-01
-5.666755140e-02
-8.550454676e-02
-5.641396344e-02
-1.256541163e-01
-1.623259671e-02
-1.771159768e-01
-1.394385248e-01
-4.430877790e-02
-1.375373602e-01
-1.293299496e-01
-1.068627462e-01
-1.142777577e-01
-1.545220315e-01
-1.970161945e-01
-9.491610527e-02
-1.975865960e-01
-1.464731097e-01
-1.634268016e-01
-1.233723462e-01
-1.794607639e-01
-5.904417485e-02
-2.051921338e-01
-1.489131451e-01
-5.321329832e-02
-1.552192271e-01
-1.372836381e-01
-1.053733006e-01
-8.262078464e-02
-9.596198797e-02
-1.350022405e-01
-2.653142251e-02
-1.143095419e-01
-5.286476761e-02
-8.303284645e-02
-3.629161790e-02
-8.097305149e-02
6.675998122e-02
-6.626915932e-02
-4.725591838e-02
3.155394644e-02
-9.143016487e-02
-8.182855695e-02
-6.639588624e-02
-4.820652679e-02
-7.954690605e-02
-1.348436326e-01
-3.800271824e-02
-1.749608964e-01
-9.963775426e-02
-1.494517475e-01
-1.182706282e-01
-1.594971567e-01
-5.521819927e-03
-1.466317028e-01
-1.149117649e-01
-1.597908698e-02
-8.572598547e-02
-4.430877790e-02
-6.100730388e-04
-1.664455049e-02
-7.685324550e-02
-1.313897222e-01
-8.975887671e-03
-1.064189449e-01
-3.439021856e-02
-7.736026496e-02
-5.986785144e-02
-9.992273152e-02
2.407541685e-02
-1.163060367e-01
-8.791268617e-02
-1.192293502e-02
-1.225169227e-01
-9.181041270e-02
-8.189168572e-02
-8.835627139e-02
-1.186509952e-01
-1.491668075e-01
-3.635491431e-02
-1.464415789e-01
-1.061656103e-01
-1.492617428e-01
-1.340512037e-01
-1.640921831e-01
-1.338061504e-02
-1.754677743e-01
-1.811083853e-01
-9.817986935e-02
-1.791757494e-01
-1.658668071e-01
-1.366180778e-01
-1.145947203e-01
-1.453009397e-01
-1.911860406e-01
-8.239889145e-02
-1.922315806e-01
-1.555997580e-01
-1.804434806e-01
-1.562016904e-01
-2.080761343e-01
-7.517392933e-02
-2.247760445e-01
-1.861157566e-01
-8.103627712e-02
-1.786688268e-01
-1.520506293e-01
-1.191897392e-01
-9.333167225e-02
-8.775442839e-02
-1.012856439e-01
2.146800514e-03
-1.134224087e-01
-4.570339620e-02
-9.108173102e-02
-8.109965175e-02
-1.580081284e-01
-2.342588827e-02
-1.806650907e-01
-1.562970728e-01
-7.105412334e-02
-1.716338694e-01
-1.594022512e-01
-1.538570374e-01
-1.544899493e-01
-1.974921823e-01
-2.332051843e-01
-1.300586760e-01
-2.290222794e-01
-1.505929530e-01
-2.206881195e-01
-2.152378112e-01
-2.617575228e-01
-1.216930822e-01
-2.659719288e-01
-2.405889481e-01
-1.424171776e-01
-2.464829832e-01
-2.399234325e-01
-2.120370418e-01
-1.903618574e-01
-2.072837055e-01
-2.606484294e-01
-1.462513506e-01
-2.234134078e-01
-1.514800787e-01
-1.971747130e-01
-1.828831136e-01
-2.396379858e-01
-8.559948951e-02
-2.249342501e-01
-1.807278395e-01
-9.884548932e-02
-1.853231043e-01
-1.673872173e-01
-1.518287510e-01
-1.427973807e-01
-1.455542296e-01
-1.806965321e-01
-6.801185012e-02
-1.820589900e-01
-9.776780754e-02
-1.440334171e-01
-1.271118820e-01
-1.548707634e-01
-5.775329657e-03
-1.527159959e-01
-1.103167012e-01
-4.231239110e-02
-1.478042901e-01
-1.183657721e-01
-9.127157927e-02
-1.002079919e-01
-1.125031784e-01
-1.548708230e-01
-4.586152360e-02
-1.618740857e-01
-8.797574043e-02
-1.231504232e-01
-1.076229289e-01
-1.710953116e-01
-5.448084697e-02
-1.892212480e-01
-1.592755318e-01
-4.950575158e-02
-1.527160257e-01
-1.447623521e-01
-1.496740729e-01
-1.417516172e-01
-1.603212804e-01
-1.845313162e-01
-6.737818569e-02
-1.875733733e-01
-1.201400906e-01
-1.330058575e-01
-1.088269949e-01
-1.548709273e-01
-1.242991164e-02
-1.576910913e-01
-1.212809905e-01
-2.526387386e-02
-1.276188195e-01
-1.059434116e-01
-8.965527266e-02
-1.076229140e-01
-1.267632842e-01
-1.542052776e-01
-4.931559041e-02
-1.592121571e-01
-8.987735957e-02
-1.258126348e-01
-1.152918264e-01
-1.671652645e-01
-1.404607762e-02
-1.734712273e-01
-1.474552155e-01
-4.285109788e-02
-1.495786309e-01
-1.228021085e-01
-9.535954893e-02
-8.731057495e-02
-9.957432747e-02
-1.237527505e-01
-2.881300822e-02
-1.186824888e-01
-7.121244073e-02
-1.140877306e-01
-1.045177057e-01
-1.627295911e-01
-2.691168524e-02
-1.912486404e-01
-1.614619195e-01
-6.883580238e-02
-2.028467357e-01
-1.773376167e-01
-1.532546729e-01
-1.624760777e-01
-1.895375103e-01
-2.452462912e-01
-1.263511777e-01
-2.311763018e-01
-1.785098463e-01
-2.011990398e-01
-1.990758032e-01
-2.570665479e-01
-1.176368669e-01
-2.682532072e-01
-2.675560117e-01
-1.832947880e-01
-2.635312378e-01
-2.427744567e-01
-2.051285654e-01
-2.065860927e-01
-2.457530349e-01
-2.803263664e-01
-1.578491926e-01
-2.561790347e-01
-1.789221168e-01
-2.006284893e-01
-1.985370964e-01
-2.470841408e-01
-1.104751900e-01
-2.518061399e-01
-2.112441808e-01
-1.192212850e-01
-2.141596526e-01
-1.978081763e-01
-1.796187758e-01
-1.908050627e-01
-2.205608040e-01
-2.420140505e-01
-1.224218160e-01
-2.332995385e-01
-1.861150712e-01
-2.311763912e-01
-2.233811021e-01
-2.692666948e-01
-1.378856003e-01
-2.840970755e-01
-2.513307631e-01
-1.485013068e-01
-2.506335974e-01
-2.338385135e-01
-2.332048416e-01
-2.184694409e-01
-2.509191930e-01
-2.977865636e-01
-2.078221291e-01
-3.106529415e-01
-2.623589337e-01
-3.060258925e-01
-2.890409827e-01
-3.484272659e-01
-2.018646896e-01
-3.484587669e-01
-3.176884949e-01
-2.150153518e-01
-3.081175089e-01
-3.045998812e-01
-2.721507251e-01
-2.671441138e-01
-2.986104190e-01
-3.471278548e-01
-2.341235876e-01
-3.362578750e-01
-2.552598715e-01
-2.948396504e-01
-2.634678483e-01
-3.108108044e-01
-1.644090265e-01
-2.910366356e-01
-2.363418341e-01
-1.471704096e-01
-2.435035110e-01
-2.271202654e-01
-1.935620755e-01
-1.831999272e-01
-2.169481367e-01
-2.528835237e-01
-1.316115111e-01
-1.941956580e-01
