1.410993747e-02
2.050261945e-02
2.219723165e-02
3.108360991e-02
3.817893565e-02
3.272311017e-02
2.394695207e-02
1.944176480e-02
2.363007329e-02
2.223856188e-02
2.672997303e-02
1.744405180e-02
2.796993218e-02
2.905834094e-02
2.936144359e-02
3.073917516e-02
2.905834094e-02
2.984364890e-02
2.885168232e-02
3.334309161e-02
2.032351308e-02
3.142804280e-02
3.664965183e-02
3.065651096e-02
3.328798339e-02
3.046362847e-02
3.277822211e-02
1.999285817e-02
2.965076640e-02
3.101472184e-02
2.970587648e-02
3.189647198e-02
2.692285553e-02
3.622255474e-02
4.629378393e-02
3.620877489e-02
4.936612770e-02
2.850724757e-02
3.149693087e-02
3.696652874e-02
3.764161840e-02
3.308132291e-02
4.140283167e-02
3.350841999e-02
3.418350965e-02
4.298722371e-02
4.739596695e-02
3.696652874e-02
2.455315366e-02
2.769438550e-02
3.160714731e-02
3.766917437e-02
3.538213670e-02
3.151070699e-02
3.602967039e-02
3.255778179e-02
2.386428788e-02
3.257156163e-02
3.149693087e-02
3.367374837e-02
3.080806322e-02
3.436261415e-02
3.623633087e-02
4.045219347e-02
3.525814041e-02
2.685396932e-02
2.423627488e-02
2.878279425e-02
2.161858231e-02
2.785971388e-02
2.787349187e-02
2.353363112e-02
2.245900035e-02
1.466103084e-02
2.500780672e-02
3.149693087e-02
1.598365419e-02
1.333840750e-02
1.810536347e-02
1.278731413e-02
2.327186242e-02
1.984130777e-02
1.570810750e-02
1.047272235e-02
2.130170353e-02
1.901466772e-02
2.932011150e-02
2.288609743e-02
2.369895950e-02
1.660363376e-02
7.321494049e-04
7.083498873e-03
1.247043535e-02
2.255544066e-02
1.625920087e-02
2.000663429e-02
2.416738868e-02
2.380917780e-02
2.637176216e-02
3.213068470e-02
3.133160248e-02
4.057618976e-02
4.520537332e-02
4.012153670e-02
3.689764440e-02
4.629378393e-02
3.886780143e-02
2.728106640e-02
2.663353086e-02
2.726728842e-02
3.671853617e-02
2.466337383e-02
2.890679054e-02
3.947400302e-02
3.470704705e-02
3.653943166e-02
3.210313246e-02
2.644064836e-02
2.481492423e-02
2.438782714e-02
3.058762476e-02
2.610999346e-02
2.535223961e-02
2.200434729e-02
2.898945473e-02
4.535692558e-02
4.655555263e-02
3.348086402e-02
3.283333033e-02
3.215824068e-02
4.537070170e-02
3.462438285e-02
3.403195739e-02
2.296876162e-02
9.797632694e-03
1.481258124e-02
1.387572289e-02
1.934532262e-02
2.970587648e-02
3.108360991e-02
2.599977329e-02
2.418116666e-02
3.590567410e-02
2.944410592e-02
1.614898257e-02
2.339585871e-02
3.659453988e-02
2.940277569e-02
1.510190498e-02
2.605488338e-02
3.456927463e-02
3.288843855e-02
3.310887516e-02
3.589189798e-02
3.663587198e-02
2.316164412e-02
7.855029777e-03
6.339523010e-03
2.092971653e-02
2.357496321e-02
1.844979636e-02
2.914100513e-02
3.207557648e-02
2.539357170e-02
2.536601759e-02
1.682407223e-02
1.955198310e-02
3.725585341e-02
3.264044598e-02
3.258533776e-02
2.487003244e-02
3.159337118e-02
3.057384863e-02
3.281955421e-02
3.146937490e-02
2.536601759e-02
2.784593590e-02
2.628909796e-02
2.938899770e-02
4.487471655e-02
4.349698499e-02
3.496881574e-02
3.064273484e-02
3.082183935e-02
4.656932876e-02
4.100328684e-02
2.827303298e-02
2.525579743e-02
4.344187304e-02
5.359576643e-02
3.685631230e-02
3.473460302e-02
3.713185713e-02
4.218813777e-02
3.655320778e-02
1.357262209e-02
3.651187569e-02
2.989875898e-02
3.326042742e-02
3.286088631e-02
2.883790433e-02
2.719840221e-02
2.449804544e-02
2.383673377e-02
2.969209850e-02
4.021798074e-02
3.545102477e-02
2.903078683e-02
3.984599188e-02
3.915712610e-02
2.849347144e-02
2.503536083e-02
2.099860273e-02
2.314786613e-02
4.210547358e-02
3.120760433e-02
2.518691123e-02
2.728106640e-02
2.944410592e-02
3.501014784e-02
3.381152079e-02
2.113637701e-02
3.236490116e-02
2.992631309e-02
3.130404651e-02
3.495503962e-02
4.056241363e-02
4.362098128e-02
4.063129798e-02
3.885402530e-02
1.401349623e-02
3.615366668e-02
3.247512132e-02
4.539825767e-02
3.846825659e-02
3.670476004e-02
3.173114359e-02
3.299865872e-02
3.930867463e-02
3.507903591e-02
3.852336854e-02
2.079194225e-02
2.335452661e-02
3.281955421e-02
4.024553299e-02
4.100328684e-02
4.464050382e-02
2.440160327e-02
3.401818126e-02
3.768295050e-02
3.185513988e-02
3.638788313e-02
2.186657488e-02
3.067028895e-02
-1.085458603e-02
1.540500671e-02
1.289753243e-02
1.326952036e-02
8.158130571e-03
1.861512475e-02
-1.006927807e-02
-6.060074549e-03
3.109738603e-02
1.474369504e-02
2.952677011e-02
3.512036800e-02
2.011685446e-02
3.520303220e-02
-5.233434960e-03
4.723064229e-02
5.609324668e-03
2.799748629e-02
1.096870657e-02
4.228457808e-02
-3.676596330e-03
4.216058180e-02
2.994009107e-02
8.337236010e-03
3.248889744e-02
2.736373059e-02
2.306520194e-02
1.945554279e-02
1.010073442e-02
4.568757862e-02
-7.754686289e-03
4.034197703e-02
-3.700370435e-04
4.267034307e-02
2.329941653e-02
4.921457544e-02
-8.099119179e-03
2.628909796e-02
2.171502449e-02
-2.009539399e-03
1.795381308e-02
5.099563394e-03
1.696184464e-02
1.490902249e-02
8.116798475e-03
2.981609479e-02
-1.279718895e-02
3.348086402e-02
-1.621396653e-02
3.824781999e-02
1.833957806e-02
3.799982741e-02
-1.099235937e-02
3.079428524e-02
2.773571759e-02
1.258065365e-02
3.444527835e-02
1.922132820e-02
2.759794518e-02
3.006408736e-02
1.455081254e-02
2.544867992e-02
-1.713704877e-02
3.755895421e-02
9.329203516e-03
3.715941310e-02
1.916621812e-02
5.155672133e-02
-2.863733796e-03
4.338676482e-02
3.210313246e-02
1.081715524e-02
4.386897385e-02
2.281721123e-02
1.579077169e-02
3.580923378e-02
2.824547887e-02
6.009839848e-02
3.887158120e-03
5.785266683e-02
1.555655710e-02
4.960034043e-02
3.576790169e-02
6.073214114e-02
1.727872342e-02
5.947863311e-02
4.194014519e-02
2.714329213e-02
3.691142052e-02
3.465193883e-02
3.109738603e-02
3.412839770e-02
2.137059160e-02
5.259002373e-02
2.405717038e-02
6.494795531e-02
1.142335776e-02
4.685865343e-02
2.613754757e-02
6.038799137e-02
1.957953721e-02
6.774502993e-02
3.852336854e-02
4.796462134e-03
3.677364811e-02
3.433505818e-02
3.653943166e-02
2.757038921e-02
1.036250405e-02
4.264279082e-02
-3.235721728e-03
3.828915209e-02
5.898648407e-03
3.749006614e-02
2.770816348e-02
6.082861125e-02
5.760875065e-03
4.060374573e-02
2.132925950e-02
6.739065517e-03
3.022941388e-02
2.704685181e-02
2.458070964e-02
1.765071228e-02
-1.568664797e-03
3.180003166e-02
-1.301762648e-02
4.860837385e-02
6.463518832e-03
3.208935261e-02
2.069550194e-02
5.270020664e-02
3.046741011e-03
3.784827888e-02
2.491136454e-02
9.232762270e-03
3.414217755e-02
6.298190914e-03
8.516341448e-03
2.165991440e-02
1.754049212e-02
4.570135847e-02
-9.435520507e-03
2.912722901e-02
-1.051015221e-02
2.930633351e-02
-2.533077961e-03
3.820648789e-02
-1.655840129e-02
3.087694943e-02
2.812148258e-02
9.053656831e-03
3.855092078e-02
2.544867992e-02
3.545102477e-02
3.488615155e-02
7.317713462e-03
4.136149958e-02
2.688530367e-03
6.392841786e-02
2.115015313e-02
3.699408472e-02
9.728746489e-03
4.768529162e-02
8.006580174e-03
4.917324334e-02
2.988498099e-02
1.685162634e-02
3.811004758e-02
2.211456746e-02
2.748772502e-02
1.878045313e-02
9.163876064e-03
5.046831444e-02
1.004562527e-02
5.646142736e-02
1.129936241e-02
4.402052239e-02
2.017196268e-02
4.863592982e-02
7.152385544e-03
3.783450276e-02
3.984599188e-02
2.722595632e-02
5.115718022e-02
2.861746773e-02
2.425005287e-02
1.825691387e-02
2.467714995e-02
6.660171598e-02
-2.322637301e-04
3.855092078e-02
3.584056860e-03
4.286322743e-02
1.546011586e-02
4.892525077e-02
4.603579175e-03
3.521680832e-02
1.599743217e-02
6.904393435e-03
4.207791761e-02
1.482635923e-02
2.379540168e-02
1.959331520e-02
9.342981502e-03
4.060374573e-02
-8.030232973e-03
5.050964653e-02
-2.271308796e-03
3.160714731e-02
7.221272215e-03
4.732708260e-02
-1.107502263e-02
2.878279425e-02
1.948309690e-02
1.639697514e-02
3.747629002e-02
1.601121016e-02
1.740271971e-02
2.553134412e-02
1.072071400e-02
3.691142052e-02
-1.183277648e-02
4.041086137e-02
2.605866408e-03
3.893668950e-02
1.030739397e-02
4.126505554e-02
-1.093724929e-02
2.502158284e-02
1.514323708e-02
-5.880969577e-03
1.825691387e-02
1.289753243e-02
2.046128735e-02
2.075061016e-02
4.217814188e-03
3.039474227e-02
-1.129546016e-02
3.585056588e-02
-5.495204125e-03
2.861746773e-02
2.369895950e-02
5.432599410e-02
-1.343094651e-02
1.807780936e-02
2.867257595e-02
1.368284039e-02
2.444293536e-02
1.289753243e-02
3.135915473e-02
3.452794254e-02
2.448426746e-02
4.224324599e-02
-1.079947688e-02
4.242235422e-02
1.113403402e-02
4.039708525e-02
4.479583353e-03
3.984599188e-02
-7.823573425e-03
2.510424703e-02
2.022707276e-02
1.289753243e-02
3.808249161e-02
6.243081763e-03
-2.519300673e-03
1.573566347e-02
6.959503051e-03
3.033963405e-02
-2.147690766e-02
3.928112239e-02
6.601292174e-03
2.638554014e-02
2.192546381e-03
3.164847940e-02
-4.420572426e-03
3.251644969e-02
1.174023654e-02
3.391174367e-03
2.427760698e-02
2.054773271e-03
2.471848205e-02
2.115015313e-02
-5.078103277e-04
2.967832051e-02
-6.101406645e-03
4.508137703e-02
-1.495997421e-04
3.469327092e-02
7.744811010e-03
3.886780143e-02
-3.097948618e-03
2.171502449e-02
1.282864623e-02
-2.905065892e-03
2.824547887e-02
1.159246662e-03
1.602498628e-02
1.563922130e-02
-1.114012906e-03
2.288609743e-02
-9.421743453e-03
4.641777650e-02
-6.073852070e-03
1.690673642e-02
-9.890172631e-03
3.042229638e-02
-5.908524152e-03
2.504913881e-02
1.081715524e-02
-1.169122173e-03
4.049352556e-02
3.647054732e-02
2.138436772e-02
7.455486804e-03
-1.072680927e-03
1.773337647e-02
-1.687528007e-02
3.675986826e-02
-1.113013271e-02
3.710430115e-02
9.949184023e-03
4.298722371e-02
-1.183277648e-02
3.009164147e-02
2.779082768e-02
1.456458960e-02
4.008020461e-02
1.058294065e-02
3.214446455e-02
2.688152343e-02
4.755130038e-03
2.739128470e-02
-1.312784571e-02
5.761881545e-02
6.807952188e-03
2.746017091e-02
2.605488338e-02
5.844517425e-02
7.000835147e-03
4.021798074e-02
3.382529691e-02
1.985508390e-02
4.065885395e-02
2.185279690e-02
2.641309425e-02
1.916621812e-02
2.499428520e-04
3.484481946e-02
-1.651706919e-02
3.750384599e-02
5.760875065e-03
4.789195210e-02
1.515701506e-02
6.044282019e-02
1.667252183e-02
4.103084281e-02
2.110882103e-02
6.780397613e-03
4.149927199e-02
3.929489851e-02
3.186891600e-02
2.014440857e-02
-1.135056932e-02
3.740740567e-02
8.158130571e-03
5.989169702e-02
1.842224225e-02
3.647054732e-02
1.163001824e-02
4.342809692e-02
-5.398762878e-03
3.465193883e-02
3.135915473e-02
8.681668900e-03
2.784593590e-02
2.256921865e-02
2.294120751e-02
3.025696985e-02
1.891822554e-02
4.196770117e-02
-9.600848891e-03
4.490227252e-02
7.331490982e-03
3.681498021e-02
9.756301530e-03
7.416543365e-02
3.427994996e-02
5.366465822e-02
2.653709054e-02
1.920755021e-02
5.115718022e-02
2.744639292e-02
3.834426403e-02
3.104227781e-02
1.384816878e-02
3.545102477e-02
-6.624945439e-03
5.840395018e-02
9.935406037e-03
5.075763911e-02
2.943032980e-02
6.125586852e-02
3.625388956e-03
3.835804015e-02
2.949921601e-02
6.821729708e-03
3.707674891e-02
3.131782264e-02
4.249123856e-02
4.345565289e-02
1.304908283e-02
4.852570966e-02
8.199462667e-03
5.245224759e-02
6.739065517e-03
5.146028101e-02
2.825925685e-02
6.077373028e-02
1.708584093e-02
4.720308632e-02
4.134771973e-02
1.621786878e-02
4.309744015e-02
1.603876427e-02
1.922132820e-02
2.357496321e-02
1.008695737e-02
2.139814571e-02
-1.068925764e-02
3.484481946e-02
1.948335266e-04
2.914100513e-02
9.150098078e-03
3.317776322e-02
-2.794847358e-03
3.950155899e-02
2.116393112e-02
2.637201687e-04
2.890679054e-02
1.858757064e-02
1.401349623e-02
2.511802502e-02
8.006580174e-03
4.063129798e-02
-1.502911653e-02
4.655555263e-02
-1.279340824e-03
3.389418498e-02
3.074295586e-03
3.739362583e-02
-1.677883789e-02
1.568055339e-02
7.607037667e-03
-2.712183166e-03
3.181380779e-02
2.273454703e-02
2.878279425e-02
1.326952036e-02
3.088072874e-03
1.278731413e-02
-1.903831959e-02
4.003887251e-02
1.486769039e-02
3.790338710e-02
4.024931695e-03
4.740974680e-02
-2.574410057e-03
3.990110010e-02
3.148315102e-02
1.264954079e-02
4.251879454e-02
1.847735234e-02
2.511802502e-02
2.733617462e-02
1.252554450e-02
2.287231945e-02
-1.747770119e-03
5.976780877e-02
6.931948476e-03
3.795849904e-02
2.447048947e-02
5.494579673e-02
-3.883256344e-03
3.323287144e-02
1.986886188e-02
1.810536347e-02
4.840171337e-02
2.679885924e-02
2.540734969e-02
2.635798417e-02
1.594232209e-02
4.337298870e-02
2.027218463e-03
5.632364005e-02
1.405482832e-02
3.619499877e-02
7.951471023e-03
5.374731869e-02
1.273220498e-02
4.590801522e-02
2.918233722e-02
2.771194326e-03
2.901700884e-02
1.934532262e-02
4.604579136e-02
2.977476269e-02
-1.981984824e-03
3.917090222e-02
3.877161653e-04
5.664058402e-02
7.235049736e-03
4.013531655e-02
1.415126957e-02
6.040143222e-02
8.970993571e-03
3.901934996e-02
2.073683403e-02
4.052486271e-03
4.028686509e-02
2.273454703e-02
2.832814306e-02
2.267943695e-02
2.510424703e-02
3.202046826e-02
7.827474736e-03
6.077351421e-02
7.813697681e-03
3.998376429e-02
-1.182643882e-05
4.535692558e-02
-1.775324810e-03
3.202046826e-02
2.364385128e-02
1.438548416e-02
5.019276589e-02
2.532468550e-02
2.794237807e-02
2.712951601e-02
1.661741175e-02
4.636266828e-02
-8.787985891e-03
5.844514444e-02
1.712717302e-02
4.144416004e-02
1.687918045e-02
4.972433671e-02
5.609324668e-03
4.509515315e-02
3.619499877e-02
2.343719080e-02
4.419962689e-02
1.784359477e-02
3.349464387e-02
2.858991176e-02
1.194689702e-02
5.535926670e-02
1.088604238e-02
5.238336325e-02
-4.902778659e-03
3.950155899e-02
1.438548416e-02
5.107451603e-02
-5.632977467e-03
4.082418233e-02
4.329032451e-02
2.843836136e-02
4.574269056e-02
3.749006614e-02
3.604344651e-02
4.698264971e-02
1.657607965e-02
4.315255210e-02
5.223559216e-03
5.757744238e-02
1.985508390e-02
3.648432344e-02
2.048884146e-02
5.180471390e-02
1.131691970e-03
4.763018340e-02
2.358874120e-02
1.007696032e-03
3.634655103e-02
2.385050990e-02
3.035341017e-02
2.864502184e-02
1.927643642e-02
5.367843062e-02
3.349842271e-03
4.780928791e-02
2.106748894e-02
3.886780143e-02
9.122543968e-03
4.659688473e-02
1.259468700e-04
5.847286060e-02
4.473694414e-02
7.772365585e-03
4.005265236e-02
3.061518073e-02
2.854857966e-02
2.314786613e-02
3.556502284e-03
5.119851232e-02
-5.274766590e-03
4.218813777e-02
1.810561953e-04
3.675986826e-02
1.438548416e-02
4.827771708e-02
6.559960544e-03
4.590801522e-02
4.129261151e-02
1.439926121e-02
4.116861522e-02
3.044985235e-02
3.645676747e-02
3.644299135e-02
8.640337735e-03
3.432128206e-02
4.548470024e-03
6.825453788e-02
1.300775073e-02
4.801594839e-02
2.562778629e-02
5.796304718e-02
8.764333092e-03
4.205036536e-02
3.877136111e-02
2.292742953e-02
5.417441577e-02
4.101706296e-02
3.946022689e-02
4.940745980e-02
2.661975473e-02
4.250501469e-02
9.535863996e-03
6.414894760e-02
2.148080990e-02
4.949012399e-02
3.709052503e-02
8.358911425e-02
2.084705234e-02
5.114340410e-02
2.784593590e-02
2.189412899e-02
5.529024825e-02
2.679885924e-02
2.893434465e-02
5.089541152e-02
2.564156428e-02
5.910630897e-02
1.825691387e-02
7.000464946e-02
2.648198046e-02
5.810074136e-02
1.878045313e-02
5.253491178e-02
1.175401360e-02
5.184600130e-02
3.596078604e-02
2.046128735e-02
5.535913631e-02
3.955666721e-02
3.546480089e-02
3.327420354e-02
2.276210114e-02
3.921223432e-02
5.664433818e-03
5.826599896e-02
1.572188549e-02
5.239713937e-02
1.700317673e-02
6.289530545e-02
1.606631838e-02
4.273923114e-02
3.958422318e-02
6.215527188e-03
4.231213406e-02
3.856470063e-02
4.262901098e-02
2.648198046e-02
1.256687660e-02
5.626851693e-02
-5.026774947e-03
4.366231337e-02
6.494854460e-04
4.104461893e-02
4.879125860e-03
3.987354785e-02
-6.955601275e-03
4.860837385e-02
3.199291229e-02
1.690673642e-02
3.717318922e-02
1.880800724e-02
2.773571759e-02
2.783215977e-02
2.183902077e-02
5.757714808e-02
1.438548416e-02
7.499208301e-02
2.011685446e-02
4.611467570e-02
2.958188020e-02
5.042698234e-02
-5.371208303e-03
5.432598665e-02
4.889769852e-02
1.904222183e-02
5.297582597e-02
3.035341017e-02
3.801360726e-02
4.904924706e-02
2.757038921e-02
7.408272475e-02
2.595844120e-02
7.703123242e-02
2.363007329e-02
5.972661078e-02
3.602967039e-02
6.059432775e-02
2.659219876e-02
7.350410521e-02
5.568975955e-02
3.946022689e-02
5.429844186e-02
3.371508047e-02
5.726025626e-02
5.789403990e-02
2.739128470e-02
6.015352160e-02
1.670007594e-02
7.741694897e-02
2.674374916e-02
4.692753777e-02
3.494126350e-02
7.208505273e-02
9.218985215e-03
4.724441841e-02
4.242235422e-02
2.635798417e-02
5.497338995e-02
3.776561469e-02
3.988732398e-02
4.650044069e-02
3.361863643e-02
6.715266407e-02
2.226611786e-02
7.408290356e-02
2.148080990e-02
4.517781734e-02
1.953820512e-02
6.063567474e-02
4.589802120e-03
5.315489694e-02
3.480348736e-02
5.691988394e-03
4.075529426e-02
2.982987277e-02
3.433505818e-02
3.735229373e-02
2.139814571e-02
5.446368456e-02
9.866519831e-03
5.501483381e-02
8.957215585e-03
5.378865078e-02
