-1.276370000000000005e-01
-3.684560000000000057e-01
-3.429599999999999871e-01
-1.291670000000000040e-01
-4.274600000000000066e-01
-3.663429999999999742e-01
-3.735970000000000263e-02
-1.315749999999999975e-01
-6.025330000000000269e-02
-5.996599999999999847e-02
-4.663359999999999728e-02
-1.836059999999999914e-01
-2.140789999999999915e-01
-3.473879999999999746e-01
-1.039380000000000026e-01
-3.610070000000000223e-01
-8.424080000000000457e-01
-3.625840000000000174e-01
-6.183809999999999585e-01
5.456040000000000195e-02
-1.820569999999999966e-01
-1.158359999999999945e-01
-1.980679999999999941e-01
-4.367369999999999863e-01
-4.226249999999999729e-01
-9.996579999999999355e-02
-7.663839999999999542e-01
-3.478209999999999913e-01
-3.512580000000000147e-01
-3.342700000000000116e-01
-8.968639999999999946e-02
-1.829089999999999883e-01
-1.057440000000000047e-01
-1.576050000000000020e-02
-1.868509999999999893e-01
-3.821800000000000197e-02
-1.203530000000000016e-01
-9.829050000000000287e-02
-1.887369999999999881e-01
-5.110649999999999915e-01
-5.445130000000000282e-03
-2.067759999999999876e-01
-5.328420000000000378e-01
-5.249819999999999487e-01
-9.136239999999999639e-02
-1.900860000000000050e-01
-1.806510000000000060e-01
-2.609870000000000245e-01
-2.135620000000000018e-01
-7.928680000000000450e-03
-1.919339999999999935e-01
6.306989999999999819e-02
-5.166520000000000001e-01
-6.032920000000000504e-01
-1.066219999999999946e-01
6.761480000000000268e-02
-8.438949999999999507e-01
-8.929960000000000675e-02
-1.027840000000000004e-01
-3.437089999999999868e-01
-1.062079999999999969e-01
-1.128849999999999992e-01
-9.841999999999999360e-02
-5.854690000000000172e-01
-2.820260000000000128e-02
-1.947309999999999874e-01
-1.959249999999999881e-01
-5.162489999999999579e-01
-3.656719999999999970e-01
-5.302930000000000144e-01
-1.967150000000000010e-01
-2.854160000000000030e-01
5.215750000000000247e-02
-1.874010000000000120e-01
-5.198070000000000190e-01
-3.558899999999999841e-01
-3.602650000000000019e-01
-1.852640000000000120e-01
-2.020579999999999876e-01
-7.068740000000000023e-01
-4.386129999999999751e-01
-3.309300000000000019e-01
-3.709410000000000207e-01
-6.095070000000000210e-01
-5.339610000000000190e-01
-9.546620000000000106e-02
-1.847719999999999918e-01
5.394129999999999758e-02
-6.044110000000000316e-01
-1.856869999999999910e-01
-3.257800000000000140e-01
-3.287799999999999750e-02
-4.400530000000000275e-01
-2.050619999999999943e-01
-6.186580000000000412e-01
6.337160000000000015e-02
-1.871980000000000172e-02
-3.652790000000000203e-01
-5.386809999999999654e-01
-3.755560000000000009e-01
-3.609240000000000226e-01
-3.678739999999999788e-01
-2.030309999999999893e-01
-2.148690000000000044e-01
-7.878389999999999560e-01
-6.055709999999999704e-01
-1.793329999999999924e-02
-2.011689999999999867e-01
-1.019899999999999973e-01
-3.780970000000000164e-02
-3.684450000000000225e-01
-3.541469999999999896e-01
-6.972990000000000091e-03
-2.221810000000000104e-02
-4.307289999999999730e-01
-1.974480000000000124e-01
-3.492419999999999969e-01
-1.774840000000000029e-01
-7.754100000000000437e-01
-1.178720000000000045e-01
-5.109960000000000058e-01
-3.691789999999999794e-01
-1.209709999999999952e-01
4.427559999999999829e-02
-7.741019999999999568e-01
-3.093320000000000097e-02
-1.158499999999999946e-01
-9.576419999999999377e-02
-1.144310000000000049e-01
-3.448289999999999966e-01
-7.708869999999999889e-01
-1.171949999999999936e-01
-5.169030000000000014e-01
-5.303900000000000281e-01
-6.241280000000000161e-01
-1.270739999999999925e-01
-1.779300000000000048e-01
-1.091720000000000051e-01
-5.301829999999999599e-01
-2.176200000000000079e-01
-5.090430000000000232e-01
-1.972019999999999884e-01
-5.979409999999999448e-01
-1.936900000000000011e-01
6.089630000000000043e-02
-1.183690000000000020e-01
-5.206129999999999924e-01
-4.456649999999999778e-01
-1.176829999999999959e-01
-1.026460000000000011e-01
-3.495269999999999766e-01
-3.614660000000000095e-01
-5.129430000000000378e-01
-9.559689999999999577e-01
-2.166260000000000061e-02
-5.220460000000000100e-01
-4.289450000000000207e-01
-3.606110000000000149e-01
-1.809780000000000000e-01
-1.752670000000000061e-01
-1.007910000000000056e-01
-5.099129999999999496e-01
-1.137630000000000030e-01
-3.542179999999999773e-01
-1.539699999999999923e-02
-3.804319999999999924e-01
-1.035439999999999972e-01
-1.796110000000000068e-02
-1.264440000000000008e-01
-1.188519999999999993e-01
-3.650550000000000184e-01
8.675810000000000466e-02
-1.035640000000000033e-01
-3.607230000000000159e-01
-3.503269999999999995e-01
-1.024540000000000034e-01
-6.823550000000000448e-01
-9.691650000000000265e-02
-1.157370000000000065e-01
-1.819070000000000131e-01
-9.784049999999999692e-02
-1.960770000000000013e-01
-9.870339999999999669e-02
-3.630809999999999871e-01
-9.436700000000000088e-01
-3.476899999999999991e-01
-4.525560000000000138e-01
-4.335370000000000057e-01
-1.916640000000000010e-01
-6.812019999999999742e-01
-5.359049999999999647e-01
-1.990810000000000080e-01
-1.883809999999999929e-01
-1.049459999999999976e-01
-1.903519999999999934e-01
-8.320740000000000081e-02
-2.063230000000000064e-01
-9.473370000000000402e-02
-6.144260000000000277e-01
-6.056080000000000352e-01
-8.845020000000000659e-02
-5.144349999999999756e-01
-3.527790000000000092e-01
-1.934009999999999896e-01
-1.916360000000000008e-01
-1.937790000000000068e-01
-3.371999999999999997e-01
-8.794469999999999787e-01
7.686790000000000289e-02
-3.603379999999999916e-01
-4.291260000000000074e-01
-3.399739999999999984e-01
-1.371460000000000040e-02
-1.676420000000000132e-01
-1.930179999999999951e-01
-1.833990000000000065e-01
-1.949110000000000009e-01
-1.050780000000000047e-01
-8.575749999999999762e-01
-1.108600000000000002e-01
-1.555929999999999987e-02
-1.885850000000000026e-01
-1.333999999999999943e-02
-5.213130000000000264e-01
-2.006989999999999885e-01
-9.845080000000000497e-02
-1.059250000000000053e-01
-5.093029999999999502e-01
-1.919849999999999890e-01
-1.697839999999999905e-01
-1.913499999999999923e-01
-1.923519999999999952e-01
-5.201700000000000212e-01
-2.074860000000000038e-01
-2.010240000000000082e-01
-1.750520000000000131e-01
-1.199220000000000008e-01
-1.820140000000000091e-01
-1.054179999999999978e-01
-1.019779999999999992e-01
-1.893650000000000055e-01
3.548550000000000315e-02
-1.996960000000000124e-01
-1.997889999999999944e-01
-5.961830000000000185e-01
-5.961239999999999872e-01
-1.903950000000000087e-01
-1.908019999999999994e-01
-2.781350000000000142e-02
-1.110789999999999972e-01
-1.420750000000000068e-01
1.554619999999999891e-01
1.144619999999999971e+00
2.371830000000000105e+00
3.486299999999999955e+00
6.117479999999999585e+00
6.926989999999999981e+00
7.462139999999999773e+00
8.795970000000000510e+00
8.175700000000000855e+00
9.066720000000000113e+00
9.841310000000000002e+00
9.558389999999999276e+00
9.848720000000000141e+00
9.569779999999999731e+00
1.002699999999999925e+01
9.555249999999999133e+00
8.905250000000000554e+00
9.167049999999999699e+00
8.950419999999999376e+00
8.856320000000000192e+00
8.493539999999999424e+00
8.839740000000000819e+00
7.952659999999999840e+00
7.961389999999999745e+00
8.277430000000000732e+00
8.426140000000000185e+00
8.341659999999999187e+00
8.322210000000000107e+00
8.027189999999999159e+00
8.030730000000000146e+00
7.203179999999999694e+00
8.042659999999999698e+00
7.404790000000000205e+00
7.180710000000000370e+00
6.735070000000000334e+00
6.855990000000000251e+00
6.799509999999999721e+00
6.559440000000000381e+00
6.721779999999999866e+00
6.442319999999999602e+00
6.092060000000000031e+00
5.825520000000000032e+00
5.991060000000000052e+00
5.746010000000000062e+00
5.734309999999999796e+00
5.174999999999999822e+00
4.907309999999999839e+00
4.721989999999999910e+00
4.850329999999999586e+00
4.814379999999999882e+00
4.919660000000000366e+00
4.243699999999999584e+00
4.335740000000000371e+00
4.339389999999999858e+00
4.062809999999999810e+00
3.907739999999999991e+00
3.835980000000000167e+00
3.812170000000000059e+00
3.961430000000000007e+00
3.599279999999999813e+00
3.374789999999999957e+00
3.122149999999999981e+00
3.281449999999999978e+00
3.096130000000000049e+00
2.987899999999999778e+00
2.892059999999999853e+00
2.860640000000000072e+00
2.728110000000000035e+00
2.955410000000000093e+00
2.888850000000000140e+00
2.563210000000000210e+00
2.239669999999999828e+00
2.884949999999999903e+00
2.589859999999999829e+00
2.741379999999999928e+00
1.992169999999999996e+00
1.937570000000000014e+00
1.680350000000000010e+00
1.884470000000000089e+00
1.887760000000000105e+00
1.874870000000000037e+00
1.674870000000000081e+00
1.818889999999999896e+00
1.671210000000000084e+00
2.346560000000000201e+00
1.560470000000000024e+00
1.649129999999999985e+00
2.016300000000000203e+00
1.510110000000000063e+00
1.751919999999999922e+00
1.743039999999999923e+00
1.008669999999999956e+00
1.795050000000000034e+00
1.037260000000000071e+00
1.690010000000000012e+00
7.092180000000000151e-01
7.405190000000000383e-01
1.161739999999999995e+00
9.026370000000000227e-01
9.606879999999999864e-01
1.042350000000000110e+00
9.837679999999999758e-01
9.421669999999999767e-01
1.223780000000000090e+00
3.463470000000000160e-01
5.064920000000000533e-01
9.878479999999999484e-01
1.070060000000000011e+00
9.894579999999999487e-01
3.103150000000000075e-01
9.678849999999999953e-01
5.889860000000000095e-01
1.648439999999999905e-01
2.942290000000000183e-01
2.741750000000000020e-01
7.983949999999999658e-01
5.518380000000000507e-01
4.019499999999999740e-01
4.525350000000000206e-01
4.682419999999999916e-01
3.837859999999999883e-02
9.045330000000000314e-01
2.243390000000000106e-01
2.098309999999999897e-01
1.564049999999999885e-01
3.606860000000000066e-01
8.020289999999999364e-02
2.717890000000000028e-01
2.085190000000000099e-01
1.534810000000000063e-01
1.253660000000000052e-01
1.603940000000000088e-01
1.331489999999999896e-01
1.211249999999999966e-01
9.246899999999999564e-02
2.233550000000000119e-02
1.112540000000000057e-02
1.927389999999999937e-01
-5.358210000000000056e-02
5.027749999999999719e-01
3.732449999999999934e-01
8.650079999999999228e-03
9.405579999999999496e-02
7.878770000000000218e-02
7.797769999999999702e-02
3.333529999999999827e-02
-4.804710000000000231e-03
3.471869999999999817e-02
6.220359999999999778e-02
-5.030489999999999962e-02
1.479550000000000032e-01
3.700840000000000241e-01
7.016000000000000014e-02
5.753289999999999793e-02
2.159899999999999876e-01
-3.089739999999999848e-02
7.470390000000000363e-02
1.169030000000000069e-01
3.260849999999999860e-02
-1.788350000000000009e-02
4.426179999999999698e-02
5.496029999999999666e-02
1.042509999999999964e-01
1.322139999999999982e-01
-3.371239999999999654e-02
-3.807329999999999742e-02
4.240660000000000263e-02
-2.406240000000000046e-01
-4.146270000000000233e-01
4.050129999999999703e-02
1.079549999999999954e-01
3.064499999999999863e-02
-2.472000000000000031e-01
-4.138130000000000280e-02
-7.399319999999999509e-02
-4.860160000000000174e-02
8.808320000000000038e-02
-5.265430000000000110e-02
-1.493770000000000098e-01
-5.879410000000000192e-02
-2.711100000000000176e-01
-1.308080000000000076e-01
2.223900000000000043e-01
-5.381330000000000141e-02
1.942710000000000053e-03
1.039220000000000074e-02
-8.471819999999999351e-02
-1.427249999999999908e-01
-1.006540000000000039e-02
-6.194629999999999581e-03
-1.320280000000000065e-01
6.527879999999999794e-02
-6.457830000000000514e-02
-9.157949999999999424e-02
-1.493580000000000081e-02
-1.278600000000000014e-01
-1.451050000000000118e-01
1.630530000000000035e-01
1.027899999999999994e-03
-1.389549999999999952e-01
6.937369999999999995e-03
-4.849010000000000264e-01
-8.950879999999999947e-02
5.692479999999999762e-03
-3.897890000000000209e-03
-8.945450000000000623e-02
-9.372679999999999553e-03
-3.235260000000000219e-02
-8.247610000000000705e-03
-1.881470000000000017e-02
1.305640000000000056e-03
-6.489190000000000236e-02
-3.973539999999999850e-01
-1.810859999999999900e-02
-8.244650000000000589e-02
1.466790000000000038e-01
-1.679319999999999979e-01
3.034820000000000139e-03
-2.929010000000000224e-01
-8.172630000000000172e-02
-2.749110000000000165e-01
-1.339800000000000019e-02
-1.419890000000000041e-01
3.046440000000000259e-01
-9.991569999999999618e-02
-2.277579999999999882e-01
-4.462169999999999748e-01
-1.490819999999999923e-01
-2.038910000000000028e-02
-1.406590000000000062e-01
-8.452990000000000503e-02
-2.821090000000000056e-04
-2.913149999999999906e-01
2.529449999999999754e-01
2.074519999999999975e-01
-3.769930000000000225e-01
-7.537040000000000406e-02
-2.985240000000000116e-01
-8.445410000000000417e-02
-8.708810000000000162e-02
-3.001840000000000064e-01
-2.818300000000000249e-01
-6.640499999999999702e-03
-1.159580000000000055e-01
-1.781439999999999968e-01
6.899589999999999890e-02
-3.062030000000000030e-01
-1.349930000000000019e-01
1.241309999999999983e-02
-1.449270000000000003e-01
7.230100000000000415e-02
-1.582040000000000113e-01
-8.594899999999999762e-02
-2.980740000000000056e-01
-1.365099999999999925e-01
-9.852380000000000859e-03
-1.615330000000000099e-01
6.564480000000000315e-02
6.753910000000000469e-02
1.613929999999999879e-02
-2.918009999999999771e-01
-3.582279999999999909e-01
4.978210000000000274e-02
-1.430790000000000117e-01
-2.938629999999999853e-01
-1.537699999999999900e-01
-1.382420000000000038e-01
-2.852069999999999883e-01
4.579249999999999987e-03
-7.406509999999999483e-02
7.041799999999999449e-02
7.797690000000000177e-02
-8.157780000000000586e-02
-1.465239999999999876e-01
-4.238509999999999778e-01
3.635569999999999861e-03
-1.559919999999999918e-01
-1.585979999999999890e-01
-3.328269999999999926e-03
-2.565569999999999795e-01
1.452649999999999948e-02
-5.399639999999999995e-02
7.575789999999999781e-03
6.383480000000000404e-03
-1.374029999999999974e-01
6.004500000000000115e-02
-1.403550000000000075e-01
-2.738909999999999956e-01
1.011070000000000024e-01
3.576879999999999947e-04
6.431889999999999830e-02
1.981739999999999891e-02
-7.226380000000000303e-02
-1.200169999999999987e-01
9.431200000000000694e-02
-6.317929999999999380e-02
-2.001659999999999898e-02
-3.776300000000000212e-01
-9.238019999999999565e-03
1.524859999999999931e-02
-4.122600000000000153e-01
2.452469999999999997e-02
-6.416660000000000419e-02
7.043710000000000249e-02
-7.758779999999999843e-02
-2.878439999999999888e-01
-7.012580000000000202e-02
1.024860000000000007e-02
-2.734619999999999829e-01
-3.393479999999999830e-01
-5.714360000000000273e-02
-4.783369999999999983e-02
8.995589999999999489e-03
1.504959999999999978e-02
-5.082339999999999774e-02
-2.778129999999999766e-01
6.793200000000000627e-02
-2.501240000000000060e-02
7.239940000000000264e-02
-2.722669999999999813e-01
-7.054290000000000560e-02
5.792089999999999739e-03
1.733250000000000068e-02
-2.405430000000000068e-01
6.976999999999999695e-03
2.278209999999999957e-02
-4.746790000000000037e-02
2.821310000000000137e-02
1.148360000000000006e-02
-1.784320000000000003e-02
-1.302810000000000079e-01
-3.611219999999999708e-02
-6.620139999999999358e-02
-2.361719999999999930e-01
6.676600000000000590e-02
-5.750090000000000062e-02
-4.663919999999999871e-02
-4.739619999999999944e-02
1.664940000000000170e-02
3.475969999999999754e-02
2.161160000000000025e-01
4.323300000000000060e-02
-1.022229999999999944e-01
4.239110000000000100e-02
-4.775259999999999921e-02
-9.532930000000000570e-02
-4.941790000000000072e-02
1.184780000000000000e-01
1.096579999999999951e-02
9.013160000000000616e-02
-2.524610000000000049e-02
-3.501060000000000283e-02
-5.550159999999999816e-02
-1.049309999999999965e-01
-1.153349999999999931e-01
5.483049999999999730e-02
-2.961899999999999950e-02
-1.150630000000000056e-02
1.229459999999999997e-01
2.888189999999999855e-02
1.054839999999999944e-01
1.124929999999999958e-01
1.019250000000000017e-01
4.240820000000000006e-02
-2.033360000000000029e-02
3.891549999999999870e-02
-4.223219999999999752e-02
4.564809999999999701e-02
1.030039999999999983e-01
-8.552490000000000092e-02
-3.947830000000000089e-02
3.200720000000000232e-01
4.538989999999999692e-02
4.953869999999999801e-02
4.435970000000000191e-02
1.187180000000000041e-01
1.124349999999999933e-01
6.466969999999999663e-02
5.201000000000000068e-02
3.641849999999999948e-02
5.450180000000000302e-02
7.577559999999999851e-02
5.301550000000000012e-02
5.965979999999999894e-02
3.270920000000000077e-02
1.272480000000000000e-01
9.222500000000000142e-02
1.018590000000000051e-01
-1.926939999999999903e-02
-6.341339999999999477e-02
2.645849999999999938e-02
2.771650000000000155e-02
4.175750000000000295e-02
5.218749999999999778e-02
1.228759999999999991e-01
-7.311879999999999769e-02
6.773220000000000629e-02
9.570230000000000403e-02
3.317790000000000322e-02
-1.412489999999999926e-02
1.478959999999999997e-01
5.352389999999999926e-02
-6.930530000000000024e-02
1.549310000000000132e-01
-3.947370000000000392e-03
1.326450000000000129e-01
4.693569999999999687e-02
-1.869320000000000009e-02
-4.986619999999999941e-02
-8.128910000000000302e-02
-8.400280000000000247e-02
1.129280000000000006e-01
6.087129999999999841e-04
1.282310000000000116e-01
-1.187930000000000019e-03
6.158240000000000242e-02
-1.311030000000000008e-02
6.873640000000000305e-02
5.085030000000000105e-02
6.770959999999999479e-02
-1.075199999999999941e-02
-1.568550000000000152e-02
-6.155710000000000001e-03
6.080209999999999781e-02
5.220810000000000034e-02
1.543970000000000065e-01
-1.131959999999999997e-03
2.247009999999999980e-02
5.442310000000000203e-02
-1.078120000000000051e-01
6.428159999999999603e-03
5.758200000000000124e-02
5.981539999999999774e-02
-1.017790000000000014e-02
5.841810000000000058e-02
6.815279999999999949e-02
4.906920000000000379e-04
6.699330000000000562e-02
5.542649999999999660e-02
2.781150000000000011e-01
3.572820000000000162e-02
2.480989999999999931e-02
8.355310000000000514e-02
-2.920269999999999984e-03
5.949270000000000252e-02
1.388699999999999934e-01
1.201759999999999981e-02
6.123690000000000210e-03
-4.503179999999999857e-03
1.457559999999999967e-01
7.894180000000000641e-02
6.585199999999999387e-02
-5.020430000000000031e-02
1.248729999999999979e-02
1.155819999999999938e-02
6.848959999999999770e-02
6.881360000000000254e-02
-6.687360000000000526e-02
1.295370000000000132e-01
3.436719999999999775e-01
-6.827729999999999737e-03
1.310759999999999981e-01
1.588509999999999922e-01
1.466339999999999866e-01
-1.575839999999999880e-02
-6.829739999999999422e-02
5.533839999999999940e-03
1.447529999999999928e-01
-3.281940000000000118e-03
-1.781040000000000123e-01
2.057390000000000052e-01
1.356080000000000063e-01
1.315310000000000090e-01
1.528170000000000049e-02
1.445859999999999923e-01
1.536710000000000020e-01
9.216829999999999468e-02
8.413470000000000670e-02
8.729900000000000160e-02
2.723389999999999839e-02
7.608689999999999898e-02
1.410740000000000050e-01
-6.536880000000000468e-02
1.098790000000000044e-01
1.332220000000000071e-01
3.139480000000000048e-03
6.865000000000000269e-02
8.010860000000000203e-02
-4.849249999999999828e-04
-5.269650000000000029e-02
7.841520000000000434e-02
8.845930000000000459e-02
3.169160000000000033e-02
1.593159999999999932e-03
-4.183710000000000206e-02
2.508509999999999907e-01
1.679839999999999944e-01
-2.449950000000000044e-02
3.238980000000000331e-02
1.695160000000000000e-01
1.426280000000000048e-01
-4.264119999999999716e-02
9.355059999999999765e-02
1.537449999999999928e-01
7.054520000000000235e-02
2.880519999999999955e-02
1.623249999999999971e-01
-2.095630000000000062e-02
1.556619999999999948e-01
1.632869999999999877e-01
9.602960000000000662e-02
1.147309999999999997e-01
1.564609999999999890e-01
7.577820000000000389e-02
-5.011270000000000308e-02
1.181090000000000056e-01
1.360240000000000060e-01
1.456490000000000007e-01
1.481790000000000052e-01
1.812570000000000014e-01
6.856230000000000657e-02
1.076270000000000004e-01
1.646459999999999868e-01
1.440529999999999866e-01
1.512429999999999886e-01
2.907080000000000081e-02
-2.215989999999999904e-01
7.406939999999999358e-02
2.292649999999999966e-01
-4.204560000000000242e-02
9.341570000000000429e-02
8.902210000000000678e-02
-3.795330000000000231e-02
1.199479999999999991e-01
3.191680000000000073e-01
4.769300000000000206e-01
3.811189999999999856e-01
1.254260000000000097e-01
-4.365890000000000049e-02
1.021490000000000037e-01
9.411700000000000621e-02
6.660420000000000229e-02
1.005560000000000065e-01
1.624250000000000138e-01
8.992949999999999555e-02
1.811629999999999907e-01
2.223499999999999921e-01
1.884709999999999996e-01
1.671189999999999898e-01
-1.356229999999999936e-01
1.686940000000000106e-01
1.000280000000000058e-01
1.034869999999999957e-01
1.802950000000000108e-01
1.787650000000000072e-01
-4.318600000000000216e-02
2.575000000000000067e-01
1.847530000000000006e-01
1.575759999999999939e-01
5.668700000000000128e-02
1.705899999999999916e-01
1.335510000000000030e-01
1.014700000000000046e-01
1.815309999999999979e-01
-2.920820000000000013e-02
1.838849999999999929e-01
-2.742970000000000130e-02
1.822380000000000111e-01
1.035839999999999955e-01
1.290900000000000103e-01
1.363370000000000137e-01
1.291049999999999975e-01
2.407679999999999890e-02
1.795160000000000089e-01
-1.811170000000000141e-02
1.322329999999999894e-01
1.606599999999999973e-01
4.616569999999999840e-01
1.210220000000000046e-01
1.026640000000000053e-01
-2.909159999999999871e-02
1.866909999999999958e-01
5.448659999999999615e-01
1.280979999999999897e-01
1.630500000000000005e-01
1.048940000000000011e-01
9.662189999999999668e-02
1.860999999999999877e-01
8.097830000000000306e-02
4.731009999999999938e-01
1.142429999999999973e-01
1.164209999999999967e-01
1.805630000000000013e-01
1.457259999999999944e-01
4.524349999999999900e-02
3.328920000000000212e-01
1.118750000000000022e-01
3.436040000000000205e-01
1.272169999999999968e-01
1.286299999999999943e-01
1.151179999999999981e-01
3.254889999999999728e-01
1.101570000000000049e-01
-2.859149999999999886e-02
3.001869999999999816e-01
9.853049999999999309e-02
1.336980000000000113e-01
1.288590000000000013e-01
1.226310000000000039e-01
2.063709999999999989e-01
2.030609999999999915e-01
1.999799999999999911e-01
1.901760000000000117e-01
6.406979999999999620e-02
3.308510000000000062e-01
6.524589999999999557e-02
3.253530000000000033e-01
1.131520000000000026e-01
1.096960000000000018e-01
4.007720000000000032e-02
1.976980000000000126e-01
3.868329999999999824e-01
1.899800000000000100e-01
6.736939999999999595e-02
1.236529999999999990e-01
1.556980000000000031e-01
1.434670000000000112e-01
7.845100000000000684e-02
1.373800000000000021e-01
6.997079999999999966e-02
1.986439999999999872e-01
2.099999999999999922e-01
1.339090000000000003e-01
1.514099999999999890e-01
1.019779999999999992e-01
1.359910000000000008e-01
5.446610000000000340e-02
2.518559999999999896e-02
1.483089999999999964e-01
3.461369999999999725e-01
5.343019999999999714e-02
1.352019999999999889e-01
1.373999999999999944e-01
2.025170000000000026e-01
3.458899999999999753e-01
-8.038800000000000459e-03
1.942039999999999877e-01
1.409749999999999892e-01
1.299819999999999864e-01
1.464110000000000134e-01
1.525920000000000054e-01
-8.035040000000000238e-03
1.059630000000000016e-01
1.260680000000000134e-01
1.123220000000000052e-01
2.034489999999999910e-01
2.035619999999999929e-01
1.277469999999999994e-01
1.206269999999999981e-01
1.523919999999999997e-01
1.993920000000000137e-01
1.796349999999999891e-01
1.822809999999999986e-01
1.562429999999999930e-01
2.107880000000000031e-01
6.015349999999999864e-02
2.058300000000000060e-02
8.999530000000000030e-02
2.134729999999999961e-01
5.643890000000000295e-01
2.365259999999999863e-01
2.102320000000000022e-01
1.006959999999999938e-01
2.353800000000000059e-01
5.495219999999999549e-01
4.147870000000000029e-02
3.328019999999999867e-01
9.901350000000000429e-02
1.338799999999999990e-01
1.397100000000000009e-01
6.296290000000000220e-02
3.500039999999999835e-03
1.531180000000000041e-01
2.263280000000000014e-01
1.366420000000000134e-01
3.389570000000000083e-01
1.555499999999999938e-01
3.484639999999999960e-01
1.263299999999999979e-01
1.269589999999999885e-01
1.294690000000000007e-01
5.246119999999999672e-01
1.748689999999999967e-01
1.651579999999999993e-01
5.009489999999999776e-01
4.352960000000000163e-01
3.376359999999999917e-01
2.146830000000000127e-01
7.175219999999999931e-01
1.419700000000000129e-01
2.260600000000000109e-01
1.427640000000000020e-01
2.186299999999999910e-01
2.023129999999999928e-01
2.244539999999999869e-01
1.985740000000000005e-01
2.184159999999999990e-01
2.480549999999999977e-01
1.847300000000000053e-01
2.140309999999999990e-01
9.475469999999999726e-02
2.414999999999999925e-01
3.746360000000000245e-01
2.388309999999999877e-01
7.170300000000000284e-02
2.015589999999999882e-01
1.434819999999999984e-01
1.995770000000000044e-01
7.402340000000000308e-02
2.204099999999999948e-01
2.149800000000000044e-01
2.049219999999999930e-01
2.152310000000000056e-01
2.450730000000000131e-01
1.944950000000000012e-01
1.314839999999999898e-01
2.194540000000000102e-01
1.562999999999999945e-01
1.804310000000000080e-01
4.441169999999999840e-01
2.371649999999999869e-01
1.830100000000000060e-01
3.557159999999999767e-01
1.468369999999999953e-01
2.100480000000000055e-02
2.107030000000000014e-01
3.778650000000000064e-01
3.590119999999999978e-01
1.526430000000000009e-01
2.375480000000000091e-01
8.241880000000000039e-02
2.135450000000000126e-01
1.271180000000000088e-01
1.552669999999999884e-01
1.367079999999999962e-01
2.296449999999999880e-01
2.646330000000000071e-01
1.007160000000000055e+00
2.129860000000000086e-01
2.073359999999999925e-01
7.245899999999999563e-01
3.589879999999999738e-01
2.216480000000000117e-01
1.496349999999999902e-01
2.295999999999999985e-01
2.110460000000000114e-01
2.127100000000000102e-01
1.604200000000000070e-01
2.041300000000000059e-01
7.788109999999999478e-02
3.552969999999999740e-01
1.100830000000000003e-01
1.424140000000000128e-01
7.348980000000000512e-01
8.444110000000000504e-02
2.181120000000000003e-01
1.531460000000000043e-01
2.240209999999999979e-01
2.198630000000000029e-01
4.239850000000000008e-01
1.644089999999999996e-01
1.551230000000000109e-01
1.511139999999999983e-01
