-1.259710000000000107e+00
-4.977090000000000125e-01
3.515669999999999906e-02
-3.576090000000000102e-01
-1.186210000000000042e-01
-3.873110000000000164e-01
1.355810000000000071e-01
-1.329649999999999999e-01
-8.486709999999999532e-01
-1.486719999999999986e-01
-2.219750000000000056e-01
-8.389069999999999860e-02
-6.104860000000000148e-02
-2.753829999999999889e-01
-1.792719999999999869e-01
-8.566940000000000666e-02
-7.787370000000000403e-02
-1.548559999999999937e-01
-1.248329999999999940e+00
8.233709999999999640e-02
-8.569440000000000390e-01
-5.230440000000000263e-03
-1.209810000000000052e+00
-4.771840000000000109e-02
-2.623429999999999859e-02
-9.253940000000000499e-01
-2.970899999999999930e-02
1.083920000000000022e-01
-7.231959999999999951e-03
-1.410619999999999929e-01
-1.030650000000000038e-01
-6.159209999999999685e-02
-2.103339999999999932e-01
-5.390459999999999696e-02
-1.158799999999999969e-01
-1.222079999999999972e-01
-5.465500000000000219e-02
-1.420470000000000066e-01
-5.196950000000000180e-02
-3.901049999999999796e-01
-6.414390000000000369e-02
-1.349200000000000121e-01
-1.089289999999999980e-01
-4.600119999999999904e-02
-1.445089999999999986e-01
-8.893379999999999619e-01
-9.583190000000000319e-01
-1.385530000000000095e-01
-3.451219999999999982e-02
-1.008170000000000011e+00
3.155619999999999953e-02
-3.253579999999999667e-02
-1.639550000000000035e-03
-2.852830000000000088e-01
-2.872170000000000001e-01
1.847660000000000136e-01
1.544149999999999967e-01
-2.221050000000000108e-02
-4.339029999999999970e-02
-3.944550000000000001e-01
-1.094079999999999941e+00
-2.156150000000000011e-01
-7.663799999999999779e-02
-8.266690000000000149e-02
-1.248169999999999974e-01
-1.044869999999999965e-01
-1.023050000000000015e+00
-9.197719999999999507e-03
3.459199999999999775e-02
-8.606740000000000501e-01
-8.295139999999999736e-01
-5.588810000000000305e-02
-1.191490000000000049e-01
2.251080000000000025e-01
-9.870439999999999769e-02
-5.018439999999999707e-02
-1.771750000000000061e-02
-2.020049999999999971e-02
-5.714319999999999816e-02
-7.651070000000000093e-02
-1.386010000000000020e-01
-2.360539999999999861e-02
1.603380000000000083e-02
-1.229110000000000064e-01
-8.798160000000000425e-01
-2.126010000000000122e-01
-7.003249999999999753e-02
-4.631160000000000138e-02
-1.442710000000000103e-01
-1.048479999999999968e-01
-2.503730000000000122e-01
-1.823730000000000073e-01
-1.708330000000000126e-01
-1.057059999999999944e-01
-1.303879999999999970e-02
-2.242740000000000011e-01
-9.844289999999999985e-02
-4.593180000000000179e-02
-9.335119999999999529e-02
-2.939790000000000111e-02
6.715539999999999878e-03
-1.676000000000000059e-02
-7.937440000000000467e-03
-8.582980000000000054e-01
6.996719999999999606e-01
-2.416990000000000111e-02
-4.765839999999999660e-02
-6.024460000000000232e-02
-1.224729999999999985e-01
-1.617059999999999886e-01
-3.669220000000000120e-02
-2.269650000000000140e-02
-1.027330000000000049e-01
-8.345479999999999565e-02
-2.019670000000000146e-02
-3.518370000000000108e-01
-1.661639999999999992e-02
-1.387970000000000037e-01
-4.766759999999999886e-01
-8.897319999999999673e-01
3.580699999999999855e-02
-1.189070000000000057e-02
6.395420000000000271e-02
-4.706729999999999942e-02
-6.801630000000000349e-03
-4.764879999999999810e-02
-4.773809999999999859e-02
-2.062479999999999869e-01
-8.276730000000000198e-02
-4.110800000000000010e-01
-1.689309999999999978e-01
-1.395889999999999909e-01
-3.918529999999999930e-02
-4.675039999999999751e-02
-4.773720000000000047e-02
-1.284319999999999906e-01
-1.271259999999999925e-02
-1.023379999999999984e-01
-3.607299999999999951e-01
-8.782139999999999391e-02
-8.663419999999999455e-01
-1.022549999999999987e-01
-3.337140000000000245e-02
-1.767370000000000108e+00
-1.195689999999999947e-01
-1.341400000000000092e-01
7.797789999999999756e-04
-3.462939999999999907e-01
-8.951449999999999685e-02
-3.188730000000000037e-02
-1.245890000000000053e-01
6.460029999999999939e-02
-2.489759999999999890e-02
-4.430320000000000091e-02
-4.649300000000000099e-01
-1.263950000000000073e-01
3.930770000000000097e-01
-3.731489999999999807e-02
3.185950000000000171e-01
7.652839999999999643e-02
-2.356880000000000086e-02
-2.097090000000000065e-01
-4.089879999999999904e-02
-8.424739999999999451e-01
-2.750179999999999986e-02
-4.127030000000000282e-02
1.901670000000000107e-04
-3.815009999999999790e-01
6.763470000000000593e-02
-2.653209999999999943e-02
-1.169869999999999938e-01
-1.319319999999999937e-01
-4.955110000000000070e-02
-5.059070000000000233e-02
-1.652169999999999916e+00
3.063410000000000091e-02
-2.389890000000000070e-01
-2.107430000000000067e-02
-2.328810000000000168e-03
1.717449999999999879e-02
-9.246350000000000402e-02
-1.031249999999999944e-01
-6.014119999999999466e-01
-5.952260000000000190e-02
-3.118189999999999851e-02
-6.208189999999999716e-03
-6.701949999999999574e-02
-2.145029999999999992e-01
-9.666619999999999380e-02
-2.136290000000000064e-02
-4.651939999999999964e-01
-8.180500000000000271e-03
-2.214679999999999982e-01
-1.226550000000000036e-02
1.671989999999999935e-02
-8.421220000000000372e-01
-1.537530000000000008e-01
1.009069999999999967e-01
1.867350000000000043e-03
1.640949999999999909e-01
-2.074159999999999893e-01
-1.149049999999999933e-01
-3.959920000000000107e-02
-6.039020000000000499e-01
1.388510000000000022e-01
9.551909999999999568e-02
-1.620989999999999931e-02
1.873789999999999831e-02
-4.632680000000000131e-02
-1.079839999999999967e-01
-8.616500000000000548e-02
-1.221829999999999965e-02
-1.936869999999999981e-01
7.443909999999999763e-03
-9.433519999999999406e-02
-7.733330000000000481e-01
-8.447350000000000692e-02
-2.572079999999999922e-01
-7.510519999999999696e-02
-1.315810000000000070e-02
-8.122580000000000078e-02
-9.971399999999999708e-02
-8.719219999999999748e-02
8.731300000000000172e-02
-6.216739999999999489e-01
-8.123399999999999371e-03
-8.069510000000000571e-02
-1.251059999999999950e-01
-1.631589999999999985e-01
6.639399999999999469e-02
-2.868610000000000170e-03
-1.721040000000000070e-01
-1.234579999999999983e-01
-3.456240000000000007e-02
-6.287980000000000305e-03
-5.497630000000000017e-01
-4.055059999999999915e-02
-1.499369999999999870e-01
-1.559040000000000079e-02
-1.198520000000000002e-01
2.037650000000000017e-01
-1.351250000000000021e-02
2.632430000000000048e-01
-1.359470000000000123e-01
-4.846310000000000374e-03
-1.054849999999999954e-01
3.077500000000000027e-02
5.109820000000000334e-02
3.003359999999999919e-01
2.005180000000000184e+00
3.444389999999999841e+00
5.844129999999999825e+00
7.567190000000000083e+00
7.775009999999999977e+00
9.441169999999999618e+00
1.096979999999999933e+01
1.007719999999999949e+01
1.107189999999999941e+01
1.202420000000000044e+01
1.158070000000000022e+01
1.220199999999999996e+01
1.194219999999999970e+01
1.103630000000000067e+01
1.073820000000000086e+01
1.099089999999999989e+01
1.063739999999999952e+01
9.794259999999999522e+00
1.070260000000000034e+01
1.136359999999999992e+01
1.081310000000000038e+01
1.089250000000000007e+01
1.059869999999999912e+01
1.038209999999999944e+01
1.034040000000000070e+01
8.744880000000000209e+00
9.401820000000000732e+00
8.565009999999999124e+00
9.382820000000000604e+00
8.235120000000000218e+00
8.914139999999999731e+00
8.086940000000000239e+00
8.102529999999999788e+00
8.089040000000000674e+00
7.864230000000000054e+00
7.485240000000000116e+00
6.886589999999999989e+00
8.046419999999999462e+00
5.600629999999999775e+00
7.759240000000000137e+00
5.410479999999999734e+00
7.911059999999999981e+00
6.284519999999999662e+00
6.975270000000000081e+00
5.878300000000000303e+00
6.884129999999999860e+00
4.453299999999999592e+00
5.506009999999999849e+00
4.342559999999999754e+00
5.548060000000000436e+00
4.397420000000000329e+00
5.037889999999999979e+00
5.395880000000000010e+00
5.116859999999999964e+00
5.076380000000000337e+00
5.528240000000000265e+00
3.955369999999999830e+00
4.157879999999999576e+00
4.923359999999999737e+00
4.200990000000000002e+00
4.877530000000000143e+00
5.977280000000000371e+00
4.364049999999999763e+00
3.978330000000000144e+00
3.575499999999999901e+00
3.831329999999999902e+00
3.737309999999999910e+00
4.745400000000000063e+00
3.916349999999999998e+00
4.036030000000000229e+00
3.637199999999999989e+00
2.900980000000000114e+00
3.831850000000000200e+00
4.889780000000000015e+00
3.500469999999999970e+00
2.982040000000000024e+00
2.431239999999999846e+00
3.397780000000000022e+00
3.019140000000000157e+00
3.631219999999999892e+00
3.003219999999999779e+00
3.125779999999999781e+00
2.102030000000000065e+00
3.900199999999999889e+00
3.759510000000000129e+00
2.122129999999999850e+00
5.447650000000000547e-01
4.189789999999999903e-01
1.748830000000000107e+00
1.068629999999999969e+00
5.801300000000000345e-01
2.089859999999999829e+00
2.835179999999999811e+00
2.778849999999999820e+00
1.475019999999999998e+00
3.111090000000000244e-01
4.479440000000000088e-01
1.180779999999999941e+00
1.611539999999999973e+00
4.594389999999999863e-01
1.970779999999999976e+00
1.844589999999999952e+00
2.797020000000000062e-01
3.160180000000000211e-01
2.843919999999999781e-01
2.460489999999999899e-01
2.361240000000000006e-01
3.520690000000000208e-01
4.182850000000000179e-01
3.870879999999999876e-01
2.790830000000000144e+00
2.050859999999999905e-01
4.855209999999999804e-01
1.389210000000000056e+00
1.780000000000000027e+00
9.820020000000000415e-01
2.519299999999999873e-01
2.724309999999999787e-01
2.569750000000000090e-01
2.413109999999999977e-01
5.597370000000000401e-01
2.331540000000000001e-01
2.236710000000000087e-01
9.341230000000000366e-01
1.445029999999999926e-01
9.882790000000000186e-01
1.476760000000000017e-01
1.421310000000000073e-01
7.038969999999999949e-01
9.870299999999999629e-01
1.776030000000000109e-01
5.310979999999999590e-01
1.435929999999999984e-01
9.960280000000000522e-02
9.691650000000000542e-01
6.485300000000000509e-01
8.705430000000000113e-02
2.410219999999999863e-01
2.195560000000000012e-01
2.073379999999999945e-01
9.620309999999999695e-01
1.607820000000000082e-01
2.159999999999999976e-01
1.164899999999999963e-01
1.783420000000000005e-01
1.841869999999999896e+00
-1.904160000000000019e-01
3.943809999999999816e-01
1.394829999999999959e-01
4.907940000000000080e-01
-2.299009999999999942e-02
8.570429999999999715e-02
3.029700000000000101e-02
8.900369999999999671e-01
4.202619999999999793e-03
1.548009999999999942e-01
4.184459999999999846e-01
1.491590000000000138e-01
-5.767680000000000029e-02
3.257550000000000029e-02
1.660709999999999964e-02
8.339769999999999822e-03
1.312349999999999905e-01
1.157939999999999942e-01
1.044240000000000029e-01
2.736159999999999981e-02
2.705199999999999827e-01
8.078109999999999458e-02
7.672130000000000616e-02
-6.363299999999999512e-02
-9.101049999999999418e-03
-5.228319999999999634e-01
1.986439999999999872e-01
1.134529999999999983e-01
4.571709999999999940e-01
-4.540609999999999785e-02
7.335389999999999966e-02
9.227269999999999917e-02
-4.529159999999999957e-03
1.774509999999999976e-02
5.773240000000000316e-02
3.572640000000000191e-03
1.004489999999999966e-01
1.006549999999999945e-01
5.078409999999999869e-02
5.113129999999999759e-02
9.998700000000000643e-02
-4.746079999999999743e-02
-1.373890000000000111e-01
-2.110360000000000014e-02
5.165560000000000290e-02
1.154930000000000019e-02
4.882519999999999916e-02
1.198739999999999944e-01
9.102059999999999318e-02
8.061129999999999685e-02
4.140259999999999774e-02
8.123310000000000253e-02
8.405250000000000221e-02
7.145680000000000087e-02
-2.033650000000000128e-03
1.828490000000000115e-01
2.181570000000000037e-02
2.406179999999999986e-01
-5.607750000000000234e-01
3.483959999999999835e-01
2.609179999999999833e-02
1.532679999999999876e-01
9.555750000000000355e-02
9.130630000000000690e-02
5.783459999999999990e-02
-7.192060000000000120e-02
-5.231029999999999708e-02
5.491230000000000278e-01
8.731739999999999988e-03
1.874409999999999965e-02
9.169839999999999935e-02
-1.196460000000000079e+00
1.707579999999999931e-01
-6.656600000000000295e-01
1.853859999999999883e-02
-3.139009999999999717e-02
8.907210000000000474e-03
-5.378489999999999660e-02
-1.029349999999999987e-01
-2.604770000000000141e-01
6.072969999999999757e-02
5.061290000000000233e-02
-5.111349999999999921e-02
8.680679999999999508e-01
-2.992449999999999971e-02
-6.229339999999999877e-02
-2.074239999999999973e-01
3.276389999999999858e-02
1.225809999999999955e-01
2.939789999999999903e-01
-2.088430000000000147e-02
1.027560000000000001e-01
-1.658890000000000017e-02
6.381760000000000210e-02
3.868930000000000285e-02
-1.952210000000000056e-02
4.079769999999999786e-01
-4.520729999999999887e-02
2.508139999999999814e-01
4.918290000000000162e-02
2.543919999999999862e-02
-2.091560000000000086e-01
1.165889999999999982e-01
6.922240000000000337e-02
6.797809999999999686e-01
3.951559999999999795e-02
1.567580000000000084e-01
-1.530040000000000046e-02
-3.033409999999999926e-02
-1.677270000000000150e-02
-8.988229999999999831e-02
3.136180000000000218e-02
-1.325469999999999982e-01
-7.694670000000000121e-01
4.809449999999999836e-04
8.055550000000000210e-02
1.362919999999999930e-02
1.656459999999999877e-02
-5.144039999999999724e-02
5.183490000000000320e-02
4.256900000000000267e-02
-9.803669999999999884e-01
-7.661320000000000352e-01
8.486609999999999987e-02
9.043439999999999812e-02
-4.158839999999999586e-03
4.580599999999999949e-02
8.068409999999999471e-02
4.997870000000000090e-02
-7.530219999999999692e-01
8.141640000000000335e-03
4.046539999999999859e-02
6.212940000000000129e-01
-2.707740000000000147e-01
-2.635720000000000077e-02
7.565840000000000065e-02
-5.568340000000000095e-02
4.510490000000000332e-02
1.850090000000000068e-02
6.831320000000000447e-02
-1.657230000000000092e-01
-4.459620000000000077e-03
1.244939999999999936e-01
-6.630429999999999657e-02
1.014450000000000074e-02
-5.642269999999999924e-02
1.418729999999999991e-02
-2.965160000000000018e-02
5.666720000000000090e-02
3.176589999999999969e-03
5.061179999999999846e-02
-2.757559999999999872e-02
1.254679999999999962e-01
9.120290000000000341e-02
8.274829999999999686e-02
-5.741849999999999732e-02
6.379310000000000536e-02
2.407829999999999970e-01
-1.235750000000000043e-02
5.307089999999999724e-02
-2.252049999999999885e-01
-3.955410000000000176e-02
-6.281820000000000459e-02
6.033639999999999837e-02
-6.307079999999999631e-02
5.295280000000000126e-02
2.679979999999999862e-02
5.992490000000000316e-02
4.034379999999999911e-02
8.867279999999999607e-02
2.932689999999999950e-03
5.852820000000000245e-02
-3.365479999999999861e-02
-4.596759999999999735e-02
3.801840000000000080e-02
6.281849999999999934e-02
6.295639999999999570e-02
-2.378850000000000131e-01
2.562280000000000113e-02
-1.398600000000000121e-01
-8.721229999999999816e-01
-7.696929999999999605e-01
4.643060000000000243e-02
3.551780000000000215e-02
-3.447549999999999920e-02
1.173720000000000041e-01
5.298250000000000182e-02
1.490400000000000058e-02
-8.868620000000000669e-03
4.458100000000000257e-02
6.900330000000000352e-02
4.679409999999999820e-02
2.210869999999999849e-02
5.265639999999999904e-02
-2.627550000000000163e-01
-1.463770000000000002e-02
1.027109999999999915e-03
5.323959999999999804e-02
-2.110449999999999826e-03
2.658049999999999996e-02
5.779890000000000028e-02
3.534029999999999810e-02
6.582900000000000036e-03
1.892659999999999829e-02
-3.161619999999999986e-01
3.639080000000000092e-02
-7.758099999999999996e-01
-2.939629999999999743e-01
6.651590000000000280e-02
4.150999999999999829e-02
5.081490000000000312e-02
7.387459999999999860e-02
2.172320000000000154e-02
2.393790000000000084e-01
1.373080000000000134e-01
-5.019679999999999975e-02
1.268839999999999968e-01
-1.730119999999999922e-03
1.200940000000000063e-01
2.989309999999999884e-02
-4.516479999999999800e-02
-5.001970000000000027e-02
-1.503059999999999952e-01
-4.342420000000000307e-02
-3.988599999999999784e-02
-8.924369999999999525e-02
5.836809999999999915e-02
-1.091579999999999981e-02
7.341739999999999378e-02
1.640520000000000034e-01
2.031789999999999985e-02
4.698920000000000180e-02
7.446450000000000291e-02
5.181349999999999845e-02
-3.171209999999999862e-01
1.618169999999999886e-01
1.113009999999999972e-01
2.227869999999999850e-02
-1.490409999999999999e-02
1.381080000000000085e-01
4.915570000000000182e-03
-3.298460000000000281e-02
1.234110000000000068e-01
2.865509999999999932e-02
-7.559549999999999603e-02
1.552999999999999936e-01
-2.228820000000000107e-02
4.474170000000000230e-02
-6.848590000000000233e-02
5.632079999999999725e-02
4.474209999999999993e-02
6.097539999999999905e-02
5.863249999999999712e-02
7.084230000000000171e-04
3.524820000000000036e-02
-3.482849999999999835e-02
-1.378410000000000052e-02
-3.416219999999999674e-02
1.120690000000000054e-02
1.574299999999999866e-01
-3.206450000000000272e-02
-8.971629999999999883e-02
7.516260000000000302e-03
9.163729999999999931e-01
-2.907859999999999889e-01
-4.109039999999999915e-01
-2.053369999999999918e-01
1.038729999999999931e-01
4.154970000000000191e-02
7.668339999999999879e-02
-6.452589999999999715e-02
7.520069999999999533e-02
4.750170000000000226e-01
3.143390000000000073e-02
1.457609999999999982e-02
9.193099999999999605e-01
-4.062509999999999732e-02
5.889690000000000203e-02
3.084249999999999839e-02
9.672359999999999638e-03
-2.837820000000000013e-03
3.675570000000000226e-02
4.843000000000000083e-02
-2.674000000000000266e-01
-3.960969999999999769e-02
-3.793409999999999838e-02
-1.047229999999999906e-03
5.809509999999999674e-02
2.298350000000000046e-02
3.556379999999999958e-02
-1.974189999999999973e-02
3.282990000000000075e-01
3.038250000000000117e-01
6.539159999999999417e-02
-4.401619999999999838e-02
1.040989999999999971e-01
6.378999999999999948e-02
9.087849999999999748e-03
-1.167549999999999977e-01
-1.562099999999999947e-02
2.200169999999999904e-01
3.084080000000000155e-02
-2.487320000000000156e-02
7.542429999999999968e-02
8.418929999999999469e-02
2.152619999999999881e-02
-3.057219999999999938e-01
-3.277150000000000202e-02
1.803909999999999889e-02
5.888899999999999690e-02
1.110779999999999962e-01
7.585000000000000075e-02
2.372890000000000069e-02
-6.591279999999999709e-03
8.776870000000000505e-02
6.613099999999999534e-02
7.986469999999999680e-02
-4.572489999999999888e-02
5.968539999999999957e-02
9.611509999999999498e-02
-1.778630000000000141e-02
-1.103190000000000004e-01
5.732419999999999877e-02
9.107579999999999842e-02
5.039409999999999723e-02
-1.286080000000000001e-01
-4.082039999999999974e-02
-2.814250000000000085e-02
5.856610000000000288e-02
1.362430000000000065e-02
-1.249139999999999973e-02
6.582860000000000100e-02
-1.257139999999999924e-01
-4.414969999999999832e-03
8.727340000000000098e-02
6.033059999999999812e-02
8.354280000000000039e-02
4.133160000000000306e-03
-2.660190000000000055e-01
-2.040249999999999963e-03
-1.298829999999999985e-01
-6.165079999999999866e-02
1.776369999999999894e-01
1.874319999999999875e-01
1.269770000000000065e-01
6.880329999999999779e-02
5.357739999999999725e-02
3.478379999999999667e-02
-4.745819999999999900e-02
-7.574140000000000039e-02
-1.172760000000000052e-01
-3.552879999999999927e-02
-1.703920000000000087e-02
-1.583089999999999845e-02
8.682499999999999662e-01
3.144759999999999778e-01
1.808830000000000160e-02
-5.194130000000000136e-01
1.969910000000000064e-02
-3.003940000000000082e-02
1.363299999999999929e-02
1.338640000000000108e-01
-1.357499999999999983e-03
4.110530000000000017e-01
-2.701999999999999888e-02
-8.443519999999999914e-01
5.615390000000000104e-01
2.990739999999999761e-04
7.114929999999999866e-02
-7.587700000000000000e-02
1.178940000000000099e+00
8.989669999999999606e-02
5.362249999999999656e-02
7.306129999999999569e-02
1.426929999999999865e-01
4.651380000000000098e-02
2.025680000000000189e-03
4.170240000000000058e-01
4.293219999999999675e-02
-3.872960000000000291e-02
4.220700000000000146e-02
-1.833910000000000011e-03
3.124359999999999915e-01
-8.966979999999999396e-02
-1.236869999999999983e-02
-7.779409999999999936e-01
7.058659999999999934e-02
9.738410000000000122e-02
7.520309999999999495e-02
1.336569999999999946e-02
5.817420000000000230e-02
2.514989999999999726e-01
-1.003480000000000066e-01
4.697950000000000043e-02
-4.000200000000000283e-02
7.307020000000000182e-02
-2.510310000000000041e-01
-4.534439999999999998e-02
6.775849999999999929e-02
-7.845449999999999646e-02
-1.636579999999999979e-02
1.002720000000000000e-01
-3.261100000000000110e-02
1.041610000000000036e-01
-1.501730000000000009e-01
8.651349999999999318e-02
1.825330000000000008e-02
9.010229999999999628e-02
7.432310000000000305e-02
6.482400000000000141e-03
4.680690000000000128e-01
4.657549999999999746e-01
-3.796880000000000255e-01
-7.396859999999999546e-01
-2.215810000000000002e-02
8.289440000000000142e-01
-2.321920000000000095e-01
7.481749999999999512e-02
9.082529999999999770e-02
6.681510000000000227e-02
-6.122110000000000052e-03
1.824780000000000013e-01
4.875850000000000323e-02
4.018320000000000225e-02
2.464960000000000068e-02
6.241259999999999863e-02
5.314370000000000205e-02
8.144070000000000475e-02
1.140670000000000017e-01
8.629249999999999421e-02
6.043880000000000086e-02
5.881789999999999935e-02
-1.226430000000000055e-02
8.002019999999999966e-02
9.316220000000000057e-02
1.127959999999999935e-01
8.649419999999999331e-02
-2.305909999999999904e-02
-9.259660000000000113e-02
4.194459999999999855e-02
4.533679999999999655e-02
1.179889999999999932e-02
7.762189999999999368e-02
7.876800000000000468e-02
-2.326030000000000111e-02
-1.333870000000000021e-02
4.181599999999999762e-01
1.550319999999999997e-02
-2.942550000000000027e-02
6.508329999999999671e-02
1.055679999999999952e-01
5.651649999999999729e-02
-2.501209999999999822e-01
7.894550000000000178e-02
5.053400000000000253e-02
1.256809999999999872e-01
4.146380000000000066e-01
2.866279999999999939e-01
5.769970000000000133e-03
-2.974660000000000151e-02
-3.890069999999999813e-03
9.072079999999999728e-03
8.933290000000000675e-02
4.035910000000000192e-02
9.589000000000000301e-02
-2.095889999999999975e-01
-2.286930000000000074e-01
2.314969999999999875e-02
-3.308149999999999979e-02
1.904849999999999877e-01
1.763949999999999962e-01
1.250890000000000057e-01
6.926209999999999312e-02
4.522509999999999725e-02
1.636130000000000084e-01
8.939769999999999661e-02
7.525010000000000032e-02
-3.296770000000000256e-02
2.261519999999999919e-01
6.005060000000000259e-02
1.446649999999999880e-01
-1.195739999999999997e-02
1.135179999999999939e-01
-6.190450000000000119e-02
1.790299999999999947e-01
1.111759999999999970e-01
8.606469999999999398e-02
1.139870000000000050e-01
4.428180000000000310e-02
-1.898499999999999840e-02
5.513789999999999664e-02
1.915199999999999958e-01
1.062440000000000051e+00
3.926490000000000258e-01
1.548680000000000022e-02
4.018929999999999725e-02
1.246820000000000012e-01
4.596959999999999935e-02
-6.077869999999999662e-01
1.751999999999999946e-01
9.768119999999999581e-02
1.910459999999999936e-01
1.836969999999999992e+00
1.649209999999999912e-02
4.022499999999999687e-02
9.214909999999999768e-02
1.023280000000000023e-01
-5.337790000000000243e-03
-5.598270000000000329e-02
8.440839999999999455e-02
1.050100000000000061e-01
1.008669999999999983e-01
9.280300000000000007e-03
9.277950000000000086e-02
1.280989999999999907e-01
6.269010000000000415e-01
1.076960000000000001e-01
1.334289999999999921e-01
1.106720000000000065e-01
2.983660000000000131e-02
8.001809999999999479e-02
-3.681240000000000068e-01
7.806639999999999413e-02
9.291140000000000509e-02
1.233930000000000027e-01
6.272389999999999910e-01
2.733009999999999953e-02
9.989569999999999839e-01
1.389509999999999912e-01
1.284559999999999869e-01
-7.372969999999999802e-01
2.829450000000000021e-01
1.036509999999999931e-01
1.490440000000000098e-01
3.318539999999999823e-01
3.774959999999999982e-01
-5.091980000000000117e-02
-1.213810000000000063e-02
-3.124930000000000069e-02
9.826409999999999312e-02
-1.489979999999999916e-01
7.382829999999999948e-02
3.821349999999999747e-02
2.856260000000000049e-02
9.654400000000000481e-02
-7.183040000000000258e-02
3.698330000000000228e-01
5.262440000000000451e-01
1.279329999999999912e-01
9.707599999999999563e-02
-1.919470000000000065e-01
9.956389999999999685e-02
-2.478440000000000087e-01
8.934649999999999537e-02
9.503820000000000323e-02
9.549720000000000431e-02
4.534839999999999705e-02
1.585880000000000067e-01
-7.849699999999999456e-01
-3.059900000000000120e-02
1.971360000000000057e-01
3.206999999999999851e-01
2.534399999999999986e-01
3.018489999999999784e-01
1.804070000000000118e-01
-2.418289999999999884e-01
-6.288739999999999608e-02
-2.267599999999999894e-01
6.094110000000000360e-01
8.590720000000000300e-02
1.031760000000000038e-01
1.107920000000000016e-01
8.469400000000000539e-02
-6.448920000000000347e-03
1.700440000000000007e-01
1.694060000000000010e-01
1.679990000000000094e-01
5.625829999999999720e-02
8.126150000000000040e-02
1.340220000000000022e-01
9.345480000000000453e-01
-2.228839999999999988e-01
3.667800000000000227e-02
2.071870000000000100e-01
1.424559999999999993e-01
5.317429999999999726e-03
-4.663199999999999984e-02
1.634730000000000037e-03
5.272700000000000164e-01
1.184940000000000021e-01
6.733690000000000508e-02
1.810499999999999887e-01
4.810860000000000136e-02
5.217120000000000091e-02
-3.650999999999999801e-01
1.412009999999999932e-01
-6.607830000000000092e-01
1.245850000000000013e-01
-8.573450000000000515e-02
1.012340000000000045e-01
-1.097019999999999940e-01
3.364960000000000173e-02
6.871590000000000337e-03
1.608910000000000062e-01
8.090730000000000144e-02
2.503739999999999855e-01
6.613700000000000134e-02
-5.171590000000000215e-02
8.286909999999999554e-01
1.125860000000000055e-01
1.368119999999999892e-01
7.935620000000000174e-02
1.435469999999999975e-02
-6.914040000000000186e-01
-3.373480000000000228e-02
1.247189999999999965e-01
1.212509999999999977e-01
1.334690000000000008e-02
8.880059999999999343e-02
1.078619999999999995e-01
-2.360489999999999811e-03
1.718820000000000070e-01
1.127200000000000008e-01
1.295229999999999992e-01
-4.898960000000000120e-02
3.431040000000000201e-01
1.095900000000000069e-01
1.393179999999999974e-01
1.884190000000000031e-01
