-1.529119999999999924e-01
9.994150000000000256e-04
-6.020790000000000308e-01
1.582260000000000055e-01
9.093070000000000319e-02
8.579689999999999539e-02
-3.102119999999999878e-01
2.406310000000000046e-02
8.899039999999999728e-02
-3.675610000000000266e-01
1.509180000000000070e-02
-4.755030000000000090e-01
-2.789699999999999958e-01
-2.355399999999999994e-01
-6.956560000000000521e-02
8.944520000000000248e-02
2.035630000000000078e-02
-5.492639999999999745e-01
-2.421830000000000094e-01
-5.623200000000000420e-01
-3.891890000000000072e-01
1.259419999999999984e-01
-3.039600000000000080e-01
-5.392510000000000359e-01
-1.569919999999999927e-01
-1.483639999999999959e-01
-1.577530000000000043e-01
-1.541839999999999877e-01
-3.110729999999999884e-01
-2.907210000000000072e-01
9.625849999999999684e-02
1.189559999999999923e-02
2.530800000000000272e-01
-5.526109999999999634e-01
-1.512380000000000113e-01
7.090319999999999956e-02
9.946879999999999611e-02
-3.020450000000000079e-01
-5.508319999999999883e-01
-3.046829999999999816e-01
-1.509800000000000031e-01
-7.041350000000000386e-02
-3.079270000000000063e-01
9.911670000000000202e-02
-1.755379999999999996e-01
-4.044940000000000202e-01
-3.981370000000000187e-01
-3.216260000000000230e-01
1.043419999999999938e-02
-3.335640000000000271e-01
8.838219999999999410e-02
1.605240000000000139e-02
-2.442960000000000131e-01
-9.240800000000000403e-02
-3.390250000000000208e-01
-2.702649999999999775e-01
-1.018030000000000046e-01
-4.250450000000000061e-01
-3.092630000000000101e-01
8.674840000000000328e-02
-5.673049999999999482e-01
-5.741969999999999574e-01
-3.241330000000000044e-01
-3.252050000000000218e-01
5.052809999999999593e-03
9.795829999999999815e-02
-8.715649999999999786e-02
-8.465910000000000102e-02
-2.515870000000000051e-01
8.521660000000000346e-02
-7.220550000000000579e-02
-1.825009999999999966e-01
-8.157419999999999949e-02
-2.342329999999999968e-01
-9.160820000000000074e-02
-2.294970000000000065e-01
-6.354880000000000251e-02
-6.480120000000000324e-02
-4.007029999999999759e-01
1.030380000000000046e-01
-6.817520000000000524e-02
-6.182360000000000078e-01
1.672009999999999885e-01
1.176950000000000045e-02
-1.566639999999999977e-01
-2.468259999999999899e-01
7.501620000000000510e-02
6.890409999999999591e-02
-2.641399999999999859e-01
-6.536100000000000243e-01
-1.907860000000000111e-01
8.507829999999999213e-03
-1.603809999999999958e-01
-3.455810000000000271e-01
-3.169060000000000210e-01
-7.338810000000000056e-01
5.457510000000000269e-04
-3.628680000000000239e-01
-1.619919999999999971e-01
8.837140000000000273e-02
-5.539119999999999600e-01
-7.405890000000000528e-01
-4.326690000000000258e-01
-2.517920000000000158e-01
4.076440000000000063e-01
-1.701259999999999994e-01
-5.704249999999999599e-01
-7.236359999999999459e-01
-3.292840000000000211e-01
7.233100000000000640e-02
-3.455469999999999930e-01
-3.445860000000000034e-01
-1.743000000000000105e-01
2.223709999999999836e-03
-5.810290000000000177e-01
5.776030000000000053e-02
8.346309999999999840e-02
-1.807300000000000018e-01
6.381449999999999623e-02
-1.202399999999999997e-01
-9.741650000000000309e-02
7.009210000000000440e-02
-4.791239999999999943e-01
-3.224270000000000191e-01
-2.528569999999999984e-01
-1.776020000000000099e-01
-4.202739999999999809e-01
-3.639189999999999925e-01
-2.727479999999999905e-01
-2.561530000000000196e-01
-4.440430000000000210e-01
-2.606580000000000008e-01
-4.377969999999999917e-01
-3.678549999999999875e-01
3.312339999999999729e-02
-5.010740000000000194e-01
-6.726750000000000229e-01
-8.552600000000000480e-02
-8.955990000000000339e-01
-5.173450000000000548e-01
-8.590480000000000338e-02
-7.345099999999999962e-01
-2.644699999999999829e-01
6.101960000000000023e-02
4.760389999999999761e-02
-3.345489999999999853e-01
-7.613750000000000240e-01
-7.350510000000000099e-01
4.232699999999999657e-02
-4.348839999999999928e-01
-4.277949999999999808e-01
-5.164109999999999534e-01
7.422430000000000694e-02
-1.078770000000000007e+00
-4.965870000000000006e-01
-9.968309999999999671e-02
-2.786150000000000015e-01
-4.998989999999999823e-01
-7.556310000000000526e-01
-3.663629999999999942e-01
-3.555320000000000147e-01
-1.123370000000000063e-01
-3.591010000000000035e-01
1.647280000000000133e-01
-1.835559999999999969e-01
-2.210229999999999834e-02
-1.759380000000000110e-01
9.757379999999999743e-04
-1.833289999999999920e-01
-1.671199999999999908e-01
-1.786580000000000112e-02
-2.786730000000000040e-01
-2.023439999999999961e-01
9.645120000000000082e-02
-5.832739999999999592e-01
-1.746850000000000069e-01
-6.000459999999999683e-01
-8.154770000000000074e-01
-2.664989999999999859e-01
-8.603080000000000449e-02
2.404999999999999916e-01
-2.594339999999999979e-01
-2.609929999999999750e-01
1.441070000000000129e-01
-3.309679999999999844e-01
-7.438169999999999504e-01
-2.783990000000000076e-01
-3.523800000000000265e-01
-4.405080000000000107e-01
-1.672109999999999985e-01
-1.574689999999999979e-01
7.609399999999999498e-02
-5.127859999999999641e-01
-1.667420000000000013e-01
7.861949999999999494e-02
-3.058840000000000170e-02
-5.817229999999999901e-01
-7.277000000000000135e-01
-5.032109999999999639e-01
-3.521610000000000018e-01
-3.228960000000000163e-01
-1.012109999999999954e-01
-7.399270000000000014e-01
-3.530650000000000177e-01
-3.511990000000000250e-02
-4.233770000000000033e-01
-5.779079999999999773e-01
-2.879769999999999899e-02
-9.005019999999999691e-02
-3.583199999999999927e-03
-5.129010000000000513e-01
-5.845460000000000100e-01
-4.856199999999999753e-03
-6.461829999999999519e-01
-3.536480000000000179e-01
-1.827600000000000058e-01
-5.058949999999999836e-01
1.312099999999999933e-01
-2.835570000000000104e-02
-5.887949999999999573e-01
3.932689999999999797e-02
1.266150000000000053e-01
-8.346700000000000230e-01
-1.185680000000000067e-01
-5.769349999999999756e-01
-2.480409999999999907e-02
-7.344829999999999415e-02
-3.591590000000000060e-01
-1.352949999999999986e-01
-1.100870000000000043e-01
5.654730000000000173e-02
-1.710440000000000016e-01
-6.785839999999999650e-01
-4.505660000000000220e-01
-7.881589999999999430e-02
-4.523389999999999911e-01
-3.503459999999999908e-01
-4.340140000000000109e-01
-4.397710000000000230e-01
-2.840849999999999764e-01
-3.646920000000000162e-01
-3.640590000000000215e-01
-7.616380000000000372e-01
-1.834099999999999897e-01
-3.544760000000000133e-01
-3.692070000000000074e-01
-3.388490000000000113e-01
-4.416249999999999898e-01
-3.573680000000000190e-01
-1.768609999999999904e-01
-5.945730000000000182e-01
2.533989999999999854e-01
-8.313120000000000509e-01
1.146620000000000000e-01
3.314320000000000044e-01
3.339339999999999975e+00
5.460359999999999658e+00
8.000479999999999592e+00
8.454129999999999256e+00
9.473990000000000578e+00
1.045279999999999987e+01
1.111430000000000007e+01
1.114610000000000056e+01
1.112390000000000079e+01
1.020149999999999935e+01
1.041230000000000011e+01
9.401139999999999830e+00
8.787020000000000053e+00
8.859959999999999170e+00
8.286630000000000607e+00
7.704830000000000290e+00
7.700870000000000104e+00
7.816650000000000098e+00
7.873289999999999900e+00
7.195710000000000051e+00
7.105500000000000149e+00
7.007290000000000241e+00
6.353769999999999918e+00
6.595749999999999780e+00
6.500969999999999693e+00
6.261639999999999873e+00
6.158949999999999925e+00
6.775619999999999976e+00
5.941139999999999866e+00
5.473799999999999777e+00
5.218490000000000073e+00
5.972059999999999924e+00
5.313819999999999766e+00
5.275120000000000253e+00
5.493649999999999700e+00
4.746290000000000120e+00
5.388340000000000352e+00
4.222209999999999575e+00
5.107980000000000409e+00
5.786340000000000039e+00
4.827499999999999680e+00
4.457049999999999734e+00
4.458940000000000126e+00
3.889769999999999950e+00
5.487580000000000346e+00
4.124019999999999797e+00
4.543420000000000236e+00
4.483839999999999826e+00
4.505160000000000053e+00
4.284130000000000216e+00
4.173860000000000348e+00
4.284959999999999880e+00
4.164740000000000109e+00
4.802570000000000228e+00
3.816539999999999822e+00
3.531950000000000145e+00
3.110380000000000145e+00
3.807059999999999889e+00
3.445720000000000116e+00
3.789860000000000007e+00
3.394620000000000193e+00
3.669630000000000170e+00
5.057360000000000078e+00
3.420009999999999994e+00
3.356770000000000032e+00
3.900459999999999816e+00
3.145620000000000083e+00
2.927290000000000170e+00
3.846490000000000187e+00
2.527210000000000178e+00
3.196730000000000071e+00
3.509009999999999962e+00
2.136979999999999880e+00
2.461749999999999883e+00
2.723059999999999814e+00
3.473399999999999821e+00
2.234399999999999942e+00
2.210679999999999978e+00
2.328829999999999956e+00
2.316510000000000069e+00
2.037080000000000002e+00
2.613830000000000098e+00
2.120460000000000012e+00
2.139790000000000081e+00
2.937320000000000153e+00
2.626389999999999780e+00
2.128480000000000150e+00
1.753759999999999986e+00
1.725910000000000055e+00
2.215939999999999799e+00
2.479410000000000114e+00
2.062699999999999978e+00
2.484049999999999869e+00
1.633639999999999981e+00
2.097269999999999968e+00
1.621520000000000072e+00
1.648560000000000025e+00
1.500210000000000043e+00
1.367820000000000036e+00
2.450559999999999850e+00
2.151159999999999961e+00
1.662349999999999994e+00
1.294999999999999929e+00
1.219249999999999945e+00
9.268990000000000284e-01
1.985489999999999977e+00
1.418139999999999956e+00
2.518539999999999779e+00
1.307160000000000100e+00
1.256170000000000009e+00
1.541449999999999987e+00
9.369990000000000263e-01
1.249219999999999997e+00
1.584000000000000075e+00
9.008620000000000516e-01
7.870080000000000409e-01
1.169380000000000086e+00
1.327409999999999979e+00
1.544689999999999896e+00
7.847330000000000139e-01
7.893470000000000208e-01
3.617079999999999740e-01
2.050800000000000178e+00
8.433169999999999833e-01
1.199869999999999992e+00
6.849110000000000475e-01
1.477049999999999974e+00
3.958079999999999932e-01
4.180180000000000007e-01
3.781689999999999774e-01
1.116819999999999924e+00
3.836379999999999790e-01
3.719489999999999741e-01
1.256289999999999907e+00
5.165079999999999671e-01
3.705030000000000268e-01
3.539289999999999936e-01
6.052330000000000210e-01
4.150389999999999913e-01
1.390109999999999957e-01
3.043919999999999959e-01
7.324619999999999465e-01
7.688669999999999671e-01
1.080470000000000041e+00
8.490320000000000089e-01
6.894190000000000040e-01
3.193429999999999880e-01
2.175980000000000136e-01
3.303590000000000138e-01
4.368179999999999841e-01
4.219479999999999897e-01
6.359209999999999585e-01
5.127349999999999963e-02
3.851189999999999891e-01
1.047509999999999941e+00
4.801300000000000012e-01
4.124050000000000216e-01
7.525310000000000332e-02
2.499909999999999910e-01
6.893270000000000231e-01
2.281189999999999884e-01
8.758110000000000062e-01
6.998790000000000289e-01
3.028460000000000041e-01
2.355649999999999966e-01
2.541749999999999843e-01
2.351989999999999914e-01
2.334620000000000029e-01
6.771120000000000472e-01
1.015709999999999891e+00
2.280369999999999897e-01
2.322069999999999967e-01
2.182600000000000096e-01
6.075369999999999937e-01
5.747359999999999969e-02
3.528649999999999842e-02
1.899250000000000105e-01
2.114900000000000113e-01
2.016870000000000052e-01
1.307530000000000081e-01
4.185529999999999806e-02
1.812330000000000052e-01
2.778749999999999831e-01
4.365439999999999876e-01
2.416609999999999869e-01
-4.403830000000000244e-02
3.788500000000000201e-02
4.266670000000000185e-01
2.619929999999999759e-01
2.392029999999999851e-02
-5.203209999999999780e-02
1.988530000000000020e-01
1.941239999999999910e-01
1.866720000000000046e-01
-1.610540000000000027e-01
-1.323529999999999984e-01
4.981059999999999828e-03
-4.797319999999999918e-01
-8.242470000000000352e-02
3.742270000000000318e-02
-5.397729999999999473e-01
8.238669999999999327e-02
5.752530000000000143e-02
9.435980000000000062e-03
1.794810000000000016e-01
1.486290000000000111e-01
1.442080000000000028e-01
2.418879999999999988e-02
2.971030000000000060e-01
-1.906619999999999981e-01
-4.282299999999999995e-02
2.989930000000000088e-01
-1.709349999999999889e-04
1.699089999999999975e-02
7.822930000000000161e-02
-3.033989999999999864e-03
2.915449999999999986e-01
3.578069999999999862e-02
-1.987699999999999884e-02
-1.623159999999999881e-01
2.117290000000000005e-01
2.799019999999999841e-01
-1.859850000000000114e-01
1.087499999999999994e-01
-2.163709999999999939e-02
1.402799999999999880e-01
3.088549999999999907e-01
7.727530000000000510e-02
-8.573079999999999590e-02
-2.659390000000000191e-03
-4.402249999999999913e-02
-1.800309999999999966e-01
2.669949999999999823e-01
2.722970000000000113e-01
2.773869999999999947e-01
2.964570000000000052e-02
6.083270000000000344e-02
-3.576070000000000082e-01
1.424989999999999868e-01
6.641099999999999781e-02
3.568670000000000175e-02
-1.814469999999999972e-01
-1.848349999999999993e-01
-3.141280000000000183e-01
6.152839999999999698e-02
3.346709999999999963e-02
-1.793289999999999884e-01
2.747169999999999890e-01
-2.025879999999999903e-01
-3.984320000000000084e-01
1.306110000000000049e-01
-1.703290000000000082e-01
-1.639639999999999986e-01
-7.687819999999999376e-02
-1.451119999999999910e-01
4.149540000000000173e-02
4.336659999999999959e-01
-4.566569999999999657e-02
1.246609999999999940e-01
-1.104050000000000031e-01
1.131510000000000016e-01
1.673729999999999940e-01
-1.702190000000000092e-01
1.345699999999999952e-01
2.059279999999999999e-01
4.308239999999999847e-01
-1.025009999999999949e-01
-3.912369999999999737e-02
1.191439999999999999e-01
-4.633399999999999741e-01
4.288209999999999938e-02
-2.545049999999999812e-01
-2.717979999999999841e-01
1.666060000000000041e-01
-1.273150000000000115e-01
-5.473869999999999569e-01
-1.844230000000000036e-01
1.897979999999999945e-01
-2.995369999999999977e-02
-3.883659999999999890e-01
-3.284590000000000010e-01
4.542129999999999779e-02
7.918220000000000119e-03
7.964140000000000108e-02
-3.039769999999999972e-01
1.645429999999999948e-01
2.619879999999999987e-01
-1.621009999999999951e-01
-2.669610000000000212e-03
-2.746160000000000267e-01
2.343909999999999882e-01
-2.435039999999999982e-01
-2.349459999999999882e-01
2.527710000000000234e-01
-3.242230000000000112e-02
2.643619999999999859e-01
4.757639999999999786e-02
-3.690960000000000074e-02
3.468949999999999811e-02
4.017369999999999969e-02
5.461150000000000032e-02
4.162620000000000209e-02
-1.864609999999999879e-02
-2.453390000000000015e-01
-3.526689999999999686e-02
-8.331299999999999817e-03
-1.143799999999999956e-01
-6.053309999999999524e-01
-4.099470000000000197e-02
-3.101039999999999908e-01
9.596010000000000650e-02
-6.213670000000000304e-02
8.044510000000000549e-02
-1.308010000000000006e-01
-4.556600000000000095e-01
1.674360000000000015e-01
1.019160000000000066e-01
1.112110000000000043e-01
1.067639999999999978e-01
-4.416710000000000080e-02
3.289009999999999850e-02
9.167210000000000636e-02
9.252760000000000151e-02
-4.773169999999999913e-01
1.049350000000000005e-01
-1.237940000000000013e-01
-5.783319999999999572e-01
1.132810000000000067e-02
-4.648809999999999887e-01
1.137389999999999929e-02
1.004919999999999980e-01
3.960910000000000264e-01
2.500899999999999790e-01
-4.940559999999999952e-01
-1.943199999999999927e-01
-5.370449999999999946e-01
-2.225959999999999883e-01
8.173550000000000260e-02
1.088159999999999961e-01
1.033290000000000042e-01
1.604450000000000043e-01
-3.516299999999999981e-01
-3.510449999999999959e-01
1.094719999999999999e-01
-4.778700000000000170e-01
-2.234619999999999940e-01
-5.144039999999999724e-02
5.098920000000000119e-01
-2.585049999999999848e-02
-9.446150000000000380e-02
3.157410000000000078e-02
1.043530000000000013e-01
4.387520000000000309e-02
-4.163100000000000134e-01
-1.376259999999999983e-01
-4.838160000000000238e-01
2.643519999999999759e-01
8.025169999999999526e-02
-5.736310000000000020e-01
3.932379999999999765e-01
-3.730120000000000102e-01
-4.660460000000000158e-01
-2.716830000000000078e-01
-3.285090000000000232e-02
4.536899999999999961e-02
4.201650000000000107e-01
1.614569999999999894e-01
-3.629939999999999833e-01
-1.855489999999999917e-01
9.693899999999999739e-02
-1.951120000000000076e-01
4.193899999999999711e-02
1.187050000000000050e-01
-2.127410000000000134e-01
-1.290910000000000113e-01
-2.561849999999999961e-01
8.308160000000000545e-02
-3.522830000000000128e-01
3.067589999999999900e-02
-7.711790000000000311e-02
3.155479999999999952e-01
-3.107179999999999942e-01
-3.907170000000000066e-04
-2.309360000000000024e-01
1.682279999999999887e-01
-7.028590000000000115e-01
2.511079999999999979e-01
-2.119369999999999865e-01
-4.258210000000000051e-01
-4.730680000000000128e-03
-3.508850000000000025e-01
-2.709880000000000067e-01
-2.948629999999999862e-01
-2.829320000000000168e-01
-6.732329999999999703e-01
1.651669999999999874e-02
2.294519999999999893e-01
-3.703350000000000253e-01
4.693049999999999826e-03
-3.167650000000000188e-01
-3.482589999999999852e-01
-2.166819999999999857e-03
-2.265000000000000069e-01
1.811580000000000135e-01
-6.681630000000000034e-03
-2.302319999999999922e-01
-1.002959999999999963e-02
1.408829999999999978e-02
-3.040800000000000169e-01
-3.311189999999999967e-01
-1.297639999999999905e-01
-2.583309999999999773e-01
-6.265410000000000146e-01
-1.241980000000000028e-01
1.547280000000000010e-02
-3.562859999999999916e-01
-5.674259999999999859e-01
-6.195519999999999916e-01
-1.140280000000000044e-01
-4.955579999999999985e-01
-5.393440000000000456e-01
7.042650000000000299e-02
9.445280000000000342e-02
-3.303429999999999978e-01
9.640039999999999720e-02
9.943349999999999411e-02
6.967479999999999507e-02
-2.246750000000000136e-01
3.953249999999999820e-02
4.151460000000000150e-01
-3.346919999999999895e-01
-8.380010000000000236e-02
1.134170000000000039e-01
-2.846090000000000009e-01
-2.749989999999999934e-01
1.194670000000000107e-03
-2.935400000000000231e-01
5.842970000000000282e-03
1.016760000000000025e-01
1.570970000000000005e-02
9.157849999999999324e-02
-4.426719999999999960e-02
-6.247920000000000140e-01
-2.805489999999999928e-01
-3.805419999999999914e-01
1.616130000000000067e-01
-4.269049999999999789e-01
-4.591999999999999971e-01
-6.260229999999999961e-01
2.584000000000000186e-01
-2.665100000000000247e-01
8.123679999999999790e-02
8.848319999999999796e-02
3.399260000000000059e-01
1.729400000000000034e-02
-6.363080000000000125e-02
2.439860000000000084e-01
-6.587739999999999707e-01
-2.086709999999999954e-01
-3.113810000000000189e-01
4.619510000000000283e-03
3.358659999999999857e-03
-5.088190000000000213e-01
-3.610189999999999788e-01
-2.865739999999999954e-01
-5.779149999999999565e-01
-6.255239999999999689e-01
3.111190000000000136e-02
2.517909999999999870e-01
-1.359249999999999903e-01
-1.473190000000000055e-01
-2.882270000000000110e-01
3.248659999999999881e-01
-5.161379999999999857e-01
-7.486349999999999949e-02
-7.082439999999999569e-02
2.496109999999999995e-01
-4.314810000000000173e-02
8.781339999999999979e-02
-1.220669999999999950e-01
-4.980229999999999935e-01
-3.633759999999999768e-01
-3.587170000000000081e-01
-4.096480000000000121e-01
-7.165649999999999797e-02
-4.518820000000000059e-01
-4.158519999999999994e-01
3.615610000000000213e-01
-2.971790000000000265e-01
-1.151960000000000067e-01
-4.895970000000000183e-02
-3.599499999999999922e-01
-2.928540000000000032e-01
-4.695060000000000205e-02
1.878900000000000015e-01
-5.131229999999999958e-01
-2.123109999999999997e-01
8.401780000000000359e-02
-4.275300000000000211e-01
-4.960629999999999762e-01
-5.731760000000000188e-01
1.584230000000000083e-01
-3.190109999999999890e-01
-2.850099999999999856e-01
-5.863960000000000006e-02
-7.605969999999999398e-02
-9.699040000000000439e-02
-2.915769999999999751e-01
-2.999589999999999756e-01
9.478999999999999926e-02
-2.807459999999999956e-01
-2.922799999999999843e-01
-1.378169999999999951e-01
-2.938129999999999908e-01
2.550020000000000064e-01
-7.874390000000000556e-02
-2.942910000000000248e-01
2.408919999999999950e-01
1.019810000000000022e-01
-4.975700000000000262e-02
-2.188869999999999982e-01
2.238410000000000122e-01
2.297970000000000013e-01
-1.264520000000000088e-01
-7.403079999999999383e-02
-5.847750000000000448e-01
2.204059999999999908e-01
-1.606210000000000138e-01
8.797209999999999752e-02
1.052109999999999990e-01
8.774110000000000242e-02
1.856250000000000122e-01
8.335480000000000667e-02
-7.200709999999999923e-03
-3.765629999999999811e-01
-3.065769999999999884e-01
1.101659999999999966e-02
-1.644049999999999956e-01
-3.692509999999999959e-01
-2.159339999999999871e-01
8.200240000000000307e-02
8.324629999999999530e-02
-2.867169999999999996e-01
-3.330529999999999949e-03
2.411220000000000030e-01
-1.614220000000000099e-01
3.643790000000000223e-02
-2.767439999999999900e-01
-1.457199999999999884e-01
-2.356779999999999986e-01
-3.466259999999999897e-01
-1.494179999999999953e-01
1.597280000000000089e-01
5.591829999999999717e-02
-1.506879999999999886e-01
-2.707470000000000154e-01
8.982500000000000207e-02
3.436700000000000171e-02
3.009080000000000088e-02
7.970220000000000082e-02
1.789729999999999932e-01
4.836300000000000043e-01
4.111739999999999839e-02
-6.484659999999999869e-01
-4.244589999999999752e-01
-4.422869999999999857e-01
9.671380000000000254e-03
-1.265409999999999868e-01
-7.576470000000000080e-03
6.406009999999999482e-02
-6.120840000000000308e-02
-2.966420000000000168e-01
-4.182770000000000099e-01
-3.776630000000000265e-01
4.780340000000000110e-03
-5.128570000000000073e-01
1.865369999999999875e-02
-1.352980000000000016e-01
-2.620680000000000232e-01
-2.945630000000000193e-01
1.617629999999999901e-01
8.536570000000000269e-02
-4.946639999999999926e-01
-2.716450000000000253e-01
-4.146719999999999851e-01
-3.509280000000000177e-01
9.805999999999999439e-02
-6.511309999999999321e-02
-3.520260000000000056e-01
-2.721919999999999895e-01
-1.394799999999999929e-01
-1.237140000000000045e-01
-1.883269999999999944e-01
2.658739999999999992e-01
-1.168659999999999977e-01
-5.144660000000000205e-02
-3.428039999999999976e-01
-3.762739999999999974e-01
-1.228349999999999997e-01
-2.102410000000000112e-01
-2.263610000000000066e-01
-2.791130000000000000e-01
-2.886679999999999802e-01
-2.991770000000000262e-01
-3.777019999999999822e-01
8.201940000000000619e-02
-3.494590000000000196e-01
-8.199180000000000357e-02
-6.920999999999999375e-02
9.138659999999999839e-02
-5.720580000000000109e-02
-1.599289999999999878e-01
-1.372180000000000066e-01
-4.276619999999999866e-01
-2.040520000000000111e-01
-3.581900000000000084e-01
-5.826220000000000010e-02
-4.910769999999999857e-01
-1.623769999999999936e-01
-1.609599999999999920e-01
-2.369930000000000092e-01
-5.217619999999999481e-01
-1.938620000000000065e-01
8.325570000000000193e-02
-2.885800000000000032e-01
-2.829900000000000193e-01
9.318519999999999581e-02
-2.316459999999999908e-01
3.617059999999999720e-02
-2.647240000000000149e-01
-5.372919999999999779e-02
4.676489999999999814e-01
4.077180000000000248e-01
2.508889999999999731e-01
-2.142580000000000040e-01
-3.421089999999999964e-01
8.180949999999999334e-02
5.230320000000000108e-02
-4.495569999999999844e-01
6.281280000000000197e-02
-7.448710000000000053e-02
-3.667489999999999917e-01
-2.215739999999999932e-01
9.464690000000000603e-02
8.070650000000000046e-02
-2.812259999999999760e-01
2.499139999999999973e-01
-3.118529999999999913e-01
2.507819999999999841e-02
5.123349999999999849e-01
2.620080000000000187e-01
-2.829559999999999853e-01
3.192440000000000278e-01
8.962950000000000084e-02
-2.181160000000000043e-02
-3.601949999999999874e-01
1.999160000000000104e-01
-5.161229999999999984e-01
-1.194140000000000063e-01
6.378409999999999636e-02
-2.015770000000000062e-01
-3.776209999999999845e-01
-6.872019999999999518e-02
1.712549999999999906e-01
-8.984209999999999419e-02
-2.762229999999999963e-01
-4.028430000000000066e-01
-4.049960000000000226e-01
-2.215370000000000117e-01
-2.457199999999999940e-01
-5.221660000000000190e-02
-5.965469999999999801e-02
-4.717370000000000174e-01
-1.969750000000000112e-01
-2.193269999999999942e-01
-2.956179999999999919e-01
-6.683829999999999494e-01
-2.873419999999999863e-01
-2.926039999999999752e-01
-6.733859999999999846e-02
3.184730000000000200e-02
9.804620000000000002e-02
-7.214700000000000106e-03
3.812030000000000279e-02
-4.321650000000000214e-01
8.819340000000000512e-02
-1.584019999999999873e-01
-5.203480000000000327e-01
2.476540000000000130e-01
5.994660000000000266e-02
1.609810000000000060e-02
-2.836020000000000207e-01
2.164790000000000048e-01
2.351570000000000049e-01
-4.528130000000000210e-01
4.064729999999999732e-01
-6.481499999999999762e-02
-3.552460000000000062e-01
2.211200000000000110e-01
2.369719999999999882e-01
-3.669760000000000244e-01
-1.327429999999999999e-01
1.648010000000000100e-02
-4.154370000000000007e-01
-2.245290000000000064e-01
4.326800000000000112e-04
-6.716800000000000548e-02
-1.406199999999999950e-01
-1.230139999999999983e-01
-1.325629999999999864e-01
-1.338479999999999948e-01
6.086899999999999950e-02
-8.362310000000000576e-02
4.083370000000000229e-03
-2.275610000000000133e-01
3.948759999999999944e-03
-2.403939999999999966e-01
-5.041090000000000293e-01
-3.721200000000000063e-01
1.150460000000000024e-02
1.298110000000000062e-02
2.292629999999999946e-01
-6.737079999999999458e-02
2.424739999999999882e-02
-9.576690000000000549e-03
1.051839999999999997e-01
1.543110000000000037e-01
-3.484709999999999752e-01
-1.517979999999999885e-01
-3.686499999999999777e-01
-3.094250000000000056e-01
1.778029999999999888e-02
-2.385220000000000118e-01
-4.401269999999999905e-01
-1.916659999999999892e-02
-3.841620000000000035e-01
-3.840649999999999897e-01
-7.048590000000000133e-01
-3.701699999999999990e-01
-2.130649999999999905e-02
-7.122490000000000210e-01
-3.658120000000000260e-01
-7.962110000000000021e-02
2.945019999999999860e-01
2.509139999999999981e-02
-1.458820000000000117e-01
6.480779999999999874e-02
-3.773380000000000067e-01
-1.614619999999999944e-01
-2.955769999999999786e-01
-3.680999999999999828e-01
-9.303229999999999139e-03
-2.296759999999999913e-01
-8.972120000000000095e-02
6.723940000000000472e-02
-2.157820000000000016e-01
7.393710000000000560e-02
1.150860000000000077e-03
-2.850239999999999996e-01
2.455620000000000025e-01
2.269480000000000108e-01
1.867090000000000138e-01
-3.060579999999999967e-01
-2.421560000000000101e-01
-1.642729999999999885e-02
-1.573249999999999926e-01
-2.392090000000000050e-01
-3.920150000000000023e-01
-4.152870000000000172e-01
