-8.899709999999999566e-01
-3.389699999999999658e-02
7.902660000000000240e-02
-1.820400000000000018e+00
9.722039999999999571e-01
-2.094209999999999905e+00
1.542620000000000102e-01
8.694889999999999564e-02
4.163750000000000090e-02
1.441099999999999881e-01
9.635799999999999921e-01
-6.688529999999999476e-02
4.145809999999999773e-01
-8.096649999999999681e-01
-7.322739999999999805e-01
-1.635149999999999937e-01
-1.639289999999999914e-01
-7.052410000000000068e-01
9.368219999999999326e-02
-6.350789999999999491e-01
-1.492989999999999873e-01
-4.062230000000000008e-03
-1.320699999999999985e+00
-3.529539999999999900e-01
-1.715449999999999919e+00
-3.380139999999999811e-01
-5.103940000000000143e-01
-2.805719999999999829e-03
-4.591520000000000046e-01
-3.777550000000000074e-01
-1.720010000000000039e+00
-4.610689999999999927e-02
-1.014250000000000047e-02
8.114309999999999579e-02
-3.418510000000000160e-01
-1.695279999999999898e+00
-8.997279999999999722e-01
-2.286020000000000163e+00
1.351519999999999944e-01
-1.285910000000000026e-04
-5.237399999999999833e-01
-2.132739999999999914e-01
-1.093730000000000091e+00
3.026760000000000006e-01
-4.355669999999999820e-01
5.939090000000000341e-02
-1.961239999999999928e-01
-1.511730000000000018e-02
4.961299999999999738e-02
-1.128920000000000062e-01
6.040249999999999786e-02
7.515199999999999658e-02
-1.692420000000000035e-01
1.331970000000000098e-01
-1.880350000000000077e-01
1.320740000000000025e+00
-4.866889999999999827e-01
-3.084430000000000158e-02
-1.214439999999999964e+00
-3.540070000000000161e-01
-8.513640000000000096e-01
-2.119679999999999898e-01
-8.568179999999999685e-01
-2.977339999999999848e-02
-1.708069999999999977e+00
1.123780000000000001e+00
9.908569999999999878e-02
-3.336839999999999806e-01
-7.086760000000000281e-02
7.653609999999999580e-02
-8.361939999999999651e-02
-4.819950000000000068e-01
5.106909999999999922e-02
-1.305730000000000057e+00
6.711069999999999536e-02
6.529609999999999581e-02
-1.097879999999999967e-01
-1.163860000000000033e-01
-2.261950000000000072e-01
9.263949999999999962e-02
-5.197879999999999862e-02
-6.817840000000000011e-02
-9.323639999999999706e-01
-8.634460000000000052e-03
-1.926780000000000159e-02
-9.167530000000000401e-01
-4.245950000000000002e-01
8.857950000000000546e-02
-5.620430000000000044e-03
-2.648170000000000246e-01
-1.260790000000000077e+00
-3.247850000000000042e-02
-7.315149999999999431e-02
-6.587690000000000212e-02
1.291839999999999933e-01
-1.246219999999999967e-02
-6.614830000000000432e-01
-1.396149999999999891e-01
-1.188489999999999963e-01
-1.949809999999999877e-01
-2.413669999999999982e-01
-1.566899999999999959e-01
-4.782410000000000272e-01
6.543409999999999505e-02
-5.254690000000000229e-03
-1.182239999999999958e-01
6.573210000000000164e-02
4.471970000000000112e-01
-4.701670000000000016e-01
-5.158189999999999997e-02
1.042219999999999952e-01
-4.076579999999999787e-02
9.605700000000000349e-02
-5.491390000000000160e-02
7.683460000000000290e-02
-4.924520000000000008e-01
-1.154430000000000039e-01
-4.799319999999999975e-02
-4.668590000000000240e-02
-1.131640000000000007e-01
-1.187659999999999931e-02
3.306329999999999686e-02
-6.826160000000000561e-02
-4.702210000000000001e-01
-2.187610000000000110e-01
-4.626709999999999989e-01
-6.104690000000000394e-01
-1.216980000000000006e-01
-2.943419999999999925e-01
-8.065649999999999764e-01
5.644439999999999874e-02
3.251769999999999661e-02
-2.573229999999999962e-02
3.719129999999999658e-02
3.980279999999999929e-01
-1.331309999999999993e+00
-9.224350000000000604e-02
3.957530000000000214e-01
-1.834629999999999983e+00
-4.883390000000000231e-01
-3.168680000000000108e-02
4.171159999999999868e-01
1.023229999999999973e-01
-3.664130000000000165e-02
-1.427080000000000015e-01
1.712280000000000052e-02
-6.166840000000000099e-01
-3.784080000000000082e-02
-8.909599999999999742e-01
5.286040000000000183e-02
-1.291969999999999924e-02
-8.906110000000000068e-03
-2.299190000000000123e-01
-2.563110000000000041e-02
5.771099999999999841e-02
4.586470000000000130e-02
-9.086570000000000480e-01
3.334139999999999882e-01
3.023029999999999884e-01
1.407690000000000052e-01
-1.983889999999999959e-02
-1.341970000000000107e-01
-2.832060000000000133e-01
-9.922960000000000114e-02
-3.273670000000000191e-01
-2.300419999999999909e+00
1.132119999999999932e-01
1.230969999999999981e-01
-2.485009999999999997e-01
-7.647040000000000504e-01
-1.057990000000000042e-01
-2.489480000000000026e-01
5.291500000000000092e-01
8.688600000000000489e-02
-2.108460000000000056e-01
-1.162799999999999945e-01
-2.240020000000000067e-01
-5.655709999999999904e-02
-2.145479999999999887e-01
-1.048599999999999949e-01
-2.795960000000000112e-02
9.751390000000000058e-02
-1.180879999999999930e+00
2.464819999999999858e-02
1.212020000000000042e-01
8.001080000000000692e-02
2.841440000000000077e-01
8.821050000000000280e-01
9.565600000000000491e-02
6.266499999999999848e-02
9.184539999999999371e-02
-8.507989999999999997e-02
-2.136790000000000078e-01
1.917050000000000004e-02
-8.823229999999999684e-01
1.582250000000000045e-01
-6.871190000000000353e-01
-7.842479999999999452e-01
9.249300000000000577e-02
-9.808930000000000426e-02
-1.802510000000000057e+00
-1.335030000000000105e-01
-4.138639999999999854e-03
-3.021170000000000244e-01
3.137159999999999949e-02
-9.465200000000000002e-02
-4.322070000000000078e-01
-4.295410000000000200e-02
-4.263049999999999999e-03
9.766640000000000044e-03
-2.192550000000000054e-01
1.706600000000000131e-02
-1.976080000000000059e-01
-3.343829999999999719e-02
-5.139749999999999874e-02
-1.080810000000000048e+00
4.452969999999999845e-02
4.362719999999999931e-01
-3.060220000000000162e-01
-3.520070000000000143e-02
2.504520000000000080e-01
-1.788240000000000107e-01
3.990060000000000134e-02
-1.161849999999999966e-01
1.613060000000000049e-01
1.723550000000000082e-01
-1.715329999999999910e-01
4.977329999999999810e-01
9.166180000000000438e-01
-4.370879999999999904e-02
-2.867060000000000164e-01
3.189650000000000124e-02
-1.444720000000000032e-02
-8.912330000000000529e-01
-8.505830000000000335e-02
-2.251219999999999957e-03
-9.397149999999999670e-01
-1.786750000000000005e-01
-1.984750000000000125e-01
2.014329999999999940e-02
4.520230000000000081e-03
-9.708349999999999272e-03
-5.431590000000000029e-03
-8.703639999999999988e-02
-4.269060000000000077e-01
-3.183950000000000061e-03
3.838029999999999914e-02
1.475650000000000017e-01
1.758770000000000056e-01
2.868569999999999731e-01
3.081939999999999902e+00
3.429079999999999906e+00
7.183139999999999858e+00
7.142979999999999663e+00
8.160270000000000579e+00
1.014289999999999914e+01
9.964930000000000732e+00
1.049949999999999939e+01
1.106850000000000023e+01
1.201420000000000066e+01
1.164080000000000048e+01
1.304570000000000007e+01
1.158270000000000088e+01
1.165150000000000041e+01
1.173300000000000054e+01
1.193909999999999982e+01
1.131780000000000008e+01
1.016709999999999958e+01
1.196959999999999980e+01
9.591089999999999449e+00
9.836999999999999744e+00
9.337960000000000704e+00
9.148460000000000036e+00
9.291900000000000048e+00
9.990709999999999980e+00
1.027790000000000070e+01
1.193619999999999948e+01
9.870390000000000441e+00
9.090059999999999363e+00
8.606030000000000513e+00
8.087790000000000035e+00
8.065120000000000289e+00
8.060909999999999798e+00
8.494059999999999278e+00
6.793120000000000047e+00
7.880359999999999587e+00
7.027549999999999741e+00
7.426420000000000243e+00
8.301130000000000564e+00
8.041520000000000223e+00
5.779690000000000438e+00
6.575689999999999813e+00
6.191650000000000098e+00
7.421990000000000087e+00
5.292150000000000354e+00
3.559140000000000192e+00
6.541769999999999641e+00
5.185710000000000264e+00
4.353460000000000107e+00
6.720889999999999809e+00
5.109420000000000073e+00
6.479569999999999830e+00
5.127690000000000303e+00
3.999369999999999870e+00
6.199740000000000251e+00
4.545980000000000132e+00
3.245449999999999946e+00
7.201749999999999652e+00
5.821780000000000399e+00
5.008580000000000254e+00
6.136689999999999756e+00
5.185290000000000177e+00
2.841520000000000046e+00
5.114399999999999835e+00
2.673750000000000071e+00
3.571349999999999802e+00
2.504680000000000017e+00
5.091820000000000235e+00
5.092100000000000293e+00
3.087499999999999911e+00
3.282639999999999780e+00
2.271479999999999944e+00
1.438010000000000010e+00
3.653820000000000068e+00
3.894899999999999807e+00
3.142749999999999932e+00
2.527629999999999821e+00
4.055909999999999904e+00
5.869720000000000049e+00
1.134379999999999944e+00
4.460539999999999949e+00
3.454340000000000188e+00
2.081080000000000041e+00
4.550179999999999780e-01
2.253750000000000142e+00
3.510380000000000056e+00
3.956700000000000106e+00
4.194249999999999923e-01
3.517850000000000144e+00
2.163009999999999877e+00
8.339950000000000419e-01
2.092470000000000052e+00
3.254920000000000035e-01
1.911580000000000057e+00
1.803879999999999928e+00
2.337790000000000035e+00
5.306969999999999743e-01
3.886719999999999953e+00
1.183389999999999942e+00
4.320800000000000196e-01
1.350829999999999975e+00
3.033569999999999878e-01
3.333530000000000104e-01
1.354690000000000061e-01
3.375839999999999952e-01
1.769550000000000012e-01
3.705280000000000240e-01
1.836500000000000077e-01
1.092519999999999950e-02
1.980979999999999963e-01
4.073089999999999766e-01
1.855750000000000011e+00
1.931740000000000013e+00
1.982350000000000056e+00
1.449619999999999909e+00
-2.308209999999999984e-01
-7.142160000000000175e-02
1.219950000000000027e-02
5.777989999999999515e-01
3.097770000000000246e-01
2.341759999999999953e-01
-1.733940000000000134e-02
1.100440000000000085e+00
1.422039999999999971e-01
2.909800000000000164e-01
1.787719999999999865e-01
2.044590000000000019e-01
5.882939999999999836e-01
2.040659999999999974e-01
9.895230000000000414e-01
3.243770000000000264e-01
1.275890000000000080e-01
1.055490000000000039e-01
-2.996290000000000064e-02
3.300539999999999724e-02
2.967130000000000045e-01
4.353730000000000100e-02
-1.163140000000000007e-01
1.514290000000000080e-01
1.830040000000000000e-01
5.805639999999999690e-01
4.694869999999999877e-01
2.300460000000000005e-01
3.467399999999999927e-01
7.285519999999999496e-02
6.732530000000000459e-02
-4.060770000000000213e-01
1.151960000000000067e-01
1.186620000000000008e+00
1.207479999999999942e-01
9.934749999999999970e-01
2.485340000000000119e-02
-3.745690000000000131e-02
8.512830000000000397e-02
6.372980000000000311e-02
1.455930000000000002e-01
6.057150000000000034e-02
1.358169999999999933e-01
4.259760000000000213e-01
1.809280000000000055e-01
3.741700000000000026e-01
1.846379999999999896e-02
-4.523420000000000218e-03
1.471459999999999990e-01
-1.302440000000000021e-02
1.864999999999999991e-01
1.785269999999999913e-01
1.777990000000000126e-01
1.874489999999999837e-02
1.527799999999999991e-01
-1.344899999999999984e-01
1.694559999999999955e-01
-2.330309999999999881e-01
3.610660000000000258e-02
1.487239999999999895e+00
1.107429999999999942e-01
2.344600000000000017e-01
4.644550000000000067e-02
2.245439999999999936e-02
-1.172290000000000054e+00
6.316339999999999455e-02
1.745829999999999993e+00
1.152070000000000038e-01
6.169449999999999656e-01
1.111199999999999966e-01
2.761370000000000144e-02
5.911000000000000282e-02
-2.892180000000000098e-02
1.817169999999999896e-01
1.811780000000000057e-01
7.449730000000000241e-02
1.308849999999999944e-02
-2.384299999999999961e-02
8.941549999999999498e-02
5.781889999999999946e-02
3.511430000000000107e-02
1.795530000000000070e+00
6.291719999999999535e-01
9.117969999999999686e-01
2.262190000000000034e-01
3.974960000000000160e-01
7.861020000000000507e-02
1.313489999999999935e-01
1.688689999999999913e-01
8.471729999999999539e-01
9.542109999999999481e-02
9.514369999999999772e-02
-2.818280000000000229e-01
-4.047769999999999840e-02
-5.697900000000000187e-02
1.142519999999999994e-02
-1.929960000000000009e-02
4.630150000000000099e-01
2.466619999999999924e-01
5.688769999999999938e-02
5.974369999999999681e-02
-1.576130000000000031e+00
1.143430000000000002e-01
1.820749999999999869e-01
2.790259999999999962e-01
2.057630000000000015e-01
-2.475580000000000142e-02
-2.731460000000000138e-02
5.370239999999999736e-02
5.031029999999999704e-03
7.634870000000000545e-02
2.255539999999999889e-03
-1.351259999999999961e-01
-5.095720000000000111e-02
2.163069999999999923e-02
4.624040000000000095e-02
3.157719999999999971e-01
1.649329999999999893e-02
1.452499999999999902e-01
-1.067919999999999980e-01
8.214539999999999342e-02
2.636240000000000250e-01
2.290600000000000136e-01
6.499909999999999854e-01
7.500850000000000573e-02
1.033840000000000037e-01
6.288249999999999396e-02
1.788309999999999900e-01
5.158059999999999728e-02
3.449859999999999732e-02
1.399219999999999908e-01
-5.021340000000000005e-03
7.959859999999999158e-03
4.060159999999999880e-01
-3.371939999999999937e-01
1.479119999999999879e-01
1.317500000000000060e-01
4.397580000000000239e-02
5.039200000000000346e-01
-4.739249999999999852e-01
-4.124090000000000256e-01
2.491739999999999927e-02
1.277570000000000094e-01
1.029019999999999935e-01
-9.817819999999999325e-02
2.294930000000000025e-01
4.453039999999999776e-02
1.328870000000000051e-01
2.205970000000000153e-02
1.387199999999999989e+00
1.222239999999999993e-01
2.417050000000000032e-01
-4.841530000000000139e-02
1.046540000000000026e+00
2.763390000000000013e-01
1.718040000000000123e-01
-3.834620000000000251e-01
-5.020999999999999769e-02
1.106039999999999940e-01
9.372160000000000213e-02
2.367569999999999952e-01
-3.390540000000000220e-01
-4.066909999999999969e-02
9.954290000000000083e-01
6.594390000000000321e-03
-2.144280000000000186e+00
-8.150119999999999587e-02
-1.375909999999999911e-01
7.581260000000000256e-03
5.966799999999999882e-02
-5.738940000000000152e-01
1.492860000000000020e-01
6.149969999999999742e-02
-1.430389999999999995e-01
1.224449999999999983e-01
2.078060000000000063e-03
1.554500000000000048e-01
2.571979999999999822e-01
-3.795119999999999744e-02
5.351120000000000321e-01
-5.973969999999999975e-02
-4.722950000000000065e-02
-6.193929999999999714e-01
-6.040349999999999886e-01
1.283910000000000051e-01
5.782479999999999842e-01
4.535580000000000167e-02
1.797789999999999944e-01
3.888219999999999871e-02
8.540730000000000544e-02
2.769579999999999820e-01
-1.168590000000000045e-01
-6.484629999999999561e-02
1.910720000000000127e-02
9.212329999999999686e-01
4.737160000000000259e-01
1.172789999999999944e-01
4.952609999999999651e-03
-1.634959999999999886e-02
-2.195960000000000134e-01
-4.300619999999999998e-01
-4.484509999999999885e-01
8.411159999999999470e-02
1.822749999999999926e-01
-1.151800000000000046e-01
2.761430000000000134e-02
1.851159999999999958e-02
-4.892250000000000071e-02
-7.194230000000000069e-02
2.509129999999999971e-01
-3.398220000000000129e-01
-3.551440000000000152e-02
-5.207350000000000173e-02
-2.009769999999999890e-01
-1.378510000000000013e-01
1.432990000000000097e-01
2.035240000000000105e-01
-3.999760000000000121e-02
1.479949999999999877e-01
1.144180000000000023e-02
-3.087579999999999769e-01
-7.215230000000000254e-01
2.217629999999999879e-01
6.022720000000000296e-01
1.768899999999999917e-01
4.962570000000000175e-02
1.381310000000000038e-01
1.665470000000000006e-01
-5.290920000000000345e-02
-8.155520000000000547e-01
2.058099999999999929e-01
4.164610000000000013e-03
7.023830000000000351e-02
6.248979999999999813e-02
1.209530000000000050e-01
1.318189999999999917e-01
-1.743499999999999911e-02
1.686829999999999996e-01
2.502800000000000025e-01
1.618080000000000074e-01
2.443649999999999989e-01
3.631899999999999712e-02
4.781779999999999919e-01
1.795039999999999830e-02
1.525430000000000119e-01
9.936290000000000400e-02
2.838419999999999832e-02
5.508220000000000338e-01
1.324849999999999917e-01
5.716149999999999703e-02
3.198019999999999752e-01
5.597599999999999798e-02
-3.084770000000000012e-01
-1.143899999999999952e-02
1.742900000000000005e-01
1.354879999999999973e-01
1.484769999999999979e-01
-9.733500000000000485e-02
9.431530000000000469e-02
-3.424869999999999859e-01
6.237870000000000220e-02
1.878379999999999939e+00
7.004879999999999440e-02
5.837389999999999940e-02
5.717300000000000160e-02
-5.880429999999999685e-02
2.250219999999999998e-02
-6.180870000000000114e-02
4.123029999999999751e-02
2.556370000000000170e-02
5.991239999999999760e-02
5.552309999999999884e-02
1.336650000000000060e-01
5.435979999999999979e-02
-3.497720000000000273e-01
-8.953880000000000172e-02
5.443520000000000303e-02
5.075289999999999663e-02
2.155590000000000006e-01
9.115520000000000289e-01
5.857509999999999800e-02
2.063460000000000016e-01
1.417370000000000019e-01
8.933600000000000430e-01
7.657210000000000405e-02
2.240999999999999936e-01
1.412080000000000002e-01
1.002490000000000048e-01
1.014639999999999986e-01
-1.708540000000000059e-02
4.004379999999999745e-02
4.994999999999999996e-01
-5.473920000000000174e-02
3.932750000000000135e-02
6.145000000000000288e-03
3.222909999999999664e-02
5.775960000000000122e-02
6.481989999999999974e-02
4.792759999999999798e-01
2.429640000000000133e-01
7.111889999999999878e-02
-7.935940000000000216e-01
-5.573700000000000182e-02
3.848069999999999963e-02
1.529639999999999889e-01
-2.488289999999999946e-02
5.929779999999999773e-02
3.779749999999999777e-02
3.436159999999999909e-02
-7.087559999999999694e-02
-1.574980000000000047e+00
-2.040979999999999878e-02
5.088630000000000236e-02
8.684089999999999865e-02
-6.112610000000000543e-01
1.325490000000000002e-01
1.319960000000000022e-01
2.558679999999999843e-01
5.429660000000000042e-02
-1.087959999999999969e-02
4.359500000000000181e-02
-3.123820000000000069e-02
1.530769999999999909e-01
-2.160570000000000112e-03
-3.453350000000000031e-01
3.822989999999999722e-02
5.109280000000000072e-02
7.687779999999999614e-02
7.652929999999999455e-02
1.143359999999999932e-01
-4.153729999999999922e-01
5.928279999999999661e-02
-5.266889999999999766e-02
-1.821240000000000081e-01
-7.391860000000000097e-01
7.289579999999999671e-02
1.039280000000000065e-01
-1.543559999999999932e-01
9.506639999999999535e-01
1.625169999999999948e-01
9.236419999999999353e-02
-7.004430000000000378e-01
3.094810000000000061e-01
3.485819999999999891e-02
2.862390000000000212e-01
7.676879999999999815e-02
-9.722550000000000636e-02
-3.375460000000000127e-01
1.370520000000000072e-01
-4.090629999999999961e-02
7.815880000000000050e-02
-2.783410000000000051e-01
5.608939999999999759e-02
-7.097789999999999655e-02
-6.909089999999999676e-02
1.656660000000000077e-01
9.696230000000000127e-03
-3.738940000000000319e-02
9.226779999999999704e-02
2.750910000000000161e-02
3.698130000000000167e-02
1.393369999999999886e-01
-5.343499999999999917e-01
1.822110000000000118e-01
2.036100000000000132e-01
1.364779999999999882e-01
1.742640000000000161e-02
7.658170000000000255e-02
-7.995539999999999592e-02
3.028209999999999930e-02
9.363660000000000039e-02
1.359259999999999913e-01
4.688559999999999950e-02
5.939889999999999753e-02
3.541300000000000003e-01
1.488829999999999876e-01
6.632180000000000020e-02
1.981469999999999898e-01
1.124769999999999937e-01
5.537179999999999880e-02
-7.258529999999999704e-01
9.345830000000000526e-01
1.130469999999999947e-01
-5.945469999999999922e-02
1.994509999999999894e-01
7.557919999999999916e-02
3.965079999999999993e-02
1.342859999999999887e-01
1.504139999999999922e-01
2.589139999999999775e-01
1.016289999999999916e+00
1.582389999999999908e-01
5.608160000000000228e-02
1.642250000000000099e-01
4.161849999999999924e-03
7.277530000000000110e-02
8.442510000000000292e-02
1.339049999999999963e-01
1.810549999999999937e-01
4.667049999999999810e-01
7.032549999999999912e-02
4.879780000000000229e-02
6.033600000000000074e-02
1.394569999999999976e-01
1.030139999999999945e-01
9.003860000000000682e-03
1.658989999999999909e-01
-2.212240000000000040e-01
4.422229999999999772e-01
-1.387879999999999947e-01
6.652909999999999380e-02
-2.616879999999999762e-01
8.192309999999999870e-02
7.523240000000000482e-02
2.448739999999999917e+00
1.299810000000000132e-01
1.289319999999999911e-01
1.354420000000000068e-01
-2.486129999999999937e-02
-7.704619999999999524e-02
9.434779999999999556e-02
6.090759999999999924e-02
-1.990310000000000135e-01
7.921299999999999175e-03
4.333130000000000037e-01
1.992810000000000137e-01
3.436400000000000010e-01
8.880070000000000324e-03
5.470359999999999806e-02
1.635149999999999928e-03
9.256230000000000013e-02
5.004720000000000002e-02
1.939839999999999898e-01
1.120069999999999955e-01
-7.634530000000000483e-01
1.074220000000000036e-01
-1.031250000000000000e+00
4.745959999999999762e-02
-6.842909999999999791e-03
3.213139999999999746e-02
1.320639999999999870e-01
-1.230880000000000030e-01
1.919640000000000013e+00
1.352909999999999946e-01
-3.283719999999999695e-02
-4.807379999999999987e-02
1.160199999999999981e-01
-7.054150000000000142e-01
6.511060000000000458e-02
3.874120000000000341e-02
6.613929999999999809e-02
6.319669999999999455e-02
-5.130099999999999938e-02
4.267880000000000285e-02
-1.253009999999999957e-01
2.753019999999999912e-01
2.573900000000000146e-02
1.789100000000000135e-01
1.258690000000000087e+00
8.428439999999999543e-02
3.664629999999999971e-02
4.263770000000000060e-02
3.022549999999999890e-02
4.241260000000000169e-02
1.247710000000000069e-01
-7.587739999999999763e-02
1.051839999999999997e-01
-9.792330000000000478e-02
-6.987689999999999735e-01
5.114409999999999790e-02
6.978729999999999656e-02
6.761999999999999955e-02
2.469679999999999931e-01
4.721670000000000034e-01
2.499350000000000009e-03
-7.204950000000000243e-02
1.249040000000000011e-01
-9.170109999999999373e-02
3.671619999999999788e-04
7.575399999999999912e-01
-3.790259999999999740e-01
-1.228810000000000041e-01
-2.194159999999999860e-02
2.149199999999999999e-01
-7.022519999999999978e-03
1.590499999999999969e-01
8.961109999999999909e-02
4.585489999999999844e-01
2.027800000000000047e+00
1.291080000000000005e-01
9.935180000000000400e-02
1.894210000000000060e-01
-4.592510000000000203e-01
-1.109170000000000017e-01
-5.460940000000000238e-02
2.645950000000000038e-02
-4.931539999999999882e-03
1.011510000000000048e-01
1.791230000000000044e-01
2.187369999999999939e-02
-4.646100000000000230e-01
1.047389999999999988e-01
3.360280000000000211e-02
8.061260000000000647e-02
2.302629999999999955e-02
-1.946440000000000115e-01
-6.495090000000000030e-01
1.359250000000000069e+00
3.253889999999999838e-01
6.346830000000000527e-02
8.178810000000000247e-02
9.477010000000000156e-01
1.499320000000000097e-01
7.083250000000000657e-02
2.598450000000000149e+00
5.120109999999999939e-02
7.633080000000000420e-02
7.438770000000000104e-02
1.056580000000000019e-01
1.185519999999999977e-02
1.079110000000000069e-01
7.669310000000000016e-02
9.641079999999999650e-01
8.585160000000000013e-02
1.741159999999999930e-01
1.970770000000000022e-01
-2.458759999999999939e-03
1.229110000000000064e-01
8.161540000000000461e-02
1.171630000000000033e-01
5.593630000000000130e-02
-3.646050000000000124e-01
4.826110000000000122e-01
3.250930000000000208e-01
2.457240000000000119e-02
1.141729999999999912e+00
2.925650000000000125e-02
6.082510000000000000e-02
1.666829999999999978e-01
-1.106700000000000045e-01
-1.907159999999999966e-01
-2.500629999999999797e-01
-4.591490000000000155e-03
7.583460000000000201e-02
5.065059999999999701e-02
4.122680000000000233e-01
-1.868950000000000056e-01
1.920699999999999907e-01
1.123180000000000067e+00
2.831240000000000145e-02
-3.615190000000000070e-02
2.238380000000000092e-01
1.105720000000000036e+00
2.691620000000000124e-01
2.092539999999999956e-01
8.253599999999999826e-02
3.318940000000000223e-01
3.058049999999999935e-01
1.894309999999999883e-01
5.704649999999999999e-01
6.519089999999999607e-02
3.786690000000000195e-02
-3.527480000000000199e-02
2.140849999999999975e-01
2.528320000000000012e-01
3.977689999999999872e-03
1.993590000000000084e-01
-5.798219999999999485e-01
-2.160959999999999964e-02
7.354819999999999414e-02
2.243469999999999909e-01
8.187020000000000408e-02
2.338970000000000216e+00
4.255389999999999867e-02
-7.927649999999999975e-02
3.588540000000000063e-01
3.176680000000000059e-01
1.852109999999999868e-01
8.557639999999999691e-01
1.620890000000000108e-01
1.903819999999999957e-01
-9.092990000000000447e-03
-1.031050000000000022e-02
8.205030000000000309e-03
4.983589999999999964e-01
1.711810000000000054e+00
1.019640000000000102e+00
1.392349999999999977e-01
2.492970000000000130e+00
1.131629999999999997e-01
6.365110000000000212e-02
1.516609999999999903e-01
2.475890000000000035e-01
-2.006159999999999888e-02
9.544890000000000319e-01
4.807419999999999749e-02
4.116830000000000211e-01
8.569960000000000078e-02
-1.766880000000000117e-01
2.032539999999999889e-04
9.686179999999999790e-01
1.045809999999999906e+00
2.608579999999999788e-01
-2.992659999999999765e-01
1.658979999999999899e-01
-4.384709999999999996e-01
1.534300000000000108e-01
6.295539999999999470e-02
6.468430000000000013e-02
-3.134089999999999931e-01
-1.575250000000000039e+00
6.849009999999999820e-02
-7.787699999999999623e-01
5.416370000000000212e-02
1.811359999999999915e-01
9.873919999999999919e-02
6.172349999999999781e-01
3.519689999999999763e-01
1.378939999999999888e-01
-1.668600000000000083e-01
1.535600000000000021e-01
-3.057050000000000045e-02
1.651820000000000024e-02
2.015599999999999892e-01
1.311110000000000053e-01
1.919859999999999900e-01
-6.863460000000000394e-02
1.992839999999999889e-01
1.262250000000000039e-01
2.094989999999999908e-01
1.561089999999999978e-01
7.506390000000000284e-02
1.856530000000000125e-01
8.417990000000000195e-02
-4.316609999999999892e-02
1.045139999999999958e-01
6.491239999999999510e-02
1.433460000000000012e-01
5.067450000000000010e-01
7.496669999999999723e-02
-2.221390000000000170e-02
1.607449999999999990e-01
-7.697559999999999958e-01
8.433839999999999393e-02
5.948139999999999677e-02
-3.544619999999999993e-01
9.745260000000000034e-01
1.010930000000000023e-01
3.034320000000000128e+00
1.946539999999999937e-01
1.380649999999999933e+00
3.077750000000000208e-01
1.670109999999999928e-01
6.014479999999999826e-02
-1.296619999999999995e-01
1.093390000000000084e+00
5.404359999999999720e-02
-4.111600000000000255e-01
1.714880000000000015e-01
