1.783820000000000128e-01
-5.608980000000000077e-01
-5.403689999999999882e-01
-7.434999999999999942e-02
8.921579999999999788e-02
6.134239999999999693e-01
-7.136390000000000233e-01
-1.745190000000000075e-01
-2.765899999999999956e-03
-2.082529999999999937e-01
-3.957600000000000007e-01
4.589300000000000324e-02
6.356420000000000403e-01
2.220930000000000126e-01
-3.635889999999999955e-01
2.205709999999999893e-01
6.391390000000000127e-01
4.236000000000000182e-02
2.492769999999999986e-01
6.039179999999999549e-01
-1.312139999999999973e-01
-4.455180000000000251e-01
5.786909999999999971e-02
-6.877860000000000085e-01
9.876840000000000619e-02
-3.872070000000000234e-01
-1.911430000000000073e-01
-5.853479999999999794e-01
-1.456739999999999979e-01
1.920880000000000027e-03
1.515120000000000008e-03
-2.291279999999999983e-01
-2.200370000000000104e-01
1.610510000000000067e-02
-5.243239999999999706e-02
-6.082940000000000014e-01
1.307499999999999982e-02
-1.927820000000000119e-04
-8.342620000000000591e-02
-1.308769999999999933e-01
-4.285230000000000289e-02
-6.758020000000000693e-02
4.924040000000000188e-03
-2.671769999999999978e-01
-9.124100000000000266e-02
8.775410000000000155e-02
-2.442979999999999874e-01
-2.587139999999999995e-01
2.235480000000000106e-02
-2.779819999999999861e-02
-4.732899999999999885e-01
2.046979999999999911e-01
2.156099999999999961e-01
3.583779999999999744e-01
6.298759999999999915e-01
-8.904940000000000078e-02
1.039110000000000034e-01
6.061260000000000536e-01
-1.478450000000000042e-01
1.669429999999999872e-02
1.663409999999999889e-01
-2.466649999999999954e-01
1.941319999999999990e-01
-2.277099999999999957e-01
8.961570000000000646e-02
-3.203880000000000061e-01
-2.295649999999999913e-01
1.374489999999999879e-01
-2.453179999999999944e-02
2.028220000000000023e-02
-8.118680000000000341e-02
-2.360780000000000101e-01
2.385050000000000017e-02
1.715150000000000008e-01
3.627549999999999941e-01
-2.337619999999999976e-01
-5.701869999999999994e-01
-2.183509999999999895e-01
-2.185100000000000098e-01
-1.894430000000000003e-01
9.470699999999999952e-02
3.133579999999999699e-02
8.892280000000000670e-03
-3.962620000000000031e-01
7.606740000000000290e-04
-3.144819999999999838e-01
1.249209999999999947e-03
7.306980000000000419e-02
-8.021810000000000329e-01
-6.466929999999999623e-01
-4.564900000000000208e-02
-2.580589999999999828e-01
8.507649999999999935e-02
-9.014640000000000153e-02
-2.527309999999999834e-01
-4.174660000000000037e-01
-5.675149999999999917e-01
4.466099999999999931e-02
1.524520000000000042e-01
-7.480029999999999735e-01
8.487709999999999699e-02
-2.142270000000000008e-01
-2.138649999999999995e-01
-3.976029999999999842e-01
-2.738749999999999865e-02
-4.880079999999999973e-01
-4.922099999999999809e-01
-4.234499999999999931e-01
-5.983220000000000205e-01
-3.351309999999999706e-02
-2.152529999999999999e-01
-8.937840000000000229e-01
-1.909649999999999959e-01
-7.568519999999999692e-01
-2.376389999999999891e-01
-1.787310000000000010e-01
-2.787169999999999925e-01
-5.007399999999999629e-01
-3.558769999999999989e-01
-3.284509999999999930e-01
-2.437390000000000043e-02
-2.467290000000000108e-02
-4.939299999999999802e-01
-2.187679999999999902e-01
-3.046770000000000034e-02
-7.661970000000000169e-01
-1.636849999999999972e-01
-5.149209999999999621e-01
-2.652720000000000078e-01
-1.761169999999999958e-01
5.444390000000000340e-02
-1.275000000000000022e-01
-4.967219999999999969e-01
-3.584260000000000224e-01
-4.327409999999999868e-01
-1.095900000000000069e-01
-1.895820000000000005e-01
-1.770069999999999977e-01
6.633259999999999712e-01
-2.093009999999999871e-01
-6.991180000000000172e-01
-1.192099999999999965e-01
-6.020600000000000396e-01
-9.872220000000000439e-01
-3.559480000000000283e-02
-6.691840000000000011e-01
1.546329999999999927e-01
-5.551540000000000363e-01
-6.755560000000000453e-01
-4.954370000000000163e-01
-2.093069999999999931e-01
-8.407099999999999573e-01
-2.771649999999999947e-01
-1.822640000000000093e-01
-1.546869999999999912e-01
7.546980000000000355e-02
-8.889270000000000227e-01
-3.913799999999999918e-02
-1.946019999999999972e-01
-2.307889999999999942e-02
-1.859009999999999829e-02
-7.852529999999999927e-03
-3.756849999999999912e-01
-9.792539999999999578e-01
-8.566469999999999640e-02
-1.956990000000000118e-01
-1.816820000000000102e-01
-1.692079999999999973e-01
-1.748180000000000012e-01
-2.593809999999999727e-01
-1.803009999999999891e-01
-2.691999999999999948e-01
-5.134630000000000027e-01
-8.455249999999999710e-01
-2.171430000000000027e-01
-1.054410000000000069e+00
5.807450000000000112e-02
-4.525399999999999978e-01
-1.845970000000000111e-01
-6.880429999999999602e-01
-5.397480000000000055e-01
-4.509659999999999780e-01
-1.064910000000000023e-01
-2.876000000000000223e-01
-4.914959999999999885e-01
-2.745460000000000123e-01
1.334849999999999925e-01
-9.689259999999999540e-01
1.148939999999999961e-01
-1.705710000000000004e-01
-8.276799999999999713e-01
-2.497850000000000070e-01
-1.075509999999999966e+00
-8.533250000000000557e-02
-2.536680000000000046e-01
-6.717229999999999590e-01
-4.805139999999999967e-01
-4.264249999999999985e-01
-7.666680000000000161e-01
-2.805070000000000063e-01
-2.664799999999999947e-01
-1.116069999999999979e-01
-5.989550000000000152e-01
-1.043570000000000053e-01
-8.302150000000000363e-01
-8.288399999999999587e-03
-3.476719999999999811e-01
-6.980159999999999698e-01
-2.852600000000000136e-01
-6.823019999999999641e-01
-6.917180000000000550e-01
-7.298700000000000188e-01
-2.007960000000000023e-01
-3.466940000000000299e-02
-4.030560000000000254e-01
-2.739010000000000056e-02
-3.229159999999999808e-01
3.108859999999999957e-01
-1.066730000000000039e-01
-5.704139999999999905e-02
-6.689699999999999536e-01
6.462990000000000054e-03
-4.161059999999999759e-01
-6.841279999999999584e-01
-1.926460000000000117e-01
-8.240129999999999955e-01
-3.218069999999999958e-02
-1.192099999999999965e-01
-3.286959999999999882e-01
3.781979999999999786e-01
-3.519119999999999887e-02
-6.127179999999999849e-01
-8.304399999999999560e-01
4.023289999999999922e-01
-2.112350000000000061e-01
-8.509470000000000089e-01
-4.940559999999999952e-01
-2.693829999999999836e-01
-2.814200000000000035e-01
-2.864360000000000239e-01
-2.683889999999999887e-01
-4.743149999999999866e-01
-3.073759999999999826e-01
1.098139999999999949e-01
1.391640000000000099e-01
-9.846409999999999885e-02
-5.271280000000000410e-01
-9.736460000000000115e-01
-8.309779999999999944e-01
-3.133040000000000269e-01
-1.017910000000000093e+00
1.127599999999999991e-01
-4.834860000000000269e-01
1.746750000000000025e+00
3.749140000000000139e+00
5.595839999999999925e+00
7.747569999999999624e+00
9.441259999999999764e+00
1.125179999999999936e+01
1.241200000000000081e+01
1.186700000000000088e+01
1.255419999999999980e+01
1.320880000000000010e+01
1.179920000000000080e+01
1.066440000000000055e+01
1.072480000000000011e+01
1.006990000000000052e+01
9.611499999999999488e+00
1.029039999999999999e+01
9.894750000000000156e+00
8.358449999999999491e+00
8.516249999999999432e+00
8.511549999999999727e+00
7.735680000000000334e+00
7.907029999999999781e+00
7.728539999999999743e+00
7.343619999999999592e+00
7.389260000000000161e+00
7.143640000000000434e+00
6.721709999999999852e+00
6.552859999999999907e+00
6.181350000000000122e+00
6.321360000000000312e+00
6.374740000000000073e+00
5.992729999999999890e+00
6.861909999999999954e+00
5.573660000000000281e+00
5.646110000000000184e+00
5.426779999999999937e+00
5.418020000000000280e+00
5.387080000000000091e+00
5.657189999999999941e+00
4.283430000000000071e+00
4.947600000000000442e+00
4.884109999999999729e+00
4.320479999999999876e+00
4.309859999999999580e+00
4.033070000000000377e+00
4.135830000000000339e+00
5.149169999999999803e+00
3.629500000000000171e+00
4.492549999999999599e+00
3.876129999999999853e+00
4.124990000000000379e+00
3.513689999999999980e+00
4.374469999999999636e+00
3.856520000000000170e+00
3.350569999999999826e+00
3.151339999999999808e+00
4.159029999999999561e+00
3.360770000000000035e+00
3.261660000000000004e+00
3.634049999999999780e+00
5.188220000000000276e+00
3.677160000000000206e+00
3.463150000000000173e+00
3.207860000000000156e+00
3.167549999999999866e+00
3.431319999999999926e+00
2.788730000000000153e+00
2.737639999999999851e+00
2.734869999999999912e+00
3.269480000000000164e+00
2.652649999999999952e+00
2.312669999999999781e+00
2.205189999999999984e+00
3.314280000000000115e+00
2.977230000000000043e+00
2.981390000000000207e+00
2.954460000000000086e+00
2.284349999999999881e+00
1.564130000000000020e+00
1.388609999999999900e+00
2.800180000000000113e+00
2.147569999999999979e+00
1.462890000000000024e+00
2.166110000000000202e+00
1.555520000000000014e+00
1.874989999999999934e+00
1.090260000000000007e+00
1.446809999999999929e+00
1.439980000000000038e+00
1.377739999999999965e+00
1.411680000000000046e+00
2.348469999999999835e+00
1.987549999999999928e+00
9.334379999999999900e-01
1.519679999999999920e+00
1.778119999999999923e+00
1.817549999999999999e+00
1.197549999999999892e+00
1.152439999999999909e+00
6.074399999999999800e-01
6.039480000000000404e-01
1.625920000000000032e+00
1.075430000000000108e+00
1.112090000000000023e+00
5.200320000000000498e-01
6.231219999999999537e-01
3.603540000000000076e-01
1.035430000000000073e+00
1.206390000000000073e+00
8.856640000000000068e-01
5.614679999999999671e-01
3.377459999999999907e-01
4.076980000000000048e-01
4.162199999999999789e-01
3.721880000000000188e-01
1.032589999999999897e+00
4.496990000000000154e-01
4.880780000000000118e-01
2.894880000000000231e-01
8.474540000000000406e-01
7.965849999999999875e-01
3.071539999999999826e-01
3.472160000000000246e-01
1.768389999999999962e-01
3.383399999999999741e-01
2.639790000000000192e-01
7.833849999999999980e-01
5.313609999999999722e-01
7.656209999999999960e-01
8.176949999999999497e-01
8.060770000000000435e-02
1.037970000000000059e+00
1.065630000000000077e+00
7.235150000000000192e-01
5.005969999999999587e-01
2.154510000000000036e-01
8.403299999999999659e-02
1.776240000000000041e-01
1.938640000000000085e-01
4.755240000000000022e-01
1.349349999999999994e-01
1.675339999999999885e-01
3.338220000000000076e-02
1.067360000000000086e+00
1.691719999999999891e-01
2.314249999999999918e-01
2.284779999999999867e-01
3.825089999999999879e-01
-2.833679999999999879e-02
3.468410000000000104e-01
1.881419999999999967e-02
-5.355469999999999953e-01
1.281359999999999999e-01
1.193379999999999996e-01
-7.463100000000000289e-02
4.234370000000000078e-01
1.307979999999999976e-01
-5.535290000000000488e-01
-3.008299999999999863e-01
2.052110000000000045e-01
-7.502359999999999585e-02
4.073169999999999846e-01
-1.226060000000000066e-01
2.151500000000000079e-01
2.435279999999999945e-01
-1.433680000000000024e-02
2.942420000000000035e-01
-5.202299999999999980e-02
2.998769999999999995e-03
1.033709999999999907e+00
-9.972350000000000658e-02
1.287570000000000103e-01
4.118279999999999857e-02
4.118270000000000264e-02
2.535450000000000204e-01
-1.694380000000000053e-01
-1.404710000000000125e-01
-1.285169999999999924e-01
-1.897459999999999980e-01
5.852450000000000013e-02
-2.740850000000000231e-01
4.862639999999999740e-01
-3.591440000000000188e-01
1.953320000000000056e-01
1.712220000000000131e-01
3.959130000000000288e-02
2.053030000000000133e-02
8.083960000000000035e-01
-9.217900000000000225e-04
6.402229999999999865e-01
-1.326569999999999971e-01
-1.507070000000000076e-01
3.538330000000000086e-01
-3.495179999999999954e-01
6.185789999999999900e-01
1.788250000000000117e-01
1.400059999999999916e-01
7.730430000000000357e-01
8.921900000000000663e-02
-2.453279999999999905e-01
-7.109250000000000291e-02
4.725750000000000089e-02
-6.534619999999999318e-02
-2.226720000000000088e-01
1.527969999999999884e-01
-3.329210000000000225e-01
2.451530000000000098e-01
1.696550000000000002e-01
1.050289999999999974e-01
1.061349999999999932e-01
-7.002329999999999943e-01
3.463840000000000252e-01
-2.700099999999999723e-01
-1.287230000000000041e-01
5.780840000000000284e-02
4.203649999999999748e-02
2.153859999999999941e-01
1.092299999999999938e-01
-2.119469999999999965e-01
-1.354879999999999973e-01
-3.254150000000000098e-01
2.226120000000000043e-01
2.986350000000000116e-02
-5.520850000000000479e-01
-5.284510000000000041e-01
2.187699999999999922e-01
1.121710000000000068e-01
-5.552510000000000501e-01
1.683189999999999964e-01
1.820190000000000002e-02
-6.836710000000000287e-01
9.158620000000000649e-02
1.198670000000000013e-01
2.091469999999999996e-01
-3.656809999999999783e-01
-6.367680000000000007e-01
5.331919999999999715e-02
5.714029999999999804e-02
-1.672089999999999965e-01
-5.310460000000000180e-01
1.144330000000000069e-01
-4.367809999999999748e-03
-7.254669999999999730e-01
1.389380000000000059e-01
-6.886200000000000654e-02
-6.189620000000000122e-01
-6.391740000000000199e-01
1.654049999999999965e-01
-1.506049999999999889e-01
8.108480000000000132e-01
-1.255580000000000064e-02
4.906730000000000119e-02
1.252640000000000003e-02
3.383869999999999933e-02
2.986770000000000050e-02
1.110669999999999991e-01
-5.213889999999999914e-01
1.041919999999999999e-02
-5.385010000000000074e-01
4.512610000000000232e-02
-6.527650000000000119e-02
2.498629999999999948e-02
1.000599999999999927e-02
-7.545459999999999667e-02
8.552160000000000317e-02
3.808389999999999692e-02
-7.271719999999999573e-02
2.768760000000000110e-01
-1.562040000000000095e-01
8.075920000000000321e-02
3.289580000000000282e-02
-4.737149999999999868e-03
-3.636460000000000248e-01
-3.620659999999999989e-01
-4.913599999999999912e-02
-6.672880000000000478e-02
8.119110000000000493e-01
-6.703919999999999324e-02
-7.811750000000000638e-02
-1.203000000000000042e-01
-5.648410000000000236e-02
-1.994090000000000029e-01
-4.538050000000000139e-01
-7.812819999999999487e-02
-1.239770000000000039e-01
3.005180000000000004e-02
-3.231700000000000128e-01
-2.968529999999999780e-01
1.675329999999999875e-01
-3.182889999999999886e-01
-3.720990000000000131e-01
-4.916249999999999787e-02
-6.583369999999999500e-02
2.348969999999999878e-02
1.307580000000000131e-01
1.659859999999999927e-04
-2.284480000000000122e-01
-5.530140000000000229e-03
8.759519999999999806e-02
-3.037329999999999752e-01
-2.536499999999999866e-01
-1.380740000000000023e-01
-2.005770000000000053e-01
7.708529999999999462e-04
-1.322649999999999937e-01
1.227529999999999941e-02
1.626589999999999980e-01
-9.720439999999999636e-02
4.333669999999999883e-02
-3.578299999999999814e-01
-5.951039999999999802e-02
2.180669999999999831e-02
-1.925959999999999894e-01
-3.372950000000000115e-01
-2.958819999999999784e-01
1.443689999999999973e-01
-1.218640000000000001e-01
-1.813889999999999947e-01
-2.713340000000000196e-01
-2.083399999999999974e-01
-1.998379999999999879e-01
-2.341900000000000093e-01
1.768250000000000099e-01
-1.128610000000000030e-01
-4.153240000000000265e-01
-6.530289999999999706e-01
-4.129809999999999870e-01
1.897359999999999880e-01
-3.930370000000000252e-01
-1.713769999999999877e-02
2.946999999999999967e-02
1.524189999999999989e-01
4.631169999999999731e-02
-3.739839999999999831e-01
-3.808699999999999863e-01
-3.124429999999999916e-02
7.842010000000000647e-02
3.503649999999999820e-01
1.764550000000000007e-01
-1.729580000000000006e-01
-1.534750000000000003e-01
3.223929999999999851e-02
-1.553620000000000001e-01
5.837590000000000140e-02
2.813289999999999888e-02
-3.122280000000000055e-01
-2.682860000000000106e-02
-8.176139999999999797e-02
2.585000000000000145e-02
3.360180000000000111e-02
-2.517540000000000056e-02
-3.182249999999999801e-01
4.378149999999999924e-03
-3.290259999999999851e-01
1.624089999999999978e-01
-3.652799999999999936e-01
-7.869049999999999656e-02
-3.248619999999999841e-01
-2.638920000000000154e-01
4.364359999999999906e-01
3.383030000000000204e-01
-3.121289999999999898e-01
-1.855009999999999992e-01
-3.163190000000000168e-01
-1.456880000000000119e-01
-4.451909999999999895e-02
-3.489830000000000015e-02
8.089079999999999881e-02
-3.225489999999999746e-01
-3.036289999999999822e-01
1.897959999999999925e-01
-1.289049999999999918e-01
4.120159999999999795e-02
-1.280439999999999912e-01
-3.264569999999999972e-01
2.551609999999999989e-02
1.189699999999999980e+00
3.615579999999999905e-01
1.841599999999999904e-01
3.642909999999999898e-02
7.090799999999999881e-02
5.334790000000000365e-01
2.241100000000000210e-03
-7.614049999999999985e-02
1.488639999999999929e-02
8.241020000000000290e-02
8.235820000000000363e-01
3.774480000000000196e-02
-4.023050000000000237e-01
1.892709999999999948e-01
2.810959999999999848e-02
7.038210000000000299e-02
-1.454830000000000012e-01
7.954310000000000547e-02
1.436290000000000067e-01
-6.501160000000000272e-01
1.123180000000000012e-01
6.500309999999999422e-02
-1.617979999999999974e-01
3.983450000000000185e-02
3.247160000000000324e-02
-1.700270000000000115e-01
-1.144140000000000018e-01
2.684900000000000064e-01
-1.886710000000000054e-01
1.368570000000000030e-02
3.133690000000000087e-01
2.007690000000000030e-01
-1.637879999999999892e-01
3.187949999999999812e-02
2.725160000000000082e-02
-1.412949999999999970e-02
1.521720000000000017e-02
3.222139999999999727e-02
-2.857370000000000188e-01
3.685660000000000325e-02
5.825759999999999827e-01
4.355740000000000167e-01
-2.186559999999999893e-01
-3.865520000000000067e-01
-1.367490000000000094e-01
4.962629999999999819e-02
3.949880000000000058e-01
-1.317419999999999980e-01
-1.727599999999999969e-01
-6.550909999999999789e-01
-1.460309999999999941e-01
-1.050309999999999994e-01
-9.723880000000000023e-02
-1.389330000000000009e-01
2.098420000000000007e-01
3.815249999999999891e-02
1.487510000000000047e-02
-2.347470000000000112e-01
-1.924649999999999972e-01
1.970290000000000097e-01
-3.259159999999999835e-01
-1.994900000000000145e-02
1.851760000000000073e-01
1.979730000000000101e-01
1.919939999999999980e-01
-1.299470000000000069e-01
-4.158169999999999922e-01
4.897950000000000220e-02
-1.335719999999999963e-01
-9.216370000000000118e-02
-1.754880000000000051e-01
-1.306650000000000034e-01
7.529740000000000044e-02
3.756779999999999842e-02
-3.846180000000000154e-01
-1.614450000000000052e-01
-1.072089999999999987e-01
-3.114859999999999851e-01
3.110419999999999852e-01
2.048860000000000126e-01
-1.966640000000000055e-01
4.306530000000000080e-02
-4.941699999999999982e-01
-1.247430000000000067e-01
1.050760000000000027e-01
1.930769999999999986e-01
-1.686090000000000089e-01
3.411279999999999868e-02
-1.005080000000000001e-01
9.067690000000000472e-02
1.903950000000000087e-01
-1.586490000000000122e-01
-2.231529999999999903e-01
-4.851459999999999800e-02
-1.803250000000000131e-01
3.365839999999999943e-01
5.656919999999999726e-01
-1.766719999999999957e-01
-1.583839999999999970e-01
4.181050000000000044e-01
1.077619999999999967e-01
4.441370000000000040e-02
5.325209999999999666e-02
1.291480000000000128e-01
1.224520000000000053e-01
1.434449999999999892e-01
-4.603519999999999834e-03
-5.816839999999999788e-01
-3.372510000000000230e-01
-1.862010000000000054e-01
4.782030000000000308e-02
3.743929999999999758e-01
-2.964289999999999980e-01
1.906499999999999861e-01
-1.394620000000000026e-01
-5.589690000000000492e-01
4.350240000000000218e-01
4.651080000000000214e-01
-1.872220000000000134e-02
3.665449999999999958e-02
3.066110000000000224e-01
2.036159999999999914e-01
8.065189999999999859e-03
-3.661320000000000130e-01
-1.790609999999999979e-01
5.509579999999999478e-01
1.872870000000000090e-02
-2.979979999999999851e-01
-1.429850000000000010e-01
-1.962760000000000060e-01
-3.074259999999999771e-01
4.677019999999999789e-02
7.708719999999999462e-02
-1.064750000000000002e-01
-2.810079999999999800e-01
4.408480000000000176e-01
9.048200000000000687e-02
2.017130000000000034e-01
4.200569999999999998e-02
1.071740000000000054e-01
-4.860600000000000337e-02
-7.882450000000000567e-02
1.470390000000000065e-02
-3.041749999999999732e-01
2.657599999999999893e-02
-3.057440000000000158e-01
2.997210000000000152e-01
-2.092729999999999868e-01
-3.842380000000000240e-01
1.770290000000000058e-02
1.131650000000000017e-01
-2.065029999999999921e-01
2.016529999999999989e-01
1.965250000000000052e-01
5.584999999999999687e-02
-1.610159999999999925e-01
2.243680000000000119e-01
1.078429999999999944e-01
-1.565830000000000000e-01
-8.080519999999999370e-02
-1.062690000000000023e-01
-9.688070000000000015e-02
-5.200930000000000275e-01
-5.379199999999999537e-01
-1.569049999999999889e-01
-2.957859999999999934e-01
2.645859999999999879e-03
8.115759999999999641e-02
-1.958110000000000128e-01
2.435370000000000035e-01
1.793010000000000090e-02
5.792459999999999970e-02
5.378059999999999785e-02
5.191710000000000075e-02
3.055459999999999843e-01
1.014039999999999941e-01
-2.740150000000000086e-01
3.238050000000000095e-01
2.720719999999999805e-01
8.095009999999999706e-02
6.148510000000000086e-02
-7.376989999999999936e-02
4.906130000000000213e-02
-2.152319999999999928e-02
-2.208930000000000060e-01
-1.070269999999999971e-01
2.483009999999999939e-01
-8.490880000000000649e-02
2.622599999999999931e-01
-1.117199999999999999e-01
-5.885379999999999778e-02
-6.276009999999999922e-02
1.377130000000000021e-01
3.132460000000000105e-02
4.808620000000000255e-02
1.554780000000000051e-01
-2.675799999999999845e-01
1.313819999999999988e-01
-7.223590000000000566e-02
-6.313720000000000443e-02
6.957249999999999546e-02
6.350480000000000014e-02
2.501969999999999889e-02
5.814009999999999456e-01
3.619479999999999920e-01
3.273969999999999936e-01
-2.903430000000000177e-01
-3.139649999999999941e-01
5.841450000000000253e-01
1.537360000000000115e-01
-9.764390000000000569e-02
-5.245049999999999990e-01
1.469499999999999973e-01
1.441369999999999874e-01
1.112770000000000009e-01
9.482110000000000538e-02
6.732580000000000509e-02
8.311999999999999944e-02
-2.851659999999999751e-01
1.468619999999999925e-01
1.656430000000000125e-01
1.423790000000000056e-01
-7.862969999999999682e-02
6.901930000000000565e-02
1.229159999999999975e-01
1.409640000000000060e-01
9.795379999999999365e-02
1.524610000000000132e-01
-1.403469999999999995e-01
3.669560000000000044e-01
7.048509999999999498e-02
-1.321779999999999899e-01
-1.704829999999999957e-01
2.348059999999999869e-01
-2.524799999999999961e-02
3.065510000000000179e-01
-1.093299999999999966e-01
5.492709999999999954e-02
7.566770000000000440e-02
-3.308769999999999767e-01
5.856600000000000000e-02
-1.133569999999999994e-01
2.571089999999999764e-01
-1.746280000000000054e-01
-4.073600000000000138e-02
3.717249999999999721e-02
1.042160000000000031e-01
-4.230779999999999957e-02
2.038190000000000141e-02
-2.691139999999999852e-02
7.703669999999999962e-02
8.089549999999999519e-02
2.902240000000000028e-02
-3.951140000000000208e-02
2.344710000000000127e-01
-2.263640000000000096e-01
-5.989060000000000494e-01
1.607779999999999973e-02
-6.618910000000000071e-02
1.022850000000000037e+00
8.097830000000000306e-02
9.601859999999999562e-02
2.387539999999999940e-01
2.023949999999999916e-01
2.184679999999999955e-01
1.091049999999999937e-01
-9.150030000000000663e-02
2.034390000000000087e-01
-6.961159999999999570e-02
7.616889999999999772e-02
6.155899999999999740e-03
8.516799999999999926e-01
8.813709999999999600e-02
-1.467769999999999908e-01
-4.129069999999999963e-02
7.710259999999999336e-02
8.495869999999999811e-02
7.662539999999999629e-02
2.484820000000000084e-01
1.595759999999999956e-01
3.147699999999999942e-01
1.518799999999999872e-01
-1.398650000000000067e-02
-7.643790000000000306e-02
3.016599999999999837e-02
2.410120000000000040e-01
5.910119999999999818e-01
-1.231970000000000010e-01
2.144679999999999920e-01
-1.172289999999999999e-01
-1.369009999999999949e-01
-1.404569999999999985e-01
3.397609999999999797e-01
2.131470000000000031e-01
-7.643619999999999581e-02
-3.709129999999999927e-01
-1.597129999999999939e-01
3.505039999999999822e-01
6.133029999999999732e-02
-4.464049999999999963e-01
2.155680000000000096e-01
-1.807539999999999980e-01
-3.644300000000000317e-02
1.880489999999999939e-01
-8.922180000000000388e-02
3.303690000000000238e-01
-1.431449999999999945e-01
-1.377500000000000113e-01
3.325679999999999747e-01
-4.309879999999999822e-01
1.277290000000000092e-01
-9.197039999999999382e-02
2.412880000000000025e-01
-2.470130000000000103e-01
-1.375719999999999998e-01
3.255009999999999848e-01
-1.450599999999999945e-01
-3.735569999999999724e-01
5.836660000000000181e-01
1.599939999999999973e-01
-3.308619999999999894e-01
-3.089120000000000199e-01
8.623319999999999874e-01
4.436240000000000322e-02
5.142549999999999899e-02
1.293249999999999955e-01
3.663120000000000265e-01
7.899720000000000075e-01
7.477620000000000100e-02
6.982899999999999663e-01
7.695870000000000488e-02
2.317649999999999988e-01
-3.772519999999999762e-01
2.465110000000000079e-01
1.564429999999999987e-01
-1.383530000000000038e-01
5.454489999999999617e-01
-1.596579999999999944e-01
-5.208239999999999537e-01
-3.827999999999999736e-01
-1.668749999999999956e-01
1.441610000000000114e-01
1.820039999999999852e-02
-1.329519999999999869e-01
1.231109999999999982e-01
-1.583839999999999970e-01
2.144870000000000110e-01
6.031029999999999724e-02
9.298219999999999402e-03
-6.818029999999999924e-02
-4.810719999999999996e-01
3.569399999999999795e-01
3.664780000000000260e-01
-1.325709999999999944e-01
4.386900000000000244e-01
-1.469010000000000038e-01
1.661910000000000054e-01
3.983689999999999731e-01
-3.809660000000000268e-01
1.768440000000000012e-01
4.175789999999999780e-01
-1.172570000000000001e-01
7.110819999999999919e-01
-1.033359999999999973e-01
4.748920000000000224e-02
-3.318320000000000158e-01
-2.725969999999999782e-01
2.990510000000000113e-01
6.065220000000000056e-01
4.067089999999999872e-01
9.548420000000000518e-02
3.118759999999999866e-01
2.905289999999999817e-01
9.341499999999999804e-02
2.949879999999999725e-01
3.283240000000000047e-01
4.504159999999999831e-01
2.189000000000000112e-01
1.951630000000000031e-01
-5.039890000000000203e-01
1.131810000000000038e-01
1.544210000000000027e-01
1.543760000000000132e-01
2.150380000000000069e-01
2.792950000000000155e-01
5.403949999999999726e-02
-3.146260000000000168e-01
1.193700000000000039e-01
-5.126200000000000201e-02
2.630230000000000068e-01
4.691699999999999759e-01
1.124710000000000015e-01
-2.918350000000000111e-01
-1.156179999999999986e-01
-3.574590000000000267e-01
