-1.503720000000000057e-01
-1.491260000000000085e-01
-1.463139999999999996e-01
-3.017230000000000190e-01
-5.166760000000000103e-02
-1.594170000000000031e-01
-4.039630000000000165e-01
3.123070000000000013e-02
-7.012350000000000527e-02
-9.885770000000000390e-01
-9.335190000000000154e-03
3.338309999999999889e-02
-8.027549999999999963e-02
-1.374589999999999979e-01
8.584569999999999701e-02
-7.959279999999999688e-01
-1.135979999999999990e+00
1.861720000000000041e-01
3.317520000000000191e-02
2.690400000000000014e-01
-1.011460000000000026e+00
-3.282979999999999926e-02
9.577539999999999665e-02
3.688410000000000299e-02
-5.745479999999999476e-01
-5.681530000000000191e-01
-1.868110000000000048e-01
-5.897279999999999883e-02
6.715250000000000385e-01
7.593029999999999502e-01
-1.875990000000000046e+00
-2.945400000000000240e-01
-1.419269999999999976e-01
-1.171750000000000069e+00
-1.158929999999999960e-01
-1.403139999999999943e-01
-1.268579999999999985e-01
-1.392869999999999941e-01
-1.559099999999999930e-01
-1.028080000000000105e+00
9.179619999999999447e-03
-3.003849999999999923e-02
1.532759999999999956e-01
-8.137529999999999764e-02
1.461089999999999889e-01
3.438200000000000284e-02
3.170200000000000240e-01
5.017390000000000461e-01
8.439190000000000580e-02
2.375170000000000059e-02
2.599520000000000164e-01
-8.626799999999999746e-02
-1.022900000000000059e-01
-6.867529999999999468e-02
-1.592919999999999892e-01
2.455219999999999902e-01
-9.696299999999999919e-01
-7.711860000000000069e-03
8.721740000000000048e-02
-5.111090000000000078e-02
-2.351330000000000087e-02
7.631630000000000358e-02
-1.805920000000000025e-01
-2.351340000000000097e-01
-5.513179999999999747e-01
-1.490150000000000086e+00
4.948410000000000308e-02
-3.610039999999999916e-01
-1.019619999999999971e-01
-8.308250000000000357e-01
-1.309490000000000098e-01
-9.188230000000000008e-02
-1.185689999999999938e-01
-5.846130000000000076e-02
-2.054469999999999907e-01
2.651169999999999916e-01
-1.032209999999999933e-01
-9.049830000000000374e-02
-8.993869999999999643e-02
-1.770650000000000002e-01
-3.392939999999999845e-01
1.082850000000000062e-01
-5.503090000000000481e-01
-2.850449999999999928e-01
-7.067750000000000421e-02
5.282189999999999802e-02
-5.036140000000000061e-02
-8.906139999999999890e-02
-9.592650000000000343e-01
-9.018169999999999797e-01
2.410299999999999943e-01
-9.305280000000000218e-01
5.461370000000000113e-02
-4.649450000000000111e-02
2.428529999999999925e-02
-1.922330000000000094e+00
-3.204039999999999666e-02
-1.397500000000000131e-01
-1.510629999999999917e+00
-9.143679999999999586e-01
-1.742019999999999902e+00
1.104139999999999983e-02
-2.038050000000000139e+00
-9.465959999999999652e-02
4.212840000000000334e-02
-1.731650000000000134e-01
-9.657520000000000548e-01
4.414350000000000218e-02
-7.423219999999999819e-02
-1.178499999999999964e-01
-1.336189999999999878e-01
-1.947089999999999932e-01
-1.121479999999999977e-01
1.165340000000000042e+00
-1.395770000000000066e-01
3.474229999999999680e-02
-4.903939999999999688e-02
7.800650000000000639e-02
-3.432410000000000183e-01
-1.782690000000000108e+00
-1.818289999999999906e-01
-9.034259999999999513e-02
2.708099999999999952e-01
-1.896370000000000000e-01
2.230719999999999925e-01
-1.268910000000000038e-01
-3.135569999999999746e-01
-9.758580000000000032e-01
-6.470829999999999638e-02
-5.100440000000000529e-01
-1.232629999999999976e-01
5.268040000000000223e-02
-1.015519999999999978e+00
-5.685919999999999863e-02
-3.053600000000000203e-01
-1.491360000000000019e+00
-9.665840000000000543e-02
-2.505060000000000064e-01
-1.702439999999999953e+00
-1.746840000000000059e-01
-1.164690000000000031e-01
-2.075829999999999897e-01
-9.544160000000000144e-02
2.667749999999999982e-02
-8.913790000000000324e-01
8.551430000000000489e-03
3.260569999999999961e-03
3.437679999999999816e-03
-3.498640000000000083e-02
-1.576539999999999886e-01
-1.253640000000000032e-01
-4.423470000000000180e-02
-1.216710000000000014e-01
-6.256749999999999812e-01
9.356790000000000246e-04
7.930779999999999774e-02
-1.463419999999999999e-01
-1.070590000000000014e-01
-1.046990000000000073e-02
-9.197439999999999782e-02
-9.777099999999999680e-01
1.763240000000000085e-01
-1.783339999999999925e+00
-1.509239999999999915e+00
7.301309999999999745e-02
-1.327939999999999954e-01
-6.542900000000000382e-01
-7.972640000000000282e-02
-3.142159999999999953e-01
2.289680000000000049e-01
-1.290179999999999938e-01
-1.017040000000000027e-01
7.955959999999999699e-01
-1.901120000000000032e-01
-2.030619999999999925e-01
-8.738279999999999659e-02
-5.831399999999999917e-01
-2.256330000000000002e-01
-3.285779999999999812e-01
-4.350450000000000150e-01
-6.360750000000000084e-03
-1.013270000000000004e-01
-1.304259999999999864e-01
-1.034820000000000045e-01
1.723399999999999932e-02
-8.690649999999999764e-02
-9.197439999999999435e-03
-5.110599999999999588e-01
-2.561959999999999793e-01
-4.196090000000000410e-03
-2.100410000000000055e-01
3.897269999999999901e-02
-5.858189999999999786e-01
-2.221740000000000173e-02
1.902830000000000077e-01
-9.487990000000000312e-02
-2.527730000000000254e-01
-1.197389999999999982e-01
-3.271210000000000090e-02
-2.384799999999999975e-01
-1.448059999999999903e+00
2.120650000000000035e-01
-3.565030000000000282e-02
-5.421209999999999640e-01
-1.711739999999999928e-01
-1.531250000000000000e+00
9.339809999999999779e-02
-1.176640000000000047e-01
-1.203059999999999963e-01
-1.341120000000000090e-01
-2.773180000000000089e-01
-6.696710000000000163e-01
-1.109259999999999913e+00
-1.322640000000000038e+00
-8.955769999999999564e-01
2.938189999999999812e-03
-9.423719999999999875e-01
-1.218179999999999957e-01
-2.351350000000000107e-01
-4.975700000000000123e-01
-3.101150000000000087e-02
-9.169489999999999585e-02
-1.784540000000000015e+00
1.070249999999999951e-01
-5.034500000000000086e-02
7.727640000000000065e-01
2.448380000000000001e-01
-7.996199999999999974e-01
1.394090000000000086e-02
-9.084039999999999893e-01
-9.559810000000000529e-02
-9.387520000000000586e-02
-1.011399999999999973e-02
1.236220000000000027e-02
-5.135870000000000157e-01
-1.344059999999999977e-01
-1.075539999999999968e-01
-1.363620000000000110e-01
-8.018389999999999684e-01
-3.840480000000000005e-01
-2.106049999999999936e-02
8.691520000000000357e-01
-7.435680000000000067e-02
-9.754599999999999937e-01
6.105449999999999766e-02
-9.548249999999999793e-02
6.461679999999999646e-01
-7.521960000000000278e-03
1.255789999999999962e+00
1.941899999999999959e+00
3.101919999999999789e+00
4.359810000000000407e+00
7.705540000000000056e+00
6.182140000000000413e+00
8.061840000000000117e+00
8.964980000000000615e+00
1.013230000000000075e+01
1.033629999999999960e+01
1.131910000000000061e+01
1.146279999999999966e+01
1.084709999999999930e+01
1.146649999999999991e+01
1.133329999999999949e+01
1.112950000000000017e+01
1.206780000000000008e+01
1.290269999999999939e+01
1.196990000000000087e+01
9.582470000000000709e+00
1.108849999999999980e+01
1.083409999999999940e+01
1.164359999999999928e+01
8.138080000000000425e+00
8.471109999999999474e+00
1.062889999999999979e+01
7.807089999999999641e+00
9.986060000000000159e+00
7.877620000000000289e+00
8.844419999999999504e+00
9.167009999999999437e+00
8.011359999999999815e+00
7.412589999999999790e+00
7.204240000000000421e+00
7.342920000000000336e+00
7.037939999999999863e+00
6.263919999999999710e+00
5.672390000000000043e+00
6.509109999999999729e+00
6.827980000000000160e+00
7.847540000000000404e+00
6.347199999999999953e+00
6.581760000000000055e+00
5.904080000000000439e+00
5.337229999999999919e+00
5.072510000000000296e+00
5.043199999999999683e+00
3.568379999999999885e+00
5.209830000000000183e+00
5.974569999999999936e+00
6.134909999999999641e+00
4.904010000000000424e+00
4.124559999999999782e+00
4.392640000000000100e+00
4.027890000000000192e+00
3.936389999999999834e+00
4.763340000000000352e+00
3.292870000000000186e+00
4.841400000000000148e+00
4.780680000000000263e+00
3.187250000000000139e+00
3.924370000000000136e+00
4.552109999999999879e+00
3.509279999999999955e+00
2.709579999999999878e+00
2.250649999999999817e+00
3.285250000000000004e+00
3.022559999999999913e+00
2.961549999999999905e+00
4.014300000000000423e+00
1.550200000000000022e+00
2.228769999999999918e+00
2.898639999999999883e+00
5.534019999999999495e-01
2.309109999999999996e+00
2.971020000000000216e+00
3.841439999999999966e+00
4.151769999999999960e+00
3.831139999999999990e+00
1.973340000000000094e+00
2.066260000000000208e+00
2.430299999999999905e+00
1.456390000000000073e+00
2.397990000000000066e+00
1.793230000000000102e+00
3.384369999999999878e-01
2.705250000000000155e-01
2.419970000000000176e+00
4.305590000000000250e-01
3.286449999999999871e+00
2.792699999999999960e+00
2.324160000000000115e-01
2.338089999999999780e+00
4.146969999999999601e+00
1.731880000000000086e+00
1.938949999999999951e+00
3.396859999999999880e-01
2.002880000000000216e+00
6.011670000000000069e-01
1.360589999999999966e+00
1.348149999999999959e+00
1.037509999999999960e-01
1.918900000000000050e+00
1.186989999999999990e+00
1.072719999999999896e+00
4.975379999999999803e-01
1.877699999999999925e-01
1.048910000000000009e+00
4.541780000000000261e-01
4.718390000000000084e-01
1.340189999999999992e+00
9.258140000000000258e-01
2.362289999999999945e-01
2.284600000000000186e+00
1.192819999999999991e+00
1.822850000000000081e+00
-5.399450000000000083e-02
7.399139999999999884e-02
9.241969999999999352e-02
1.001339999999999897e+00
8.693610000000000226e-02
-2.452810000000000060e-02
4.365100000000000091e-01
4.816920000000000091e-01
-2.194869999999999877e-01
8.992839999999999723e-01
2.244929999999999981e-01
3.621869999999999951e-02
5.947380000000000028e-02
3.659140000000000170e-01
-4.605429999999999802e-01
5.397359999999999658e-02
4.002780000000000227e-01
1.069599999999999995e-01
1.297200000000000020e-01
1.641360000000000041e-01
9.959930000000000172e-01
2.152600000000000069e-01
1.089410000000000031e-02
2.525379999999999847e-01
4.442369999999999930e-01
9.537279999999999369e-02
-2.561719999999999969e-02
-3.862530000000000130e-01
3.220359999999999889e-01
8.013780000000000348e-01
4.236260000000000372e-03
3.431989999999999763e-01
6.337589999999999890e-02
-3.249169999999999836e-02
6.008850000000000302e-02
-2.882089999999999999e-02
4.300080000000000013e-01
-5.027719999999999967e-01
-4.908470000000000194e-02
-6.615479999999999755e-04
2.201069999999999971e-01
2.914109999999999756e-01
3.089220000000000160e-02
-5.360460000000000225e-02
8.878400000000000181e-02
-2.229559999999999875e-02
-1.431559999999999951e-02
8.965610000000000246e-02
1.682670000000000110e+00
4.246550000000000047e-01
3.610840000000000161e-01
7.302199999999999802e-01
3.409780000000000033e-01
3.409920000000000312e-02
1.268070000000000030e-01
-6.020829999999999932e-02
3.111180000000000057e-01
5.308530000000000193e-02
7.335189999999999766e-02
-7.803340000000000276e-02
-7.307539999999999869e-02
3.283159999999999967e-01
-8.832759999999999501e-01
2.295560000000000100e-01
-4.094760000000000066e-02
5.323800000000000060e-02
9.227180000000000382e-01
-6.570330000000000614e-02
3.147960000000000202e-01
7.048509999999999498e-02
-6.626490000000000435e-01
3.470979999999999899e-02
6.688679999999999626e-02
-1.287979999999999958e-01
3.183190000000000186e-01
-7.144989999999999675e-02
-1.379790000000000072e+00
4.938689999999999747e-02
2.678539999999999810e-01
-9.337520000000000542e-02
3.312919999999999754e-01
1.223540000000000044e-01
-5.766229999999999967e-02
-6.016710000000000114e-02
-2.924730000000000038e-02
-1.958079999999999890e-02
2.879809999999999870e-01
-5.932979999999999920e-01
3.086459999999999898e-02
7.812189999999999412e-02
7.451919999999999378e-02
-1.468589999999999895e-01
2.998109999999999942e-01
-1.190339999999999954e+00
-5.542330000000000173e-02
4.785360000000000308e-02
2.528330000000000161e-02
8.684369999999999590e-02
-5.242299999999999738e-01
1.357919999999999960e-01
3.083110000000000017e-01
-6.103539999999999660e-02
-4.465720000000000106e-02
1.248060000000000003e-01
-5.447750000000000092e-01
-7.074129999999999308e-02
-5.343869999999999454e-01
1.001349999999999962e+00
-1.545969999999999983e-02
3.212919999999999665e-02
-1.013590000000000046e-01
5.389420000000000321e-02
1.702000000000000041e-02
-5.029259999999999980e-02
4.241539999999999755e-01
-9.450079999999999592e-02
-5.580279999999999685e-01
-3.532299999999999884e-01
3.505229999999999735e-01
6.037179999999999630e-03
-3.212070000000000203e-01
1.353570000000000051e-01
1.250880000000000047e-01
1.222730000000000067e-01
1.504820000000000046e-01
9.203139999999999654e-01
2.518679999999999877e-02
1.034049999999999914e+00
1.116220000000000059e-02
5.679250000000000270e-02
4.618189999999999795e-02
-1.749139999999999862e-01
3.221279999999999977e-02
9.890509999999999580e-02
2.891050000000000009e-01
-1.387490000000000112e-01
2.909649999999999737e-01
-1.012300000000000005e-01
3.944920000000000093e-01
2.724090000000000122e-01
1.611899999999999999e-01
-1.317669999999999952e-02
-2.921779999999999863e-02
1.557940000000000019e-02
4.224730000000000152e-02
4.928239999999999704e-02
1.468730000000000036e-01
-6.860589999999999744e-02
3.417769999999999975e-01
-3.525240000000000318e-02
2.778209999999999846e-01
-1.414460000000000051e+00
4.037510000000000265e-01
3.627299999999999969e-01
-3.592530000000000029e-02
1.138580000000000009e-01
-5.681859999999999689e-02
-4.732949999999999657e-02
1.840019999999999989e-01
-2.320269999999999971e-02
-3.785240000000000132e-02
4.540550000000000141e-02
3.078560000000000185e-01
2.904680000000000040e-01
2.028090000000000101e-02
-3.285260000000000263e-02
-7.185410000000000408e-02
2.330029999999999948e-02
2.793779999999999875e-02
4.396219999999999989e-02
5.818140000000000117e-02
2.866530000000000120e-02
-1.845449999999999868e-01
-5.600449999999999873e-02
-1.687849999999999906e-01
1.671640000000000070e-01
-3.378889999999999671e-02
-9.850989999999999747e-02
-5.490559999999999885e-02
2.646129999999999871e-01
-2.680810000000000137e-01
-4.066870000000000207e-01
8.814410000000000300e-02
-7.949889999999999735e-02
1.979249999999999898e-01
3.880399999999999960e-01
-4.995959999999999984e-02
-4.673950000000000327e-02
2.004620000000000013e-02
-8.661330000000000418e-02
-5.416669999999999818e-02
-4.499360000000000165e-02
-2.068189999999999959e-02
-8.614190000000000458e-01
1.795770000000000005e-02
-2.661549999999999749e-01
3.424789999999999779e-01
1.531319999999999903e-01
-5.405570000000000166e-03
3.006280000000000063e-02
-3.272110000000000296e-02
-1.423439999999999983e-01
-2.955309999999999881e-01
-3.131620000000000237e-02
3.141240000000000004e-02
-4.658169999999999672e-02
-5.803890000000000438e-01
-1.155049999999999966e-01
-5.812060000000000004e-01
2.821029999999999927e-01
3.491520000000000040e-02
2.665819999999999995e-02
2.580330000000000124e-01
-8.448759999999999604e-02
-7.098190000000000055e-02
-1.030319999999999986e-01
4.738669999999999688e-02
-6.033519999999999855e-02
2.554529999999999856e-01
3.021499999999999742e-01
-1.246479999999999949e-01
2.113960000000000006e-01
-3.133289999999999687e-02
-7.020759999999999501e-02
-6.230730000000000296e-02
-9.793209999999999416e-02
-1.450780000000000125e-01
-3.757159999999999667e-02
-4.657740000000000213e-01
-3.975299999999999667e-02
3.864259999999999917e-01
9.719869999999999899e-02
-2.334639999999999806e-03
-1.067170000000000063e-01
-1.670460000000000000e-01
9.922590000000000229e-03
2.367029999999999829e-02
2.431279999999999900e-02
8.812820000000000098e-01
2.393359999999999932e-02
-1.016289999999999971e-01
5.741190000000000182e-02
-9.385550000000000281e-01
2.716390000000000193e-01
5.447359999999999980e-01
-3.413739999999999830e-02
4.973140000000000199e-02
2.653010000000000090e-02
-3.279950000000000226e-02
2.151339999999999850e-02
2.085269999999999901e-01
3.166669999999999763e-01
-7.719819999999999460e-01
-9.230859999999999621e-01
-2.282679999999999987e-01
4.417800000000000199e-02
1.653810000000000002e-02
-3.512250000000000094e-02
4.560279999999999889e-02
-7.011760000000000215e-02
-4.999490000000000184e-02
1.010310000000000027e-02
-8.210090000000000443e-02
-2.413109999999999908e-02
-6.072550000000000170e-02
-1.443949999999999956e-01
6.190450000000000119e-02
1.048199999999999965e-01
-1.565529999999999977e-01
2.816290000000000113e-02
-5.867909999999999793e-02
5.973400000000000237e-02
3.959460000000000202e-01
-5.495839999999999614e-01
-4.518550000000000344e-02
-4.124950000000000144e-02
-1.600429999999999908e-01
3.223319999999999658e-02
3.400910000000000044e-03
-7.878270000000000550e-01
-2.933100000000000152e-01
3.923859999999999848e-02
-2.225130000000000163e-02
-6.017639999999999795e-02
-7.017529999999999601e-02
-2.968350000000000155e-01
8.438569999999999405e-02
1.661870000000000014e-01
-1.904000000000000137e-01
-1.405129999999999990e-01
1.400060000000000020e-02
-7.840869999999999784e-02
-7.926450000000000440e-01
4.094330000000000191e-02
3.967439999999999856e-02
-1.801880000000000148e-02
-3.343100000000000238e-02
-3.851070000000000187e-02
-2.677449999999999969e-02
-9.059499999999999498e-02
-1.848049999999999971e-01
-1.762910000000000033e-01
-1.548579999999999957e-01
-9.058460000000000123e-02
2.761569999999999858e-01
2.889820000000000166e-01
8.206979999999999831e-02
-5.616849999999999898e-01
-3.344280000000000169e-02
6.278350000000000597e-02
-3.537629999999999941e-02
2.278339999999999879e-02
-1.104830000000000048e-02
-6.352499999999999813e-02
9.805989999999999672e-04
1.786829999999999918e+00
6.741750000000000520e-02
-5.390380000000000171e-01
4.941439999999999722e-02
6.301370000000000582e-02
-6.636440000000000394e-02
-6.072129999999999889e-02
-1.432600000000000019e-02
-1.573009999999999964e-01
-6.594429999999999736e-02
4.337770000000000237e-01
5.241699999999999832e-02
-6.985789999999999500e-01
2.750199999999999867e-01
2.167270000000000030e-01
3.045220000000000149e-01
-3.081909999999999858e-02
-4.960060000000000163e-02
-4.850030000000000174e-01
-2.150509999999999922e-02
2.475060000000000107e-02
-6.363080000000000125e-02
-4.884000000000000008e-01
6.809769999999999712e-02
-1.433719999999999994e-01
4.332130000000000147e-01
-5.504529999999999701e-01
-9.757770000000000679e-03
3.595060000000000183e-03
2.877269999999999828e-02
2.560230000000000006e-01
3.596829999999999750e-01
-2.027790000000000148e-02
-4.375140000000000140e-01
8.530940000000000190e-01
-2.777369999999999839e-02
1.181559999999999971e-01
1.319379999999999997e-01
5.772389999999999466e-01
1.062229999999999980e-01
-5.137749999999999956e-02
-4.898890000000000189e-01
-8.225820000000000354e-01
-4.087699999999999667e-02
-1.687400000000000011e-01
6.222239999999999716e-02
-1.026110000000000043e-02
-2.146810000000000107e-01
9.298929999999999696e-02
-8.996679999999999955e-02
-8.370719999999999550e-02
-1.498200000000000087e-01
7.573809999999999709e-01
-3.728970000000000201e-02
-1.413480000000000014e-01
1.097209999999999991e-01
1.128730000000000011e-02
1.374259999999999926e-01
3.970020000000000215e-01
6.668140000000000178e-02
5.838329999999999909e-02
-5.559239999999999737e-01
-5.838519999999999821e-02
9.562180000000000679e-02
-1.749309999999999921e+00
-2.863169999999999951e-02
3.173159999999999870e-01
-6.417520000000000169e-02
-9.644289999999999807e-03
1.472749999999999893e-01
5.843770000000000353e-01
-6.089739999999999737e-02
-6.180580000000000102e-02
1.092830000000000051e-01
-1.455720000000000069e-01
-2.543139999999999984e-02
1.661529999999999951e-01
4.095010000000000039e-01
1.492420000000000135e-01
1.795559999999999934e-01
-4.464930000000000287e-02
8.310370000000000257e-02
7.001430000000000153e-02
5.518270000000000119e-02
6.891139999999999766e-02
-2.661989999999999842e-02
2.267160000000000009e-01
1.369150000000000089e-01
-1.896899999999999975e-02
8.225000000000000089e-01
3.266369999999999690e-02
-5.514679999999999582e-01
-5.040559999999999485e-01
1.212590000000000057e+00
8.275299999999999878e-01
2.593700000000000172e-02
3.195049999999999973e-02
2.792620000000000102e-01
3.736780000000000102e-01
-6.496280000000000110e-02
8.517410000000000259e-02
5.935420000000000279e-03
3.258030000000000093e-01
1.189840000000000009e+00
-6.430750000000000355e-02
4.388299999999999840e-02
-4.505069999999999908e-02
-1.111879999999999952e-01
-1.691000000000000142e-02
4.207179999999999809e-01
1.757039999999999991e-01
1.268090000000000050e-01
5.942689999999999778e-02
6.844350000000000434e-02
3.359950000000000003e-03
1.750980000000000036e-01
4.854300000000000281e-02
2.485429999999999862e-01
4.235730000000000051e-04
9.114349999999999952e-01
1.009010000000000046e-01
7.441109999999999391e-02
5.141430000000000305e-02
-2.317119999999999944e-02
-2.027930000000000010e-01
1.081659999999999983e-01
1.419279999999999986e-01
-3.120580000000000020e-01
5.717499999999999805e-01
-5.041070000000000273e-02
1.008159999999999959e-02
1.533319999999999995e-02
-8.622019999999999684e-02
1.323340000000000072e-01
-1.059250000000000053e-01
8.954890000000000072e-02
1.098650000000000043e-01
1.349520000000000060e-02
-4.257729999999999848e-02
6.820400000000000074e-02
-5.066120000000000345e-02
9.408170000000000421e-02
1.489759999999999973e-01
-1.617259999999999878e-02
-2.954060000000000019e-01
-2.429040000000000088e-01
-2.571770000000000132e-03
1.306780000000000053e+00
-1.857499999999999984e-01
4.472960000000000269e-01
7.993600000000000011e-03
8.554060000000000483e-03
4.625850000000000101e-02
1.234269999999999978e+00
8.868810000000000582e-02
-5.418159999999999643e-01
7.557429999999999704e-02
5.145469999999999905e-02
-2.747190000000000049e-02
1.608590000000000020e-01
3.747010000000000063e-01
1.693340000000000123e-01
-1.048089999999999959e-02
9.980849999999999445e-02
1.146569999999999950e-01
1.007070000000000048e-01
-1.336499999999999910e-01
9.212499999999999856e-02
-3.235509999999999775e-01
-7.718730000000000036e-02
4.340440000000000270e-02
8.475630000000000663e-02
-1.477999999999999869e-01
2.224900000000000141e-02
9.611110000000000486e-02
6.388069999999999860e-02
1.177359999999999962e+00
8.495260000000000034e-01
3.531359999999999881e-03
-6.209700000000000289e-03
4.883259999999999684e-02
-1.938759999999999928e-01
-3.243039999999999812e-01
-6.619599999999999790e-03
3.277229999999999727e-02
1.114320000000000033e-01
6.917750000000000288e-02
3.010629999999999817e-03
8.299229999999999663e-01
5.787450000000000407e-03
-4.104549999999999865e-02
5.026699999999999918e-02
-3.477910000000000168e-01
6.457789999999999364e-02
3.218679999999999874e-01
4.816249999999999698e-02
8.786760000000000403e-02
1.475150000000000072e-01
-3.386999999999999733e-02
7.853980000000000683e-02
1.224860000000000060e+00
4.759429999999999911e-02
-1.203470000000000061e-02
1.787829999999999975e-01
-1.324509999999999924e-02
-1.335790000000000033e-01
4.110699999999999771e-02
3.897309999999999941e-01
3.365549999999999931e-01
-6.252719999999999589e-04
1.245379999999999959e-01
3.613919999999999910e-01
-9.950159999999999560e-02
4.162489999999999940e-02
5.855879999999999974e-01
7.365839999999999888e-02
-4.381020000000000053e-02
-4.682170000000000082e-02
-5.941310000000000341e-02
2.847900000000000084e-02
1.727379999999999888e-02
-1.866800000000000057e-03
8.456850000000000200e-01
4.839720000000000133e-02
8.519500000000000683e-02
3.478720000000000145e-01
6.100379999999999692e-02
3.475500000000000117e-02
-1.420839999999999881e-01
4.600850000000000078e-02
3.603120000000000211e-01
3.886379999999999835e-01
7.495290000000000286e-02
3.294889999999999763e-01
7.755810000000000481e-02
9.643439999999999790e-01
1.213489999999999958e+00
-9.265099999999999447e-01
-8.471069999999999989e-02
3.704930000000000168e-01
2.526640000000000136e-02
4.329299999999999815e-02
-1.974499999999999866e-02
8.170110000000000428e-01
1.801079999999999903e-01
3.066829999999999834e-01
1.171630000000000033e-01
2.630149999999999988e-01
1.048069999999999974e-01
3.424479999999999746e-01
9.227739999999999554e-02
1.801059999999999883e-01
-1.591269999999999907e-01
8.757080000000000419e-03
8.415960000000000107e-02
1.269110000000000030e-02
-4.366249999999999992e-02
5.580360000000000181e-02
1.015189999999999981e-01
8.660640000000000005e-02
1.172350000000000003e+00
-4.865519999999999914e-03
1.922760000000000025e-01
2.513069999999999887e-02
8.092770000000000519e-02
-3.382550000000000140e-02
1.222979999999999956e+00
4.065469999999999917e-01
6.230430000000000135e-01
-5.379729999999999929e-02
1.072869999999999945e-05
4.581169999999999687e-02
-5.533759999999999790e-01
-1.194430000000000014e-03
6.259220000000000061e-02
-1.292680000000000044e-02
-1.514240000000000030e-01
3.109570000000000042e-02
-1.346950000000000092e-01
-2.855409999999999893e-02
-2.089499999999999968e-01
2.023079999999999878e-01
4.046910000000000229e-01
3.623000000000000109e-01
-5.334349999999999925e-01
1.676400000000000112e-02
-7.716690000000000008e-04
-9.657020000000000534e-03
4.409699999999999731e-01
2.946810000000000263e-01
1.669519999999999893e+00
-8.781440000000000357e-01
-4.057009999999999783e-03
5.106949999999999684e-02
2.664199999999999902e-01
3.506970000000000226e-02
1.238210000000000033e+00
9.337089999999999279e-03
1.286739999999999995e+00
3.572510000000000269e-02
6.718359999999999610e-03
-2.773050000000000168e-02
-2.498560000000000017e-02
1.641130000000000089e-01
9.564000000000000279e-01
1.169049999999999950e-01
8.068849999999999634e-01
2.577079999999999996e-02
-1.225940000000000016e-02
8.873820000000000041e-01
9.342570000000000041e-02
8.662900000000000045e-01
2.800980000000000136e-01
1.729719999999999869e-02
9.223860000000000392e-03
2.621350000000000069e-02
1.734880000000000103e-02
1.228380000000000027e+00
1.197330000000000005e+00
1.465849999999999931e-01
9.199629999999999752e-01
-6.357430000000000025e-02
3.165680000000000160e-01
2.553300000000000014e-02
1.138370000000000007e-02
4.896980000000000083e-02
1.817010000000000014e-01
-1.869609999999999883e-01
1.000329999999999969e-01
-2.629020000000000246e-01
1.448790000000000078e-01
3.510460000000000247e-01
1.830259999999999873e-02
4.380620000000000069e-01
-4.957589999999999567e-03
8.658760000000000068e-02
-2.678780000000000050e-02
-2.292229999999999962e-02
8.244970000000000077e-02
-3.379839999999999928e-02
3.165720000000000200e-01
3.803059999999999774e-01
3.568200000000000260e-01
1.520330000000000015e-01
1.523370000000000002e-01
