-1.258569999999999967e+00
-1.998539999999999983e+00
2.811609999999999943e-01
-4.026790000000000230e-02
-3.616909999999999847e-01
-4.589920000000000111e-01
2.535930000000000129e-01
6.119329999999999492e-01
5.795990000000000170e-02
4.921790000000000193e-02
-6.224750000000000005e-01
2.972409999999999775e-01
-2.700580000000000203e-01
2.928549999999999903e-02
5.405229999999999757e-02
-1.492259999999999920e+00
-9.383870000000000752e-03
-4.451820000000000221e-01
-1.289219999999999949e-02
1.938709999999999933e+00
-2.659920000000000062e-01
-1.526969999999999994e-01
-1.366700000000000137e-01
2.992909999999999737e-01
1.219110000000000055e-01
-1.561160000000000103e+00
-4.340879999999999739e-02
1.121539999999999981e+00
-1.104129999999999973e-01
-1.924069999999999947e-01
-4.235139999999999738e-02
-4.360620000000000052e-01
2.385909999999999975e-01
1.560300000000000055e-02
5.339099999999999957e-01
1.143839999999999961e-02
3.130370000000000097e-01
-1.861510000000000109e-01
-2.704590000000000050e+00
5.288540000000000463e-01
3.518740000000000062e-02
6.502090000000000647e-02
-1.430279999999999919e-02
-1.707559999999999981e-02
-8.544699999999999518e-01
-1.512469999999999926e-01
2.885899999999999924e-02
-3.533490000000000242e-01
-1.323709999999999887e-01
-1.630119999999999902e-01
1.380689999999999973e-01
9.671109999999999429e-02
4.643740000000000090e-01
-1.031480000000000036e-01
-1.029209999999999958e+00
2.360960000000000003e-01
-1.191699999999999964e-03
2.299340000000000064e-02
-4.714470000000000049e-01
-2.454149999999999832e+00
2.533360000000000056e-01
-5.858640000000000514e-01
5.265560000000000240e-01
-8.137149999999999939e-02
-1.429169999999999885e-01
-2.227180000000000160e+00
9.885929999999999718e-02
-2.347279999999999922e-01
-1.523529999999999884e-01
9.564029999999999407e-03
-7.559989999999999766e-02
-4.551999999999999935e-01
1.018509999999999971e-01
2.253099999999999895e-02
1.087570000000000030e-02
5.472709999999999519e-01
-1.737519999999999898e-01
1.749030000000000029e-01
-4.045520000000000227e-01
-1.439920000000000089e+00
-1.103829999999999950e-01
-7.503630000000000022e-02
1.497239999999999960e-01
2.376769999999999994e-01
-3.371850000000000125e-01
-2.253779999999999950e-01
3.201810000000000073e-02
2.175960000000000116e-01
-1.658999999999999919e-01
-1.470720000000000083e-01
-4.468280000000000168e-02
-3.685829999999999940e-01
1.809800000000000081e-03
4.026190000000000047e-01
-2.549139999999999739e-01
-6.029560000000000475e-01
3.997019999999999740e-02
7.185120000000000395e-02
-3.911580000000000057e-01
-2.039360000000000062e-01
1.884909999999999919e-01
-2.141709999999999794e-03
5.267599999999999887e-03
-1.298829999999999985e-01
-4.376099999999999990e-01
-4.466789999999999927e-01
-6.477899999999999978e-03
-1.239740000000000009e-01
-1.490090000000000026e-01
5.725129999999999802e-02
-1.366130000000000122e-01
-2.341499999999999970e-01
1.299019999999999897e-01
3.049429999999999849e-02
7.553559999999999441e-02
-9.256529999999999481e-01
2.869419999999999957e-02
7.450830000000000300e-03
2.007089999999999985e-01
7.774689999999999379e-02
-8.404470000000000551e-01
2.628199999999999981e-01
-6.170870000000000521e-01
-5.283890000000000114e-02
-1.136309999999999959e-01
-2.538409999999999833e-01
2.420459999999999973e-02
-7.915149999999999686e-01
-1.905880000000000074e-01
2.455839999999999967e-01
-7.967119999999999758e-01
-1.357919999999999960e-01
-1.371099999999999923e-02
-1.407229999999999981e+00
1.213599999999999957e-01
-9.456799999999999928e-02
2.374259999999999982e-01
-1.591460000000000097e-01
9.803800000000000014e-02
1.638590000000000046e-01
1.156709999999999960e-01
-1.548499999999999877e-01
1.380240000000000078e-01
1.839990000000000028e-02
4.248489999999999905e-02
-1.483889999999999931e-01
-2.436929999999999912e-03
-4.178540000000000032e-01
-1.662490000000000023e+00
-1.663030000000000008e+00
3.336730000000000251e-02
4.547010000000000218e-01
1.516170000000000018e-01
-5.242130000000000227e-03
-1.410379999999999967e-02
2.656350000000000100e-01
2.764900000000000135e-01
2.721680000000000210e-01
3.569450000000000053e-03
4.589990000000000389e-03
-6.540990000000000693e-02
-1.000800000000000023e-01
1.404910000000000100e-03
-6.708129999999999649e-02
-3.166189999999999838e-01
-7.721040000000000195e-03
8.802480000000000304e-01
2.335309999999999886e-01
-3.273260000000000058e-01
-1.920439999999999994e-02
-5.740349999999999620e-01
-6.578640000000000043e-01
1.120410000000000017e-01
-1.145259999999999945e+00
4.766719999999999985e-02
-2.656930000000000125e-01
-2.734079999999999844e-02
-1.879929999999999934e-01
5.579619999999999580e-01
-3.611869999999999803e-01
-2.407930000000000070e-01
-9.809110000000000051e-02
3.016619999999999857e-01
-7.171659999999999702e-01
-8.363950000000000551e-02
5.577890000000000278e-03
-1.135119999999999907e+00
-1.217309999999999892e+00
-1.126360000000000000e-01
-8.875399999999999956e-01
-2.123109999999999997e-01
-3.658299999999999885e-01
-1.643850000000000172e-02
4.392449999999999827e-02
7.156909999999999661e-02
-2.171729999999999841e-02
-6.026029999999999998e-01
-3.622960000000000069e-01
7.120329999999999715e-02
1.189769999999999994e-01
1.342540000000000067e+00
-1.511899999999999911e-01
-2.485080000000000067e-01
-1.895620000000000083e-01
2.192989999999999939e-01
2.631939999999999835e-01
-3.841849999999999987e-01
5.272929999999999978e-02
-3.229480000000000128e-01
8.203920000000000101e-01
6.805010000000000225e-02
1.196160000000000001e-01
1.712899999999999978e-01
-1.291390000000000038e-01
1.167319999999999913e+00
2.071129999999999916e-01
2.852520000000000056e-01
-1.564969999999999972e-01
8.153199999999999337e-02
-3.647999999999999854e-02
1.107550000000000062e-01
-1.104940000000000033e+00
-1.729729999999999879e-01
-2.532590000000000119e-01
9.819859999999999700e-03
2.582889999999999908e-01
9.407740000000000546e-02
4.703539999999999943e-01
-1.944760000000000100e-01
-1.039500000000000007e-01
5.403759999999999675e-01
1.387269999999999892e-01
6.572659999999999614e-02
-9.108259999999999967e-02
-1.205460000000000004e-01
5.470900000000000069e-02
2.431609999999999883e-01
-1.343380000000000130e-01
-1.263869999999999993e-01
1.388640000000000013e-02
2.007780000000000120e-01
1.578190000000000148e-02
-4.668370000000000158e-02
3.584330000000000155e-02
-3.226919999999999789e-01
-7.648629999999999596e-01
7.128600000000000214e-02
1.193410000000000026e-01
-3.376350000000000184e-01
2.005339999999999900e+00
2.123259999999999870e-01
4.680670000000000108e+00
5.610179999999999723e+00
5.054070000000000285e+00
1.007879999999999932e+01
8.363860000000000738e+00
8.666819999999999524e+00
9.681060000000000443e+00
1.006029999999999980e+01
1.101009999999999955e+01
1.223160000000000025e+01
9.903309999999999391e+00
1.194699999999999918e+01
9.436410000000000409e+00
1.222220000000000084e+01
1.005129999999999946e+01
7.803090000000000082e+00
1.110560000000000080e+01
8.431689999999999685e+00
8.239720000000000155e+00
9.562030000000000030e+00
8.759869999999999379e+00
7.548339999999999606e+00
9.976380000000000692e+00
9.086399999999999366e+00
8.426859999999999573e+00
9.062200000000000699e+00
9.288740000000000663e+00
9.182140000000000413e+00
9.128999999999999559e+00
8.002489999999999881e+00
8.630979999999999208e+00
4.512139999999999596e+00
9.051640000000000796e+00
7.067490000000000272e+00
7.590959999999999930e+00
7.357540000000000191e+00
8.258720000000000283e+00
7.304660000000000153e+00
7.255620000000000402e+00
7.283100000000000129e+00
5.535400000000000098e+00
5.880329999999999835e+00
4.524740000000000428e+00
3.777969999999999828e+00
6.018769999999999953e+00
4.484609999999999985e+00
4.444060000000000343e+00
3.759879999999999889e+00
3.328149999999999942e+00
5.975830000000000197e+00
5.037700000000000067e+00
2.843300000000000161e+00
5.297240000000000393e+00
2.356160000000000032e+00
4.626290000000000013e+00
6.212030000000000385e+00
4.085679999999999978e+00
6.370709999999999873e+00
4.110149999999999970e+00
4.412379999999999747e+00
5.243260000000000254e+00
4.802909999999999791e+00
4.309940000000000104e+00
2.494559999999999889e+00
4.940179999999999794e+00
2.440409999999999968e+00
4.101479999999999571e+00
5.015570000000000306e+00
3.632559999999999789e+00
4.499069999999999681e+00
4.627379999999999827e-01
4.023030000000000328e+00
1.510680000000000023e+00
4.273889999999999745e+00
2.609080000000000066e+00
6.470799999999999885e-01
3.024820000000000064e+00
4.533070000000000155e-01
2.075159999999999894e+00
2.515439999999999898e+00
2.011089999999999822e+00
4.086199999999999832e+00
4.220609999999999751e+00
3.721849999999999881e-01
2.050489999999999924e+00
1.608090000000000019e+00
5.900609999999999467e-01
3.163509999999999933e-01
3.445219999999999949e+00
-1.911049999999999971e-01
2.540189999999999948e+00
5.203489999999999505e-01
5.439150000000000373e-01
5.373710000000000431e-01
9.815220000000000056e-01
5.317859999999999809e-01
2.245730000000000004e+00
5.478809999999999514e-01
-3.424360000000000182e-01
8.891729999999999912e-01
1.523519999999999985e+00
2.503650000000000042e-01
4.432260000000000311e+00
7.073319999999999608e-01
1.613480000000000025e+00
2.050759999999999916e+00
4.222299999999999942e-01
5.977799999999999780e-02
-3.951479999999999992e-01
-2.693960000000000243e-01
1.386870000000000047e-01
4.280229999999999868e-01
1.176959999999999951e-01
1.863180000000000114e-01
1.104919999999999902e+00
2.100400000000000045e-01
2.329249999999999932e-01
1.513910000000000089e+00
4.533980000000000232e-01
2.551410000000000178e+00
1.475889999999999980e-01
1.069299999999999973e-01
1.577720000000000011e+00
6.795240000000000169e-01
4.073010000000000241e-01
3.250730000000000008e-01
1.310169999999999946e-01
2.106939999999999924e-01
6.411820000000000297e-01
1.456239999999999979e+00
1.534250000000000058e-01
1.316380000000000050e-01
2.972840000000000149e+00
-2.511039999999999939e-01
6.686419999999999586e-01
3.369820000000000038e-01
-7.723550000000000137e-01
-8.995309999999999417e-02
1.809350000000000125e-01
5.674540000000000139e-01
1.393469999999999952e-02
3.556960000000000122e-01
6.671280000000000543e-01
-5.894500000000000295e-01
-2.032470000000000110e-01
1.518430000000000057e-01
9.050279999999999436e-02
-1.394229999999999914e-01
3.759500000000000064e-01
8.428250000000000464e-01
2.831440000000000068e-01
2.862810000000000077e-01
-3.675810000000000188e-02
3.047870000000000079e+00
3.431560000000000166e-02
-5.544959999999999889e-01
2.951860000000000039e-01
1.003060000000000063e-02
-7.302559999999999607e-02
-4.521950000000000275e-02
2.984689999999999843e-01
7.178089999999999471e-02
1.413399999999999934e-01
3.998209999999999958e-02
3.290910000000000224e-01
3.265060000000000184e-01
1.192079999999999945e-01
6.989850000000000230e-02
3.020840000000000192e-01
1.172129999999999894e+00
1.428540000000000088e-01
6.325330000000000119e-01
1.630929999999999991e+00
1.472760000000000069e+00
-7.474480000000000013e-02
7.817010000000000625e-02
7.567419999999999702e-02
1.042160000000000031e-01
-6.829800000000000315e-01
3.432839999999999780e-01
1.923819999999999975e-01
-1.969329999999999969e-01
7.147930000000000256e-03
5.419310000000000516e-01
-1.068319999999999964e-01
1.256310000000000038e+00
-2.379260000000000055e-02
-8.684899999999999565e-02
2.316680000000000128e-01
-5.683420000000000138e-01
1.000309999999999949e-01
1.847560000000000036e-01
-2.886210000000000164e-01
-3.443060000000000009e-01
1.424199999999999910e-01
1.488500000000000101e-01
-1.322359999999999924e-01
-4.946710000000000274e-01
5.795079999999999676e-02
-5.190970000000000306e-01
7.808629999999999738e-01
-3.546280000000000265e-02
-8.694380000000000164e-02
-2.764570000000000083e-01
-1.159339999999999954e-01
1.143409999999999982e-01
1.144379999999999981e-01
2.158040000000000180e+00
2.049590000000000023e-01
-2.256839999999999957e-01
7.371540000000000037e-02
1.917590000000000128e-01
7.971369999999999845e-02
3.829239999999999866e-01
-5.964660000000000517e-01
-2.057120000000000060e-01
1.275910000000000100e-01
3.347339999999999760e-01
-1.547350000000000114e-01
1.058130000000000043e-01
-1.275979999999999892e-01
1.705920000000000103e+00
6.544120000000000492e-02
3.113099999999999756e-01
2.046159999999999923e-01
3.425399999999999973e-02
4.490859999999999852e-01
1.028440000000000021e+00
2.087100000000000066e-01
4.940930000000000322e-02
-5.332749999999999990e-02
2.558960000000000054e-02
4.766700000000000104e-02
-1.437289999999999957e+00
2.523329999999999740e-01
-7.618530000000000024e-01
1.178830000000000044e+00
1.307510000000000061e-01
8.582710000000000339e-02
7.335189999999999766e-02
-1.413679999999999971e-02
-4.223500000000000032e-01
1.599960000000000049e+00
2.725909999999999792e-03
1.027879999999999905e+00
-3.313329999999999886e-01
-5.878470000000000084e-01
-3.533970000000000167e-02
1.014029999999999931e-01
3.599530000000000229e-01
8.405749999999999333e-02
4.374019999999999991e-02
3.015949999999999881e-02
1.240160000000000012e-01
6.601769999999999861e-02
-1.246600000000000069e-01
-2.865409999999999832e-02
-3.180629999999999846e-01
-2.283100000000000129e-01
3.184520000000000128e-01
-2.600199999999999734e-01
1.893779999999999908e-01
1.513869999999999938e-01
7.905049999999999577e-02
-1.221109999999999973e-01
3.043660000000000254e-01
7.511339999999999684e-01
-5.726809999999999956e-01
2.896360000000000046e-01
2.914430000000000076e-01
-1.974369999999999958e+00
2.379960000000000062e-02
3.566910000000000219e-02
-1.501239999999999908e+00
2.637999999999999790e-01
5.772929999999999728e-02
5.187470000000000275e-02
7.709259999999999897e-03
-5.127340000000000231e-01
-3.076110000000000233e-01
-3.799080000000000235e-01
3.926579999999999654e-02
2.309470000000000134e-01
-2.141170000000000018e-01
1.039790000000000020e-01
1.163810000000000011e+00
3.319909999999999806e-01
8.358980000000000576e-02
1.646330000000000016e-01
1.065649999999999931e-01
2.088099999999999852e-03
-2.119860000000000147e-02
-1.468099999999999961e+00
1.297649999999999915e-01
-5.850819999999999910e-01
6.639349999999999419e-02
2.022569999999999979e+00
3.788030000000000008e-01
1.695440000000000003e-01
4.420580000000000342e-02
2.610899999999999888e-01
2.161729999999999929e+00
-2.245699999999999918e-01
6.771860000000000379e-02
4.646900000000000336e-02
-1.356839999999999991e-01
1.387440000000000062e-01
8.721389999999999698e-02
3.460150000000000170e-01
7.309129999999999794e-02
8.650940000000000296e-01
5.243139999999999468e-01
1.451520000000000032e-01
-1.444620000000000015e+00
-2.866389999999999771e-01
-8.089020000000000099e-01
-2.090389999999999956e-02
1.622550000000000103e-01
2.085579999999999934e-01
-5.652630000000000154e-02
6.571599999999999664e-02
9.136729999999999852e-02
5.839930000000000121e-02
-5.044699999999999740e-01
-1.227800000000000002e-01
1.507350000000000079e-01
1.071680000000000028e-02
1.800930000000000031e-01
2.583360000000000101e-01
3.226749999999999896e-01
2.202030000000000098e-01
-2.799269999999999814e-01
1.024770000000000021e-02
-1.640419999999999934e-01
-1.529020000000000101e-01
1.445450000000000068e-01
-4.056939999999999852e-02
5.850160000000000082e-02
1.656160000000000132e-01
1.262000000000000066e-01
1.010499999999999954e+00
-7.124959999999999627e-02
5.001610000000000084e-02
9.798170000000000490e-02
2.397349999999999828e-02
-7.090999999999999526e-01
5.507220000000000171e-02
-2.608690000000000175e-01
1.446600000000000108e-01
-8.899849999999999428e-02
1.017779999999999935e-01
2.242560000000000109e-01
1.283809999999999951e-01
5.875299999999999967e-02
2.107580000000000009e-01
-3.734759999999999747e-01
-4.975829999999999975e-01
3.180160000000000209e-01
2.866790000000000171e-01
2.600850000000000106e-01
7.311149999999999767e-03
1.352700000000000014e-01
5.356509999999999744e-02
-8.598980000000000512e-02
3.331279999999999797e-01
2.640020000000000144e-01
-5.455980000000000274e-01
-1.395590000000000108e+00
-1.190770000000000023e-01
2.883339999999999792e-01
6.182990000000000014e-02
-1.133829999999999977e-01
5.788979999999999820e-02
5.891229999999999523e-01
7.941510000000000236e-02
1.443119999999999958e-01
-9.534099999999999797e-01
8.183590000000000308e-02
-1.226900000000000102e+00
1.590449999999999919e-01
9.165299999999999836e-02
2.117470000000000116e-02
1.218010000000000065e-01
-5.628570000000000517e-01
-1.451239999999999995e-02
7.791910000000000502e-02
-1.337810000000000110e-01
-1.154879999999999934e-01
5.528769999999999518e-01
5.888689999999999897e-02
-7.720740000000000380e-01
1.141739999999999977e-01
3.431949999999999723e-01
4.661180000000000184e-02
5.219000000000000306e-01
6.969939999999999469e-02
5.762369999999999992e-02
-4.040929999999999800e-01
1.045220000000000038e-01
-1.216480000000000061e-01
-3.861220000000000208e-01
-2.736149999999999971e-01
8.040590000000000237e-02
4.468050000000000077e-01
-5.409129999999999772e-01
1.396169999999999911e+00
9.039049999999999585e-01
9.322190000000000198e-01
-2.871529999999999916e-01
-5.189579999999999887e-02
-9.498360000000000830e-03
-6.623689999999999856e-01
-7.942079999999999973e-02
3.961609999999999854e-01
2.453639999999999988e-01
2.441240000000000077e-01
1.784419999999999895e-01
1.439709999999999879e-01
8.706450000000000300e-02
3.995239999999999729e-03
7.237810000000000077e-02
2.148370000000000141e-02
1.058740000000000014e+00
-1.047000000000000014e-01
1.054489999999999927e+00
2.005309999999999870e-01
1.578029999999999988e-01
-3.099910000000000165e-01
1.559379999999999933e-01
2.590779999999999750e-01
3.299869999999999887e-02
-2.701210000000000000e-01
-2.578489999999999949e-01
4.202609999999999679e-02
1.017949999999999966e-01
-1.037280000000000008e-01
1.172450000000000020e-01
-1.139659999999999979e-01
1.554659999999999931e-01
5.828959999999999697e-01
2.832509999999999889e-02
3.358579999999999899e-01
-5.698119999999999852e-01
3.548490000000000255e-01
6.236709999999999754e-01
1.496550000000000102e-01
-5.673859999999999459e-01
1.063849999999999935e-01
1.347579999999999889e-01
1.175510000000000055e+00
-1.552240000000000064e+00
-3.786900000000000266e-01
1.993589999999999945e-03
-3.240239999999999787e-01
-3.160910000000000108e-01
7.018580000000000652e-02
7.698750000000000038e-02
9.618379999999999291e-03
8.660020000000000218e-02
2.909939999999999749e-01
2.121429999999999982e-01
-2.281769999999999909e-01
2.937330000000000219e-01
-5.839800000000000546e-01
-1.366140000000000132e-01
-1.940900000000000125e-01
4.682440000000000213e-02
-1.022959999999999980e-01
1.278430000000000122e-01
2.683670000000000222e-01
-2.652590000000000225e-01
-1.030930000000000041e-01
2.107769999999999921e+00
1.587760000000000005e-01
1.593990000000000129e-01
1.322899999999999909e-01
-4.647160000000000180e-01
-6.516100000000000225e-01
-1.131209999999999898e-03
6.932949999999999946e-01
8.221130000000000104e-02
8.684740000000000515e-02
1.021699999999999969e-01
4.879700000000000149e-01
-1.023050000000000001e-02
1.458170000000000022e-01
2.061769999999999992e-01
7.283160000000000328e-03
-4.014050000000000118e-01
1.490519999999999901e-01
-5.221470000000000278e-01
2.744550000000000045e-01
6.804620000000000113e-01
1.918579999999999938e-02
8.093090000000000006e-02
-6.920919999999999850e-02
-1.447940000000000060e-01
-5.176179999999999670e-02
3.017190000000000150e-01
8.194079999999999420e-02
8.072459999999999358e-02
5.461180000000000201e-02
8.005370000000000541e-01
1.206839999999999996e-01
2.078510000000000080e-01
1.237469999999999959e-01
3.444099999999999939e-01
8.125590000000000590e-02
3.313399999999999679e-02
1.367510000000000114e-01
4.802220000000000100e-02
2.523670000000000080e-01
5.579810000000000325e-02
1.166250000000000064e-01
8.789560000000000428e-02
2.131709999999999994e-01
1.424570000000000003e-01
-7.412779999999999925e-01
1.501159999999999994e-01
8.580229999999999801e-02
-2.569170000000000065e-01
7.845659999999999856e-01
1.698500000000000010e-01
-2.744280000000000053e-01
-1.000839999999999952e+00
1.837550000000000017e-01
5.600759999999999766e-02
2.639959999999999876e-02
4.151250000000000079e-02
3.205750000000000266e-02
-2.925559999999999827e-01
6.017689999999999845e-02
-1.217799999999999994e-01
2.848040000000000016e-01
1.416930000000000134e-01
2.605939999999999923e-01
-9.938189999999999524e-02
5.811789999999999838e-03
1.162519999999999942e-01
4.665860000000000146e-02
-1.025560000000000027e+00
4.986689999999999873e-02
6.140389999999999737e-02
-1.072739999999999944e-01
-2.996090000000000142e-01
4.469379999999999881e-02
-1.391369999999999933e-02
8.225530000000000341e-02
1.727069999999999994e-01
2.223559999999999981e-01
-7.058209999999999658e-03
-2.894829999999999973e-02
-2.017570000000000127e-02
7.798889999999999989e-02
-4.537140000000000062e-01
-7.704959999999999587e-02
8.567130000000000578e-02
9.675280000000000546e-01
-7.423669999999999991e-01
6.218529999999999891e-02
3.117289999999999783e-01
7.970810000000000395e-02
6.203079999999999705e-02
1.380939999999999945e-01
2.958779999999999744e-01
1.340840000000000087e-01
-2.278070000000000095e-01
7.451130000000000253e-02
5.197910000000000030e-02
-3.214420000000000055e-01
1.224999999999999978e-01
-4.052300000000000346e-02
5.154679999999999679e-02
-8.123449999999999838e-01
-1.154509999999999981e-01
-5.394240000000000146e-01
3.783770000000000189e-02
3.008379999999999943e-01
8.892590000000000217e-02
-2.066819999999999879e+00
-1.969180000000000097e-01
1.930549999999999988e+00
1.838989999999999903e+00
1.144859999999999975e-02
8.401319999999999621e-02
1.988699999999999912e-01
4.889160000000000172e-01
6.661820000000000241e-02
3.427979999999999916e-02
-2.322599999999999942e-01
-6.883609999999999729e-02
-1.117770000000000014e-01
4.814840000000000092e-02
-5.076819999999999666e-01
-4.475109999999999921e-01
7.197359999999999869e-02
6.270090000000000385e-01
-1.932639999999999914e-01
-5.673089999999999522e-01
3.222710000000000158e-02
-5.416440000000000143e-01
-5.062090000000000201e-01
9.012610000000000066e-02
4.898980000000000001e-02
1.001159999999999967e-01
4.585260000000000030e-02
6.720940000000000247e-02
-5.276769999999999516e-01
3.941560000000000064e-01
3.379909999999999859e-01
-4.533340000000000286e-02
3.110640000000000072e-01
-1.631769999999999943e+00
-2.968239999999999768e-01
2.901489999999999903e-01
5.019259999999999694e-02
-8.993170000000000330e-02
2.260169999999999887e-02
3.175270000000000037e-01
1.772140000000000104e-01
1.256500000000000117e-01
-5.186020000000000074e-01
3.458319999999999728e-01
-2.639340000000000089e-02
7.756449999999999456e-02
6.262219999999999454e-01
-1.384130000000000082e+00
6.109560000000000546e-01
5.906589999999999757e-02
-1.020469999999999988e+00
-4.138359999999999816e-01
2.285919999999999896e-01
-1.389119999999999910e+00
3.515309999999999824e-01
7.127039999999999764e-02
1.234930000000000055e-01
3.466409999999999769e-01
5.081410000000000093e-02
-1.431499999999999995e-01
2.148380000000000012e-01
-5.425830000000000236e-02
6.519600000000000395e-02
2.699179999999999913e-01
1.400399999999999978e-01
3.234790000000000165e-01
5.780609999999999915e-02
3.160410000000000164e-01
2.835419999999999954e-02
2.077650000000000052e-01
6.492440000000000433e-01
-5.521680000000000338e-02
-1.290040000000000076e-01
-1.568910000000000027e-01
5.245749999999999719e-02
3.991680000000000228e-02
9.668309999999999405e-02
8.356310000000000127e-02
-1.496079999999999910e-01
4.428110000000000102e-01
1.364339999999999997e-01
2.898840000000000097e-02
6.934859999999999636e-02
1.451240000000000030e-01
6.085690000000000266e-01
7.703400000000000525e-02
5.855049999999999838e-02
-5.412529999999999841e-01
1.605800000000000005e-01
2.864909999999999957e-01
5.637629999999999725e-02
-3.988869999999999916e-02
3.034129999999999883e-01
-1.238739999999999952e+00
1.107960000000000056e-01
4.385920000000000096e-02
1.211959999999999926e+00
7.938960000000000461e-02
1.058629999999999988e-01
6.744849999999999457e-02
1.634500000000000119e-01
6.613589999999999747e-02
3.525129999999999930e-02
-2.647750000000000103e-02
2.462749999999999939e-01
9.531679999999999320e-02
2.487900000000000111e-01
3.099750000000000005e-01
-5.779009999999999703e-02
-7.760850000000000248e-01
7.066790000000000571e-02
5.532010000000000538e-01
5.919410000000000505e-01
1.748409999999999964e-01
-1.123780000000000057e-01
5.489279999999999715e-01
-6.462899999999999721e-03
3.682929999999999815e-01
2.483390000000000042e-01
4.710389999999999855e-01
2.543489999999999918e-01
3.424300000000000122e-01
1.560580000000000023e-01
1.382099999999999995e-01
9.190070000000000183e-02
5.043899999999999773e-02
3.519449999999999662e-02
-8.517379999999999396e-02
-9.503799999999999748e-02
3.048950000000000271e-01
7.421149999999999691e-01
1.949780000000000069e+00
4.380040000000000044e-01
-7.205540000000000556e-02
-2.847870000000000124e-01
9.488169999999999937e-02
-8.730599999999999472e-02
-1.922619999999999885e-01
7.430340000000000555e-02
2.003109999999999946e+00
2.507559999999999997e-02
-2.051280000000000052e-04
3.502979999999999983e-01
1.921489999999999920e+00
5.704630000000000117e-02
-1.022520000000000095e+00
2.421020000000000116e-01
-1.559439999999999993e-01
9.730389999999999873e-02
-1.023099999999999982e-01
2.939579999999999971e-01
9.497680000000000011e-02
3.348160000000000025e-01
-4.963170000000000082e-01
-6.276779999999999859e-02
-4.683339999999999725e-01
2.703479999999999772e-01
-5.062219999999999498e-01
1.343669999999999864e-01
7.133720000000000061e-01
1.245369999999999949e-01
1.418899999999999884e-01
-9.075610000000000621e-02
2.249750000000000083e-01
1.267069999999999863e-01
-1.195060000000000011e-01
1.086950000000000000e-01
2.087340000000000029e-01
3.251229999999999953e-01
7.431970000000000243e-02
3.838409999999999878e-01
1.049149999999999944e-01
7.652849999999999930e-02
-1.065890000000000032e-01
7.890790000000000304e-02
-8.052629999999999511e-02
-3.447740000000000249e-01
9.667810000000000015e-01
3.493640000000000079e-01
1.242700000000000055e-01
6.772000000000000242e-02
1.249730000000000008e+00
7.574569999999999914e-02
1.413240000000000052e-01
-1.827860000000000040e-01
2.720650000000000013e-01
-6.411089999999999844e-02
3.192209999999999770e-01
-8.797120000000000495e-01
1.305810000000000026e-01
3.910310000000000175e-02
6.211440000000000294e-01
1.477839999999999987e-01
1.543390000000000040e-01
