1.085299999999999976e+01
1.300990000000000002e+01
1.286260000000000048e+01
2.416229999999999833e+01
5.502019999999999911e+00
1.049820000000000064e+01
1.386940000000000062e+00
1.288059999999999938e+01
9.159250000000000114e+00
2.336869999999999781e+00
1.211969999999999992e+01
2.111340000000000217e+00
5.113999999999999879e+00
5.521510000000000140e+00
5.129500000000000171e+00
2.420500000000000096e+00
-1.964050000000000074e+00
-6.051720000000000432e-01
4.929990000000000094e+00
8.670230000000000103e+00
3.328269999999999840e+00
-4.293379999999999974e-01
1.218759999999999977e+01
-5.367990000000000261e-01
5.788269999999999804e+00
5.371439999999999770e+00
3.563749999999999973e-01
-4.881730000000000236e-01
1.677859999999999907e+00
8.188549999999999329e+00
6.425349999999999895e+00
-2.373889999999999834e+00
1.057339999999999947e+00
-1.029870000000000063e+00
2.319059999999999899e+00
5.450309999999999988e+00
5.774770000000000181e+00
5.766689999999999650e+00
7.741249999999999964e+00
5.154510000000000147e+00
3.673859999999999904e+00
4.322219999999999729e+00
8.963089999999999336e+00
3.555499999999999883e+00
8.018739999999999313e+00
-8.491710000000000091e-01
5.952560000000000073e+00
3.955690000000000150e+00
-2.728470000000000173e+00
-3.960049999999999848e+00
8.058770000000000877e+00
7.528380000000000294e+00
5.453470000000000262e+00
-1.044790000000000108e+00
6.039310000000000400e+00
-5.461580000000000323e-01
3.084659999999999958e+00
1.458110000000000017e+00
1.049849999999999994e+01
2.662889999999999979e+00
8.100559999999999761e+00
4.021379999999999955e-01
1.655410000000000048e+00
2.879579999999999806e+00
2.263809999999999878e+00
-3.366350000000000176e+00
1.881440000000000001e+00
5.330910000000000259e+00
4.540090000000000181e+00
4.956809999999999938e+00
3.233389999999999986e+00
8.599360000000000781e+00
-2.425699999999999967e+00
9.641659999999999897e+00
1.659820000000000073e+00
1.081070000000000064e+01
-4.535319999999999907e-01
-1.195950000000000069e-01
3.366919999999999913e-01
2.624870000000000037e+00
1.725489999999999968e+00
6.436980000000000146e+00
2.762070000000000025e+00
2.575089999999999879e+00
-1.774659999999999904e+00
1.090150000000000041e+01
4.906399999999999650e+00
7.632590000000000208e-01
2.930759999999999810e+00
1.707839999999999847e+01
7.678980000000000139e+00
4.114119999999999777e+00
3.587349999999999817e+00
3.023070000000000146e+00
1.393979999999999997e+00
-7.580989999999999895e+00
1.856090000000000170e-02
7.415409999999999613e+00
2.849219999999999864e+00
-2.892209999999999948e+00
1.608460000000000001e+00
-4.612129999999999841e-01
-8.549400000000000333e-01
1.704029999999999934e+00
1.347620000000000040e+00
7.841339999999999977e-01
2.599470000000000169e+00
3.094650000000000123e+00
6.839450000000000252e-01
8.621399999999999508e+00
4.457119999999999749e+00
3.253989999999999938e+00
-1.031509999999999927e+00
-2.375599999999999934e+00
2.534130000000000216e+00
-7.179050000000000153e+00
7.298240000000000283e-01
9.481579999999999231e+00
4.632950000000000124e+00
-3.367249999999999854e+00
1.279549999999999965e+00
-2.217620000000000147e+00
3.644789999999999974e+00
5.826559999999999739e+00
4.079369999999999941e+00
-7.178600000000000536e-01
4.158990000000000187e+00
5.552850000000000286e+00
1.912479999999999958e+00
-1.053709999999999924e+00
2.651359999999999939e+00
6.047249999999999570e-01
-2.464890000000000025e+00
-2.359100000000000086e-01
-1.215850000000000097e+00
-2.038850000000000051e+00
6.279599999999999627e-01
6.585710000000000175e-01
4.758000000000000007e+00
2.270729999999999915e+00
-1.174749999999999961e+00
-1.192690000000000028e+00
-1.510960000000000081e+00
-1.560079999999999911e+00
4.944559999999999927e-02
9.089779999999999305e+00
-6.623379999999999823e-01
2.468719999999999803e+00
-1.277090000000000058e+00
3.924599999999999866e+00
1.170309999999999917e+01
3.046940000000000204e+00
1.697820000000000107e+00
-2.056770000000000209e+00
-5.484420000000000073e+00
5.301350000000000229e+00
1.406949999999999967e+01
2.543439999999999923e+00
1.452909999999999968e+01
-2.223670000000000091e-01
1.645820000000000061e+00
-1.412150000000000016e+00
-2.755699999999999816e-01
-7.868600000000000039e-01
1.670199999999999907e+00
-1.683910000000000018e+00
-1.019390000000000018e+00
1.131420000000000092e+00
5.227540000000000520e-01
6.161450000000000538e-01
-4.354800000000000004e+00
-2.316679999999999851e+00
1.604219999999999979e+00
2.537999999999999812e+00
4.388639999999999652e+00
-7.069499999999999673e-01
-7.907579999999999609e-01
1.955850000000000088e+00
-2.145259999999999945e+00
-4.035160000000000302e+00
3.948030000000000150e+00
-1.021819999999999951e+00
-5.948759999999999604e-01
2.183910000000000018e+00
1.098799999999999955e+01
3.420970000000000066e+00
-1.377059999999999951e+00
2.491639999999999855e+00
-3.457479999999999887e+00
4.980629999999999669e+00
-2.069119999999999848e+00
7.996330000000000382e+00
1.632630000000000026e+00
7.655210000000000070e-01
-2.375020000000000131e+00
-2.316139999999999866e+00
2.149119999999999919e+00
-3.024280000000000079e+00
5.491240000000000343e+00
6.034900000000000375e+00
6.820040000000000546e-01
1.495600000000000041e+00
7.278229999999999755e+00
8.080740000000000478e+00
-8.229779999999999873e-01
-3.485170000000000212e-01
-4.435089999999999755e+00
-4.527510000000000367e+00
8.679660000000000153e-01
-7.171629999999999672e-02
-5.859379999999999589e-01
-3.466810000000000169e+00
2.557990000000000208e+00
1.450979999999999936e+00
-1.903160000000000129e-01
-2.264440000000000008e+00
-1.558300000000000018e+00
-1.613140000000000129e-01
-4.852170000000000094e+00
1.395669999999999966e-01
2.407970000000000166e+00
9.312639999999999807e-01
1.715550000000000130e-01
1.100919999999999899e+00
-2.992220000000000102e+00
-3.705480000000000107e+00
-2.239219999999999988e+00
3.277990000000000070e-01
7.437470000000000248e+00
-7.041020000000000056e-01
-4.487610000000000099e+00
-6.799180000000000224e-01
-8.343800000000000106e-01
1.458339999999999925e+01
1.556619999999999893e+00
4.714439999999999742e+00
1.550860000000000016e-01
-1.359979999999999967e+00
1.806519999999999904e+00
1.616070000000000007e-01
4.253930000000000433e+00
4.253040000000000376e+00
8.246440000000000436e-01
1.225440000000000040e+01
6.565599999999999881e+00
-7.578549999999999454e-01
1.204710000000000036e+01
1.633010000000000073e+00
-3.091450000000000031e+00
-1.943329999999999913e+01
1.328580000000000094e+00
8.469950000000000534e-01
2.752949999999999786e+00
7.197149999999999714e+00
1.053430000000000000e+01
8.501810000000000755e+00
1.626549999999999940e+01
1.991349999999999909e+01
2.219229999999999947e+01
2.193400000000000105e+01
1.973270000000000124e+01
2.136489999999999867e+01
2.408990000000000009e+01
2.058380000000000010e+01
1.719849999999999923e+01
1.770730000000000004e+01
1.040760000000000041e+01
2.143309999999999960e+01
2.779119999999999990e+01
9.290269999999999584e+00
1.641019999999999968e+01
2.157499999999999929e+01
9.261409999999999698e+00
9.962650000000000006e+00
3.737200000000000077e+00
1.400769999999999982e+01
1.919810000000000016e+01
1.380359999999999943e+01
1.756790000000000163e+01
4.818080000000000140e+00
6.112809999999999633e+00
6.955840000000000245e+00
2.789750000000000085e+01
8.099560000000000315e+00
1.050730000000000075e+01
1.622419999999999973e+01
1.019169999999999909e+00
9.693839999999999790e+00
7.406930000000000014e+00
6.803989999999999760e+00
8.945819999999999439e+00
7.397470000000000212e+00
6.090440000000000076e+00
6.030199999999999783e+00
5.896499999999999631e+00
7.737750000000000128e+00
7.635110000000000063e+00
2.758939999999999726e-01
6.947250000000000369e+00
7.200319999999999609e+00
1.425980000000000025e+00
2.752470000000000194e+00
2.081779999999999831e+01
1.743670000000000053e+00
1.488039999999999985e+01
2.849279999999999813e+00
4.025599999999999845e+00
4.975480000000000125e+00
1.170129999999999892e+00
9.166740000000000776e+00
-2.886420000000000097e-01
1.266000000000000014e+01
1.801969999999999961e-01
1.259549999999999947e+01
3.677099999999999813e+00
5.972889999999999588e+00
-2.718269999999999964e+00
6.193849999999999634e-01
7.484600000000000364e+00
1.867359999999999909e+00
4.407079999999999664e+00
7.085749999999999993e+00
3.400990000000000180e+00
1.127699999999999925e+00
2.322700000000000209e+00
1.192090000000000094e+00
2.047010000000000218e+00
1.812540000000000040e+00
6.852759999999999962e+00
9.610860000000000625e+00
3.249429999999999819e+00
2.275700000000000056e+00
1.190720000000000001e+00
-4.457430000000000003e-01
3.763830000000000231e-01
3.514629999999999921e+00
-9.468039999999999790e-01
5.054759999999999920e+00
-1.578779999999999906e-01
-2.927119999999999944e+00
1.706290000000000084e+00
2.696410000000000196e-01
9.800619999999999887e-01
5.821939999999999893e-01
-3.367509999999999948e-02
1.086020000000000074e+01
6.958420000000000272e+00
-4.514660000000000117e+00
-2.729359999999999786e+00
-1.593020000000000103e+00
-5.750449999999999839e+00
-4.028419999999999779e-01
3.645680000000000032e+00
4.312529999999999752e+00
3.894309999999999938e+00
9.260270000000000223e+00
-1.318880000000000052e+00
1.674530000000000074e+00
1.011430000000000007e+01
8.248530000000000584e+00
8.739349999999999952e+00
3.249880000000000102e+00
3.939430000000000209e+00
7.526390000000000136e+00
-1.865059999999999940e+00
-4.870510000000000339e+00
-6.932730000000000281e-01
4.460740000000000371e+00
4.836579999999999657e+00
2.408349999999999935e-01
5.134330000000000283e+00
-1.913820000000000077e+00
-6.008000000000000007e+00
-2.478629999999999889e+00
3.788120000000000154e+00
4.278179999999999872e+00
5.410580000000000389e+00
1.057970000000000077e+01
5.184530000000000527e-01
1.406530000000000058e+00
3.000430000000000152e+00
3.958289999999999864e+00
9.061450000000000671e+00
8.041790000000000660e+00
-6.868429999999999813e-01
-1.766920000000000046e+00
-1.818559999999999899e-01
8.577199999999999491e+00
2.695899999999999963e-01
5.858719999999999928e+00
5.349739999999999718e+00
5.397190000000000154e+00
1.629580000000000028e+00
5.622340000000000337e+00
9.259380000000000166e+00
3.274389999999999912e+00
3.458619999999999806e+00
8.913990000000000080e+00
1.257349999999999968e+00
5.784519999999999662e+00
2.971639999999999837e+00
1.900519999999999987e+00
2.218829999999999969e-01
4.450680000000000192e-01
3.087500000000000244e-01
-3.890769999999999840e+00
5.508450000000000291e-01
1.905529999999999946e+00
-4.192040000000000433e+00
-2.973100000000000076e+00
1.456239999999999979e+00
-1.358419999999999961e+00
7.703170000000000295e-01
4.195490000000000386e+00
1.097770000000000046e+01
5.404810000000000170e-02
6.550010000000000332e+00
-4.426929999999999588e+00
6.277820000000000178e+00
-1.879259999999999931e+00
-6.509059999999999846e+00
6.662469999999999892e+00
-4.237350000000000172e+00
-4.031080000000000219e+00
3.477230000000000043e+00
-4.351679999999999993e+00
3.770119999999999916e+00
-9.018399999999999750e+00
4.820380000000000109e+00
-7.709109999999999907e+00
-5.830280000000000129e+00
-4.517030000000000101e+00
-8.190240000000000020e-02
-1.452069999999999972e+00
8.091649999999999565e+00
3.436949999999999950e+00
-4.144420000000000215e+00
3.365029999999999966e+00
1.638260000000000050e+00
4.002350000000000074e-01
-5.623249999999999638e+00
-5.242469999999999963e+00
-5.100439999999999863e+00
-2.882499999999999840e+00
4.117740000000000400e+00
-1.046369999999999933e+01
2.955869999999999997e+00
-2.415939999999999976e+00
-7.566760000000000375e+00
-2.852370000000000072e+00
1.416120000000000045e+00
-7.095760000000000289e+00
4.721820000000000128e+00
1.781330000000000136e-01
1.369299999999999962e+00
2.936890000000000001e+00
4.208269999999999733e+00
-3.027309999999999945e+00
-6.716879999999999518e-01
-9.191789999999999683e-01
-3.157410000000000050e+00
1.484120000000000106e+00
-6.810579999999999856e+00
-2.604210000000000136e+00
-2.284469999999999779e+00
-4.805049999999999599e+00
-7.448019999999999641e+00
-8.593249999999999389e+00
4.510119999999999685e+00
-8.060470000000000468e+00
4.821629999999999860e+00
-7.941829999999999723e-01
3.714100000000000179e+00
-5.857389999999999652e+00
-7.485199999999999854e+00
-3.907540000000000013e+00
-2.740070000000000006e-01
2.009009999999999962e+00
-7.298879999999999590e+00
-3.973460000000000214e+00
1.976959999999999829e-02
-1.505310000000000059e+01
3.666859999999999786e+00
-4.662660000000000138e-01
1.018859999999999921e+01
-2.414309999999999956e+00
-6.783970000000000056e+00
-7.596840000000000259e+00
-5.567599999999999660e+00
-4.966219999999999857e+00
-7.189499999999999780e-01
-7.430889999999999773e+00
1.006119999999999903e+00
-3.699089999999999878e-01
1.397869999999999946e+00
9.093879999999999741e-01
-2.095429999999999904e+00
1.191510000000000069e+01
3.089799999999999880e+00
7.898880000000000123e+00
-7.121859999999999857e+00
8.553730000000000500e-01
3.052480000000000082e+00
-1.107160000000000011e+01
-5.290490000000000137e+00
-1.101919999999999966e+01
3.926459999999999950e-01
-8.895499999999999519e-01
-2.285699999999999843e+00
-2.928990000000000204e+00
-5.572510000000000296e+00
-1.183140000000000081e+00
-1.829970000000000097e+00
6.077480000000000437e+00
4.206310000000000215e+00
-3.785950000000000149e+00
-1.835269999999999957e+00
-5.777490000000000236e+00
-1.187380000000000102e+00
-5.261379999999999946e+00
5.473500000000000032e-01
-1.396049999999999969e+01
-9.025790000000000202e-01
1.823680000000000023e-01
-6.564530000000000365e-02
-4.121969999999999801e-01
8.841400000000000148e+00
1.648970000000000047e+00
-2.524840000000000195e+00
7.651220000000000354e+00
-8.924419999999999575e-01
3.897040000000000060e+00
-7.213899999999999757e-01
2.936389999999999834e-01
6.788469999999999782e-01
1.958800000000000097e+00
1.975190000000000001e+00
-2.610780000000000101e+00
1.392190000000000083e+01
5.818159999999999998e-01
-2.712229999999999919e-01
-6.091630000000000100e-01
-4.022310000000000052e+00
-4.625140000000000029e+00
-7.214990000000000236e+00
-5.309819999999999540e-01
2.304399999999999782e+00
-7.553630000000000067e-01
1.601730000000000098e+00
-3.057809999999999917e+00
8.268419999999999659e-01
2.682549999999999990e+00
3.430600000000000094e+00
-8.319810000000000372e+00
9.255420000000000869e+00
-6.140679999999999694e+00
2.764359999999999928e+00
-2.784069999999999823e+00
-1.349639999999999951e+00
-2.899369999999999781e+00
9.598760000000000403e+00
3.450709999999999944e+00
-6.077919999999999767e+00
-7.968979999999999952e-01
1.265349999999999975e+00
-6.779720000000000191e-01
2.274200000000000110e-01
2.627300000000000191e-01
-1.318289999999999962e+00
2.042060000000000208e+00
5.913100000000000023e+00
4.914679999999999715e+00
-3.317390000000000061e+00
-3.026860000000000106e+00
-4.464030000000000165e+00
8.246090000000000586e+00
2.992949999999999999e+00
-5.778979999999999784e+00
-6.669340000000000046e+00
5.540899999999999714e+00
-1.114310000000000045e+01
9.655080000000000606e-02
-8.554510000000000502e+00
-1.806799999999999962e+00
2.027530000000000054e+00
-6.848779999999999646e+00
2.062330000000000219e+00
3.543969999999999843e+00
-4.797749999999999737e+00
-1.406260000000000066e+00
-2.443179999999999907e+00
-3.324860000000000149e+00
-1.811899999999999900e-01
-3.560029999999999806e+00
-3.833180000000000032e+00
5.214769999999999683e+00
-2.378839999999999844e+00
-7.556460000000000399e+00
-3.946419999999999817e+00
-3.777479999999999727e-01
1.558130000000000015e+00
-1.234399999999999942e+01
-9.765890000000000626e+00
5.495800000000000018e+00
-6.512999999999999901e+00
-2.562199999999999811e+00
5.469310000000000116e+00
-1.284750000000000059e+00
-1.215719999999999912e+00
-2.640469999999999970e-02
2.660509999999999931e+00
-1.383939999999999948e+01
-1.196020000000000039e+01
2.664429999999999854e+00
3.567009999999999792e+00
3.883610000000000007e+00
1.429459999999999897e-01
-4.321320000000000050e+00
-9.590139999999999887e+00
1.541220000000000034e+00
-3.389260000000000161e+00
-2.741190000000000015e+00
3.045020000000000060e+00
3.080810000000000048e+00
2.275090000000000057e+00
1.937359999999999971e+00
-7.137289999999999468e-01
-3.549420000000000019e+00
-5.657420000000000115e+00
6.948849999999999472e-02
-2.168260000000000076e+00
-1.262639999999999985e+00
-2.973520000000000163e+00
-3.459319999999999951e+00
-2.244730000000000114e+00
-9.551979999999999915e-01
-1.941270000000000051e+00
-3.463660000000000072e-01
1.698390000000000066e+00
-3.715049999999999741e-01
-5.772429999999999506e-01
-1.069320000000000048e+00
-1.221630000000000038e+01
-4.121450000000000280e+00
5.207819999999999894e+00
3.815479999999999983e+00
-2.753000000000000114e+00
-3.291720000000000201e+00
-6.114650000000000141e+00
-7.248259999999999426e-02
4.193369999999999820e+00
-2.343669999999999920e+00
-3.388790000000000191e+00
-4.450719999999999565e+00
-5.481580000000000119e+00
-4.923040000000000305e+00
-1.880460000000000020e+00
-6.594859999999999722e+00
-6.354449999999999932e+00
-5.327110000000000234e+00
-3.240099999999999980e+00
6.787450000000000427e-01
-4.801429999999999761e-03
-7.117510000000000225e-01
-4.280999999999999694e+00
-1.076079999999999970e+01
3.282620000000000093e+00
2.010930000000000106e+00
4.112280000000000157e+00
-4.954430000000000223e-01
-1.180320000000000036e+01
-1.264070000000000071e+01
-1.111079999999999934e+01
4.043510000000000382e+00
-7.481069999999999887e+00
-5.750569999999999737e+00
-1.250789999999999935e+01
-2.391220000000000123e+00
-2.604099999999999859e+00
-6.445529999999999760e+00
-1.371630000000000038e+01
-1.160229999999999961e+01
4.992810000000000414e+00
3.985100000000000087e+00
2.233589999999999964e+00
-7.980570000000000164e+00
-7.133460000000000356e+00
7.351299999999999502e-01
-1.344430000000000014e+01
-6.915280000000000038e-02
3.885670000000000096e-02
1.320589999999999931e+00
7.806210000000000093e-01
-2.804829999999999823e-01
-7.181659999999999711e-01
6.786020000000000385e-01
-2.609780000000000211e+00
1.830759999999999943e+00
7.981869999999999798e-01
5.334520000000000373e-01
2.180480000000000196e+00
-5.347680000000000433e+00
-7.693329999999999558e+00
8.010310000000000485e-01
-4.555080000000000240e+00
-1.019769999999999932e+01
4.835130000000000261e-01
-1.189390000000000036e+01
-4.869149999999999867e-01
-1.033819999999999961e+00
7.580739999999999590e+00
-6.276199999999999557e-01
-2.716230000000000033e-01
-2.248870000000000147e+00
-3.107499999999999929e+00
-1.430480000000000018e+01
-5.149070000000000036e+00
1.887869999999999848e+01
2.095850000000000080e+01
-4.338890000000000136e+00
-1.000590000000000046e+01
-1.360270000000000046e+01
-1.311320000000000086e+01
2.658279999999999976e+00
-5.812339999999999840e+00
1.013209999999999944e+01
1.169640000000000057e+01
-1.814210000000000100e+00
-6.542970000000000175e-01
1.948999999999999899e-01
-1.470960000000000001e+01
2.775910000000000100e+00
4.652450000000000196e-01
-2.740320000000000089e+00
6.876400000000000290e+00
3.437850000000000072e+00
-3.217260000000000009e+00
-5.044780000000000264e+00
1.290219999999999922e+00
-1.670549999999999979e+00
-4.451120000000000076e-01
1.300009999999999977e+01
4.242110000000000047e-01
-4.628589999999999982e+00
1.086330000000000062e+01
-7.837849999999999540e-01
4.083929999999999616e+00
-7.141390000000000238e-02
-1.471920000000000073e+01
8.838509999999999422e+00
-5.579430000000000334e+00
-4.359429999999999694e+00
6.445229999999999571e+00
1.512599999999999945e+00
-5.399700000000000166e+00
-1.192040000000000077e+01
-6.291769999999999641e+00
-5.846940000000000026e+00
-2.183969999999999967e+00
-4.281930000000000014e+00
-5.564339999999999620e+00
-1.257200000000000095e+00
-3.154669999999999863e+00
-1.705270000000000064e+00
5.110859999999999737e+00
-5.030440000000000467e-01
-4.230019999999999891e-01
-7.817190000000000083e+00
-1.540429999999999966e+00
-6.144540000000000113e+00
-3.887129999999999974e+00
-4.685100000000000264e+00
-5.755110000000000170e+00
-1.200620000000000021e+00
-6.316830000000000389e+00
1.310570000000000057e+01
-4.020139999999999603e+00
-4.084010000000000140e+00
-4.632360000000000255e+00
-3.378179999999999961e+00
-6.426210000000000200e+00
-5.756759999999999877e+00
-1.544120000000000026e+01
1.350789999999999935e+00
-6.172460000000000058e+00
8.159760000000000346e-01
-3.818410000000000082e+00
-5.729000000000000092e+00
-9.373749999999999361e+00
3.337650000000000006e+00
-1.008849999999999980e+01
-8.497099999999999653e+00
-4.388910000000000089e+00
-4.509529999999999927e-01
-2.439169999999999838e+00
-2.825180000000000025e+00
1.058370000000000033e+01
-2.377250000000000085e+00
-1.992369999999999974e+00
-3.394989999999999952e+00
2.404160000000000075e+00
-1.411909999999999954e+01
-6.664019999999999833e+00
-1.907270000000000021e+00
-1.500539999999999985e+00
-4.948879999999999946e+00
-3.855700000000000238e-01
-1.329190000000000094e+00
-2.424020000000000064e+00
-4.654239999999999711e+00
-5.905490000000000350e+00
6.783750000000000391e+00
1.346350000000000047e-01
-1.580480000000000018e+01
1.527360000000000051e+00
-1.288289999999999935e+01
1.429519999999999946e+01
1.991849999999999898e+00
-4.503639999999999866e+00
-3.955280000000000129e+00
-6.623230000000000395e+00
-6.369279999999999831e+00
-1.898739999999999872e-01
-3.851249999999999951e-01
-1.488660000000000094e+00
-5.901690000000000325e+00
-7.758810000000000429e+00
-7.017380000000000173e+00
-2.078590000000000160e+00
-5.632500000000000284e+00
-3.198440000000000172e+00
-3.719500000000000028e+00
-3.339949999999999974e+00
-3.006079999999999863e+00
-3.922359999999999847e+00
-6.435730000000000395e+00
-8.029859999999999332e+00
-3.314820000000000100e+00
2.025030000000000108e+00
-1.595150000000000068e+00
2.232169999999999987e+00
-1.429619999999999891e+00
-9.881259999999999266e+00
1.722599999999999909e+01
-1.427950000000000053e+01
9.283040000000000180e-01
-1.299499999999999922e+01
-1.358049999999999979e+00
-1.387289999999999957e+01
-5.597870000000000346e+00
3.835569999999999813e-01
-6.096099999999999852e+00
-4.805220000000000269e+00
-2.206150000000000055e+00
-1.361939999999999928e+00
1.766189999999999927e+00
-5.229840000000000266e+00
-5.375820000000000043e+00
-3.515849999999999920e+00
-3.585230000000000139e+00
-5.975019999999999776e+00
-8.449419999999999931e+00
-1.559239999999999959e+00
2.928469999999999906e+00
-1.773789999999999978e+00
-1.417910000000000004e+01
-4.545819999999999861e-01
-4.170130000000000337e+00
-3.900760000000000005e+00
-1.632039999999999935e+01
-1.610310000000000130e+01
-1.892310000000000159e+01
-1.756269999999999953e+01
-7.616600000000000037e+00
-3.315119999999999734e-01
-8.932190000000000296e+00
1.286750000000000060e+00
-4.104569999999999830e+00
4.350100000000000078e-01
2.251879999999999882e+00
3.174960000000000004e+00
1.208060000000000045e+01
2.089389999999999858e+00
-1.062990000000000046e-01
-4.735450000000000159e+00
-1.075799999999999912e+01
8.838499999999999801e+00
-1.157689999999999969e-01
-1.157750000000000057e+01
-3.213449999999999918e+00
-3.094650000000000123e+00
-7.868310000000000137e+00
-1.523610000000000042e+01
-2.161830000000000140e+00
-5.740450000000000053e+00
-1.075200000000000067e+01
-2.049609999999999932e+00
2.482689999999999897e-01
-2.014710000000000001e+00
-8.026880000000000237e+00
-6.972260000000000346e+00
-4.841540000000000177e+00
-5.107910000000000394e+00
-5.006689999999999863e+00
-3.986979999999999968e+00
4.068360000000000198e+00
-1.180290000000000061e+00
-5.736790000000000056e+00
1.404860000000000042e+01
-5.016560000000000130e+00
-1.808410000000000073e+00
-6.689339999999999620e+00
-6.066250000000000142e+00
3.637179999999999858e+00
-8.739149999999999974e-01
-9.467590000000000172e-01
-4.743299999999999628e+00
-1.450060000000000038e+01
-6.575520000000000032e+00
-1.193069999999999986e+01
9.525959999999999539e+00
5.612320000000000420e+00
-5.229489999999999972e-01
-1.735430000000000028e+00
-1.780289999999999928e+00
-2.562920000000000087e+00
-6.992479999999999585e+00
-8.382030000000000314e+00
-1.266939999999999955e+01
-9.185330000000000439e-01
-6.555039999999999978e+00
-3.996739999999999959e+00
-6.352380000000000138e+00
9.784079999999999444e+00
-4.782210000000000072e+00
-1.432820000000000071e+01
3.640490000000000115e-01
5.503589999999999982e+00
-3.746210000000000040e+00
-4.500370000000000203e+00
-7.900350000000000428e+00
-1.035449999999999982e+01
-4.972269999999999968e+00
-7.846659999999999968e+00
-6.933219999999999938e-01
-1.410040000000000049e+01
1.028720000000000034e+01
-5.697790000000000354e+00
1.425049999999999928e+00
1.694199999999999928e+00
-9.449880000000000280e+00
1.061970000000000081e+00
-8.948579999999999757e+00
-4.649359999999999715e+00
-4.341960000000000264e+00
-5.139739999999999753e+00
-7.747309999999999697e+00
-4.238920000000000243e+00
1.464530000000000065e+01
1.962830000000000130e-01
-6.094879999999999853e+00
-3.678170000000000162e+00
-4.989690000000000403e+00
-2.531600000000000170e-02
-1.814619999999999900e+00
-3.226319999999999855e+00
1.558959999999999901e+00
-7.530609999999999804e-01
-4.529010000000000424e+00
-1.406049999999999933e+01
-1.834039999999999893e+01
-2.533389999999999809e+00
1.253989999999999938e+00
-1.381830000000000069e+01
4.862199999999999855e-02
-6.543379999999999752e-01
-3.636080000000000201e+00
-4.394669999999999632e+00
-4.416509999999999714e+00
-6.013600000000000279e+00
-6.262089999999999712e+00
1.858600000000000030e+00
-1.732250000000000156e+01
-6.524750000000000050e+00
-6.053219999999999601e+00
-2.881130000000000191e+00
1.104220000000000063e-01
-3.034909999999999997e+00
-4.912340000000000373e+00
-1.816950000000000065e+00
1.984329999999999927e+00
1.026280000000000037e+01
5.805320000000000036e+00
3.933050000000000157e-01
-4.057810000000000028e-01
-6.847529999999999895e+00
-1.061739999999999995e+01
1.422360000000000069e+00
3.395130000000000092e-01
-6.666199999999999903e+00
1.952029999999999932e+00
-5.092419999999999725e+00
-1.294960000000000111e+00
-6.659119999999999706e+00
-5.156460000000000043e+00
-5.770640000000000214e+00
-4.631929999999999659e+00
-7.227170000000000538e-01
-4.107520000000000060e+00
2.869279999999999831e+00
-8.480290000000000106e+00
6.091440000000000188e-01
1.082580000000000098e+00
-1.558769999999999989e+01
-1.152279999999999971e+00
-2.846280000000000143e+00
-1.974800000000000111e+00
-6.066139999999999866e+00
-5.655429999999999957e+00
-7.250250000000000306e+00
1.731789999999999941e+00
-2.993979999999999905e-02
-3.907999999999999918e+00
-3.716279999999999806e+00
