1.865746230e-01
1.806617528e-01
1.848286539e-01
1.871027946e-01
1.805150360e-01
1.780794561e-01
1.771844476e-01
1.764508188e-01
1.743087322e-01
1.745435297e-01
1.736338437e-01
1.716091484e-01
1.636421531e-01
1.641116440e-01
1.616613716e-01
1.650800109e-01
1.656669378e-01
1.660190374e-01
1.622483134e-01
1.629818976e-01
1.659603417e-01
1.670607328e-01
1.649332643e-01
1.618521363e-01
1.581841409e-01
1.587416381e-01
1.620428711e-01
1.636568159e-01
1.570543051e-01
1.481482685e-01
1.474146545e-01
1.489845663e-01
1.443188488e-01
1.399611831e-01
1.361317933e-01
1.380244941e-01
1.405774653e-01
1.401812881e-01
1.399025172e-01
1.355595887e-01
1.344004869e-01
1.265215427e-01
1.180850342e-01
1.181437075e-01
1.246728525e-01
1.265361905e-01
1.300574988e-01
1.293238848e-01
1.239098981e-01
1.243793741e-01
1.183784455e-01
1.140648499e-01
1.087535247e-01
1.149305254e-01
1.188919768e-01
1.196842864e-01
1.236310974e-01
1.312459409e-01
1.318914890e-01
1.292211860e-01
1.234403625e-01
1.232936159e-01
1.198016256e-01
1.143729314e-01
1.192000955e-01
1.248635501e-01
1.244674027e-01
1.202711761e-01
1.179089695e-01
1.156054512e-01
1.127297059e-01
1.078145131e-01
1.060245186e-01
1.076824963e-01
1.058778167e-01
1.138888150e-01
1.133752912e-01
1.121134833e-01
1.080052555e-01
1.078291610e-01
1.114091799e-01
1.111744344e-01
1.089589447e-01
1.084014177e-01
1.028113216e-01
9.691309184e-02
9.751462191e-02
9.770542383e-02
9.864438325e-02
9.870309383e-02
9.936334193e-02
1.025472134e-01
9.689840674e-02
9.208598733e-02
9.358253330e-02
9.879115224e-02
9.054537863e-02
7.613723725e-02
7.895429432e-02
8.391348273e-02
9.133760631e-02
9.017857164e-02
9.378792346e-02
9.403733164e-02
9.477093816e-02
9.399336576e-02
9.780808538e-02
1.010652930e-01
9.623818845e-02
8.825652301e-02
7.849945873e-02
7.334952801e-02
6.950541586e-02
7.128071040e-02
7.268924266e-02
7.499275357e-02
7.578511536e-02
8.469118923e-02
8.797774464e-02
8.771366626e-02
8.984113485e-02
9.182188660e-02
8.629044145e-02
8.809512854e-02
9.188054502e-02
9.485898912e-02
8.805110306e-02
8.887273818e-02
9.072144330e-02
8.605566621e-02
8.580624312e-02
9.430143237e-02
9.761738032e-02
9.345044941e-02
9.487365186e-02
9.686908871e-02
9.871779382e-02
9.757337719e-02
9.654633701e-02
9.201259166e-02
8.799242973e-02
8.483785391e-02
8.092034608e-02
7.835273445e-02
7.420051098e-02
7.996666431e-02
8.398691565e-02
7.835274190e-02
7.528625429e-02
8.039218187e-02
8.580624312e-02
8.788963407e-02
8.351734281e-02
8.089104295e-02
7.924773544e-02
7.873421907e-02
8.234360069e-02
8.002537489e-02
7.069381326e-02
7.246915251e-02
7.264523953e-02
6.569065154e-02
5.826652423e-02
5.552282929e-02
6.231605262e-02
6.614547968e-02
6.645359844e-02
7.075251639e-02
7.260119170e-02
6.893316656e-02
6.324040145e-02
5.977776274e-02
5.660856888e-02
5.801709369e-02
6.482500583e-02
6.589607894e-02
6.485435367e-02
6.123032048e-02
5.521471798e-02
5.855996907e-02
6.770071387e-02
6.836099923e-02
5.451045185e-02
5.117987469e-02
5.630045757e-02
6.968143582e-02
7.418584079e-02
6.814088672e-02
5.933758616e-02
5.869201571e-02
6.281491369e-02
6.030597165e-02
5.982177705e-02
6.334310770e-02
6.996022165e-02
7.158882916e-02
6.266818196e-02
5.615373328e-02
5.543480068e-02
5.929356441e-02
5.945496634e-02
4.962462559e-02
5.173741654e-02
6.077547744e-02
6.024728343e-02
5.948431790e-02
6.118628383e-02
5.744488537e-02
5.533209071e-02
6.026195362e-02
6.042334437e-02
6.136234105e-02
5.597766861e-02
5.763562024e-02
6.437014788e-02
6.777410954e-02
6.095153466e-02
5.992450938e-02
6.497173011e-02
6.897719949e-02
6.419406086e-02
5.414364859e-02
4.965396971e-02
4.519363865e-02
5.066635087e-02
5.518537387e-02
5.324864760e-02
5.383553728e-02
5.864800140e-02
6.456091255e-02
6.947605312e-02
7.073784620e-02
6.451687962e-02
5.112118647e-02
4.127617180e-02
4.497355223e-02
5.459848791e-02
5.961637944e-02
5.694603547e-02
5.657922477e-02
6.018858030e-02
5.996849760e-02
5.971907452e-02
6.101024896e-02
7.044440508e-02
7.835273445e-02
8.263708651e-02
8.206487447e-02
8.382551372e-02
8.554217219e-02
9.056003392e-02
2.024351507e-01
8.503874540e-01
2.621181726e+00
5.636797905e+00
9.329395294e+00
1.280006027e+01
1.541319752e+01
1.697475052e+01
1.761000061e+01
1.759210205e+01
1.716885376e+01
1.654723740e+01
1.586429977e+01
1.517646599e+01
1.455427456e+01
1.400228691e+01
1.352191925e+01
1.310099888e+01
1.272530460e+01
1.239885902e+01
1.210047245e+01
1.183616638e+01
1.158909893e+01
1.135261440e+01
1.112468147e+01
1.091212845e+01
1.072216988e+01
1.058273983e+01
1.040841866e+01
1.013248634e+01
9.820652962e+00
9.534923553e+00
9.296984673e+00
9.105627060e+00
8.933504105e+00
8.770112991e+00
8.594198227e+00
8.427271843e+00
8.251172066e+00
8.082750320e+00
7.911953449e+00
7.756977558e+00
7.579825401e+00
7.406563282e+00
7.239754677e+00
7.072141647e+00
6.910911083e+00
6.755795956e+00
6.608899593e+00
6.461428642e+00
6.316000462e+00
6.177802563e+00
6.042877197e+00
5.900440216e+00
5.733794689e+00
5.576656818e+00
5.438354492e+00
5.319201946e+00
5.192126274e+00
5.074615002e+00
4.971778870e+00
4.855326176e+00
4.748778820e+00
4.651444435e+00
4.561520100e+00
4.456261158e+00
4.348362446e+00
4.249264240e+00
4.155949593e+00
4.069248199e+00
3.981977224e+00
3.889192104e+00
3.788994551e+00
3.701093674e+00
3.610183716e+00
3.528209925e+00
3.452163935e+00
3.367389917e+00
3.283831596e+00
3.196532726e+00
3.115352631e+00
3.038324594e+00
2.967664480e+00
2.896813631e+00
2.822263479e+00
2.754551411e+00
2.696713924e+00
2.637981176e+00
2.577327013e+00
2.520985126e+00
2.465758562e+00
2.412527084e+00
2.358767986e+00
2.302059650e+00
2.254712582e+00
2.211459875e+00
2.175997734e+00
2.128165722e+00
2.079909086e+00
2.026461124e+00
1.974844933e+00
1.936124206e+00
1.896201253e+00
1.849148154e+00
1.798984647e+00
1.755232453e+00
1.708178639e+00
1.672994852e+00
1.632044792e+00
1.588028073e+00
1.553240180e+00
1.520462394e+00
1.489166975e+00
1.457592487e+00
1.428673625e+00
1.401985049e+00
1.374739289e+00
1.352716208e+00
1.327171803e+00
1.293542862e+00
1.267588496e+00
1.250113845e+00
1.223088145e+00
1.200478554e+00
1.171867609e+00
1.145971775e+00
1.130052328e+00
1.113840103e+00
1.094692945e+00
1.064864516e+00
1.035608768e+00
1.010343194e+00
9.901987314e-01
9.792234302e-01
9.599885345e-01
9.347671270e-01
9.179818630e-01
9.022094011e-01
8.849990964e-01
8.686836362e-01
8.536152244e-01
8.448267579e-01
8.339692950e-01
8.191943765e-01
8.043169975e-01
7.921831012e-01
7.790365815e-01
7.608872652e-01
7.403901219e-01
7.286964059e-01
7.175018191e-01
7.072606087e-01
6.970046759e-01
6.873943806e-01
6.673081517e-01
6.562893391e-01
6.411034465e-01
6.277375817e-01
6.215605736e-01
6.072701812e-01
5.978800058e-01
5.868607759e-01
5.775437355e-01
5.640600920e-01
5.580298901e-01
5.602014065e-01
5.614631772e-01
5.447074771e-01
5.280840993e-01
5.214373469e-01
5.100811124e-01
5.017473102e-01
4.900537431e-01
4.790494740e-01
4.793136418e-01
4.810595810e-01
4.787853658e-01
4.662698805e-01
4.676490724e-01
4.711263478e-01
4.633647501e-01
4.512895644e-01
4.470639825e-01
4.399333000e-01
4.326853156e-01
4.348274469e-01
4.262735844e-01
4.295748174e-01
4.248796999e-01
4.161938131e-01
4.133768380e-01
4.178957939e-01
4.136261344e-01
4.031649232e-01
3.989980817e-01
3.940241337e-01
3.889769912e-01
3.910310864e-01
3.849274218e-01
3.753023744e-01
3.684944510e-01
3.661322296e-01
3.561111391e-01
3.583559692e-01
3.617452383e-01
3.574756384e-01
3.436251283e-01
3.319020271e-01
3.363036811e-01
3.364503980e-01
3.373307884e-01
3.334132433e-01
3.314765990e-01
3.324009478e-01
3.240964413e-01
3.217782080e-01
3.282487094e-01
3.344109654e-01
3.273537457e-01
3.207218945e-01
3.233628869e-01
3.259451389e-01
3.312858045e-01
3.304348290e-01
3.225705326e-01
3.122854233e-01
3.103925884e-01
3.078689873e-01
3.065779507e-01
3.097322881e-01
3.089253902e-01
3.010758460e-01
2.915389836e-01
2.934756577e-01
2.932995856e-01
2.972464859e-01
3.011640012e-01
2.910842299e-01
2.890448272e-01
2.903506756e-01
2.825451493e-01
2.759279311e-01
2.796106637e-01
2.850247324e-01
2.876657248e-01
2.852889001e-01
2.780553997e-01
2.722159028e-01
2.737126052e-01
2.801094949e-01
2.753411829e-01
2.786130011e-01
2.790091634e-01
2.754291296e-01
2.721719146e-01
2.703966498e-01
2.655694783e-01
2.541251183e-01
2.474344522e-01
2.462166548e-01
2.443974316e-01
2.471557409e-01
2.429448813e-01
2.375162244e-01
2.347725630e-01
2.330999523e-01
2.300921530e-01
2.404945493e-01
2.457764298e-01
2.402305603e-01
2.395409793e-01
2.397464514e-01
2.455418408e-01
2.410228550e-01
2.370320112e-01
2.345084846e-01
2.292558253e-01
2.266588062e-01
2.270109504e-01
2.307083607e-01
2.339068651e-01
2.293878198e-01
2.169019133e-01
2.209513485e-01
2.288596332e-01
2.282140404e-01
2.250301391e-01
2.241645455e-01
2.266147584e-01
2.279646695e-01
2.252356708e-01
2.255144119e-01
2.260866314e-01
2.265707552e-01
2.239885032e-01
2.259545773e-01
2.317060381e-01
2.332612723e-01
2.246780694e-01
2.208486348e-01
2.221838087e-01
2.126028538e-01
2.146276087e-01
2.188532203e-01
2.338628620e-01
2.346111238e-01
2.292998582e-01
2.183544040e-01
2.099325508e-01
2.127349675e-01
2.146423459e-01
2.167404592e-01
2.195575237e-01
2.268495560e-01
2.180169374e-01
2.114584893e-01
2.130283713e-01
2.147890627e-01
2.221544832e-01
2.229761034e-01
2.168724835e-01
2.064699233e-01
2.059563696e-01
2.124268115e-01
2.143635154e-01
2.174006999e-01
2.114438117e-01
2.064699233e-01
2.030953020e-01
2.059123814e-01
2.018775791e-01
2.033594549e-01
1.972852200e-01
1.917684376e-01
1.925755441e-01
1.969037652e-01
1.983708590e-01
1.924580187e-01
1.892741621e-01
1.932356507e-01
1.887019426e-01
1.912402362e-01
1.951283813e-01
1.971091777e-01
1.932357252e-01
1.875722259e-01
1.816152930e-01
1.840948910e-01
1.792091429e-01
1.763774008e-01
1.795759052e-01
1.801334918e-01
1.861636639e-01
1.921499074e-01
1.989284307e-01
2.003369629e-01
1.984736025e-01
2.014080137e-01
1.984149367e-01
1.895237118e-01
1.843297333e-01
1.839776039e-01
1.851660162e-01
1.976666003e-01
2.030659914e-01
1.991925091e-01
1.967276186e-01
1.989137977e-01
2.007624805e-01
1.953337342e-01
1.938665211e-01
1.919884831e-01
1.819528192e-01
1.796199530e-01
1.764067411e-01
1.804562956e-01
1.826717854e-01
1.807643622e-01
1.795612872e-01
1.800161004e-01
1.761133373e-01
1.728121191e-01
1.725040376e-01
1.711982489e-01
1.743087173e-01
1.747342050e-01
1.743379980e-01
1.732229143e-01
1.753651053e-01
1.770817488e-01
1.786810160e-01
1.844911277e-01
1.849606037e-01
1.898024082e-01
1.839041859e-01
1.825396419e-01
1.796638966e-01
1.733255982e-01
1.728120744e-01
1.757465005e-01
1.790330559e-01
1.821582317e-01
1.769642830e-01
1.709634364e-01
1.641703099e-01
1.661363840e-01
1.699070930e-01
1.702885926e-01
1.661804318e-01
1.661803871e-01
1.652266830e-01
1.652707160e-01
1.673688740e-01
1.625563651e-01
1.644784212e-01
1.672073901e-01
1.659456193e-01
1.619108021e-01
1.625563651e-01
1.633340269e-01
1.621455550e-01
1.643463224e-01
1.603848636e-01
1.486618221e-01
1.481923014e-01
1.558805704e-01
1.588149816e-01
1.587562859e-01
1.522125304e-01
1.496008337e-01
1.504078060e-01
1.500410289e-01
1.517136544e-01
1.500850469e-01
1.505104750e-01
1.477228254e-01
1.448763758e-01
1.481042951e-01
1.498796344e-01
1.489699632e-01
1.433505267e-01
1.448470801e-01
1.402693689e-01
1.408856064e-01
1.433945447e-01
1.419566721e-01
1.431597769e-01
1.465050131e-01
1.438640505e-01
1.406361461e-01
1.476788074e-01
1.489993334e-01
1.470479071e-01
1.411057413e-01
1.364106387e-01
1.375403851e-01
1.414138377e-01
1.504224688e-01
1.525939703e-01
1.544132978e-01
1.506718993e-01
1.410029829e-01
1.449937969e-01
1.492780745e-01
1.579199731e-01
1.537384093e-01
1.548681706e-01
1.572743952e-01
1.546920985e-01
1.543840468e-01
1.584041864e-01
1.528727561e-01
1.521244794e-01
1.584188640e-01
1.551028937e-01
1.622629613e-01
1.682197601e-01
1.590644121e-01
1.522272378e-01
1.458154470e-01
1.506132632e-01
1.529608220e-01
1.548535228e-01
1.560419500e-01
1.491166502e-01
1.475174427e-01
1.482803673e-01
1.426902860e-01
1.448470503e-01
1.464023292e-01
1.439080983e-01
1.446123272e-01
1.442161798e-01
1.389635503e-01
1.399172544e-01
1.438200325e-01
1.463289857e-01
1.453312337e-01
1.435852498e-01
1.403720528e-01
1.399465948e-01
1.459328383e-01
1.500703990e-01
1.457128078e-01
1.406361759e-01
1.395504475e-01
1.386114210e-01
1.447883993e-01
1.480750293e-01
1.516402960e-01
1.524472833e-01
1.475027949e-01
1.409296542e-01
1.402547061e-01
1.447443515e-01
1.467251331e-01
1.373643130e-01
1.301896274e-01
1.342978477e-01
1.454633474e-01
1.519924551e-01
1.567168981e-01
1.475907415e-01
1.497476399e-01
1.524032801e-01
1.554257423e-01
1.580520272e-01
1.581253558e-01
1.584334671e-01
1.597099751e-01
1.593285054e-01
1.562326998e-01
1.586975306e-01
1.580519080e-01
1.590202749e-01
1.570541710e-01
1.536209881e-01
1.463290006e-01
1.408122629e-01
1.518016756e-01
1.583161205e-01
1.520951390e-01
1.424701959e-01
1.399319172e-01
1.430571079e-01
1.428516656e-01
1.530048102e-01
1.621454954e-01
1.538851559e-01
1.446269453e-01
1.423528194e-01
1.481922716e-01
1.549121886e-01
1.515669376e-01
1.348260343e-01
1.254358590e-01
1.258172989e-01
1.355596334e-01
1.462996304e-01
1.480309516e-01
1.536943913e-01
1.535183489e-01
1.527847201e-01
1.541638970e-01
1.515962481e-01
1.535330117e-01
1.568782479e-01
1.546627581e-01
1.529021561e-01
1.535477042e-01
1.477228552e-01
1.593725532e-01
1.709047407e-01
1.677795500e-01
1.624829471e-01
1.606342345e-01
1.596658677e-01
1.562473178e-01
1.654027402e-01
1.680290550e-01
1.586094499e-01
1.570249349e-01
1.563500464e-01
1.591670811e-01
1.585508436e-01
1.653439999e-01
1.693348736e-01
1.606049240e-01
1.507893205e-01
1.473413855e-01
1.474734247e-01
1.515229195e-01
1.595485657e-01
1.552789956e-01
1.562473476e-01
1.589469910e-01
1.606782526e-01
1.592257172e-01
1.547654569e-01
1.512441784e-01
1.505398899e-01
1.526820511e-01
1.519631296e-01
1.532689631e-01
1.517283320e-01
1.462702304e-01
1.439226866e-01
1.404014230e-01
1.438347101e-01
1.425435841e-01
1.466811299e-01
1.461088955e-01
1.444362700e-01
1.420300007e-01
1.339456737e-01
1.319062561e-01
1.373056024e-01
1.429984272e-01
1.401226521e-01
1.427929848e-01
1.444656700e-01
1.381712556e-01
1.383913755e-01
1.383033395e-01
1.385380924e-01
1.396678537e-01
1.460795701e-01
1.490580142e-01
1.454340219e-01
1.501730829e-01
1.520657837e-01
1.531808674e-01
1.579199135e-01
1.556897461e-01
1.494394988e-01
1.513615549e-01
1.514789760e-01
1.429397166e-01
1.380539089e-01
1.318621784e-01
1.312459409e-01
1.336962730e-01
1.346059591e-01
1.389048994e-01
1.409882456e-01
1.448618174e-01
1.476495266e-01
1.412817836e-01
1.407828927e-01
1.484124362e-01
1.435706317e-01
1.423235089e-01
1.437613815e-01
1.525060087e-01
1.593725532e-01
1.567608714e-01
1.540759057e-01
1.478988379e-01
1.477521211e-01
1.481923014e-01
1.496889293e-01
1.541932225e-01
1.560566425e-01
1.583307981e-01
1.553523690e-01
1.534450054e-01
1.451404989e-01
1.495861858e-01
1.494248211e-01
1.497182101e-01
1.547214985e-01
1.570690721e-01
1.460941881e-01
1.356622726e-01
1.339162737e-01
1.426315755e-01
1.449497640e-01
1.435265541e-01
1.380978376e-01
1.353394389e-01
1.353981644e-01
1.420006603e-01
1.439080387e-01
1.502318531e-01
1.445537060e-01
1.385820210e-01
1.380244941e-01
1.333587319e-01
1.328892559e-01
1.319355667e-01
1.350460351e-01
1.336815506e-01
1.323024035e-01
1.365132779e-01
1.393596977e-01
1.352221221e-01
1.282088906e-01
1.249956861e-01
1.237044781e-01
1.281795204e-01
1.305124015e-01
1.264774948e-01
1.309232414e-01
1.337549686e-01
1.358090341e-01
1.347086579e-01
1.371735483e-01
1.310991943e-01
1.195669398e-01
1.238805801e-01
1.261400729e-01
1.259493530e-01
1.278420389e-01
1.334321499e-01
1.314954162e-01
1.369828433e-01
1.316567957e-01
1.238365918e-01
1.280181259e-01
1.325225383e-01
1.436879635e-01
1.385674328e-01
1.252744943e-01
1.214010417e-01
1.222960204e-01
1.256999820e-01
1.281795800e-01
1.241886988e-01
1.193761975e-01
1.276807338e-01
1.295293868e-01
1.298668534e-01
1.260814369e-01
1.249810234e-01
1.291919500e-01
1.276366860e-01
1.268590242e-01
1.289865524e-01
1.351340860e-01
1.357063055e-01
1.334467977e-01
1.353101879e-01
1.267709881e-01
1.179236993e-01
1.163391098e-01
1.224427372e-01
1.247022226e-01
1.253331155e-01
1.265949607e-01
1.178796664e-01
1.197870821e-01
1.165005341e-01
1.122162640e-01
1.065674871e-01
1.105876565e-01
1.194202602e-01
1.234697849e-01
1.272258312e-01
1.176156104e-01
1.113505438e-01
1.162804514e-01
1.244527921e-01
1.216357350e-01
1.237485558e-01
1.239099577e-01
1.202565357e-01
1.177182943e-01
1.101474315e-01
1.048360839e-01
9.717720747e-02
1.048801020e-01
1.168966144e-01
1.207114309e-01
