2.986562811e-02
2.956900559e-02
2.940102667e-02
2.909832262e-02
2.880997211e-02
2.853940427e-02
2.829628810e-02
2.802047879e-02
2.778895013e-02
2.762535028e-02
2.750385925e-02
2.738784254e-02
2.723294310e-02
2.697725035e-02
2.666341886e-02
2.650811337e-02
2.627628855e-02
2.603098191e-02
2.579573169e-02
2.559179626e-02
2.543369122e-02
2.527259104e-02
2.510223910e-02
2.490639128e-02
2.482438274e-02
2.471386269e-02
2.465155162e-02
2.450744063e-02
2.434766851e-02
2.410558052e-02
2.385831065e-02
2.357402444e-02
2.345406450e-02
2.333462611e-02
2.318211645e-02
2.300108783e-02
2.277961932e-02
2.249895595e-02
2.235236764e-02
2.213837393e-02
2.200068906e-02
2.183791250e-02
2.173609659e-02
2.168002352e-02
2.152908966e-02
2.138840221e-02
2.119400911e-02
2.112018317e-02
2.106834576e-02
2.084138989e-02
2.063381858e-02
2.047893032e-02
2.032083645e-02
2.015848272e-02
1.992779784e-02
1.976336911e-02
1.954824850e-02
1.941002347e-02
1.927026175e-02
1.920068264e-02
1.910384744e-02
1.903470047e-02
1.893880777e-02
1.882443950e-02
1.867555641e-02
1.862963103e-02
1.858350635e-02
1.852596179e-02
1.851062290e-02
1.843274757e-02
1.830687188e-02
1.815001108e-02
1.784830354e-02
1.762724668e-02
1.752781682e-02
1.746632904e-02
1.735000685e-02
1.714231633e-02
1.703790203e-02
1.699175313e-02
1.681507565e-02
1.663747430e-02
1.647593640e-02
1.630747691e-02
1.616377942e-02
1.611961611e-02
1.600411348e-02
1.586185955e-02
1.576180756e-02
1.565429382e-02
1.549038570e-02
1.540703978e-02
1.532605756e-02
1.532025822e-02
1.525327843e-02
1.518630143e-02
1.514877938e-02
1.494557876e-02
1.477367245e-02
1.459232904e-02
1.447881106e-02
1.445786376e-02
1.446968690e-02
1.433563232e-02
1.418002974e-02
1.404586714e-02
1.397338603e-02
1.384647004e-02
1.369975787e-02
1.362739317e-02
1.356373262e-02
1.350764371e-02
1.341164112e-02
1.328038424e-02
1.328474283e-02
1.328048762e-02
1.323818415e-02
1.315306872e-02
1.317930128e-02
1.309729274e-02
1.303280145e-02
1.286224648e-02
1.273813657e-02
1.258623879e-02
1.255420037e-02
1.250391919e-02
1.237235218e-02
1.227737498e-02
1.219298318e-02
1.208122354e-02
1.193420868e-02
1.191668492e-02
1.182814222e-02
1.168827061e-02
1.158263348e-02
1.148661692e-02
1.138853468e-02
1.124266349e-02
1.113670319e-02
1.108848117e-02
1.101548690e-02
1.099568512e-02
1.094021648e-02
1.089470554e-02
1.092072856e-02
1.095069386e-02
1.089284010e-02
1.084152330e-02
1.077060960e-02
1.065085828e-02
1.061995886e-02
1.053660735e-02
1.055537537e-02
1.049295906e-02
1.047015097e-02
1.045667473e-02
1.039757300e-02
1.030736230e-02
1.031441055e-02
1.026443765e-02
1.026962139e-02
1.026744395e-02
1.029627211e-02
1.026620250e-02
1.018242259e-02
1.013867091e-02
1.013722084e-02
1.008195709e-02
9.910575114e-03
9.825868532e-03
9.815085679e-03
9.819236584e-03
9.776829742e-03
9.616954252e-03
9.485067800e-03
9.450445883e-03
9.310573339e-03
9.274596348e-03
9.203479625e-03
9.156099521e-03
9.073673747e-03
9.047961794e-03
8.970309049e-03
8.943462744e-03
8.823598735e-03
8.712247945e-03
8.660505526e-03
8.616049774e-03
8.585158736e-03
8.574790321e-03
8.448106237e-03
8.466559462e-03
8.387243375e-03
8.302331902e-03
8.183501661e-03
8.059006184e-03
8.164434694e-03
8.094560355e-03
7.870093919e-03
8.018150926e-03
7.876627147e-03
7.654557005e-03
7.736559026e-03
7.729717996e-03
7.620864082e-03
7.656422909e-03
7.715097163e-03
7.652068511e-03
7.679848000e-03
7.631644141e-03
7.655588910e-03
7.680577226e-03
7.659015246e-03
7.585510146e-03
7.569135632e-03
7.547257468e-03
7.516876329e-03
7.559178863e-03
7.514907978e-03
7.416515145e-03
7.442334667e-03
7.298732642e-03
7.181353867e-03
7.210702635e-03
7.223353721e-03
7.148800418e-03
7.082847878e-03
6.968080066e-03
6.870325189e-03
6.860374007e-03
6.851871032e-03
6.823255215e-03
6.758569274e-03
6.774329580e-03
6.758880336e-03
6.644622888e-03
6.652400829e-03
6.669197697e-03
6.688065827e-03
6.683817133e-03
6.679670420e-03
6.638299208e-03
6.596829742e-03
6.543746684e-03
6.503209006e-03
6.466405466e-03
6.444010884e-03
6.267133169e-03
6.236338988e-03
6.243596319e-03
6.444009952e-03
1.863781735e-02
2.230200619e-01
1.207752109e+00
3.426412821e+00
6.648676395e+00
1.005924606e+01
1.291116524e+01
1.476988888e+01
1.563444138e+01
1.580000019e+01
1.557596111e+01
1.514008331e+01
1.458158112e+01
1.397467136e+01
1.338015938e+01
1.280731678e+01
1.224266434e+01
1.169209576e+01
1.118259239e+01
1.073854542e+01
1.035913563e+01
1.003269386e+01
9.742985725e+00
9.478967667e+00
9.232976913e+00
9.001408577e+00
8.778662682e+00
8.560527802e+00
8.347177505e+00
8.143473625e+00
7.947542191e+00
7.755939484e+00
7.567847729e+00
7.384289265e+00
7.205764294e+00
7.031863689e+00
6.861294270e+00
6.694982529e+00
6.532291412e+00
6.373614311e+00
6.219223499e+00
6.070312023e+00
5.925384521e+00
5.785627842e+00
5.650221825e+00
5.517648220e+00
5.388843060e+00
5.263451099e+00
5.141342163e+00
5.022212982e+00
4.906083107e+00
4.793147564e+00
4.682202816e+00
4.575262547e+00
4.470708370e+00
4.368142128e+00
4.267173767e+00
4.168967724e+00
4.071917534e+00
3.977722406e+00
3.886090517e+00
3.795845509e+00
3.707947016e+00
3.622257233e+00
3.538782597e+00
3.457437277e+00
3.378492594e+00
3.302151918e+00
3.226989031e+00
3.154509068e+00
3.083647728e+00
3.014935017e+00
2.947920799e+00
2.883129597e+00
2.819402695e+00
2.757968664e+00
2.698195219e+00
2.639721155e+00
2.582814693e+00
2.527216911e+00
2.473227739e+00
2.420598745e+00
2.369568825e+00
2.320096970e+00
2.271338224e+00
2.224082947e+00
2.177634478e+00
2.132295609e+00
2.087890148e+00
2.044884205e+00
2.002057314e+00
1.960712194e+00
1.920339465e+00
1.880656600e+00
1.842179060e+00
1.804686427e+00
1.768244863e+00
1.732461333e+00
1.697789907e+00
1.664127350e+00
1.630802989e+00
1.598509312e+00
1.566865087e+00
1.535983205e+00
1.505701542e+00
1.476572871e+00
1.447307229e+00
1.419547319e+00
1.392654896e+00
1.365603447e+00
1.339440584e+00
1.313793898e+00
1.288783431e+00
1.264108062e+00
1.239988327e+00
1.216894984e+00
1.193370938e+00
1.171267986e+00
1.149243951e+00
1.127959132e+00
1.106975675e+00
1.087194085e+00
1.066813231e+00
1.047886133e+00
1.029595256e+00
1.011009097e+00
9.933841228e-01
9.763384461e-01
9.598599672e-01
9.436268806e-01
9.279758334e-01
9.131391644e-01
8.981912136e-01
8.842619061e-01
8.704766035e-01
8.572139740e-01
8.441597819e-01
8.318663239e-01
8.186042309e-01
8.062883615e-01
7.944555879e-01
7.821659446e-01
7.705943584e-01
7.592453957e-01
7.480337024e-01
7.367817760e-01
7.259352207e-01
7.157361507e-01
7.051326036e-01
6.953070760e-01
6.855944991e-01
6.761491299e-01
6.667286754e-01
6.580008268e-01
6.487310529e-01
6.402394176e-01
6.319107413e-01
6.232151389e-01
6.150040030e-01
6.069586873e-01
5.990478992e-01
5.909680724e-01
5.831558108e-01
5.756322742e-01
5.679102540e-01
5.606604218e-01
5.532772541e-01
5.460940003e-01
5.390855074e-01
5.326114893e-01
5.255603790e-01
5.193898082e-01
5.134713054e-01
5.072878003e-01
5.017697215e-01
4.964217246e-01
4.911943674e-01
4.858039021e-01
4.806623459e-01
4.759270549e-01
4.707950354e-01
4.661568701e-01
4.611469209e-01
4.561927021e-01
4.512790740e-01
4.470147491e-01
4.418300092e-01
4.374696910e-01
4.331184626e-01
4.281633794e-01
4.236575067e-01
4.193587899e-01
4.151079059e-01
4.107885361e-01
4.066901803e-01
4.031075835e-01
3.988479078e-01
3.954073489e-01
3.917807937e-01
3.882053792e-01
3.846334517e-01
3.817078471e-01
3.779272139e-01
3.749715090e-01
3.721821308e-01
3.687136173e-01
3.657994270e-01
3.628784716e-01
3.597927094e-01
3.564896286e-01
3.533754647e-01
3.506837189e-01
3.473111987e-01
3.444198668e-01
3.412213027e-01
3.382855356e-01
3.352941573e-01
3.328629434e-01
3.294966221e-01
3.268150985e-01
3.243449032e-01
3.212763071e-01
3.188866377e-01
3.166158199e-01
3.143408895e-01
3.119730055e-01
3.098068833e-01
3.080065250e-01
3.056870103e-01
3.039463460e-01
3.019076586e-01
3.000232577e-01
2.979582250e-01
2.963452041e-01
2.937693000e-01
2.919400632e-01
2.902181447e-01
2.877523005e-01
2.856079638e-01
2.835232913e-01
2.814098895e-01
2.790981531e-01
2.769258916e-01
2.752151489e-01
2.728138864e-01
2.710231245e-01
2.690421045e-01
2.671893239e-01
2.654041350e-01
2.641219199e-01
2.620280683e-01
2.607313097e-01
2.596718669e-01
2.579845488e-01
2.566812634e-01
2.554252446e-01
2.542858124e-01
2.529007792e-01
2.515000701e-01
2.503446639e-01
2.486601919e-01
2.475567013e-01
2.459796816e-01
2.445049584e-01
2.429189384e-01
2.419230044e-01
2.398767322e-01
2.385970205e-01
2.374302745e-01
2.355514169e-01
2.342669219e-01
2.330486923e-01
2.319050878e-01
2.305390090e-01
2.293708473e-01
2.285831571e-01
2.270954698e-01
2.263576984e-01
2.252578139e-01
2.243600488e-01
2.232010365e-01
2.226429880e-01
2.211777419e-01
2.204036862e-01
2.197484225e-01
2.183440030e-01
2.173001617e-01
2.162861824e-01
2.152649164e-01
2.139853835e-01
2.127930522e-01
2.118836492e-01
2.102461606e-01
2.092714161e-01
2.080378085e-01
2.069809884e-01
2.058351040e-01
2.053729445e-01
2.038327008e-01
2.031378001e-01
2.026475668e-01
2.014550120e-01
2.007164061e-01
2.000072449e-01
1.992890388e-01
1.983735114e-01
1.975485384e-01
1.971717775e-01
1.961798519e-01
1.957088113e-01
1.947657466e-01
1.940615475e-01
1.930212826e-01
1.926126629e-01
1.910705119e-01
1.902953088e-01
1.897756010e-01
1.883294582e-01
1.874583662e-01
1.866792589e-01
1.859826446e-01
1.850347668e-01
1.842378527e-01
1.839315295e-01
1.828231364e-01
1.824519038e-01
1.816770732e-01
1.811151356e-01
1.803796291e-01
1.802595705e-01
1.789304018e-01
1.785189807e-01
1.783923805e-01
1.774569005e-01
1.769402325e-01
1.763047129e-01
1.755062640e-01
1.745787412e-01
1.738022715e-01
1.735330373e-01
1.723070592e-01
1.717060804e-01
1.706654429e-01
1.699142456e-01
1.689121723e-01
1.686811298e-01
1.674116552e-01
1.670576781e-01
1.668951064e-01
1.659056991e-01
1.654719114e-01
1.651358008e-01
1.647375375e-01
1.642010212e-01
1.637393534e-01
1.637273282e-01
1.628385633e-01
1.626124978e-01
1.620772332e-01
1.616178602e-01
1.609419882e-01
1.608883739e-01
1.595714241e-01
1.592208594e-01
1.590875238e-01
1.580373049e-01
1.574911326e-01
1.568098366e-01
1.561366171e-01
1.551989466e-01
1.543466002e-01
1.540413201e-01
1.530023515e-01
1.527766436e-01
1.521780044e-01
1.518349648e-01
1.513766348e-01
1.516291499e-01
1.507734954e-01
1.506306976e-01
1.506952941e-01
1.498623937e-01
1.495173126e-01
1.492156386e-01
1.489256769e-01
1.483632028e-01
1.479337066e-01
1.479541808e-01
1.470839977e-01
1.469494998e-01
1.463836730e-01
1.459236592e-01
1.451860070e-01
1.451570094e-01
1.438315809e-01
1.434889138e-01
1.433013380e-01
1.423622966e-01
1.420203596e-01
1.417681128e-01
1.414960623e-01
1.409803480e-01
1.405805498e-01
1.405856311e-01
1.397473365e-01
1.397000700e-01
1.392626315e-01
1.389311254e-01
1.384335607e-01
1.387008727e-01
1.377222538e-01
1.375270486e-01
1.374245584e-01
1.364592910e-01
1.360485852e-01
1.357436180e-01
1.353399903e-01
1.347092986e-01
1.340914667e-01
1.339504421e-01
1.330161393e-01
1.327615082e-01
1.321064085e-01
1.318006665e-01
1.311211437e-01
1.312469095e-01
1.303943545e-01
1.304063648e-01
1.305060983e-01
1.297835410e-01
1.295226812e-01
1.292934716e-01
1.291344762e-01
1.286459267e-01
1.283451468e-01
1.284389794e-01
1.277029812e-01
1.277118772e-01
1.272809058e-01
1.270096898e-01
1.265866458e-01
1.266797036e-01
1.255544275e-01
1.251623631e-01
1.251869053e-01
1.242183149e-01
1.237408966e-01
1.233269870e-01
1.229667589e-01
1.223805919e-01
1.219766289e-01
1.219635606e-01
1.211493984e-01
1.211317405e-01
1.206714362e-01
1.204021648e-01
1.199020222e-01
1.201488525e-01
1.192601398e-01
1.193306148e-01
1.194260791e-01
1.186555326e-01
1.184378415e-01
1.182533652e-01
1.179903299e-01
1.174901575e-01
1.170316935e-01
1.170772091e-01
1.162841693e-01
1.160531417e-01
1.154536754e-01
1.151074916e-01
1.145766526e-01
1.146694273e-01
1.137034446e-01
1.135418117e-01
1.136079803e-01
1.130213439e-01
1.129428595e-01
1.129136980e-01
1.128726676e-01
1.124811023e-01
1.123092771e-01
1.126227006e-01
1.120768040e-01
1.120382026e-01
1.116239876e-01
1.114043668e-01
1.109254733e-01
1.111159027e-01
1.101508439e-01
1.100119129e-01
1.099529937e-01
1.091100648e-01
1.087643206e-01
1.085447297e-01
1.081812382e-01
1.075832695e-01
1.070525646e-01
1.071367413e-01
1.063420102e-01
1.062643528e-01
1.058532596e-01
1.057441682e-01
1.052733660e-01
1.055819243e-01
1.047858596e-01
1.048160493e-01
1.050538570e-01
1.043523103e-01
1.043052450e-01
1.042632461e-01
1.040691659e-01
1.038048789e-01
1.036035419e-01
1.037803963e-01
1.031379029e-01
1.031358466e-01
1.026428193e-01
1.021951884e-01
1.015945375e-01
1.016891971e-01
1.006527692e-01
1.004730985e-01
1.004634500e-01
9.977501631e-02
9.958405048e-02
9.954942763e-02
9.940893948e-02
9.913635254e-02
9.892875701e-02
9.923411906e-02
9.868285060e-02
9.881979972e-02
9.856984764e-02
9.841781855e-02
9.806957096e-02
9.841637313e-02
9.759402275e-02
9.749325365e-02
9.753958881e-02
9.689583629e-02
9.681785852e-02
9.652882814e-02
9.619072080e-02
9.576687962e-02
9.540351480e-02
9.547732770e-02
9.477171302e-02
9.471663833e-02
9.421970695e-02
9.400144964e-02
9.365487099e-02
9.392815083e-02
9.312660247e-02
9.316328913e-02
9.334733337e-02
9.277317673e-02
9.263872355e-02
9.254021198e-02
9.236820042e-02
9.200092405e-02
9.174574912e-02
9.195560217e-02
9.133525193e-02
9.133391827e-02
9.090521932e-02
9.073249996e-02
9.027401358e-02
9.041697532e-02
8.950601518e-02
8.917126805e-02
8.914244175e-02
8.836366981e-02
8.811980486e-02
8.802391589e-02
8.786444366e-02
8.764494210e-02
8.751124144e-02
8.776212484e-02
8.719474822e-02
8.733104914e-02
8.714994788e-02
8.711305261e-02
8.681630343e-02
8.721019328e-02
8.641134948e-02
8.636482805e-02
8.657308668e-02
8.597169071e-02
8.576859534e-02
8.568285406e-02
8.551716805e-02
8.505963534e-02
8.465041220e-02
8.470165730e-02
8.393241465e-02
8.389093727e-02
8.343726397e-02
8.326917887e-02
8.294756711e-02
8.326607198e-02
8.250633627e-02
8.252437413e-02
8.274843544e-02
8.211629093e-02
8.205814660e-02
8.208872378e-02
8.210902661e-02
8.191870153e-02
8.176430315e-02
8.204040676e-02
8.153771609e-02
8.178245276e-02
8.149041235e-02
8.132029325e-02
8.099910617e-02
8.123529702e-02
8.044978976e-02
8.040490001e-02
8.041806519e-02
7.969709486e-02
7.944585383e-02
7.927217335e-02
7.911093533e-02
7.872149348e-02
7.845526934e-02
7.866292447e-02
7.806231081e-02
7.819464803e-02
7.804013044e-02
7.807371765e-02
7.794775069e-02
7.830961794e-02
7.757565379e-02
7.754527032e-02
7.773108780e-02
7.719922811e-02
7.716708630e-02
7.705998421e-02
7.692044973e-02
7.647991925e-02
7.622870803e-02
7.640567422e-02
7.576335222e-02
7.574056834e-02
7.542495430e-02
7.521302998e-02
7.479063421e-02
7.502145320e-02
7.416091114e-02
7.421181351e-02
7.449525595e-02
7.395797223e-02
7.400713861e-02
7.397997379e-02
7.382586598e-02
7.361319661e-02
7.357514650e-02
7.392948121e-02
7.341942191e-02
7.359363884e-02
7.344546169e-02
7.344172895e-02
7.313389331e-02
7.352044433e-02
7.264899462e-02
7.264422625e-02
7.275848091e-02
7.213520259e-02
7.207413763e-02
7.189869881e-02
7.181038707e-02
7.142163813e-02
7.119585574e-02
7.139901817e-02
7.086617500e-02
7.092195749e-02
7.068963349e-02
7.056913525e-02
7.034893334e-02
7.071407884e-02
6.990095228e-02
6.986300647e-02
7.014665753e-02
6.970056891e-02
6.969878823e-02
6.967110932e-02
6.970584393e-02
6.965505332e-02
6.952980906e-02
6.982039660e-02
6.932589412e-02
6.933936477e-02
6.899540871e-02
6.885039806e-02
6.848065555e-02
6.878267229e-02
6.797640026e-02
6.801910698e-02
6.818415970e-02
6.758192182e-02
6.751182675e-02
6.754168868e-02
6.752230227e-02
6.733936816e-02
6.726648659e-02
6.757259369e-02
6.719981879e-02
6.745077670e-02
6.720913947e-02
6.701038778e-02
6.669613719e-02
6.702542305e-02
6.620948017e-02
6.638075411e-02
6.668019295e-02
6.615474075e-02
6.615952402e-02
6.612436473e-02
6.598854065e-02
6.567183882e-02
6.544034183e-02
6.549385190e-02
6.483270228e-02
6.487750262e-02
6.453399360e-02
6.443984061e-02
6.412030011e-02
6.449303776e-02
6.387476623e-02
6.400560588e-02
6.425727904e-02
6.375852972e-02
6.377539039e-02
6.387039274e-02
6.391727179e-02
6.380716711e-02
6.368532777e-02
6.403309107e-02
6.361368299e-02
6.380239874e-02
6.348118931e-02
6.336390227e-02
6.306105852e-02
6.343846023e-02
6.266952306e-02
6.269701570e-02
6.274718046e-02
6.203550100e-02
6.178864464e-02
6.169302762e-02
6.152090430e-02
6.122175604e-02
6.098882481e-02
6.125980616e-02
6.086302549e-02
6.110491976e-02
6.093081832e-02
6.089589000e-02
6.074117497e-02
6.122518703e-02
6.062721834e-02
6.069926172e-02
6.104812771e-02
6.055113301e-02
6.050622463e-02
6.060137600e-02
6.070986390e-02
6.044805050e-02
6.031338498e-02
6.049138680e-02
6.004629657e-02
