4.791295214e-04
5.628335057e-04
6.252928288e-04
5.836532800e-04
5.305416416e-04
5.683571217e-04
6.074472331e-04
6.223185337e-04
6.082970649e-04
5.360652576e-04
5.976747489e-04
5.475373473e-04
4.187947197e-04
4.651080817e-04
5.415888154e-04
5.139707937e-04
5.211939570e-04
5.288420361e-04
5.585845793e-04
6.312412443e-04
5.547605106e-04
5.798292113e-04
6.418635603e-04
5.879022065e-04
6.040481385e-04
4.914514138e-04
5.556103424e-04
5.959751434e-04
5.615588161e-04
5.054729409e-04
5.738806794e-04
6.422885344e-04
6.244429969e-04
5.050480249e-04
4.175200302e-04
4.774300032e-04
5.513614160e-04
5.216188729e-04
5.254428834e-04
5.964000593e-04
5.488120369e-04
5.105716409e-04
4.952754825e-04
5.203441833e-04
5.475373473e-04
5.131210200e-04
4.880523193e-04
4.833784478e-04
4.107217537e-04
4.128462169e-04
4.132711038e-04
4.145457933e-04
4.498119233e-04
3.214942117e-04
2.955757082e-04
2.853782789e-04
3.401894937e-04
3.635586181e-04
1.910520077e-04
2.093224030e-04
2.207945363e-04
3.635586181e-04
3.737560473e-04
3.818290133e-04
4.332410754e-04
2.522366121e-04
2.560606517e-04
2.339662169e-04
3.248933644e-04
3.771552001e-04
3.053482505e-04
3.236186749e-04
3.291422909e-04
3.971251717e-04
3.631337313e-04
2.747559338e-04
2.598846913e-04
2.603096073e-04
3.584598890e-04
3.478375729e-04
3.423139569e-04
3.227688721e-04
3.703569237e-04
3.291422909e-04
2.756057365e-04
3.631337313e-04
4.404642677e-04
3.869277425e-04
3.924513585e-04
3.933011321e-04
4.566102289e-04
3.478375729e-04
4.132711038e-04
3.839534766e-04
5.020737881e-04
4.969750298e-04
4.434385337e-04
4.570350866e-04
4.230436462e-04
3.903268953e-04
3.754556237e-04
4.315414990e-04
4.298419517e-04
4.608591553e-04
4.557604261e-04
4.370651441e-04
5.428635050e-04
6.125459913e-04
6.176446914e-04
5.500866682e-04
5.675072898e-04
5.228935042e-04
5.148205673e-04
5.254428834e-04
5.764301168e-04
6.031983066e-04
6.707563298e-04
6.167949177e-04
5.088720936e-04
5.675072898e-04
6.197691546e-04
5.420137313e-04
6.010738434e-04
5.866274587e-04
6.325159338e-04
5.883270642e-04
6.546103978e-04
6.894516409e-04
6.563099450e-04
7.455375162e-04
6.873271777e-04
6.932757096e-04
6.571597769e-04
6.822284777e-04
7.697564433e-04
7.608337328e-04
7.055975730e-04
6.580095505e-04
7.170697208e-04
7.417135057e-04
9.295162163e-04
9.137952584e-04
7.493615849e-04
7.017735625e-04
7.366147474e-04
8.266921504e-04
8.262671763e-04
8.194689290e-04
7.935504545e-04
8.334903978e-04
9.320655372e-04
9.911259403e-04
9.902761085e-04
9.244175744e-04
9.023230523e-04
8.832028834e-04
8.798037306e-04
8.364646346e-04
9.091213578e-04
9.061471210e-04
8.555848617e-04
8.113959339e-04
8.589840145e-04
8.109710761e-04
7.272671210e-04
9.086964419e-04
9.817780228e-04
9.690314764e-04
9.367394960e-04
1.040413510e-03
1.091400511e-03
1.158958301e-03
1.155984355e-03
1.122417743e-03
1.249885652e-03
1.263907179e-03
1.390525256e-03
1.450010110e-03
1.496323501e-03
1.456383499e-03
1.438538078e-03
1.407096046e-03
1.564306440e-03
1.573229092e-03
1.596598187e-03
1.618692651e-03
1.611894229e-03
1.705370727e-03
1.710044569e-03
1.743186265e-03
1.707920106e-03
1.698997221e-03
1.753807766e-03
1.887225430e-03
1.883825869e-03
1.931839157e-03
2.036787802e-03
2.051659161e-03
2.091598231e-03
2.168079838e-03
2.118792152e-03
2.094573341e-03
2.153210342e-03
2.128566382e-03
2.085649641e-03
2.294700360e-03
2.311696066e-03
2.225442091e-03
2.278978936e-03
2.370330039e-03
2.395398915e-03
2.368206158e-03
2.402622020e-03
2.420042641e-03
2.438313095e-03
2.472728956e-03
2.546235919e-03
2.658833051e-03
2.610395197e-03
2.634189324e-03
2.609970281e-03
2.643961692e-03
2.600622596e-03
2.585751237e-03
2.568329917e-03
2.460832708e-03
2.426840831e-03
2.507570665e-03
2.519467846e-03
2.498223446e-03
2.462531906e-03
2.484201686e-03
2.686876105e-03
2.702172147e-03
2.663931809e-03
2.688575536e-03
2.825816162e-03
2.824967494e-03
2.755284775e-03
2.835164545e-03
2.779928269e-03
2.777379006e-03
2.735738643e-03
2.867031610e-03
2.837713808e-03
2.831340767e-03
2.873830032e-03
2.892950084e-03
2.979628975e-03
3.109221347e-03
1.477336977e-02
1.828846782e-01
8.423126936e-01
2.058439493e+00
3.519819498e+00
4.920122623e+00
6.136522770e+00
7.152901649e+00
7.994395256e+00
8.664957047e+00
9.166714668e+00
9.506220818e+00
9.705839157e+00
9.789999962e+00
9.782571793e+00
9.704497337e+00
9.574342728e+00
9.407971382e+00
9.216842651e+00
9.010874748e+00
8.797395706e+00
8.582951546e+00
8.388557434e+00
8.244216919e+00
8.151933670e+00
8.084575653e+00
8.020695686e+00
7.950184822e+00
7.870645523e+00
7.775868893e+00
7.665694237e+00
7.542702675e+00
7.407084465e+00
7.260606766e+00
7.107380867e+00
6.949383736e+00
6.786923885e+00
6.620826244e+00
6.455340385e+00
6.291422367e+00
6.131065845e+00
5.974648952e+00
5.823506355e+00
5.678363800e+00
5.542752266e+00
5.414990425e+00
5.292770863e+00
5.173816204e+00
5.057634354e+00
4.943673611e+00
4.830432892e+00
4.717339993e+00
4.604915142e+00
4.493487358e+00
4.383914471e+00
4.274571419e+00
4.167100906e+00
4.061587811e+00
3.958803892e+00
3.858175993e+00
3.760541677e+00
3.664839506e+00
3.571584463e+00
3.481233835e+00
3.393438101e+00
3.308158636e+00
3.225421190e+00
3.144852877e+00
3.066432953e+00
2.989516973e+00
2.915184259e+00
2.842286587e+00
2.771568775e+00
2.702600956e+00
2.635414362e+00
2.568621397e+00
2.502896547e+00
2.438090324e+00
2.375269175e+00
2.314809799e+00
2.255705118e+00
2.198234081e+00
2.142590761e+00
2.088298082e+00
2.035292149e+00
1.983357668e+00
1.933431387e+00
1.884505391e+00
1.836997986e+00
1.790424585e+00
1.745472789e+00
1.701080441e+00
1.658599019e+00
1.616900206e+00
1.576000214e+00
1.536525011e+00
1.497669697e+00
1.459799767e+00
1.423094988e+00
1.387426853e+00
1.352923036e+00
1.318818688e+00
1.285912514e+00
1.253460884e+00
1.222033024e+00
1.191008329e+00
1.160995364e+00
1.131549358e+00
1.103603005e+00
1.076081157e+00
1.049343586e+00
1.023605466e+00
9.983543754e-01
9.736887813e-01
9.497932792e-01
9.261729121e-01
9.034156799e-01
8.809220195e-01
8.598113656e-01
8.386598825e-01
8.185552359e-01
7.985766530e-01
7.794246078e-01
7.602995634e-01
7.422488928e-01
7.242816091e-01
7.066889405e-01
6.898817420e-01
6.732383966e-01
6.569913030e-01
6.413145661e-01
6.259319186e-01
6.112456918e-01
5.964202285e-01
5.825310946e-01
5.685385466e-01
5.551937222e-01
5.417037010e-01
5.289813280e-01
5.162066221e-01
5.042089224e-01
4.920933545e-01
4.802738130e-01
4.691836536e-01
4.577983320e-01
4.468274713e-01
4.364417493e-01
4.260759950e-01
4.162601233e-01
4.060851932e-01
3.968548775e-01
3.871960938e-01
3.784143627e-01
3.693301976e-01
3.608970642e-01
3.521320224e-01
3.443981111e-01
3.362906575e-01
3.282236457e-01
3.209961653e-01
3.135243654e-01
3.061783314e-01
2.991734445e-01
2.921452224e-01
2.855984271e-01
2.785242498e-01
2.726534903e-01
2.660636902e-01
2.602196634e-01
2.539618909e-01
2.484766245e-01
2.425250411e-01
2.375258952e-01
2.319069058e-01
2.261688411e-01
2.212351710e-01
2.159401476e-01
2.108783722e-01
2.062198371e-01
2.014784068e-01
1.971253753e-01
1.920475066e-01
1.879587322e-01
1.831872165e-01
1.791864038e-01
1.747097224e-01
1.708312929e-01
1.663478762e-01
1.627910882e-01
1.587910950e-01
1.546964198e-01
1.513291448e-01
1.476351619e-01
1.439441442e-01
1.405169517e-01
1.369368732e-01
1.337807924e-01
1.299356073e-01
1.270633042e-01
1.234904081e-01
1.204676703e-01
1.171565130e-01
1.145175025e-01
1.112237498e-01
1.087168828e-01
1.058314294e-01
1.028393507e-01
1.005746499e-01
9.783028066e-02
9.527582675e-02
9.286498278e-02
9.028717130e-02
8.818309754e-02
8.525893837e-02
8.332820237e-02
8.077674359e-02
7.883584499e-02
7.640719414e-02
7.439493388e-02
7.190121710e-02
7.014772296e-02
6.789019704e-02
6.557959318e-02
6.386093050e-02
6.173945963e-02
5.979557708e-02
5.813041702e-02
5.618904158e-02
5.457187817e-02
5.231653899e-02
5.086639896e-02
4.884433374e-02
4.730961844e-02
4.539077356e-02
4.380845279e-02
4.173457623e-02
4.048495740e-02
3.876753151e-02
3.694006428e-02
3.563689440e-02
3.406182304e-02
3.255175799e-02
3.112664074e-02
2.946445718e-02
2.818555012e-02
2.639971860e-02
2.538974583e-02
2.370887436e-02
2.255359106e-02
2.100571059e-02
1.986656897e-02
1.824092120e-02
1.728491671e-02
1.585133001e-02
1.434167847e-02
1.341116522e-02
1.190533768e-02
1.052911859e-02
9.440117516e-03
8.259336464e-03
7.337763440e-03
5.784356501e-03
5.093057174e-03
3.686230863e-03
2.869581105e-03
1.478477963e-03
7.676320383e-04
-6.166697713e-04
-1.326241298e-03
-2.557580592e-03
-3.910009284e-03
-4.639121704e-03
-5.658442620e-03
-6.781008560e-03
-7.750618272e-03
-8.788641542e-03
-9.474849328e-03
-1.090588793e-02
-1.152920909e-02
-1.271126699e-02
-1.328742225e-02
-1.435858104e-02
-1.507111639e-02
-1.633050665e-02
-1.685737073e-02
-1.772585139e-02
-1.875239797e-02
-1.928860694e-02
-2.023950964e-02
-2.119042724e-02
-2.194886096e-02
-2.285728231e-02
-2.351587079e-02
-2.469962649e-02
-2.504124120e-02
-2.610686980e-02
-2.673443407e-02
-2.773548663e-02
-2.819564939e-02
-2.929571085e-02
-2.969171666e-02
-3.046247363e-02
-3.142314404e-02
-3.188923746e-02
-3.268080577e-02
-3.352804855e-02
-3.413948417e-02
-3.492723033e-02
-3.533428535e-02
-3.649296239e-02
-3.680992872e-02
-3.774765506e-02
-3.827961907e-02
-3.923179582e-02
-3.957765177e-02
-4.052134603e-02
-4.089950025e-02
-4.176712036e-02
-4.257910326e-02
-4.284167662e-02
-4.353044555e-02
-4.418435693e-02
-4.462708905e-02
-4.539528862e-02
-4.569271579e-02
-4.665848985e-02
-4.699457064e-02
-4.787749052e-02
-4.820423201e-02
-4.900939763e-02
-4.936716333e-02
-5.013665184e-02
-5.041112751e-02
-5.105059594e-02
-5.179841444e-02
-5.201596022e-02
-5.268389359e-02
-5.319886655e-02
-5.354515091e-02
-5.429891124e-02
-5.462820083e-02
-5.547798797e-02
-5.557741597e-02
-5.638893321e-02
-5.663281679e-02
-5.736488849e-02
-5.775108188e-02
-5.858727172e-02
-5.881883949e-02
-5.943324417e-02
-6.015257910e-02
-6.035654247e-02
-6.097648293e-02
-6.158281863e-02
-6.191378832e-02
-6.245594472e-02
-6.278100610e-02
-6.363335997e-02
-6.373108923e-02
-6.441938877e-02
-6.462123245e-02
-6.525137275e-02
-6.540051103e-02
-6.618019193e-02
-6.629916281e-02
-6.683664024e-02
-6.750922650e-02
-6.766771525e-02
-6.818607450e-02
-6.874141842e-02
-6.907197088e-02
-6.958478689e-02
-6.973136961e-02
-7.054417580e-02
-7.056966424e-02
-7.132767886e-02
-7.142538577e-02
-7.204448432e-02
-7.224928588e-02
-7.297756523e-02
-7.294145226e-02
-7.343856990e-02
-7.416938990e-02
-7.425691932e-02
-7.474596798e-02
-7.516489923e-02
-7.558172196e-02
-7.605889440e-02
-7.621398568e-02
-7.701279223e-02
-7.711943984e-02
-7.779801637e-02
-7.786260545e-02
-7.854966819e-02
-7.874936610e-02
-7.949589938e-02
-7.953754067e-02
-7.998197526e-02
-8.052329719e-02
-8.067668229e-02
-8.107735217e-02
-8.145041019e-02
-8.162420243e-02
-8.216466755e-02
-8.231295645e-02
-8.300979435e-02
-8.299790323e-02
-8.366499096e-02
-8.363397419e-02
-8.422160894e-02
-8.431848139e-02
-8.495240659e-02
-8.492138982e-02
-8.528254926e-02
-8.580049872e-02
-8.589352667e-02
-8.633966744e-02
-8.669742942e-02
-8.689711988e-02
-8.727654815e-02
-8.741462231e-02
-8.814585954e-02
-8.806003630e-02
-8.855886012e-02
-8.864554018e-02
-8.922211826e-02
-8.935297281e-02
-8.994017541e-02
-9.006636590e-02
-9.041988850e-02
-9.095481783e-02
-9.098923206e-02
-9.142220020e-02
-9.177783877e-02
-9.189596027e-02
-9.234421700e-02
-9.252309799e-02
-9.318636358e-02
-9.302531928e-02
-9.359129518e-02
-9.370134026e-02
-9.422522038e-02
-9.424860775e-02
-9.473085403e-02
-9.474530816e-02
-9.505376220e-02
-9.551692754e-02
-9.556833655e-02
-9.586532414e-02
-9.626641870e-02
-9.646993876e-02
-9.685914218e-02
-9.686424583e-02
-9.755469859e-02
-9.747439623e-02
-9.809645265e-02
-9.817589074e-02
-9.870404750e-02
-9.873973578e-02
-9.938982129e-02
-9.942976385e-02
-9.976711869e-02
-1.002489626e-01
-1.002651080e-01
-1.006729901e-01
-1.009827480e-01
-1.011072397e-01
-1.014101878e-01
-1.014977172e-01
-1.021422669e-01
-1.019995213e-01
-1.025833264e-01
-1.026330292e-01
-1.031348333e-01
-1.031437516e-01
-1.036935374e-01
-1.036582813e-01
-1.040466279e-01
-1.044804603e-01
-1.043776348e-01
-1.047094688e-01
-1.051012352e-01
-1.052210554e-01
-1.056824774e-01
-1.057228446e-01
-1.063499972e-01
-1.062450483e-01
-1.067969874e-01
-1.068581715e-01
-1.073285267e-01
-1.073174775e-01
-1.078052744e-01
-1.077563986e-01
-1.081345603e-01
-1.085700765e-01
-1.085386351e-01
-1.088666394e-01
-1.091530174e-01
-1.092069820e-01
-1.095430702e-01
-1.095617637e-01
-1.101765856e-01
-1.100788563e-01
-1.106116921e-01
-1.106465310e-01
-1.110454947e-01
-1.110527143e-01
-1.116526723e-01
-1.117023826e-01
-1.119853333e-01
-1.124251038e-01
-1.122483388e-01
-1.125317663e-01
-1.128916740e-01
-1.129898280e-01
-1.132919192e-01
-1.132320166e-01
-1.137580574e-01
-1.135957316e-01
-1.140745953e-01
-1.140236109e-01
-1.144034341e-01
-1.144060045e-01
-1.149370819e-01
-1.147862747e-01
-1.149863750e-01
-1.154482514e-01
-1.155153885e-01
-1.158310771e-01
-1.160146073e-01
-1.160562485e-01
-1.163885221e-01
-1.164169908e-01
-1.169748977e-01
-1.169332564e-01
-1.174737215e-01
-1.174601242e-01
-1.178540215e-01
-1.178404316e-01
-1.183961853e-01
-1.181969270e-01
-1.183702722e-01
-1.187207848e-01
-1.187003925e-01
-1.189812571e-01
-1.192438677e-01
-1.192374900e-01
-1.193772852e-01
-1.193683669e-01
-1.200065389e-01
-1.197248623e-01
-1.201786473e-01
-1.201760918e-01
-1.204654127e-01
-1.204110384e-01
-1.208677664e-01
-1.207305640e-01
-1.210101023e-01
-1.213984638e-01
-1.213716939e-01
-1.215327159e-01
-1.217413321e-01
-1.218377799e-01
-1.220102906e-01
-1.218785793e-01
-1.225558519e-01
-1.224109679e-01
-1.227806062e-01
-1.227874011e-01
-1.231358349e-01
-1.231094897e-01
-1.234655455e-01
-1.233835593e-01
-1.235594600e-01
-1.238436922e-01
-1.238224432e-01
-1.240689009e-01
-1.242949516e-01
-1.244075596e-01
-1.246888489e-01
-1.246756762e-01
-1.252207905e-01
-1.250738055e-01
-1.255386174e-01
-1.254612952e-01
-1.260506213e-01
-1.259210259e-01
-1.265150458e-01
-1.262910813e-01
-1.265362799e-01
-1.268235147e-01
-1.267665625e-01
-1.269454509e-01
-1.271132827e-01
-1.271324009e-01
-1.274434328e-01
-1.274481118e-01
-1.279052794e-01
-1.275658011e-01
-1.280110776e-01
-1.279299110e-01
-1.282668561e-01
-1.281657368e-01
-1.285867989e-01
-1.284057945e-01
-1.286165416e-01
-1.289547384e-01
-1.287839264e-01
-1.290061474e-01
-1.291387230e-01
-1.291008741e-01
-1.293180138e-01
-1.293324679e-01
-1.298121810e-01
-1.294981837e-01
-1.299613118e-01
-1.297968775e-01
-1.301168352e-01
-1.299770474e-01
-1.304465383e-01
-1.302927285e-01
-1.305697858e-01
-1.308455318e-01
-1.306760013e-01
-1.308884472e-01
-1.311438382e-01
-1.311969459e-01
-1.313809305e-01
-1.312309355e-01
-1.317391098e-01
-1.315534264e-01
-1.318946481e-01
-1.317590773e-01
-1.321117580e-01
-1.319881380e-01
-1.323620379e-01
-1.320743710e-01
-1.322677135e-01
-1.326819807e-01
-1.325188279e-01
-1.325770319e-01
-1.328239143e-01
-1.327920258e-01
-1.329564601e-01
-1.328804046e-01
-1.334085464e-01
-1.331098378e-01
-1.333996058e-01
-1.332271248e-01
-1.335321963e-01
-1.332878917e-01
-1.336936802e-01
-1.334476620e-01
-1.335942447e-01
-1.339401156e-01
-1.338236928e-01
-1.339452267e-01
-1.341283321e-01
-1.341266334e-01
-1.343148798e-01
-1.341104954e-01
-1.345825642e-01
-1.343480349e-01
-1.347835213e-01
-1.345545053e-01
-1.348833591e-01
-1.346870661e-01
-1.349700391e-01
-1.346934438e-01
-1.347894669e-01
-1.350494921e-01
-1.348175108e-01
-1.351293921e-01
-1.352513283e-01
-1.352105439e-01
-1.354140639e-01
-1.353312135e-01
-1.358083636e-01
-1.355538368e-01
-1.359094977e-01
-1.357403845e-01
-1.360476017e-01
-1.358959079e-01
-1.363603324e-01
-1.361359805e-01
-1.361814588e-01
-1.363586187e-01
-1.360730827e-01
-1.361810267e-01
-1.364193857e-01
-1.362974197e-01
-1.364542097e-01
-1.362370998e-01
-1.367401779e-01
-1.364750266e-01
-1.368170679e-01
-1.366794109e-01
-1.369029135e-01
-1.368141025e-01
-1.372942328e-01
-1.370507777e-01
-1.371833384e-01
-1.374289393e-01
-1.372275352e-01
-1.374399811e-01
-1.376545727e-01
-1.375457942e-01
-1.377369761e-01
-1.376507431e-01
-1.380819827e-01
-1.377637535e-01
-1.380318403e-01
-1.378334165e-01
-1.381788701e-01
-1.380552053e-01
-1.383879185e-01
-1.380760223e-01
-1.382748783e-01
-1.384673715e-01
-1.381627023e-01
-1.383526325e-01
-1.384440064e-01
-1.382999718e-01
-1.385532022e-01
-1.383968443e-01
-1.387830526e-01
-1.384448558e-01
-1.388302147e-01
-1.387363225e-01
-1.389517486e-01
-1.387014687e-01
-1.390180439e-01
-1.387473643e-01
-1.389542967e-01
-1.392411143e-01
-1.389296651e-01
-1.390397102e-01
-1.392432451e-01
-1.391684711e-01
-1.392466575e-01
-1.391017437e-01
-1.394697279e-01
-1.391765475e-01
-1.395190209e-01
-1.393091232e-01
-1.394391358e-01
-1.391523480e-01
-1.395079643e-01
-1.393133700e-01
-1.395368725e-01
-1.396724135e-01
-1.395088285e-01
-1.396809220e-01
-1.397590786e-01
-1.396175921e-01
-1.397807598e-01
-1.396706998e-01
-1.400968879e-01
-1.398015767e-01
-1.400943398e-01
-1.398291737e-01
-1.401092112e-01
-1.400008649e-01
-1.401580721e-01
-1.398206949e-01
-1.399460435e-01
-1.403093189e-01
-1.399604976e-01
-1.400739551e-01
-1.402234882e-01
-1.400106400e-01
-1.402205378e-01
-1.400510073e-01
-1.404423267e-01
