1.197852716e-01
1.193304658e-01
1.193788201e-01
1.184077561e-01
1.167493463e-01
1.153850108e-01
1.134337634e-01
1.118695140e-01
1.106528267e-01
1.088598371e-01
1.081174463e-01
1.066549867e-01
1.055284515e-01
1.038999856e-01
1.028518155e-01
1.014168784e-01
1.006824523e-01
9.980170429e-02
1.003583148e-01
9.930506349e-02
9.817069769e-02
9.796421975e-02
9.750300646e-02
9.568645805e-02
9.379947186e-02
9.362438321e-02
9.250053763e-02
9.185504168e-02
9.171777964e-02
9.026595950e-02
8.943092823e-02
8.923097700e-02
8.798532933e-02
8.718550950e-02
8.552061021e-02
8.467119187e-02
8.429095149e-02
8.326765895e-02
8.240254968e-02
8.222875744e-02
8.080821484e-02
8.010258526e-02
7.898126543e-02
7.897213846e-02
7.804688811e-02
7.657537609e-02
7.537308335e-02
7.424003631e-02
7.457067072e-02
7.417596132e-02
7.412889600e-02
7.301288843e-02
7.191516459e-02
6.960462779e-02
6.949222088e-02
6.964644045e-02
6.804950535e-02
6.643032283e-02
6.531694531e-02
6.439304352e-02
6.476289779e-02
6.433555484e-02
6.398274004e-02
6.391348690e-02
6.393699348e-02
6.423623115e-02
6.324432790e-02
6.268902868e-02
6.282746792e-02
6.330175698e-02
6.275814772e-02
6.148405001e-02
6.092602760e-02
5.993548036e-02
5.841829628e-02
5.880509317e-02
5.689844862e-02
5.537587404e-02
5.597833171e-02
5.647631735e-02
5.720290169e-02
5.615743995e-02
5.500993878e-02
5.382601917e-02
5.337125063e-02
5.281459540e-02
5.237550661e-02
5.092229694e-02
5.135096237e-02
5.174433067e-02
5.186976120e-02
5.300801992e-02
5.340920016e-02
5.222915113e-02
5.207495391e-02
5.114839226e-02
5.017738789e-02
4.934490472e-02
4.961412400e-02
4.952657968e-02
4.863401502e-02
4.905482009e-02
4.866807535e-02
4.811004177e-02
4.706466198e-02
4.661898687e-02
4.510819167e-02
4.507810622e-02
4.570018500e-02
4.596549273e-02
4.585056379e-02
4.656148329e-02
4.653403163e-02
4.633539170e-02
4.618380964e-02
4.494478926e-02
4.459590092e-02
4.481806606e-02
4.520752281e-02
4.448353499e-02
4.492648318e-02
4.393208772e-02
4.351129383e-02
4.247492924e-02
4.269185290e-02
4.292974994e-02
4.251808673e-02
4.074731469e-02
4.036830366e-02
4.126609862e-02
4.113015160e-02
4.047411308e-02
4.047676176e-02
3.961420059e-02
3.829951584e-02
3.673917428e-02
3.598511219e-02
3.530162200e-02
3.465084732e-02
3.482465446e-02
3.432934731e-02
3.418168053e-02
3.453452140e-02
3.487561271e-02
3.569108248e-02
3.508732840e-02
3.492267057e-02
3.472271562e-02
3.509255871e-02
3.354787081e-02
3.399483114e-02
3.476062417e-02
3.448750451e-02
3.418559209e-02
3.369291127e-02
3.407455236e-02
3.283040598e-02
3.251024708e-02
3.243443742e-02
3.085183166e-02
3.053296916e-02
3.082961775e-02
3.179274127e-02
3.159674630e-02
3.211423010e-02
3.252329677e-02
3.359360993e-02
3.357921541e-02
3.305256739e-02
3.200058639e-02
3.284477815e-02
3.265267238e-02
3.358182311e-02
3.351517767e-02
3.398957103e-02
3.434634209e-02
3.403268382e-02
3.274285421e-02
3.137852252e-02
3.286308050e-02
3.325643018e-02
3.293626010e-02
3.277682886e-02
3.275200352e-02
3.311400488e-02
3.330741823e-02
3.393208236e-02
3.529383987e-02
3.537091613e-02
3.620206565e-02
3.662811965e-02
3.725275025e-02
3.807998821e-02
3.847988322e-02
3.805518150e-02
3.793232515e-02
3.817146644e-02
3.719266132e-02
3.638243303e-02
3.717044368e-02
3.628573194e-02
3.650528938e-02
3.615113720e-02
3.672351688e-02
3.641248494e-02
3.697181493e-02
3.679017350e-02
3.667905554e-02
3.699791431e-02
3.635498136e-02
3.640332073e-02
3.606874123e-02
3.585968167e-02
3.601388261e-02
3.643730283e-02
3.672219440e-02
3.696136177e-02
3.728673607e-02
3.714821860e-02
3.842759505e-02
3.869290650e-02
3.934501484e-02
3.865891322e-02
3.910584748e-02
3.777550161e-02
3.757294640e-02
3.737559915e-02
3.661634773e-02
3.663462773e-02
3.806038946e-02
3.875301033e-02
3.906795755e-02
3.941818327e-02
3.847463056e-02
3.922609240e-02
3.980108351e-02
4.143990576e-02
4.195347801e-02
4.202402383e-02
4.298070446e-02
4.444951564e-02
4.467561096e-02
4.511216655e-02
4.719262198e-02
4.692994431e-02
4.612495005e-02
4.686851054e-02
4.758858308e-02
4.881307110e-02
4.953450337e-02
5.143075064e-02
7.227586210e-02
-1.925528049e-01
-6.381402612e-01
-1.569817513e-01
2.145690441e+00
5.428903580e+00
8.425885201e+00
1.050104141e+01
1.174672604e+01
1.245698738e+01
1.287299824e+01
1.306999969e+01
1.306435299e+01
1.287998104e+01
1.258474445e+01
1.224771118e+01
1.189951611e+01
1.157620907e+01
1.130667782e+01
1.108824062e+01
1.091829395e+01
1.078114510e+01
1.066365910e+01
1.055951309e+01
1.047196007e+01
1.038972664e+01
1.029855824e+01
1.020967960e+01
1.011355209e+01
1.001695824e+01
9.923670769e+00
9.829185486e+00
9.730432510e+00
9.622529030e+00
9.513110161e+00
9.393230438e+00
9.272522926e+00
9.146162033e+00
9.017514229e+00
8.884942055e+00
8.756882668e+00
8.632992744e+00
8.505843163e+00
8.381089211e+00
8.253582954e+00
8.118529320e+00
7.981428623e+00
7.842952251e+00
7.708015919e+00
7.573379993e+00
7.443761826e+00
7.310292721e+00
7.175464630e+00
7.040755272e+00
6.906388283e+00
6.770309448e+00
6.634996414e+00
6.498103142e+00
6.357716560e+00
6.221972942e+00
6.087235451e+00
5.949100018e+00
5.811911106e+00
5.675475597e+00
5.541155815e+00
5.404144764e+00
5.275403023e+00
5.145132065e+00
5.015554905e+00
4.887395859e+00
4.762309551e+00
4.635286331e+00
4.514194965e+00
4.396586895e+00
4.276461601e+00
4.162392139e+00
4.048256397e+00
3.934556484e+00
3.824076891e+00
3.714295626e+00
3.610436916e+00
3.502398491e+00
3.403407574e+00
3.303902626e+00
3.210607052e+00
3.117763996e+00
3.029938698e+00
2.939176559e+00
2.852638721e+00
2.767850161e+00
2.682050228e+00
2.600651264e+00
2.519417286e+00
2.438213825e+00
2.360330105e+00
2.282306194e+00
2.207511187e+00
2.130481243e+00
2.057893991e+00
1.985883117e+00
1.913127661e+00
1.840185523e+00
1.769862056e+00
1.698921084e+00
1.629921436e+00
1.562804341e+00
1.491224170e+00
1.425103188e+00
1.360863686e+00
1.296060085e+00
1.233927011e+00
1.173961759e+00
1.118066907e+00
1.059947014e+00
1.006476402e+00
9.537405372e-01
9.008280635e-01
8.489748836e-01
8.014296889e-01
7.514937520e-01
7.041579485e-01
6.585124135e-01
6.121878028e-01
5.717768073e-01
5.319747329e-01
4.918346703e-01
4.529925287e-01
4.147527814e-01
3.791720271e-01
3.406930268e-01
3.078094125e-01
2.732468545e-01
2.418740690e-01
2.093412429e-01
1.817029417e-01
1.517689824e-01
1.271390021e-01
1.006772220e-01
7.158847153e-02
4.535651579e-02
1.898682117e-02
-5.477258470e-03
-3.061942197e-02
-5.501049012e-02
-7.653822005e-02
-1.024622545e-01
-1.237121448e-01
-1.470574737e-01
-1.671918184e-01
-1.899980456e-01
-2.087215185e-01
-2.301947325e-01
-2.486471236e-01
-2.670736909e-01
-2.885724902e-01
-3.061046898e-01
-3.262616694e-01
-3.442695141e-01
-3.613948822e-01
-3.770641387e-01
-3.903397918e-01
-4.062452018e-01
-4.177419245e-01
-4.310685396e-01
-4.420407116e-01
-4.558053613e-01
-4.664160907e-01
-4.811066389e-01
-4.908559918e-01
-5.018103123e-01
-5.136392713e-01
-5.207525492e-01
-5.283704400e-01
-5.364501476e-01
-5.446188450e-01
-5.525223613e-01
-5.591325760e-01
-5.685386658e-01
-5.737830997e-01
-5.830890536e-01
-5.877338052e-01
-5.946665406e-01
-6.003449559e-01
-6.063632965e-01
-6.078873873e-01
-6.096450090e-01
-6.153483987e-01
-6.178550720e-01
-6.215181351e-01
-6.239646077e-01
-6.261443496e-01
-6.297147870e-01
-6.322737336e-01
-6.367053390e-01
-6.387673616e-01
-6.424353123e-01
-6.439617276e-01
-6.492176652e-01
-6.506055593e-01
-6.555036902e-01
-6.549117565e-01
-6.585536003e-01
-6.622846723e-01
-6.642501354e-01
-6.654980183e-01
-6.678906679e-01
-6.693375111e-01
-6.714025140e-01
-6.700211167e-01
-6.715540886e-01
-6.686725020e-01
-6.704184413e-01
-6.678856015e-01
-6.677522659e-01
-6.667080522e-01
-6.685770750e-01
-6.657305360e-01
-6.635417342e-01
-6.634646654e-01
-6.605427265e-01
-6.583551168e-01
-6.566705108e-01
-6.558237672e-01
-6.537119746e-01
-6.497913599e-01
-6.500750184e-01
-6.467988491e-01
-6.467085481e-01
-6.452962160e-01
-6.451093554e-01
-6.418777704e-01
-6.432930827e-01
-6.397645473e-01
-6.375454068e-01
-6.370083690e-01
-6.332275867e-01
-6.313679218e-01
-6.294808388e-01
-6.268306971e-01
-6.248610616e-01
-6.207640171e-01
-6.208071113e-01
-6.156997085e-01
-6.141169667e-01
-6.125370860e-01
-6.114328504e-01
-6.079850793e-01
-6.072415709e-01
-6.048286557e-01
-6.016216874e-01
-5.990785956e-01
-5.953515172e-01
-5.939450860e-01
-5.923285484e-01
-5.897111297e-01
-5.876909494e-01
-5.844537616e-01
-5.838264823e-01
-5.802832246e-01
-5.778760314e-01
-5.724550486e-01
-5.692808628e-01
-5.648247600e-01
-5.630853772e-01
-5.583250523e-01
-5.537507534e-01
-5.524230599e-01
-5.466587543e-01
-5.418011546e-01
-5.387325883e-01
-5.363035202e-01
-5.328825712e-01
-5.281558633e-01
-5.261539817e-01
-5.193135738e-01
-5.157459974e-01
-5.110948682e-01
-5.102664828e-01
-5.070244670e-01
-5.061046481e-01
-5.021971464e-01
-4.992763400e-01
-4.993181527e-01
-4.951031804e-01
-4.915669858e-01
-4.886410832e-01
-4.840453267e-01
-4.802718163e-01
-4.757753015e-01
-4.739638567e-01
-4.675543606e-01
-4.646728635e-01
-4.600541592e-01
-4.584727883e-01
-4.545011520e-01
-4.536216259e-01
-4.483894110e-01
-4.461726844e-01
-4.449937642e-01
-4.407877028e-01
-4.372580051e-01
-4.359969795e-01
-4.349123836e-01
-4.321154952e-01
-4.278568923e-01
-4.283483326e-01
-4.232280552e-01
-4.223682284e-01
-4.172279537e-01
-4.131479561e-01
-4.075076282e-01
-4.057604671e-01
-3.994583786e-01
-3.940638304e-01
-3.914489746e-01
-3.859541416e-01
-3.821854293e-01
-3.797260523e-01
-3.749903440e-01
-3.709923923e-01
-3.667819202e-01
-3.653689027e-01
-3.593076766e-01
-3.563551307e-01
-3.527126908e-01
-3.515893221e-01
-3.488445282e-01
-3.488118649e-01
-3.452716768e-01
-3.426029384e-01
-3.430303335e-01
-3.392021954e-01
-3.360095918e-01
-3.350203037e-01
-3.326821625e-01
-3.285566270e-01
-3.230154216e-01
-3.212980032e-01
-3.155440986e-01
-3.134440184e-01
-3.089391887e-01
-3.066339791e-01
-3.020732105e-01
-3.024090528e-01
-2.985983193e-01
-2.959925532e-01
-2.941877246e-01
-2.892375588e-01
-2.867401540e-01
-2.834337950e-01
-2.811038494e-01
-2.796991169e-01
-2.770030797e-01
-2.761393189e-01
-2.711956799e-01
-2.698782384e-01
-2.659367323e-01
-2.652480006e-01
-2.611639798e-01
-2.611717582e-01
-2.557524443e-01
-2.511809766e-01
-2.493004054e-01
-2.450125366e-01
-2.422851175e-01
-2.399745733e-01
-2.357990146e-01
-2.332397550e-01
-2.290356457e-01
-2.293859273e-01
-2.259564847e-01
-2.254154980e-01
-2.217324823e-01
-2.198704779e-01
-2.151905596e-01
-2.150780857e-01
-2.116306275e-01
-2.092353106e-01
-2.091764212e-01
-2.062817216e-01
-2.042677552e-01
-2.034666091e-01
-2.022288740e-01
-2.011286020e-01
-1.969427764e-01
-1.950346231e-01
-1.895357072e-01
-1.878460795e-01
-1.840235740e-01
-1.821246594e-01
-1.770387441e-01
-1.769224405e-01
-1.723549813e-01
-1.696131974e-01
-1.690552682e-01
-1.653426588e-01
-1.633811146e-01
-1.618914157e-01
-1.608616561e-01
-1.582742035e-01
-1.535264552e-01
-1.535186172e-01
-1.498529166e-01
-1.500829607e-01
-1.476299167e-01
-1.472745687e-01
-1.435237974e-01
-1.455076188e-01
-1.428468525e-01
-1.413869262e-01
-1.403989345e-01
-1.364677548e-01
-1.344043314e-01
-1.327197999e-01
-1.303153187e-01
-1.290909052e-01
-1.247692406e-01
-1.243458837e-01
-1.192126647e-01
-1.178039312e-01
-1.144220084e-01
-1.133843735e-01
-1.103722006e-01
-1.116346791e-01
-1.084970683e-01
-1.053947806e-01
-1.053816527e-01
-1.028556973e-01
-1.017187163e-01
-1.018703058e-01
-1.017958075e-01
-9.933634102e-02
-9.692782909e-02
-9.930757433e-02
-9.642335027e-02
-9.570318460e-02
-9.207794070e-02
-8.911779523e-02
-8.420168608e-02
-8.458849043e-02
-8.118540049e-02
-7.955177873e-02
-7.805418968e-02
-7.558031380e-02
-7.452960312e-02
-7.318884879e-02
-7.198133320e-02
-7.056601346e-02
-6.702841818e-02
-6.634881347e-02
-6.164149195e-02
-6.286597997e-02
-6.202438474e-02
-6.182705984e-02
-6.039083004e-02
-6.167158112e-02
-5.926815048e-02
-5.840957910e-02
-5.960017070e-02
-5.644940212e-02
-5.486533791e-02
-5.333761871e-02
-5.152368918e-02
-5.028480291e-02
-4.728430510e-02
-4.762147740e-02
-4.486666247e-02
-4.571875557e-02
-4.377665371e-02
-4.398444295e-02
-4.116302356e-02
-4.249333963e-02
-3.887737542e-02
-3.721897677e-02
-3.746988624e-02
-3.517901525e-02
-3.456478938e-02
-3.422502056e-02
-3.458962217e-02
-3.339125216e-02
-2.996073104e-02
-3.134339303e-02
-2.881206572e-02
-2.976599522e-02
-2.766728960e-02
-2.682175674e-02
-2.421343513e-02
-2.421082743e-02
-2.067062259e-02
-1.942259818e-02
-1.960814558e-02
-1.661941782e-02
-1.488518342e-02
-1.377828140e-02
-1.264000591e-02
-1.321241260e-02
-1.217478141e-02
-1.297325268e-02
-1.009949669e-02
-1.021449268e-02
-8.403216489e-03
-9.202969261e-03
-6.628579926e-03
-8.663345128e-03
-7.075511850e-03
-6.373730022e-03
-7.276766934e-03
-5.223720800e-03
-4.872178659e-03
-5.783036817e-03
-5.307357293e-03
-3.347093239e-03
-3.322070406e-04
-3.557301825e-04
3.584400751e-03
3.877133364e-03
5.874014460e-03
5.408782046e-03
7.435698062e-03
5.751176737e-03
8.801352233e-03
1.014611963e-02
9.090183303e-03
1.071326248e-02
1.207758579e-02
1.304981764e-02
1.349022426e-02
1.364706550e-02
1.490945462e-02
1.304071583e-02
1.585300080e-02
1.478269137e-02
1.494081970e-02
1.423905510e-02
1.723564789e-02
1.643846929e-02
1.970560476e-02
2.111959271e-02
2.013685927e-02
2.318442427e-02
2.391106449e-02
2.457759529e-02
2.583355829e-02
2.691693045e-02
2.838450857e-02
2.771543153e-02
3.117074631e-02
3.095513768e-02
3.258216381e-02
3.217833489e-02
3.313622251e-02
2.998935804e-02
3.075517900e-02
3.202151880e-02
3.098648973e-02
3.308653459e-02
3.298198804e-02
3.153143451e-02
3.161508590e-02
3.126611933e-02
3.558916599e-02
3.530168161e-02
3.865759075e-02
3.890849277e-02
3.990693390e-02
4.045449197e-02
4.356481135e-02
4.323157668e-02
4.525979608e-02
4.694434255e-02
4.527939111e-02
4.716511443e-02
4.800672829e-02
4.841970280e-02
5.043616146e-02
5.130130425e-02
5.307844654e-02
5.031074584e-02
5.360256881e-02
5.138231814e-02
5.080730468e-02
5.001277477e-02
5.174167827e-02
5.017871410e-02
5.304845795e-02
5.541120097e-02
5.482316017e-02
5.751385912e-02
5.848098174e-02
5.838685110e-02
5.804186314e-02
5.696627125e-02
5.915262923e-02
5.769682676e-02
5.993413925e-02
5.824704096e-02
6.091675535e-02
6.062273681e-02
6.173747405e-02
5.999688059e-02
6.264571100e-02
6.285473704e-02
6.100571528e-02
6.232815236e-02
6.208110228e-02
6.243531406e-02
6.339707226e-02
6.303643435e-02
6.357352436e-02
6.227192283e-02
6.597948819e-02
6.596378982e-02
6.847030669e-02
6.888324767e-02
7.093501836e-02
6.852519512e-02
6.998886913e-02
7.036654651e-02
6.933154166e-02
7.135190070e-02
7.061618567e-02
7.172436267e-02
7.176485658e-02
7.060700655e-02
7.129830122e-02
6.903358549e-02
7.114675641e-02
6.949099153e-02
7.022800297e-02
6.956019253e-02
7.151656598e-02
6.993009150e-02
7.148522139e-02
7.298156619e-02
7.167863846e-02
7.443737984e-02
7.647084445e-02
7.650353014e-02
7.750058919e-02
7.745614648e-02
7.891454548e-02
7.774756849e-02
8.008942753e-02
7.918642461e-02
8.053375036e-02
7.948046178e-02
8.174908906e-02
7.948303968e-02
8.050497621e-02
8.107606322e-02
7.911191881e-02
7.921124995e-02
7.833831012e-02
7.811482251e-02
7.795537263e-02
7.685633004e-02
7.724316418e-02
7.474580407e-02
7.695832103e-02
7.671258599e-02
7.888583839e-02
7.893421501e-02
8.098721504e-02
8.070106059e-02
8.511813730e-02
8.700387925e-02
8.550365269e-02
8.721556515e-02
8.804287761e-02
8.734885603e-02
8.735155314e-02
8.779467642e-02
8.913683146e-02
8.663926274e-02
8.989610523e-02
8.893434703e-02
8.802463859e-02
8.694376051e-02
8.864413947e-02
8.764557540e-02
8.913948387e-02
8.950151503e-02
8.675565571e-02
8.851603419e-02
8.989742398e-02
8.928059787e-02
9.070495516e-02
9.106176347e-02
9.300495684e-02
9.104739130e-02
9.327284247e-02
9.270305932e-02
9.386998415e-02
9.339696914e-02
9.523177892e-02
9.222997725e-02
9.302188456e-02
9.365174174e-02
9.298790991e-02
9.461094439e-02
9.485403448e-02
9.326761216e-02
9.404377639e-02
9.414317459e-02
9.499907494e-02
9.211887419e-02
9.255930781e-02
9.035341442e-02
9.106960893e-02
9.133484960e-02
9.291346371e-02
9.176214784e-02
9.490236640e-02
9.724421054e-02
9.727948159e-02
9.940174967e-02
9.858760238e-02
9.745851904e-02
9.705074131e-02
9.675937146e-02
9.795644134e-02
9.623663872e-02
9.896527976e-02
9.792897850e-02
9.882546961e-02
9.817862511e-02
9.952981770e-02
9.584858268e-02
9.834720939e-02
9.853269905e-02
9.592180699e-02
9.727034718e-02
9.674248844e-02
9.719849378e-02
9.683790803e-02
9.649676085e-02
9.985522181e-02
9.875755757e-02
1.017487720e-01
1.015946344e-01
1.026505604e-01
1.012718827e-01
1.022598743e-01
1.007059589e-01
1.026898921e-01
1.031551585e-01
1.015135869e-01
1.019618288e-01
1.025341898e-01
1.020533144e-01
1.022689044e-01
1.013868004e-01
1.019983813e-01
9.952849150e-02
1.007883325e-01
9.938341379e-02
9.992448986e-02
9.770422429e-02
9.773170203e-02
9.695809335e-02
1.008288637e-01
1.023303643e-01
1.016259938e-01
1.040685475e-01
1.042213887e-01
1.036110669e-01
1.038032100e-01
1.049297974e-01
1.061583087e-01
1.052252203e-01
1.074966118e-01
1.064550653e-01
1.077724472e-01
