1.571295112e-01
1.561078876e-01
1.549276412e-01
1.536326557e-01
1.531243324e-01
1.525207907e-01
1.519081146e-01
1.507312357e-01
1.500334144e-01
1.488275975e-01
1.479775906e-01
1.467844993e-01
1.451947242e-01
1.442750841e-01
1.433880329e-01
1.421450227e-01
1.409469247e-01
1.397057325e-01
1.386499852e-01
1.381209642e-01
1.375392824e-01
1.364571899e-01
1.352489442e-01
1.343898177e-01
1.343898177e-01
1.333906651e-01
1.321259588e-01
1.306168586e-01
1.298844665e-01
1.293901801e-01
1.284431517e-01
1.281746924e-01
1.279023439e-01
1.276928037e-01
1.273969263e-01
1.269620657e-01
1.258171201e-01
1.247243583e-01
1.244721785e-01
1.236898750e-01
1.224340871e-01
1.217918769e-01
1.208762154e-01
1.199555248e-01
1.193407401e-01
1.181409359e-01
1.169943959e-01
1.164468899e-01
1.157015860e-01
1.145685986e-01
1.141718477e-01
1.133581251e-01
1.120406166e-01
1.112158000e-01
1.106475592e-01
1.097408384e-01
1.087690890e-01
1.079257801e-01
1.074539125e-01
1.062530801e-01
1.054130420e-01
1.048229933e-01
1.041673794e-01
1.034169868e-01
1.024873033e-01
1.015234068e-01
1.010397971e-01
1.009479091e-01
1.008201241e-01
1.005617455e-01
1.003039926e-01
9.930147231e-02
9.852807224e-02
9.771218896e-02
9.693106264e-02
9.610503912e-02
9.532839060e-02
9.421830624e-02
9.321244806e-02
9.266160429e-02
9.241054952e-02
9.146351367e-02
9.113455564e-02
9.088461846e-02
9.097701311e-02
9.052029997e-02
8.958949894e-02
8.928687125e-02
8.934346586e-02
8.912435919e-02
8.879933506e-02
8.876009285e-02
8.790939301e-02
8.663171530e-02
8.643502742e-02
8.633356541e-02
8.555862308e-02
8.487891406e-02
8.424349874e-02
8.385521173e-02
8.365517110e-02
8.295124024e-02
8.170989156e-02
8.108444512e-02
8.084684610e-02
8.064344525e-02
8.006514609e-02
7.988183200e-02
7.948508859e-02
7.870101929e-02
7.813552767e-02
7.748104632e-02
7.710499316e-02
7.658994198e-02
7.568104565e-02
7.539986074e-02
7.530685514e-02
7.475543022e-02
7.331251353e-02
7.253415138e-02
7.244616002e-02
7.285019755e-02
7.316007465e-02
7.246130705e-02
7.200179994e-02
7.168350369e-02
7.157589495e-02
7.173783332e-02
7.108335942e-02
7.108782232e-02
7.093203813e-02
7.040470093e-02
7.012731582e-02
6.987628341e-02
7.056722045e-02
7.107830048e-02
7.116461545e-02
7.050895691e-02
7.018785924e-02
7.035037875e-02
7.061655074e-02
7.082837075e-02
7.045458257e-02
6.923524290e-02
6.859362870e-02
6.835433096e-02
6.764370203e-02
6.735002249e-02
6.695888937e-02
6.602986902e-02
6.522069871e-02
6.465022266e-02
6.495565921e-02
6.591330469e-02
6.544376165e-02
6.495565921e-02
6.448884308e-02
6.469002366e-02
6.443391740e-02
6.394528598e-02
6.349305063e-02
6.318933517e-02
6.281276792e-02
6.257123500e-02
6.192846224e-02
6.147564203e-02
6.130413711e-02
6.128060445e-02
6.098080426e-02
6.024172157e-02
5.997721478e-02
5.985504016e-02
5.973117054e-02
5.950756744e-02
5.893373117e-02
5.848542973e-02
5.800739676e-02
5.748062208e-02
5.725422129e-02
5.701548979e-02
5.681823194e-02
5.629987642e-02
5.641363561e-02
5.605216324e-02
5.590258911e-02
5.532538891e-02
5.530410260e-02
5.520322919e-02
5.555288494e-02
5.528726801e-02
5.442369357e-02
5.374622345e-02
5.346096680e-02
5.355400965e-02
5.368792266e-02
5.319644883e-02
5.310903490e-02
5.270666257e-02
5.151924863e-02
5.252341554e-02
5.234862864e-02
5.136456341e-02
5.224044994e-02
5.256377906e-02
5.215193331e-02
5.200898275e-02
5.172601342e-02
5.140268803e-02
5.183023959e-02
5.232561752e-02
5.227687955e-02
5.175963789e-02
5.185882375e-02
5.183416605e-02
5.179270729e-02
5.156461149e-02
5.143010244e-02
5.098686367e-02
5.055198818e-02
5.060465634e-02
5.024825037e-02
4.967333749e-02
4.977979511e-02
4.934940860e-02
4.825166613e-02
4.761005938e-02
4.673361406e-02
4.646405950e-02
4.612221569e-02
4.598210752e-02
4.604151100e-02
4.539484158e-02
4.484846815e-02
4.450215027e-02
4.414632171e-02
4.484565556e-02
4.496448487e-02
4.476049542e-02
4.515390098e-02
4.542009532e-02
4.514661804e-02
4.497009888e-02
4.531361908e-02
4.595578834e-02
4.647077620e-02
4.672967270e-02
4.672853649e-02
4.655481502e-02
4.639569297e-02
4.661032185e-02
4.744415730e-02
1.112841144e-01
5.990434289e-01
1.971294761e+00
4.184772968e+00
6.691299915e+00
8.894438744e+00
1.047258854e+01
1.138375759e+01
1.173999977e+01
1.168106651e+01
1.133286762e+01
1.080929089e+01
1.019196892e+01
9.549713135e+00
8.938323975e+00
8.379530907e+00
7.887970924e+00
7.462574005e+00
7.098351479e+00
6.790478706e+00
6.521878242e+00
6.290283680e+00
6.082651138e+00
5.894910336e+00
5.718795776e+00
5.554738045e+00
5.390663147e+00
5.237262249e+00
5.090322495e+00
4.947048664e+00
4.813642979e+00
4.680261612e+00
4.544680595e+00
4.409501553e+00
4.279909134e+00
4.158640862e+00
4.038581371e+00
3.925393820e+00
3.812861919e+00
3.704252481e+00
3.598423243e+00
3.499149561e+00
3.396955490e+00
3.301060438e+00
3.209495544e+00
3.117290258e+00
3.030777931e+00
2.946620703e+00
2.866150618e+00
2.786664248e+00
2.709187031e+00
2.636578321e+00
2.562544584e+00
2.494032383e+00
2.427222729e+00
2.365767479e+00
2.307665586e+00
2.253987551e+00
2.191508055e+00
2.131036043e+00
2.072956324e+00
2.014382362e+00
1.961332083e+00
1.909599781e+00
1.858988166e+00
1.807692647e+00
1.758444548e+00
1.712760448e+00
1.664506316e+00
1.620455980e+00
1.576292515e+00
1.534789562e+00
1.493266106e+00
1.456403255e+00
1.415065527e+00
1.379536510e+00
1.345749140e+00
1.309002399e+00
1.276001334e+00
1.243482351e+00
1.212809205e+00
1.183964372e+00
1.158398390e+00
1.137198448e+00
1.110112309e+00
1.083627224e+00
1.054895639e+00
1.028298855e+00
1.002292752e+00
9.808853269e-01
9.539620280e-01
9.312164187e-01
9.098806977e-01
8.859390020e-01
8.653544188e-01
8.441408277e-01
8.239590526e-01
8.020831347e-01
7.819607854e-01
7.652097344e-01
7.452477813e-01
7.285787463e-01
7.106006742e-01
6.942116618e-01
6.774088740e-01
6.649456024e-01
6.469495296e-01
6.340358853e-01
6.239859462e-01
6.124415398e-01
6.031931639e-01
5.917828679e-01
5.781496763e-01
5.635669231e-01
5.505076051e-01
5.408172011e-01
5.273510218e-01
5.180589557e-01
5.063755512e-01
4.962174296e-01
4.848994613e-01
4.773626626e-01
4.642604291e-01
4.553890824e-01
4.476253092e-01
4.359179139e-01
4.273285568e-01
4.189860523e-01
4.113331735e-01
4.026972055e-01
3.949785829e-01
3.896402717e-01
3.803947270e-01
3.752726018e-01
3.688192070e-01
3.649561107e-01
3.609159291e-01
3.590100706e-01
3.495363295e-01
3.441030383e-01
3.403237760e-01
3.327314556e-01
3.270915449e-01
3.214565814e-01
3.163979053e-01
3.102152348e-01
3.043168187e-01
3.014009893e-01
2.937003672e-01
2.893133163e-01
2.834818661e-01
2.795333862e-01
2.743134499e-01
2.723873258e-01
2.651104927e-01
2.618792951e-01
2.594717145e-01
2.534162700e-01
2.492862344e-01
2.457978725e-01
2.427006215e-01
2.387089878e-01
2.371388376e-01
2.380163223e-01
2.336331904e-01
2.311902195e-01
2.264925390e-01
2.231413275e-01
2.193877846e-01
2.193979025e-01
2.135813534e-01
2.113958001e-01
2.097329944e-01
2.040539086e-01
2.011667639e-01
1.986898631e-01
1.964943111e-01
1.926236451e-01
1.888791472e-01
1.885188222e-01
1.840050668e-01
1.833259463e-01
1.805617660e-01
1.781896800e-01
1.749772727e-01
1.761293262e-01
1.715208143e-01
1.711431891e-01
1.716810763e-01
1.696401834e-01
1.697646379e-01
1.686505228e-01
1.663010865e-01
1.626802683e-01
1.602068990e-01
1.605934650e-01
1.570478231e-01
1.565619111e-01
1.544098854e-01
1.528542489e-01
1.503260434e-01
1.512995064e-01
1.464880407e-01
1.460805982e-01
1.461355388e-01
1.421114802e-01
1.416127384e-01
1.404521912e-01
1.389850229e-01
1.367003769e-01
1.359954327e-01
1.367955953e-01
1.329481304e-01
1.325480193e-01
1.308130175e-01
1.315965056e-01
1.311745197e-01
1.332042068e-01
1.286269724e-01
1.283199191e-01
1.288965195e-01
1.257319152e-01
1.249838173e-01
1.247843131e-01
1.240054220e-01
1.220518127e-01
1.206923723e-01
1.217318401e-01
1.188465133e-01
1.184111163e-01
1.166178435e-01
1.153699234e-01
1.130409315e-01
1.148033887e-01
1.101667508e-01
1.098131239e-01
1.106795147e-01
1.074948981e-01
1.071160957e-01
1.064637601e-01
1.060070544e-01
1.048453897e-01
1.043371409e-01
1.074399725e-01
1.055363491e-01
1.063410193e-01
1.044822633e-01
1.032779887e-01
1.013239324e-01
1.037117168e-01
9.956205636e-02
9.963548183e-02
1.005337760e-01
9.730371833e-02
9.639645368e-02
9.624181688e-02
9.591462463e-02
9.397511184e-02
9.250068665e-02
9.368991107e-02
9.118665010e-02
9.242277592e-02
9.098266810e-02
9.057584405e-02
8.910131454e-02
9.130595624e-02
8.790550381e-02
8.869279176e-02
9.039653838e-02
8.874275535e-02
8.915915340e-02
8.873771131e-02
8.815429360e-02
8.652474731e-02
8.558502793e-02
8.698088676e-02
8.400251716e-02
8.467948437e-02
8.309908956e-02
8.224177361e-02
8.032958955e-02
8.306212723e-02
7.924903929e-02
7.919748873e-02
8.027298748e-02
7.752301544e-02
7.686567307e-02
7.628796250e-02
7.623192668e-02
7.465679944e-02
7.292808592e-02
7.414521277e-02
7.148007303e-02
7.220015675e-02
7.170536369e-02
7.269051671e-02
7.256051153e-02
7.542793453e-02
7.184829563e-02
7.225903124e-02
7.286311686e-02
6.984272599e-02
6.994696707e-02
6.963706762e-02
6.926274300e-02
6.769579649e-02
6.634528190e-02
6.753663719e-02
6.479479373e-02
6.556138396e-02
6.491189450e-02
6.497748196e-02
6.310751289e-02
6.505481899e-02
6.197217107e-02
6.240928173e-02
6.400913000e-02
6.168298423e-02
6.221650541e-02
6.246364117e-02
6.308342516e-02
6.281779706e-02
6.226303056e-02
6.408870965e-02
6.192903966e-02
6.322519481e-02
6.197779253e-02
6.185170636e-02
6.084799394e-02
6.303076446e-02
5.957648531e-02
5.970649794e-02
6.060931087e-02
5.822262168e-02
5.831113830e-02
5.866416916e-02
5.812231079e-02
5.669773743e-02
5.567058548e-02
5.686421320e-02
5.438952893e-02
5.557641387e-02
5.474202707e-02
5.451897904e-02
5.316732451e-02
5.589082837e-02
5.282493681e-02
5.400960520e-02
5.587289482e-02
5.422869697e-02
5.495217070e-02
5.481656268e-02
5.503901467e-02
5.404658988e-02
5.313814804e-02
5.453021079e-02
5.212779343e-02
5.302274972e-02
5.252846703e-02
5.216702074e-02
5.067189410e-02
5.316115916e-02
5.038168281e-02
5.112131312e-02
5.241809785e-02
4.972939566e-02
4.960557446e-02
4.955009371e-02
4.998158291e-02
4.882940650e-02
4.859124869e-02
5.036599189e-02
4.781288281e-02
4.938758537e-02
4.942457750e-02
4.973503202e-02
4.883226752e-02
5.168902501e-02
4.834021255e-02
4.869491979e-02
5.023881793e-02
4.759823903e-02
4.763637111e-02
4.767278582e-02
4.760272056e-02
4.608524963e-02
4.531304538e-02
4.746430367e-02
4.491459206e-02
4.602026194e-02
4.488379881e-02
4.466747865e-02
4.301107675e-02
4.535899684e-02
4.223273322e-02
4.358595237e-02
4.520993307e-02
4.250003770e-02
4.203772917e-02
4.233806208e-02
4.270123318e-02
4.221256077e-02
4.231008515e-02
4.427753016e-02
4.202817008e-02
4.286824539e-02
4.269004241e-02
4.248605669e-02
4.147728160e-02
4.412051663e-02
4.072189704e-02
4.151431099e-02
4.341560975e-02
4.098750278e-02
4.104411229e-02
4.088999704e-02
4.057562724e-02
3.925721347e-02
3.902243078e-02
4.068217427e-02
3.782326728e-02
3.828280047e-02
3.811974451e-02
3.794432059e-02
3.677933663e-02
3.867726028e-02
3.549489006e-02
3.636072576e-02
3.809896857e-02
3.626769409e-02
3.749435768e-02
3.781991452e-02
3.854550794e-02
3.828329965e-02
3.788602352e-02
3.963030875e-02
3.713124245e-02
3.786027059e-02
3.597404435e-02
3.608500585e-02
3.464647382e-02
3.710321710e-02
3.353911638e-02
3.400928155e-02
3.565631062e-02
3.394316882e-02
3.431693092e-02
3.412192315e-02
3.405075148e-02
3.291375190e-02
3.221664578e-02
3.396391496e-02
3.208776936e-02
3.308747709e-02
3.240156546e-02
3.246656805e-02
3.213147074e-02
3.464366123e-02
3.085775115e-02
3.151619807e-02
3.317938000e-02
3.121808544e-02
3.175098449e-02
3.128196672e-02
3.079610132e-02
3.009278513e-02
2.974649891e-02
3.179751709e-02
2.969380468e-02
3.049570322e-02
2.984678932e-02
2.991572209e-02
2.881287597e-02
3.129259869e-02
2.782493457e-02
2.854838595e-02
3.061734512e-02
2.873498574e-02
2.938225307e-02
2.987370826e-02
3.067394160e-02
3.027885407e-02
2.988435514e-02
3.216453269e-02
3.031471558e-02
3.169998527e-02
3.070365265e-02
3.029904887e-02
2.930154279e-02
3.177398443e-02
2.821945027e-02
2.852764539e-02
3.055233322e-02
2.844528481e-02
2.839765698e-02
2.881682105e-02
2.842230722e-02
2.704994939e-02
2.626318857e-02
2.810401469e-02
2.576891892e-02
2.677197196e-02
2.643518895e-02
2.671987191e-02
2.581432648e-02
2.817966789e-02
2.534919791e-02
2.620264515e-02
2.805301733e-02
2.592471428e-02
2.666831389e-02
2.697709389e-02
2.763162181e-02
2.700794861e-02
2.654899284e-02
2.917435020e-02
2.772912756e-02
2.906844020e-02
2.839539945e-02
2.846209705e-02
2.752291039e-02
2.994993143e-02
2.673000097e-02
2.744501270e-02
2.869185619e-02
2.594041452e-02
2.620660700e-02
2.684148960e-02
2.737383544e-02
2.670977637e-02
2.585749142e-02
2.708695084e-02
2.451425046e-02
2.561764605e-02
2.510489710e-02
2.521416359e-02
2.461681701e-02
2.726007998e-02
2.400821820e-02
2.456917241e-02
2.632592060e-02
2.398412116e-02
2.419538982e-02
2.423853055e-02
2.461516857e-02
2.404520288e-02
2.348422632e-02
2.515925840e-02
2.305831388e-02
2.437245846e-02
2.390619554e-02
2.383560874e-02
2.314291894e-02
2.506120317e-02
2.155313082e-02
2.251807600e-02
2.459716424e-02
2.264135703e-02
2.293614112e-02
2.326004952e-02
2.382101305e-02
2.295016497e-02
2.263354138e-02
2.471994609e-02
2.270414494e-02
2.387427725e-02
2.306784131e-02
2.311939746e-02
2.247771993e-02
2.490935102e-02
2.117368765e-02
2.085202560e-02
2.232864313e-02
2.040535957e-02
2.048717253e-02
2.059927583e-02
2.009546198e-02
1.894718222e-02
1.822541282e-02
2.022435144e-02
1.823156700e-02
1.923072524e-02
1.859022118e-02
1.822933182e-02
1.716626063e-02
1.955240406e-02
1.609981991e-02
1.735397428e-02
1.879307255e-02
1.649266668e-02
1.708724536e-02
1.717075333e-02
1.769528538e-02
1.721950993e-02
1.623320952e-02
1.786452532e-02
1.532422472e-02
1.669889688e-02
1.614915952e-02
1.671683602e-02
1.573387533e-02
1.859358326e-02
1.539875101e-02
1.638506353e-02
1.828536764e-02
1.623879001e-02
1.658346504e-02
1.696341857e-02
1.727833599e-02
1.663444936e-02
1.688214391e-02
1.902115345e-02
1.693708263e-02
1.800012030e-02
1.668264158e-02
1.628476940e-02
1.571373455e-02
1.848544367e-02
1.507600676e-02
1.579890400e-02
1.756692864e-02
1.562967338e-02
1.589978300e-02
1.589417458e-02
1.588969119e-02
1.470335759e-02
1.399108488e-02
1.557195373e-02
1.351025328e-02
1.464395877e-02
1.393560693e-02
1.381060854e-02
1.243259292e-02
1.520434674e-02
1.261191256e-02
1.311628800e-02
1.467084698e-02
1.227122452e-02
1.261360943e-02
1.389357634e-02
1.513317134e-02
1.494713500e-02
1.469661668e-02
1.681097038e-02
1.458847523e-02
1.561006065e-02
1.525309402e-02
1.466469374e-02
1.394626219e-02
1.615421101e-02
1.306249574e-02
1.390815061e-02
1.568907313e-02
1.319585461e-02
1.404038165e-02
1.470557693e-02
1.504071243e-02
1.360438671e-02
1.279630139e-02
1.471342891e-02
1.302494109e-02
1.412278507e-02
1.333037578e-02
1.329282578e-02
1.227289625e-02
1.489724498e-02
1.187895145e-02
1.297847461e-02
1.519929618e-02
1.365260873e-02
1.450049412e-02
1.510682609e-02
1.512139477e-02
1.363411825e-02
1.351755764e-02
1.623714715e-02
1.445398480e-02
1.567002572e-02
1.512308046e-02
1.561062783e-02
1.492134854e-02
1.776924357e-02
1.424495410e-02
1.466244087e-02
1.628702320e-02
1.490454096e-02
1.524638571e-02
1.499028224e-02
1.522173733e-02
1.513599232e-02
1.396867912e-02
1.553388033e-02
1.328894403e-02
1.472185552e-02
1.439010352e-02
1.439794991e-02
1.336404122e-02
1.617103070e-02
1.272013318e-02
1.321776584e-02
1.483505312e-02
1.328726020e-02
1.312306616e-02
1.242762618e-02
1.272015460e-02
1.227127202e-02
1.185657736e-02
1.394291408e-02
1.238052174e-02
1.389640011e-02
1.321496442e-02
1.304235496e-02
1.235080790e-02
1.478629094e-02
1.149505284e-02
1.287643239e-02
1.472185086e-02
1.318017300e-02
1.434805151e-02
1.490788907e-02
1.494598202e-02
1.382125635e-02
1.324573718e-02
1.587681472e-02
1.453298610e-02
1.533267181e-02
1.477507502e-02
1.498353574e-02
1.376017835e-02
1.609758846e-02
1.291847043e-02
1.328720804e-02
1.492302306e-02
1.293751411e-02
1.369685121e-02
1.437771879e-02
1.489834860e-02
1.358252205e-02
1.306920033e-02
1.493980363e-02
1.289156452e-02
1.390810497e-02
1.286745351e-02
1.285289321e-02
1.191927120e-02
1.465231739e-02
1.162060536e-02
1.255700365e-02
1.439678203e-02
1.203808188e-02
1.227176748e-02
1.261585020e-02
1.318071689e-02
1.238608360e-02
1.127709262e-02
1.360605843e-02
1.193500124e-02
1.326535270e-02
1.279571652e-02
1.358532533e-02
1.306359190e-02
1.544979308e-02
1.178258751e-02
1.257717051e-02
1.405717060e-02
1.157745812e-02
1.118629705e-02
1.100751851e-02
1.155390218e-02
1.054184325e-02
9.899092838e-03
1.173433103e-02
1.006272156e-02
