-4.894902930e-03
-6.169250235e-03
-5.724431016e-03
-6.914623547e-03
-7.203154732e-03
-6.061051041e-03
-3.536400618e-03
-1.095905318e-03
1.729298616e-03
3.244088963e-03
2.462649485e-03
5.822052481e-05
-2.634739969e-03
-4.209640902e-03
-5.640275776e-03
-6.698224694e-03
-7.155066356e-03
-5.628253799e-03
-4.221662879e-03
-2.177898306e-03
4.910177086e-04
3.232066520e-03
3.953395411e-03
3.412398743e-03
1.789409318e-03
-1.781167462e-03
-4.017286468e-03
-5.544098560e-03
-5.988918245e-03
-4.702548962e-03
-3.752799239e-03
-2.382274950e-03
-3.625545360e-04
-4.997877841e-05
7.314606337e-04
1.272457186e-03
3.948405501e-04
-1.391234491e-05
-6.390638300e-04
-1.901388983e-03
-4.113463685e-03
-4.209640902e-03
-3.993242048e-03
-3.452245845e-03
-2.250031335e-03
-1.071861014e-03
2.265305520e-04
1.344589982e-03
7.074163295e-04
-4.106431152e-04
-2.322163898e-03
-3.596511437e-03
-4.774681292e-03
-5.147367716e-03
-4.762659315e-03
-2.358230529e-03
-5.308645195e-04
5.992170190e-04
7.314606337e-04
1.784419583e-04
-7.352409884e-04
-1.168038230e-03
-1.853300375e-03
-1.468591741e-03
-2.057676902e-03
-2.238009125e-03
-3.440223401e-03
-3.019448603e-03
-1.540724654e-03
-8.604521281e-05
8.396599442e-04
1.260434976e-03
5.631505628e-04
5.992170190e-04
-5.188423675e-04
-1.180060324e-03
-1.432525460e-03
-1.011750312e-03
-1.913411310e-03
-3.043492790e-03
-3.440223401e-03
-2.382274950e-03
-1.131971716e-03
-2.423331025e-04
4.068627022e-04
6.713498733e-04
-1.822223712e-04
-5.308645195e-04
-9.997282177e-04
-8.795066969e-04
-1.372414641e-03
-1.697012573e-03
-1.252193120e-03
-6.390638300e-04
2.385526750e-04
1.104147057e-03
1.452789293e-03
1.464811503e-03
1.837497926e-03
1.777387108e-03
1.224368578e-03
8.516820380e-04
6.473056274e-04
1.344589982e-03
1.741320710e-03
1.957719214e-03
2.715114504e-03
2.522760304e-03
1.933675143e-03
1.248412882e-03
1.404700684e-03
1.308523468e-03
9.839256527e-04
5.391063169e-04
5.391063169e-04
5.631505628e-04
9.238148923e-04
1.765365014e-03
3.027690109e-03
3.749018768e-03
4.241927061e-03
3.712952137e-03
2.246250864e-03
8.396599442e-04
5.150620127e-04
5.871948670e-04
3.347298189e-04
2.625969646e-04
1.813453622e-03
2.186140046e-03
2.306361450e-03
3.244088963e-03
4.314059392e-03
5.828849971e-03
3.640819574e-03
1.861542230e-03
2.265305520e-04
-1.461559295e-04
-5.789531278e-04
7.194384816e-04
1.392678590e-03
2.979601501e-03
4.085639026e-03
4.698768258e-03
4.422259051e-03
4.602591041e-03
4.734834656e-03
3.412398743e-03
1.969741425e-03
1.104147057e-03
5.270841648e-04
8.226481441e-05
-1.942445087e-04
2.114007249e-03
5.215720739e-03
6.225580350e-03
6.033226382e-03
6.153447554e-03
5.913004745e-03
6.466023624e-03
5.287853070e-03
3.532620380e-03
1.921652933e-03
4.309070064e-04
-6.029974320e-04
1.543976687e-04
2.847357886e-03
6.490068045e-03
9.098873474e-03
9.339315817e-03
9.122917429e-03
8.449677378e-03
7.752393372e-03
6.598267239e-03
5.864915904e-03
5.384030286e-03
4.506413825e-03
3.436443163e-03
3.388354555e-03
5.203698762e-03
7.692282088e-03
9.375382215e-03
1.180385519e-02
1.281371620e-02
1.197216567e-02
1.078197360e-02
9.471558966e-03
8.341478184e-03
7.115218788e-03
6.117381155e-03
5.432119127e-03
6.069292780e-03
9.050784633e-03
1.116668247e-02
1.281371620e-02
1.395582035e-02
1.459299307e-02
1.497770194e-02
1.361919940e-02
1.181587763e-02
8.810341358e-03
5.780761130e-03
4.506413825e-03
5.504251923e-03
6.646355614e-03
1.063770801e-02
1.343886741e-02
1.442468259e-02
1.495365798e-02
1.408806350e-02
1.262136176e-02
1.306618005e-02
1.240496244e-02
1.141914632e-02
1.131094713e-02
9.038762189e-03
8.113057353e-03
8.521810174e-03
1.010873355e-02
1.293393690e-02
1.494163461e-02
1.465310436e-02
1.305415854e-02
1.066175196e-02
1.004862227e-02
1.167161204e-02
1.303011458e-02
1.229676325e-02
1.000053436e-02
8.593942970e-03
8.882475086e-03
1.099837199e-02
1.390773151e-02
1.603564993e-02
1.680506766e-02
1.604767330e-02
1.478534751e-02
1.510994509e-02
1.545858663e-02
1.425637398e-02
1.312629133e-02
1.254922803e-02
1.223665290e-02
1.271753851e-02
3.939467669e-02
2.682842910e-01
9.875333905e-01
2.184818029e+00
3.691074371e+00
5.333479404e+00
6.998015881e+00
8.610763550e+00
1.010950279e+01
1.144623184e+01
1.259649658e+01
1.355496025e+01
1.432807255e+01
1.492506599e+01
1.536517334e+01
1.567225266e+01
1.586686802e+01
1.597008991e+01
1.600000000e+01
1.597864914e+01
1.592827702e+01
1.586433125e+01
1.579597282e+01
1.572079849e+01
1.564085102e+01
1.555687714e+01
1.546904278e+01
1.537109947e+01
1.525625038e+01
1.512439251e+01
1.497916508e+01
1.482099056e+01
1.464892864e+01
1.447070026e+01
1.428967190e+01
1.411719990e+01
1.395283508e+01
1.379131508e+01
1.362946129e+01
1.346269226e+01
1.328610039e+01
1.309904671e+01
1.290027332e+01
1.269619751e+01
1.249079800e+01
1.229293823e+01
1.209949112e+01
1.191170406e+01
1.173012066e+01
1.155589581e+01
1.138756371e+01
1.122527695e+01
1.106248379e+01
1.089305687e+01
1.071681118e+01
1.053407383e+01
1.034810352e+01
1.016455173e+01
9.985517502e+00
9.815715790e+00
9.653862953e+00
9.498452187e+00
9.346661568e+00
9.200664520e+00
9.060126305e+00
8.925190926e+00
8.785696983e+00
8.637127876e+00
8.483136177e+00
8.324888229e+00
8.169586182e+00
8.022783279e+00
7.887076378e+00
7.764784813e+00
7.648098946e+00
7.533731937e+00
7.419846535e+00
7.309195995e+00
7.196368217e+00
7.081485271e+00
6.962406158e+00
6.839697838e+00
6.712262154e+00
6.589528084e+00
6.473850727e+00
6.367310524e+00
6.270219326e+00
6.180847168e+00
6.094383240e+00
6.008785725e+00
5.922887802e+00
5.836256027e+00
5.745813370e+00
5.653928280e+00
5.559290409e+00
5.464940548e+00
5.370591164e+00
5.284188747e+00
5.202377796e+00
5.129836082e+00
5.065157413e+00
5.003904343e+00
4.942675591e+00
4.880184650e+00
4.813713074e+00
4.740738869e+00
4.663785458e+00
4.586326122e+00
4.510189533e+00
4.438718319e+00
4.372031212e+00
4.311836720e+00
4.255993843e+00
4.202880383e+00
4.147747040e+00
4.094596863e+00
4.041543007e+00
3.985484600e+00
3.929148436e+00
3.868305206e+00
3.805669069e+00
3.746399879e+00
3.691242695e+00
3.642420530e+00
3.595966578e+00
3.553949118e+00
3.510946035e+00
3.471236467e+00
3.431851149e+00
3.392935753e+00
3.351303101e+00
3.308516741e+00
3.263998747e+00
3.217713594e+00
3.171824932e+00
3.127499104e+00
3.085962772e+00
3.048225164e+00
3.015007973e+00
2.985132933e+00
2.956027031e+00
2.928003788e+00
2.897936583e+00
2.866209984e+00
2.830936909e+00
2.794690132e+00
2.756856203e+00
2.721451044e+00
2.690277576e+00
2.661268234e+00
2.637319565e+00
2.615631580e+00
2.594172239e+00
2.572400093e+00
2.548295259e+00
2.522074938e+00
2.491923809e+00
2.459331989e+00
2.425898314e+00
2.396431923e+00
2.369129181e+00
2.346299648e+00
2.325513124e+00
2.307251692e+00
2.288112402e+00
2.268708706e+00
2.249485254e+00
2.228266239e+00
2.205568314e+00
2.181319237e+00
2.155712605e+00
2.131475449e+00
2.106529951e+00
2.084396839e+00
2.064440012e+00
2.046214581e+00
2.029191256e+00
2.013393879e+00
1.996262550e+00
1.978373528e+00
1.960677385e+00
1.942415595e+00
1.925356269e+00
1.905796170e+00
1.884649158e+00
1.865774035e+00
1.848125577e+00
1.832665443e+00
1.820630789e+00
1.809137821e+00
1.797885418e+00
1.787233353e+00
1.774886608e+00
1.762732267e+00
1.749688268e+00
1.734588623e+00
1.716964364e+00
1.698005438e+00
1.681150198e+00
1.664655805e+00
1.650361419e+00
1.638423443e+00
1.628553271e+00
1.620594621e+00
1.611313581e+00
1.600433826e+00
1.588459730e+00
1.575019121e+00
1.561085463e+00
1.546454430e+00
1.529443145e+00
1.514259219e+00
1.500193238e+00
1.488820314e+00
1.480861664e+00
1.474994779e+00
1.467877746e+00
1.460820794e+00
1.451202989e+00
1.439216971e+00
1.423528075e+00
1.409329891e+00
1.395516396e+00
1.384792686e+00
1.376160741e+00
1.368863583e+00
1.360003233e+00
1.350674033e+00
1.340960145e+00
1.330524921e+00
1.320366383e+00
1.309618592e+00
1.298462033e+00
1.287618041e+00
1.278060436e+00
1.269849420e+00
1.262636065e+00
1.256264210e+00
1.249315500e+00
1.240996122e+00
1.230729103e+00
1.219392419e+00
1.208452106e+00
1.201106548e+00
1.194229841e+00
1.186824322e+00
1.179791331e+00
1.170329809e+00
1.160772204e+00
1.151347041e+00
1.141116261e+00
1.133734703e+00
1.126052499e+00
1.118466496e+00
1.110471725e+00
1.101984143e+00
1.092955470e+00
1.086379409e+00
1.079322457e+00
1.072061062e+00
1.064931870e+00
1.057562232e+00
1.050505280e+00
1.045119405e+00
1.041284323e+00
1.037822008e+00
1.032496214e+00
1.026773572e+00
1.021339536e+00
1.014390826e+00
1.005530477e+00
9.948667884e-01
9.856338501e-01
9.787451625e-01
9.738520980e-01
9.703776836e-01
9.671918154e-01
9.617577791e-01
9.557708502e-01
9.478842616e-01
9.404305816e-01
9.322795272e-01
9.240683913e-01
9.168072343e-01
9.090048075e-01
9.040156603e-01
8.986898065e-01
8.929673433e-01
8.878218532e-01
8.844195604e-01
8.800795674e-01
8.749341369e-01
8.698847890e-01
8.628037572e-01
8.562155962e-01
8.517073393e-01
8.481489420e-01
8.441816568e-01
8.409115672e-01
8.344436884e-01
8.258118033e-01
8.188509941e-01
8.143306375e-01
8.119382858e-01
8.071895242e-01
8.015631437e-01
7.948908210e-01
7.903344631e-01
7.875211835e-01
7.846719027e-01
7.818827629e-01
7.764608264e-01
7.681895494e-01
7.587881684e-01
7.525246143e-01
7.483890057e-01
7.455397248e-01
7.433878183e-01
7.412959337e-01
7.377373576e-01
7.325798869e-01
7.278552055e-01
7.235031724e-01
7.202571630e-01
7.176483870e-01
7.128876448e-01
7.086679339e-01
7.028732896e-01
6.971626878e-01
6.919209957e-01
6.896488667e-01
6.885908842e-01
6.856815219e-01
6.808847189e-01
6.753664017e-01
6.713149548e-01
6.699444056e-01
6.691028476e-01
6.676121354e-01
6.649311781e-01
6.594731212e-01
6.526445746e-01
6.474750042e-01
6.433153749e-01
6.414759755e-01
6.397567987e-01
6.360539794e-01
6.307041049e-01
6.270013452e-01
6.249455214e-01
6.231541038e-01
6.217475533e-01
6.204130650e-01
6.164217591e-01
6.101221442e-01
6.054214835e-01
6.014783382e-01
6.007089019e-01
5.999875665e-01
5.987853408e-01
5.961164236e-01
5.924136043e-01
5.893359780e-01
5.875326395e-01
5.860539079e-01
5.854046941e-01
5.828439593e-01
5.762318373e-01
5.691748261e-01
5.643299222e-01
5.615527630e-01
5.614926815e-01
5.607954264e-01
5.588237643e-01
5.546160340e-01
5.496508479e-01
5.450584292e-01
5.419446230e-01
5.410309434e-01
5.371598601e-01
5.316296220e-01
5.254741907e-01
5.191506147e-01
5.143296719e-01
5.118651390e-01
5.106869936e-01
5.099536180e-01
5.082344413e-01
5.044835210e-01
5.012496710e-01
4.984124601e-01
4.948899746e-01
4.910910130e-01
4.852240980e-01
4.776139557e-01
4.709898829e-01
4.655919075e-01
4.631033540e-01
4.641852379e-01
4.655919075e-01
4.671547711e-01
4.651470184e-01
4.610114694e-01
4.563829899e-01
4.515740871e-01
4.482680261e-01
4.443848729e-01
4.398283660e-01
4.342501760e-01
4.290205538e-01
4.275657833e-01
4.300664961e-01
4.327594340e-01
4.357529581e-01
4.357890189e-01
4.325069785e-01
4.281308353e-01
4.247165322e-01
4.232378304e-01
4.215907753e-01
4.185852408e-01
4.134157002e-01
4.081860781e-01
4.053729177e-01
4.055892825e-01
4.067193866e-01
4.076329768e-01
4.063345790e-01
4.000950754e-01
3.937714994e-01
3.886861205e-01
3.860172033e-01
3.853319585e-01
3.834805191e-01
3.784192204e-01
3.735141754e-01
3.691140711e-01
3.660003245e-01
3.642450869e-01
3.645095825e-01
3.639325202e-01
3.633795083e-01
3.602176905e-01
3.573804498e-01
3.551683724e-01
3.542546928e-01
3.517420590e-01
3.480993509e-01
3.441680968e-01
3.401647508e-01
3.364138305e-01
3.360411525e-01
3.371952772e-01
3.372433484e-01
3.354400396e-01
3.307393789e-01
3.266278207e-01
3.236222863e-01
3.224200606e-01
3.232615888e-01
3.251971900e-01
3.249206841e-01
3.236102760e-01
3.229250014e-01
3.203763068e-01
3.175150454e-01
3.143291473e-01
3.117804825e-01
3.103378117e-01
3.092077374e-01
3.100853562e-01
3.113236129e-01
3.116602302e-01
3.118405938e-01
3.104219735e-01
3.085585237e-01
3.054688275e-01
3.041223586e-01
3.034130633e-01
3.024512827e-01
3.016578257e-01
3.019343317e-01
3.014053702e-01
3.003474176e-01
2.986282408e-01
2.972096205e-01
2.955505550e-01
2.933865786e-01
2.928456366e-01
2.920761704e-01
2.906214893e-01
2.868826687e-01
2.833361328e-01
2.824585140e-01
2.836125791e-01
2.839732468e-01
2.835524976e-01
2.818934619e-01
2.772529125e-01
2.738025188e-01
2.725401223e-01
2.705324590e-01
2.693783045e-01
2.667454481e-01
2.629344463e-01
2.612032592e-01
2.607944906e-01
2.602054179e-01
2.595201433e-01
2.582458258e-01
2.571758330e-01
2.545549870e-01
2.504554987e-01
2.469450831e-01
2.451297045e-01
2.453701347e-01
2.446247637e-01
2.426891923e-01
2.397437692e-01
2.358846664e-01
2.314965874e-01
2.294047326e-01
2.299938053e-01
2.313523144e-01
2.303424627e-01
2.276735455e-01
2.250046283e-01
2.230690718e-01
2.211815417e-01
2.216504067e-01
2.230930924e-01
2.252210081e-01
2.249685526e-01
2.236100584e-01
2.222635746e-01
2.206045240e-01
2.186088413e-01
2.173104584e-01
2.157595605e-01
2.143409401e-01
2.123332322e-01
2.111310661e-01
2.110950053e-01
2.153748274e-01
2.190776616e-01
2.194864601e-01
2.158196568e-01
2.109627128e-01
2.055767924e-01
2.016575634e-01
2.013690472e-01
2.031122595e-01
2.054085284e-01
2.063462585e-01
2.067790478e-01
2.062500864e-01
2.060697526e-01
2.055648118e-01
2.042663693e-01
2.004914284e-01
1.962596178e-01
1.938431561e-01
1.927371323e-01
1.921720952e-01
1.934584528e-01
1.941076517e-01
1.923644394e-01
1.887217313e-01
1.868342459e-01
1.860888898e-01
1.852112710e-01
1.832516640e-01
1.806789190e-01
1.792242378e-01
1.789958179e-01
1.789357066e-01
1.783466190e-01
1.777214706e-01
1.746918857e-01
1.709650159e-01
1.673824340e-01
1.652785540e-01
1.658916920e-01
1.667091846e-01
1.678512990e-01
1.684283614e-01
1.670818776e-01
1.663725674e-01
1.647856534e-01
1.650020480e-01
1.639320701e-01
1.615637094e-01
1.596762240e-01
1.576565057e-01
1.562980115e-01
1.580412239e-01
1.610227078e-01
1.635593772e-01
1.635593772e-01
1.611188799e-01
1.578969508e-01
1.561898142e-01
1.558531970e-01
1.571515799e-01
1.572718024e-01
1.566105783e-01
1.550717503e-01
1.537493169e-01
1.549154669e-01
1.575002223e-01
1.604817063e-01
1.601090282e-01
1.580412239e-01
1.551318616e-01
1.523186862e-01
1.505153626e-01
1.492289901e-01
1.485918164e-01
1.468486041e-01
1.448889971e-01
1.421840042e-01
1.410298944e-01
1.397435218e-01
1.404167563e-01
1.418113261e-01
1.418594122e-01
1.414145976e-01
1.389260143e-01
1.353313923e-01
1.317608058e-01
1.305585951e-01
1.295006573e-01
1.285148263e-01
1.284186691e-01
1.272885799e-01
1.276372224e-01
1.277814806e-01
1.288394332e-01
1.293323338e-01
1.287192106e-01
1.276251972e-01
1.242590025e-01
1.200632676e-01
1.166489869e-01
1.144729778e-01
1.143767908e-01
1.164445952e-01
1.199911311e-01
1.221430898e-01
1.229966655e-01
1.236819252e-01
1.232130602e-01
1.201714575e-01
1.161200032e-01
1.101209521e-01
1.043383032e-01
9.979393333e-02
9.803869575e-02
9.874799848e-02
1.009841263e-01
1.040137038e-01
1.063580215e-01
1.049874946e-01
1.038453951e-01
1.010682806e-01
9.750972688e-02
9.360253066e-02
9.065710008e-02
8.708652109e-02
8.399683237e-02
8.114758879e-02
8.079893887e-02
8.166453242e-02
8.272248507e-02
8.350392431e-02
8.251810819e-02
7.939235121e-02
7.749284804e-02
7.601413131e-02
7.467967272e-02
7.404249907e-02
7.103696465e-02
6.923364103e-02
6.729807705e-02
6.632427871e-02
6.554283947e-02
6.491769105e-02
6.581935287e-02
6.758660078e-02
6.892105937e-02
6.829591095e-02
6.965441257e-02
7.080854475e-02
7.096482813e-02
7.039979100e-02
6.929375231e-02
6.756256521e-02
6.565103680e-02
6.544666737e-02
6.799536198e-02
7.094078511e-02
7.377801090e-02
7.499224693e-02
7.559335232e-02
7.335723191e-02
6.932981312e-02
6.595159322e-02
6.264550984e-02
6.015692279e-02
5.983232707e-02
6.078207493e-02
6.329470128e-02
6.836804748e-02
7.240748405e-02
7.261186093e-02
7.071236521e-02
6.441276520e-02
5.774047226e-02
5.160917714e-02
4.867577180e-02
4.888014868e-02
4.921676964e-02
4.909654707e-02
5.003427342e-02
5.112829059e-02
5.211410671e-02
5.218623579e-02
4.993809760e-02
4.680031538e-02
4.328985140e-02
3.927445784e-02
3.779573366e-02
3.733889014e-02
3.879356757e-02
4.005589336e-02
4.101766646e-02
4.075317830e-02
4.068104923e-02
4.111384600e-02
4.244830087e-02
4.505710676e-02
4.535766318e-02
4.390298203e-02
4.221988097e-02
3.887772560e-02
3.605252132e-02
3.393662348e-02
3.289069980e-02
3.303496167e-02
3.253003210e-02
3.146006167e-02
3.314316273e-02
3.564376757e-02
3.899794817e-02
4.040453956e-02
3.995971754e-02
3.748315573e-02
3.404482454e-02
3.083490953e-02
2.883923426e-02
2.832228318e-02
2.889934555e-02
3.034200147e-02
3.372022510e-02
3.683396056e-02
4.007994011e-02
4.217179120e-02
4.242425784e-02
4.066902399e-02
3.856515139e-02
3.565578908e-02
3.408088908e-02
3.303496167e-02
3.210925683e-02
3.162837401e-02
3.138792887e-02
3.176061437e-02
3.340764716e-02
3.327540681e-02
3.228959069e-02
