9.680328891e-03
1.019472163e-02
8.994473144e-03
8.994473144e-03
8.357606828e-03
8.431090973e-03
7.328822277e-03
7.353316527e-03
8.920988068e-03
7.818719372e-03
8.063668385e-03
7.769729476e-03
7.402306423e-03
6.153068505e-03
8.847503923e-03
8.676039986e-03
9.704824537e-03
8.969978429e-03
7.255337201e-03
7.941193879e-03
8.700534701e-03
7.965688594e-03
7.573770825e-03
8.063668385e-03
8.088163100e-03
8.137152530e-03
8.161647245e-03
6.789934821e-03
6.398017053e-03
5.687665194e-03
5.785645451e-03
7.304327097e-03
6.961398758e-03
6.495996378e-03
6.593975704e-03
6.985893473e-03
6.716449745e-03
6.104078144e-03
5.246757995e-03
3.826055676e-03
3.630096558e-03
4.022014793e-03
4.511911888e-03
5.516201723e-03
6.569480523e-03
5.271253176e-03
4.903829657e-03
6.128573325e-03
5.295747425e-03
4.879334942e-03
5.271253176e-03
5.834634881e-03
5.540696904e-03
6.202057470e-03
5.859129597e-03
6.716449745e-03
8.651544340e-03
8.235132322e-03
6.471501198e-03
8.357606828e-03
7.230842020e-03
5.883624777e-03
5.932614207e-03
7.647254970e-03
7.353316527e-03
6.153068505e-03
5.810139701e-03
5.981604103e-03
5.565191153e-03
7.353316527e-03
8.284121752e-03
7.598265074e-03
6.765440106e-03
6.544986274e-03
8.014678024e-03
7.181853056e-03
6.863419432e-03
7.132862695e-03
6.985893473e-03
7.230842020e-03
7.720740046e-03
5.222263280e-03
6.961398758e-03
8.920988068e-03
8.871998638e-03
8.602554910e-03
8.602554910e-03
8.259627037e-03
6.349027157e-03
7.255337201e-03
6.789934821e-03
5.075293593e-03
5.736655556e-03
5.540696904e-03
4.903829657e-03
5.810139701e-03
4.952819552e-03
4.217973445e-03
5.124283955e-03
4.952819552e-03
3.752571065e-03
4.217973445e-03
2.111414680e-03
1.474548131e-03
2.503332449e-03
1.670507132e-03
2.135909628e-03
2.674796851e-03
3.728075884e-03
3.483127337e-03
3.997519612e-03
3.973024432e-03
2.625806723e-03
9.846506873e-04
2.356363228e-03
2.160404343e-03
2.258383902e-03
8.621763554e-04
1.254094299e-03
3.507622285e-03
4.683375824e-03
3.777066013e-03
4.193478730e-03
3.115704283e-03
2.356363228e-03
3.483127337e-03
2.895250451e-03
2.576817060e-03
3.066714620e-03
3.973024432e-03
3.556611948e-03
4.144488834e-03
2.821765840e-03
1.817476237e-03
2.503332449e-03
1.572527573e-03
1.621517236e-03
1.327578793e-03
8.866711869e-04
2.184899291e-03
2.797271125e-03
2.008148731e-04
-1.170897740e-03
4.212687199e-04
3.458632389e-03
3.336158115e-03
2.797271125e-03
2.723786514e-03
2.478837734e-03
3.850550391e-03
3.164693946e-03
2.552322345e-03
2.478837734e-03
2.356363228e-03
1.915455679e-03
2.233888954e-03
3.287168453e-03
2.895250451e-03
2.625806723e-03
2.380858408e-03
3.213683842e-03
5.810139701e-03
5.197768100e-03
5.246757995e-03
5.271253176e-03
5.957108922e-03
6.765440106e-03
7.892203517e-03
8.553565480e-03
1.024371106e-02
8.700534701e-03
8.920988068e-03
9.508865885e-03
1.220330130e-02
1.171340421e-02
1.266870368e-02
1.188486721e-02
1.046416536e-02
1.198284794e-02
1.105204131e-02
1.107653696e-02
1.186037250e-02
1.404041611e-02
1.612248085e-02
1.560808811e-02
1.438334398e-02
1.433435362e-02
1.359950844e-02
1.538763382e-02
1.720025390e-02
1.658788323e-02
1.666136645e-02
1.653889380e-02
1.771464571e-02
1.756767742e-02
1.901287399e-02
1.492223144e-02
1.472627278e-02
1.617147028e-02
1.722474955e-02
1.756767742e-02
1.798409037e-02
1.749419235e-02
1.715126447e-02
1.756767742e-02
1.773914136e-02
1.800858416e-02
1.960075088e-02
1.930681244e-02
1.901287399e-02
1.818004809e-02
1.673485152e-02
1.622045971e-02
1.634293422e-02
1.641641743e-02
1.734722406e-02
1.871893555e-02
1.928231865e-02
1.874343120e-02
1.898838021e-02
1.717575826e-02
1.712677069e-02
1.759217307e-02
1.759217307e-02
1.558359340e-02
1.673485152e-02
1.597551070e-02
1.791060530e-02
2.048256621e-02
1.908635907e-02
2.043357678e-02
2.097246423e-02
2.126640268e-02
2.136438340e-02
2.305452898e-02
2.121741325e-02
2.158483677e-02
2.214821801e-02
2.119291760e-02
2.153584734e-02
2.190326899e-02
2.244215459e-02
2.031110227e-02
2.192776464e-02
2.361791022e-02
2.251564153e-02
2.305452898e-02
2.398533374e-02
2.288306504e-02
2.271159925e-02
3.018253483e-02
1.983887553e-01
9.242204428e-01
2.324053526e+00
4.074163437e+00
5.798654556e+00
7.306019783e+00
8.557237625e+00
9.581318855e+00
1.040554523e+01
1.103420448e+01
1.148135662e+01
1.176162720e+01
1.190661335e+01
1.193999958e+01
1.188062382e+01
1.174835110e+01
1.156263065e+01
1.134193325e+01
1.110122108e+01
1.085397053e+01
1.063907909e+01
1.048231220e+01
1.038528824e+01
1.031158447e+01
1.023707008e+01
1.014837456e+01
1.004686737e+01
9.922752380e+00
9.788080215e+00
9.639077187e+00
9.476408958e+00
9.302910805e+00
9.121501923e+00
8.932252884e+00
8.737715721e+00
8.538964272e+00
8.343520164e+00
8.145604134e+00
7.955352783e+00
7.766645908e+00
7.589595795e+00
7.422272682e+00
7.267072678e+00
7.114054203e+00
6.966153622e+00
6.821729660e+00
6.675227165e+00
6.533474922e+00
6.392042637e+00
6.253156662e+00
6.114221573e+00
5.975924015e+00
5.841202259e+00
5.706382275e+00
5.576094151e+00
5.445829391e+00
5.316300869e+00
5.190053940e+00
5.070811749e+00
4.948387146e+00
4.830590248e+00
4.717888832e+00
4.604992867e+00
4.496504784e+00
4.393063068e+00
4.290307045e+00
4.190686226e+00
4.091506481e+00
3.998621464e+00
3.901376247e+00
3.809324741e+00
3.717444420e+00
3.630340576e+00
3.544656754e+00
3.462427139e+00
3.377552748e+00
3.296670198e+00
3.217919588e+00
3.140540123e+00
3.068182945e+00
2.996461868e+00
2.925793648e+00
2.856375456e+00
2.790606737e+00
2.725573063e+00
2.660000324e+00
2.598445177e+00
2.536864996e+00
2.476656437e+00
2.416448355e+00
2.360991955e+00
2.304090023e+00
2.251549006e+00
2.198345661e+00
2.142717838e+00
2.091205120e+00
2.042411327e+00
1.993593216e+00
1.945901871e+00
1.900463939e+00
1.856813788e+00
1.812086225e+00
1.768314600e+00
1.725546360e+00
1.685203552e+00
1.644224048e+00
1.607211351e+00
1.567431808e+00
1.531301737e+00
1.497939706e+00
1.461417794e+00
1.425312161e+00
1.389622927e+00
1.356064916e+00
1.323045850e+00
1.291594386e+00
1.263106942e+00
1.232243419e+00
1.205127597e+00
1.176223397e+00
1.148348451e+00
1.120424271e+00
1.096811295e+00
1.068568587e+00
1.044024825e+00
1.019652367e+00
9.944716096e-01
9.737488627e-01
9.502338767e-01
9.268658757e-01
9.057022929e-01
8.834608793e-01
8.653102517e-01
8.443915248e-01
8.242320418e-01
8.011336923e-01
7.823216319e-01
7.624564767e-01
7.452609539e-01
7.247589231e-01
7.088372111e-01
6.935769320e-01
6.745689511e-01
6.585003734e-01
6.426277161e-01
6.290820837e-01
6.155608296e-01
6.002761126e-01
5.880776644e-01
5.725724101e-01
5.596390963e-01
5.455300808e-01
5.349239111e-01
5.205453038e-01
5.112863183e-01
4.972262681e-01
4.874038398e-01
4.767240584e-01
4.640356302e-01
4.537234008e-01
4.441459477e-01
4.345684052e-01
4.227128923e-01
4.146297276e-01
4.054687321e-01
3.936130702e-01
3.861666620e-01
3.760747015e-01
3.688242137e-01
3.597611189e-01
3.538823724e-01
3.436190188e-01
3.352662623e-01
3.288486004e-01
3.205448091e-01
3.130004108e-01
3.069501817e-01
3.009734452e-01
2.940413952e-01
2.869869173e-01
2.813530862e-01
2.724369466e-01
2.657743692e-01
2.604099810e-01
2.527675331e-01
2.457130104e-01
2.424062043e-01
2.323632985e-01
2.274887860e-01
2.249412537e-01
2.167599201e-01
2.119589895e-01
2.069864273e-01
2.019160539e-01
1.970170587e-01
1.930978596e-01
1.909667999e-01
1.870476305e-01
1.819036901e-01
1.766863018e-01
1.721057594e-01
1.669618636e-01
1.639489830e-01
1.585111171e-01
1.545184702e-01
1.518974900e-01
1.465821117e-01
1.444265395e-01
1.407278329e-01
1.368821114e-01
1.316892058e-01
1.266187429e-01
1.259573698e-01
1.213768423e-01
1.182660088e-01
1.154736206e-01
1.138569638e-01
1.084681079e-01
1.078802422e-01
9.996840358e-02
9.835173935e-02
9.600023925e-02
9.274242073e-02
9.181161970e-02
8.943560719e-02
8.630028367e-02
8.402225375e-02
7.995610684e-02
7.890283316e-02
7.552252710e-02
7.566949725e-02
7.189727575e-02
7.023163140e-02
6.751270592e-02
6.775765121e-02
6.332409382e-02
6.053167582e-02
5.991929397e-02
5.575519055e-02
5.477539822e-02
5.166453496e-02
5.012135953e-02
4.811277986e-02
4.549182951e-02
4.465900362e-02
3.990699723e-02
3.895169869e-02
3.552241623e-02
3.334237263e-02
2.917824499e-02
2.976612374e-02
2.609189227e-02
2.663077973e-02
2.562648803e-02
2.315250784e-02
2.143786661e-02
1.911085472e-02
1.739621349e-02
1.710227504e-02
1.607349142e-02
1.521616988e-02
1.200734265e-02
1.161542442e-02
8.651544340e-03
7.132862695e-03
4.879334942e-03
6.716449745e-03
4.340447951e-03
3.140198998e-03
2.650301903e-03
-3.135773877e-04
-2.469125902e-03
-5.065582227e-03
-7.588553708e-03
-9.572638199e-03
-9.646122344e-03
-8.298904635e-03
-1.028298959e-02
-1.079738233e-02
-1.118929964e-02
-1.042995881e-02
-1.204662025e-02
-1.339383703e-02
-1.628423296e-02
-1.608827338e-02
-1.596579887e-02
-2.020341158e-02
-2.069330961e-02
-2.316729166e-02
-2.311830223e-02
-2.368168160e-02
-2.324077487e-02
-2.333875559e-02
-2.774783038e-02
-2.828671783e-02
-3.107913397e-02
-3.267129883e-02
-3.458189964e-02
-3.237736225e-02
-3.720284998e-02
-3.884400800e-02
-4.065662995e-02
-4.388995096e-02
-4.604550079e-02
-4.599650949e-02
-4.905836657e-02
-4.994018003e-02
-5.143436044e-02
-5.025861412e-02
-5.187526718e-02
-5.101795495e-02
-5.243864655e-02
-5.449621752e-02
-5.606387556e-02
-5.542701110e-02
-5.714165047e-02
-5.711715668e-02
-5.785201490e-02
-6.022803858e-02
-5.932171643e-02
-6.013005972e-02
-6.015455350e-02
-6.211414188e-02
-6.346136332e-02
-6.147728115e-02
-6.292246282e-02
-6.284897774e-02
-6.338787079e-02
-6.385328621e-02
-6.498004496e-02
-6.458812207e-02
-6.951160729e-02
-6.840933859e-02
-6.836035103e-02
-7.068736106e-02
-7.107927650e-02
-7.264695317e-02
-7.396966964e-02
-7.504743338e-02
-7.475350052e-02
-7.507193089e-02
-7.705601305e-02
-7.700702548e-02
-7.813379169e-02
-7.651712745e-02
-7.722748071e-02
-7.590475678e-02
-7.877065986e-02
-7.933404297e-02
-7.884413749e-02
-7.923605293e-02
-7.975044847e-02
-7.972595841e-02
-8.117115498e-02
-8.273882419e-02
-8.239589632e-02
-8.090171218e-02
-8.411052823e-02
-8.239589632e-02
-8.575168252e-02
-8.567819744e-02
-8.592314273e-02
-8.335118741e-02
-8.680495620e-02
-8.643753827e-02
-8.881354332e-02
-9.133651108e-02
-9.045470506e-02
-8.886253834e-02
-8.984231949e-02
-9.040571004e-02
-8.971984684e-02
-8.903399110e-02
-9.082212299e-02
-9.155698121e-02
-9.339410067e-02
-9.292868525e-02
-9.341857582e-02
-9.106706828e-02
-9.349207580e-02
-9.378600866e-02
-9.256126732e-02
-9.425141662e-02
-9.312465042e-02
-9.395747632e-02
-9.339407831e-02
-9.400646389e-02
-9.422691166e-02
-9.398196638e-02
-9.711731225e-02
-9.562312067e-02
-9.635797143e-02
-9.513323009e-02
-9.481478482e-02
-9.305116534e-02
-9.706832469e-02
-9.611302614e-02
-9.486377239e-02
-9.628447890e-02
-9.640695155e-02
-9.503525496e-02
-9.461883456e-02
-9.393297136e-02
-9.398195893e-02
-9.187539667e-02
-9.390848130e-02
-9.434937686e-02
-9.589255601e-02
-9.491275996e-02
-9.447184950e-02
-9.212034196e-02
-9.716629237e-02
-9.510874003e-02
-9.456984699e-02
-9.674987197e-02
-9.657842666e-02
-9.640695900e-02
-9.672538936e-02
-9.770519286e-02
-9.814610332e-02
-9.498624504e-02
-9.719078243e-02
-9.692134708e-02
-9.817057848e-02
-9.777866304e-02
-9.826856107e-02
-9.515770525e-02
-9.910139441e-02
-9.995871782e-02
-9.944432229e-02
-1.024327129e-01
-1.018448323e-01
-9.964028746e-02
-9.885643423e-02
-1.008895189e-01
-1.022122651e-01
-1.026041731e-01
-1.041473821e-01
-1.029960886e-01
-1.039514244e-01
-1.044413149e-01
-1.060579717e-01
-1.043188423e-01
-1.079196110e-01
-1.070867851e-01
-1.058865115e-01
-1.072827503e-01
-1.090953648e-01
-1.103445813e-01
-1.102221087e-01
-1.104425862e-01
-1.112508848e-01
-1.105650291e-01
-1.123776734e-01
-1.119367704e-01
-1.122062132e-01
-1.109569520e-01
-1.114468724e-01
-1.097322330e-01
-1.149741337e-01
-1.125981361e-01
-1.128675714e-01
-1.138963550e-01
-1.139453426e-01
-1.149496436e-01
-1.164438277e-01
-1.165663004e-01
-1.171786711e-01
-1.146067083e-01
-1.163948402e-01
-1.159784198e-01
-1.161743775e-01
-1.149741337e-01
-1.172031686e-01
-1.141413078e-01
-1.173746064e-01
-1.177420318e-01
-1.167622581e-01
-1.179134920e-01
-1.169581935e-01
-1.177420467e-01
-1.175215989e-01
-1.170316786e-01
-1.168112457e-01
-1.143617630e-01
-1.168602332e-01
-1.166397855e-01
-1.187218502e-01
-1.171786711e-01
-1.156110018e-01
-1.156110018e-01
-1.197506338e-01
-1.189178079e-01
-1.171541810e-01
-1.184524000e-01
-1.170072034e-01
-1.177665442e-01
-1.195056587e-01
-1.198731065e-01
-1.203875020e-01
-1.178155318e-01
-1.194566712e-01
-1.181339696e-01
-1.188688204e-01
-1.186238751e-01
-1.219306514e-01
-1.190647781e-01
-1.220041439e-01
-1.206569374e-01
-1.193097308e-01
-1.221021190e-01
-1.201425567e-01
-1.202160344e-01
-1.196526513e-01
-1.180849820e-01
-1.186973527e-01
-1.174726114e-01
-1.191872507e-01
-1.186238751e-01
-1.197996214e-01
-1.190892681e-01
-1.197016388e-01
-1.196036637e-01
-1.226655245e-01
-1.231799200e-01
-1.217102259e-01
-1.220531464e-01
-1.215387508e-01
-1.226900145e-01
-1.244536415e-01
-1.245271564e-01
-1.229104698e-01
-1.219551712e-01
-1.238167733e-01
-1.222980917e-01
-1.225185543e-01
-1.213428006e-01
-1.215632558e-01
-1.180114970e-01
-1.208284125e-01
-1.198975965e-01
-1.184034124e-01
-1.196771488e-01
-1.193097308e-01
-1.186238751e-01
-1.195301786e-01
-1.207548976e-01
-1.222246215e-01
-1.187953353e-01
-1.211468130e-01
-1.216857284e-01
-1.224695668e-01
-1.216367111e-01
-1.219306737e-01
-1.205589622e-01
-1.223470941e-01
-1.221266314e-01
-1.222491041e-01
-1.256048977e-01
-1.242331937e-01
-1.233268827e-01
-1.239147633e-01
-1.249190494e-01
-1.258498579e-01
-1.251884997e-01
-1.253109723e-01
-1.253109723e-01
-1.253599524e-01
-1.235473379e-01
-1.227390021e-01
-1.193587184e-01
-1.199710816e-01
-1.179380119e-01
-1.168602332e-01
-1.174481139e-01
-1.163703427e-01
-1.153170615e-01
-1.136514097e-01
-1.137983799e-01
-1.161008924e-01
-1.118877828e-01
-1.142882779e-01
-1.139453426e-01
-1.154150367e-01
-1.145577207e-01
-1.145332232e-01
-1.124511585e-01
-1.161988750e-01
-1.144842356e-01
-1.136024222e-01
-1.160764024e-01
-1.153170615e-01
-1.147536859e-01
-1.145577207e-01
-1.135779247e-01
-1.148026735e-01
-1.122796983e-01
-1.134064645e-01
-1.131615117e-01
-1.144597381e-01
-1.134554520e-01
-1.131125242e-01
-1.116918176e-01
-1.140433326e-01
-1.151211038e-01
-1.138718650e-01
-1.172276661e-01
-1.170317084e-01
-1.167132705e-01
-1.176930591e-01
-1.170072034e-01
-1.163703427e-01
-1.151945889e-01
-1.162968501e-01
-1.159784198e-01
-1.165173128e-01
-1.164928153e-01
-1.175705865e-01
-1.167132705e-01
-1.192362458e-01
-1.166397855e-01
-1.163213551e-01
-1.179625094e-01
-1.168357432e-01
-1.165173128e-01
-1.152435765e-01
-1.174726114e-01
-1.190892681e-01
-1.168112457e-01
-1.176685691e-01
-1.180849820e-01
-1.182074547e-01
-1.190402806e-01
-1.190892681e-01
-1.185013875e-01
-1.214897931e-01
-1.207059398e-01
-1.178400367e-01
-1.178155318e-01
-1.168112457e-01
-1.192117408e-01
-1.185503900e-01
-1.182809398e-01
-1.187463477e-01
-1.182564422e-01
-1.201670691e-01
-1.198975965e-01
-1.203140169e-01
-1.187953353e-01
-1.193587184e-01
-1.176930591e-01
-1.206324697e-01
-1.193342209e-01
-1.190402806e-01
-1.197016388e-01
-1.200445741e-01
-1.206079498e-01
-1.207304224e-01
-1.200445741e-01
-1.197751239e-01
-1.199220940e-01
-1.209998727e-01
-1.202650294e-01
-1.190647781e-01
-1.195791662e-01
-1.193832159e-01
-1.162233651e-01
-1.198731065e-01
-1.190402806e-01
-1.166887730e-01
-1.173011437e-01
-1.180359945e-01
-1.191872507e-01
-1.189912930e-01
-1.194322035e-01
-1.188688204e-01
-1.180604845e-01
-1.185993776e-01
-1.183789149e-01
-1.205589622e-01
-1.204854771e-01
-1.193097308e-01
-1.173991263e-01
-1.219306737e-01
-1.211958304e-01
-1.189912930e-01
-1.205589622e-01
-1.206569374e-01
-1.205834597e-01
-1.216122434e-01
-1.200690717e-01
-1.189912930e-01
-1.185258850e-01
-1.202895194e-01
-1.193832159e-01
-1.189178079e-01
-1.192852333e-01
-1.195791662e-01
-1.173991263e-01
-1.215387508e-01
-1.204364896e-01
-1.191382557e-01
-1.209508851e-01
-1.202650294e-01
-1.207059398e-01
-1.216612384e-01
-1.213672906e-01
-1.225430518e-01
-1.218326986e-01
-1.218326986e-01
-1.212203205e-01
-1.209998727e-01
-1.215632558e-01
-1.220286340e-01
-1.208774000e-01
-1.234493554e-01
-1.206079349e-01
-1.208038852e-01
-1.233268604e-01
-1.224695370e-01
-1.222735792e-01
-1.201670244e-01
-1.189912930e-01
-1.199955568e-01
-1.179870069e-01
-1.199465692e-01
-1.195056587e-01
-1.205099449e-01
-1.198975816e-01
-1.199955568e-01
-1.172521338e-01
-1.191872284e-01
-1.196526289e-01
-1.190892532e-01
-1.204854622e-01
-1.194811612e-01
-1.187708154e-01
-1.187708154e-01
-1.187463179e-01
-1.178645268e-01
-1.134309620e-01
-1.172521561e-01
-1.165418029e-01
-1.198730841e-01
-1.189667955e-01
-1.172766536e-01
-1.137248948e-01
-1.161988750e-01
-1.157334745e-01
-1.151700914e-01
-1.164683253e-01
-1.154395342e-01
-1.138228700e-01
-1.154640242e-01
-1.158559471e-01
-1.153415516e-01
-1.152190790e-01
-1.181339696e-01
-1.172766536e-01
-1.155375093e-01
-1.161743775e-01
-1.161008924e-01
-1.141413078e-01
-1.148761585e-01
-1.142392904e-01
-1.128185838e-01
-1.138718650e-01
-1.126716211e-01
-1.136023924e-01
-1.135289073e-01
-1.150231212e-01
-1.161253899e-01
-1.149006486e-01
