5.083798245e-02
5.043261126e-02
4.958618432e-02
4.906813055e-02
4.848781228e-02
4.819791391e-02
4.793415219e-02
4.759483039e-02
4.731774703e-02
4.673270509e-02
4.653499648e-02
4.660153389e-02
4.653074592e-02
4.626080394e-02
4.567626491e-02
4.542339593e-02
4.519240186e-02
4.452791810e-02
4.424562678e-02
4.435492679e-02
4.435873032e-02
4.421948642e-02
4.365584999e-02
4.312267527e-02
4.274772480e-02
4.249679297e-02
4.256235808e-02
4.227003455e-02
4.263930395e-02
4.243923724e-02
4.194114730e-02
4.156857729e-02
4.118271917e-02
4.095982388e-02
4.119079560e-02
4.091326147e-02
4.076682404e-02
4.069315270e-02
4.061476514e-02
4.039467871e-02
3.982628509e-02
3.934728354e-02
3.929406404e-02
3.890058026e-02
3.876941651e-02
3.815726563e-02
3.773000091e-02
3.733555973e-02
3.684464470e-02
3.620404378e-02
3.559285030e-02
3.499598056e-02
3.487810120e-02
3.521836549e-02
3.495317698e-02
3.497365117e-02
3.496555611e-02
3.501260653e-02
3.504727781e-02
3.489376977e-02
3.440144658e-02
3.382350877e-02
3.383254260e-02
3.321713954e-02
3.314818442e-02
3.313821182e-02
3.338106349e-02
3.271762654e-02
3.244198114e-02
3.212932870e-02
3.225670010e-02
3.209608793e-02
3.155851364e-02
3.131945431e-02
3.103337251e-02
3.064273857e-02
3.054864891e-02
3.008480556e-02
2.982721105e-02
2.982008643e-02
2.990468591e-02
2.973644994e-02
2.929590456e-02
2.891998552e-02
2.903405204e-02
2.910059132e-02
2.898794971e-02
2.866240963e-02
2.833732776e-02
2.790150419e-02
2.740439028e-02
2.695956081e-02
2.667679451e-02
2.667012624e-02
2.622151561e-02
2.617493458e-02
2.638973854e-02
2.616400272e-02
2.561556548e-02
2.521064132e-02
2.564217895e-02
2.566831559e-02
2.548961341e-02
2.560177445e-02
2.554284595e-02
2.547821589e-02
2.510326542e-02
2.494834736e-02
2.477296628e-02
2.475347929e-02
2.472829260e-02
2.470834181e-02
2.438660525e-02
2.458811551e-02
2.432719804e-02
2.447357215e-02
2.409433387e-02
2.376735397e-02
2.346223034e-02
2.333914489e-02
2.333820239e-02
2.302739955e-02
2.295324951e-02
2.305353805e-02
2.318469621e-02
2.315477282e-02
2.279404923e-02
2.281543799e-02
2.279168554e-02
2.277077176e-02
2.248798497e-02
2.202982083e-02
2.208449878e-02
2.227507159e-02
2.242240682e-02
2.260206454e-02
2.281307243e-02
2.301028557e-02
2.264577337e-02
2.275603823e-02
2.273844182e-02
2.313718200e-02
2.324078791e-02
2.285868302e-02
2.293043956e-02
2.297512628e-02
2.291523293e-02
2.245472372e-02
2.215434611e-02
2.242240123e-02
2.243855596e-02
2.188200876e-02
2.227553353e-02
2.233828045e-02
2.199846320e-02
2.149848826e-02
2.139915340e-02
2.119383775e-02
2.100230753e-02
2.083073929e-02
2.054607868e-02
2.034313232e-02
2.046289854e-02
2.017108351e-02
2.018013224e-02
2.013594098e-02
2.017728426e-02
2.022243664e-02
1.972957887e-02
1.908512041e-02
1.871060394e-02
1.837984473e-02
1.850815490e-02
1.862935163e-02
1.844733395e-02
1.802577637e-02
1.804382913e-02
1.834847778e-02
1.875576377e-02
1.838460192e-02
1.821920648e-02
1.838934049e-02
1.814315282e-02
1.807566732e-02
1.797681488e-02
1.782093570e-02
1.767217927e-02
1.752485335e-02
1.731098443e-02
1.701253839e-02
1.719407924e-02
1.729578339e-02
1.687520929e-02
1.677684300e-02
1.722735167e-02
1.731147803e-02
1.766126603e-02
1.759710349e-02
1.710616611e-02
1.750490069e-02
1.730433851e-02
1.686477847e-02
1.718648337e-02
1.725158840e-02
1.680726930e-02
1.734475233e-02
1.772163436e-02
1.724969968e-02
1.667515934e-02
1.652829908e-02
1.707720943e-02
1.730198413e-02
1.704062335e-02
1.667374745e-02
1.715702564e-02
1.693890430e-02
1.656015776e-02
1.635530405e-02
1.619419642e-02
1.628734171e-02
1.591476053e-02
1.553835440e-02
1.547514088e-02
1.561629586e-02
1.563862152e-02
1.525747217e-02
1.482879277e-02
1.480503101e-02
1.495854184e-02
1.440961938e-02
1.463821344e-02
1.474325452e-02
1.461160462e-02
1.404699218e-02
1.374425367e-02
1.429793332e-02
1.499227341e-02
1.512724813e-02
1.463155635e-02
1.469048113e-02
1.494046766e-02
1.515434496e-02
1.568377391e-02
1.570324413e-02
1.622081175e-02
1.704345830e-02
1.746498048e-02
1.774255373e-02
1.759901643e-02
1.815364324e-02
1.779720187e-02
1.328467205e-02
7.852078415e-03
9.909428656e-03
7.029251009e-02
5.176704526e-01
1.858000278e+00
4.081723213e+00
6.657910824e+00
9.029829025e+00
1.087300968e+01
1.210966587e+01
1.280435658e+01
1.306999969e+01
1.301227093e+01
1.272952366e+01
1.230597019e+01
1.181120014e+01
1.129586983e+01
1.079939365e+01
1.033955765e+01
9.923107147e+00
9.552822113e+00
9.229644775e+00
8.945423126e+00
8.698830605e+00
8.481163979e+00
8.284403801e+00
8.103379250e+00
7.931884766e+00
7.764648914e+00
7.591652870e+00
7.384533405e+00
7.147226810e+00
6.930397987e+00
6.762531757e+00
6.624129295e+00
6.491856098e+00
6.352411747e+00
6.210318565e+00
6.070236206e+00
5.939982891e+00
5.818060875e+00
5.703894615e+00
5.596712589e+00
5.491445065e+00
5.386071682e+00
5.278498650e+00
5.169080257e+00
5.059584618e+00
4.948621273e+00
4.839638710e+00
4.729640007e+00
4.623819828e+00
4.517961025e+00
4.413313866e+00
4.301019192e+00
4.165746689e+00
4.019444942e+00
3.895723343e+00
3.803041935e+00
3.723627567e+00
3.642781258e+00
3.556886435e+00
3.469852448e+00
3.385940313e+00
3.304521561e+00
3.228475571e+00
3.156017303e+00
3.088404417e+00
3.024502993e+00
2.963022709e+00
2.900838137e+00
2.839432001e+00
2.777142048e+00
2.713649035e+00
2.650563717e+00
2.588233709e+00
2.526765347e+00
2.466574430e+00
2.406402826e+00
2.341019392e+00
2.257549524e+00
2.171530724e+00
2.103213310e+00
2.054128170e+00
2.011123419e+00
1.967736959e+00
1.920910835e+00
1.875116110e+00
1.830665708e+00
1.786428690e+00
1.745130181e+00
1.705923796e+00
1.669502735e+00
1.636115909e+00
1.604946375e+00
1.574945927e+00
1.543464184e+00
1.513158917e+00
1.480863929e+00
1.449106216e+00
1.416727424e+00
1.385722518e+00
1.353521705e+00
1.321118593e+00
1.283315897e+00
1.231204987e+00
1.178295612e+00
1.138783693e+00
1.111841440e+00
1.088943958e+00
1.065217495e+00
1.040558219e+00
1.014562607e+00
9.911953807e-01
9.673013687e-01
9.449235797e-01
9.235996604e-01
9.049255848e-01
8.884652853e-01
8.740693927e-01
8.610816598e-01
8.461344242e-01
8.314644098e-01
8.160999417e-01
7.999138832e-01
7.835942507e-01
7.676836252e-01
7.520614862e-01
7.339863181e-01
7.122294307e-01
6.786752939e-01
6.430175304e-01
6.191442013e-01
6.060602069e-01
5.959326029e-01
5.852733850e-01
5.743912458e-01
5.611382723e-01
5.499657393e-01
5.393184423e-01
5.273806453e-01
5.170562863e-01
5.080166459e-01
5.009723306e-01
4.944289625e-01
4.897029698e-01
4.845322669e-01
4.784034789e-01
4.717248082e-01
4.640643895e-01
4.558604956e-01
4.483891428e-01
4.411982596e-01
4.301260710e-01
4.156004488e-01
3.910713792e-01
3.651270568e-01
3.500098884e-01
3.431842029e-01
3.394175470e-01
3.333912492e-01
3.278189301e-01
3.219610453e-01
3.156414032e-01
3.099251091e-01
3.049684167e-01
2.991900742e-01
2.954883277e-01
2.941361964e-01
2.915742397e-01
2.919811010e-01
2.923414111e-01
2.904469371e-01
2.884124517e-01
2.856712639e-01
2.831363976e-01
2.792761624e-01
2.763828933e-01
2.716999650e-01
2.612131238e-01
2.419216484e-01
2.217482924e-01
2.099154592e-01
2.068283409e-01
2.070792317e-01
2.040020674e-01
2.017981261e-01
1.997659653e-01
1.964771301e-01
1.941302866e-01
1.916675866e-01
1.897351146e-01
1.877093464e-01
1.879516393e-01
1.898821741e-01
1.909448057e-01
1.924270093e-01
1.937401891e-01
1.940779984e-01
1.942999214e-01
1.944030821e-01
1.914974302e-01
1.901363581e-01
1.883047223e-01
1.800779402e-01
1.635045558e-01
1.457994580e-01
1.376518458e-01
1.354676187e-01
1.364289969e-01
1.360726207e-01
1.343540549e-01
1.336535066e-01
1.328536272e-01
1.320448667e-01
1.314198524e-01
1.318775266e-01
1.300833821e-01
1.317173839e-01
1.340716630e-01
1.357916892e-01
1.384783387e-01
1.409970373e-01
1.432194710e-01
1.435615867e-01
1.447102427e-01
1.454011947e-01
1.445015818e-01
1.424755901e-01
1.362427920e-01
1.207341626e-01
1.048178002e-01
9.814765304e-02
9.607025981e-02
9.808824956e-02
9.915994853e-02
9.783870727e-02
9.737624228e-02
9.717331082e-02
9.735532105e-02
9.666481614e-02
9.710679203e-02
9.825880080e-02
9.950401634e-02
1.027085632e-01
1.062041298e-01
1.089257970e-01
1.114195660e-01
1.144987270e-01
1.141109690e-01
1.158366874e-01
1.175266579e-01
1.174126342e-01
1.164331362e-01
1.107798740e-01
9.765715897e-02
8.285424858e-02
7.693652809e-02
7.768315077e-02
7.890109718e-02
7.999987900e-02
8.019615710e-02
7.961351424e-02
7.982736081e-02
8.103406429e-02
7.931982726e-02
7.994899154e-02
8.163992316e-02
8.275637776e-02
8.545704931e-02
8.897529542e-02
9.331207722e-02
9.606169164e-02
9.940795600e-02
1.019335017e-01
1.029729098e-01
1.035117283e-01
1.041290760e-01
1.031961963e-01
9.880676121e-02
8.730531484e-02
7.173485309e-02
6.603053957e-02
6.635082513e-02
6.722424924e-02
6.821045280e-02
6.871701032e-02
6.954006851e-02
6.986855716e-02
7.107663155e-02
7.220590115e-02
7.214793563e-02
7.301907986e-02
7.470849156e-02
7.703018188e-02
8.118326962e-02
8.595319837e-02
8.784280717e-02
9.054132551e-02
9.328586608e-02
9.417547286e-02
9.537544101e-02
9.602708369e-02
9.585171938e-02
9.085360169e-02
7.900229841e-02
6.603046507e-02
5.967613310e-02
6.017319486e-02
6.219729409e-02
6.270299107e-02
6.305418909e-02
6.458523870e-02
6.366187334e-02
6.516263634e-02
6.636600196e-02
6.594252586e-02
6.645289809e-02
6.858965755e-02
7.191886008e-02
7.469707727e-02
7.907747477e-02
8.319363743e-02
8.557157964e-02
8.731288463e-02
8.866831660e-02
8.993585408e-02
9.128560871e-02
9.171568602e-02
8.618898690e-02
7.491527498e-02
6.226859242e-02
5.559335649e-02
5.582000315e-02
5.771952122e-02
5.922892317e-02
5.880881101e-02
5.983575061e-02
6.108996272e-02
6.093075499e-02
6.183659658e-02
6.270008534e-02
6.304222345e-02
6.513746828e-02
6.904488802e-02
7.105948776e-02
7.528871298e-02
7.931882888e-02
8.097837120e-02
8.312606066e-02
8.451651037e-02
8.669604361e-02
8.694171160e-02
8.689374477e-02
8.350759745e-02
7.193830609e-02
5.955918133e-02
5.379835144e-02
5.363391712e-02
5.556622520e-02
5.791152641e-02
5.713257939e-02
5.801892653e-02
5.894184858e-02
5.869707465e-02
5.938524380e-02
5.977826938e-02
6.110136583e-02
6.226001307e-02
6.539030373e-02
6.886809319e-02
7.245065272e-02
7.599412650e-02
7.905744016e-02
8.001796901e-02
8.148793131e-02
8.370816708e-02
8.372095227e-02
8.449325711e-02
8.179066330e-02
7.026249170e-02
5.798137560e-02
5.212777108e-02
5.258498341e-02
5.381878465e-02
5.479444936e-02
5.501163006e-02
5.505298451e-02
5.606808886e-02
5.677041784e-02
5.695911124e-02
5.805259570e-02
5.993749574e-02
6.011426076e-02
6.292918324e-02
6.704273075e-02
6.981104612e-02
7.328275591e-02
7.605688274e-02
7.870670408e-02
7.980834693e-02
8.138290048e-02
8.257422596e-02
8.223920316e-02
7.915017009e-02
6.902445108e-02
5.647110194e-02
5.135692284e-02
5.210784078e-02
5.263540521e-02
5.373227224e-02
5.433822796e-02
5.382446200e-02
5.471651256e-02
5.562612414e-02
5.604097992e-02
5.541986227e-02
5.661031231e-02
5.862107873e-02
6.055957824e-02
6.365336478e-02
6.698283553e-02
6.981437653e-02
7.258371264e-02
7.522612065e-02
7.533783466e-02
7.752334327e-02
7.910265028e-02
7.823145390e-02
7.456265390e-02
6.438985467e-02
5.247996002e-02
4.591902345e-02
4.699311778e-02
4.956662282e-02
5.024718121e-02
5.039879680e-02
5.061455816e-02
5.068964139e-02
5.188352242e-02
5.412576720e-02
5.360730365e-02
5.479920655e-02
5.657520890e-02
5.776278675e-02
6.127816066e-02
6.499682367e-02
6.847655773e-02
6.987524033e-02
7.221543044e-02
7.444811612e-02
7.517669350e-02
7.626268268e-02
7.594854385e-02
7.204812765e-02
6.229995936e-02
5.137355253e-02
4.407795891e-02
4.508401453e-02
4.795745760e-02
4.802682251e-02
4.757489637e-02
4.743231833e-02
4.827870801e-02
4.844218120e-02
4.905906320e-02
4.976147413e-02
4.995680973e-02
5.166154355e-02
5.490663648e-02
5.743253604e-02
6.084475294e-02
6.554000080e-02
6.685787439e-02
6.934151798e-02
7.129342854e-02
7.213461399e-02
7.362692803e-02
7.331980020e-02
7.015698403e-02
6.007053331e-02
4.926485568e-02
4.406986013e-02
4.408887401e-02
4.572747648e-02
4.704970494e-02
4.685340822e-02
4.780155793e-02
4.936227947e-02
4.852582887e-02
4.970161989e-02
5.074337497e-02
5.062691122e-02
5.209639668e-02
5.377307907e-02
5.673872307e-02
5.919711292e-02
6.264406443e-02
6.534751505e-02
6.705980748e-02
6.920886785e-02
7.085563987e-02
7.132381946e-02
7.107426971e-02
6.904916465e-02
5.817480758e-02
4.661907256e-02
4.133757576e-02
4.064279795e-02
4.249205440e-02
4.375099763e-02
4.482835904e-02
4.424903542e-02
4.479508474e-02
4.566759616e-02
4.652731121e-02
4.769839719e-02
4.887849092e-02
4.946019500e-02
5.162448809e-02
5.545360968e-02
5.705287680e-02
6.071550027e-02
6.411052495e-02
6.581282616e-02
6.755935401e-02
6.888046116e-02
7.027772069e-02
6.970603764e-02
6.728085876e-02
5.874225125e-02
4.705918208e-02
4.160238802e-02
4.128012806e-02
4.195357487e-02
4.271349311e-02
4.334463924e-02
4.185230285e-02
4.301715642e-02
4.414590821e-02
4.400239512e-02
4.491482675e-02
4.601215571e-02
4.717940837e-02
4.834187776e-02
5.176040903e-02
5.532010645e-02
5.828182399e-02
6.089088321e-02
6.324085593e-02
6.385430694e-02
6.577761471e-02
6.829258054e-02
6.665544957e-02
6.446547806e-02
5.613748729e-02
4.405991361e-02
3.771387041e-02
3.748241439e-02
3.975124285e-02
4.046977684e-02
4.125302657e-02
4.150727764e-02
4.158236459e-02
4.237324372e-02
4.297059774e-02
4.308940098e-02
4.412454739e-02
4.655344412e-02
4.659768939e-02
4.970350862e-02
5.352309719e-02
5.615605041e-02
5.813781917e-02
6.023975834e-02
6.206755713e-02
6.308592856e-02
6.437611580e-02
6.501443684e-02
6.208222359e-02
5.399936438e-02
4.358032346e-02
3.709031269e-02
3.709032014e-02
3.958436102e-02
3.881692141e-02
3.941473365e-02
4.026301205e-02
3.978396207e-02
4.024020582e-02
4.095600918e-02
4.205567390e-02
4.225718603e-02
4.402993619e-02
4.612715915e-02
4.873398319e-02
5.181838572e-02
5.465900153e-02
5.683609471e-02
5.861725286e-02
6.112845615e-02
6.107522920e-02
6.242491305e-02
6.308681518e-02
5.958295986e-02
5.155364424e-02
4.126057029e-02
3.571784869e-02
3.478686139e-02
3.710790351e-02
3.837590292e-02
3.873236850e-02
3.877040744e-02
3.931266069e-02
3.968708217e-02
4.063421115e-02
4.200010747e-02
4.107856378e-02
4.263129830e-02
4.505458847e-02
4.707384482e-02
4.994303733e-02
5.240818113e-02
5.521932244e-02
5.626056716e-02
5.832356215e-02
6.010429189e-02
6.105383486e-02
6.143689156e-02
5.896700546e-02
5.039926991e-02
4.011005536e-02
3.506154194e-02
3.377554193e-02
3.620116040e-02
3.786403686e-02
3.731131181e-02
3.721579164e-02
3.755845875e-02
3.841488808e-02
3.809739649e-02
3.926180676e-02
4.015141726e-02
4.091085494e-02
4.287891835e-02
4.556977749e-02
4.836710542e-02
5.165488273e-02
5.468323827e-02
5.482438952e-02
5.716590956e-02
5.925219133e-02
5.939662457e-02
5.965706706e-02
5.755029991e-02
4.954714701e-02
3.838302568e-02
3.324086964e-02
3.317101672e-02
3.406208009e-02
3.507484868e-02
3.558713943e-02
3.516041487e-02
3.537664190e-02
3.726048023e-02
3.663557023e-02
3.751188144e-02
3.809785843e-02
3.833214939e-02
4.019283876e-02
4.286365211e-02
4.617380351e-02
4.781006649e-02
5.078754947e-02
5.281168222e-02
5.411866680e-02
5.577249080e-02
5.681373551e-02
5.631330609e-02
5.371756107e-02
4.724120721e-02
3.641501814e-02
3.125058860e-02
3.124679066e-02
3.154522926e-02
3.274811059e-02
3.300753981e-02
3.377312422e-02
3.329840675e-02
3.411718085e-02
3.498121724e-02
3.539280593e-02
3.588847816e-02
3.698439896e-02
3.800043836e-02
4.069183022e-02
4.452370852e-02
4.569996521e-02
4.868980125e-02
5.065353587e-02
5.087405816e-02
5.205886811e-02
5.279174820e-02
5.342145637e-02
5.035365373e-02
4.378328845e-02
3.464762121e-02
2.844759263e-02
2.758925594e-02
2.889622562e-02
2.958247624e-02
3.031245433e-02
3.129668906e-02
3.015277348e-02
3.164029494e-02
3.281702846e-02
3.288118169e-02
3.333498538e-02
3.450411931e-02
3.671158105e-02
3.869003057e-02
4.176866636e-02
4.462069273e-02
4.678017274e-02
4.898444936e-02
5.084174499e-02
5.186117068e-02
5.345710739e-02
5.461908504e-02
5.143629387e-02
4.462775216e-02
3.513189405e-02
2.871324122e-02
2.825271711e-02
2.940520830e-02
3.104385361e-02
3.045266494e-02
3.109138273e-02
3.194067255e-02
3.192546591e-02
3.241023794e-02
3.270392492e-02
3.261980787e-02
3.372564167e-02
3.648108616e-02
3.753996640e-02
4.095557705e-02
4.407131299e-02
4.547663033e-02
4.722546041e-02
4.902059212e-02
5.114255473e-02
5.107365176e-02
5.152040720e-02
5.012980849e-02
4.355468974e-02
3.388768062e-02
2.774371766e-02
2.654895931e-02
2.828313224e-02
3.036473691e-02
2.955585904e-02
3.087181970e-02
3.192120418e-02
3.150246292e-02
3.235748410e-02
3.258175775e-02
3.325131163e-02
3.340483084e-02
3.546885401e-02
3.877082095e-02
4.172638431e-02
