1.426292583e-03
1.408649259e-03
1.385224401e-03
1.358090783e-03
1.319281408e-03
1.297450508e-03
1.297303243e-03
1.307495520e-03
1.294524176e-03
1.261275494e-03
1.216985984e-03
1.220692298e-03
1.199896331e-03
1.183180138e-03
1.165202120e-03
1.188961556e-03
1.181511558e-03
1.087881275e-03
1.111938967e-03
1.140665379e-03
1.162977889e-03
1.138329506e-03
1.138996566e-03
1.157752005e-03
1.176136895e-03
1.157345134e-03
1.157789608e-03
1.162792789e-03
1.135066384e-03
1.130692079e-03
1.128653530e-03
1.144667622e-03
1.157566439e-03
1.133064274e-03
1.095887157e-03
1.063897740e-03
1.092772698e-03
1.081801369e-03
1.087880577e-03
1.032279572e-03
1.029461273e-03
1.036875416e-03
1.045845798e-03
1.024681027e-03
1.013559871e-03
1.011818647e-03
1.031315653e-03
1.016673632e-03
1.017785282e-03
1.034763060e-03
1.044696546e-03
9.987711674e-04
9.762353729e-04
9.662275552e-04
9.973249398e-04
9.492875542e-04
9.549969109e-04
9.410220082e-04
9.609273984e-04
9.488804499e-04
9.304953855e-04
9.302354301e-04
9.753822815e-04
9.615569143e-04
9.383911383e-04
9.281975217e-04
9.483612375e-04
9.541816544e-04
9.553302079e-04
9.479169967e-04
9.140383918e-04
9.034734103e-04
9.374273359e-04
9.494368569e-04
9.380576084e-04
9.300502134e-04
9.414301603e-04
9.257509955e-04
8.898333181e-04
9.177078027e-04
9.451367659e-04
9.247496491e-04
9.544034256e-04
9.225261747e-04
9.393906221e-04
9.529942181e-04
9.236004553e-04
9.500295273e-04
9.249717696e-04
9.282713872e-04
9.547004011e-04
9.562564665e-04
9.371656924e-04
9.456553962e-04
9.498440195e-04
9.193385486e-04
9.184482624e-04
9.154469008e-04
8.851641323e-04
8.734124131e-04
8.690392133e-04
9.071071981e-04
9.113324340e-04
9.491395904e-04
9.408366168e-04
9.590352420e-04
9.386861930e-04
9.793117642e-04
9.801998967e-04
9.943604236e-04
1.011524000e-03
1.035394147e-03
1.009522588e-03
1.022828743e-03
1.019269926e-03
1.028945553e-03
1.033096923e-03
1.059488044e-03
1.043512253e-03
1.082914765e-03
1.077464665e-03
1.100557973e-03
1.121388050e-03
1.107710530e-03
1.155527891e-03
1.134474180e-03
1.134991297e-03
1.174097764e-03
1.176470891e-03
1.190296724e-03
1.194114331e-03
1.198933111e-03
1.171132782e-03
1.211239025e-03
1.225546584e-03
1.196857193e-03
1.196598052e-03
1.177620492e-03
1.160753891e-03
1.149633899e-03
1.149782795e-03
1.186812413e-03
1.185700996e-03
1.199971186e-03
1.211386989e-03
1.237445162e-03
1.239334582e-03
1.228956389e-03
1.226658234e-03
1.246783999e-03
1.254418166e-03
1.253307099e-03
1.266426523e-03
1.265350962e-03
1.272801892e-03
1.266092644e-03
1.275730669e-03
1.266945153e-03
1.251377864e-03
1.231809030e-03
1.228250912e-03
1.250896137e-03
1.248893910e-03
1.221135375e-03
1.243187464e-03
1.254602801e-03
1.289148582e-03
1.291557914e-03
1.288739964e-03
1.248339657e-03
1.312462729e-03
1.349156490e-03
1.305198530e-03
1.280992525e-03
1.316723879e-03
1.314945286e-03
1.302456250e-03
1.325175515e-03
1.351714251e-03
1.346933073e-03
1.343078446e-03
1.320876880e-03
1.330624218e-03
1.393193728e-03
1.392008155e-03
1.394417370e-03
1.394862309e-03
1.419251435e-03
1.415804029e-03
1.411727280e-03
1.393267419e-03
1.411244855e-03
1.445904374e-03
1.453985926e-03
1.451094402e-03
1.434783917e-03
1.456801780e-03
1.444238587e-03
1.430076780e-03
1.418658649e-03
1.448165858e-03
1.429889468e-03
1.451649237e-03
1.433558296e-03
1.450983225e-03
1.454764279e-03
1.437454484e-03
1.443383284e-03
1.466773334e-03
1.453948556e-03
1.446569455e-03
1.456170459e-03
1.473405049e-03
1.503651845e-03
1.484044595e-03
1.446753973e-03
1.475890749e-03
1.489122515e-03
1.467995346e-03
1.468922710e-03
1.455431222e-03
1.489197602e-03
1.504210290e-03
1.505024848e-03
1.522147912e-03
1.546019106e-03
1.532415277e-03
1.546278829e-03
1.545241568e-03
1.583644655e-03
1.597061288e-03
1.581716468e-03
1.619189978e-03
1.621710602e-03
1.633794745e-03
1.633831998e-03
1.628122409e-03
1.641058712e-03
1.637464156e-03
1.671713660e-03
1.693212893e-03
1.739879255e-03
1.745845657e-03
1.803665888e-03
1.884912723e-03
1.966944197e-03
2.032625023e-03
2.116126474e-03
2.355901990e-03
2.137598582e-02
2.639389634e-01
1.133307815e+00
2.684260130e+00
4.513436794e+00
6.180829048e+00
7.515981197e+00
8.546298981e+00
9.335000992e+00
9.893887520e+00
1.021781635e+01
1.031999969e+01
1.023363781e+01
9.999891281e+00
9.657435417e+00
9.238577843e+00
8.775582314e+00
8.295445442e+00
7.819141865e+00
7.360515594e+00
6.927245140e+00
6.537615299e+00
6.230323315e+00
6.024382591e+00
5.888337135e+00
5.777641773e+00
5.664573193e+00
5.535429001e+00
5.389523983e+00
5.230956554e+00
5.060636044e+00
4.878059864e+00
4.687526226e+00
4.494814396e+00
4.303143024e+00
4.115147591e+00
3.935063839e+00
3.767054796e+00
3.612177849e+00
3.470166206e+00
3.341006279e+00
3.224900246e+00
3.123905420e+00
3.038846016e+00
2.965556622e+00
2.898739338e+00
2.836076736e+00
2.773783922e+00
2.708912849e+00
2.640976667e+00
2.571631193e+00
2.501878023e+00
2.430584431e+00
2.357306719e+00
2.284788132e+00
2.213876963e+00
2.144793034e+00
2.077215910e+00
2.012275934e+00
1.950233817e+00
1.890925169e+00
1.833971500e+00
1.779777884e+00
1.728585005e+00
1.679626703e+00
1.632564545e+00
1.587271929e+00
1.543121457e+00
1.499369502e+00
1.455746293e+00
1.413256764e+00
1.371311188e+00
1.329774380e+00
1.288795710e+00
1.249260426e+00
1.210920930e+00
1.173642874e+00
1.137589574e+00
1.103078008e+00
1.069963455e+00
1.037999988e+00
1.007407308e+00
9.781923890e-01
9.499879479e-01
9.228488207e-01
8.966142535e-01
8.716737032e-01
8.472103477e-01
8.233762383e-01
8.000324368e-01
7.775265574e-01
7.553353906e-01
7.339011431e-01
7.128619552e-01
6.920185089e-01
6.718680859e-01
6.522555351e-01
6.332417727e-01
6.146275997e-01
5.963898301e-01
5.790596604e-01
5.622037053e-01
5.460006595e-01
5.299179554e-01
5.144758224e-01
4.994666278e-01
4.850904047e-01
4.708416462e-01
4.568704665e-01
4.432884753e-01
4.301359355e-01
4.172628820e-01
4.045329392e-01
3.923217654e-01
3.806049526e-01
3.689769804e-01
3.578054309e-01
3.469049335e-01
3.365634978e-01
3.262114823e-01
3.163814545e-01
3.067295849e-01
2.975818813e-01
2.884509563e-01
2.796814442e-01
2.712970674e-01
2.631466985e-01
2.553167343e-01
2.475506663e-01
2.400412112e-01
2.328490764e-01
2.256778628e-01
2.188789845e-01
2.120297998e-01
2.056794465e-01
1.994016618e-01
1.933487952e-01
1.872293949e-01
1.814993024e-01
1.757459491e-01
1.702268124e-01
1.648259759e-01
1.595476419e-01
1.543945819e-01
1.493239254e-01
1.443991661e-01
1.396794766e-01
1.348795891e-01
1.303302646e-01
1.256536692e-01
1.214014292e-01
1.170298234e-01
1.128992140e-01
1.085903123e-01
1.045996547e-01
1.005721763e-01
9.664474428e-02
9.280187637e-02
8.900044113e-02
8.533776551e-02
8.172900975e-02
7.820722461e-02
7.481516153e-02
7.134205848e-02
6.814380735e-02
6.484747678e-02
6.184034795e-02
5.865609646e-02
5.567121506e-02
5.265828222e-02
4.989054054e-02
4.708528146e-02
4.436374456e-02
4.175749421e-02
3.913358226e-02
3.668870404e-02
3.430686146e-02
3.193548322e-02
2.973056771e-02
2.741135284e-02
2.535322495e-02
2.311834134e-02
2.113256790e-02
1.903396286e-02
1.715563424e-02
1.515765209e-02
1.335480064e-02
1.143637765e-02
9.617248550e-03
7.833478041e-03
6.019297522e-03
4.329312593e-03
2.588127274e-03
8.246716461e-04
-8.210279630e-04
-2.589720068e-03
-4.170777742e-03
-5.944757722e-03
-7.497388404e-03
-9.196731262e-03
-1.068730466e-02
-1.237787399e-02
-1.383359917e-02
-1.543365698e-02
-1.693366282e-02
-1.836231165e-02
-1.983308792e-02
-2.123386413e-02
-2.263692580e-02
-2.400171012e-02
-2.524794266e-02
-2.661030181e-02
-2.769479156e-02
-2.901829965e-02
-3.008377925e-02
-3.134848922e-02
-3.239350766e-02
-3.360856697e-02
-3.462404385e-02
-3.569510579e-02
-3.672894090e-02
-3.772232682e-02
-3.872510046e-02
-3.966008872e-02
-4.064865410e-02
-4.159196839e-02
-4.242216796e-02
-4.341600463e-02
-4.424731061e-02
-4.520621523e-02
-4.591189697e-02
-4.683123901e-02
-4.758182168e-02
-4.845555499e-02
-4.914007336e-02
-4.994222149e-02
-5.070874095e-02
-5.142289400e-02
-5.219881982e-02
-5.289812014e-02
-5.366633087e-02
-5.445634201e-02
-5.513862893e-02
-5.595601723e-02
-5.659122393e-02
-5.739315599e-02
-5.796029791e-02
-5.872687325e-02
-5.929481983e-02
-6.008922309e-02
-6.062204763e-02
-6.133149564e-02
-6.197045743e-02
-6.259838492e-02
-6.326960772e-02
-6.387621909e-02
-6.447328627e-02
-6.510140002e-02
-6.564299762e-02
-6.628587097e-02
-6.675331295e-02
-6.741752476e-02
-6.791219860e-02
-6.852506846e-02
-6.897068024e-02
-6.960729510e-02
-7.002437860e-02
-7.059351355e-02
-7.106736302e-02
-7.152350992e-02
-7.206812501e-02
-7.250668108e-02
-7.299280167e-02
-7.338438928e-02
-7.376171649e-02
-7.429222763e-02
-7.461062074e-02
-7.512295246e-02
-7.544539869e-02
-7.598029077e-02
-7.630559057e-02
-7.681193948e-02
-7.707548887e-02
-7.752076536e-02
-7.790668309e-02
-7.822351158e-02
-7.858288288e-02
-7.893238217e-02
-7.931590825e-02
-7.966838777e-02
-7.997637987e-02
-8.045200258e-02
-8.073635399e-02
-8.116900921e-02
-8.134342730e-02
-8.181282878e-02
-8.209367841e-02
-8.254742622e-02
-8.274302632e-02
-8.311837912e-02
-8.344656974e-02
-8.376186341e-02
-8.414050937e-02
-8.441232145e-02
-8.477330208e-02
-8.507625759e-02
-8.532220870e-02
-8.572383225e-02
-8.596425503e-02
-8.634970337e-02
-8.651878685e-02
-8.689025789e-02
-8.708647639e-02
-8.751371503e-02
-8.771064878e-02
-8.804810047e-02
-8.833615482e-02
-8.856379986e-02
-8.883836865e-02
-8.907093853e-02
-8.938627690e-02
-8.960416168e-02
-8.978387713e-02
-9.009993821e-02
-9.021154046e-02
-9.055773169e-02
-9.068096429e-02
-9.102721512e-02
-9.113229811e-02
-9.147060663e-02
-9.157532454e-02
-9.189634025e-02
-9.211511165e-02
-9.231233597e-02
-9.254740924e-02
-9.271769971e-02
-9.297621250e-02
-9.318760037e-02
-9.331942350e-02
-9.360688925e-02
-9.365911782e-02
-9.400670230e-02
-9.404331446e-02
-9.431853890e-02
-9.444156289e-02
-9.471870959e-02
-9.478424489e-02
-9.502311796e-02
-9.520177543e-02
-9.537263215e-02
-9.557169676e-02
-9.572620690e-02
-9.595841169e-02
-9.616833180e-02
-9.628891200e-02
-9.656449407e-02
-9.658961743e-02
-9.689813107e-02
-9.692666680e-02
-9.718108922e-02
-9.721403569e-02
-9.749136865e-02
-9.753983468e-02
-9.777959436e-02
-9.793649614e-02
-9.808018059e-02
-9.828799218e-02
-9.835977852e-02
-9.855366498e-02
-9.870858490e-02
-9.881877899e-02
-9.902296215e-02
-9.902930260e-02
-9.928615391e-02
-9.928146005e-02
-9.949106723e-02
-9.953653067e-02
-9.972336143e-02
-9.976498783e-02
-9.997628629e-02
-1.000725105e-01
-1.001296267e-01
-1.003319919e-01
-1.004075482e-01
-1.005408764e-01
-1.006632149e-01
-1.007322147e-01
-1.009826884e-01
-1.009997427e-01
-1.012241915e-01
-1.012103632e-01
-1.014478654e-01
-1.014942899e-01
-1.017007083e-01
-1.016735956e-01
-1.018233597e-01
-1.019268781e-01
-1.020296589e-01
-1.021453515e-01
-1.021815389e-01
-1.023795232e-01
-1.025236025e-01
-1.025562882e-01
-1.027702391e-01
-1.027370393e-01
-1.029831097e-01
-1.029569358e-01
-1.031421274e-01
-1.031434983e-01
-1.033491194e-01
-1.033138111e-01
-1.034758985e-01
-1.035264432e-01
-1.036514863e-01
-1.037902609e-01
-1.038129255e-01
-1.039080992e-01
-1.039833575e-01
-1.040100977e-01
-1.041825712e-01
-1.041452438e-01
-1.043388247e-01
-1.042634621e-01
-1.044808924e-01
-1.044286191e-01
-1.046070457e-01
-1.046011746e-01
-1.047453880e-01
-1.048223004e-01
-1.048841402e-01
-1.050156504e-01
-1.050342023e-01
-1.051188260e-01
-1.052368432e-01
-1.052140296e-01
-1.053780615e-01
-1.053183377e-01
-1.055556461e-01
-1.054899171e-01
-1.056368053e-01
-1.056083441e-01
-1.058096439e-01
-1.057544872e-01
-1.058647037e-01
-1.059317812e-01
-1.059730500e-01
-1.060500517e-01
-1.060556471e-01
-1.061716527e-01
-1.062546670e-01
-1.062471345e-01
-1.063871384e-01
-1.063213944e-01
-1.065083966e-01
-1.064398214e-01
-1.065610722e-01
-1.064959094e-01
-1.067068875e-01
-1.066209078e-01
-1.067206189e-01
-1.067173928e-01
-1.067905650e-01
-1.068910509e-01
-1.068945006e-01
-1.069470048e-01
-1.069973931e-01
-1.069846600e-01
-1.071116626e-01
-1.070330516e-01
-1.071902812e-01
-1.071209908e-01
-1.072840616e-01
-1.072284058e-01
-1.073758006e-01
-1.073305979e-01
-1.074642837e-01
-1.074735150e-01
-1.075008661e-01
-1.076042503e-01
-1.075932682e-01
-1.076607853e-01
-1.077007651e-01
-1.077012047e-01
-1.078126058e-01
-1.077288389e-01
-1.078628153e-01
-1.077651605e-01
-1.079034060e-01
-1.078491434e-01
-1.079581454e-01
-1.078435034e-01
-1.079312041e-01
-1.079583541e-01
-1.079656333e-01
-1.080581024e-01
-1.080751047e-01
-1.081395820e-01
-1.082424223e-01
-1.081896648e-01
-1.083325595e-01
-1.082964465e-01
-1.084445491e-01
-1.083276272e-01
-1.084862649e-01
-1.084230542e-01
-1.085447744e-01
-1.084570587e-01
-1.085131168e-01
-1.085158587e-01
-1.085387692e-01
-1.086137593e-01
-1.086012051e-01
-1.086622924e-01
-1.087170094e-01
-1.086800992e-01
-1.088126302e-01
-1.087141484e-01
-1.088785753e-01
-1.087553278e-01
-1.088424847e-01
-1.088087782e-01
-1.089646816e-01
-1.088823304e-01
-1.089706272e-01
-1.089597344e-01
-1.089746282e-01
-1.090603620e-01
-1.089982092e-01
-1.090141758e-01
-1.090478376e-01
-1.090270802e-01
-1.091196537e-01
-1.090199277e-01
-1.091528460e-01
-1.090815887e-01
-1.092145965e-01
-1.091262475e-01
-1.092635468e-01
-1.091726720e-01
-1.093142554e-01
-1.093264818e-01
-1.092754602e-01
-1.093608737e-01
-1.093345210e-01
-1.094002277e-01
-1.094032824e-01
-1.093906835e-01
-1.094771922e-01
-1.093669012e-01
-1.095152572e-01
-1.093545407e-01
-1.094744503e-01
-1.094144583e-01
-1.095498055e-01
-1.093914658e-01
-1.094668582e-01
-1.094549298e-01
-1.094782650e-01
-1.095429882e-01
-1.095117331e-01
-1.095722988e-01
-1.095997468e-01
-1.095585525e-01
-1.096435413e-01
-1.095182672e-01
-1.097016856e-01
-1.095320806e-01
-1.096558869e-01
-1.095660180e-01
-1.097351164e-01
-1.096244156e-01
-1.096545383e-01
-1.096715704e-01
-1.096820235e-01
-1.097791493e-01
-1.097428426e-01
-1.097427607e-01
-1.097411588e-01
-1.097237691e-01
-1.097934023e-01
-1.096804589e-01
-1.098262072e-01
-1.097117141e-01
-1.098015457e-01
-1.096832976e-01
-1.097810268e-01
-1.096769944e-01
-1.097676083e-01
-1.097794995e-01
-1.097304523e-01
-1.097705364e-01
-1.097364500e-01
-1.097369343e-01
-1.097406745e-01
-1.097235158e-01
-1.098103672e-01
-1.097090989e-01
-1.098534018e-01
-1.097382680e-01
-1.098387167e-01
-1.097154170e-01
-1.097740605e-01
-1.096846834e-01
-1.097756103e-01
-1.097413450e-01
-1.097100973e-01
-1.097516045e-01
-1.097079813e-01
-1.097527966e-01
-1.097100228e-01
-1.096562371e-01
-1.097544655e-01
-1.096591726e-01
-1.097639352e-01
-1.095858365e-01
-1.096964777e-01
-1.096143350e-01
-1.097072959e-01
-1.095557362e-01
-1.096339226e-01
-1.096631214e-01
-1.096507236e-01
-1.096540317e-01
-1.095979586e-01
-1.096490175e-01
-1.096408814e-01
-1.095511764e-01
-1.096523628e-01
-1.095292643e-01
-1.096587405e-01
-1.095132977e-01
-1.095989794e-01
-1.095049232e-01
-1.096558124e-01
-1.095170751e-01
-1.095650196e-01
-1.095146313e-01
-1.095147803e-01
-1.095581129e-01
-1.094847918e-01
-1.095084473e-01
-1.095392406e-01
-1.094749346e-01
-1.095240787e-01
-1.094287857e-01
-1.095746830e-01
-1.094429791e-01
-1.095231920e-01
-1.093929410e-01
-1.095177382e-01
-1.094122827e-01
-1.094663292e-01
-1.094070971e-01
-1.093773842e-01
-1.094209254e-01
-1.093535796e-01
-1.093573198e-01
-1.093433052e-01
-1.092916802e-01
-1.094035432e-01
-1.092239022e-01
-1.093305945e-01
-1.091876328e-01
-1.092767566e-01
-1.091657206e-01
-1.092549413e-01
-1.091696769e-01
-1.092230603e-01
-1.091841683e-01
-1.091423705e-01
-1.091710851e-01
-1.091011912e-01
-1.091501936e-01
-1.091300622e-01
-1.090454385e-01
-1.091417447e-01
-1.089849547e-01
-1.091004089e-01
-1.089428887e-01
-1.090293005e-01
-1.089157164e-01
-1.089925393e-01
-1.088829488e-01
-1.089451835e-01
-1.088882163e-01
-1.088635474e-01
-1.088828743e-01
-1.088236794e-01
-1.088370979e-01
-1.088562161e-01
-1.087989584e-01
-1.089095622e-01
-1.087743491e-01
-1.088917926e-01
-1.087340117e-01
-1.088359132e-01
-1.087523624e-01
-1.088236421e-01
-1.086650193e-01
-1.087118834e-01
-1.086651310e-01
-1.086412892e-01
-1.086660177e-01
-1.085796282e-01
-1.086066440e-01
-1.086052731e-01
-1.085259318e-01
-1.085797250e-01
-1.084406972e-01
-1.085386798e-01
-1.084295139e-01
-1.084898785e-01
-1.083840877e-01
-1.084826961e-01
-1.083261222e-01
-1.083836332e-01
-1.083746180e-01
-1.083695516e-01
-1.083758473e-01
-1.082818806e-01
-1.083354950e-01
-1.083290800e-01
-1.082358658e-01
-1.083257496e-01
-1.081691980e-01
-1.082886830e-01
-1.081571877e-01
-1.082444340e-01
-1.081360281e-01
-1.082249284e-01
-1.080924943e-01
-1.081412882e-01
-1.081006899e-01
-1.080505326e-01
-1.080598608e-01
-1.079962105e-01
-1.080180481e-01
-1.080249026e-01
-1.079792753e-01
-1.080380753e-01
-1.078962460e-01
-1.079750657e-01
-1.078486964e-01
-1.079292893e-01
-1.078310311e-01
-1.079179272e-01
-1.077950746e-01
-1.078247502e-01
-1.077781171e-01
-1.077345684e-01
-1.077403799e-01
-1.076898798e-01
-1.076788977e-01
-1.076454818e-01
-1.075172126e-01
-1.075833365e-01
-1.074734554e-01
-1.075775847e-01
-1.073841006e-01
-1.074787155e-01
-1.073625162e-01
-1.074580252e-01
-1.072892472e-01
-1.073462814e-01
-1.072883233e-01
-1.072832793e-01
-1.072985902e-01
-1.072156355e-01
-1.072092503e-01
-1.072557122e-01
-1.071775258e-01
-1.072027758e-01
-1.070380881e-01
-1.071571633e-01
-1.069470868e-01
