6.798786521e-01
6.732020974e-01
6.703649163e-01
6.694394946e-01
6.703591347e-01
6.654517651e-01
6.608321667e-01
6.579461694e-01
6.546599269e-01
6.550559998e-01
6.514770389e-01
6.481050849e-01
6.443272829e-01
6.379661560e-01
6.342137456e-01
6.313125491e-01
6.267100573e-01
6.205182076e-01
6.151064038e-01
6.148820519e-01
6.159858704e-01
6.137989163e-01
6.071284413e-01
6.001608968e-01
5.926688313e-01
5.913104415e-01
5.887883306e-01
5.854424238e-01
5.854760408e-01
5.808058977e-01
5.751461387e-01
5.739104152e-01
5.707084537e-01
5.686469674e-01
5.676317215e-01
5.628553033e-01
5.621432066e-01
5.617215633e-01
5.616580248e-01
5.643152595e-01
5.639212728e-01
5.586166382e-01
5.531178713e-01
5.499945879e-01
5.469623208e-01
5.507255197e-01
5.505561233e-01
5.475263000e-01
5.401587486e-01
5.334011912e-01
5.319839120e-01
5.314500332e-01
5.305258036e-01
5.272881985e-01
5.238300562e-01
5.201663971e-01
5.172802210e-01
5.130000710e-01
5.119658709e-01
5.120337009e-01
5.083870888e-01
5.050982833e-01
5.025427938e-01
4.995398521e-01
4.996695220e-01
4.956687391e-01
4.924904406e-01
4.898924232e-01
4.901827276e-01
4.930664599e-01
4.943740070e-01
4.876270592e-01
4.826344848e-01
4.761521518e-01
4.715520740e-01
4.697301090e-01
4.704610407e-01
4.723637998e-01
4.721942842e-01
4.757051766e-01
4.751886427e-01
4.702597260e-01
4.633708298e-01
4.619344771e-01
4.625026286e-01
4.625385702e-01
4.613581598e-01
4.583980441e-01
4.589489102e-01
4.624790549e-01
4.655576646e-01
4.623242617e-01
4.567434192e-01
4.508635998e-01
4.487298131e-01
4.496113658e-01
4.463399649e-01
4.417588115e-01
4.377818704e-01
4.386312366e-01
4.380401075e-01
4.360338748e-01
4.337578714e-01
4.312959611e-01
4.288252294e-01
4.274267256e-01
4.276322126e-01
4.272318184e-01
4.269117713e-01
4.277443886e-01
4.289714694e-01
4.301940203e-01
4.325798452e-01
4.288676381e-01
4.233856201e-01
4.211799800e-01
4.225783050e-01
4.234216213e-01
4.213896394e-01
4.177791774e-01
4.163953662e-01
4.165224135e-01
4.153040051e-01
4.127886891e-01
4.087333083e-01
4.077436626e-01
4.072118402e-01
4.055272341e-01
4.024480283e-01
4.029501379e-01
4.043191075e-01
4.019944966e-01
3.947750330e-01
3.878103495e-01
3.880688250e-01
3.884989023e-01
3.907641172e-01
3.913253844e-01
3.863524497e-01
3.833878934e-01
3.830891550e-01
3.834768236e-01
3.812902868e-01
3.822861314e-01
3.835829496e-01
3.827863336e-01
3.820744157e-01
3.791327775e-01
3.745684922e-01
3.722847700e-01
3.689264059e-01
3.655294478e-01
3.647772968e-01
3.642774224e-01
3.636647761e-01
3.672545552e-01
3.673391938e-01
3.675003052e-01
3.668370545e-01
3.658898771e-01
3.655401170e-01
3.656334281e-01
3.656185865e-01
3.605944216e-01
3.591026366e-01
3.619164526e-01
3.630484343e-01
3.620441258e-01
3.570435941e-01
3.538648188e-01
3.525871038e-01
3.507881761e-01
3.499344587e-01
3.491671979e-01
3.469125628e-01
3.461902440e-01
3.459357917e-01
3.476158977e-01
3.480165303e-01
3.462768495e-01
3.443659246e-01
3.435819447e-01
3.409754038e-01
3.387502432e-01
3.364020884e-01
3.373831809e-01
3.401146829e-01
3.431600928e-01
3.426112831e-01
3.408479095e-01
3.375145495e-01
3.373981416e-01
3.390572071e-01
3.365587592e-01
3.330033422e-01
3.324905932e-01
3.334864974e-01
3.307298422e-01
3.254201114e-01
3.238160610e-01
3.247970641e-01
3.215043545e-01
3.213961422e-01
3.228776157e-01
3.256169558e-01
3.256510496e-01
3.222353756e-01
3.194169998e-01
3.157980144e-01
3.160142303e-01
3.166305423e-01
3.151347637e-01
3.145880401e-01
3.115262091e-01
3.120792508e-01
3.102190197e-01
3.081401885e-01
3.031547666e-01
3.010633588e-01
3.011228144e-01
3.026313186e-01
3.035129309e-01
3.034577668e-01
3.018938899e-01
2.997558713e-01
2.959316671e-01
2.931453586e-01
2.935563028e-01
2.943403125e-01
2.979296148e-01
2.987941504e-01
2.978724837e-01
2.965226173e-01
2.964253128e-01
2.909761667e-01
2.896730006e-01
2.908616662e-01
2.909656763e-01
2.876518667e-01
2.881133854e-01
2.904738188e-01
2.941607535e-01
2.957919836e-01
2.955885828e-01
2.939040065e-01
2.933042943e-01
2.931326628e-01
2.910395861e-01
2.870415747e-01
2.895542681e-01
3.662799597e-01
6.309288740e-01
1.995502472e+00
5.353556633e+00
9.971282959e+00
1.448388863e+01
1.796980667e+01
2.022044373e+01
2.140550423e+01
2.181999969e+01
2.172545052e+01
2.130920410e+01
2.072619247e+01
2.004998207e+01
1.937326431e+01
1.875794601e+01
1.820172119e+01
1.770275307e+01
1.724372864e+01
1.683462906e+01
1.646522903e+01
1.612066078e+01
1.580493259e+01
1.550218868e+01
1.521169186e+01
1.493722916e+01
1.468992043e+01
1.444358349e+01
1.422286797e+01
1.403188610e+01
1.383377457e+01
1.362945271e+01
1.341455650e+01
1.318173695e+01
1.293069744e+01
1.267917156e+01
1.242713261e+01
1.217216873e+01
1.192470551e+01
1.167951775e+01
1.144266319e+01
1.121818638e+01
1.100704670e+01
1.078704262e+01
1.058236694e+01
1.038389683e+01
1.018066025e+01
9.988990784e+00
9.797848701e+00
9.617896080e+00
9.437543869e+00
9.268199921e+00
9.113385201e+00
8.959644318e+00
8.813399315e+00
8.665685654e+00
8.507802963e+00
8.343681335e+00
8.171648979e+00
7.979554653e+00
7.799529076e+00
7.623361588e+00
7.441585064e+00
7.271951675e+00
7.110111713e+00
6.955245972e+00
6.798482895e+00
6.653324127e+00
6.513150215e+00
6.371694088e+00
6.236781120e+00
6.103781223e+00
5.973047733e+00
5.845369339e+00
5.724553108e+00
5.601921082e+00
5.499701500e+00
5.408113003e+00
5.318393707e+00
5.228761673e+00
5.136763096e+00
5.044443607e+00
4.948465824e+00
4.852286816e+00
4.743567467e+00
4.631837368e+00
4.527880669e+00
4.424253941e+00
4.323783875e+00
4.228374481e+00
4.138912678e+00
4.045544147e+00
3.965144157e+00
3.889360428e+00
3.806325197e+00
3.729222298e+00
3.651822329e+00
3.581895351e+00
3.509599686e+00
3.440583706e+00
3.373653173e+00
3.308017731e+00
3.257237673e+00
3.213436127e+00
3.168130875e+00
3.121830940e+00
3.076645136e+00
3.015814304e+00
2.957263470e+00
2.896184683e+00
2.824078798e+00
2.754833221e+00
2.687722683e+00
2.624951124e+00
2.563733578e+00
2.510798931e+00
2.461463451e+00
2.405542612e+00
2.359504223e+00
2.312977314e+00
2.270389557e+00
2.231630087e+00
2.196699858e+00
2.145852566e+00
2.107306242e+00
2.074383259e+00
2.038824081e+00
2.018033266e+00
2.008176327e+00
1.995210528e+00
1.975113869e+00
1.956752777e+00
1.935143948e+00
1.898705721e+00
1.861889839e+00
1.821055293e+00
1.781596184e+00
1.739091039e+00
1.701907992e+00
1.660313010e+00
1.636505008e+00
1.610682845e+00
1.573505640e+00
1.546220541e+00
1.521237254e+00
1.502408266e+00
1.476039529e+00
1.452975512e+00
1.430217385e+00
1.403546691e+00
1.385830879e+00
1.367963433e+00
1.356109738e+00
1.352962852e+00
1.357919931e+00
1.347495437e+00
1.342919350e+00
1.334040880e+00
1.308799148e+00
1.284076214e+00
1.255765200e+00
1.231704235e+00
1.203824162e+00
1.175721288e+00
1.153508425e+00
1.134051919e+00
1.119495749e+00
1.103464127e+00
1.087825656e+00
1.074186444e+00
1.066982150e+00
1.047430515e+00
1.033276677e+00
1.023593426e+00
1.008813620e+00
1.002498746e+00
9.936901331e-01
9.925330281e-01
9.952180386e-01
9.987587929e-01
1.003217340e+00
1.002195835e+00
1.003513694e+00
9.939697981e-01
9.718632698e-01
9.488459826e-01
9.331751466e-01
9.082000852e-01
8.941746354e-01
8.832813501e-01
8.673968911e-01
8.561195135e-01
8.428695798e-01
8.346505165e-01
8.219515681e-01
8.140347004e-01
8.050125241e-01
7.936106920e-01
7.866684794e-01
7.781966329e-01
7.689923048e-01
7.681130767e-01
7.777792215e-01
7.795465589e-01
7.908260822e-01
8.002387881e-01
8.021966219e-01
8.040397167e-01
7.966366410e-01
7.850538492e-01
7.687469125e-01
7.558342218e-01
7.397973537e-01
7.204380035e-01
7.077394128e-01
7.029033899e-01
6.925732493e-01
6.808623075e-01
6.762260795e-01
6.639938951e-01
6.639453173e-01
6.609343886e-01
6.518685818e-01
6.463829279e-01
6.405853629e-01
6.393796206e-01
6.339016557e-01
6.384997964e-01
6.489255428e-01
6.578694582e-01
6.703315377e-01
6.828498244e-01
6.874410510e-01
6.876804829e-01
6.842120290e-01
6.672335267e-01
6.580178142e-01
6.487197280e-01
6.288374662e-01
6.130463481e-01
6.005131006e-01
5.941750407e-01
5.865229368e-01
5.867030621e-01
5.874106288e-01
5.823636651e-01
5.745931268e-01
5.688119531e-01
5.637178421e-01
5.595598221e-01
5.614227653e-01
5.563347340e-01
5.676656365e-01
5.799266696e-01
5.864213705e-01
5.983688235e-01
6.094339490e-01
6.170918345e-01
6.118046641e-01
6.041235924e-01
5.925155878e-01
5.787990689e-01
5.709941983e-01
5.605726838e-01
5.455430150e-01
5.406460166e-01
5.441973209e-01
5.331024528e-01
5.278642178e-01
5.294280052e-01
5.255671740e-01
5.243722200e-01
5.200580359e-01
5.185409784e-01
5.088065863e-01
5.077471137e-01
5.120167732e-01
5.196089149e-01
5.322253704e-01
5.435827374e-01
5.533762574e-01
5.634377599e-01
5.720226765e-01
5.641859174e-01
5.591741800e-01
5.516730547e-01
5.341618657e-01
5.225498676e-01
5.117432475e-01
5.027034879e-01
4.945498109e-01
4.939969182e-01
4.923927784e-01
4.866693616e-01
4.851584733e-01
4.863472581e-01
4.831348360e-01
4.794373214e-01
4.798165262e-01
4.653057754e-01
4.650392234e-01
4.699483812e-01
4.739532471e-01
4.843723476e-01
4.937722683e-01
5.055049062e-01
5.118960142e-01
5.199924707e-01
5.210624933e-01
5.140783787e-01
5.069310665e-01
5.014239550e-01
4.940350652e-01
4.854064584e-01
4.777949154e-01
4.662972987e-01
4.639602005e-01
4.629622102e-01
4.560275972e-01
4.568688571e-01
4.581868052e-01
4.569365680e-01
4.470563233e-01
4.429645538e-01
4.416002333e-01
4.419010580e-01
4.477385879e-01
4.561562240e-01
4.658523798e-01
4.790981710e-01
4.926408529e-01
4.916511178e-01
4.996353686e-01
5.050537586e-01
4.971010983e-01
4.864743948e-01
4.731393158e-01
4.687829912e-01
4.609542191e-01
4.535443187e-01
4.497835338e-01
4.447551668e-01
4.422505796e-01
4.401506484e-01
4.373814464e-01
4.416084588e-01
4.462512732e-01
4.329060614e-01
4.318825006e-01
4.329971969e-01
4.296408892e-01
4.271234572e-01
4.292065799e-01
4.383516312e-01
4.468232095e-01
4.624479711e-01
4.734909832e-01
4.748322964e-01
4.764469266e-01
4.725058973e-01
4.623204768e-01
4.522706270e-01
4.531310499e-01
4.426342547e-01
4.372226596e-01
4.326413870e-01
4.218813777e-01
4.196458161e-01
4.179506302e-01
4.199786782e-01
4.205994010e-01
4.222902060e-01
4.200422466e-01
4.142574072e-01
4.134414494e-01
4.144332707e-01
4.135115147e-01
4.201353192e-01
4.342667162e-01
4.373178780e-01
4.480333328e-01
4.603458345e-01
4.624944627e-01
4.660370052e-01
4.641448557e-01
4.563962221e-01
4.416869879e-01
4.376887083e-01
4.370127320e-01
4.322048426e-01
4.265854359e-01
4.186562896e-01
4.118244946e-01
4.123290777e-01
4.156558216e-01
4.115171134e-01
4.162237048e-01
4.167385399e-01
4.095382988e-01
4.104281366e-01
4.107396305e-01
4.168382287e-01
4.199296832e-01
4.313828647e-01
4.435136020e-01
4.533599913e-01
4.624242485e-01
4.659779370e-01
4.636388123e-01
4.613632560e-01
4.605730176e-01
4.443082511e-01
4.394348860e-01
4.336480498e-01
4.207984209e-01
4.165350497e-01
4.156005979e-01
4.165562689e-01
4.079429209e-01
4.082669020e-01
4.106211066e-01
4.069572389e-01
4.019565582e-01
3.987672031e-01
3.965421617e-01
3.982885182e-01
4.061413407e-01
4.033934772e-01
4.069108367e-01
4.113120437e-01
4.146111906e-01
4.266342521e-01
4.348810613e-01
4.421742260e-01
4.382862151e-01
4.329210222e-01
4.232204854e-01
4.125238955e-01
4.096061587e-01
4.024523497e-01
3.949657977e-01
3.903040290e-01
3.955655992e-01
3.863545060e-01
3.851127923e-01
3.880836666e-01
3.827183247e-01
3.806947470e-01
3.799575269e-01
3.809617758e-01
3.778811693e-01
3.798831701e-01
3.859624267e-01
3.881322443e-01
3.957603872e-01
4.082307816e-01
4.182939231e-01
4.270221591e-01
4.339912534e-01
4.258967936e-01
4.179740846e-01
4.093561769e-01
3.991231024e-01
3.964848518e-01
3.932303190e-01
3.885602951e-01
3.813601136e-01
3.797813952e-01
3.768827021e-01
3.707228899e-01
3.716914654e-01
3.731197417e-01
3.691314161e-01
3.671291471e-01
3.676100075e-01
3.573929369e-01
3.600583971e-01
3.648023903e-01
3.685554266e-01
3.786776066e-01
3.891090751e-01
4.018101990e-01
4.020642042e-01
4.064402580e-01
4.097037017e-01
4.062876105e-01
3.987692297e-01
3.892256320e-01
3.796353936e-01
3.715663552e-01
3.709073663e-01
3.653576076e-01
3.708819747e-01
3.716065884e-01
3.657690585e-01
3.665441871e-01
3.699051738e-01
3.687290549e-01
3.620458245e-01
3.634295762e-01
3.660825193e-01
3.688454926e-01
3.749630749e-01
3.774379492e-01
3.762216270e-01
3.859964013e-01
4.022510946e-01
4.046371579e-01
4.091463983e-01
4.094494283e-01
4.036878645e-01
3.997676671e-01
3.951204121e-01
3.897661567e-01
3.774826527e-01
3.708753288e-01
3.669827282e-01
3.634760678e-01
3.611940742e-01
3.573781252e-01
3.555451632e-01
3.609614074e-01
3.689492643e-01
3.619891405e-01
3.625463843e-01
3.618641198e-01
3.558694422e-01
3.592281640e-01
3.651227653e-01
3.707484603e-01
3.770417273e-01
3.922113776e-01
4.049061835e-01
4.072052538e-01
4.068874121e-01
3.999475837e-01
3.894122541e-01
3.820214868e-01
3.810739517e-01
3.687501848e-01
3.682671487e-01
3.720577955e-01
3.675487041e-01
3.631603420e-01
3.604465723e-01
3.608766496e-01
3.588486016e-01
3.572318256e-01
3.554329276e-01
3.536977768e-01
3.547168374e-01
3.552718759e-01
3.565771580e-01
3.635890186e-01
3.733780384e-01
3.768467605e-01
3.913636208e-01
4.009012580e-01
4.005410969e-01
4.019500911e-01
3.983326852e-01
3.933235109e-01
3.846508861e-01
3.775862157e-01
3.664663732e-01
3.580964506e-01
3.585626185e-01
3.598087430e-01
3.563675284e-01
3.569605649e-01
3.616352081e-01
3.519707024e-01
3.504111469e-01
3.546636105e-01
3.511632979e-01
3.510149121e-01
3.529328108e-01
3.563250005e-01
3.553121388e-01
3.604317307e-01
3.698584139e-01
3.772916496e-01
3.867083788e-01
3.918317258e-01
3.891874254e-01
3.821060658e-01
3.773256540e-01
3.637961447e-01
3.636817336e-01
3.621247709e-01
3.529453576e-01
3.510890603e-01
3.478493989e-01
3.486353159e-01
3.442134857e-01
3.449529111e-01
3.445734978e-01
3.397908211e-01
3.383096755e-01
3.332538605e-01
3.260341287e-01
3.287018836e-01
3.384262323e-01
3.334808350e-01
3.408314884e-01
3.510785401e-01
3.562911451e-01
3.630397022e-01
3.637049198e-01
3.665612638e-01
3.624531329e-01
3.596030772e-01
3.554923832e-01
3.481460512e-01
3.457685411e-01
3.408992887e-01
3.320693076e-01
3.291578591e-01
3.368096650e-01
3.352755904e-01
3.407489061e-01
3.429927528e-01
3.362885416e-01
3.351589441e-01
3.320268393e-01
3.307917714e-01
3.252883852e-01
3.290792406e-01
3.389877379e-01
3.475697637e-01
3.568482995e-01
3.665992022e-01
3.752194047e-01
3.782093227e-01
3.802877367e-01
3.681653142e-01
3.607721329e-01
3.590709567e-01
3.544009924e-01
3.463723361e-01
3.381486833e-01
3.370995522e-01
3.293756545e-01
3.290641606e-01
3.312447667e-01
3.284116089e-01
3.291088641e-01
3.278882802e-01
3.234170973e-01
3.238345981e-01
3.259155452e-01
3.158045411e-01
3.181754053e-01
3.251490593e-01
3.265808821e-01
3.353087902e-01
3.432956934e-01
3.524305522e-01
3.528563380e-01
3.545407653e-01
3.543120027e-01
3.506461382e-01
3.449845016e-01
3.405750394e-01
3.357522488e-01
3.313379884e-01
3.309991658e-01
3.220419586e-01
3.195548952e-01
3.176668584e-01
3.124333024e-01
3.158848286e-01
3.175376058e-01
3.172494173e-01
3.114607632e-01
3.128572404e-01
3.166074455e-01
3.172028661e-01
3.171751797e-01
3.176161349e-01
3.222877085e-01
3.329786062e-01
3.476819992e-01
3.436116278e-01
3.438911438e-01
3.418886662e-01
3.321373761e-01
3.259217739e-01
3.227227330e-01
3.218095303e-01
3.167599440e-01
3.154312968e-01
3.128145337e-01
3.086172044e-01
3.073477745e-01
3.072735965e-01
3.030890822e-01
3.034661710e-01
3.061528802e-01
2.996712625e-01
3.034981489e-01
3.057417870e-01
3.022162020e-01
3.039451241e-01
3.065110445e-01
3.152066767e-01
3.215676546e-01
3.332878351e-01
3.396001160e-01
3.343431354e-01
3.309078515e-01
3.312533200e-01
3.253178596e-01
3.230653405e-01
3.232032061e-01
3.105494976e-01
3.060976565e-01
3.059812486e-01
3.012562394e-01
3.069218695e-01
3.070617616e-01
3.070448935e-01
3.035426736e-01
3.030914068e-01
3.027246296e-01
2.993009090e-01
3.009470701e-01
3.044791818e-01
3.090407550e-01
3.145627975e-01
3.211655021e-01
3.199745417e-01
3.299774230e-01
3.385808468e-01
3.365362287e-01
3.342792988e-01
3.277820647e-01
3.192921579e-01
3.079328537e-01
3.074160516e-01
3.067634106e-01
3.065664172e-01
3.060281873e-01
3.000764549e-01
2.943321168e-01
2.931223214e-01
2.950316370e-01
2.883446813e-01
2.948981225e-01
3.023879826e-01
2.999493778e-01
2.964297533e-01
2.939400971e-01
2.983259261e-01
2.989298105e-01
3.071849346e-01
3.150462508e-01
3.176694214e-01
3.241087496e-01
3.265807629e-01
3.255935013e-01
3.229093254e-01
3.214471936e-01
3.115879595e-01
3.133170605e-01
3.111241162e-01
3.016317487e-01
3.012779653e-01
3.011147976e-01
3.025152385e-01
3.024472296e-01
3.061465919e-01
3.057419956e-01
3.037058115e-01
