1.710539013e-01
1.708247811e-01
1.686908007e-01
1.659267843e-01
1.654684693e-01
1.634777635e-01
1.648383141e-01
1.635350585e-01
1.628046483e-01
1.593388021e-01
1.535100639e-01
1.536962241e-01
1.570474356e-01
1.614870727e-01
1.610001624e-01
1.576489210e-01
1.588089317e-01
1.597541571e-01
1.581214964e-01
1.555150002e-01
1.535242498e-01
1.526077241e-01
1.503879130e-01
1.468792707e-01
1.407639682e-01
1.375988424e-01
1.389021277e-01
1.395895630e-01
1.444875598e-01
1.423822641e-01
1.385440677e-01
1.381144524e-01
1.391312480e-01
1.380428672e-01
1.366966367e-01
1.366250217e-01
1.389881223e-01
1.407352835e-01
1.371119916e-01
1.349207610e-01
1.306672543e-01
1.306672841e-01
1.295931190e-01
1.292637438e-01
1.303664744e-01
1.290345490e-01
1.275451332e-01
1.284473836e-01
1.246950477e-01
1.252822727e-01
1.258264631e-01
1.246234477e-01
1.257692575e-01
1.269006580e-01
1.263707429e-01
1.239074543e-01
1.210717037e-01
1.224036291e-01
1.182503551e-01
1.131518856e-01
1.149277613e-01
1.158443466e-01
1.138106734e-01
1.132378131e-01
1.177777350e-01
1.197255254e-01
1.201694906e-01
1.193674877e-01
1.182790548e-01
1.185081974e-01
1.210717261e-01
1.187946498e-01
1.188806146e-01
1.135672256e-01
1.097004116e-01
1.062489375e-01
1.046305969e-01
1.052607447e-01
1.057190299e-01
1.075521782e-01
1.101014167e-01
1.097290516e-01
1.089127138e-01
1.082396060e-01
1.072227880e-01
1.090129837e-01
1.097433865e-01
1.133524105e-01
1.147129461e-01
1.149850488e-01
1.128367856e-01
1.150279865e-01
1.193530858e-01
1.203699112e-01
1.180069149e-01
1.132807881e-01
1.124644950e-01
1.088268161e-01
1.075808257e-01
1.061630100e-01
1.030408442e-01
1.032270417e-01
1.033416539e-01
1.045303270e-01
1.025539339e-01
1.050888523e-01
1.066642627e-01
1.054039672e-01
1.044157743e-01
1.016230881e-01
1.016660407e-01
1.037283465e-01
1.003627479e-01
9.671070427e-02
9.484890103e-02
9.602326900e-02
9.506372362e-02
9.602326900e-02
9.933155030e-02
9.835768491e-02
1.006921157e-01
1.017948911e-01
1.020670012e-01
1.002051979e-01
9.837203473e-02
9.699720889e-02
1.002625227e-01
9.705449641e-02
9.461982548e-02
9.138309956e-02
8.536801487e-02
8.718685061e-02
8.725844324e-02
8.511022478e-02
8.435116708e-02
8.509587497e-02
8.279010653e-02
8.334864676e-02
8.549691737e-02
8.522479981e-02
8.635618538e-02
8.906297386e-02
8.581198007e-02
8.685745299e-02
8.774539083e-02
9.013707936e-02
9.506376833e-02
9.441928566e-02
9.519264847e-02
9.235697985e-02
9.324494004e-02
9.327359498e-02
9.494922310e-02
9.966103733e-02
9.961806983e-02
9.555071592e-02
9.762734175e-02
9.388938546e-02
9.353134781e-02
9.368885309e-02
9.592300653e-02
9.388934076e-02
8.999387920e-02
8.993657678e-02
9.115392715e-02
8.970744163e-02
8.214561641e-02
7.713305950e-02
7.986848056e-02
8.445140719e-02
8.722980320e-02
8.894839883e-02
8.773107082e-02
8.604114503e-02
8.545394242e-02
8.405044675e-02
8.221726865e-02
8.101423830e-02
8.357781917e-02
8.592657745e-02
9.149767458e-02
9.480596334e-02
9.355998784e-02
8.838985860e-02
8.669994771e-02
8.903434873e-02
9.066700935e-02
9.327354282e-02
9.434766322e-02
9.250018001e-02
8.970744163e-02
8.997955173e-02
9.181275964e-02
9.620948136e-02
9.728359431e-02
9.921700507e-02
9.914540499e-02
9.963234514e-02
9.666777402e-02
9.777052701e-02
9.910243005e-02
1.003197655e-01
9.999038279e-02
9.701148421e-02
9.735520184e-02
9.903082997e-02
1.016946808e-01
1.043584868e-01
1.048024744e-01
1.027258337e-01
1.085833535e-01
1.091275364e-01
1.099009067e-01
1.109463871e-01
1.107172668e-01
1.048311070e-01
9.795670956e-02
9.357430041e-02
9.411851317e-02
9.963233024e-02
1.013222784e-01
9.917405993e-02
9.807128459e-02
9.461975843e-02
9.217078984e-02
9.288686514e-02
9.693987668e-02
1.004629955e-01
1.030122191e-01
1.043154821e-01
1.052750349e-01
1.063348278e-01
1.115765348e-01
1.098722592e-01
1.084687337e-01
1.059338227e-01
1.054468900e-01
1.051747799e-01
1.092277765e-01
1.104164645e-01
1.103305742e-01
1.098722816e-01
1.119059399e-01
1.114333272e-01
1.154720262e-01
1.210144609e-01
1.232916266e-01
1.234204993e-01
1.260700375e-01
1.259554327e-01
1.266428977e-01
2.452111244e-01
1.079527497e+00
3.444646835e+00
7.337157726e+00
1.186201668e+01
1.588895226e+01
1.878651047e+01
2.043701363e+01
2.105999947e+01
2.095649529e+01
2.039613914e+01
1.960526657e+01
1.872989273e+01
1.787038040e+01
1.707998466e+01
1.637879562e+01
1.577906799e+01
1.525799751e+01
1.480120659e+01
1.439579105e+01
1.402492237e+01
1.368479824e+01
1.336571026e+01
1.305813694e+01
1.275961876e+01
1.245963860e+01
1.214810085e+01
1.184361362e+01
1.154785824e+01
1.125942039e+01
1.099135303e+01
1.074081135e+01
1.049612713e+01
1.025409698e+01
1.002015018e+01
9.787106514e+00
9.551098824e+00
9.315438271e+00
9.088484764e+00
8.873175621e+00
8.668246269e+00
8.472130775e+00
8.272860527e+00
8.082400322e+00
7.898841858e+00
7.721964836e+00
7.546570301e+00
7.378689766e+00
7.219807625e+00
7.054305553e+00
6.897412777e+00
6.739732742e+00
6.589286804e+00
6.436419964e+00
6.302883625e+00
6.175077915e+00
6.054847717e+00
5.924276829e+00
5.789939880e+00
5.656162262e+00
5.523727894e+00
5.393533230e+00
5.269553661e+00
5.152376175e+00
5.039824963e+00
4.928461075e+00
4.821436405e+00
4.714584827e+00
4.615448952e+00
4.512505531e+00
4.415607929e+00
4.311963558e+00
4.222197056e+00
4.131097317e+00
4.039322853e+00
3.950285912e+00
3.865499496e+00
3.783006907e+00
3.704268217e+00
3.634206295e+00
3.570805550e+00
3.509538651e+00
3.448255777e+00
3.378710032e+00
3.314306498e+00
3.242456198e+00
3.174615383e+00
3.099112988e+00
3.033018827e+00
2.969402313e+00
2.905642986e+00
2.850950003e+00
2.794480562e+00
2.738884687e+00
2.679908037e+00
2.623064756e+00
2.574141741e+00
2.523672342e+00
2.477557182e+00
2.428950787e+00
2.386387110e+00
2.341030598e+00
2.297822714e+00
2.255073309e+00
2.225670099e+00
2.193531990e+00
2.158429861e+00
2.126892328e+00
2.087220430e+00
2.050715685e+00
2.016859770e+00
1.977948666e+00
1.938879013e+00
1.896772861e+00
1.859536409e+00
1.826167464e+00
1.795663118e+00
1.764913917e+00
1.733951211e+00
1.702315092e+00
1.667513728e+00
1.635734439e+00
1.602579832e+00
1.574781179e+00
1.552654386e+00
1.533220053e+00
1.509317398e+00
1.486689091e+00
1.464075327e+00
1.438296676e+00
1.420523643e+00
1.405457616e+00
1.390104651e+00
1.367848277e+00
1.343215227e+00
1.323193669e+00
1.306595206e+00
1.288678885e+00
1.269487739e+00
1.255867720e+00
1.239512205e+00
1.227338672e+00
1.211198330e+00
1.187911749e+00
1.167217493e+00
1.155301929e+00
1.141482115e+00
1.121145606e+00
1.107211232e+00
1.091214299e+00
1.081231713e+00
1.060365438e+00
1.048593521e+00
1.032954574e+00
1.020952940e+00
1.012488842e+00
1.004511833e+00
9.959904552e-01
9.862517715e-01
9.747653604e-01
9.614897370e-01
9.474694133e-01
9.366990924e-01
9.222629070e-01
9.136843085e-01
9.014682174e-01
8.932187557e-01
8.755174279e-01
8.675117493e-01
8.534047604e-01
8.457856774e-01
8.383098245e-01
8.325668573e-01
8.260073662e-01
8.132896423e-01
8.026343584e-01
7.964333296e-01
7.914208770e-01
7.883991003e-01
7.827132940e-01
7.794049382e-01
7.748506665e-01
7.714852095e-01
7.630069852e-01
7.522516847e-01
7.400925756e-01
7.325165868e-01
7.266876101e-01
7.238949537e-01
7.197845578e-01
7.089718580e-01
7.026417851e-01
7.000638247e-01
6.911846399e-01
6.885208488e-01
6.828924417e-01
6.801857948e-01
6.776365638e-01
6.720799208e-01
6.594054699e-01
6.580018997e-01
6.532900333e-01
6.472463012e-01
6.411167383e-01
6.360182166e-01
6.299173832e-01
6.296451092e-01
6.281556487e-01
6.322087049e-01
6.293587089e-01
6.258212328e-01
6.210808158e-01
6.197059751e-01
6.135904193e-01
6.096948385e-01
6.020755768e-01
6.009584665e-01
5.959171653e-01
5.887849331e-01
5.828127265e-01
5.775997639e-01
5.735753179e-01
5.709400177e-01
5.686630011e-01
5.676462054e-01
5.610869527e-01
5.599411726e-01
5.580649376e-01
5.596546531e-01
5.540547967e-01
5.470515490e-01
5.449750423e-01
5.468796492e-01
5.486269593e-01
5.432134867e-01
5.364394784e-01
5.301237702e-01
5.296225548e-01
5.274885297e-01
5.233209729e-01
5.210293531e-01
5.175063610e-01
5.230631232e-01
5.256695747e-01
5.237506032e-01
5.164037347e-01
5.119211078e-01
5.054189563e-01
5.054189563e-01
5.026407242e-01
5.009649992e-01
4.973274171e-01
4.937756956e-01
4.862141311e-01
4.814592302e-01
4.819748104e-01
4.831062257e-01
4.811727703e-01
4.861711562e-01
4.817743003e-01
4.791822135e-01
4.758882523e-01
4.729096293e-01
4.673385620e-01
4.657919705e-01
4.613665044e-01
4.593901932e-01
4.596766531e-01
4.591897130e-01
4.589891732e-01
4.562966526e-01
4.597339034e-01
4.587599933e-01
4.540768564e-01
4.549647272e-01
4.550220668e-01
4.599342942e-01
4.578147233e-01
4.590321481e-01
4.553657472e-01
4.507685006e-01
4.447821379e-01
4.442236125e-01
4.432782531e-01
4.412159920e-01
4.407290518e-01
4.370055199e-01
4.319929481e-01
4.274673760e-01
4.231852293e-01
4.235862494e-01
4.166117013e-01
4.130743146e-01
4.056413770e-01
4.072023630e-01
4.068157077e-01
4.091072679e-01
4.075891078e-01
4.043810666e-01
4.074745476e-01
4.055411220e-01
4.061425626e-01
4.050255120e-01
3.992683589e-01
4.039371014e-01
4.065293074e-01
4.087062180e-01
4.030062258e-01
4.020466506e-01
3.988100588e-01
3.951437473e-01
3.919070661e-01
3.948286772e-01
3.900595307e-01
3.858346641e-01
3.817100525e-01
3.760386109e-01
3.804067373e-01
3.805357516e-01
3.822686374e-01
3.851186335e-01
3.850183785e-01
3.912053108e-01
3.898161352e-01
3.868515491e-01
3.792466223e-01
3.799627125e-01
3.763107061e-01
3.802778423e-01
3.767833710e-01
3.757951260e-01
3.723006248e-01
3.687058687e-01
3.649965525e-01
3.648104370e-01
3.610438704e-01
3.595257998e-01
3.549856842e-01
3.557879031e-01
3.521358073e-01
3.520641327e-01
3.471948504e-01
3.457769752e-01
3.397763073e-01
3.412227035e-01
3.419388533e-01
3.389456570e-01
3.371697664e-01
3.396759629e-01
3.386591971e-01
3.394325674e-01
3.371124268e-01
3.345918357e-01
3.285624087e-01
3.316559196e-01
3.304814696e-01
3.322431147e-01
3.321427405e-01
3.356658816e-01
3.347350657e-01
3.373702168e-01
3.348638713e-01
3.299371004e-01
3.312976360e-01
3.339901567e-01
3.339329362e-01
3.338612616e-01
3.316413462e-01
3.272446394e-01
3.234780729e-01
3.251823485e-01
3.214587867e-01
3.258841634e-01
3.259414434e-01
3.284190893e-01
3.207713068e-01
3.208000064e-01
3.211007416e-01
3.222751021e-01
3.213442266e-01
3.176348805e-01
3.202413917e-01
3.230627477e-01
3.260416389e-01
3.282185793e-01
3.254114985e-01
3.241798282e-01
3.172481954e-01
3.188235760e-01
3.219026327e-01
3.250963390e-01
3.234637678e-01
3.250963986e-01
3.254830837e-01
3.208571672e-01
3.204419017e-01
3.199978769e-01
3.211579025e-01
3.193964064e-01
3.152002096e-01
3.191959262e-01
3.210719824e-01
3.231057227e-01
3.243230283e-01
3.212868273e-01
3.165750802e-01
3.166037202e-01
3.132668436e-01
3.114909232e-01
3.059341609e-01
3.030412793e-01
3.012939692e-01
3.029552698e-01
3.021818995e-01
3.002914488e-01
2.977136374e-01
2.984297872e-01
2.935318649e-01
2.926296592e-01
2.920138836e-01
2.935318947e-01
2.931880653e-01
2.932739854e-01
2.921140790e-01
2.945629358e-01
2.996470630e-01
3.009359241e-01
3.006495535e-01
2.993319631e-01
3.010361791e-01
3.067504466e-01
3.062205315e-01
3.009215593e-01
2.958231270e-01
2.939613163e-01
2.906101346e-01
2.946058512e-01
2.913264036e-01
2.926868796e-01
2.912833691e-01
2.917560339e-01
2.885337174e-01
2.850391269e-01
2.848529816e-01
2.841511667e-01
2.868292332e-01
2.885337174e-01
2.904385626e-01
2.937610447e-01
2.919852436e-01
2.932884395e-01
2.900089025e-01
2.884047627e-01
2.835210860e-01
2.857122123e-01
2.848386467e-01
2.886911035e-01
2.882901430e-01
2.831344008e-01
2.824326456e-01
2.773055732e-01
2.795396745e-01
2.806137800e-01
2.783797085e-01
2.750284970e-01
2.721498907e-01
2.741405666e-01
2.708323598e-01
2.717775106e-01
2.717775106e-01
2.724936008e-01
2.731809318e-01
2.805565596e-01
2.836214304e-01
2.825901806e-01
2.805708051e-01
2.780072093e-01
2.720496356e-01
2.701734900e-01
2.737537622e-01
2.766466737e-01
2.730521262e-01
2.750284970e-01
2.746131718e-01
2.748852372e-01
2.707177699e-01
2.719923854e-01
2.702165246e-01
2.730091512e-01
2.709468901e-01
2.700016797e-01
2.696723044e-01
2.627406418e-01
2.584728301e-01
2.602201104e-01
2.621248960e-01
2.609075010e-01
2.565967143e-01
2.588452399e-01
2.606926560e-01
2.628695667e-01
2.586733997e-01
2.624112666e-01
2.561240494e-01
2.557087243e-01
2.536749840e-01
2.548494041e-01
2.593894303e-01
2.574846745e-01
2.545343339e-01
2.493069619e-01
2.466717660e-01
2.460272908e-01
2.395396233e-01
2.396540791e-01
2.412438244e-01
2.461132556e-01
2.444662154e-01
2.456979007e-01
2.496220469e-01
2.560811937e-01
2.577567995e-01
2.562530041e-01
2.581434548e-01
2.538755536e-01
2.537753582e-01
2.490778267e-01
2.471157759e-01
2.452538610e-01
2.461847663e-01
2.525006235e-01
2.524863780e-01
2.481326610e-01
2.442512959e-01
2.474880964e-01
2.470727563e-01
2.510828674e-01
2.490062267e-01
2.458124012e-01
2.464855760e-01
2.450819910e-01
2.457264662e-01
2.445664257e-01
2.454686910e-01
2.478318512e-01
2.462851256e-01
2.451106459e-01
2.453684360e-01
2.443801910e-01
2.416877449e-01
2.441081405e-01
2.399977893e-01
2.391384840e-01
2.344123274e-01
2.345412225e-01
2.352859378e-01
2.344982773e-01
2.330374718e-01
2.308033109e-01
2.326364815e-01
2.335530818e-01
2.356868982e-01
2.403271347e-01
2.332666069e-01
2.316625863e-01
2.311183661e-01
2.339970320e-01
2.313904762e-01
2.344267666e-01
2.393389940e-01
2.433920056e-01
2.453397810e-01
2.483617514e-01
2.500517070e-01
2.490635067e-01
2.492210418e-01
2.501375675e-01
2.484763265e-01
2.501949668e-01
2.459270358e-01
2.465428561e-01
2.458696812e-01
2.507248223e-01
2.519134879e-01
2.518132329e-01
2.490348816e-01
2.495074719e-01
2.521855533e-01
2.547205687e-01
2.505099475e-01
2.455114871e-01
2.430339158e-01
2.453683913e-01
2.431914508e-01
2.498654574e-01
2.488486171e-01
2.554509938e-01
2.530306280e-01
2.537180781e-01
2.521713376e-01
2.549640536e-01
2.542766631e-01
2.566110194e-01
2.537610829e-01
2.525150180e-01
2.509969175e-01
2.476169169e-01
2.491779625e-01
2.510971129e-01
2.478460521e-01
2.493498176e-01
2.440508604e-01
2.447526157e-01
2.432487756e-01
2.444088906e-01
2.450103909e-01
2.473161668e-01
2.484189868e-01
2.501232624e-01
2.532883286e-01
2.530449033e-01
2.520137429e-01
2.539757490e-01
2.554365695e-01
2.544627488e-01
2.510111928e-01
2.530305982e-01
2.498511821e-01
2.508966029e-01
2.532596588e-01
2.553936243e-01
2.495074272e-01
2.495790273e-01
2.481039166e-01
2.485048622e-01
2.505242527e-01
2.489488274e-01
2.484047264e-01
2.478461266e-01
2.439791858e-01
2.410289347e-01
2.372910082e-01
2.372337282e-01
2.342262417e-01
2.356583476e-01
2.347418070e-01
2.357299030e-01
2.304310054e-01
2.328942865e-01
2.333955765e-01
2.362312227e-01
2.373339832e-01
2.353576124e-01
2.328227013e-01
2.336820364e-01
2.378352880e-01
2.405849695e-01
2.390811592e-01
2.386945188e-01
2.313905954e-01
2.296147048e-01
2.265211791e-01
2.305169404e-01
2.283686846e-01
2.271943390e-01
2.278530896e-01
2.255902737e-01
2.250460535e-01
2.193890214e-01
2.160377949e-01
2.137463242e-01
2.150066495e-01
2.190596163e-01
2.120420486e-01
2.100370228e-01
2.063135058e-01
2.086907923e-01
2.117412984e-01
2.128155380e-01
2.093210667e-01
2.100228518e-01
2.123428583e-01
2.151068747e-01
2.148348093e-01
2.188447714e-01
2.214369774e-01
2.210359871e-01
2.167538404e-01
2.152500898e-01
2.133882791e-01
2.206350267e-01
2.179854959e-01
2.185297310e-01
2.146628797e-01
2.171978056e-01
2.201910615e-01
2.229407579e-01
2.212221920e-01
2.206063420e-01
2.225397676e-01
2.250890285e-01
2.260485590e-01
2.260628939e-01
2.208641320e-01
2.204774469e-01
2.190452814e-01
2.191025913e-01
2.160234451e-01
2.192887515e-01
2.175845057e-01
2.184008509e-01
2.142618746e-01
2.116553634e-01
2.102804780e-01
2.117126733e-01
2.096933126e-01
2.031771392e-01
2.030196041e-01
2.011147738e-01
2.047381401e-01
2.059412152e-01
2.034922391e-01
2.020171136e-01
1.974915266e-01
1.951141506e-01
1.896862835e-01
1.900586039e-01
1.900442988e-01
1.899583340e-01
1.944696307e-01
1.984367371e-01
1.984367371e-01
1.967754513e-01
1.925648600e-01
1.910754442e-01
1.924359947e-01
1.940829754e-01
1.934957802e-01
1.960880160e-01
1.955007762e-01
1.972623318e-01
1.971191168e-01
2.002125978e-01
1.984224021e-01
1.952286661e-01
1.924503148e-01
1.895143837e-01
1.892566085e-01
1.851749718e-01
1.795751750e-01
1.762239635e-01
1.792171299e-01
1.846020967e-01
1.842726469e-01
1.893711835e-01
1.862061024e-01
1.851319671e-01
1.837714463e-01
1.860629022e-01
1.843872517e-01
1.899297237e-01
1.897578537e-01
1.919061244e-01
1.961452812e-01
1.949136555e-01
1.934814900e-01
1.917198896e-01
1.869078428e-01
1.889272183e-01
1.868362576e-01
1.903880388e-01
1.922927946e-01
1.978781819e-01
