2.696090005e-02
2.664554864e-02
2.611740306e-02
2.570019290e-02
2.542821504e-02
2.530180290e-02
2.485973574e-02
2.455484867e-02
2.439807169e-02
2.448295988e-02
2.403715439e-02
2.361124754e-02
2.322112769e-02
2.304629050e-02
2.278404310e-02
2.241522260e-02
2.236573771e-02
2.252649330e-02
2.264750376e-02
2.203811705e-02
2.166678011e-02
2.199512534e-02
2.193876356e-02
2.167761326e-02
2.130916901e-02
2.177406475e-02
2.190880105e-02
2.172998711e-02
2.141716704e-02
2.129471861e-02
2.146269381e-02
2.159164473e-02
2.117371187e-02
2.104258537e-02
2.113109082e-02
2.124739438e-02
2.084462717e-02
2.048883401e-02
2.026957646e-02
2.045957930e-02
2.029015496e-02
1.991952956e-02
1.981622912e-02
1.971799321e-02
1.951786876e-02
1.937589981e-02
1.944236644e-02
1.960202865e-02
1.953810453e-02
1.901250146e-02
1.874700561e-02
1.917035319e-02
1.925343275e-02
1.923213154e-02
1.900023222e-02
1.863974333e-02
1.887199841e-02
1.892112009e-02
1.895254478e-02
1.875207201e-02
1.902443171e-02
1.885466091e-02
1.849199459e-02
1.832512021e-02
1.883262396e-02
1.875423826e-02
1.865130104e-02
1.839518920e-02
1.866971701e-02
1.886369102e-02
1.874917746e-02
1.847358234e-02
1.870656759e-02
1.889980957e-02
1.927764714e-02
1.892546192e-02
1.929823309e-02
1.938601956e-02
1.911474764e-02
1.875207387e-02
1.877628639e-02
1.866502501e-02
1.865058765e-02
1.857724600e-02
1.819979213e-02
1.826011389e-02
1.835692115e-02
1.826083101e-02
1.782988943e-02
1.794405468e-02
1.800978929e-02
1.788444072e-02
1.789853349e-02
1.789310575e-02
1.798848435e-02
1.793608069e-02
1.769732498e-02
1.779233105e-02
1.795630902e-02
1.782483421e-02
1.784902625e-02
1.780100353e-02
1.781145670e-02
1.799784787e-02
1.812065952e-02
1.812029816e-02
1.822360978e-02
1.850644127e-02
1.846707426e-02
1.861336268e-02
1.875567809e-02
1.892943494e-02
1.913026907e-02
1.899553090e-02
1.923538931e-02
1.927584410e-02
1.923141629e-02
1.928018220e-02
1.937879436e-02
1.944634318e-02
1.926140860e-02
1.920541562e-02
1.910752058e-02
1.929427870e-02
1.912667044e-02
1.925887726e-02
1.944093779e-02
1.949474402e-02
1.945103705e-02
1.938386075e-02
1.956447214e-02
1.963996142e-02
1.951678842e-02
1.956482977e-02
1.947272196e-02
1.949873194e-02
1.961359195e-02
1.978337765e-02
1.984586008e-02
1.977217942e-02
1.996327378e-02
1.996435039e-02
1.964935102e-02
1.959516481e-02
1.999650151e-02
1.984260418e-02
1.982526667e-02
1.981262304e-02
2.020673268e-02
2.011316270e-02
2.009690739e-02
2.023598179e-02
2.080960758e-02
2.073988505e-02
2.055493742e-02
2.067161351e-02
2.084535919e-02
2.092917822e-02
2.083559521e-02
2.077565715e-02
2.084104158e-02
2.125210501e-02
2.133736201e-02
2.115277201e-02
2.131460235e-02
2.135217190e-02
2.185028233e-02
2.154722065e-02
2.139370516e-02
2.177262679e-02
2.215587720e-02
2.156853303e-02
2.168882452e-02
2.189327031e-02
2.216381952e-02
2.164366283e-02
2.178597264e-02
2.217031457e-02
2.230396867e-02
2.217608877e-02
2.207278833e-02
2.234658971e-02
2.255428955e-02
2.256621607e-02
2.274791524e-02
2.242606506e-02
2.231191657e-02
2.228482440e-02
2.227651700e-02
2.209589258e-02
2.225231379e-02
2.246434800e-02
2.254382335e-02
2.238234691e-02
2.240547165e-02
2.245098539e-02
2.232094668e-02
2.315428481e-02
2.342772670e-02
2.163933218e-02
2.301125601e-02
2.322327718e-02
2.218006738e-02
2.309072204e-02
2.337065525e-02
2.280932292e-02
2.277753316e-02
2.298992313e-02
2.268180437e-02
2.277355082e-02
2.281546034e-02
2.300041355e-02
2.317957394e-02
2.305603027e-02
2.278909273e-02
2.339522541e-02
2.362423204e-02
2.357908152e-02
2.383340336e-02
2.422500774e-02
2.418454550e-02
2.439408191e-02
2.450894006e-02
2.478201687e-02
2.493549697e-02
2.505507879e-02
2.532708459e-02
2.537548169e-02
2.530939132e-02
2.562433481e-02
2.554270625e-02
2.612539567e-02
2.627312206e-02
2.636741474e-02
2.668747306e-02
2.667664364e-02
2.688941918e-02
2.728926390e-02
2.733189799e-02
2.764147334e-02
2.756560966e-02
2.773502097e-02
2.801605314e-02
2.830827609e-02
2.822449431e-02
2.843040228e-02
2.869731747e-02
2.929766290e-02
2.942807600e-02
3.103011101e-02
8.298876882e-02
4.635523260e-01
1.462007046e+00
2.951296568e+00
4.521547794e+00
5.917128086e+00
7.074494362e+00
8.030925751e+00
8.803582191e+00
9.399610519e+00
9.807858467e+00
1.003197956e+01
1.009000015e+01
1.002429104e+01
9.843691826e+00
9.566167831e+00
9.226161003e+00
8.839236259e+00
8.428911209e+00
8.012756348e+00
7.611742496e+00
7.278702736e+00
7.005287170e+00
6.788609028e+00
6.583631516e+00
6.385095119e+00
6.182219505e+00
5.992771626e+00
5.789854527e+00
5.598766804e+00
5.407939911e+00
5.208489418e+00
5.019017220e+00
4.833402634e+00
4.649816990e+00
4.473456383e+00
4.302734375e+00
4.150278091e+00
3.997007608e+00
3.865261078e+00
3.739684820e+00
3.634785652e+00
3.538306952e+00
3.460395575e+00
3.372711182e+00
3.299695253e+00
3.231155634e+00
3.155775547e+00
3.087329626e+00
3.019371271e+00
2.949942112e+00
2.881389380e+00
2.809899569e+00
2.748151302e+00
2.673901320e+00
2.611518860e+00
2.542977571e+00
2.481225729e+00
2.414976120e+00
2.361207962e+00
2.294717073e+00
2.241072178e+00
2.190776348e+00
2.132435083e+00
2.082221985e+00
2.033793211e+00
1.983998537e+00
1.935323834e+00
1.885001659e+00
1.845546484e+00
1.793759227e+00
1.753524065e+00
1.706797123e+00
1.667463064e+00
1.622803450e+00
1.589296460e+00
1.541668892e+00
1.506774306e+00
1.473887563e+00
1.432475448e+00
1.399432898e+00
1.367193818e+00
1.333995581e+00
1.302487612e+00
1.268792510e+00
1.245476365e+00
1.210351825e+00
1.186643839e+00
1.155916929e+00
1.131930232e+00
1.102874160e+00
1.084958434e+00
1.052171588e+00
1.030970216e+00
1.011949897e+00
9.843662977e-01
9.637009501e-01
9.433840513e-01
9.217538834e-01
9.016822577e-01
8.791497350e-01
8.666188121e-01
8.419011235e-01
8.280571103e-01
8.075176477e-01
7.928982973e-01
7.727675438e-01
7.635925412e-01
7.402609587e-01
7.276954055e-01
7.163015008e-01
6.962434649e-01
6.837969422e-01
6.711527705e-01
6.571357250e-01
6.438837051e-01
6.281364560e-01
6.222318411e-01
6.038979888e-01
5.956974626e-01
5.811879039e-01
5.727017522e-01
5.580645204e-01
5.537109375e-01
5.353960395e-01
5.276799798e-01
5.215662122e-01
5.063844919e-01
4.984206259e-01
4.904813170e-01
4.806032777e-01
4.716169834e-01
4.602393806e-01
4.582321644e-01
4.436969459e-01
4.397536814e-01
4.287074208e-01
4.238807261e-01
4.134584665e-01
4.130056798e-01
3.977295160e-01
3.936663866e-01
3.906893730e-01
3.788175583e-01
3.739787936e-01
3.687247932e-01
3.619436324e-01
3.559219539e-01
3.473342359e-01
3.475195467e-01
3.356774747e-01
3.342608511e-01
3.256115615e-01
3.227602243e-01
3.145443499e-01
3.163847625e-01
3.036289215e-01
3.014111519e-01
3.005193174e-01
2.908672094e-01
2.878469229e-01
2.845055759e-01
2.793859839e-01
2.751229405e-01
2.681418359e-01
2.701716721e-01
2.598718405e-01
2.600936294e-01
2.532006204e-01
2.520793378e-01
2.450781763e-01
2.480006069e-01
2.367092073e-01
2.359282076e-01
2.361811101e-01
2.278494835e-01
2.264422625e-01
2.241860479e-01
2.203229815e-01
2.173332423e-01
2.118420750e-01
2.153012156e-01
2.062253356e-01
2.074313313e-01
2.016941458e-01
2.014962733e-01
1.954339296e-01
1.994742304e-01
1.890778393e-01
1.894445419e-01
1.906500459e-01
1.829282641e-01
1.821306497e-01
1.811391562e-01
1.782296747e-01
1.757398397e-01
1.708108485e-01
1.749877781e-01
1.664670706e-01
1.684166491e-01
1.631707400e-01
1.641336977e-01
1.592572778e-01
1.637728214e-01
1.532981098e-01
1.545656174e-01
1.565276980e-01
1.495131254e-01
1.493166238e-01
1.486782730e-01
1.463521272e-01
1.452457160e-01
1.409176439e-01
1.455448121e-01
1.380454898e-01
1.407800466e-01
1.358631998e-01
1.369501948e-01
1.322908401e-01
1.376979500e-01
1.282513887e-01
1.291464418e-01
1.316078305e-01
1.252725422e-01
1.251984835e-01
1.247202083e-01
1.226367131e-01
1.209179088e-01
1.167160794e-01
1.215178892e-01
1.139408350e-01
1.168107018e-01
1.122600064e-01
1.133924648e-01
1.089711934e-01
1.141467541e-01
1.049007624e-01
1.059483811e-01
1.086284220e-01
1.023324579e-01
1.026961580e-01
1.026929170e-01
1.003847048e-01
9.927078336e-02
9.575036168e-02
1.010261849e-01
9.359160066e-02
9.659673274e-02
9.274742752e-02
9.456695616e-02
9.049636126e-02
9.615933150e-02
8.746105433e-02
8.916675299e-02
9.243999422e-02
8.652146906e-02
8.728475869e-02
8.805059642e-02
8.661071211e-02
8.559780568e-02
8.201490343e-02
8.734506369e-02
8.007007092e-02
8.361076564e-02
7.914422452e-02
8.094422519e-02
7.684853673e-02
8.241949975e-02
7.377348840e-02
7.561892271e-02
7.862912863e-02
7.241679728e-02
7.346830517e-02
7.393423468e-02
7.259015739e-02
7.197139412e-02
6.831719726e-02
7.407726347e-02
6.739713997e-02
7.078836113e-02
6.675625592e-02
6.838587672e-02
6.448239088e-02
7.074643672e-02
6.202879921e-02
6.374484301e-02
6.758101285e-02
6.193813309e-02
6.254892796e-02
6.319545209e-02
6.219062954e-02
6.135725603e-02
5.827821046e-02
6.414614618e-02
5.727726594e-02
6.091983989e-02
5.716813356e-02
5.924811587e-02
5.515471473e-02
6.139412150e-02
5.299072713e-02
5.503442883e-02
5.797336251e-02
5.232319981e-02
5.337430909e-02
5.401762202e-02
5.284981430e-02
5.252686888e-02
4.923208803e-02
5.493440479e-02
4.788875952e-02
5.116698518e-02
4.763377085e-02
5.009364709e-02
4.636472091e-02
5.253231153e-02
4.435956851e-02
4.652405903e-02
5.011750013e-02
4.456075653e-02
4.575101286e-02
4.652659222e-02
4.528287053e-02
4.450948164e-02
4.128918424e-02
4.701530188e-02
4.056854174e-02
4.432744160e-02
4.081091657e-02
4.297573119e-02
3.952746838e-02
4.594862461e-02
3.759898990e-02
4.011340439e-02
4.341170937e-02
3.778501973e-02
3.911065683e-02
3.995626047e-02
3.884442896e-02
3.857317939e-02
3.536265343e-02
4.157997295e-02
3.507945314e-02
3.912153840e-02
3.577046841e-02
3.826071694e-02
3.459396586e-02
4.125198349e-02
3.297062963e-02
3.558443859e-02
3.890443221e-02
3.329930827e-02
3.434106335e-02
3.552232683e-02
3.438768536e-02
3.421319649e-02
3.109800443e-02
3.702135012e-02
3.050813451e-02
3.435949236e-02
3.103733063e-02
3.311764449e-02
3.007719480e-02
3.650231659e-02
2.813666128e-02
3.062296845e-02
3.428688645e-02
2.869731188e-02
2.994174324e-02
3.099038824e-02
2.998002619e-02
2.977449261e-02
2.657549456e-02
3.280013800e-02
2.613187581e-02
3.036293201e-02
2.690314129e-02
2.913441136e-02
2.554883622e-02
3.224349394e-02
2.415312454e-02
2.639053948e-02
2.966110781e-02
2.433807589e-02
2.558819577e-02
2.669793926e-02
2.594112791e-02
2.581360936e-02
2.287361771e-02
2.905170806e-02
2.241269685e-02
2.637536079e-02
2.315501496e-02
2.555209212e-02
2.201463096e-02
2.878259309e-02
2.053036168e-02
2.333995327e-02
2.685976960e-02
2.135647647e-02
2.269263938e-02
2.382186055e-02
2.308961377e-02
2.289817110e-02
1.991808414e-02
2.631900646e-02
1.989495941e-02
2.353248000e-02
2.013880573e-02
2.243942022e-02
1.917179115e-02
2.552355453e-02
1.729207486e-02
1.964861900e-02
2.339125238e-02
1.821313240e-02
1.954276860e-02
2.067377791e-02
1.979635283e-02
1.950628497e-02
1.661115699e-02
2.284110896e-02
1.635686681e-02
2.042379603e-02
1.729098894e-02
1.996468008e-02
1.665016823e-02
2.337498777e-02
1.540256198e-02
1.803906262e-02
2.189397998e-02
1.641863585e-02
1.767568663e-02
1.918806508e-02
1.843817346e-02
1.822469383e-02
1.533066388e-02
2.171300910e-02
1.527178753e-02
1.902226359e-02
1.562649384e-02
1.836738363e-02
1.489031781e-02
2.125895768e-02
1.298494264e-02
1.541949343e-02
1.926427148e-02
1.384824328e-02
1.521686465e-02
1.637457311e-02
1.583238691e-02
1.567163505e-02
1.247127261e-02
1.869319007e-02
1.271006279e-02
1.673976332e-02
1.337793376e-02
1.592231356e-02
1.320237387e-02
1.979816519e-02
1.125903614e-02
1.443229150e-02
1.837567613e-02
1.304523554e-02
1.438858639e-02
1.525550801e-02
1.437341794e-02
1.446407661e-02
1.138870511e-02
1.737984456e-02
1.092164870e-02
1.483143866e-02
1.164012216e-02
1.410433836e-02
1.082881354e-02
1.747340336e-02
9.607152082e-03
1.230149809e-02
1.607800834e-02
1.103725657e-02
1.266490296e-02
1.396599878e-02
1.344438363e-02
1.333204657e-02
1.089239959e-02
1.683006994e-02
1.039138343e-02
1.426074561e-02
1.156029198e-02
1.430193800e-02
1.075332705e-02
1.710422710e-02
9.143326432e-03
1.171164587e-02
1.522590127e-02
1.002472918e-02
1.142375730e-02
1.267573424e-02
1.199625898e-02
1.161808614e-02
8.769828826e-03
1.514643524e-02
9.246280417e-03
1.299251523e-02
9.771858342e-03
1.241747010e-02
9.440978058e-03
1.599712111e-02
8.049545810e-03
1.041774545e-02
1.452875230e-02
9.208716452e-03
1.041812077e-02
1.162242144e-02
1.081437431e-02
1.054020319e-02
7.770693861e-03
1.408337429e-02
7.966106758e-03
1.196231600e-02
9.058104828e-03
1.167949103e-02
8.452678099e-03
1.491381973e-02
6.854619831e-03
1.008759346e-02
1.360478625e-02
8.353699930e-03
9.625958279e-03
1.073960029e-02
1.019596122e-02
1.029203925e-02
7.294964511e-03
1.361092087e-02
7.263172884e-03
1.121135056e-02
8.085306734e-03
1.074248832e-02
7.328189909e-03
1.380598918e-02
5.955552682e-03
8.385127410e-03
1.204467192e-02
6.675463635e-03
7.850872353e-03
9.245552123e-03
8.618121967e-03
8.322998881e-03
5.600465927e-03
1.208043844e-02
6.041873246e-03
9.996570647e-03
6.651256233e-03
9.558771737e-03
6.535663735e-03
1.332627237e-02
5.363860168e-03
8.211743087e-03
1.214436535e-02
6.775870919e-03
8.092539385e-03
9.103967808e-03
8.386929519e-03
8.516969159e-03
5.350135267e-03
1.164698787e-02
5.261272658e-03
9.350313805e-03
5.955545697e-03
8.619192988e-03
5.230931100e-03
1.213424653e-02
4.132090136e-03
6.615496241e-03
1.065832842e-02
5.619246513e-03
7.221259642e-03
8.319018409e-03
7.733117323e-03
7.709638681e-03
5.093308166e-03
1.154115051e-02
5.321961828e-03
9.875925258e-03
6.582265720e-03
9.155970067e-03
6.091365125e-03
1.268369798e-02
4.470554180e-03
7.508431561e-03
1.145481598e-02
6.113402545e-03
7.493632380e-03
8.809917606e-03
8.214976639e-03
8.516614325e-03
5.743876100e-03
1.240697224e-02
5.911111832e-03
9.889275767e-03
7.042463403e-03
9.439525194e-03
6.256808061e-03
1.307631563e-02
5.049602129e-03
7.704581600e-03
1.160292048e-02
6.541803479e-03
7.658349350e-03
8.775598370e-03
8.251467720e-03
8.176689968e-03
5.480187479e-03
1.196303219e-02
5.796615500e-03
9.667141363e-03
6.710136775e-03
9.150576778e-03
5.916887894e-03
1.256809849e-02
4.784829449e-03
7.482065354e-03
1.122182515e-02
6.437785458e-03
7.964296266e-03
8.916840889e-03
8.210650645e-03
8.193313144e-03
5.203845445e-03
1.147252042e-02
5.300290417e-03
9.486524388e-03
6.502074189e-03
9.185611270e-03
5.901005119e-03
1.314928848e-02
5.410471000e-03
8.400289342e-03
1.229463425e-02
7.269674912e-03
9.049069136e-03
1.046868600e-02
9.859301150e-03
1.015550178e-02
7.554299198e-03
1.395371556e-02
7.672780193e-03
1.185144112e-02
8.799809031e-03
1.145987026e-02
8.331301622e-03
1.496691722e-02
6.844142918e-03
9.865809232e-03
1.361959521e-02
8.437860757e-03
1.019740663e-02
1.139702275e-02
1.064965595e-02
1.087975129e-02
7.910116576e-03
1.442651451e-02
8.032208309e-03
1.236361917e-02
9.368770756e-03
1.191355661e-02
8.799126372e-03
1.565392129e-02
8.011256345e-03
1.053370256e-02
1.430803631e-02
9.072563611e-03
1.071684062e-02
1.215845626e-02
1.154873986e-02
1.143098064e-02
8.673772216e-03
1.519194059e-02
8.786465041e-03
1.278227847e-02
1.027434785e-02
1.320598274e-02
9.742632508e-03
1.676035672e-02
9.030670859e-03
1.155198924e-02
1.550836582e-02
1.074934937e-02
1.213210449e-02
1.361306943e-02
1.297263056e-02
1.315072738e-02
1.028518286e-02
1.681271195e-02
1.058571786e-02
1.484877430e-02
1.176185813e-02
1.454752963e-02
1.129444502e-02
1.804587618e-02
1.014213730e-02
1.283139642e-02
1.697954349e-02
1.190993842e-02
1.322369464e-02
1.469923463e-02
1.402592007e-02
1.398835797e-02
1.113982778e-02
1.763083413e-02
1.138437539e-02
1.551053580e-02
1.221697684e-02
1.493005827e-02
1.187347155e-02
1.845117286e-02
1.030397043e-02
1.372575015e-02
1.716420613e-02
1.217181608e-02
1.405339129e-02
1.523310691e-02
1.469346043e-02
1.496762224e-02
1.242829207e-02
1.881346665e-02
1.261756942e-02
1.662093960e-02
1.379586384e-02
1.668956131e-02
1.356757153e-02
2.048628964e-02
1.282710303e-02
1.545165852e-02
1.948101074e-02
1.426614355e-02
1.573665254e-02
1.737010293e-02
1.674663089e-02
1.668523252e-02
1.389736682e-02
2.048521489e-02
1.460027602e-02
1.867368445e-02
1.546899788e-02
1.835689880e-02
1.527177356e-02
2.199441381e-02
1.381464489e-02
1.677553914e-02
2.084499225e-02
1.590426825e-02
1.740080304e-02
1.871341839e-02
1.794583350e-02
1.808018796e-02
1.554341801e-02
2.196081355e-02
1.593570597e-02
2.013663575e-02
1.708149165e-02
1.943333820e-02
1.632761583e-02
2.352057770e-02
1.568321139e-02
1.829729788e-02
2.194852941e-02
1.704103872e-02
1.899444684e-02
2.044222876e-02
1.968980394e-02
1.976132952e-02
1.730977744e-02
2.414298803e-02
