2.992434241e-02
2.963302471e-02
2.945396677e-02
2.922194824e-02
2.899234742e-02
2.871356718e-02
2.856805362e-02
2.838358283e-02
2.812998369e-02
2.783659846e-02
2.763278596e-02
2.747810259e-02
2.731364407e-02
2.708544955e-02
2.687186562e-02
2.671279944e-02
2.651052549e-02
2.639560588e-02
2.623230591e-02
2.615924738e-02
2.598837577e-02
2.583676763e-02
2.564453520e-02
2.546484396e-02
2.527446300e-02
2.508670464e-02
2.497053705e-02
2.472566813e-02
2.446378767e-02
2.424057387e-02
2.404564992e-02
2.387249842e-02
2.378835157e-02
2.369466983e-02
2.348938026e-02
2.331102826e-02
2.320915088e-02
2.310013771e-02
2.296697535e-02
2.275865898e-02
2.262000740e-02
2.245515399e-02
2.228125185e-02
2.208283544e-02
2.182157338e-02
2.156529017e-02
2.138134837e-02
2.125171572e-02
2.109512128e-02
2.095139027e-02
2.078111656e-02
2.068982273e-02
2.050071023e-02
2.027326263e-02
2.008850314e-02
1.987977885e-02
1.980713196e-02
1.972142421e-02
1.946836337e-02
1.931964420e-02
1.919051260e-02
1.908543520e-02
1.901692897e-02
1.893091761e-02
1.886169612e-02
1.884449460e-02
1.876158826e-02
1.866955683e-02
1.861225255e-02
1.859286986e-02
1.855318993e-02
1.849772967e-02
1.832363196e-02
1.826933026e-02
1.814746670e-02
1.806446351e-02
1.799152233e-02
1.783928275e-02
1.763460040e-02
1.741915569e-02
1.726670191e-02
1.712234132e-02
1.701249182e-02
1.698586345e-02
1.685050689e-02
1.672346331e-02
1.656042971e-02
1.638717763e-02
1.635308564e-02
1.629267260e-02
1.616479456e-02
1.606386341e-02
1.598674431e-02
1.586261205e-02
1.582064480e-02
1.566520147e-02
1.550821401e-02
1.546624769e-02
1.541225147e-02
1.529576629e-02
1.514903549e-02
1.514447480e-02
1.510695275e-02
1.499930117e-02
1.487328298e-02
1.478116307e-02
1.465171855e-02
1.456963830e-02
1.451191120e-02
1.451190468e-02
1.438579522e-02
1.427366585e-02
1.427615341e-02
1.419472322e-02
1.418942865e-02
1.407317352e-02
1.397514343e-02
1.386975031e-02
1.381565351e-02
1.377741154e-02
1.367988717e-02
1.364744548e-02
1.352950837e-02
1.347427443e-02
1.337697171e-02
1.330754161e-02
1.321645360e-02
1.321977004e-02
1.320930384e-02
1.308214944e-02
1.299251337e-02
1.295551844e-02
1.297344361e-02
1.293872949e-02
1.284867618e-02
1.275851019e-02
1.263478119e-02
1.255747303e-02
1.243041828e-02
1.239446364e-02
1.243529003e-02
1.235539187e-02
1.218170952e-02
1.211196557e-02
1.210367586e-02
1.207227632e-02
1.198078319e-02
1.193933468e-02
1.191394497e-02
1.189010870e-02
1.181725133e-02
1.172440033e-02
1.164035313e-02
1.153921150e-02
1.141589228e-02
1.134998724e-02
1.128656510e-02
1.117081381e-02
1.109007653e-02
1.100935042e-02
1.089535933e-02
1.079991739e-02
1.073981076e-02
1.069577597e-02
1.074551605e-02
1.068012975e-02
1.065359917e-02
1.054820605e-02
1.048799790e-02
1.048240438e-02
1.046748366e-02
1.036904007e-02
1.029287465e-02
1.030292269e-02
1.026592962e-02
1.021204423e-02
1.013722457e-02
1.015080046e-02
1.009141840e-02
1.011670474e-02
1.003453135e-02
9.966957383e-03
9.975559078e-03
9.914210066e-03
9.893380105e-03
9.832440875e-03
9.685081430e-03
9.605187923e-03
9.484879673e-03
9.392340668e-03
9.281046689e-03
9.292548522e-03
9.323015809e-03
9.307677858e-03
9.263533168e-03
9.146018885e-03
9.216070175e-03
9.169331752e-03
8.910668083e-03
8.913157508e-03
8.851912804e-03
8.842690848e-03
8.955753408e-03
8.954509161e-03
8.811494336e-03
8.762476034e-03
8.753568865e-03
8.722375147e-03
8.676574565e-03
8.622265421e-03
8.571694605e-03
8.589727804e-03
8.508278988e-03
8.439681493e-03
8.321045898e-03
8.353375830e-03
8.242198266e-03
8.189970627e-03
8.223959245e-03
8.182505146e-03
8.176595904e-03
8.106228895e-03
8.163024671e-03
8.150689304e-03
8.125197142e-03
8.109654300e-03
8.008731529e-03
7.922721095e-03
7.823558524e-03
7.740236353e-03
7.715993561e-03
7.580844220e-03
7.510796655e-03
7.463747170e-03
7.320535835e-03
7.218674291e-03
7.065198850e-03
7.000229787e-03
7.043645717e-03
7.054632064e-03
6.984686013e-03
6.791636348e-03
6.840752438e-03
6.901576184e-03
6.866343785e-03
6.840852555e-03
6.833391730e-03
6.835669745e-03
6.801895332e-03
6.884686183e-03
7.041267119e-03
2.561571822e-02
2.938972414e-01
1.443297029e+00
3.849827051e+00
7.137728214e+00
1.047515488e+01
1.323944759e+01
1.513694382e+01
1.618042564e+01
1.653000069e+01
1.637680435e+01
1.588833046e+01
1.520156860e+01
1.442109299e+01
1.362939835e+01
1.287800980e+01
1.219519615e+01
1.159331608e+01
1.107187080e+01
1.062633514e+01
1.024425220e+01
9.915562630e+00
9.628281593e+00
9.372244835e+00
9.138155937e+00
8.919689178e+00
8.710038185e+00
8.509332657e+00
8.318169594e+00
8.126077652e+00
7.932642937e+00
7.742487907e+00
7.558139801e+00
7.378713608e+00
7.202798367e+00
7.030734062e+00
6.862552166e+00
6.700128555e+00
6.543024540e+00
6.391482353e+00
6.245085239e+00
6.104055882e+00
5.966040134e+00
5.831889629e+00
5.700945854e+00
5.571970463e+00
5.446061611e+00
5.323123932e+00
5.202995300e+00
5.085781574e+00
4.971251965e+00
4.859647274e+00
4.749445438e+00
4.641091347e+00
4.532930851e+00
4.430644035e+00
4.333196640e+00
4.238190651e+00
4.142662048e+00
4.048398495e+00
3.956139088e+00
3.864759684e+00
3.774801016e+00
3.685398579e+00
3.596757174e+00
3.509131908e+00
3.423707724e+00
3.341476440e+00
3.261796474e+00
3.185818911e+00
3.112657070e+00
3.042307138e+00
2.974164486e+00
2.908428192e+00
2.843676329e+00
2.781061649e+00
2.720154762e+00
2.660388470e+00
2.602369785e+00
2.546737432e+00
2.492370844e+00
2.438074589e+00
2.385268688e+00
2.334291220e+00
2.284692049e+00
2.236546755e+00
2.189326286e+00
2.143084288e+00
2.097787857e+00
2.053850412e+00
2.010107994e+00
1.967785716e+00
1.926531076e+00
1.885734677e+00
1.846224308e+00
1.807855129e+00
1.770452619e+00
1.734053373e+00
1.698655844e+00
1.664678454e+00
1.630863309e+00
1.598417640e+00
1.566446066e+00
1.535205603e+00
1.504489064e+00
1.475149989e+00
1.445887327e+00
1.417652607e+00
1.390218496e+00
1.362766862e+00
1.336047173e+00
1.309965491e+00
1.284334064e+00
1.258910537e+00
1.233999252e+00
1.209828019e+00
1.185617089e+00
1.162381649e+00
1.139381170e+00
1.117126584e+00
1.095409751e+00
1.074825764e+00
1.053971648e+00
1.034220099e+00
1.014984488e+00
9.958927035e-01
9.776462317e-01
9.601186514e-01
9.432023168e-01
9.265650511e-01
9.108282328e-01
8.962668777e-01
8.818817735e-01
8.682847619e-01
8.547927141e-01
8.416148424e-01
8.285953999e-01
8.161144853e-01
8.032174110e-01
7.909028530e-01
7.788628936e-01
7.665606141e-01
7.546402216e-01
7.429512143e-01
7.315796018e-01
7.204196453e-01
7.098610997e-01
6.997867227e-01
6.896776557e-01
6.802005768e-01
6.709716320e-01
6.618147492e-01
6.527286172e-01
6.441872716e-01
6.350052953e-01
6.261477470e-01
6.179690361e-01
6.097597480e-01
6.018685699e-01
5.941092372e-01
5.863887072e-01
5.785204172e-01
5.708073378e-01
5.630977750e-01
5.550608039e-01
5.473428369e-01
5.397402644e-01
5.322315097e-01
5.247057080e-01
5.177077055e-01
5.106027722e-01
5.042716265e-01
4.983493686e-01
4.924149513e-01
4.869111478e-01
4.814773202e-01
4.762323499e-01
4.709495008e-01
4.658844173e-01
4.609818757e-01
4.555659294e-01
4.507307410e-01
4.463089108e-01
4.421101809e-01
4.380112886e-01
4.340878427e-01
4.295274317e-01
4.252530038e-01
4.209378064e-01
4.162985384e-01
4.115588069e-01
4.068107307e-01
4.020965397e-01
3.973154724e-01
3.928923309e-01
3.887060881e-01
3.845026791e-01
3.807779551e-01
3.772158921e-01
3.736992478e-01
3.703949153e-01
3.674795926e-01
3.641054630e-01
3.612091541e-01
3.583481312e-01
3.548765779e-01
3.517322838e-01
3.491026759e-01
3.466997445e-01
3.441869318e-01
3.416371644e-01
3.391187191e-01
3.361238241e-01
3.331452608e-01
3.299030066e-01
3.266014457e-01
3.231148422e-01
3.199526072e-01
3.162449300e-01
3.131137788e-01
3.102820516e-01
3.072637022e-01
3.047585487e-01
3.023872375e-01
3.001627624e-01
2.979907691e-01
2.960056067e-01
2.942119837e-01
2.921933532e-01
2.903880179e-01
2.881908417e-01
2.858934402e-01
2.840813100e-01
2.828960419e-01
2.811134160e-01
2.796622217e-01
2.781002522e-01
2.760835588e-01
2.741921246e-01
2.721330225e-01
2.700231075e-01
2.675628662e-01
2.651248872e-01
2.627376914e-01
2.600145638e-01
2.577686608e-01
2.556146383e-01
2.537187040e-01
2.519744039e-01
2.507259846e-01
2.490635663e-01
2.478414774e-01
2.468310446e-01
2.455408722e-01
2.443159372e-01
2.431718707e-01
2.417157888e-01
2.403400689e-01
2.394109964e-01
2.387893200e-01
2.376802415e-01
2.367079556e-01
2.354906648e-01
2.342110723e-01
2.326458097e-01
2.313370854e-01
2.291669995e-01
2.273172438e-01
2.255923450e-01
2.233669758e-01
2.215372622e-01
2.199898064e-01
2.185633779e-01
2.171730995e-01
2.160562128e-01
2.152312547e-01
2.141436636e-01
2.132989466e-01
2.124296427e-01
2.117217332e-01
2.109111995e-01
2.100913972e-01
2.086648345e-01
2.080330402e-01
2.077702284e-01
2.070654184e-01
2.065841258e-01
2.058299184e-01
2.049097270e-01
2.037020624e-01
2.024715841e-01
2.012608051e-01
1.994681060e-01
1.979383230e-01
1.962895095e-01
1.947365403e-01
1.932851374e-01
1.922614872e-01
1.907901913e-01
1.899385750e-01
1.894054115e-01
1.884892285e-01
1.878781021e-01
1.874027103e-01
1.869847327e-01
1.863219440e-01
1.856846511e-01
1.850275397e-01
1.843570024e-01
1.843775511e-01
1.842147559e-01
1.840124428e-01
1.835427731e-01
1.832844615e-01
1.821204126e-01
1.811954081e-01
1.803359240e-01
1.788043827e-01
1.774135381e-01
1.760009974e-01
1.747027487e-01
1.733250618e-01
1.721630991e-01
1.714492887e-01
1.704657376e-01
1.699832231e-01
1.694835871e-01
1.691755801e-01
1.689618081e-01
1.690996140e-01
1.684533507e-01
1.681486517e-01
1.676608324e-01
1.668854356e-01
1.667101383e-01
1.667076498e-01
1.666938514e-01
1.662617773e-01
1.656863242e-01
1.652291417e-01
1.641938239e-01
1.633449346e-01
1.621068269e-01
1.608351618e-01
1.593553722e-01
1.584384143e-01
1.568441093e-01
1.558745354e-01
1.552866399e-01
1.544172168e-01
1.539528817e-01
1.535056978e-01
1.532468945e-01
1.528927088e-01
1.526848972e-01
1.527296752e-01
1.522090733e-01
1.516986042e-01
1.511658281e-01
1.511012912e-01
1.511468887e-01
1.516429633e-01
1.512671858e-01
1.510863304e-01
1.509538293e-01
1.501556188e-01
1.493600160e-01
1.483359039e-01
1.473352760e-01
1.460491568e-01
1.449763775e-01
1.439959109e-01
1.427619308e-01
1.420367211e-01
1.414157003e-01
1.410592645e-01
1.407486349e-01
1.408841312e-01
1.404060423e-01
1.403996050e-01
1.404997557e-01
1.401682943e-01
1.397602111e-01
1.392556429e-01
1.392528415e-01
1.393852830e-01
1.396515071e-01
1.398728490e-01
1.395704597e-01
1.393653601e-01
1.387424469e-01
1.380159557e-01
1.370484382e-01
1.362790912e-01
1.347306520e-01
1.336460263e-01
1.327337474e-01
1.313771605e-01
1.305409968e-01
1.299674958e-01
1.297025532e-01
1.293232441e-01
1.291218102e-01
1.291403621e-01
1.288950741e-01
1.289798468e-01
1.288109273e-01
1.286085397e-01
1.280806512e-01
1.281541586e-01
1.280431002e-01
1.283782572e-01
1.289307326e-01
1.287746578e-01
1.286461651e-01
1.282256842e-01
1.276701540e-01
1.267105043e-01
1.257538199e-01
1.249560490e-01
1.236074045e-01
1.226467490e-01
1.216492429e-01
1.207970530e-01
1.200965047e-01
1.199580804e-01
1.192782745e-01
1.191990972e-01
1.193239689e-01
1.191986054e-01
1.192779914e-01
1.193850115e-01
1.194915622e-01
1.190340444e-01
1.187894568e-01
1.191206798e-01
1.192385331e-01
1.196485385e-01
1.197270602e-01
1.195928678e-01
1.192223653e-01
1.190478057e-01
1.180277169e-01
1.172435805e-01
1.164572984e-01
1.153094843e-01
1.145157963e-01
1.136699840e-01
1.129303798e-01
1.122109890e-01
1.117813215e-01
1.117143780e-01
1.113352031e-01
1.113045216e-01
1.112010777e-01
1.112116575e-01
1.112923771e-01
1.116668060e-01
1.111035421e-01
1.109744757e-01
1.113522723e-01
1.113370433e-01
1.117091924e-01
1.118763760e-01
1.119778007e-01
1.117553115e-01
1.114332899e-01
1.111379415e-01
1.103171259e-01
1.095734090e-01
1.086106747e-01
1.076738313e-01
1.066994295e-01
1.061380655e-01
1.051073149e-01
1.047339588e-01
1.046657637e-01
1.042001694e-01
1.041260809e-01
1.041356027e-01
1.042990088e-01
1.041687727e-01
1.041994393e-01
1.042321697e-01
1.036489680e-01
1.036866978e-01
1.039290726e-01
1.042692661e-01
1.044936478e-01
1.048445255e-01
1.043507308e-01
1.041774675e-01
1.039208993e-01
1.029985398e-01
1.022856981e-01
1.014555618e-01
1.005425453e-01
9.949661046e-02
9.866965562e-02
9.819635749e-02
9.739921987e-02
9.718098491e-02
9.701000154e-02
9.685567766e-02
9.670116007e-02
9.708999097e-02
9.686168283e-02
9.711214900e-02
9.738358855e-02
9.691922367e-02
9.684418887e-02
9.718399495e-02
9.774170816e-02
9.798493981e-02
9.810412675e-02
9.825616330e-02
9.787292033e-02
9.759176522e-02
9.701403230e-02
9.631754458e-02
9.551800042e-02
9.500813484e-02
9.367757291e-02
9.292200208e-02
9.236884117e-02
9.160705656e-02
9.136331826e-02
9.131271392e-02
9.139699489e-02
9.144932032e-02
9.159835428e-02
9.194262326e-02
9.203124046e-02
9.237839282e-02
9.226573259e-02
9.207610786e-02
9.219591320e-02
9.296345711e-02
9.298096597e-02
9.330110997e-02
9.354825318e-02
9.326399863e-02
9.294697642e-02
9.239435196e-02
9.178317338e-02
9.080694616e-02
8.988581598e-02
8.914027363e-02
8.815872669e-02
8.753839135e-02
8.696261048e-02
8.666250855e-02
8.641577512e-02
8.663836867e-02
8.629824966e-02
8.656533062e-02
8.694604039e-02
8.686915040e-02
8.700023592e-02
8.701413125e-02
8.678416908e-02
8.671887964e-02
8.709772676e-02
8.769837767e-02
8.774700016e-02
8.795313537e-02
8.782834560e-02
8.760646731e-02
8.710499853e-02
8.679143339e-02
8.566302806e-02
8.494955301e-02
8.417147398e-02
8.294843882e-02
8.212598413e-02
8.158598095e-02
8.135161549e-02
8.105571568e-02
8.095084876e-02
8.103995770e-02
8.085923642e-02
8.111818880e-02
8.130215853e-02
8.149700612e-02
8.159004152e-02
8.169183135e-02
8.130366355e-02
8.164703846e-02
8.232672513e-02
8.248569816e-02
8.271258324e-02
8.279249072e-02
8.272438496e-02
8.231905848e-02
8.171066642e-02
8.118161559e-02
8.022486418e-02
7.951321453e-02
7.864037901e-02
7.775200903e-02
7.703635842e-02
7.689264417e-02
7.625688612e-02
7.627242804e-02
7.642153651e-02
7.635509968e-02
7.654547691e-02
7.680383325e-02
7.707104087e-02
7.723627239e-02
7.719962299e-02
7.724489272e-02
7.730156183e-02
7.788395137e-02
7.842773199e-02
7.883275300e-02
7.898281515e-02
7.919475436e-02
7.858779281e-02
7.827022672e-02
7.788030803e-02
7.689166069e-02
7.613696158e-02
7.534419000e-02
7.447730005e-02
7.358398288e-02
7.300271094e-02
7.294686139e-02
7.256423682e-02
7.267035544e-02
7.272518426e-02
7.286445796e-02
7.293555140e-02
7.330498099e-02
7.322552055e-02
7.343266159e-02
7.347036898e-02
7.344104350e-02
7.383392751e-02
7.437047362e-02
7.485108078e-02
7.477308065e-02
7.471475005e-02
7.480229437e-02
7.430350780e-02
7.384750992e-02
7.322739065e-02
7.255892456e-02
7.167075574e-02
7.123751938e-02
7.025626302e-02
6.981024891e-02
6.962984055e-02
6.919458508e-02
6.919666380e-02
6.930286437e-02
6.942459196e-02
6.955262274e-02
6.979720294e-02
7.026881725e-02
7.024551183e-02
7.014797628e-02
7.005315274e-02
7.044658810e-02
7.087574154e-02
7.161053270e-02
7.142710686e-02
7.168026268e-02
7.187851518e-02
7.134762406e-02
7.095097750e-02
7.032390684e-02
6.966300309e-02
6.873976439e-02
6.802967936e-02
6.746783108e-02
6.658403575e-02
6.622792780e-02
6.588246673e-02
6.576431543e-02
6.563188136e-02
6.598743051e-02
6.577415019e-02
6.596951187e-02
6.635589898e-02
6.621651351e-02
6.608258933e-02
6.594619900e-02
6.623619050e-02
6.668499112e-02
6.721433997e-02
6.791695207e-02
6.794336438e-02
6.799082458e-02
6.770586222e-02
6.725081801e-02
6.657087058e-02
6.624364108e-02
6.510920823e-02
6.440170854e-02
6.376451999e-02
6.276356429e-02
6.237161532e-02
6.216785312e-02
6.209564954e-02
6.192605197e-02
6.196678802e-02
6.233698875e-02
6.236642972e-02
6.272965670e-02
6.303115189e-02
6.316233426e-02
6.301940233e-02
6.350086629e-02
6.360449642e-02
6.423526257e-02
6.488855183e-02
6.494910270e-02
6.502815336e-02
6.492596120e-02
6.469123065e-02
6.394307315e-02
6.335009634e-02
6.288405508e-02
6.196863949e-02
6.139973179e-02
6.072058901e-02
6.024882197e-02
5.991552770e-02
6.010882184e-02
5.974030495e-02
5.987157673e-02
6.026921049e-02
6.027428806e-02
6.047974154e-02
6.081030890e-02
6.106221676e-02
6.089300290e-02
6.094096974e-02
6.159254536e-02
6.190522015e-02
6.243863329e-02
6.264271587e-02
6.275703758e-02
6.245275214e-02
6.241128966e-02
6.161554158e-02
6.105640903e-02
6.059591100e-02
5.960547179e-02
5.883112922e-02
5.822683498e-02
5.777505413e-02
5.724259466e-02
5.700028688e-02
5.711608008e-02
5.690568686e-02
5.712934583e-02
5.738175660e-02
5.774044245e-02
5.799917504e-02
5.867650732e-02
5.836907774e-02
5.839530751e-02
5.897185951e-02
5.930098146e-02
5.981823057e-02
6.018361449e-02
6.042462960e-02
6.031085551e-02
6.009894982e-02
5.997586623e-02
5.944746360e-02
