1.155856531e-03
1.279315329e-03
8.762148209e-04
8.643151377e-04
8.851395105e-04
9.654621244e-04
9.312506882e-04
8.851395105e-04
6.456591072e-04
7.720928406e-04
8.375409525e-04
8.791896980e-04
9.342255653e-04
9.074513218e-04
9.238133789e-04
1.039835042e-03
9.803366847e-04
9.803366847e-04
1.024960307e-03
9.163761279e-04
9.193510050e-04
9.788492462e-04
9.223258821e-04
6.768956664e-04
7.735802792e-04
8.137415862e-04
8.077917737e-04
8.747273241e-04
7.230068441e-04
7.125945995e-04
6.917702267e-04
8.330785204e-04
6.932576653e-04
7.542433450e-04
6.917702267e-04
6.010353682e-04
4.686518223e-04
5.385622499e-04
4.552647006e-04
4.671643255e-04
5.311249988e-04
4.552647006e-04
6.501214812e-04
4.344402987e-04
3.437054984e-04
4.790640087e-04
3.303183767e-04
3.794044314e-04
4.627019807e-04
4.403901403e-04
2.589205105e-04
4.151033936e-04
4.329528601e-04
3.675047774e-04
1.890100684e-04
3.377556568e-04
3.689922451e-04
3.675047774e-04
1.890100684e-04
1.666982134e-04
2.961069113e-04
2.113218943e-04
2.440459357e-04
7.745085168e-05
2.499957627e-04
1.295118127e-04
1.666982134e-04
1.101748858e-04
-1.774633893e-05
1.027375984e-04
1.696731342e-04
6.703866529e-05
1.280243596e-04
1.696731342e-04
1.384365460e-04
2.663577616e-04
4.775765410e-04
4.909636336e-04
3.243685642e-04
2.693326969e-04
2.931319759e-04
3.585800587e-04
4.686518223e-04
3.124689101e-04
2.336337348e-04
1.919849601e-04
3.005692561e-04
3.332932829e-04
2.455333888e-04
3.109814425e-04
2.128093620e-04
3.005692561e-04
3.496553109e-04
3.719671804e-04
4.701392609e-04
3.645298711e-04
4.939385690e-04
5.578991841e-04
5.697988672e-04
5.028633168e-04
6.129350513e-04
5.876483046e-04
5.311249988e-04
5.578991841e-04
4.775765410e-04
5.459995009e-04
4.701392609e-04
5.147629417e-04
5.207127542e-04
3.987413656e-04
5.980604910e-04
5.311249988e-04
6.144224899e-04
7.557307836e-04
8.360534557e-04
8.033294580e-04
8.672900149e-04
7.587057771e-04
9.119137540e-04
7.914297748e-04
6.873078528e-04
6.635086029e-04
8.568778867e-04
9.609997505e-04
9.981861804e-04
1.069584046e-03
9.937237483e-04
1.047272235e-03
8.717523888e-04
9.535624995e-04
8.330785204e-04
9.074513218e-04
9.803366847e-04
7.810175885e-04
7.854799624e-04
1.111232792e-03
1.002648612e-03
8.821645752e-04
7.140820380e-04
7.810175885e-04
1.001161058e-03
9.758743108e-04
8.821645752e-04
9.297631914e-04
1.115695224e-03
1.056196983e-03
9.788492462e-04
1.023472985e-03
9.416628163e-04
1.048759674e-03
9.773618076e-04
9.312506882e-04
1.071071485e-03
9.476126288e-04
1.148419222e-03
1.206430024e-03
1.249566325e-03
1.237666584e-03
9.654621244e-04
1.097845729e-03
1.065121731e-03
1.237666584e-03
1.142469468e-03
1.148419222e-03
1.466734800e-03
1.258490956e-03
1.239154139e-03
1.236179145e-03
1.088920981e-03
1.181143336e-03
1.047272235e-03
9.342255653e-04
1.062146854e-03
1.007110928e-03
1.139494590e-03
9.862865554e-04
9.758743108e-04
1.135032158e-03
1.213867334e-03
1.011573244e-03
8.449782035e-04
1.190067967e-03
1.398311811e-03
1.187093090e-03
1.062146854e-03
1.213867334e-03
1.203455147e-03
1.201967592e-03
8.806771366e-04
9.639746859e-04
1.228741836e-03
1.071071485e-03
9.847991168e-04
8.791896980e-04
1.196017838e-03
1.157343970e-03
1.257003518e-03
1.161806402e-03
1.212379779e-03
1.243616338e-03
1.248078770e-03
1.178168342e-03
1.014548121e-03
1.149906660e-03
1.072558924e-03
1.072558924e-03
1.096358290e-03
1.078508794e-03
9.565374348e-04
1.060659299e-03
1.148419222e-03
1.135032158e-03
1.148419222e-03
1.182630658e-03
1.216842211e-03
1.239154139e-03
1.059171860e-03
1.148419222e-03
1.019010553e-03
1.169243595e-03
1.072558924e-03
1.172218588e-03
1.019010553e-03
9.833116783e-04
1.008598367e-03
9.728994337e-04
9.312506882e-04
8.033294580e-04
8.330785204e-04
8.167165797e-04
7.765552145e-04
8.553903899e-04
7.646555896e-04
7.408562815e-04
6.917702267e-04
6.947451038e-04
7.780427113e-04
7.155694766e-04
7.363939076e-04
6.739207311e-04
6.828455371e-04
9.565374348e-04
9.431503131e-04
7.929172134e-04
8.092792123e-04
1.005623490e-03
1.051734551e-03
9.743868723e-04
1.093383413e-03
2.075459063e-02
2.659144104e-01
1.131842971e+00
2.667663813e+00
4.470324516e+00
6.117754459e+00
7.448753357e+00
8.486196518e+00
9.289621353e+00
9.865571976e+00
1.020537376e+01
1.031999969e+01
1.024131680e+01
1.001063538e+01
9.666508675e+00
9.242163658e+00
8.771281242e+00
8.281595230e+00
7.795540810e+00
7.327651978e+00
6.885986805e+00
6.489737034e+00
6.176628590e+00
5.964439392e+00
5.822789669e+00
5.709102154e+00
5.596814632e+00
5.470515251e+00
5.328780174e+00
5.174530983e+00
5.007983208e+00
4.828460693e+00
4.640129089e+00
4.449319363e+00
4.259041786e+00
4.071941853e+00
3.892051935e+00
3.723894358e+00
3.568562984e+00
3.426351786e+00
3.297145367e+00
3.181313515e+00
3.080866098e+00
2.996279001e+00
2.923363924e+00
2.857414484e+00
2.795833588e+00
2.734903574e+00
2.671098232e+00
2.604356289e+00
2.535992861e+00
2.467247009e+00
2.396551371e+00
2.324323177e+00
2.252637148e+00
2.182577848e+00
2.114138603e+00
2.047013521e+00
1.982647061e+00
1.921074986e+00
1.862413168e+00
1.805788636e+00
1.752300978e+00
1.701681018e+00
1.653104186e+00
1.606530786e+00
1.561561704e+00
1.517565966e+00
1.473857045e+00
1.430510879e+00
1.388435245e+00
1.347265363e+00
1.306186318e+00
1.265708208e+00
1.226883888e+00
1.189049006e+00
1.151926756e+00
1.116270781e+00
1.081782341e+00
1.048737288e+00
1.017034888e+00
9.866158962e-01
9.576640129e-01
9.296596050e-01
9.026862979e-01
8.767110109e-01
8.520503640e-01
8.279104233e-01
8.042836189e-01
7.812715173e-01
7.592571378e-01
7.375581264e-01
7.165359259e-01
6.960582733e-01
6.757156849e-01
6.561630368e-01
6.374300122e-01
6.188383698e-01
6.009355783e-01
5.832732320e-01
5.665569901e-01
5.499733686e-01
5.339592695e-01
5.179571509e-01
5.025622249e-01
4.876591861e-01
4.731029272e-01
4.593023062e-01
4.454569817e-01
4.320549369e-01
4.190874398e-01
4.064055979e-01
3.938693404e-01
3.819103241e-01
3.703974485e-01
3.588370085e-01
3.478639722e-01
3.371320963e-01
3.270069659e-01
3.167153299e-01
3.068802059e-01
2.973708510e-01
2.884193659e-01
2.792939842e-01
2.706250846e-01
2.623326182e-01
2.543240488e-01
2.464940846e-01
2.390091568e-01
2.315452099e-01
2.245020419e-01
2.174650282e-01
2.110376507e-01
2.042444497e-01
1.979821771e-01
1.919460297e-01
1.860303730e-01
1.799943000e-01
1.743047535e-01
1.686643064e-01
1.633986533e-01
1.582208127e-01
1.528882682e-01
1.479097754e-01
1.430353522e-01
1.385000795e-01
1.341090798e-01
1.294934601e-01
1.250311136e-01
1.206773371e-01
1.164767593e-01
1.122048125e-01
1.081975773e-01
1.039434373e-01
9.987372905e-02
9.584125131e-02
9.224160761e-02
8.857649565e-02
8.479391783e-02
8.120469749e-02
7.752920687e-02
7.404407859e-02
7.063932717e-02
6.728513539e-02
6.413917243e-02
6.079539284e-02
5.793650448e-02
5.479355529e-02
5.188856274e-02
4.910703748e-02
4.643705487e-02
4.367484152e-02
4.110750183e-02
3.864279017e-02
3.606799990e-02
3.372971714e-02
3.142117336e-02
2.910965495e-02
2.682342194e-02
2.471270598e-02
2.262283117e-02
2.040354908e-02
1.830176823e-02
1.634428278e-02
1.447603758e-02
1.259886194e-02
1.070829853e-02
8.848976344e-03
6.959907245e-03
5.252310541e-03
3.729155520e-03
1.990319230e-03
2.202466276e-04
-1.545363688e-03
-3.291637171e-03
-4.731494468e-03
-6.250189152e-03
-8.148184046e-03
-9.675796144e-03
-1.131497324e-02
-1.253319345e-02
-1.407270692e-02
-1.548281498e-02
-1.700300165e-02
-1.866151206e-02
-2.002699673e-02
-2.163642459e-02
-2.304057963e-02
-2.445663698e-02
-2.566890791e-02
-2.686631121e-02
-2.808898874e-02
-2.915399522e-02
-3.036477789e-02
-3.137178347e-02
-3.240258619e-02
-3.332927078e-02
-3.425000608e-02
-3.529419377e-02
-3.636962175e-02
-3.725019470e-02
-3.822745383e-02
-3.922851011e-02
-4.028164223e-02
-4.125443101e-02
-4.213798791e-02
-4.319853708e-02
-4.412670061e-02
-4.491654783e-02
-4.584769160e-02
-4.649771750e-02
-4.741993919e-02
-4.813689366e-02
-4.896094278e-02
-4.978053644e-02
-5.072508380e-02
-5.142864957e-02
-5.217089131e-02
-5.310799927e-02
-5.380116403e-02
-5.459249392e-02
-5.517408624e-02
-5.601004884e-02
-5.675974861e-02
-5.751686543e-02
-5.828736722e-02
-5.887491256e-02
-5.961268768e-02
-6.016304716e-02
-6.106742099e-02
-6.160290539e-02
-6.229457259e-02
-6.301600486e-02
-6.324804574e-02
-6.388171017e-02
-6.437852234e-02
-6.479353458e-02
-6.527843326e-02
-6.577524543e-02
-6.626164168e-02
-6.652492285e-02
-6.698156893e-02
-6.755574048e-02
-6.822659075e-02
-6.886024773e-02
-6.954299659e-02
-6.998923421e-02
-7.054107636e-02
-7.119259238e-02
-7.183220237e-02
-7.241974771e-02
-7.286152989e-02
-7.329588383e-02
-7.379416376e-02
-7.413776964e-02
-7.475952804e-02
-7.518494129e-02
-7.573825866e-02
-7.603128999e-02
-7.646712661e-02
-7.675568759e-02
-7.740273327e-02
-7.762438059e-02
-7.799029350e-02
-7.841718942e-02
-7.898687571e-02
-7.929775864e-02
-7.968896627e-02
-8.010099083e-02
-8.050557971e-02
-8.087000251e-02
-8.125227690e-02
-8.155423403e-02
-8.195287734e-02
-8.221764117e-02
-8.263561875e-02
-8.276800066e-02
-8.307293057e-02
-8.335405588e-02
-8.382260799e-02
-8.384640515e-02
-8.410374075e-02
-8.447411656e-02
-8.487722278e-02
-8.507952094e-02
-8.549154550e-02
-8.577565104e-02
-8.625758439e-02
-8.627245575e-02
-8.675738424e-02
-8.708462119e-02
-8.752490580e-02
-8.768554777e-02
-8.794734627e-02
-8.832813054e-02
-8.871635795e-02
-8.892311156e-02
-8.906295151e-02
-8.924144506e-02
-8.974270523e-02
-9.006399661e-02
-9.002383798e-02
-9.015770257e-02
-9.039122611e-02
-9.058906883e-02
-9.074822813e-02
-9.089697152e-02
-9.108885378e-02
-9.142352641e-02
-9.171953797e-02
-9.177158773e-02
-9.215832502e-02
-9.234574437e-02
-9.258224815e-02
-9.294667840e-02
-9.312368184e-02
-9.338993579e-02
-9.342414886e-02
-9.355355799e-02
-9.383320063e-02
-9.378857911e-02
-9.401615709e-02
-9.404293448e-02
-9.429132938e-02
-9.437166154e-02
-9.450255334e-02
-9.464236349e-02
-9.477624297e-02
-9.514958411e-02
-9.535782784e-02
-9.531617910e-02
-9.556458145e-02
-9.576242417e-02
-9.632320702e-02
-9.661623091e-02
-9.679918736e-02
-9.693008661e-02
-9.726326913e-02
-9.713237733e-02
-9.740756452e-02
-9.743582457e-02
-9.764555097e-02
-9.780023247e-02
-9.768125415e-02
-9.777643532e-02
-9.788652509e-02
-9.803377092e-02
-9.788653255e-02
-9.815425426e-02
-9.837739915e-02
-9.854101390e-02
-9.877157211e-02
-9.862877429e-02
-9.883403778e-02
-9.886230528e-02
-9.908988327e-02
-9.916128218e-02
-9.943348914e-02
-9.964173287e-02
-9.993325174e-02
-9.998831153e-02
-1.000819951e-01
-1.004345492e-01
-1.003274247e-01
-1.002828032e-01
-1.004062891e-01
-1.004955098e-01
-1.006383076e-01
-1.006412804e-01
-1.007825881e-01
-1.007022634e-01
-1.009120196e-01
-1.009923443e-01
-1.011366248e-01
-1.011306718e-01
-1.012184396e-01
-1.012541354e-01
-1.014668420e-01
-1.016274840e-01
-1.018580422e-01
-1.019041538e-01
-1.021406576e-01
-1.024068892e-01
-1.026002839e-01
-1.026895344e-01
-1.028099880e-01
-1.029646844e-01
-1.031640023e-01
-1.031803638e-01
-1.031580493e-01
-1.032845154e-01
-1.036191657e-01
-1.035462767e-01
-1.035433039e-01
-1.036519110e-01
-1.036147028e-01
-1.038274094e-01
-1.039419472e-01
-1.040654033e-01
-1.042543128e-01
-1.041591167e-01
-1.042424068e-01
-1.042557955e-01
-1.046276614e-01
-1.046633571e-01
-1.046797261e-01
-1.046306342e-01
-1.047020331e-01
-1.046708003e-01
-1.047778651e-01
-1.047540978e-01
-1.047213748e-01
-1.046945974e-01
-1.048358828e-01
-1.048299521e-01
-1.049994975e-01
-1.051125526e-01
-1.052940190e-01
-1.053356677e-01
-1.053966507e-01
-1.053802893e-01
-1.055885330e-01
-1.054680496e-01
-1.055558175e-01
-1.056212559e-01
-1.058116481e-01
-1.057774425e-01
-1.057134792e-01
-1.057625711e-01
-1.059083417e-01
-1.057997495e-01
-1.057938039e-01
-1.058309898e-01
-1.060392335e-01
-1.058681756e-01
-1.059931219e-01
-1.060853451e-01
-1.062727645e-01
-1.062712744e-01
-1.062965617e-01
-1.063575521e-01
-1.062861532e-01
-1.063530892e-01
-1.064170450e-01
-1.064438224e-01
-1.064720824e-01
-1.064229980e-01
-1.065241471e-01
-1.063605249e-01
-1.065866202e-01
-1.063114405e-01
-1.062668115e-01
-1.063352376e-01
-1.063798666e-01
-1.061552614e-01
-1.063515991e-01
-1.065672860e-01
-1.065538973e-01
-1.068052799e-01
-1.068692356e-01
-1.071607992e-01
-1.073690429e-01
-1.075385883e-01
-1.075415686e-01
-1.074062288e-01
-1.075341254e-01
-1.073957980e-01
-1.075921431e-01
-1.075088382e-01
-1.076189131e-01
-1.073288843e-01
-1.073333398e-01
-1.074954495e-01
-1.075043753e-01
-1.076575816e-01
-1.075490043e-01
-1.075698286e-01
-1.076308191e-01
-1.077914611e-01
-1.079759002e-01
-1.078301370e-01
-1.081573740e-01
-1.080874577e-01
-1.081499308e-01
-1.082659513e-01
-1.084682569e-01
-1.084355265e-01
-1.083894148e-01
-1.084042937e-01
-1.085545197e-01
-1.085113809e-01
-1.087032631e-01
-1.087047532e-01
-1.088341698e-01
-1.089769602e-01
-1.091733053e-01
-1.089829132e-01
-1.090543121e-01
-1.091509908e-01
-1.092804074e-01
-1.090230718e-01
-1.092402413e-01
-1.091688424e-01
-1.094558984e-01
-1.094097868e-01
-1.093160957e-01
-1.091733053e-01
-1.090453863e-01
-1.089843959e-01
-1.090007573e-01
-1.088683754e-01
-1.089248955e-01
-1.088862196e-01
-1.089323312e-01
-1.087151691e-01
-1.088178009e-01
-1.088103652e-01
-1.089918315e-01
-1.087657437e-01
-1.088267267e-01
-1.089546457e-01
-1.089219227e-01
-1.089115068e-01
-1.089397743e-01
-1.090602577e-01
-1.091941297e-01
-1.090677008e-01
-1.092149541e-01
-1.091286764e-01
-1.092432141e-01
-1.092075184e-01
-1.094097868e-01
-1.095213443e-01
-1.096819863e-01
-1.096686050e-01
-1.096909121e-01
-1.095466539e-01
-1.096254662e-01
-1.097697541e-01
-1.097191721e-01
-1.096894220e-01
-1.095674559e-01
-1.095258296e-01
-1.096002012e-01
-1.095496267e-01
-1.096448079e-01
-1.095094681e-01
-1.094812080e-01
-1.093711331e-01
-1.097087637e-01
-1.094782352e-01
-1.095183939e-01
-1.096344143e-01
-1.094886512e-01
-1.097652912e-01
-1.095793769e-01
-1.096135676e-01
-1.095674559e-01
-1.095540673e-01
-1.098753884e-01
-1.097861156e-01
-1.097355410e-01
-1.095629930e-01
-1.097295880e-01
-1.095451415e-01
-1.097593382e-01
-1.094544157e-01
-1.096254662e-01
-1.096239835e-01
-1.097623110e-01
-1.096254662e-01
-1.096373722e-01
-1.095213443e-01
-1.094127595e-01
-1.091851816e-01
-1.092833504e-01
-1.093889624e-01
-1.095020026e-01
-1.092253476e-01
-1.092536077e-01
-1.092640087e-01
-1.094142497e-01
-1.091479957e-01
-1.092060059e-01
-1.091598943e-01
-1.091866717e-01
-1.091033667e-01
-1.088579372e-01
-1.089561135e-01
-1.091509685e-01
-1.091227084e-01
-1.088534743e-01
-1.086631119e-01
-1.088847145e-01
-1.088044196e-01
-1.087716892e-01
-1.085634455e-01
-1.088400930e-01
-1.087761298e-01
-1.088966131e-01
-1.089204103e-01
-1.089888588e-01
-1.092669889e-01
-1.094306111e-01
-1.092744246e-01
-1.092506349e-01
-1.091717929e-01
-1.092030331e-01
-1.089561135e-01
-1.090007350e-01
-1.088326573e-01
-1.089114845e-01
-1.089427248e-01
-1.090141237e-01
-1.089456975e-01
-1.090409011e-01
-1.089709848e-01
-1.088490412e-01
-1.089204103e-01
-1.088609099e-01
-1.087821051e-01
-1.086913645e-01
-1.086883917e-01
-1.088341698e-01
-1.089739874e-01
-1.088579670e-01
-1.086125374e-01
-1.087181419e-01
-1.085530370e-01
-1.087776423e-01
-1.086318716e-01
-1.087731794e-01
-1.088326797e-01
-1.087940037e-01
-1.086958274e-01
-1.086526960e-01
-1.088832468e-01
-1.085827872e-01
-1.086318716e-01
-1.085396484e-01
-1.084191650e-01
-1.084905565e-01
-1.082659513e-01
-1.081172079e-01
-1.077929437e-01
-1.078643426e-01
-1.078375727e-01
-1.078940928e-01
-1.076798961e-01
-1.077557579e-01
-1.078286469e-01
-1.078107953e-01
-1.078494638e-01
-1.078122854e-01
-1.078093126e-01
-1.079461500e-01
-1.077319607e-01
-1.079000384e-01
-1.079223529e-01
-1.079654917e-01
-1.079253256e-01
-1.080651432e-01
-1.081097722e-01
-1.081142351e-01
-1.081886068e-01
-1.080309376e-01
-1.079446673e-01
-1.082109213e-01
-1.081648096e-01
-1.083120629e-01
-1.081826612e-01
-1.082198471e-01
-1.081633195e-01
-1.083834693e-01
-1.081573740e-01
-1.083195060e-01
-1.082614884e-01
-1.082495973e-01
-1.080978736e-01
-1.080785319e-01
-1.081543937e-01
-1.082034856e-01
-1.083254516e-01
-1.083120629e-01
-1.083046272e-01
-1.084147021e-01
-1.082793400e-01
-1.082302630e-01
-1.080651432e-01
-1.084176749e-01
-1.081826612e-01
-1.082763672e-01
-1.080502793e-01
-1.080681235e-01
-1.080086306e-01
-1.081826612e-01
-1.081499308e-01
-1.080145761e-01
-1.080547422e-01
-1.081573740e-01
-1.082525700e-01
-1.079952419e-01
-1.080829948e-01
-1.081246436e-01
-1.079461500e-01
-1.081603467e-01
-1.079833433e-01
-1.080130935e-01
-1.079669967e-01
-1.079283059e-01
-1.077393964e-01
-1.078568995e-01
-1.077676564e-01
-1.075787544e-01
-1.074672118e-01
-1.071711928e-01
-1.072857231e-01
-1.071072295e-01
-1.069852561e-01
-1.070194617e-01
-1.069941819e-01
-1.070150062e-01
-1.065568700e-01
-1.066371873e-01
-1.065851301e-01
-1.065196842e-01
-1.064185351e-01
-1.063843295e-01
-1.065613329e-01
-1.064378694e-01
-1.063397005e-01
-1.063203663e-01
-1.062906161e-01
-1.062281355e-01
-1.063218489e-01
-1.063248292e-01
-1.062593758e-01
-1.064601839e-01
-1.064408422e-01
-1.065494344e-01
-1.064929068e-01
-1.066550389e-01
-1.065776944e-01
-1.066208258e-01
-1.066743731e-01
-1.067085862e-01
-1.068335325e-01
-1.068394855e-01
-1.068082526e-01
-1.067695767e-01
-1.064691097e-01
-1.064854711e-01
-1.062415242e-01
-1.063798666e-01
-1.063173860e-01
