6.639354862e-03
7.720218506e-03
8.680986241e-03
1.072261855e-02
1.000204217e-02
8.170578629e-03
5.738635082e-03
5.888754968e-03
6.459210534e-03
7.209810894e-03
7.299882825e-03
5.378346890e-03
4.927987233e-03
4.897963256e-03
6.579306442e-03
7.089714985e-03
9.701802395e-03
9.011249989e-03
8.380746469e-03
7.329906337e-03
8.440794423e-03
6.549282931e-03
6.939595100e-03
8.260650560e-03
6.969618611e-03
6.849522702e-03
8.620938286e-03
8.891154081e-03
9.221417829e-03
8.050482720e-03
8.050482720e-03
7.149762940e-03
7.209810894e-03
6.188994274e-03
6.969618611e-03
6.729426328e-03
6.309090648e-03
5.498443265e-03
4.237434827e-03
2.796283225e-03
2.946403343e-03
2.796283225e-03
2.496043453e-03
3.156571183e-03
2.856331412e-03
4.597723018e-03
3.636955284e-03
3.606931306e-03
3.516859142e-03
2.466019476e-03
4.057290964e-03
5.198203027e-03
5.228227004e-03
5.258250982e-03
3.366739489e-03
3.246643348e-03
2.886355389e-03
2.916379133e-03
2.225827426e-03
3.697003005e-03
1.385155483e-03
3.937195055e-03
5.558490753e-03
5.978826899e-03
4.537675064e-03
6.549282931e-03
4.477627110e-03
6.008850876e-03
5.078107119e-03
5.228227004e-03
6.699402817e-03
6.008850876e-03
2.976427320e-03
2.526067197e-03
3.246643348e-03
3.186595161e-03
3.937195055e-03
3.366739489e-03
2.646163339e-03
2.586115384e-03
3.366739489e-03
2.285875380e-03
2.225827426e-03
2.466019476e-03
4.243876319e-04
-7.165241987e-04
2.976427320e-03
1.114939572e-03
1.655371510e-03
2.826307202e-03
1.865539351e-03
2.496043453e-03
1.835515373e-03
2.165779471e-03
2.742676588e-04
1.114939572e-03
-5.363802193e-04
1.385155483e-03
4.177386872e-03
2.165779471e-03
2.345923334e-03
3.997243010e-03
2.195803449e-03
3.096523462e-03
3.396763001e-03
2.976427320e-03
2.526067197e-03
5.468418822e-03
5.708611105e-03
6.369138602e-03
6.699402817e-03
4.867938813e-03
3.066499485e-03
5.348322913e-03
5.198203027e-03
6.219018716e-03
4.777866881e-03
4.897963256e-03
5.528466776e-03
5.438394845e-03
6.549282931e-03
4.627746996e-03
4.387555178e-03
2.916379133e-03
5.018058699e-03
5.258250982e-03
5.708611105e-03
6.759450771e-03
7.600122597e-03
6.429186556e-03
6.008850876e-03
5.618538707e-03
5.798682570e-03
5.258250982e-03
5.708611105e-03
5.408370867e-03
3.877147334e-03
3.066499485e-03
1.835515373e-03
1.084915479e-03
1.235035481e-03
6.645796238e-04
1.685395488e-03
1.895563444e-03
4.297483247e-03
4.687795416e-03
5.558490753e-03
5.048082676e-03
4.027266987e-03
3.967219032e-03
1.985635376e-03
1.595323440e-03
5.438394845e-03
3.006451298e-03
1.775467419e-03
3.006451298e-03
3.697003005e-03
1.595323440e-03
3.666979028e-03
2.315899357e-03
1.265059575e-03
1.595323440e-03
1.745443442e-03
9.948435472e-04
-1.160442844e-04
6.645796238e-04
3.306691302e-03
5.648562685e-03
4.687795416e-03
3.576907329e-03
2.556091407e-03
3.787075169e-03
3.126547206e-03
5.168179050e-03
4.537675064e-03
4.477627110e-03
4.567699041e-03
3.817099147e-03
3.456811188e-03
5.828706548e-03
2.706211293e-03
4.687795416e-03
3.937195055e-03
5.138155073e-03
5.978826899e-03
7.720218506e-03
6.759450771e-03
6.519258488e-03
7.630146574e-03
8.230626583e-03
9.701802395e-03
8.170578629e-03
7.630146574e-03
8.050482720e-03
1.045240276e-02
1.219379343e-02
1.090276241e-02
1.135312207e-02
1.303446572e-02
1.237393729e-02
1.267417800e-02
1.174343470e-02
1.309451461e-02
1.255408209e-02
1.534631290e-02
1.456569042e-02
1.363494620e-02
1.510612201e-02
1.432549767e-02
1.459571347e-02
1.651724987e-02
1.543638576e-02
1.366497017e-02
1.339475345e-02
1.255408209e-02
1.225384232e-02
1.459571347e-02
1.567657851e-02
1.576665044e-02
1.711772941e-02
1.396520901e-02
1.387513801e-02
1.522621792e-02
1.591677032e-02
1.618698612e-02
1.624703407e-02
1.765816100e-02
1.894919202e-02
1.936952956e-02
1.744799316e-02
1.915936172e-02
2.084070444e-02
2.000003308e-02
2.135111205e-02
2.009010501e-02
1.942957751e-02
1.819859445e-02
1.861893013e-02
1.795840077e-02
1.762813702e-02
1.663734578e-02
1.855888031e-02
1.777825691e-02
1.924943179e-02
1.810852066e-02
1.660732180e-02
1.471581031e-02
1.759811305e-02
1.807849854e-02
1.864895411e-02
3.849481419e-02
2.818393707e-01
1.106117964e+00
2.534088612e+00
4.255064011e+00
5.935179234e+00
7.400472164e+00
8.614009857e+00
9.595311165e+00
1.036043739e+01
1.091395950e+01
1.127157497e+01
1.145478439e+01
1.150000000e+01
1.142896366e+01
1.126677132e+01
1.103777885e+01
1.076665974e+01
1.047014427e+01
1.016666412e+01
9.886391640e+00
9.674842834e+00
9.531119347e+00
9.439876556e+00
9.359984398e+00
9.278079033e+00
9.178910255e+00
9.067250252e+00
8.932413101e+00
8.787126541e+00
8.629111290e+00
8.453742027e+00
8.273989677e+00
8.083368301e+00
7.887341499e+00
7.690412998e+00
7.494986534e+00
7.305446625e+00
7.116504192e+00
6.943265915e+00
6.776422501e+00
6.627202988e+00
6.487651348e+00
6.356056213e+00
6.223139763e+00
6.098841190e+00
5.973160744e+00
5.847029686e+00
5.724261284e+00
5.598131657e+00
5.474161625e+00
5.348721027e+00
5.228685379e+00
5.106816769e+00
4.986452103e+00
4.871099949e+00
4.755566120e+00
4.641774654e+00
4.532817364e+00
4.428213596e+00
4.319976330e+00
4.219425201e+00
4.122357845e+00
4.026039600e+00
3.933416128e+00
3.842623472e+00
3.752251863e+00
3.663741112e+00
3.576461077e+00
3.493985176e+00
3.406945705e+00
3.325400352e+00
3.246377468e+00
3.167564392e+00
3.091123819e+00
3.020207167e+00
2.942895412e+00
2.874830961e+00
2.803073883e+00
2.734318733e+00
2.668445826e+00
2.605395555e+00
2.541954994e+00
2.481186390e+00
2.423780441e+00
2.364783287e+00
2.308879137e+00
2.255286217e+00
2.199831963e+00
2.147469997e+00
2.097239733e+00
2.050252199e+00
1.998340726e+00
1.951022625e+00
1.908718824e+00
1.859359264e+00
1.816094756e+00
1.774451375e+00
1.731637359e+00
1.688433170e+00
1.649762034e+00
1.612081885e+00
1.570979118e+00
1.535130382e+00
1.497330189e+00
1.463613272e+00
1.426443577e+00
1.393627286e+00
1.356397867e+00
1.324993014e+00
1.296650290e+00
1.263624072e+00
1.232639074e+00
1.203095436e+00
1.176013827e+00
1.146530032e+00
1.119148493e+00
1.092276931e+00
1.062823415e+00
1.037843466e+00
1.010041356e+00
9.862923622e-01
9.619128108e-01
9.419769645e-01
9.149854183e-01
8.924073577e-01
8.715105653e-01
8.480619192e-01
8.285463452e-01
8.076194525e-01
7.879236937e-01
7.692187428e-01
7.491328120e-01
7.311784625e-01
7.116026282e-01
6.933180094e-01
6.732020378e-01
6.563885808e-01
6.408060193e-01
6.281359792e-01
6.093109846e-01
5.948994756e-01
5.803978443e-01
5.630742311e-01
5.493231416e-01
5.358424783e-01
5.252740383e-01
5.106222034e-01
4.982824326e-01
4.861527979e-01
4.729722440e-01
4.627340734e-01
4.513249397e-01
4.419274032e-01
4.297676682e-01
4.218713641e-01
4.080303609e-01
3.981524706e-01
3.891151547e-01
3.766852319e-01
3.692092597e-01
3.600520194e-01
3.493634462e-01
3.403262198e-01
3.318894506e-01
3.235427141e-01
3.143253922e-01
3.072697818e-01
2.985327840e-01
2.925880253e-01
2.861628234e-01
2.829202414e-01
2.714810967e-01
2.660467029e-01
2.621736228e-01
2.544575036e-01
2.507044971e-01
2.462008744e-01
2.396256179e-01
2.310688049e-01
2.250940055e-01
2.223317921e-01
2.156964839e-01
2.099018544e-01
2.047377378e-01
1.971116364e-01
1.887949854e-01
1.855824143e-01
1.774459481e-01
1.736328751e-01
1.736629009e-01
1.678082198e-01
1.648058146e-01
1.616232693e-01
1.574499309e-01
1.531264782e-01
1.491933316e-01
1.480824500e-01
1.422577947e-01
1.381745040e-01
1.312689930e-01
1.273358315e-01
1.243634671e-01
1.213310063e-01
1.146656945e-01
1.104623526e-01
1.080003902e-01
1.031665280e-01
9.974380583e-02
9.713169932e-02
9.367894381e-02
9.127702564e-02
8.569256216e-02
8.329063654e-02
8.001802862e-02
7.893714309e-02
7.707566023e-02
7.398318499e-02
6.938951463e-02
7.128103077e-02
6.518615782e-02
6.350481510e-02
6.092273816e-02
5.545837432e-02
5.593875796e-02
5.398719758e-02
5.185549334e-02
4.834268615e-02
4.675141349e-02
4.552042857e-02
4.323860630e-02
4.152723774e-02
3.966575116e-02
3.843476623e-02
3.411131352e-02
3.705366328e-02
3.221979737e-02
2.990795113e-02
2.927744761e-02
2.537432872e-02
2.411331981e-02
2.069058456e-02
1.729787327e-02
1.756808907e-02
1.378506608e-02
1.363494620e-02
9.341514669e-03
9.341514669e-03
6.939595100e-03
6.038874853e-03
2.826307202e-03
7.179786451e-03
2.526067197e-03
1.745443442e-03
1.174987527e-03
-7.765722112e-04
9.047715575e-04
-2.067603869e-03
-5.850627553e-03
-7.231731433e-03
-1.023413055e-02
-1.074453909e-02
-1.314645819e-02
-1.074453909e-02
-1.452756207e-02
-1.545830537e-02
-1.737984084e-02
-1.617888175e-02
-2.083260193e-02
-1.882099360e-02
-2.008200064e-02
-2.359480783e-02
-2.389504947e-02
-2.569648810e-02
-2.308440208e-02
-2.602675185e-02
-2.941946313e-02
-2.887903154e-02
-3.440344706e-02
-3.311241791e-02
-3.368287534e-02
-3.338263556e-02
-3.395308927e-02
-3.290225193e-02
-3.470368683e-02
-3.494387865e-02
-3.476373106e-02
-3.770608455e-02
-3.995789215e-02
-4.040825367e-02
-3.953755647e-02
-4.007798061e-02
-4.121889919e-02
-4.028815404e-02
-4.190944508e-02
-4.049831629e-02
-4.287021235e-02
-4.353073984e-02
-4.584258795e-02
-4.287021980e-02
-4.854474589e-02
-4.788421839e-02
-4.890503362e-02
-5.325851589e-02
-5.442944914e-02
-5.256796256e-02
-5.427933112e-02
-5.623089150e-02
-5.692144111e-02
-5.734177679e-02
-6.037420407e-02
-5.734177679e-02
-5.953352898e-02
-5.980374292e-02
-6.184537709e-02
-5.962360278e-02
-6.241582334e-02
-5.965362489e-02
-6.007396430e-02
-6.154513732e-02
-6.331654638e-02
-6.244584918e-02
-6.124489754e-02
-6.154513732e-02
-6.463760138e-02
-6.400709599e-02
-6.601870805e-02
-6.463760138e-02
-6.598868221e-02
-6.842062622e-02
-6.727971137e-02
-6.367683411e-02
-6.688939780e-02
-6.487779319e-02
-6.511798501e-02
-6.818043441e-02
-6.763998419e-02
-6.986177713e-02
-6.953151524e-02
-6.941141933e-02
-7.235377282e-02
-6.983175129e-02
-7.265400887e-02
-7.067243010e-02
-7.202350348e-02
-7.271406800e-02
-7.496585697e-02
-7.388499379e-02
-7.760795206e-02
-7.784814388e-02
-7.562636584e-02
-7.661716640e-02
-7.589658350e-02
-7.691740245e-02
-7.754790783e-02
-7.772804797e-02
-7.814838737e-02
-7.631693780e-02
-7.787816972e-02
-7.616680115e-02
-7.580652833e-02
-7.730770856e-02
-7.904910296e-02
-7.664719969e-02
-8.091059327e-02
-7.835855335e-02
-7.745783031e-02
-8.121083677e-02
-8.082051575e-02
-8.091059327e-02
-7.886896282e-02
-8.015999198e-02
-8.265198767e-02
-8.223164827e-02
-8.310234547e-02
-8.184133470e-02
-8.340258896e-02
-8.214157820e-02
-8.295222372e-02
-8.073044568e-02
-8.436335623e-02
-8.469361067e-02
-8.457352221e-02
-8.550426364e-02
-8.646503091e-02
-8.859673887e-02
-8.793620765e-02
-8.865678310e-02
-8.919723332e-02
-9.000786394e-02
-9.388094395e-02
-9.355069697e-02
-9.382089972e-02
-9.283010662e-02
-9.349063039e-02
-9.394100308e-02
-9.685332328e-02
-9.541217983e-02
-9.264997393e-02
-9.331050515e-02
-9.198945016e-02
-9.210953861e-02
-9.298024327e-02
-9.565236419e-02
-9.580249339e-02
-9.340057522e-02
-9.625285119e-02
-9.634292871e-02
-9.811434150e-02
-9.811434150e-02
-9.817439318e-02
-9.778407216e-02
-1.024377942e-01
-1.019574180e-01
-1.024377942e-01
-1.049898490e-01
-1.036687791e-01
-1.023177058e-01
-1.015971303e-01
-1.020174697e-01
-1.025879234e-01
-9.979569167e-02
-1.035486907e-01
-1.027980819e-01
-1.012068093e-01
-1.004862413e-01
-1.016271487e-01
-1.006964073e-01
-1.035486907e-01
-1.034285873e-01
-1.018673405e-01
-1.046595722e-01
-1.038789526e-01
-1.032784656e-01
-1.031583771e-01
-1.054702178e-01
-1.039690152e-01
-1.032484472e-01
-1.064009592e-01
-1.049598157e-01
-1.055903211e-01
-1.058905572e-01
-1.054702178e-01
-1.016872004e-01
-1.043593362e-01
-1.041491702e-01
-1.020174697e-01
-1.040590927e-01
-1.041792035e-01
-1.042992920e-01
-1.042092294e-01
-1.047496572e-01
-1.062508449e-01
-1.049598157e-01
-1.075118706e-01
-1.056203544e-01
-1.065510958e-01
-1.063409224e-01
-1.064910516e-01
-1.053801551e-01
-1.078421175e-01
-1.061007455e-01
-1.045094728e-01
-1.058605462e-01
-1.048097089e-01
-1.051699743e-01
-1.049898490e-01
-1.032184362e-01
-1.045094728e-01
-1.030983329e-01
-1.066411585e-01
-1.070314646e-01
-1.093133166e-01
-1.080522984e-01
-1.097336560e-01
-1.082924977e-01
-1.103041098e-01
-1.079322174e-01
-1.067312509e-01
-1.091632023e-01
-1.084126011e-01
-1.066411734e-01
-1.061307490e-01
-1.077820808e-01
-1.085927337e-01
-1.055903286e-01
-1.073017046e-01
-1.053801626e-01
-1.072716787e-01
-1.079322100e-01
-1.100038737e-01
-1.076019406e-01
-1.120455116e-01
-1.111748070e-01
-1.095835418e-01
-1.100038737e-01
-1.091331765e-01
-1.102740765e-01
-1.106944233e-01
-1.099438220e-01
-1.080522984e-01
-1.076619923e-01
-1.097036228e-01
-1.090130657e-01
-1.099738330e-01
-1.067312285e-01
-1.094033793e-01
-1.079922467e-01
-1.109346151e-01
-1.085627154e-01
-1.086528003e-01
-1.104542390e-01
-1.093133017e-01
-1.100038588e-01
-1.087428480e-01
-1.077520549e-01
-1.073917672e-01
-1.063709334e-01
-1.094634309e-01
-1.066711992e-01
-1.088329032e-01
-1.089229807e-01
-1.102740765e-01
-1.071515754e-01
-1.100338846e-01
-1.069113761e-01
-1.061607748e-01
-1.082324460e-01
-1.068213135e-01
-1.065510958e-01
-1.073317304e-01
-1.078421324e-01
-1.098537371e-01
-1.080222726e-01
-1.099438220e-01
-1.080522984e-01
-1.092832834e-01
-1.067312509e-01
-1.087728664e-01
-1.075719148e-01
-1.092232391e-01
-1.086527631e-01
-1.052300259e-01
-1.066111475e-01
-1.056203544e-01
-1.061007455e-01
-1.070314869e-01
-1.065510958e-01
-1.063109115e-01
-1.057404578e-01
-1.079021841e-01
-1.076619923e-01
-1.083825603e-01
-1.088629514e-01
-1.097036228e-01
-1.070915163e-01
-1.103941724e-01
-1.069113761e-01
-1.060706973e-01
-1.104842350e-01
-1.078120992e-01
-1.090130657e-01
-1.089830324e-01
-1.097936928e-01
-1.087428480e-01
-1.085026637e-01
-1.127660796e-01
-1.124358028e-01
-1.139369980e-01
-1.130362824e-01
-1.127060130e-01
-1.102140248e-01
-1.140270904e-01
-1.118653491e-01
-1.087428480e-01
-1.090430915e-01
-1.078721583e-01
-1.058004797e-01
-1.044794321e-01
-1.050198600e-01
-1.062508598e-01
-1.055302694e-01
-1.075719148e-01
-1.075418890e-01
-1.082024202e-01
-1.068212986e-01
-1.083525345e-01
-1.043593362e-01
-1.080522835e-01
-1.049598157e-01
-1.029181853e-01
-1.059806347e-01
-1.042392328e-01
-1.029482111e-01
-1.039389968e-01
-1.038489267e-01
-1.035186648e-01
-9.985573590e-02
-1.014770269e-01
-9.982571751e-02
-1.012368351e-01
-1.007264331e-01
-1.033685431e-01
-1.012368351e-01
-1.043593362e-01
-1.021675840e-01
-9.967558831e-02
-1.027680635e-01
-1.025278717e-01
-1.022576541e-01
-1.017172262e-01
-1.021075323e-01
-1.040891185e-01
-1.017172262e-01
-1.034586132e-01
-1.021375582e-01
-1.040290669e-01
-1.027380377e-01
-1.052000001e-01
-1.042092070e-01
-1.061307490e-01
-1.040290669e-01
-1.039990410e-01
-1.064309850e-01
-1.051699743e-01
-1.072116271e-01
-1.035486907e-01
-1.046295464e-01
-1.057104170e-01
-1.039089710e-01
-1.059506163e-01
-1.058004797e-01
-1.069414169e-01
-1.063109115e-01
-1.056503654e-01
-1.042692587e-01
-1.070314646e-01
-1.057404429e-01
-1.021675840e-01
-1.040290669e-01
-1.048997641e-01
-1.061907932e-01
-1.071215421e-01
-1.078421324e-01
-1.081123352e-01
-1.067012250e-01
-1.084125862e-01
-1.070314646e-01
-1.076019183e-01
-1.059806347e-01
-1.065811142e-01
-1.064009592e-01
-1.100939363e-01
-1.080823243e-01
-1.072716638e-01
-1.089530140e-01
-1.073317081e-01
-1.060706973e-01
-1.065510884e-01
-1.078421175e-01
-1.081423610e-01
-1.069714278e-01
-1.079922467e-01
-1.065210626e-01
-1.078721434e-01
-1.077520549e-01
-1.088929772e-01
-1.036087275e-01
-1.061007231e-01
-1.055302694e-01
-1.036687791e-01
-1.068213135e-01
-1.061007455e-01
-1.033084914e-01
-1.036988050e-01
-1.044494063e-01
-1.011767834e-01
-1.004562154e-01
-1.027980819e-01
-9.925523400e-02
-1.024978459e-01
-1.028281078e-01
-1.014169902e-01
-1.009365991e-01
-1.031283513e-01
-1.007864848e-01
-1.001259536e-01
-1.034886390e-01
-1.030382738e-01
-1.046595722e-01
-1.030983254e-01
-1.036387533e-01
-1.039690152e-01
-1.017472446e-01
-1.043593362e-01
-1.036087275e-01
-1.039389968e-01
-1.021075323e-01
-1.006063223e-01
-9.904507548e-02
-1.027680635e-01
-1.014470011e-01
-9.748382121e-02
-1.005763039e-01
-9.961552918e-02
-1.023177058e-01
-1.023477167e-01
-1.024077907e-01
-1.021675840e-01
-9.925525635e-02
-1.000058502e-01
-9.919521213e-02
-1.018373296e-01
-1.014470011e-01
-1.026179567e-01
-1.015370861e-01
-1.036988050e-01
-1.015370861e-01
-1.018073112e-01
-1.050799266e-01
-1.061608046e-01
-1.066411883e-01
-1.052600667e-01
-1.042692810e-01
-1.054402143e-01
-1.042692587e-01
-1.048697382e-01
-1.027080119e-01
-1.013569385e-01
-1.020475030e-01
-1.032784656e-01
-9.958551079e-02
-9.991580248e-02
-1.007864922e-01
-9.952547401e-02
-1.001559868e-01
-9.913516045e-02
-1.009366065e-01
-9.865479171e-02
-1.006363556e-01
-1.007864848e-01
-9.943541139e-02
-1.018973663e-01
-9.964558482e-02
-1.013569385e-01
-9.892500937e-02
-1.017172262e-01
-1.010266840e-01
-1.022276431e-01
-1.021375582e-01
-1.001559868e-01
-1.023777649e-01
-1.022876799e-01
-1.007864922e-01
-1.007564589e-01
-1.024077907e-01
-1.027380377e-01
-9.973563999e-02
-1.024377942e-01
-9.922523797e-02
-9.988575429e-02
-9.871482104e-02
-9.892499447e-02
-9.598262608e-02
-9.808431566e-02
-9.463154525e-02
-9.280008078e-02
-9.385091811e-02
-9.171923250e-02
-9.135892987e-02
-8.994780481e-02
-9.036813676e-02
-9.210953116e-02
-8.940736949e-02
