-5.351498257e-03
-5.698991008e-03
-8.108272217e-03
-1.063338481e-02
-1.188435871e-02
-1.167586260e-02
-9.776236489e-03
-9.799403138e-03
-9.475075640e-03
-7.436453830e-03
-5.722157191e-03
-5.397830624e-03
-5.189335439e-03
-5.444162991e-03
-6.254978944e-03
-7.830278017e-03
-8.826423436e-03
-8.108272217e-03
-6.718302146e-03
-5.698991008e-03
-5.119836424e-03
-4.285854287e-03
-3.150712233e-03
-3.382374067e-03
-4.424851853e-03
-5.837988108e-03
-5.861153826e-03
-5.444162991e-03
-3.915195819e-03
-2.919050632e-03
-2.386228647e-03
-1.714409678e-03
-1.899739029e-03
-3.150712233e-03
-4.563848488e-03
-4.818676505e-03
-5.490495358e-03
-5.189335439e-03
-4.285854287e-03
-3.984693903e-03
-2.224065363e-03
-2.086086461e-04
6.485396298e-04
1.065530698e-03
-6.255996996e-04
-1.575412694e-03
-1.644911245e-03
-1.529080328e-03
-3.058047500e-03
-2.710554982e-03
-2.525225515e-03
-1.065756893e-03
-1.946071396e-03
-5.561012076e-04
5.327087711e-04
7.875366136e-04
2.270171652e-03
2.154340735e-03
2.362836152e-03
1.181361615e-03
-4.644545334e-05
-7.877628668e-04
3.937117872e-04
-2.781071526e-04
-5.329350242e-04
2.315485763e-04
5.327087711e-04
1.992177451e-03
3.405313706e-03
3.613809356e-03
4.123465158e-03
3.335815389e-03
1.157177321e-04
-1.575412694e-03
-3.984693903e-03
-6.069649477e-03
-5.629492458e-03
-4.355352838e-03
-8.572613588e-04
2.663996303e-03
6.347417366e-03
6.833906751e-03
5.189109128e-03
2.386002336e-03
-2.327928632e-05
-2.316729864e-03
-4.587014671e-03
-5.629492458e-03
-4.540682770e-03
-2.594724298e-03
-1.088923076e-03
3.473794495e-04
2.270171652e-03
4.285627976e-03
4.818450194e-03
4.030800425e-03
2.779827220e-03
3.705456038e-04
-2.826385899e-03
-4.262688104e-03
-4.031026736e-03
-3.660368035e-03
-1.714409678e-03
1.366690849e-03
4.216129892e-03
7.204565685e-03
7.019236218e-03
5.443936680e-03
2.409168519e-03
-1.691243495e-03
-3.961528186e-03
-6.092815660e-03
-6.463474594e-03
-5.698991008e-03
-3.521370934e-03
-9.962583426e-04
1.876346651e-03
4.169797525e-03
5.884093698e-03
6.903405301e-03
6.370583549e-03
4.447791725e-03
1.922678901e-03
-3.476056736e-04
-2.548391931e-03
-4.934506956e-03
-6.509806961e-03
-5.791655276e-03
-3.104379866e-03
1.783681917e-03
4.725785460e-03
7.413061336e-03
8.571369573e-03
9.057859890e-03
6.138922181e-03
1.760515734e-03
-9.730922757e-04
-3.058047500e-03
-3.011715366e-03
-1.714409678e-03
1.042364514e-03
5.073278211e-03
7.505726069e-03
9.567514993e-03
1.107331552e-02
9.891840629e-03
6.486414466e-03
2.548165619e-03
-3.939380113e-04
-2.316729864e-03
-1.366917044e-03
-1.714409678e-03
6.938538718e-05
2.918824321e-03
7.691055071e-03
9.289520793e-03
1.114281453e-02
9.613847360e-03
6.926571485e-03
3.845470957e-03
2.316504018e-03
8.338689804e-04
1.482521766e-03
2.084842185e-03
2.270171652e-03
5.258607212e-03
9.289520793e-03
1.114281453e-02
1.271811407e-02
1.209262758e-02
1.077215653e-02
9.127357975e-03
5.073278211e-03
4.632102791e-04
-1.760742045e-03
-2.015569946e-03
-2.710554982e-03
2.305305316e-05
3.775972640e-03
8.432373405e-03
1.183780003e-02
1.204629522e-02
1.373742614e-02
1.077215653e-02
7.343562786e-03
3.729640273e-03
8.107027970e-04
-2.086086461e-04
9.265336557e-04
-3.012733359e-04
1.876346651e-03
6.857072935e-03
9.776010178e-03
1.366792712e-02
1.491890009e-02
1.538222376e-02
1.329726819e-02
1.042466331e-02
6.185254082e-03
3.428479889e-03
1.204527682e-03
-3.707718279e-04
-1.131160658e-07
3.266316606e-03
7.250898052e-03
1.056366041e-02
1.197679620e-02
1.385325659e-02
1.519689336e-02
1.369109284e-02
1.060999278e-02
5.420770496e-03
2.849325771e-03
8.338689804e-04
3.173652105e-03
6.023091264e-03
9.868674912e-03
1.396908797e-02
1.503473148e-02
1.538222376e-02
1.647103392e-02
1.445557643e-02
1.190729812e-02
9.660179727e-03
8.316542022e-03
8.826197125e-03
9.081025608e-03
9.428517893e-03
1.114281453e-02
1.160613820e-02
1.438607834e-02
1.572971605e-02
1.744401269e-02
1.827799343e-02
1.728184894e-02
1.633203588e-02
1.450190879e-02
1.394592132e-02
1.378375851e-02
1.329726819e-02
1.299610827e-02
1.593821123e-02
1.871815138e-02
2.073360793e-02
6.444817036e-02
3.637782633e-01
1.209482431e+00
2.536231518e+00
4.134095669e+00
5.812739372e+00
7.459343910e+00
9.013168335e+00
1.043770313e+01
1.169947529e+01
1.278001595e+01
1.367939758e+01
1.440695095e+01
1.497141933e+01
1.538616562e+01
1.566960430e+01
1.584891033e+01
1.595236969e+01
1.599782181e+01
1.599999905e+01
1.597386742e+01
1.593557358e+01
1.589962101e+01
1.586271763e+01
1.581937313e+01
1.577051640e+01
1.570845413e+01
1.562686253e+01
1.552055264e+01
1.538818073e+01
1.523088264e+01
1.505790043e+01
1.487565041e+01
1.469627476e+01
1.452421951e+01
1.435786343e+01
1.419885063e+01
1.404695225e+01
1.389801502e+01
1.374435520e+01
1.357389641e+01
1.338706207e+01
1.319126129e+01
1.298936844e+01
1.278057098e+01
1.257189083e+01
1.236981297e+01
1.218158722e+01
1.200635719e+01
1.184250164e+01
1.168189240e+01
1.152331829e+01
1.136046028e+01
1.118581009e+01
1.100189209e+01
1.081218529e+01
1.061409187e+01
1.041650677e+01
1.022392654e+01
1.004784012e+01
9.884402275e+00
9.732479095e+00
9.588500977e+00
9.450732231e+00
9.314886093e+00
9.173871994e+00
9.020766258e+00
8.861639023e+00
8.700125694e+00
8.534832954e+00
8.371836662e+00
8.214514732e+00
8.069147110e+00
7.939833164e+00
7.821454048e+00
7.715700626e+00
7.610827446e+00
7.504842281e+00
7.387111664e+00
7.261736393e+00
7.129943848e+00
6.996344566e+00
6.858783722e+00
6.727639675e+00
6.609583855e+00
6.503507137e+00
6.407529354e+00
6.320725918e+00
6.243628502e+00
6.171398163e+00
6.093907356e+00
6.007566929e+00
5.909667015e+00
5.805881977e+00
5.695634842e+00
5.588212967e+00
5.484220028e+00
5.394567013e+00
5.314666748e+00
5.246418953e+00
5.186604023e+00
5.127761841e+00
5.066464424e+00
4.997660637e+00
4.924061775e+00
4.844787598e+00
4.760416031e+00
4.673960209e+00
4.588222027e+00
4.511379719e+00
4.442483425e+00
4.384035110e+00
4.331054688e+00
4.286622047e+00
4.242026806e+00
4.199100018e+00
4.150080204e+00
4.094295979e+00
4.034179688e+00
3.968086958e+00
3.900487900e+00
3.836039782e+00
3.776201487e+00
3.724611044e+00
3.677397728e+00
3.637667656e+00
3.602084637e+00
3.571945429e+00
3.538215399e+00
3.503443003e+00
3.460863590e+00
3.413627625e+00
3.360670567e+00
3.305302858e+00
3.252135754e+00
3.204205513e+00
3.160815239e+00
3.123517036e+00
3.089717865e+00
3.063539743e+00
3.035948992e+00
3.010303974e+00
2.981114626e+00
2.949145317e+00
2.908094883e+00
2.863175631e+00
2.815221786e+00
2.770997524e+00
2.732564926e+00
2.700062513e+00
2.677545071e+00
2.661236048e+00
2.647220850e+00
2.632973433e+00
2.611428976e+00
2.584092855e+00
2.547883987e+00
2.504354954e+00
2.459922314e+00
2.421906471e+00
2.391999006e+00
2.372979641e+00
2.359983444e+00
2.355095148e+00
2.350346088e+00
2.339898109e+00
2.322338343e+00
2.299380541e+00
2.270654440e+00
2.239843845e+00
2.212160110e+00
2.189549685e+00
2.168422222e+00
2.152252197e+00
2.138931751e+00
2.126560926e+00
2.114792585e+00
2.100151539e+00
2.079672813e+00
2.059355736e+00
2.041842461e+00
2.022962093e+00
2.002691507e+00
1.981841922e+00
1.959463358e+00
1.936459303e+00
1.913501740e+00
1.892235160e+00
1.876412749e+00
1.866219521e+00
1.856628776e+00
1.850188851e+00
1.843910933e+00
1.835177183e+00
1.817432046e+00
1.793918252e+00
1.767346740e+00
1.741863966e+00
1.717771173e+00
1.697917700e+00
1.684782863e+00
1.681887031e+00
1.684087873e+00
1.686056972e+00
1.682280898e+00
1.673107147e+00
1.655130148e+00
1.630736232e+00
1.603585362e+00
1.579052448e+00
1.558295488e+00
1.543538809e+00
1.535615921e+00
1.533461452e+00
1.534341812e+00
1.534225941e+00
1.530171752e+00
1.522990346e+00
1.509229660e+00
1.492619514e+00
1.470055580e+00
1.448951244e+00
1.430256128e+00
1.415360093e+00
1.404495239e+00
1.398935318e+00
1.397591710e+00
1.397939205e+00
1.395947099e+00
1.392286777e+00
1.386333108e+00
1.375954628e+00
1.360873222e+00
1.344216824e+00
1.327977300e+00
1.316626072e+00
1.305019736e+00
1.298023582e+00
1.295915604e+00
1.297907829e+00
1.299714804e+00
1.298626065e+00
1.295985103e+00
1.289753318e+00
1.278702974e+00
1.263598561e+00
1.248007774e+00
1.233829975e+00
1.223266244e+00
1.215829849e+00
1.210617542e+00
1.207258463e+00
1.202277780e+00
1.195235252e+00
1.188285351e+00
1.179806471e+00
1.171814203e+00
1.164493680e+00
1.156918287e+00
1.149366140e+00
1.139659762e+00
1.128540039e+00
1.117258072e+00
1.105304241e+00
1.096153617e+00
1.090686440e+00
1.088485718e+00
1.087883353e+00
1.085474014e+00
1.084663153e+00
1.076346517e+00
1.065203428e+00
1.049635887e+00
1.033349991e+00
1.016624093e+00
1.003210783e+00
9.962609410e-01
9.933651686e-01
9.920678735e-01
9.926933646e-01
9.924616814e-01
9.886161685e-01
9.797202945e-01
9.661217332e-01
9.497432709e-01
9.358667731e-01
9.221987128e-01
9.129320383e-01
9.083219767e-01
9.101986289e-01
9.117044210e-01
9.142063856e-01
9.130712152e-01
9.103837609e-01
9.075808525e-01
9.012333155e-01
8.929629922e-01
8.848085403e-01
8.767003417e-01
8.683605194e-01
8.570786119e-01
8.469781876e-01
8.398429751e-01
8.344220519e-01
8.312713504e-01
8.343062401e-01
8.383371830e-01
8.426228762e-01
8.431789279e-01
8.379201889e-01
8.303680420e-01
8.190165758e-01
8.052556515e-01
7.919351459e-01
7.816030383e-01
7.777805924e-01
7.759041190e-01
7.777574658e-01
7.804678679e-01
7.815798521e-01
7.786840796e-01
7.740740776e-01
7.681666613e-01
7.615411282e-01
7.540353537e-01
7.461356521e-01
7.375642061e-01
7.323286533e-01
7.267919183e-01
7.228304744e-01
7.224830389e-01
7.258653045e-01
7.300815582e-01
7.326993346e-01
7.318421602e-01
7.304985523e-01
7.271857262e-01
7.230853438e-01
7.159038186e-01
7.087222934e-01
7.010080218e-01
6.913013458e-01
6.842819452e-01
6.814325452e-01
6.826835871e-01
6.854634881e-01
6.858804226e-01
6.846989989e-01
6.770309806e-01
6.689229608e-01
6.570154428e-01
6.451776028e-01
6.348454356e-01
6.291002631e-01
6.246291995e-01
6.238647699e-01
6.258569956e-01
6.253473759e-01
6.229612231e-01
6.162430644e-01
6.078801155e-01
5.985904336e-01
5.916405916e-01
5.871694684e-01
5.852698684e-01
5.845053792e-01
5.827447772e-01
5.804744959e-01
5.797563195e-01
5.785980225e-01
5.764899254e-01
5.713006854e-01
5.663895011e-01
5.596017241e-01
5.549454093e-01
5.522580743e-01
5.504511595e-01
5.485283732e-01
5.450302362e-01
5.398410559e-01
5.322888494e-01
5.290687680e-01
5.261266232e-01
5.250378847e-01
5.263583064e-01
5.274702907e-01
5.285822749e-01
5.281884074e-01
5.254780054e-01
5.198254585e-01
5.109064579e-01
4.989295602e-01
4.886206388e-01
4.830607474e-01
4.815781116e-01
4.826205969e-01
4.851457179e-01
4.897094369e-01
4.926052094e-01
4.914005697e-01
4.856553376e-01
4.788213372e-01
4.698328674e-01
4.608907402e-01
4.530374110e-01
4.499562979e-01
4.501184523e-01
4.497246444e-01
4.489369690e-01
4.506513476e-01
4.511610270e-01
4.498637021e-01
4.471996129e-01
4.460644722e-01
4.455316365e-01
4.460181296e-01
4.436782598e-01
4.421956241e-01
4.415933192e-01
4.419407845e-01
4.376783073e-01
4.334620833e-01
4.295237362e-01
4.289214015e-01
4.291530550e-01
4.273460805e-01
4.257939756e-01
4.257244766e-01
4.197012782e-01
4.128904939e-01
4.064734876e-01
4.023267329e-01
3.972764909e-01
3.934077621e-01
3.891451657e-01
3.893073499e-01
3.911374807e-01
3.905814886e-01
3.893305063e-01
3.883575499e-01
3.857165873e-01
3.841876388e-01
3.814077377e-01
3.812918961e-01
3.828903437e-01
3.840950131e-01
3.799251020e-01
3.757783175e-01
3.725813925e-01
3.706354201e-01
3.672763407e-01
3.666971624e-01
3.689906597e-01
3.704501092e-01
3.694308102e-01
3.676469922e-01
3.663960099e-01
3.631296158e-01
3.580793738e-01
3.539789617e-01
3.514538705e-01
3.514075279e-01
3.505966961e-01
3.490909040e-01
3.461719453e-01
3.426506817e-01
3.387124538e-01
3.352838755e-01
3.341718912e-01
3.325965703e-01
3.300483227e-01
3.293996751e-01
3.283340037e-01
3.293764889e-01
3.290521502e-01
3.277085423e-01
3.269903660e-01
3.264343739e-01
3.255540729e-01
3.264112175e-01
3.263417184e-01
3.280096948e-01
3.265038729e-01
3.243957758e-01
3.219864964e-01
3.206428289e-01
3.202026784e-01
3.182103932e-01
3.161717653e-01
3.147817850e-01
3.133223355e-01
3.122798502e-01
3.107972145e-01
3.109130561e-01
3.084111214e-01
3.056079745e-01
3.024573922e-01
3.003261089e-01
2.963183820e-01
2.940481007e-01
2.923337817e-01
2.907584906e-01
2.918241024e-01
2.922179699e-01
2.911986411e-01
2.908048034e-01
2.902256846e-01
2.884882092e-01
2.849901021e-01
2.814919949e-01
2.780402303e-01
2.747738361e-01
2.717390358e-01
2.696309388e-01
2.704880834e-01
2.725035548e-01
2.752139866e-01
2.799630463e-01
2.846657932e-01
2.851059437e-01
2.789437473e-01
2.699552476e-01
2.604107857e-01
2.530902922e-01
2.504030168e-01
2.490593642e-01
2.501713634e-01
2.558238804e-01
2.616849244e-01
2.666656673e-01
2.695150971e-01
2.699552476e-01
2.677313089e-01
2.623567581e-01
2.555690706e-01
2.484802306e-01
2.417388707e-01
2.386809289e-01
2.403952330e-01
2.465342730e-01
2.533682883e-01
2.578161955e-01
2.595073283e-01
2.585343421e-01
2.559397221e-01
2.556385696e-01
2.517234981e-01
2.497311980e-01
2.480400652e-01
2.479010671e-01
2.459782660e-01
2.436153293e-01
2.432910055e-01
2.406037301e-01
2.391905785e-01
2.400940657e-01
2.414608747e-01
2.441018075e-01
2.430130094e-01
2.400477380e-01
2.347426862e-01
2.273063362e-01
2.186422050e-01
2.109278589e-01
2.079394311e-01
2.075455934e-01
2.085649073e-01
2.110205293e-01
2.152599394e-01
2.175997049e-01
2.175070494e-01
2.151672691e-01
2.096073776e-01
2.031208724e-01
1.979084611e-01
1.946188807e-01
1.943640560e-01
1.973293275e-01
1.996227652e-01
1.994606107e-01
2.000861019e-01
1.987192929e-01
1.974219829e-01
1.935532391e-01
1.905416399e-01
1.869740337e-01
1.836149544e-01
1.810434908e-01
1.797925234e-01
1.814141721e-01
1.807886809e-01
1.786342263e-01
1.745106429e-01
1.719855219e-01
1.697384119e-01
1.703175604e-01
1.718465388e-01
1.736534983e-01
1.751361191e-01
1.755531281e-01
1.751129627e-01
1.746728122e-01
1.721245199e-01
1.698310822e-01
1.671437919e-01
1.656611711e-01
1.659854949e-01
1.671206355e-01
1.661939770e-01
1.672364622e-01
1.698310822e-01
1.716843694e-01
1.718465388e-01
1.707577258e-01
1.687885970e-01
1.639005393e-01
1.587808132e-01
1.549583972e-01
1.499081701e-01
1.472672224e-01
1.481707096e-01
1.519699693e-01
1.555838734e-01
1.586649865e-01
1.592904627e-01
1.581089944e-01
1.545414031e-01
1.506958306e-01
1.474757195e-01
1.436069608e-01
1.409197003e-01
1.373984367e-01
1.374447644e-01
1.380007714e-01
1.393907219e-01
1.427729875e-01
1.434911340e-01
1.414525211e-01
1.391359121e-01
1.381629258e-01
1.397845447e-01
1.402942091e-01
1.399698853e-01
1.364949644e-01
1.317227185e-01
1.276686490e-01
1.225257590e-01
1.195141599e-01
1.222245991e-01
1.276454777e-01
1.335065216e-01
1.402247101e-01
1.429351568e-01
1.440007985e-01
1.404795349e-01
1.329042017e-01
1.254678667e-01
1.198616475e-01
1.158307344e-01
1.142091006e-01
1.144871041e-01
1.191666648e-01
1.238462329e-01
1.268578321e-01
1.283404678e-01
1.272516549e-01
1.232207417e-01
1.185875088e-01
1.128191352e-01
1.101550236e-01
1.077689081e-01
1.073519140e-01
1.075372472e-01
1.082322299e-01
1.089503840e-01
1.078152433e-01
1.039233208e-01
1.028808504e-01
1.041549891e-01
1.056376249e-01
1.083712280e-01
1.102708578e-01
1.104098484e-01
1.081859022e-01
1.047573090e-01
1.007727310e-01
9.776112437e-02
9.597732872e-02
9.495801479e-02
9.695030749e-02
1.013287157e-01
1.069580913e-01
1.126569733e-01
1.144639254e-01
1.126338094e-01
1.105025113e-01
1.057534516e-01
1.013518795e-01
9.681130946e-02
9.426302463e-02
9.463369101e-02
9.780745953e-02
1.001240686e-01
1.032283381e-01
1.033210084e-01
1.034368351e-01
1.029503420e-01
1.010275483e-01
9.556033462e-02
9.027844667e-02
8.798500150e-02
8.671086282e-02
8.687301725e-02
8.759117872e-02
8.793867379e-02
8.800816536e-02
8.520505577e-02
8.330543339e-02
8.214712888e-02
8.098880947e-02
8.154480904e-02
8.230928332e-02
8.374559134e-02
8.314327151e-02
8.043282479e-02
7.679574192e-02
7.269532979e-02
6.745976955e-02
6.463349611e-02
6.500416249e-02
6.553698331e-02
6.789992750e-02
6.847908348e-02
6.847908348e-02
6.701961160e-02
6.752926856e-02
6.470299512e-02
6.085741520e-02
5.759098381e-02
5.566819385e-02
5.376856402e-02
5.066430196e-02
5.087279901e-02
5.339790881e-02
5.629368126e-02
5.886512250e-02
5.974543840e-02
5.805430934e-02
5.339790881e-02
4.978398606e-02
4.681871459e-02
4.334378988e-02
4.234764352e-02
4.139783233e-02
4.204648733e-02
4.482642561e-02
4.614689574e-02
4.647122324e-02
4.725887254e-02
4.876467586e-02
4.881100729e-02
5.112762377e-02
5.193844065e-02
5.145195127e-02
5.017781258e-02
4.857934266e-02
4.603106529e-02
4.403877631e-02
4.246347398e-02
4.074917734e-02
4.264880344e-02
4.582257196e-02
5.159094557e-02
5.481104553e-02
5.724348873e-02
5.675699934e-02
5.328207463e-02
5.024730787e-02
4.607739672e-02
4.181482270e-02
