2.402448282e-02
2.386789955e-02
2.370048873e-02
2.356024273e-02
2.338520065e-02
2.317895368e-02
2.297400869e-02
2.278988995e-02
2.262346074e-02
2.245240286e-02
2.227185480e-02
2.208984271e-02
2.196349576e-02
2.184239216e-02
2.177584358e-02
2.163482830e-02
2.147611789e-02
2.128443494e-02
2.118216641e-02
2.104786038e-02
2.092055418e-02
2.072213404e-02
2.059889399e-02
2.044900693e-02
2.029494941e-02
2.011132799e-02
1.996207982e-02
1.981657557e-02
1.972287335e-02
1.957891509e-02
1.945083775e-02
1.927798428e-02
1.911241561e-02
1.905077510e-02
1.899400540e-02
1.886745170e-02
1.871679910e-02
1.858382300e-02
1.842137426e-02
1.827856712e-02
1.820291579e-02
1.805698685e-02
1.794084534e-02
1.778372191e-02
1.764983311e-02
1.751974411e-02
1.733913273e-02
1.724428125e-02
1.711011678e-02
1.700282283e-02
1.691253111e-02
1.676310226e-02
1.661093719e-02
1.648164541e-02
1.639007777e-02
1.630775630e-02
1.617221162e-02
1.606106013e-02
1.595212333e-02
1.584893838e-02
1.573688909e-02
1.558966469e-02
1.543504745e-02
1.528257038e-02
1.511486061e-02
1.497077290e-02
1.488306466e-02
1.479621697e-02
1.469701808e-02
1.469456777e-02
1.465322729e-02
1.454349793e-02
1.446251664e-02
1.430531684e-02
1.420232281e-02
1.412813179e-02
1.399149466e-02
1.386066247e-02
1.376053691e-02
1.367748156e-02
1.356230583e-02
1.345190965e-02
1.341955364e-02
1.336316392e-02
1.327465568e-02
1.320492849e-02
1.317819674e-02
1.311862189e-02
1.308302488e-02
1.295726839e-02
1.285413746e-02
1.279315818e-02
1.264642924e-02
1.249867491e-02
1.239139959e-02
1.231041458e-02
1.221524272e-02
1.211579051e-02
1.207328588e-02
1.204203162e-02
1.202631555e-02
1.195211802e-02
1.181481313e-02
1.170379389e-02
1.162043400e-02
1.159303728e-02
1.153989229e-02
1.146098878e-02
1.136882138e-02
1.121188607e-02
1.105375495e-02
1.096475124e-02
1.090805139e-02
1.086034905e-02
1.077502314e-02
1.070052665e-02
1.067777723e-02
1.060407795e-02
1.057955064e-02
1.044124924e-02
1.034805644e-02
1.028022822e-02
1.023050398e-02
1.010694075e-02
1.002681255e-02
9.961182252e-03
9.870728478e-03
9.802175686e-03
9.714648128e-03
9.680397809e-03
9.633177891e-03
9.578689002e-03
9.505352937e-03
9.477093816e-03
9.394707158e-03
9.349569678e-03
9.278068319e-03
9.163268842e-03
9.096411988e-03
9.011842310e-03
8.906016126e-03
8.866750635e-03
8.831330575e-03
8.767368272e-03
8.645462804e-03
8.602222428e-03
8.525226265e-03
8.465657011e-03
8.349214680e-03
8.288593031e-03
8.215990849e-03
8.181691170e-03
8.069209754e-03
8.003826253e-03
7.931347936e-03
7.857710123e-03
7.775750477e-03
7.647126447e-03
7.573671639e-03
7.594770752e-03
7.590123918e-03
7.513609249e-03
7.407246158e-03
7.292630151e-03
7.184118498e-03
7.122284267e-03
7.056907285e-03
6.967666093e-03
6.922528613e-03
6.910112686e-03
6.872373167e-03
6.841119844e-03
6.747297011e-03
6.683024578e-03
6.647789851e-03
6.586141884e-03
6.617273204e-03
6.567426026e-03
6.488586776e-03
6.405226421e-03
6.326325238e-03
6.248769350e-03
6.159837823e-03
6.043382920e-03
5.975914188e-03
5.906129722e-03
5.791025702e-03
5.658000708e-03
5.597697105e-03
5.507852416e-03
5.461372435e-03
5.431771744e-03
5.419843365e-03
5.422716029e-03
5.375804845e-03
5.309443455e-03
5.235621240e-03
5.095859524e-03
4.965649918e-03
4.962712992e-03
4.906314891e-03
4.801244009e-03
4.712067544e-03
4.618060309e-03
4.551333841e-03
4.519896116e-03
4.450053908e-03
4.408277571e-03
4.388030618e-03
4.324364942e-03
4.270056263e-03
4.264610820e-03
4.195368849e-03
4.113594070e-03
4.092737567e-03
4.063685425e-03
3.959096037e-03
3.960623872e-03
3.969491925e-03
3.990593832e-03
3.969736863e-03
3.957872745e-03
3.965820652e-03
3.928205930e-03
3.871080000e-03
3.781231819e-03
3.729488933e-03
3.689859994e-03
3.660868155e-03
3.594566137e-03
3.486369271e-03
3.369547660e-03
3.251195885e-03
3.187706927e-03
3.119204193e-03
3.007954918e-03
2.950154478e-03
2.893147990e-03
2.874431666e-03
2.823597286e-03
2.773446497e-03
2.767393831e-03
2.783969510e-03
2.752526430e-03
2.717604395e-03
2.734424081e-03
2.665981185e-03
2.606776543e-03
2.621394815e-03
2.679254394e-03
2.722435864e-03
1.074401103e-02
1.994147152e-01
1.148669004e+00
3.334404230e+00
6.533623219e+00
9.959205627e+00
1.286094093e+01
1.481233692e+01
1.581436920e+01
1.613999939e+01
1.606121063e+01
1.573492432e+01
1.524692249e+01
1.466552925e+01
1.406043339e+01
1.348690128e+01
1.297713661e+01
1.254072952e+01
1.216979885e+01
1.185102844e+01
1.156816769e+01
1.130793953e+01
1.106213570e+01
1.082500172e+01
1.059413338e+01
1.036839676e+01
1.014725876e+01
9.930061340e+00
9.716843605e+00
9.507377625e+00
9.303409576e+00
9.104695320e+00
8.909950256e+00
8.718887329e+00
8.532254219e+00
8.350200653e+00
8.172779083e+00
7.999481201e+00
7.830647469e+00
7.665932655e+00
7.505359650e+00
7.348764896e+00
7.195935726e+00
7.046718121e+00
6.901159763e+00
6.758828163e+00
6.619748592e+00
6.484004021e+00
6.351489544e+00
6.221866608e+00
6.095485210e+00
5.971792698e+00
5.851176262e+00
5.733067036e+00
5.617850304e+00
5.505026817e+00
5.394893646e+00
5.287233353e+00
5.181743145e+00
5.078732967e+00
4.978048801e+00
4.879625320e+00
4.783465385e+00
4.689637661e+00
4.598123074e+00
4.508524895e+00
4.420904160e+00
4.335331440e+00
4.251760006e+00
4.170192719e+00
4.090691566e+00
4.013068199e+00
3.937450886e+00
3.863685846e+00
3.791475773e+00
3.721049070e+00
3.652409792e+00
3.585347414e+00
3.519917727e+00
3.456042767e+00
3.393814087e+00
3.332850456e+00
3.273507118e+00
3.215475559e+00
3.158921242e+00
3.103672504e+00
3.049722672e+00
2.996923685e+00
2.945451021e+00
2.895103693e+00
2.845788240e+00
2.797757387e+00
2.750739574e+00
2.704739094e+00
2.659736156e+00
2.615693331e+00
2.572716236e+00
2.530521870e+00
2.489459753e+00
2.449192047e+00
2.410022259e+00
2.371616602e+00
2.334238529e+00
2.297447681e+00
2.261649609e+00
2.226496458e+00
2.192014694e+00
2.158431530e+00
2.125567436e+00
2.093475580e+00
2.062061071e+00
2.031316280e+00
2.001374960e+00
1.971979499e+00
1.943391085e+00
1.915280223e+00
1.887998104e+00
1.861056328e+00
1.834784627e+00
1.808871627e+00
1.783757687e+00
1.759069085e+00
1.734908223e+00
1.711350918e+00
1.688255191e+00
1.665671587e+00
1.643563390e+00
1.621950150e+00
1.600973129e+00
1.580334902e+00
1.560335398e+00
1.540567994e+00
1.521340728e+00
1.502417564e+00
1.484028935e+00
1.465846181e+00
1.448220849e+00
1.430844903e+00
1.413729906e+00
1.397032499e+00
1.380670071e+00
1.364619136e+00
1.348896861e+00
1.333422303e+00
1.318300962e+00
1.303280950e+00
1.288753629e+00
1.274299860e+00
1.260240436e+00
1.246285319e+00
1.232615352e+00
1.219090462e+00
1.205977201e+00
1.193024039e+00
1.180267096e+00
1.167862773e+00
1.155592084e+00
1.143481493e+00
1.131532311e+00
1.119779587e+00
1.108233690e+00
1.096809387e+00
1.085701585e+00
1.074539304e+00
1.063722849e+00
1.053002000e+00
1.042563438e+00
1.032038689e+00
1.021851778e+00
1.011777759e+00
1.001674771e+00
9.919324517e-01
9.822514057e-01
9.726270437e-01
9.631686211e-01
9.538753629e-01
9.448994994e-01
9.359393716e-01
9.273360372e-01
9.188190699e-01
9.106326699e-01
9.025965929e-01
8.949452043e-01
8.874121308e-01
8.803510070e-01
8.733834028e-01
8.664104939e-01
8.596435785e-01
8.529839516e-01
8.463996649e-01
8.398757577e-01
8.333607316e-01
8.269796371e-01
8.206245899e-01
8.145332932e-01
8.084115982e-01
8.023838401e-01
7.963625193e-01
7.905156612e-01
7.846223116e-01
7.789493799e-01
7.733982205e-01
7.677640319e-01
7.623859644e-01
7.570301890e-01
7.516406178e-01
7.464117408e-01
7.412358522e-01
7.362333536e-01
7.311583161e-01
7.262625694e-01
7.213392258e-01
7.166032195e-01
7.118000984e-01
7.071357965e-01
7.024256587e-01
6.979025006e-01
6.933948994e-01
6.886880398e-01
6.842808127e-01
6.798788905e-01
6.754604578e-01
6.712068319e-01
6.669408679e-01
6.627669930e-01
6.585149169e-01
6.544542909e-01
6.503761411e-01
6.463636160e-01
6.423074603e-01
6.384466290e-01
6.344738007e-01
6.306865215e-01
6.269984841e-01
6.232084036e-01
6.196322441e-01
6.160152555e-01
6.123507023e-01
6.087848544e-01
6.052327156e-01
6.016710997e-01
5.980945230e-01
5.946810246e-01
5.912412405e-01
5.878587365e-01
5.844833255e-01
5.812423825e-01
5.778616071e-01
5.746891499e-01
5.715898871e-01
5.683950186e-01
5.653908849e-01
5.624153018e-01
5.594604015e-01
5.565494299e-01
5.536537766e-01
5.507919788e-01
5.477069616e-01
5.448307395e-01
5.418584943e-01
5.390238166e-01
5.360799432e-01
5.332913399e-01
5.303917527e-01
5.276456475e-01
5.249903202e-01
5.221905708e-01
5.195282102e-01
5.168764591e-01
5.141590834e-01
5.115817785e-01
5.089700818e-01
5.065340400e-01
5.039754510e-01
5.015830994e-01
4.990392327e-01
4.965141118e-01
4.940669835e-01
4.916758835e-01
4.892224967e-01
4.869123697e-01
4.846527278e-01
4.821937680e-01
4.798794985e-01
4.775916934e-01
4.752661586e-01
4.730063379e-01
4.706978798e-01
4.685018659e-01
4.660988152e-01
4.639348090e-01
4.617831111e-01
4.596420527e-01
4.574549198e-01
4.552761912e-01
4.530042410e-01
4.510258734e-01
4.490441084e-01
4.469327331e-01
4.450021088e-01
4.430629313e-01
4.411163628e-01
4.391888380e-01
4.372494817e-01
4.353330731e-01
4.332647920e-01
4.313911200e-01
4.294585288e-01
4.275457263e-01
4.256054163e-01
4.238155484e-01
4.219670892e-01
4.202059209e-01
4.185242057e-01
4.165487587e-01
4.148390591e-01
4.131385386e-01
4.113887846e-01
4.096320570e-01
4.079414904e-01
4.062782228e-01
4.045269787e-01
4.029559493e-01
4.013223052e-01
3.997720182e-01
3.980651498e-01
3.963528275e-01
3.945269287e-01
3.928744495e-01
3.913125396e-01
3.895395696e-01
3.879650831e-01
3.864076436e-01
3.848443627e-01
3.832998872e-01
3.817464113e-01
3.802076876e-01
3.785524964e-01
3.771693408e-01
3.756353259e-01
3.741263151e-01
3.725871444e-01
3.711686134e-01
3.696290851e-01
3.682000637e-01
3.667457402e-01
3.651701808e-01
3.637394011e-01
3.623280525e-01
3.608288467e-01
3.593981266e-01
3.579400778e-01
3.566201031e-01
3.551024199e-01
3.537894487e-01
3.524206579e-01
3.510631025e-01
3.497267962e-01
3.484340906e-01
3.470372856e-01
3.457848132e-01
3.445600867e-01
3.431144953e-01
3.419119716e-01
3.406807482e-01
3.393805623e-01
3.382009268e-01
3.369818628e-01
3.357728720e-01
3.345526755e-01
3.335238397e-01
3.323861659e-01
3.312042654e-01
3.299541473e-01
3.287246525e-01
3.274804652e-01
3.263397813e-01
3.252115846e-01
3.238216043e-01
3.226741254e-01
3.215381503e-01
3.202748299e-01
3.190707564e-01
3.178528249e-01
3.167676330e-01
3.156289458e-01
3.146783113e-01
3.136398196e-01
3.125979304e-01
3.115171790e-01
3.105122149e-01
3.093615472e-01
3.083672822e-01
3.074124157e-01
3.063013256e-01
3.052818477e-01
3.043206632e-01
3.031813502e-01
3.021523952e-01
3.011684716e-01
3.002509773e-01
2.992220223e-01
2.982712984e-01
2.972054780e-01
2.962041795e-01
2.952116430e-01
2.942721844e-01
2.932090461e-01
2.922365069e-01
2.912892103e-01
2.900739610e-01
2.890661955e-01
2.880821526e-01
2.870784998e-01
2.860679924e-01
2.850821614e-01
2.842183113e-01
2.831377387e-01
2.823075652e-01
2.813910544e-01
2.804595232e-01
2.794899642e-01
2.786912620e-01
2.777507007e-01
2.769386172e-01
2.761395872e-01
2.751129270e-01
2.742766440e-01
2.734279037e-01
2.724791765e-01
2.716497481e-01
2.707492113e-01
2.700001895e-01
2.690214813e-01
2.682349384e-01
2.673132718e-01
2.664117813e-01
2.654866874e-01
2.646763325e-01
2.637738883e-01
2.629562616e-01
2.621351480e-01
2.611130476e-01
2.603145838e-01
2.594652474e-01
2.585251927e-01
2.577154040e-01
2.568994761e-01
2.561883926e-01
2.552880347e-01
2.545608580e-01
2.537340522e-01
2.528461814e-01
2.520200908e-01
2.513803542e-01
2.506097853e-01
2.500355542e-01
2.493610829e-01
2.484748960e-01
2.478434443e-01
2.471916229e-01
2.464088798e-01
2.457183748e-01
2.450509369e-01
2.444495261e-01
2.437331825e-01
2.430992872e-01
2.423625439e-01
2.416741997e-01
2.409659922e-01
2.402790040e-01
2.394494116e-01
2.387427837e-01
2.381388247e-01
2.372891307e-01
2.365584224e-01
2.358573675e-01
2.351091951e-01
2.343974113e-01
2.336896658e-01
2.330897003e-01
2.322606146e-01
2.316063941e-01
2.308738828e-01
2.301816344e-01
2.294718325e-01
2.287708372e-01
2.279919684e-01
2.274169475e-01
2.268967330e-01
2.261385322e-01
2.255255878e-01
2.248870730e-01
2.242280543e-01
2.235671580e-01
2.229007930e-01
2.223331481e-01
2.216454148e-01
2.211255133e-01
2.204632610e-01
2.198777050e-01
2.193349451e-01
2.188498825e-01
2.181970924e-01
2.175647616e-01
2.169409543e-01
2.161277980e-01
2.155558318e-01
2.150073946e-01
2.143422961e-01
2.137496620e-01
2.131336331e-01
2.125735879e-01
2.118585110e-01
2.113214135e-01
2.107669711e-01
2.102411240e-01
2.097078413e-01
2.092609853e-01
2.087237388e-01
2.082360685e-01
2.078030407e-01
2.071590275e-01
2.066510171e-01
2.061178535e-01
2.055111974e-01
2.048978955e-01
2.043117434e-01
2.037707269e-01
2.031272650e-01
2.026649415e-01
2.021803707e-01
2.016774863e-01
2.011244446e-01
2.006795555e-01
2.000840157e-01
1.995489299e-01
1.991000324e-01
1.984682530e-01
1.979572475e-01
1.974880248e-01
1.969672590e-01
1.964682490e-01
1.960204244e-01
1.956789196e-01
1.951800436e-01
1.948288232e-01
1.944276839e-01
1.939442307e-01
1.934342980e-01
1.929279417e-01
1.922679245e-01
1.917223185e-01
1.912114620e-01
1.904699206e-01
1.898997426e-01
1.894119978e-01
1.888449192e-01
1.882933229e-01
1.877692193e-01
1.873713881e-01
1.868391782e-01
1.864554435e-01
1.859910339e-01
1.855752170e-01
1.850093752e-01
1.845265180e-01
1.839642525e-01
1.835708618e-01
1.831638813e-01
1.825792491e-01
1.822209954e-01
1.818431765e-01
1.813498139e-01
1.809569001e-01
1.805145442e-01
1.801498830e-01
1.796301901e-01
1.792935133e-01
1.788499057e-01
1.783704609e-01
1.778643876e-01
1.773988456e-01
1.768820882e-01
1.765174568e-01
1.761786193e-01
1.755876988e-01
1.752468944e-01
1.748592407e-01
1.743867695e-01
1.739571244e-01
1.734463871e-01
1.730881482e-01
1.726130396e-01
1.723125279e-01
1.719218343e-01
1.715039462e-01
1.711338460e-01
1.708425879e-01
1.703428179e-01
1.699506193e-01
1.695882678e-01
1.689746976e-01
1.685918868e-01
1.681675762e-01
1.677050292e-01
1.673117876e-01
1.669158787e-01
1.665947437e-01
1.661655307e-01
1.659037322e-01
1.655105054e-01
1.651601046e-01
1.647462845e-01
1.644323915e-01
1.640571952e-01
1.637651920e-01
1.635152847e-01
1.630368680e-01
1.627211720e-01
1.624097973e-01
1.619606167e-01
1.615070254e-01
1.610514671e-01
1.606314182e-01
1.601013541e-01
1.597823650e-01
1.594027877e-01
1.590039730e-01
1.585928649e-01
1.581822187e-01
1.577531248e-01
1.574326456e-01
1.571991444e-01
1.568074673e-01
1.565517783e-01
1.562989801e-01
1.559928060e-01
1.556466222e-01
1.553031057e-01
1.551019698e-01
1.547236741e-01
1.544829160e-01
1.541980803e-01
1.539114416e-01
1.535917670e-01
1.532620043e-01
1.528616995e-01
1.525262147e-01
1.522071362e-01
1.516571045e-01
1.512959003e-01
1.509655863e-01
1.505699009e-01
1.501784325e-01
1.497411430e-01
1.494599134e-01
1.491018683e-01
1.488747746e-01
1.485652924e-01
1.482467502e-01
1.479132324e-01
1.476255357e-01
1.472968310e-01
1.470091790e-01
1.468275189e-01
1.463411003e-01
1.461085379e-01
1.457965374e-01
1.454491019e-01
1.451323628e-01
1.447967589e-01
1.445777416e-01
1.442096680e-01
1.439769715e-01
1.436516792e-01
1.432917267e-01
1.429166496e-01
1.426860392e-01
1.423037052e-01
1.420886070e-01
1.418034285e-01
1.412062049e-01
1.409137547e-01
1.406564415e-01
1.403151900e-01
1.399837732e-01
1.396281719e-01
1.393426657e-01
1.389727741e-01
1.387471855e-01
1.384395063e-01
1.381314248e-01
1.378082484e-01
1.375740170e-01
1.371876448e-01
1.369184405e-01
1.367008835e-01
1.362902969e-01
1.361661106e-01
1.359797120e-01
1.357287019e-01
1.354976892e-01
1.351805925e-01
1.349882036e-01
1.345887482e-01
1.343720257e-01
1.340980679e-01
1.338693202e-01
1.335473359e-01
1.332885474e-01
1.329313219e-01
1.327206492e-01
1.325620711e-01
1.321656704e-01
1.319648921e-01
1.318141967e-01
1.315146983e-01
1.312761158e-01
1.309822500e-01
1.307681203e-01
1.304537654e-01
1.302865595e-01
1.300352663e-01
1.297697276e-01
1.295200288e-01
1.293060184e-01
1.290237308e-01
1.288565695e-01
1.287373602e-01
1.283810288e-01
1.282176077e-01
1.279758215e-01
1.277265847e-01
1.274777651e-01
1.272117198e-01
1.269850135e-01
1.266616285e-01
1.264593154e-01
1.261613816e-01
1.258796751e-01
1.256977916e-01
1.254806817e-01
1.251327544e-01
1.249181479e-01
1.247961819e-01
1.244504303e-01
1.242985800e-01
1.241040304e-01
1.237975135e-01
1.235964075e-01
1.233583391e-01
1.231660545e-01
1.228749678e-01
1.227261201e-01
1.225121468e-01
1.223280802e-01
1.221159697e-01
1.220072955e-01
1.217771694e-01
1.216473058e-01
1.214741096e-01
1.211291701e-01
1.209476218e-01
1.207894608e-01
1.204691604e-01
1.201969013e-01
1.199466363e-01
1.198100448e-01
1.195986047e-01
1.195134148e-01
1.193022504e-01
1.191711128e-01
