5.376215558e-04
6.510341191e-04
6.996394950e-04
6.444521714e-04
5.112936487e-04
4.318036081e-04
5.897710798e-04
6.221747026e-04
5.842017708e-04
5.300269695e-04
4.596504441e-04
5.158504355e-04
4.105387488e-04
4.100324586e-04
4.287657794e-04
4.555999767e-04
3.199099738e-04
3.533261770e-04
5.062305718e-04
4.105387488e-04
3.583892249e-04
3.447189520e-04
3.943369666e-04
3.310487082e-04
2.981387952e-04
1.746001217e-04
2.606721537e-04
4.667387402e-04
3.497819998e-04
3.037081624e-04
3.796540841e-04
3.664901014e-04
3.948432568e-04
3.639585921e-04
2.232055122e-04
1.746001217e-04
1.842199563e-04
1.761190506e-04
1.265010505e-04
2.561153960e-04
3.730721073e-04
3.204162640e-04
3.447189520e-04
4.231964122e-04
5.533170188e-04
4.915477475e-04
4.773711553e-04
3.644649114e-04
4.550936865e-04
4.925603280e-04
5.376215558e-04
6.302755792e-04
5.355963949e-04
4.363603657e-04
3.528198577e-04
3.892739187e-04
4.505369288e-04
4.642072017e-04
4.034504818e-04
2.753550361e-04
4.793963744e-04
5.816702032e-04
5.072432104e-04
3.897801798e-04
3.057334106e-04
2.976325050e-04
2.454829810e-04
1.229569170e-04
1.862451609e-04
2.859874803e-04
2.237118169e-04
2.125730971e-04
2.515586384e-04
3.032018722e-04
3.700342786e-04
3.350991465e-04
3.194036544e-04
2.768739650e-04
3.756036167e-04
3.523135383e-04
3.918054281e-04
3.487694194e-04
4.540810769e-04
2.935820667e-04
3.345928271e-04
3.513009287e-04
4.930666182e-04
4.211711930e-04
3.361117560e-04
3.963621857e-04
3.831982322e-04
4.535747576e-04
4.986359854e-04
4.328162177e-04
4.535747576e-04
4.120576777e-04
4.910413991e-04
4.880035704e-04
5.361026851e-04
6.454648101e-04
6.697674398e-04
5.690125399e-04
6.981205661e-04
7.583710249e-04
7.396377041e-04
6.150864065e-04
5.188882351e-04
6.647043629e-04
8.221656317e-04
7.543205866e-04
7.325494080e-04
7.862178609e-04
8.469745517e-04
8.738088072e-04
8.424178232e-04
8.191277739e-04
7.543205866e-04
7.522953674e-04
7.158413064e-04
7.528016577e-04
8.550754283e-04
7.715349784e-04
8.398862556e-04
7.441944326e-04
6.991332048e-04
6.915386184e-04
6.940701860e-04
7.846989320e-04
7.639403921e-04
8.044448914e-04
8.874790510e-04
8.408988942e-04
7.938124472e-04
7.882430800e-04
9.598808247e-04
9.234267636e-04
9.887403576e-04
9.386159363e-04
9.092502296e-04
9.634249727e-04
1.030763728e-03
1.025194302e-03
1.002916833e-03
9.183636867e-04
1.078356523e-03
1.074305968e-03
1.140125794e-03
1.162909553e-03
1.202907762e-03
1.123923925e-03
1.178605016e-03
1.229235553e-03
1.170504140e-03
1.173541998e-03
1.164934714e-03
1.260626595e-03
1.335559878e-03
1.256576157e-03
1.393278828e-03
1.408974291e-03
1.300624688e-03
1.289486070e-03
1.294042799e-03
1.278347336e-03
1.281891367e-03
1.428720192e-03
1.385177835e-03
1.425176044e-03
1.447453513e-03
1.426188624e-03
1.436314778e-03
1.449478790e-03
1.426188857e-03
1.389734563e-03
1.301131095e-03
1.261132769e-03
1.363406656e-03
1.428720192e-03
1.384671661e-03
1.319358009e-03
1.363406656e-03
1.401379704e-03
1.407455304e-03
1.482894877e-03
1.392266364e-03
1.384165254e-03
1.440365217e-03
1.471249852e-03
1.477831858e-03
1.470743562e-03
1.386190532e-03
1.482894877e-03
1.498084166e-03
1.464161905e-03
1.427707612e-03
1.447959803e-03
1.532006543e-03
1.442896784e-03
1.566435443e-03
1.603395795e-03
1.656051609e-03
1.718833577e-03
1.890977612e-03
1.776046120e-03
1.781615545e-03
1.938570407e-03
2.020591870e-03
1.938064117e-03
1.936038840e-03
2.011478413e-03
1.962366747e-03
2.088436857e-03
2.000845969e-03
2.018060535e-03
2.084386302e-03
2.105144551e-03
2.175520873e-03
2.236277796e-03
2.302099019e-03
2.217544243e-03
2.313744510e-03
2.414500806e-03
2.357793273e-03
2.298048465e-03
2.385134110e-03
2.277795691e-03
2.437789924e-03
2.413487760e-03
2.406905405e-03
2.385640517e-03
2.329440322e-03
2.474244684e-03
2.516774228e-03
2.537027001e-03
2.495509339e-03
2.680818085e-03
2.683348488e-03
2.858528402e-03
2.681827871e-03
2.723851474e-03
2.774482593e-03
2.720815595e-03
2.757773967e-03
2.833213191e-03
2.834731946e-03
2.888906747e-03
2.899538726e-03
2.952700946e-03
2.998774173e-03
3.223068779e-03
2.066680789e-02
2.179749310e-01
8.943474889e-01
2.082519770e+00
3.478456736e+00
4.800070763e+00
5.948966503e+00
6.911757469e+00
7.711884022e+00
8.356569290e+00
8.849689484e+00
9.195850372e+00
9.414787292e+00
9.526028633e+00
9.550000191e+00
9.505082130e+00
9.409158707e+00
9.276846886e+00
9.117854118e+00
8.940927505e+00
8.752929688e+00
8.568891525e+00
8.421067238e+00
8.325258255e+00
8.267324448e+00
8.217447281e+00
8.159687042e+00
8.089252472e+00
8.006201744e+00
7.906263351e+00
7.790200710e+00
7.662366390e+00
7.524105549e+00
7.376531124e+00
7.223256111e+00
7.067192554e+00
6.907276154e+00
6.744283199e+00
6.581601143e+00
6.420928001e+00
6.263234615e+00
6.109745979e+00
5.963524342e+00
5.825931549e+00
5.696802616e+00
5.573915958e+00
5.454576969e+00
5.336633205e+00
5.220729828e+00
5.106409550e+00
4.992048740e+00
4.877917290e+00
4.764677048e+00
4.653012276e+00
4.543028831e+00
4.433801174e+00
4.326132774e+00
4.220478535e+00
4.117085934e+00
4.015866756e+00
3.916742086e+00
3.819734573e+00
3.725208759e+00
3.633460283e+00
3.544339180e+00
3.457345724e+00
3.372122049e+00
3.288505793e+00
3.206716537e+00
3.126322269e+00
3.047734499e+00
2.970479727e+00
2.895073652e+00
2.821350098e+00
2.749244690e+00
2.677535057e+00
2.606336832e+00
2.536794186e+00
2.469828606e+00
2.405211926e+00
2.342211008e+00
2.280627489e+00
2.220891476e+00
2.162540674e+00
2.105605841e+00
2.050311327e+00
1.997107387e+00
1.945293665e+00
1.894858956e+00
1.845617652e+00
1.798003078e+00
1.751400352e+00
1.706241846e+00
1.662343144e+00
1.619282842e+00
1.577387214e+00
1.536096334e+00
1.495813251e+00
1.456820369e+00
1.418902636e+00
1.382622719e+00
1.347132802e+00
1.312642217e+00
1.278500080e+00
1.245290041e+00
1.212258339e+00
1.180013776e+00
1.148453474e+00
1.118101001e+00
1.088454008e+00
1.059643388e+00
1.031736016e+00
1.004229069e+00
9.773027897e-01
9.514287114e-01
9.258567095e-01
9.010838866e-01
8.768803477e-01
8.536787033e-01
8.305837512e-01
8.082144856e-01
7.863985300e-01
7.650661469e-01
7.442763448e-01
7.243014574e-01
7.048947215e-01
6.858578920e-01
6.673521996e-01
6.490152478e-01
6.311397552e-01
6.137849689e-01
5.967578888e-01
5.806902647e-01
5.646259785e-01
5.494707227e-01
5.344333053e-01
5.199704170e-01
5.055044293e-01
4.918392003e-01
4.783430099e-01
4.654965401e-01
4.527143836e-01
4.402902722e-01
4.282158315e-01
4.160627723e-01
4.043418467e-01
3.936029673e-01
3.827998638e-01
3.727178574e-01
3.624838591e-01
3.529122174e-01
3.428968787e-01
3.335752785e-01
3.241129518e-01
3.153050840e-01
3.064337075e-01
2.980496585e-01
2.896739841e-01
2.814905941e-01
2.736508250e-01
2.657838464e-01
2.581042051e-01
2.506908774e-01
2.433757633e-01
2.362748235e-01
2.287500650e-01
2.220622450e-01
2.148924768e-01
2.084289789e-01
2.017264068e-01
1.957905293e-01
1.897366643e-01
1.843733937e-01
1.784982234e-01
1.725005805e-01
1.669124514e-01
1.611562222e-01
1.555661112e-01
1.504554749e-01
1.453134269e-01
1.405920088e-01
1.354641616e-01
1.309443861e-01
1.260296851e-01
1.218688563e-01
1.173161566e-01
1.132834405e-01
1.088400632e-01
1.049156561e-01
1.010140628e-01
9.697727114e-02
9.351465851e-02
8.997453004e-02
8.649926633e-02
8.329485357e-02
8.006468415e-02
7.703904808e-02
7.349484414e-02
7.063419372e-02
6.724400818e-02
6.424662471e-02
6.111258268e-02
5.839776993e-02
5.541055277e-02
5.262080953e-02
4.997536168e-02
4.724688455e-02
4.477459192e-02
4.230079800e-02
3.968369216e-02
3.735164553e-02
3.469350561e-02
3.254271671e-02
2.967703901e-02
2.752320841e-02
2.502257936e-02
2.312037535e-02
2.084806189e-02
1.890587620e-02
1.666953415e-02
1.472734474e-02
1.254264545e-02
1.042679325e-02
8.709402755e-03
6.812273990e-03
5.013870075e-03
3.312180052e-03
1.587194158e-03
9.105962818e-05
-1.768096350e-03
-3.286000574e-03
-4.972005263e-03
-6.278275512e-03
-8.129831403e-03
-9.544451721e-03
-1.134740934e-02
-1.266582496e-02
-1.422271598e-02
-1.572088525e-02
-1.679122075e-02
-1.813851856e-02
-1.942351088e-02
-2.046702616e-02
-2.194492333e-02
-2.301929705e-02
-2.441163734e-02
-2.534172311e-02
-2.672696672e-02
-2.761908993e-02
-2.882004902e-02
-2.967823669e-02
-3.081590310e-02
-3.173333406e-02
-3.283303231e-02
-3.389579430e-02
-3.459701687e-02
-3.575237468e-02
-3.694065288e-02
-3.784948587e-02
-3.899982199e-02
-3.975773603e-02
-4.103415087e-02
-4.164829478e-02
-4.267812893e-02
-4.332063347e-02
-4.445830733e-02
-4.508611932e-02
-4.617773369e-02
-4.687694088e-02
-4.787587374e-02
-4.893101007e-02
-4.945858195e-02
-5.030057207e-02
-5.123319477e-02
-5.196582898e-02
-5.279160663e-02
-5.326753482e-02
-5.411661044e-02
-5.468266830e-02
-5.566135794e-02
-5.609019101e-02
-5.686229840e-02
-5.755339935e-02
-5.845309794e-02
-5.883485824e-02
-5.931585282e-02
-5.995328352e-02
-6.012543291e-02
-6.090616807e-02
-6.163372099e-02
-6.196687743e-02
-6.250913441e-02
-6.303974241e-02
-6.399664283e-02
-6.416928768e-02
-6.491810828e-02
-6.543301791e-02
-6.618234515e-02
-6.637271494e-02
-6.712506711e-02
-6.750732660e-02
-6.790935248e-02
-6.860095263e-02
-6.914372742e-02
-6.982928514e-02
-7.040493190e-02
-7.088089734e-02
-7.145504653e-02
-7.178816199e-02
-7.270054519e-02
-7.285395265e-02
-7.341087610e-02
-7.374858111e-02
-7.457233965e-02
-7.489687949e-02
-7.548823208e-02
-7.586695254e-02
-7.641779631e-02
-7.692711055e-02
-7.702887803e-02
-7.750684023e-02
-7.788302749e-02
-7.819340378e-02
-7.863391191e-02
-7.870429009e-02
-7.936906815e-02
-7.955540717e-02
-8.030220866e-02
-8.044903725e-02
-8.111433685e-02
-8.118268847e-02
-8.173810691e-02
-8.184495568e-02
-8.222366869e-02
-8.255378157e-02
-8.270364255e-02
-8.328793943e-02
-8.365652710e-02
-8.377551287e-02
-8.439978212e-02
-8.450965583e-02
-8.498509228e-02
-8.514408767e-02
-8.573088050e-02
-8.587366343e-02
-8.635313064e-02
-8.665336668e-02
-8.714955300e-02
-8.736421168e-02
-8.788217604e-02
-8.844926208e-02
-8.855051547e-02
-8.904971927e-02
-8.954286575e-02
-8.973272890e-02
-9.014534950e-02
-9.018180519e-02
-9.066935629e-02
-9.064404666e-02
-9.128352255e-02
-9.143643081e-02
-9.184499830e-02
-9.187133610e-02
-9.238523245e-02
-9.245864302e-02
-9.272699058e-02
-9.319279343e-02
-9.312544763e-02
-9.338923544e-02
-9.373705089e-02
-9.383071959e-02
-9.414412081e-02
-9.422310442e-02
-9.481346607e-02
-9.479472786e-02
-9.523624182e-02
-9.529548138e-02
-9.561041743e-02
-9.575268626e-02
-9.610608965e-02
-9.602811933e-02
-9.640126675e-02
-9.687466174e-02
-9.691769630e-02
-9.726097435e-02
-9.769792110e-02
-9.792374820e-02
-9.836574644e-02
-9.841131419e-02
-9.899862111e-02
-9.894546121e-02
-9.936971962e-02
-9.937074035e-02
-9.969984740e-02
-9.978997707e-02
-1.002162844e-01
-1.001965329e-01
-1.004046351e-01
-1.008051187e-01
-1.008856148e-01
-1.011175066e-01
-1.013650969e-01
-1.014131904e-01
-1.017118990e-01
-1.015777290e-01
-1.019756794e-01
-1.019346714e-01
-1.024682969e-01
-1.025407091e-01
-1.029619500e-01
-1.028632224e-01
-1.032495275e-01
-1.033285111e-01
-1.034819260e-01
-1.036950797e-01
-1.037482619e-01
-1.039614156e-01
-1.041695103e-01
-1.042059585e-01
-1.045228988e-01
-1.045598686e-01
-1.050287038e-01
-1.049380824e-01
-1.053861603e-01
-1.052985638e-01
-1.056028381e-01
-1.055446267e-01
-1.059395373e-01
-1.059932113e-01
-1.061876416e-01
-1.065602973e-01
-1.064620614e-01
-1.068296507e-01
-1.071304008e-01
-1.070721745e-01
-1.074691042e-01
-1.074042991e-01
-1.077024937e-01
-1.075389534e-01
-1.079232395e-01
-1.078994498e-01
-1.082923189e-01
-1.081925929e-01
-1.085272506e-01
-1.084989011e-01
-1.087237000e-01
-1.089702547e-01
-1.090588570e-01
-1.091074646e-01
-1.092973277e-01
-1.093859300e-01
-1.097241566e-01
-1.096497104e-01
-1.100507230e-01
-1.099626273e-01
-1.103033572e-01
-1.103053764e-01
-1.107083708e-01
-1.106187552e-01
-1.109802574e-01
-1.108739302e-01
-1.109979749e-01
-1.113037989e-01
-1.113341823e-01
-1.115984544e-01
-1.118961647e-01
-1.119528711e-01
-1.121776700e-01
-1.120470390e-01
-1.124880537e-01
-1.122328565e-01
-1.126333550e-01
-1.126040146e-01
-1.129665226e-01
-1.127751470e-01
-1.130723432e-01
-1.130313352e-01
-1.130758896e-01
-1.133265123e-01
-1.133280322e-01
-1.136140749e-01
-1.137512848e-01
-1.138024405e-01
-1.140601411e-01
-1.139578670e-01
-1.143026501e-01
-1.142034158e-01
-1.145689860e-01
-1.144692451e-01
-1.147846729e-01
-1.146454364e-01
-1.149476990e-01
-1.149471998e-01
-1.152302176e-01
-1.155411154e-01
-1.152682081e-01
-1.154038981e-01
-1.157724932e-01
-1.159826070e-01
-1.161871403e-01
-1.161091626e-01
-1.164904162e-01
-1.163010746e-01
-1.165997759e-01
-1.166306660e-01
-1.170417890e-01
-1.169263422e-01
-1.172645614e-01
-1.172437966e-01
-1.174498647e-01
-1.177617535e-01
-1.177273169e-01
-1.178812385e-01
-1.179835275e-01
-1.180584505e-01
-1.183176935e-01
-1.180893481e-01
-1.185531095e-01
-1.184523478e-01
-1.187120900e-01
-1.186801866e-01
-1.188563704e-01
-1.188224629e-01
-1.191804409e-01
-1.190897897e-01
-1.192335933e-01
-1.194513068e-01
-1.194482744e-01
-1.196325496e-01
-1.196563467e-01
-1.196776181e-01
-1.198801398e-01
-1.197277382e-01
-1.200082302e-01
-1.199550703e-01
-1.202978566e-01
-1.202102676e-01
-1.205717698e-01
-1.204740480e-01
-1.208451763e-01
-1.207337826e-01
-1.209702268e-01
-1.212421209e-01
-1.212071776e-01
-1.214289293e-01
-1.217367649e-01
-1.217499226e-01
-1.219372600e-01
-1.218947247e-01
-1.223225370e-01
-1.221716627e-01
-1.224516630e-01
-1.223109141e-01
-1.227361932e-01
-1.226486042e-01
-1.229417697e-01
-1.227164418e-01
-1.229301095e-01
-1.231781989e-01
-1.231549010e-01
-1.232971773e-01
-1.233817339e-01
-1.235083044e-01
-1.234840080e-01
-1.232627556e-01
-1.237108260e-01
-1.237027273e-01
-1.239118353e-01
-1.237093136e-01
-1.240470186e-01
-1.239148751e-01
-1.242480054e-01
-1.241340861e-01
-1.242859811e-01
-1.244601458e-01
-1.244257390e-01
-1.246991381e-01
-1.248657107e-01
-1.248479933e-01
-1.252312660e-01
-1.250459552e-01
-1.254039258e-01
-1.253598630e-01
-1.258403361e-01
-1.256266832e-01
-1.260575652e-01
-1.260018647e-01
-1.261897087e-01
-1.260914803e-01
-1.262580603e-01
-1.265815794e-01
-1.264534891e-01
-1.267243773e-01
-1.269334853e-01
-1.268074065e-01
-1.270929575e-01
-1.270453632e-01
-1.273998022e-01
-1.270970255e-01
-1.273957342e-01
-1.272899210e-01
-1.276134551e-01
-1.276433319e-01
-1.277982593e-01
-1.276321858e-01
-1.276990175e-01
-1.279486269e-01
-1.278463602e-01
-1.279693842e-01
-1.281486154e-01
-1.281921566e-01
-1.283633113e-01
-1.282103807e-01
-1.285344362e-01
-1.282898933e-01
-1.286913902e-01
-1.286473423e-01
-1.289556921e-01
-1.288033128e-01
-1.291334033e-01
-1.290584654e-01
-1.292123795e-01
-1.293445230e-01
-1.292133927e-01
-1.294402182e-01
-1.296062917e-01
-1.295678318e-01
-1.295972019e-01
-1.295283139e-01
-1.299612075e-01
-1.297642738e-01
-1.299561560e-01
-1.297981739e-01
-1.300893277e-01
-1.299850047e-01
-1.302113533e-01
-1.300736368e-01
-1.302209646e-01
-1.303591877e-01
-1.302670240e-01
-1.304751188e-01
-1.306588948e-01
-1.305758655e-01
-1.306837052e-01
-1.305009574e-01
-1.309383810e-01
-1.306108087e-01
-1.308396608e-01
-1.307221949e-01
-1.310528070e-01
-1.307525635e-01
-1.311191320e-01
-1.310264766e-01
-1.310411692e-01
-1.312847137e-01
-1.311616898e-01
-1.312933117e-01
-1.314867139e-01
-1.314953268e-01
-1.315879673e-01
-1.313282549e-01
-1.318897307e-01
-1.317930222e-01
-1.320244074e-01
-1.320279539e-01
-1.322937757e-01
-1.320988387e-01
-1.323013753e-01
-1.320274472e-01
-1.320902258e-01
-1.323423833e-01
-1.322254241e-01
-1.323899776e-01
-1.325337589e-01
-1.324978173e-01
-1.326967925e-01
-1.324639022e-01
-1.329150200e-01
-1.326947659e-01
-1.329489499e-01
-1.327504814e-01
-1.330537498e-01
-1.329666674e-01
-1.332228780e-01
-1.331094503e-01
-1.331428736e-01
-1.332983077e-01
-1.332456619e-01
-1.333286911e-01
-1.333848983e-01
-1.332962662e-01
-1.333945096e-01
-1.331879497e-01
-1.335615814e-01
-1.334942579e-01
-1.336405724e-01
-1.334127337e-01
-1.336213201e-01
-1.334988177e-01
-1.337236166e-01
-1.335291713e-01
-1.336360276e-01
-1.337271333e-01
-1.336826086e-01
-1.338319629e-01
-1.340552270e-01
-1.340207756e-01
-1.340693980e-01
-1.339716911e-01
-1.344091445e-01
-1.341144443e-01
-1.343230456e-01
-1.341873556e-01
-1.345767230e-01
-1.344541758e-01
-1.346354485e-01
-1.344871074e-01
-1.346071064e-01
-1.347139329e-01
-1.345858425e-01
-1.346880943e-01
-1.347544193e-01
-1.347367018e-01
-1.347483546e-01
-1.346389800e-01
-1.348992288e-01
-1.344926655e-01
-1.346703768e-01
-1.344774961e-01
-1.347908825e-01
-1.345569640e-01
-1.347954422e-01
-1.346946806e-01
-1.347169578e-01
-1.349281073e-01
-1.347336620e-01
-1.347863227e-01
-1.349437982e-01
-1.348318905e-01
-1.348531544e-01
-1.346288621e-01
-1.349367052e-01
-1.347442865e-01
-1.348288655e-01
-1.347519010e-01
-1.348708868e-01
-1.347048134e-01
-1.349301189e-01
-1.348141879e-01
-1.349169463e-01
-1.349473298e-01
-1.347559541e-01
-1.349321455e-01
-1.351199746e-01
-1.351230145e-01
-1.351832449e-01
-1.350075901e-01
-1.353022307e-01
-1.350141466e-01
-1.351022422e-01
-1.349539161e-01
-1.351994574e-01
-1.351052672e-01
-1.351943910e-01
-1.350085884e-01
-1.350652874e-01
-1.353093386e-01
-1.350905895e-01
-1.352708340e-01
-1.352880448e-01
-1.352100819e-01
-1.352683008e-01
-1.351083368e-01
-1.354065239e-01
