-1.308541279e-03
-9.611169226e-04
4.054189194e-04
9.033938404e-04
8.115616220e-05
-1.285379753e-03
-2.860370325e-03
-2.999339951e-03
-3.034082241e-03
-2.235006308e-03
-1.296960516e-03
-3.473339020e-04
1.667727483e-03
3.335364396e-03
3.254298819e-03
2.049894305e-03
8.918130188e-04
-2.431065950e-04
-1.980228350e-03
-3.532057395e-03
-4.099517129e-03
-3.671027254e-03
-2.594011370e-03
-1.308541279e-03
-2.662682091e-04
3.706764837e-04
1.167128812e-05
-9.255602345e-05
6.957534788e-05
-1.852025307e-04
-6.252734456e-04
-8.221471799e-04
-1.030601794e-03
-1.262217993e-03
-1.204314060e-03
-4.052379809e-04
6.254543550e-04
9.149746620e-04
4.749037907e-04
-4.863036447e-04
-8.800512878e-04
-1.053763437e-03
-2.431065950e-04
-1.388792734e-04
-1.308541279e-03
-1.887581893e-03
-2.038132399e-03
-2.373975934e-03
-2.223425545e-03
-1.435930259e-03
-7.642431883e-04
3.706764837e-04
2.548683551e-04
6.022927701e-04
2.432875335e-04
2.780299692e-04
1.853834838e-04
-6.600158522e-04
-1.308541279e-03
-3.022501711e-03
-2.362395171e-03
-1.424349495e-03
2.325209971e-05
2.130959881e-03
2.767904662e-03
2.513126703e-03
2.918455051e-03
2.038313309e-03
5.799453720e-05
-2.072874922e-03
-3.149890341e-03
-3.358345246e-03
-4.342714325e-03
-2.976178424e-03
-1.470672782e-03
2.548683551e-04
8.802322554e-04
1.077105990e-03
8.918130188e-04
7.296816329e-04
2.432875335e-04
-1.378026209e-03
-2.153940732e-03
-3.173052333e-03
-2.605592366e-03
-2.547688317e-03
-2.790885279e-03
-1.621223288e-03
-1.019021031e-03
1.043177908e-04
9.381362470e-04
1.748793176e-03
2.432061126e-03
1.656146720e-03
1.390602265e-04
-7.989855949e-04
-1.528576715e-03
-2.779304516e-03
-4.145840183e-03
-3.450991819e-03
-1.829677960e-03
1.853834838e-04
8.339089691e-04
3.011916124e-04
-5.210461095e-04
-8.684704662e-04
-1.272984664e-04
8.686513756e-04
1.239237492e-03
1.320303185e-03
7.181008696e-04
-2.083641593e-04
-3.704955452e-04
1.506410481e-04
4.749037907e-04
5.799453720e-05
-3.125914373e-04
-5.905309808e-04
-1.736217237e-04
2.896107908e-04
7.760049193e-04
1.806697226e-03
1.876182156e-03
1.598242670e-03
3.706764837e-04
5.675503053e-04
6.833584048e-04
7.644240977e-04
8.802322554e-04
4.169997410e-04
4.517421767e-04
4.517421767e-04
2.325209971e-05
2.201259194e-04
4.633229692e-04
1.771954820e-03
2.883712528e-03
2.791066188e-03
2.536288463e-03
2.605773043e-03
1.181333442e-03
-2.431065950e-04
-1.320122159e-03
-1.042182674e-03
1.043177908e-04
6.022927701e-04
1.331883948e-03
2.073055832e-03
2.385738073e-03
2.536288463e-03
2.327833790e-03
2.096217591e-03
1.934086089e-03
1.945666969e-03
6.370351766e-04
6.138735334e-04
2.548683551e-04
-3.241722879e-04
1.167128812e-05
1.077105990e-03
2.061475068e-03
2.860551002e-03
4.064955283e-03
3.833339317e-03
5.003001541e-03
5.952628329e-03
5.952628329e-03
5.952628329e-03
4.782965872e-03
3.393268446e-03
2.385738073e-03
2.015151782e-03
2.408899600e-03
3.601723118e-03
3.717531450e-03
3.509076545e-03
4.412380047e-03
5.246198736e-03
6.450602785e-03
6.994901225e-03
6.763285026e-03
7.249678951e-03
7.296002004e-03
7.133870851e-03
6.311633624e-03
7.099128328e-03
7.597103249e-03
7.956109010e-03
8.593052626e-03
9.067866020e-03
8.685699664e-03
8.234048262e-03
7.272840943e-03
7.145451847e-03
7.249678951e-03
6.682219449e-03
6.323214155e-03
6.137921009e-03
7.458134089e-03
7.539199665e-03
7.284421474e-03
7.770815399e-03
7.330744527e-03
7.446552627e-03
7.655007299e-03
8.685699664e-03
9.589003399e-03
1.066601928e-02
9.959588759e-03
8.697280660e-03
7.492876146e-03
5.917885806e-03
3.995470703e-03
2.675258089e-03
4.041793756e-03
6.334794685e-03
8.442502469e-03
9.832199663e-03
1.008697785e-02
1.144193299e-02
1.162722614e-02
1.108292770e-02
1.046914514e-02
1.033017505e-02
8.894154802e-03
7.516037673e-03
6.855931133e-03
7.006481756e-03
8.384598419e-03
8.975219913e-03
8.801507764e-03
9.206836112e-03
1.094395854e-02
1.394338813e-02
1.585422270e-02
1.658381335e-02
1.628271304e-02
1.447610557e-02
1.079340838e-02
6.659057457e-03
5.755754653e-03
7.052805275e-03
8.766765706e-03
1.095553953e-02
4.499154538e-02
3.367817700e-01
1.163397074e+00
2.474576235e+00
4.094650745e+00
5.842114449e+00
7.593886375e+00
9.267650604e+00
1.079735947e+01
1.213241959e+01
1.325207329e+01
1.415639496e+01
1.485688686e+01
1.536810684e+01
1.571201134e+01
1.591382694e+01
1.599999905e+01
1.599678040e+01
1.592357826e+01
1.580560780e+01
1.566710091e+01
1.552300072e+01
1.537930584e+01
1.523351765e+01
1.508619881e+01
1.494242287e+01
1.480195904e+01
1.465702534e+01
1.449953461e+01
1.432678413e+01
1.413835239e+01
1.393919754e+01
1.373077774e+01
1.352134991e+01
1.331597519e+01
1.312299347e+01
1.294294834e+01
1.276890087e+01
1.259760952e+01
1.242552948e+01
1.224971008e+01
1.206571388e+01
1.186779785e+01
1.166091728e+01
1.144970798e+01
1.124388027e+01
1.104525757e+01
1.085499668e+01
1.067262173e+01
1.050013828e+01
1.033507824e+01
1.017399979e+01
1.001220417e+01
9.846078873e+00
9.676453590e+00
9.501652718e+00
9.321096420e+00
9.138536453e+00
8.959311485e+00
8.788981438e+00
8.627938271e+00
8.475085258e+00
8.330681801e+00
8.195684433e+00
8.066651344e+00
7.936586857e+00
7.800024509e+00
7.655403137e+00
7.505512714e+00
7.353028774e+00
7.204875469e+00
7.063727856e+00
6.932425499e+00
6.810040474e+00
6.694764137e+00
6.586645603e+00
6.479847431e+00
6.374033928e+00
6.267095566e+00
6.156892776e+00
6.040390015e+00
5.922300339e+00
5.803678036e+00
5.690429688e+00
5.584511757e+00
5.484129429e+00
5.387290001e+00
5.295951843e+00
5.209177971e+00
5.126027107e+00
5.044625282e+00
4.964775085e+00
4.881300926e+00
4.797015667e+00
4.707635880e+00
4.616795540e+00
4.526662350e+00
4.442840099e+00
4.365190506e+00
4.295728683e+00
4.231733322e+00
4.171837330e+00
4.115530968e+00
4.058959007e+00
3.999155760e+00
3.934291363e+00
3.864945650e+00
3.796144009e+00
3.724899530e+00
3.658181667e+00
3.597301483e+00
3.542280912e+00
3.492901087e+00
3.449148655e+00
3.406437874e+00
3.364677668e+00
3.321307421e+00
3.272772312e+00
3.220635653e+00
3.165510654e+00
3.109946012e+00
3.056755781e+00
3.008023739e+00
2.961827755e+00
2.917623520e+00
2.877970695e+00
2.841942787e+00
2.811774969e+00
2.782278538e+00
2.750454426e+00
2.713535309e+00
2.673280001e+00
2.628473997e+00
2.581756592e+00
2.538560390e+00
2.500795364e+00
2.467338324e+00
2.438050747e+00
2.411056042e+00
2.386608839e+00
2.363099813e+00
2.340100288e+00
2.314796448e+00
2.287465572e+00
2.255537271e+00
2.220285177e+00
2.184280634e+00
2.152769089e+00
2.127106190e+00
2.103701353e+00
2.082774639e+00
2.062276840e+00
2.040354252e+00
2.018802404e+00
1.998501182e+00
1.978813767e+00
1.958975792e+00
1.936335325e+00
1.910220742e+00
1.883550048e+00
1.857932925e+00
1.834458947e+00
1.813300848e+00
1.795211554e+00
1.778743744e+00
1.763155937e+00
1.747961879e+00
1.732003093e+00
1.714423537e+00
1.696369052e+00
1.675303936e+00
1.653833032e+00
1.629964948e+00
1.606386542e+00
1.584602952e+00
1.567220211e+00
1.552906275e+00
1.540885329e+00
1.528494000e+00
1.517781615e+00
1.505563855e+00
1.491863728e+00
1.477503538e+00
1.461487293e+00
1.445308805e+00
1.428887248e+00
1.411562324e+00
1.394480705e+00
1.377630591e+00
1.363235593e+00
1.349512339e+00
1.337781072e+00
1.327138186e+00
1.316333294e+00
1.304115772e+00
1.290902019e+00
1.277004838e+00
1.262285590e+00
1.247774839e+00
1.233275652e+00
1.220872641e+00
1.209488750e+00
1.199390292e+00
1.191098452e+00
1.183779359e+00
1.177236199e+00
1.169245481e+00
1.158336282e+00
1.145609021e+00
1.132777452e+00
1.120629311e+00
1.110623360e+00
1.102088332e+00
1.093761683e+00
1.086268902e+00
1.078393936e+00
1.069349289e+00
1.060640574e+00
1.052765608e+00
1.045191765e+00
1.035348058e+00
1.025562286e+00
1.016552448e+00
1.009105921e+00
1.002215385e+00
9.955216050e-01
9.888163805e-01
9.808487296e-01
9.714798927e-01
9.617055058e-01
9.531356692e-01
9.453070760e-01
9.368994236e-01
9.293023944e-01
9.214853644e-01
9.143283963e-01
9.071483016e-01
9.022843242e-01
8.977446556e-01
8.937840462e-01
8.882368207e-01
8.809175491e-01
8.715720177e-01
8.636971116e-01
8.559609056e-01
8.478196263e-01
8.396667242e-01
8.308421373e-01
8.222607374e-01
8.142352104e-01
8.078541756e-01
8.040093780e-01
7.990991473e-01
7.924286127e-01
7.849359512e-01
7.770145535e-01
7.703787088e-01
7.650053501e-01
7.585548162e-01
7.526370883e-01
7.465571165e-01
7.420637608e-01
7.390643358e-01
7.372114062e-01
7.350921035e-01
7.312473059e-01
7.238587141e-01
7.160300612e-01
7.079235315e-01
7.034533620e-01
6.980566382e-01
6.921504140e-01
6.847618818e-01
6.773502231e-01
6.718608737e-01
6.701237559e-01
6.707838774e-01
6.723241210e-01
6.718840003e-01
6.655377746e-01
6.557056308e-01
6.456303596e-01
6.372342706e-01
6.303899884e-01
6.249469519e-01
6.193766594e-01
6.151843667e-01
6.122196913e-01
6.121270657e-01
6.138410568e-01
6.149990559e-01
6.146979928e-01
6.101930737e-01
6.020749211e-01
5.931576490e-01
5.863829255e-01
5.820285082e-01
5.785426497e-01
5.757054090e-01
5.741187930e-01
5.706677437e-01
5.686873794e-01
5.676683187e-01
5.680504441e-01
5.661628246e-01
5.618199706e-01
5.546630621e-01
5.466375351e-01
5.391910672e-01
5.341765881e-01
5.298917294e-01
5.265679955e-01
5.235801935e-01
5.208587050e-01
5.184382796e-01
5.164695382e-01
5.143849850e-01
5.117445588e-01
5.069848299e-01
5.006732941e-01
4.939680398e-01
4.880155027e-01
4.819240570e-01
4.767706096e-01
4.720456302e-01
4.680385888e-01
4.653634131e-01
4.638000131e-01
4.640663862e-01
4.640200436e-01
4.633367956e-01
4.608237147e-01
4.567473829e-01
4.525319636e-01
4.472510517e-01
4.406268895e-01
4.336669147e-01
4.286175966e-01
4.242747724e-01
4.232556820e-01
4.248885810e-01
4.270310104e-01
4.273089468e-01
4.246801138e-01
4.192834198e-01
4.130066335e-01
4.064287543e-01
4.002098739e-01
3.937361836e-01
3.886869550e-01
3.850158155e-01
3.838345706e-01
3.848073781e-01
3.863244653e-01
3.879804909e-01
3.874709606e-01
3.828039169e-01
3.782758415e-01
3.736087680e-01
3.698449731e-01
3.670771718e-01
3.641472459e-01
3.625722528e-01
3.622016609e-01
3.627922833e-01
3.651547730e-01
3.665444553e-01
3.679689169e-01
3.677141070e-01
3.661854267e-01
3.637071550e-01
3.619931936e-01
3.597696722e-01
3.566312790e-01
3.535739481e-01
3.499607146e-01
3.468570709e-01
3.456873894e-01
3.459653258e-01
3.472160697e-01
3.458379805e-01
3.427458704e-01
3.379861712e-01
3.323231637e-01
3.283046186e-01
3.261390030e-01
3.242976367e-01
3.232437968e-01
3.205918074e-01
3.168858886e-01
3.142107129e-01
3.131105304e-01
3.117787838e-01
3.101690412e-01
3.059189022e-01
3.013328910e-01
2.979281545e-01
2.962605059e-01
2.958667576e-01
2.959825695e-01
2.949518859e-01
2.935969234e-01
2.916165888e-01
2.896594405e-01
2.875169814e-01
2.867063284e-01
2.861157060e-01
2.848302424e-01
2.805569172e-01
2.778470218e-01
2.758666873e-01
2.761330605e-01
2.756582499e-01
2.744306922e-01
2.723924518e-01
2.706089914e-01
2.670883834e-01
2.634983361e-01
2.594797909e-01
2.544074059e-01
2.496592700e-01
2.462545186e-01
2.432666570e-01
2.419464439e-01
2.419811934e-01
2.417263985e-01
2.426528782e-01
2.418538034e-01
2.400008589e-01
2.365961224e-01
2.336082608e-01
2.308404446e-01
2.274704278e-01
2.243667692e-01
2.210314870e-01
2.203945518e-01
2.210083306e-01
2.237066627e-01
2.263702452e-01
2.285011262e-01
2.285706103e-01
2.261154801e-01
2.233824134e-01
2.198386788e-01
2.158432901e-01
2.119868845e-01
2.083621025e-01
2.046330720e-01
2.026759088e-01
2.025022060e-01
2.035792172e-01
2.062312216e-01
2.087326795e-01
2.092885524e-01
2.069723904e-01
2.024558783e-01
1.975340247e-01
1.919983774e-01
1.879566908e-01
1.844013780e-01
1.810313612e-01
1.798732877e-01
1.810660958e-01
1.833938509e-01
1.862195581e-01
1.892305762e-01
1.910719126e-01
1.916509569e-01
1.896590739e-01
1.870302260e-01
1.832085550e-01
1.779161245e-01
1.726236939e-01
1.695084572e-01
1.687788665e-01
1.695663482e-01
1.712571681e-01
1.735733300e-01
1.761326790e-01
1.790973693e-01
1.811355799e-01
1.803249419e-01
1.770591438e-01
1.724963039e-01
1.660921127e-01
1.594331414e-01
1.544765532e-01
1.519635171e-01
1.520098448e-01
1.546039581e-01
1.580666155e-01
1.605333388e-01
1.628610641e-01
1.639264971e-01
1.625715494e-01
1.615176946e-01
1.585298330e-01
1.529826373e-01
1.471806467e-01
1.435211152e-01
1.426641345e-01
1.442854553e-01
1.472733021e-01
1.514308155e-01
1.547081769e-01
1.561673582e-01
1.562715918e-01
1.554609239e-01
1.528552473e-01
1.478407532e-01
1.403016448e-01
1.324730217e-01
1.264625639e-01
1.236947328e-01
1.240305826e-01
1.277827919e-01
1.322182417e-01
1.355535090e-01
1.373137981e-01
1.373601258e-01
1.367000192e-01
1.348007619e-01
1.310601532e-01
1.255592704e-01
1.193403527e-01
1.151596978e-01
1.140363589e-01
1.151017919e-01
1.173484772e-01
1.196067333e-01
1.221544892e-01
1.240537465e-01
1.243780032e-01
1.235673502e-01
1.225713938e-01
1.209153458e-01
1.169315651e-01
1.113727465e-01
1.057908088e-01
1.034283265e-01
1.027450562e-01
1.030693278e-01
1.051770300e-01
1.075395122e-01
1.096472368e-01
1.106663197e-01
1.105273739e-01
1.093229502e-01
1.062540486e-01
1.016912013e-01
9.643351287e-02
9.132637829e-02
8.701831102e-02
8.459792286e-02
8.364830166e-02
8.429683000e-02
8.520012349e-02
8.648559451e-02
8.694882691e-02
8.715728670e-02
8.655508608e-02
8.484112471e-02
8.189959824e-02
7.905071974e-02
7.595863938e-02
7.276233286e-02
6.977448612e-02
6.818791479e-02
6.777101010e-02
6.954286993e-02
7.240332663e-02
7.412887365e-02
7.434890419e-02
7.310976088e-02
7.064304501e-02
6.823423505e-02
6.455153972e-02
6.289548427e-02
6.183004752e-02
6.068354845e-02
5.953704938e-02
5.909697711e-02
5.921278521e-02
5.982656777e-02
5.951388925e-02
5.819367245e-02
5.643338710e-02
5.460362136e-02
5.401299894e-02
5.385086685e-02
5.493946373e-02
5.527530611e-02
5.447623506e-02
5.250749364e-02
4.951964691e-02
4.770145938e-02
4.584852606e-02
4.582536593e-02
4.730770737e-02
4.840788618e-02
4.814152792e-02
4.852369428e-02
4.844262823e-02
4.861634225e-02
4.806046188e-02
4.653179646e-02
4.540845752e-02
4.419247061e-02
4.319651797e-02
4.312703386e-02
4.413456842e-02
4.595275596e-02
4.745826125e-02
4.735403135e-02
4.729612917e-02
4.740035906e-02
4.801414162e-02
4.744667932e-02
4.603382200e-02
4.503787309e-02
4.464412108e-02
4.443566874e-02
4.463253915e-02
4.416931048e-02
4.297648743e-02
4.078771174e-02
3.854103759e-02
3.773037717e-02
3.738295287e-02
3.654913604e-02
3.438352421e-02
3.370025381e-02
3.307488933e-02
3.253059089e-02
3.239162266e-02
3.177784011e-02
3.008704074e-02
2.881315164e-02
2.755084448e-02
2.781720273e-02
2.927638404e-02
3.095560335e-02
3.301698714e-02
3.433720022e-02
3.339915350e-02
3.119879775e-02
2.848888934e-02
2.531574667e-02
2.265216038e-02
2.106558904e-02
1.982644014e-02
1.893471740e-02
1.873784512e-02
1.920107752e-02
2.048654854e-02
2.201521397e-02
2.258267440e-02
2.130878344e-02
1.928214356e-02
1.730182394e-02
1.562260650e-02
1.500882395e-02
1.402445417e-02
1.363070682e-02
1.481194980e-02
1.745237596e-02
1.949059777e-02
1.997699030e-02
2.091503888e-02
2.141301148e-02
2.104242705e-02
1.982644014e-02
1.661855541e-02
1.237997878e-02
9.241579100e-03
7.238098420e-03
6.485345308e-03
6.647476926e-03
6.809608079e-03
7.504457142e-03
7.608684245e-03
8.141401224e-03
8.650957607e-03
8.859411813e-03
9.148932062e-03
8.616214618e-03
6.311633624e-03
4.667157773e-03
2.443641890e-03
1.042363583e-03
1.841439633e-03
3.034263384e-03
4.933516495e-03
7.180193905e-03
8.430921473e-03
9.739553556e-03
1.023752894e-02
1.029543299e-02
9.519518353e-03
7.747654337e-03
4.678738769e-03
1.459272928e-03
-7.989855949e-04
-1.621223288e-03
-5.326269311e-04
7.991665043e-04
2.559449989e-03
4.400799517e-03
4.273410421e-03
2.258348977e-03
4.517421767e-04
3.127724340e-04
5.675503053e-04
2.432875335e-04
-1.030601794e-03
-3.636284731e-03
-6.566230208e-03
-8.975039236e-03
-8.118058555e-03
-6.635714788e-03
-5.107047968e-03
-5.269179121e-03
-6.600972731e-03
-8.002250455e-03
-8.905554190e-03
-8.407579735e-03
-8.604452945e-03
-1.087429281e-02
-1.513603143e-02
-1.969887130e-02
-2.194554731e-02
-2.269830368e-02
-2.115805447e-02
-1.914299093e-02
-1.867976040e-02
-1.914299093e-02
-2.045162395e-02
-2.158654295e-02
-2.166761085e-02
-2.189922519e-02
-2.221190743e-02
-2.519975789e-02
-2.802547626e-02
-3.083961457e-02
-3.178923950e-02
-3.203243762e-02
-3.105964884e-02
-3.026057221e-02
-2.920671925e-02
-2.841922268e-02
-2.705268748e-02
-2.548927628e-02
-2.530398406e-02
-2.702952549e-02
-2.957730368e-02
-3.148813918e-02
-3.292416036e-02
-3.424437344e-02
-3.370007500e-02
-3.286625445e-02
-3.209033981e-02
-3.187030554e-02
-3.036479838e-02
-2.854661271e-02
-2.702952549e-02
-2.707584947e-02
-2.929936536e-02
-3.115229495e-02
-3.453389183e-02
-3.751016036e-02
-3.894618154e-02
-3.984948620e-02
-4.020848870e-02
-4.145921767e-02
-4.104230925e-02
-3.980316222e-02
-3.681531176e-02
-3.395485133e-02
-3.240302205e-02
-3.365375102e-02
