4.048533916e+00
4.114363194e+00
4.202084064e+00
4.276615143e+00
4.403351307e+00
4.178380489e+00
3.838712215e+00
4.396820545e+00
3.943900347e+00
3.459733486e+00
3.268509865e+00
4.331296921e+00
4.291623116e+00
4.357828140e+00
4.455385685e+00
4.657364845e+00
4.851343632e+00
4.099359035e+00
3.708626032e+00
4.314195633e+00
3.897983074e+00
3.960052013e+00
4.039123535e+00
4.162383080e+00
5.137914658e+00
3.952549219e+00
3.887502670e+00
3.815720081e+00
3.672636032e+00
4.471326828e+00
4.105919838e+00
4.647550583e+00
4.234605312e+00
4.589895248e+00
4.045164108e+00
3.972372055e+00
4.318030357e+00
4.358486176e+00
4.380630493e+00
4.001857281e+00
4.566486359e+00
5.049265385e+00
5.124575615e+00
5.025757313e+00
4.571788311e+00
4.865569115e+00
4.747358322e+00
4.745821476e+00
4.479503632e+00
4.572366238e+00
4.149178982e+00
4.083653927e+00
4.506720543e+00
4.476753712e+00
4.763957024e+00
4.728745937e+00
4.735908508e+00
4.605887890e+00
4.653078556e+00
4.699561119e+00
4.674491405e+00
4.697189331e+00
4.701854706e+00
4.292508125e+00
4.649291515e+00
4.624778748e+00
5.029966354e+00
4.578896999e+00
4.493466377e+00
4.471122265e+00
4.593277454e+00
4.693865776e+00
4.733237267e+00
5.193734169e+00
5.175547600e+00
5.239490032e+00
5.418919563e+00
4.458998203e+00
4.294141769e+00
4.137864590e+00
4.096048832e+00
4.084219456e+00
4.570606232e+00
3.911654234e+00
4.234148979e+00
4.446305275e+00
4.730083942e+00
4.607423782e+00
4.534405708e+00
4.540560246e+00
4.615600586e+00
4.805345058e+00
4.995818138e+00
5.101526737e+00
5.252982140e+00
4.800098896e+00
4.749858379e+00
4.275176048e+00
4.174414158e+00
4.936322212e+00
4.838714123e+00
4.809380531e+00
4.766427040e+00
4.712225914e+00
4.710662842e+00
4.708166599e+00
4.606968403e+00
4.638096333e+00
4.695654869e+00
4.735456944e+00
4.796794415e+00
4.348750591e+00
4.315660954e+00
4.275051117e+00
4.301202297e+00
4.344357967e+00
4.288389206e+00
4.227985382e+00
4.244122982e+00
4.338150501e+00
4.351490498e+00
4.236788750e+00
4.211791515e+00
4.296511173e+00
4.233355522e+00
4.246169090e+00
4.296643734e+00
3.820282221e+00
3.769610405e+00
3.709985018e+00
3.534492254e+00
3.774966240e+00
3.780539513e+00
3.871992588e+00
3.990655661e+00
3.967201710e+00
3.997481346e+00
4.054256916e+00
3.538988829e+00
3.529554129e+00
3.596588612e+00
4.056097031e+00
4.063641548e+00
4.001572132e+00
4.473097324e+00
4.522054672e+00
4.511179447e+00
4.113780499e+00
4.143894672e+00
4.035468578e+00
3.890145302e+00
4.293235779e+00
3.889340639e+00
3.867526770e+00
3.802102566e+00
3.807801962e+00
3.796405554e+00
4.185537815e+00
4.169167042e+00
4.096957684e+00
4.032314301e+00
4.072190285e+00
4.207577229e+00
4.250175476e+00
4.235092640e+00
4.248183727e+00
4.219786167e+00
4.205788612e+00
4.194943428e+00
4.228186607e+00
4.315073967e+00
3.926996231e+00
4.006007195e+00
4.418617725e+00
4.469313145e+00
4.519498348e+00
4.076095104e+00
4.103641510e+00
4.108081341e+00
4.511658669e+00
4.578571320e+00
4.133883476e+00
3.733115911e+00
3.702521563e+00
3.580678225e+00
4.307107449e+00
4.212779999e+00
4.120904922e+00
4.179188251e+00
4.419323444e+00
4.168089867e+00
3.859079838e+00
3.962409496e+00
4.450669289e+00
3.996939182e+00
3.991157055e+00
4.335125923e+00
4.210533619e+00
4.126927376e+00
4.152172089e+00
4.265798092e+00
3.859985352e+00
4.284756184e+00
4.233531475e+00
4.482151031e+00
4.434558868e+00
4.469920635e+00
4.013729572e+00
4.058746338e+00
4.039705276e+00
3.767673969e+00
4.086452484e+00
3.942399025e+00
3.640397549e+00
3.614266872e+00
4.016220570e+00
4.125160217e+00
4.288846016e+00
3.923540115e+00
4.315708160e+00
4.145067692e+00
4.354825020e+00
4.253160954e+00
4.628256321e+00
4.533471584e+00
4.848674774e+00
4.308699131e+00
4.673057556e+00
4.806758404e+00
4.389913559e+00
3.928859472e+00
4.313359737e+00
4.297544003e+00
4.147775650e+00
4.016899109e+00
4.423626900e+00
4.366171360e+00
4.315555573e+00
4.387032986e+00
3.968599081e+00
4.010012150e+00
4.159087658e+00
3.679121256e+00
4.065414429e+00
4.301781178e+00
4.461208344e+00
3.367287159e+00
3.511876106e+00
3.971239567e+00
3.807623863e+00
4.504413605e+00
4.399192333e+00
4.245874405e+00
4.039989948e+00
4.229295731e+00
4.125965118e+00
4.245994091e+00
4.377878189e+00
4.419402122e+00
4.464599133e+00
4.425102234e+00
4.283166409e+00
4.273307800e+00
4.248693466e+00
4.297472000e+00
4.292324543e+00
3.780076742e+00
3.730467558e+00
3.687088966e+00
4.318981647e+00
4.589699268e+00
4.304912567e+00
4.365571976e+00
4.359470844e+00
4.296721935e+00
4.206004620e+00
4.654442310e+00
4.157700539e+00
4.118860245e+00
3.954463720e+00
4.283495903e+00
4.184552670e+00
4.262687206e+00
3.933983564e+00
3.952342749e+00
4.082531452e+00
4.477411747e+00
4.465078831e+00
4.498977184e+00
4.450146198e+00
4.475293159e+00
4.451357365e+00
4.414710045e+00
4.269682884e+00
4.168482304e+00
4.111480713e+00
4.111283779e+00
4.020737648e+00
3.902022600e+00
3.839602232e+00
3.842174768e+00
3.530891657e+00
3.631777287e+00
3.771532059e+00
3.378838778e+00
3.852422714e+00
3.535306454e+00
4.434560299e+00
4.581930637e+00
4.555774689e+00
4.491384029e+00
4.372311115e+00
4.291339397e+00
4.345696449e+00
4.307408810e+00
3.883087873e+00
3.810832500e+00
3.866061687e+00
4.120285511e+00
4.244627953e+00
3.564813614e+00
3.659894943e+00
3.665975809e+00
3.932632446e+00
4.210625648e+00
4.022707939e+00
3.953932524e+00
3.977311611e+00
3.978348017e+00
3.821402073e+00
3.752182961e+00
3.721743107e+00
3.712183952e+00
3.805857658e+00
3.847015142e+00
3.915640116e+00
3.945777893e+00
3.923305988e+00
3.932562351e+00
4.005073071e+00
4.077889919e+00
3.971291542e+00
3.873055935e+00
3.807934523e+00
3.782327175e+00
3.706535101e+00
3.700557470e+00
3.737226248e+00
3.679695845e+00
3.213177919e+00
3.216660500e+00
3.660681486e+00
3.753528357e+00
3.811968327e+00
3.423221588e+00
3.929429293e+00
3.592350483e+00
3.923001766e+00
4.387114048e+00
4.357805252e+00
4.240370274e+00
4.070249081e+00
3.963961363e+00
3.883839846e+00
3.827899933e+00
3.870323181e+00
3.884827614e+00
4.101675510e+00
4.278097630e+00
3.930860758e+00
3.991841078e+00
4.040737152e+00
3.993042231e+00
3.912894011e+00
3.869361639e+00
3.738823175e+00
3.830046177e+00
3.493711472e+00
3.469120026e+00
3.528065443e+00
3.531469584e+00
4.035795689e+00
4.170935154e+00
4.244125843e+00
4.291897774e+00
4.407131672e+00
3.625069857e+00
3.688019753e+00
4.279161930e+00
4.293083668e+00
4.660697937e+00
4.520458698e+00
4.808320045e+00
4.838707447e+00
4.797977448e+00
4.278934002e+00
4.257369041e+00
4.357527256e+00
4.424721718e+00
4.414910793e+00
4.320321560e+00
4.620412350e+00
4.165028572e+00
4.060663223e+00
4.383129120e+00
4.235854149e+00
4.168583870e+00
4.126235485e+00
4.099097252e+00
4.053394318e+00
4.190483093e+00
4.214695930e+00
3.791155577e+00
3.856806755e+00
4.015954971e+00
4.192447662e+00
3.935637951e+00
3.576056480e+00
3.556054592e+00
3.965033293e+00
4.006849766e+00
4.323804379e+00
3.838391542e+00
4.243168354e+00
4.288567066e+00
4.650651932e+00
4.643642426e+00
4.662786961e+00
4.531762600e+00
4.069794178e+00
4.077333927e+00
4.180972576e+00
3.800995350e+00
3.930449247e+00
4.055366516e+00
4.163850784e+00
4.324440002e+00
4.299898148e+00
3.824449301e+00
4.239738941e+00
4.324667454e+00
3.965854645e+00
3.543804646e+00
3.485463142e+00
3.848905087e+00
3.798566103e+00
4.128840446e+00
4.004114628e+00
3.851203442e+00
3.810625315e+00
4.325675011e+00
4.261434555e+00
3.737728357e+00
3.609574080e+00
3.602215528e+00
4.097381592e+00
4.611005306e+00
4.799845219e+00
4.979648590e+00
4.225441456e+00
4.466993332e+00
4.121251583e+00
4.103395462e+00
3.980185509e+00
4.416416645e+00
4.976221561e+00
4.617734909e+00
3.730398178e+00
3.999603987e+00
4.268392563e+00
4.152070045e+00
4.040593624e+00
4.036553383e+00
4.035065174e+00
4.054336548e+00
4.517789841e+00
4.457555771e+00
4.030282497e+00
4.001100540e+00
4.025231838e+00
4.591187000e+00
4.305045128e+00
4.299292564e+00
4.636736393e+00
4.569621563e+00
4.620292664e+00
4.276563644e+00
4.512863636e+00
4.580205441e+00
4.102492809e+00
3.966250181e+00
4.389454365e+00
4.312073231e+00
3.857566595e+00
3.896100998e+00
4.631083012e+00
4.947566509e+00
4.596398830e+00
4.666390419e+00
4.528126717e+00
5.258253574e+00
4.999878407e+00
4.804107666e+00
4.653055668e+00
4.544929981e+00
4.459628105e+00
4.400886059e+00
4.302487850e+00
4.622460842e+00
4.632170677e+00
4.717671394e+00
4.797044754e+00
4.942147732e+00
4.510678768e+00
4.557035923e+00
4.682162762e+00
4.389729023e+00
3.988942146e+00
4.143327236e+00
4.648416042e+00
4.956573009e+00
5.234869480e+00
5.196157932e+00
5.176940918e+00
4.267740250e+00
4.242897034e+00
4.201179981e+00
4.175201416e+00
4.134543896e+00
4.921141624e+00
4.838791847e+00
4.790137768e+00
4.979251385e+00
4.213984966e+00
3.784768105e+00
3.739142418e+00
4.519019127e+00
4.463704586e+00
4.836008072e+00
4.770884037e+00
4.681751251e+00
4.754920959e+00
4.820219994e+00
4.590274334e+00
5.015747547e+00
4.730539322e+00
4.281149387e+00
4.200819969e+00
4.115923882e+00
3.891481400e+00
4.207879066e+00
4.590697765e+00
4.572822571e+00
4.446986198e+00
4.417753220e+00
4.285943985e+00
4.583388805e+00
4.601419449e+00
4.522553444e+00
4.456242561e+00
4.446079731e+00
4.415865421e+00
4.408904076e+00
4.350391865e+00
4.389782906e+00
3.967203140e+00
4.055202484e+00
4.158477783e+00
4.105138779e+00
4.390867233e+00
4.396517277e+00
4.516523361e+00
4.595795155e+00
4.667047024e+00
4.726577282e+00
4.680622578e+00
3.776498318e+00
3.884220600e+00
4.617560863e+00
4.256863117e+00
3.920565367e+00
4.260686398e+00
4.205951691e+00
4.116413116e+00
3.590443134e+00
4.350539684e+00
4.338786602e+00
4.320525646e+00
3.812065363e+00
4.540611744e+00
4.377854347e+00
4.262819290e+00
4.272706509e+00
4.378133297e+00
4.353868484e+00
4.192751884e+00
4.177771091e+00
4.261610508e+00
4.529262543e+00
4.362117290e+00
4.111605167e+00
3.667141438e+00
4.799416542e+00
4.667025566e+00
4.652623177e+00
4.745848179e+00
4.436465740e+00
4.114624500e+00
4.186778545e+00
3.753167391e+00
3.713846207e+00
4.385747910e+00
4.733792305e+00
4.667405605e+00
4.571134090e+00
4.074484825e+00
4.139054775e+00
4.121801376e+00
4.143064976e+00
4.161885262e+00
4.124385834e+00
4.576148510e+00
4.553827286e+00
4.521138191e+00
4.498512268e+00
4.494880199e+00
4.539752007e+00
4.015593052e+00
4.047499657e+00
4.120618820e+00
4.257696152e+00
3.939499140e+00
3.995390177e+00
4.399044037e+00
4.845199108e+00
4.395407200e+00
3.818489790e+00
4.217192173e+00
4.618426323e+00
4.577920437e+00
4.630504131e+00
4.644751549e+00
4.304078579e+00
4.325292587e+00
4.393820763e+00
4.446511745e+00
4.506844044e+00
4.554060459e+00
4.719768524e+00
4.277930737e+00
4.584981918e+00
4.512846470e+00
4.891473293e+00
4.934401989e+00
4.964874268e+00
4.545278549e+00
4.703014851e+00
4.577489376e+00
4.028151035e+00
3.978772163e+00
3.959709883e+00
4.255869389e+00
4.201036930e+00
4.157704830e+00
4.139669418e+00
4.113512516e+00
3.684418678e+00
3.716980934e+00
4.081989765e+00
4.516774654e+00
4.685034752e+00
4.660520554e+00
3.841291189e+00
4.301258564e+00
4.236216545e+00
4.105138779e+00
4.015880585e+00
3.887456894e+00
3.983193159e+00
4.458108902e+00
4.500181675e+00
4.465622902e+00
4.438863277e+00
4.455307007e+00
4.493977070e+00
4.616130829e+00
4.706248283e+00
4.746326447e+00
4.714018345e+00
4.645085812e+00
4.534656048e+00
4.061669827e+00
4.163311958e+00
3.844546556e+00
4.383303165e+00
4.444639206e+00
4.497904778e+00
4.488201141e+00
4.470345497e+00
4.471961498e+00
4.892281532e+00
4.963858128e+00
4.985174656e+00
4.536851406e+00
4.495890617e+00
4.358908653e+00
4.586467743e+00
4.463939190e+00
4.417252064e+00
4.419165611e+00
4.557683945e+00
4.184124470e+00
4.182888508e+00
4.125814438e+00
4.536043167e+00
4.525300503e+00
4.446734905e+00
4.375434875e+00
4.303804398e+00
4.449861526e+00
4.555340290e+00
4.179609299e+00
4.459268570e+00
4.215831757e+00
3.776523590e+00
3.758439541e+00
3.879913092e+00
4.198956013e+00
4.392358780e+00
4.276413918e+00
4.289372444e+00
3.783585072e+00
4.095159054e+00
4.146908760e+00
4.211854458e+00
3.834109306e+00
3.997242451e+00
4.741633892e+00
4.980790138e+00
4.559525013e+00
4.520761013e+00
4.840504646e+00
4.815655708e+00
4.692822456e+00
4.605453491e+00
5.064976215e+00
4.940935135e+00
4.562884808e+00
4.629670620e+00
4.673880577e+00
4.622731209e+00
4.591936588e+00
4.586641788e+00
4.585507393e+00
4.112178802e+00
4.034214973e+00
4.061883450e+00
4.552013397e+00
4.192764759e+00
4.211748123e+00
4.661549568e+00
4.073487759e+00
3.922610044e+00
4.278150558e+00
4.377429008e+00
4.026768684e+00
4.074059963e+00
4.133177757e+00
4.066820621e+00
4.793180943e+00
4.706569195e+00
4.598215580e+00
4.596703529e+00
4.562676907e+00
4.679683208e+00
4.836064816e+00
5.004043102e+00
5.022933483e+00
4.510118484e+00
4.444388390e+00
4.392307281e+00
4.531278610e+00
4.770561695e+00
4.915437698e+00
4.848570824e+00
4.986686230e+00
4.672622681e+00
4.587170601e+00
4.730563164e+00
4.296939373e+00
4.287278652e+00
4.216283321e+00
4.170657635e+00
4.143115044e+00
4.113560677e+00
4.046498775e+00
3.925259829e+00
4.315633297e+00
4.250504017e+00
4.160416603e+00
4.129042149e+00
4.124222279e+00
4.236028194e+00
3.943113804e+00
3.922208071e+00
3.842357635e+00
3.879283428e+00
3.911237955e+00
4.008484364e+00
4.512292385e+00
4.627835274e+00
4.785699844e+00
4.247100830e+00
4.192323208e+00
4.115404129e+00
4.083425045e+00
4.038654804e+00
3.995551109e+00
4.052217484e+00
3.715486526e+00
3.915171146e+00
3.480168819e+00
3.564178467e+00
3.544632912e+00
3.900269747e+00
3.822200537e+00
3.838848591e+00
3.924429178e+00
4.371700287e+00
4.416895866e+00
4.398790359e+00
3.937861443e+00
3.928882360e+00
3.840909719e+00
3.733469725e+00
4.135707855e+00
3.776195765e+00
3.720407963e+00
4.094169617e+00
4.305014133e+00
4.438259602e+00
3.965138912e+00
4.387334824e+00
4.450919151e+00
4.519020081e+00
4.602428436e+00
4.190994263e+00
4.266954422e+00
4.282086849e+00
4.433876514e+00
4.022502899e+00
4.822851658e+00
4.853899002e+00
4.316537380e+00
4.240420818e+00
4.393517017e+00
5.266657829e+00
4.964926243e+00
4.445224762e+00
4.331575871e+00
4.174392700e+00
4.190334797e+00
3.818548203e+00
4.252558231e+00
4.170838356e+00
4.513774872e+00
4.547701359e+00
4.976248264e+00
4.555792332e+00
4.443735600e+00
4.837653637e+00
4.801785946e+00
4.369985104e+00
4.324409962e+00
4.810161114e+00
4.474432468e+00
4.601040363e+00
4.244128227e+00
4.288391590e+00
4.648820877e+00
4.547150612e+00
4.849484444e+00
4.898184299e+00
4.771821976e+00
4.322693825e+00
4.299566269e+00
4.368499279e+00
4.456499577e+00
4.223064899e+00
4.364436150e+00
4.336844444e+00
4.672200680e+00
4.524296284e+00
4.360933781e+00
4.261075974e+00
4.222311497e+00
4.232223034e+00
4.302138805e+00
3.874284744e+00
3.882732391e+00
4.015837193e+00
4.025645733e+00
4.091389179e+00
4.125003338e+00
3.658458948e+00
3.712734222e+00
3.807901382e+00
3.949524879e+00
4.139027596e+00
4.106137753e+00
4.082335949e+00
3.988160372e+00
3.489648342e+00
3.875702620e+00
3.885108948e+00
3.353109360e+00
3.752818108e+00
3.685145378e+00
3.634676218e+00
3.611524105e+00
4.069624901e+00
4.509460926e+00
4.401891708e+00
4.263247490e+00
4.194340229e+00
4.286297321e+00
3.989953279e+00
4.065006256e+00
4.086116791e+00
3.989097357e+00
4.371575832e+00
4.392435074e+00
4.519253254e+00
4.649776936e+00
4.722662926e+00
5.096476078e+00
5.030977726e+00
4.470015526e+00
4.404082775e+00
4.439546585e+00
4.089356899e+00
4.654234409e+00
4.689644814e+00
4.645357609e+00
5.042987347e+00
4.910265446e+00
4.335529804e+00
4.259892941e+00
4.288366318e+00
4.257821560e+00
4.217267036e+00
4.667725563e+00
4.326629639e+00
4.281127453e+00
4.241253853e+00
4.320725918e+00
4.773087978e+00
4.459240913e+00
4.593554020e+00
4.607550144e+00
4.960535049e+00
4.901822567e+00
4.806405544e+00
4.710586548e+00
4.869688988e+00
4.889313221e+00
4.541040421e+00
4.552314758e+00
4.596959114e+00
4.621094227e+00
4.174869061e+00
4.641144753e+00
4.312026501e+00
4.357882500e+00
4.819137573e+00
5.204053879e+00
5.198906422e+00
4.808416843e+00
4.846528053e+00
4.451550484e+00
3.918566704e+00
4.208992481e+00
4.258883476e+00
3.945908070e+00
4.394528389e+00
3.985585213e+00
4.336033821e+00
4.162786961e+00
4.006971836e+00
4.527393818e+00
4.711866379e+00
4.420228004e+00
4.221024990e+00
4.267729759e+00
4.236334801e+00
4.202361584e+00
4.129872322e+00
3.854651690e+00
4.556503296e+00
4.509867668e+00
4.066214561e+00
4.137143135e+00
3.779514790e+00
4.273434639e+00
4.689824104e+00
4.634841919e+00
4.530675888e+00
4.502173424e+00
4.553173065e+00
4.680494785e+00
4.751928329e+00
4.734901905e+00
5.224636555e+00
5.281058788e+00
4.513469696e+00
4.115555763e+00
4.032955170e+00
4.129053116e+00
4.721277237e+00
4.702309608e+00
4.835940361e+00
4.007713795e+00
4.095027924e+00
4.300685406e+00
