3.747233629e+00
3.391154289e+00
3.529907227e+00
3.657019615e+00
3.702796698e+00
4.154540062e+00
4.221710205e+00
3.763713121e+00
3.700752735e+00
4.002163887e+00
3.921628714e+00
3.823693275e+00
3.827976465e+00
3.886366606e+00
3.939932108e+00
3.902842999e+00
3.877363443e+00
3.906084776e+00
4.442862511e+00
4.533517361e+00
4.729001999e+00
4.914458275e+00
4.612441540e+00
4.677604198e+00
4.726604462e+00
4.759817600e+00
5.049511433e+00
4.897616863e+00
4.764295578e+00
4.552636623e+00
4.316264153e+00
4.177839279e+00
4.283145428e+00
3.909564972e+00
3.950097799e+00
3.955975533e+00
4.311548233e+00
4.285693645e+00
4.296489239e+00
4.322446346e+00
4.382171631e+00
4.416073322e+00
4.017343521e+00
3.949067593e+00
4.300401688e+00
4.293691635e+00
4.170556545e+00
4.018970013e+00
3.967286587e+00
3.970718622e+00
3.970390797e+00
3.960827827e+00
3.983401060e+00
4.008187771e+00
3.951724768e+00
3.957927942e+00
3.988471746e+00
4.076695442e+00
4.167000294e+00
4.252811432e+00
4.184877396e+00
4.143793106e+00
4.227477551e+00
3.867144823e+00
3.875292778e+00
3.779822826e+00
3.628333807e+00
3.935126305e+00
3.941506863e+00
4.035630703e+00
4.178117275e+00
3.923902750e+00
4.119495392e+00
4.200356483e+00
3.673990250e+00
3.983073235e+00
3.967108488e+00
4.026360035e+00
4.050803185e+00
4.387496948e+00
4.285271168e+00
4.240878105e+00
4.154384613e+00
4.141142368e+00
4.160160065e+00
4.161496162e+00
4.237391949e+00
4.111409664e+00
3.590048075e+00
3.558210850e+00
3.605129242e+00
3.753541946e+00
4.038541317e+00
4.233890057e+00
4.634940147e+00
4.598762512e+00
4.136575699e+00
4.024836540e+00
4.279527187e+00
4.146489620e+00
4.132212639e+00
4.086511135e+00
4.084696770e+00
4.091146946e+00
3.613376379e+00
3.658551216e+00
4.145738602e+00
4.133325577e+00
4.114384651e+00
4.120814800e+00
4.119377136e+00
4.134158134e+00
4.157716274e+00
4.171436310e+00
4.381927490e+00
4.609542370e+00
3.711428642e+00
3.592958212e+00
3.978889227e+00
3.448787689e+00
3.857087851e+00
3.886549473e+00
3.865689039e+00
3.843794584e+00
3.868314743e+00
4.326461315e+00
4.321612358e+00
3.872650623e+00
3.739039421e+00
4.013106346e+00
3.991600275e+00
4.038861275e+00
3.658448696e+00
3.844729424e+00
3.596579313e+00
3.642942667e+00
3.959793091e+00
3.868663073e+00
3.783613443e+00
3.792416334e+00
3.815924406e+00
3.392669201e+00
3.451871395e+00
3.502326488e+00
3.465313673e+00
3.498688698e+00
3.913802385e+00
3.979690075e+00
4.040150166e+00
4.018004417e+00
3.591985464e+00
3.559601307e+00
3.520636082e+00
3.904447794e+00
3.828257084e+00
3.735181808e+00
3.755839586e+00
3.808508873e+00
3.919259310e+00
4.007561207e+00
4.001657963e+00
4.427518368e+00
4.418395519e+00
4.303287506e+00
4.253236294e+00
3.840133905e+00
3.814957380e+00
3.732099771e+00
4.011065483e+00
4.033518791e+00
4.199543476e+00
4.501223564e+00
4.230134010e+00
4.277856350e+00
4.244761944e+00
4.280503750e+00
4.413531303e+00
4.274168968e+00
3.733894587e+00
4.093952179e+00
4.100790024e+00
4.125741482e+00
4.068050385e+00
4.009076118e+00
4.437921524e+00
4.423666477e+00
4.386284828e+00
4.386666775e+00
4.505617142e+00
4.072061539e+00
3.682914495e+00
3.753848553e+00
3.894017220e+00
3.956815958e+00
3.878075361e+00
3.900851727e+00
3.941283941e+00
3.538948298e+00
3.671443462e+00
3.323256493e+00
3.391913414e+00
4.338816166e+00
4.751793385e+00
4.646839142e+00
4.490658283e+00
4.833396912e+00
4.768826962e+00
4.623006344e+00
4.486196995e+00
4.393913269e+00
4.342630386e+00
4.343716621e+00
4.344318867e+00
4.419312954e+00
4.477517128e+00
4.492703915e+00
4.631400585e+00
4.422182083e+00
4.556219101e+00
4.492051125e+00
4.283048153e+00
4.230228424e+00
4.179286480e+00
4.248778820e+00
3.892233372e+00
3.443114042e+00
3.794241905e+00
3.725668669e+00
3.750363827e+00
3.721585751e+00
4.422029972e+00
4.333948135e+00
4.220139980e+00
4.204302311e+00
4.142982006e+00
4.066059113e+00
3.991147757e+00
3.959971905e+00
4.105956078e+00
3.283103704e+00
3.261564255e+00
3.283661366e+00
4.235277176e+00
4.035015106e+00
3.884801149e+00
4.000527859e+00
4.062423706e+00
4.109699249e+00
4.586040974e+00
4.567217350e+00
4.498661041e+00
4.764561176e+00
4.675223827e+00
4.616725445e+00
4.506121635e+00
4.406642914e+00
4.430274010e+00
4.046542645e+00
4.086010933e+00
3.992813349e+00
3.905890226e+00
3.715458870e+00
4.152316570e+00
4.243572235e+00
4.258302689e+00
4.246397495e+00
4.362927914e+00
4.329080582e+00
4.175467968e+00
4.304511547e+00
4.416780949e+00
4.042098522e+00
4.089925289e+00
4.066563129e+00
4.066512585e+00
4.339702129e+00
4.364522457e+00
4.205112457e+00
4.186142921e+00
4.118875027e+00
4.214998245e+00
4.048961639e+00
4.120591164e+00
4.219920158e+00
4.142989159e+00
4.266097546e+00
4.266932487e+00
4.366972923e+00
3.961538076e+00
3.935306072e+00
3.999977589e+00
3.950336695e+00
4.010662079e+00
3.852751255e+00
4.198637009e+00
4.050037861e+00
4.069736958e+00
3.945040464e+00
3.925673008e+00
3.871645689e+00
3.757834673e+00
3.885137796e+00
3.892148972e+00
3.822458029e+00
3.814791679e+00
3.883096218e+00
3.681156635e+00
3.771307707e+00
4.057130814e+00
4.042378426e+00
4.005803108e+00
4.284388542e+00
4.301917553e+00
4.117333412e+00
4.172519207e+00
4.307467461e+00
3.832622290e+00
4.002694607e+00
3.939162731e+00
4.313393593e+00
4.422003746e+00
4.412998199e+00
4.025376320e+00
3.851868391e+00
3.990897179e+00
4.182738781e+00
4.340863705e+00
3.986907244e+00
4.050216675e+00
3.791402817e+00
4.144701958e+00
4.039996624e+00
3.780056238e+00
3.787646770e+00
3.312506676e+00
4.114388466e+00
4.104370117e+00
4.201210022e+00
4.032186985e+00
4.176613331e+00
3.897062063e+00
3.717126608e+00
4.023754597e+00
3.918750048e+00
4.081627369e+00
3.569670916e+00
3.677320480e+00
3.802695751e+00
4.555587769e+00
4.152341366e+00
4.029204845e+00
3.984561443e+00
4.370705128e+00
4.310392857e+00
4.268648148e+00
4.065903187e+00
4.123485565e+00
4.111151218e+00
4.220898151e+00
4.178774834e+00
3.772338629e+00
3.570727110e+00
3.586892843e+00
3.540081739e+00
3.801974535e+00
3.906771421e+00
3.948056221e+00
3.633504629e+00
3.829339981e+00
4.139880657e+00
4.438431263e+00
4.008881569e+00
4.150431156e+00
3.994199753e+00
4.215664387e+00
3.915403366e+00
4.193660259e+00
3.993389606e+00
4.082203865e+00
4.254885197e+00
4.256199837e+00
4.011851311e+00
4.254871845e+00
3.938410044e+00
3.577940941e+00
4.061676025e+00
3.766255140e+00
4.027150154e+00
3.980813503e+00
4.140181541e+00
4.468523502e+00
4.404431820e+00
4.566030979e+00
4.490439415e+00
4.048733234e+00
4.040282726e+00
3.850960970e+00
4.268167973e+00
4.157565117e+00
4.095866203e+00
4.091905117e+00
4.112009048e+00
4.202365398e+00
4.264081478e+00
4.420340538e+00
3.977593422e+00
4.078210354e+00
3.912314892e+00
3.898802519e+00
3.705668926e+00
4.029912949e+00
4.073700905e+00
3.490264177e+00
3.671868324e+00
3.780965090e+00
3.384019375e+00
3.508674860e+00
4.107840538e+00
4.241114140e+00
3.733565807e+00
3.806942701e+00
4.076901436e+00
4.058394432e+00
4.064548016e+00
3.910354614e+00
3.855296373e+00
3.581650257e+00
4.028906822e+00
3.810529947e+00
4.165310383e+00
4.177822590e+00
3.721182823e+00
3.839378119e+00
4.355440617e+00
3.986634493e+00
3.989149570e+00
4.306228638e+00
4.063607216e+00
3.776648045e+00
3.818722725e+00
4.720899105e+00
4.579876900e+00
4.070273876e+00
4.361628056e+00
4.555055618e+00
5.054850578e+00
5.051474094e+00
5.082091808e+00
4.948486805e+00
4.804034710e+00
4.673879147e+00
4.589812279e+00
4.209368706e+00
4.105473042e+00
4.117604256e+00
4.097449303e+00
4.272655010e+00
4.247053146e+00
4.402965069e+00
4.526107788e+00
4.402283192e+00
4.545326710e+00
4.649313927e+00
4.682055473e+00
4.605753422e+00
4.477449894e+00
4.468010902e+00
4.424372673e+00
4.065822601e+00
3.923952341e+00
3.839555502e+00
4.153447628e+00
4.286458015e+00
4.169568062e+00
4.157536030e+00
4.251441956e+00
4.288898468e+00
3.940868378e+00
3.681938648e+00
3.872336149e+00
3.491318941e+00
3.910207987e+00
3.889929295e+00
3.456711769e+00
3.937168598e+00
3.795213699e+00
3.719340801e+00
3.724182129e+00
3.918028831e+00
4.278613567e+00
4.358398914e+00
3.918531656e+00
3.703548670e+00
3.729606628e+00
4.155135632e+00
4.230131626e+00
4.364473820e+00
4.470159531e+00
4.897161484e+00
4.670049191e+00
4.968339920e+00
4.775686264e+00
4.677210331e+00
4.462718010e+00
4.492502213e+00
4.508641720e+00
4.695874691e+00
3.920116186e+00
3.853030920e+00
3.947835684e+00
3.974393368e+00
4.358121395e+00
4.296647549e+00
4.205135345e+00
4.223317146e+00
4.064970493e+00
4.147371769e+00
4.204905987e+00
4.492245197e+00
4.654535770e+00
4.349557877e+00
4.164879799e+00
4.506552219e+00
4.570672035e+00
4.426237583e+00
4.486520767e+00
4.862323284e+00
4.511001587e+00
4.620016575e+00
4.797781944e+00
4.867849827e+00
4.283255577e+00
4.281184196e+00
4.465322495e+00
4.864217281e+00
4.830999851e+00
4.461919785e+00
4.324398041e+00
4.372623920e+00
4.590079784e+00
4.708929062e+00
4.056653976e+00
4.228905678e+00
4.249953747e+00
4.615374565e+00
4.266507626e+00
4.743101120e+00
4.653604507e+00
5.111104012e+00
4.906517029e+00
4.747606754e+00
4.576470852e+00
4.472763062e+00
4.598261356e+00
4.506559372e+00
4.436742783e+00
4.362940311e+00
4.502212048e+00
4.123792648e+00
4.110825062e+00
4.014120579e+00
4.321671963e+00
4.416463375e+00
4.356205940e+00
4.521460533e+00
4.025416851e+00
4.068144798e+00
4.091055393e+00
4.206605434e+00
4.071199894e+00
4.506850243e+00
4.498046398e+00
3.907835484e+00
3.942007542e+00
4.349862099e+00
4.445663452e+00
4.567287922e+00
4.595870018e+00
4.734946251e+00
4.622117996e+00
4.201073647e+00
4.109438419e+00
4.171612263e+00
4.500051022e+00
4.517100811e+00
4.328357220e+00
4.301162720e+00
4.339682579e+00
4.241158009e+00
4.253420353e+00
4.171489716e+00
4.242722511e+00
4.469582558e+00
3.985396862e+00
3.538917542e+00
3.726051807e+00
3.716165781e+00
4.028148651e+00
4.225541115e+00
4.528227329e+00
4.922344208e+00
4.067864895e+00
4.132815838e+00
4.008060932e+00
4.253418922e+00
4.846055984e+00
4.105264664e+00
4.228236675e+00
4.181298733e+00
4.087772369e+00
4.408961773e+00
4.247229576e+00
4.329989433e+00
4.308397770e+00
4.774218559e+00
4.694865704e+00
4.718373775e+00
4.558841228e+00
4.535866261e+00
4.516925812e+00
4.345932961e+00
4.321084023e+00
4.287565708e+00
4.363787651e+00
4.420721531e+00
4.032210350e+00
4.471669197e+00
4.379025936e+00
4.472026348e+00
3.866314888e+00
3.915096760e+00
3.989104033e+00
4.179352283e+00
4.560908794e+00
4.844466686e+00
4.489560127e+00
3.939569473e+00
3.935609341e+00
4.244132042e+00
3.775434017e+00
3.685033321e+00
3.648945093e+00
4.196032047e+00
4.274331570e+00
3.977102518e+00
4.285325527e+00
4.479485989e+00
4.636218548e+00
4.058011532e+00
4.113573551e+00
3.944484949e+00
4.181396484e+00
4.900207043e+00
4.047664642e+00
3.998234034e+00
3.913437366e+00
3.777805805e+00
4.582196712e+00
4.889645576e+00
4.657337189e+00
4.720827579e+00
4.199842453e+00
4.260582924e+00
4.277410984e+00
4.402469158e+00
4.709045887e+00
4.731290340e+00
4.221907139e+00
4.000581264e+00
4.475109100e+00
4.429604053e+00
4.359326363e+00
4.700926304e+00
4.214209557e+00
4.173348427e+00
4.142550468e+00
4.250885487e+00
4.527976036e+00
4.163790703e+00
4.537121773e+00
4.606961727e+00
4.094479561e+00
4.372497082e+00
4.568104744e+00
4.049417496e+00
4.102058887e+00
4.017957687e+00
4.365603924e+00
4.222345352e+00
4.139201641e+00
4.338816166e+00
3.958883286e+00
4.173554420e+00
4.152865887e+00
4.219989300e+00
4.425958633e+00
5.060781956e+00
3.217168570e+00
4.196263790e+00
4.490143776e+00
4.434370995e+00
4.496720791e+00
4.353197098e+00
5.054316998e+00
4.945074558e+00
5.232573509e+00
5.242965698e+00
5.216631413e+00
4.802398682e+00
4.263530254e+00
4.263203144e+00
4.577856541e+00
5.023293018e+00
4.925706387e+00
4.593451500e+00
4.197319984e+00
4.020640850e+00
4.780526161e+00
4.650150299e+00
4.608330250e+00
4.701707363e+00
4.863893509e+00
4.986773968e+00
4.882529736e+00
4.893272877e+00
4.696080208e+00
4.705939293e+00
4.622177124e+00
4.604096413e+00
4.468340397e+00
4.587873459e+00
4.243932724e+00
4.058746815e+00
4.013350487e+00
4.288182259e+00
4.344625950e+00
4.666523933e+00
4.973309517e+00
4.232758045e+00
4.242371082e+00
4.461305618e+00
4.433523655e+00
5.378917694e+00
4.894483566e+00
4.908909798e+00
4.777013779e+00
4.840353966e+00
4.903844833e+00
4.797602177e+00
4.884396076e+00
5.145204067e+00
4.982389927e+00
4.920004845e+00
4.366488934e+00
4.335995197e+00
4.607329845e+00
4.699913979e+00
4.718099117e+00
4.881371021e+00
4.893958569e+00
5.019090652e+00
4.906696320e+00
4.918552399e+00
4.909624100e+00
4.743931293e+00
4.828782082e+00
4.973307133e+00
4.457229614e+00
4.382435799e+00
4.400804520e+00
4.527709484e+00
4.137844563e+00
3.715156794e+00
4.083064556e+00
4.573696136e+00
4.097087860e+00
4.482082367e+00
4.814504147e+00
5.178093910e+00
4.407044888e+00
3.935904980e+00
4.405505657e+00
4.310009480e+00
4.264759064e+00
4.186186314e+00
4.559826851e+00
4.528171539e+00
4.359538555e+00
4.397849560e+00
4.310074329e+00
4.436710358e+00
3.546282530e+00
4.423617363e+00
4.282480240e+00
4.225771904e+00
4.150378227e+00
4.014500618e+00
4.510029793e+00
4.486239433e+00
4.392993450e+00
4.292357445e+00
4.249528408e+00
4.310294151e+00
4.333269119e+00
4.203573704e+00
4.191561222e+00
4.573017120e+00
4.453859329e+00
4.512101173e+00
4.332842827e+00
4.370144844e+00
4.556849003e+00
4.562497139e+00
4.604594231e+00
4.492401123e+00
4.446616173e+00
4.431912899e+00
4.498426437e+00
4.585576534e+00
4.415743828e+00
4.427448273e+00
4.371588230e+00
4.527508736e+00
4.158670425e+00
4.615185261e+00
4.486584187e+00
4.637487411e+00
4.705439568e+00
4.609436989e+00
4.763678551e+00
4.728618145e+00
4.201296806e+00
4.150430202e+00
4.049666405e+00
4.531114101e+00
4.354004383e+00
3.993112803e+00
3.869822502e+00
3.985599518e+00
4.019244194e+00
3.762066603e+00
3.709301233e+00
3.774121761e+00
3.905843735e+00
4.322937965e+00
4.936683655e+00
4.934263706e+00
4.803938866e+00
4.627827644e+00
4.580636024e+00
4.565173149e+00
4.421410561e+00
4.559497833e+00
4.483905792e+00
4.496591091e+00
4.489007950e+00
4.670109749e+00
4.322995663e+00
4.016881943e+00
3.968853712e+00
4.215981483e+00
4.225467682e+00
4.222020626e+00
3.737216949e+00
3.703645706e+00
3.765244007e+00
3.816215992e+00
3.382624865e+00
3.550573826e+00
3.464130640e+00
3.893651485e+00
4.176667213e+00
4.279223919e+00
4.290047169e+00
4.008717537e+00
4.157818317e+00
3.665969133e+00
3.307493687e+00
4.932444096e+00
4.942005157e+00
4.495434761e+00
4.430175304e+00
4.712855816e+00
4.533727646e+00
4.616005898e+00
4.550703049e+00
4.624027729e+00
4.164577961e+00
4.395088196e+00
4.430122375e+00
3.981935740e+00
3.940971851e+00
3.736544609e+00
4.113203049e+00
4.031782627e+00
4.006156445e+00
4.452663422e+00
4.494482994e+00
4.466459751e+00
4.316548824e+00
4.363817692e+00
4.296036720e+00
4.484787464e+00
3.946326971e+00
4.063286304e+00
4.147277832e+00
4.253422737e+00
4.042180538e+00
4.497802734e+00
4.161127090e+00
4.161326408e+00
3.988878489e+00
4.212073326e+00
4.118022442e+00
4.529889107e+00
4.335913181e+00
4.333069324e+00
4.157543659e+00
4.159914970e+00
4.078673840e+00
4.227655888e+00
4.169494152e+00
4.205684662e+00
4.251873016e+00
3.620564938e+00
3.679739475e+00
3.822856188e+00
3.476088047e+00
4.000477314e+00
3.614287615e+00
3.743704796e+00
4.164875031e+00
4.493362904e+00
3.684855938e+00
3.812613010e+00
3.671489239e+00
4.098694801e+00
4.356802464e+00
4.343935490e+00
4.329357624e+00
4.369944572e+00
4.687816620e+00
3.947794676e+00
4.088232040e+00
3.716868877e+00
4.047519207e+00
4.409675121e+00
4.213234425e+00
4.635243416e+00
4.833809376e+00
4.727615356e+00
4.694530487e+00
4.812891960e+00
4.352572918e+00
4.407382488e+00
4.360470295e+00
4.281165123e+00
4.516743183e+00
4.309228420e+00
4.372668743e+00
4.455574989e+00
4.408988476e+00
4.334353924e+00
4.527660847e+00
4.518713474e+00
4.362815380e+00
4.395324707e+00
4.779262543e+00
4.809757233e+00
4.261935711e+00
4.793385983e+00
4.902353287e+00
4.872009754e+00
5.043078423e+00
5.184582233e+00
5.230638981e+00
4.704551220e+00
4.586281776e+00
4.487157822e+00
4.333067417e+00
4.402139664e+00
4.666923523e+00
4.739796638e+00
4.770067215e+00
4.920517445e+00
4.443550110e+00
4.095414162e+00
3.908693790e+00
3.799174547e+00
3.974830866e+00
4.555997372e+00
4.625538826e+00
5.085854530e+00
5.132389069e+00
5.118365288e+00
4.854464531e+00
4.762500763e+00
4.475400448e+00
4.427982330e+00
4.433436394e+00
4.504721642e+00
4.072472095e+00
4.198051453e+00
4.336193085e+00
4.248296261e+00
4.281692505e+00
4.631359100e+00
4.504694462e+00
4.369713783e+00
4.384946823e+00
4.499919891e+00
4.430401802e+00
4.574919701e+00
4.472296715e+00
4.564248085e+00
4.624220848e+00
4.633249283e+00
4.383188248e+00
4.251393318e+00
4.190204620e+00
4.123536587e+00
3.872370005e+00
3.961308002e+00
4.307157993e+00
