2.945704699e+00
2.933219671e+00
2.974883318e+00
3.079873562e+00
2.724280357e+00
2.749423027e+00
2.720699549e+00
3.102873802e+00
3.170788050e+00
2.766065359e+00
2.670232058e+00
3.044185877e+00
3.096441507e+00
3.102644444e+00
3.100324631e+00
3.132757902e+00
3.267199755e+00
3.379549265e+00
3.051699877e+00
2.629098415e+00
2.959851742e+00
3.019470453e+00
3.633684635e+00
3.272742271e+00
3.008827686e+00
3.178603172e+00
2.684884787e+00
3.070767403e+00
2.585646868e+00
3.335997820e+00
3.381849051e+00
3.033342123e+00
2.978791952e+00
3.308408499e+00
3.245260954e+00
3.196260452e+00
3.557830095e+00
3.407467127e+00
3.284499168e+00
3.345301390e+00
3.434018612e+00
3.435229063e+00
3.494627953e+00
3.486787796e+00
3.569555521e+00
3.310723305e+00
3.400855780e+00
3.088621140e+00
3.065898180e+00
3.659968615e+00
3.508730173e+00
3.418814421e+00
3.425070286e+00
3.463125706e+00
3.400607586e+00
3.233760118e+00
3.151869535e+00
3.271008015e+00
3.458510637e+00
3.568445921e+00
3.575128317e+00
3.603953123e+00
3.661903381e+00
3.148011446e+00
3.118077755e+00
3.074322701e+00
3.367949247e+00
3.401493311e+00
3.379400492e+00
3.389540911e+00
3.534113646e+00
3.660290241e+00
3.833316565e+00
3.437751770e+00
3.423024416e+00
3.699054003e+00
3.568218946e+00
3.604459286e+00
3.532776117e+00
3.060651779e+00
3.075961113e+00
3.148565769e+00
3.145792484e+00
3.017878771e+00
3.048295021e+00
3.457551479e+00
2.948956966e+00
2.933850765e+00
2.923763514e+00
3.295346260e+00
3.264830112e+00
3.337131977e+00
3.496066093e+00
3.420102835e+00
2.969134808e+00
2.929158926e+00
3.253178120e+00
3.343158484e+00
3.348608255e+00
2.899651051e+00
3.029811859e+00
3.232875109e+00
3.806857586e+00
3.427336216e+00
2.958561897e+00
3.266417742e+00
3.583952665e+00
3.518410444e+00
3.526302576e+00
3.467462540e+00
3.468749523e+00
3.504035473e+00
3.541435957e+00
3.609327316e+00
3.709875584e+00
3.636839390e+00
3.111165762e+00
3.046251297e+00
3.332968235e+00
3.321164846e+00
2.962976217e+00
3.133792639e+00
3.336625814e+00
3.289065123e+00
3.300538301e+00
3.548422337e+00
3.333547592e+00
3.168770552e+00
3.172200203e+00
3.162308693e+00
3.116111040e+00
3.119415760e+00
3.150787830e+00
3.144279718e+00
3.051571131e+00
2.987715960e+00
2.959647655e+00
2.973292351e+00
3.151091337e+00
2.850577593e+00
2.609605789e+00
2.712677717e+00
3.066502571e+00
3.380027056e+00
3.357784986e+00
2.880258560e+00
2.888405561e+00
2.939019203e+00
3.310076952e+00
3.330273867e+00
3.307577848e+00
3.268812656e+00
2.855138302e+00
2.934380770e+00
2.857309580e+00
2.842809200e+00
2.834209442e+00
2.797967434e+00
2.768032789e+00
3.169553041e+00
3.224858522e+00
3.463434696e+00
3.631694555e+00
3.561737537e+00
3.417223215e+00
3.260543823e+00
3.223977804e+00
3.266597271e+00
2.943154097e+00
3.094972610e+00
3.612903833e+00
3.353299856e+00
3.064970493e+00
2.674799919e+00
2.931199312e+00
3.247200012e+00
3.651968718e+00
3.680891275e+00
3.321018934e+00
3.488494873e+00
3.608495951e+00
3.928210258e+00
3.854686260e+00
3.746795893e+00
3.606527090e+00
3.572581768e+00
3.042949915e+00
2.982954741e+00
3.014580250e+00
3.476264238e+00
3.057551622e+00
3.092204332e+00
3.111170053e+00
3.156186819e+00
3.150259018e+00
3.133639336e+00
3.105417252e+00
3.506778002e+00
3.501937628e+00
3.536362171e+00
3.542363405e+00
3.469275951e+00
3.361720800e+00
3.343261003e+00
3.237392426e+00
3.165793657e+00
3.183724880e+00
3.244806290e+00
3.382303715e+00
2.565047026e+00
2.611778498e+00
2.590897560e+00
3.400992870e+00
3.430266380e+00
3.464841366e+00
3.579466820e+00
3.641103745e+00
3.217893124e+00
3.412587643e+00
3.476945162e+00
3.511922836e+00
3.489150524e+00
3.785560608e+00
3.677975416e+00
3.617623806e+00
3.502869844e+00
3.423909426e+00
3.397404671e+00
3.407466412e+00
3.446254730e+00
3.548018932e+00
3.773175478e+00
3.896804094e+00
3.371156693e+00
3.708746195e+00
3.709527254e+00
3.689151525e+00
3.631450176e+00
3.645316124e+00
3.634772062e+00
3.545492172e+00
3.463202238e+00
3.450266123e+00
3.376830339e+00
3.360058784e+00
3.628346682e+00
3.710687160e+00
3.228768587e+00
3.188137293e+00
3.139539480e+00
2.971374989e+00
3.202058077e+00
3.188161850e+00
3.239105463e+00
3.225437641e+00
3.215477467e+00
3.206247330e+00
3.132001400e+00
3.152631283e+00
3.109603643e+00
3.312343597e+00
3.364341974e+00
3.086602449e+00
3.183446884e+00
3.260031939e+00
2.634952068e+00
3.010995865e+00
3.010214090e+00
3.258927584e+00
3.467437506e+00
3.561007738e+00
3.648717642e+00
3.654823065e+00
3.570718050e+00
3.514550447e+00
3.259182453e+00
3.404799461e+00
3.348252058e+00
3.398823261e+00
3.356323957e+00
3.560457706e+00
3.394635201e+00
3.444238663e+00
3.444160700e+00
3.153489113e+00
3.276434183e+00
3.357864618e+00
3.447543144e+00
3.515990973e+00
3.585594177e+00
3.794485092e+00
3.775267839e+00
3.592304230e+00
3.464409590e+00
2.950221777e+00
3.167535067e+00
3.112580538e+00
2.792516470e+00
2.841217279e+00
3.067206383e+00
2.995535135e+00
3.072381496e+00
3.141355753e+00
3.214590549e+00
3.197089195e+00
3.146271467e+00
3.640694857e+00
3.608516455e+00
3.804039955e+00
3.700642109e+00
3.614319086e+00
3.417959213e+00
3.548347473e+00
3.560300827e+00
3.387873411e+00
3.510265589e+00
3.705057144e+00
3.776729822e+00
3.781350374e+00
3.826714754e+00
3.941912889e+00
3.573895693e+00
3.213783979e+00
3.397206783e+00
3.486661673e+00
3.686114073e+00
3.687222242e+00
3.566429853e+00
3.692545176e+00
3.534830809e+00
3.501390696e+00
3.430688858e+00
3.128344536e+00
3.160979509e+00
3.068827629e+00
3.032234430e+00
3.114272833e+00
3.244128704e+00
3.409611702e+00
3.285436153e+00
3.399250507e+00
3.296483040e+00
3.272676706e+00
3.054728985e+00
3.161282301e+00
3.136339426e+00
2.827982187e+00
2.975666285e+00
2.898164988e+00
3.408394098e+00
2.974376917e+00
2.933899641e+00
2.908378363e+00
3.244779825e+00
3.447261810e+00
3.387844086e+00
3.006355524e+00
2.887120008e+00
3.369460821e+00
3.319859028e+00
3.445024490e+00
2.944922686e+00
3.078586340e+00
3.274462938e+00
3.595504761e+00
3.735245466e+00
3.671746254e+00
3.603601694e+00
3.568572760e+00
3.070461750e+00
3.153078794e+00
3.120069742e+00
3.113136053e+00
2.977911234e+00
3.178604841e+00
3.572451115e+00
3.307400227e+00
3.220946550e+00
3.740464211e+00
3.924316883e+00
3.398389816e+00
3.486580610e+00
3.409080505e+00
3.758647442e+00
3.898738861e+00
4.103605747e+00
3.816024780e+00
3.509799004e+00
3.546983480e+00
3.684176922e+00
3.304981947e+00
3.207027197e+00
3.273254156e+00
3.075329065e+00
3.493132830e+00
3.141483068e+00
3.392612934e+00
3.044917107e+00
2.960711956e+00
2.986155987e+00
3.357182026e+00
3.327829838e+00
3.446052074e+00
3.322153091e+00
3.466732740e+00
3.443960428e+00
3.556117535e+00
3.671363831e+00
3.723214149e+00
2.698902130e+00
3.141834497e+00
3.185943365e+00
3.000655890e+00
2.996999502e+00
2.994427919e+00
3.406507254e+00
3.435102940e+00
3.590082645e+00
3.678350449e+00
3.459171772e+00
3.545794010e+00
3.379094601e+00
3.496067762e+00
3.543577194e+00
3.397280216e+00
2.929387808e+00
2.577350140e+00
2.956674337e+00
3.043151379e+00
3.353728533e+00
3.399747610e+00
3.334335566e+00
2.959875345e+00
2.957077503e+00
2.998260736e+00
2.890322447e+00
3.001210451e+00
3.280391932e+00
3.353705645e+00
3.353981495e+00
3.624303818e+00
2.999093533e+00
2.675327063e+00
2.784400940e+00
3.068221569e+00
3.054122686e+00
3.354508877e+00
3.365405083e+00
3.407798290e+00
3.335842609e+00
3.330875874e+00
3.162915945e+00
3.410594463e+00
3.521186352e+00
3.346007586e+00
3.353500843e+00
3.897140741e+00
3.657869101e+00
3.617800236e+00
3.675425053e+00
3.473599672e+00
3.644837141e+00
3.837893963e+00
3.413218021e+00
3.048825264e+00
3.456675053e+00
3.844774961e+00
3.107665777e+00
3.194819689e+00
3.066252470e+00
3.487823248e+00
3.465874672e+00
3.544363737e+00
3.042774677e+00
3.180623531e+00
3.254666567e+00
2.987013340e+00
3.064461708e+00
3.511749506e+00
3.533820391e+00
3.458909273e+00
3.505577803e+00
3.910914421e+00
3.916860580e+00
3.196054697e+00
3.540476799e+00
3.615327120e+00
3.309169054e+00
2.999341726e+00
3.090589046e+00
3.355497122e+00
3.608742476e+00
3.450036764e+00
3.524717808e+00
3.161935091e+00
3.279181004e+00
3.339000463e+00
3.504215240e+00
4.243141651e+00
3.680896044e+00
3.737057209e+00
3.462347031e+00
3.425421953e+00
3.628620863e+00
3.691035032e+00
3.522338390e+00
3.652701616e+00
3.355061293e+00
3.290856361e+00
3.435465574e+00
3.371408939e+00
3.703693628e+00
3.727626801e+00
3.727854490e+00
3.889539480e+00
3.808180094e+00
3.404144526e+00
3.156965494e+00
3.182537794e+00
3.110260963e+00
3.594143629e+00
3.381420374e+00
3.397232056e+00
3.434326649e+00
3.260039091e+00
3.389010668e+00
3.401568174e+00
3.448951483e+00
3.547665119e+00
3.633838892e+00
3.685006142e+00
3.462010622e+00
3.591622591e+00
3.376553059e+00
3.301928043e+00
3.072608471e+00
3.123299360e+00
2.958790064e+00
3.093441248e+00
3.319099188e+00
3.427263737e+00
3.165086031e+00
3.182561636e+00
3.221601486e+00
3.469455719e+00
3.342552423e+00
3.401721239e+00
3.279281616e+00
3.429960489e+00
3.371282101e+00
3.385959864e+00
3.350197077e+00
3.497231007e+00
2.784677982e+00
2.778827906e+00
3.199284792e+00
2.985375404e+00
2.969611883e+00
2.932035446e+00
3.129856110e+00
3.567001343e+00
2.876627684e+00
2.308633804e+00
2.271509647e+00
3.067965269e+00
3.575820208e+00
3.747486353e+00
3.733520269e+00
3.027089834e+00
3.066506624e+00
3.138784647e+00
3.569122791e+00
3.447491169e+00
3.905251026e+00
3.813773870e+00
3.729168415e+00
3.218299389e+00
3.655102015e+00
3.674698353e+00
3.287858963e+00
3.646351099e+00
3.828685045e+00
3.749343872e+00
3.593820572e+00
3.697948217e+00
3.675024748e+00
3.738298655e+00
3.362506628e+00
3.185436249e+00
3.776052713e+00
3.863488436e+00
3.032557249e+00
3.075353384e+00
3.501162052e+00
3.826996803e+00
3.275374174e+00
3.396629095e+00
3.365357876e+00
3.861344814e+00
3.371207237e+00
3.518857479e+00
3.314182281e+00
3.605495453e+00
3.619162798e+00
3.370854855e+00
3.380059242e+00
3.374484301e+00
3.356199265e+00
3.313801527e+00
3.370824099e+00
3.460701466e+00
3.357611656e+00
3.492714405e+00
3.403307676e+00
3.508426905e+00
3.454296589e+00
3.557046652e+00
3.394809484e+00
3.432556629e+00
3.391731977e+00
3.167886972e+00
3.314787388e+00
3.465852499e+00
3.173511267e+00
3.209976673e+00
3.221428633e+00
3.328729153e+00
3.741627455e+00
3.876072168e+00
3.735396862e+00
3.841496468e+00
3.847499371e+00
4.031074047e+00
3.773150921e+00
3.664657116e+00
3.616035700e+00
3.411095619e+00
3.612151146e+00
3.178730249e+00
2.823158503e+00
2.844746351e+00
2.861241817e+00
3.455531597e+00
3.463020802e+00
3.311156750e+00
2.794566154e+00
3.200948000e+00
3.421641350e+00
3.822583437e+00
3.892111778e+00
4.071388721e+00
3.379953623e+00
3.177847385e+00
3.540855885e+00
3.582774401e+00
3.721479654e+00
3.798319101e+00
3.919248581e+00
3.927292824e+00
3.634923458e+00
4.026026726e+00
3.772041321e+00
3.752547503e+00
3.641957998e+00
3.701958179e+00
3.460683346e+00
3.623222351e+00
3.835896969e+00
3.272346497e+00
3.289469719e+00
3.137245893e+00
3.449264526e+00
3.460152864e+00
3.469112158e+00
3.533869982e+00
3.379196167e+00
3.496122837e+00
3.389660835e+00
3.535509348e+00
3.571098566e+00
3.834405899e+00
3.362705231e+00
3.202715397e+00
3.367165804e+00
3.297963858e+00
3.361366987e+00
4.237241745e+00
3.833120346e+00
3.290883303e+00
3.260343313e+00
2.818620920e+00
3.390418053e+00
3.539501190e+00
3.915888071e+00
4.110500813e+00
4.153774738e+00
4.324042320e+00
4.245134830e+00
4.419593811e+00
4.114073277e+00
3.996308088e+00
4.462505341e+00
3.857733011e+00
3.798395634e+00
3.847999811e+00
4.190883636e+00
3.880432129e+00
3.865045786e+00
3.959368706e+00
3.951956749e+00
3.985900402e+00
3.807014465e+00
3.803609848e+00
3.844166517e+00
3.836803198e+00
3.782908678e+00
3.456820011e+00
3.466381311e+00
3.426302910e+00
3.438683271e+00
3.414623976e+00
3.547716379e+00
3.827171803e+00
3.444509029e+00
3.608795404e+00
3.364900112e+00
3.684683800e+00
3.623199463e+00
3.710278988e+00
3.640321255e+00
3.775773764e+00
3.123171806e+00
3.015156269e+00
3.124382019e+00
3.477198124e+00
3.877635002e+00
3.844243765e+00
3.828885078e+00
3.913446665e+00
3.846034288e+00
4.092316151e+00
3.990013599e+00
3.973243475e+00
3.901086807e+00
4.061096668e+00
4.021597862e+00
4.147366047e+00
3.467511415e+00
3.820691109e+00
3.893878698e+00
4.126560211e+00
4.001054287e+00
4.025467873e+00
4.106365681e+00
3.744606495e+00
3.743572712e+00
3.945453167e+00
4.212812901e+00
4.207114220e+00
3.633386612e+00
3.836550236e+00
4.211133957e+00
3.540494204e+00
4.051507950e+00
3.883599520e+00
4.343144417e+00
3.893015623e+00
3.909735441e+00
3.849286795e+00
4.189031124e+00
3.690835714e+00
3.548550129e+00
3.790324688e+00
3.641344070e+00
3.851791382e+00
3.317783117e+00
3.356603622e+00
3.128766537e+00
3.161253452e+00
3.669369936e+00
3.586319447e+00
3.801648140e+00
3.535930872e+00
3.670455933e+00
3.605688572e+00
4.261117458e+00
4.263057709e+00
4.169545174e+00
4.401274204e+00
4.522323608e+00
4.663193703e+00
4.162318230e+00
3.712505341e+00
3.220773220e+00
4.187355995e+00
3.930799007e+00
4.219658375e+00
4.587319374e+00
4.359255791e+00
4.123515606e+00
3.930437326e+00
3.877251148e+00
4.099458694e+00
3.687757254e+00
3.485670328e+00
3.436771393e+00
3.934630156e+00
4.247985363e+00
4.366591930e+00
4.215631008e+00
4.346236706e+00
4.433690071e+00
4.314429760e+00
4.008018017e+00
4.041677952e+00
3.602741957e+00
3.548497200e+00
3.799402952e+00
4.086537838e+00
3.839495420e+00
3.880219936e+00
3.800784349e+00
3.871148109e+00
3.760136127e+00
3.842048168e+00
3.668745041e+00
3.668542385e+00
3.703774691e+00
3.536090136e+00
3.673106432e+00
3.662084818e+00
3.604358196e+00
3.532854080e+00
3.543118477e+00
3.650839329e+00
3.526048183e+00
3.707906723e+00
3.247703552e+00
3.294231892e+00
3.616187811e+00
3.714716911e+00
3.578104973e+00
3.768681765e+00
3.915081024e+00
3.462216139e+00
3.606784821e+00
3.907308817e+00
3.825124264e+00
3.793071270e+00
3.753732920e+00
3.869207859e+00
3.799858332e+00
3.524992943e+00
3.384240866e+00
3.365153074e+00
3.605520010e+00
3.699764013e+00
3.532386065e+00
3.591750145e+00
3.661353350e+00
3.555788994e+00
3.725710154e+00
3.766010761e+00
3.855164528e+00
3.922602892e+00
3.853444815e+00
3.831378698e+00
3.608597517e+00
3.819628000e+00
3.863888025e+00
3.593361139e+00
3.201683760e+00
3.342156887e+00
3.614753485e+00
4.050610065e+00
4.080872536e+00
3.883257389e+00
3.600267172e+00
3.536088467e+00
3.915559530e+00
3.847192764e+00
3.921766520e+00
3.991800070e+00
3.422954321e+00
3.604711294e+00
3.423958302e+00
3.788027287e+00
3.645542383e+00
3.751333952e+00
3.624834061e+00
3.780866623e+00
3.907514572e+00
3.771935701e+00
4.043160439e+00
3.576036215e+00
3.181204319e+00
3.699839830e+00
3.727830887e+00
3.331411839e+00
3.584886551e+00
4.028418541e+00
3.719968796e+00
3.696307421e+00
3.710605383e+00
4.167719841e+00
4.170216560e+00
3.829184532e+00
3.893114328e+00
3.735596180e+00
4.288658619e+00
3.789237022e+00
3.678400993e+00
3.552659988e+00
3.926831722e+00
3.853420496e+00
3.652500629e+00
3.911996365e+00
3.629273415e+00
3.603219509e+00
3.142790079e+00
4.019770145e+00
3.744589329e+00
3.936944723e+00
3.819652557e+00
3.661154747e+00
3.918209076e+00
3.624232769e+00
3.331582785e+00
3.701805353e+00
3.695997000e+00
3.395867109e+00
3.676840544e+00
4.153540134e+00
3.867715120e+00
3.791882038e+00
3.672393084e+00
3.751076221e+00
3.576461792e+00
3.617774248e+00
3.571093798e+00
3.350320816e+00
3.545217276e+00
3.677110672e+00
3.403307676e+00
3.575508118e+00
3.049381018e+00
3.370371103e+00
3.277113914e+00
3.922890425e+00
3.387644053e+00
3.494799614e+00
3.451577663e+00
3.909624338e+00
3.721746683e+00
3.808726072e+00
3.512331963e+00
2.969409466e+00
3.099769354e+00
3.476901770e+00
3.891509533e+00
4.001675129e+00
4.141992569e+00
4.246098518e+00
4.082510471e+00
4.209204197e+00
4.078819752e+00
4.119526863e+00
3.954853773e+00
3.957523823e+00
3.759229183e+00
3.822882891e+00
3.946933270e+00
3.405299187e+00
3.583831310e+00
3.201455593e+00
3.582568645e+00
3.542752028e+00
3.880437613e+00
3.872063875e+00
3.621005535e+00
3.633614302e+00
3.369437218e+00
3.441079855e+00
3.472882509e+00
3.691066504e+00
3.724757433e+00
3.877128363e+00
3.881871223e+00
3.569825888e+00
3.592890501e+00
3.495658636e+00
3.444868326e+00
3.487584591e+00
3.573442459e+00
3.659035444e+00
3.265586138e+00
4.214355946e+00
3.673080444e+00
3.033466339e+00
2.963783264e+00
3.542141199e+00
3.669423580e+00
3.245637655e+00
3.630838633e+00
3.370471239e+00
3.346965790e+00
3.278449774e+00
3.210532188e+00
3.141202450e+00
3.337659836e+00
4.131888390e+00
3.350524902e+00
3.666473627e+00
3.056340694e+00
3.847243309e+00
3.769208193e+00
4.176594734e+00
3.894395590e+00
3.760158300e+00
3.721224308e+00
3.553567886e+00
3.664128304e+00
3.653031826e+00
3.667660713e+00
