4.623962402e+00
4.327067375e+00
4.539417267e+00
4.760818958e+00
4.389152050e+00
4.427326679e+00
4.518334866e+00
4.590731621e+00
4.522949696e+00
4.464721680e+00
4.763794422e+00
4.644621849e+00
4.778597355e+00
4.811985493e+00
4.374907017e+00
4.427432060e+00
4.591489792e+00
5.123703480e+00
5.176058769e+00
5.245278358e+00
4.923837185e+00
4.953617573e+00
4.932839394e+00
4.950448990e+00
5.458861828e+00
5.534385681e+00
5.486803532e+00
5.346003532e+00
5.583362103e+00
5.311653614e+00
5.142096996e+00
5.165674210e+00
5.205842018e+00
5.208411694e+00
4.730005264e+00
5.062734604e+00
4.994218349e+00
5.004638195e+00
4.581494808e+00
4.806735516e+00
5.214288235e+00
4.645124435e+00
5.030135632e+00
5.309384346e+00
5.621038437e+00
5.717363834e+00
5.779221535e+00
5.283840179e+00
5.244400978e+00
5.238318920e+00
5.232922077e+00
5.136793613e+00
5.042835712e+00
5.017239094e+00
5.057612419e+00
5.146351814e+00
4.836232185e+00
5.158151627e+00
4.670081615e+00
4.255369663e+00
4.573704720e+00
4.870307446e+00
4.874945641e+00
5.234362602e+00
5.128450871e+00
5.066618919e+00
4.741195202e+00
5.288727760e+00
5.223496437e+00
5.314758301e+00
5.023803711e+00
5.206923485e+00
4.890941620e+00
5.305368423e+00
4.816247940e+00
5.130544662e+00
5.513183117e+00
4.525648594e+00
4.363197803e+00
4.336295128e+00
4.796654224e+00
5.201598644e+00
5.230699062e+00
5.212216377e+00
5.444817543e+00
5.340268612e+00
5.394609928e+00
5.361578941e+00
5.329754829e+00
5.325797081e+00
5.474449158e+00
5.531290054e+00
5.227044106e+00
4.886992931e+00
4.961632729e+00
5.188104630e+00
4.413452625e+00
5.071107388e+00
5.261490345e+00
5.269660473e+00
5.353910923e+00
5.813544273e+00
5.776272774e+00
5.663626671e+00
5.576277733e+00
5.475579739e+00
5.456875324e+00
5.435589790e+00
5.386165619e+00
5.302643299e+00
5.334495544e+00
5.419023037e+00
5.468825817e+00
5.516785622e+00
5.537967205e+00
5.519382954e+00
5.376277447e+00
5.217713833e+00
5.106081009e+00
5.176584244e+00
4.889090061e+00
4.511906147e+00
4.885889053e+00
5.171011925e+00
4.683074474e+00
5.054156303e+00
5.134090900e+00
4.248660564e+00
4.544003487e+00
4.378832817e+00
4.227258205e+00
4.132192135e+00
4.612662792e+00
4.752261639e+00
4.830860138e+00
4.853453636e+00
4.837064266e+00
4.886893749e+00
4.962193489e+00
4.492658615e+00
4.460356712e+00
4.858450413e+00
4.950921535e+00
4.934000969e+00
4.884226322e+00
4.796193123e+00
4.863268852e+00
4.788953781e+00
4.657773972e+00
4.602701187e+00
4.607139587e+00
4.732039452e+00
4.827884674e+00
4.370162964e+00
4.644840240e+00
4.501761913e+00
4.467541218e+00
4.499695778e+00
4.462173939e+00
4.395729065e+00
4.375026226e+00
4.468200684e+00
4.628293991e+00
4.623026848e+00
4.648266315e+00
4.637196064e+00
4.625269413e+00
4.575743675e+00
4.531387329e+00
4.637775421e+00
4.739273548e+00
4.362668037e+00
4.529168129e+00
4.523874283e+00
4.178439140e+00
4.736681461e+00
4.856711388e+00
4.862035275e+00
4.855153561e+00
4.880198002e+00
5.290697098e+00
4.680241585e+00
4.554008007e+00
4.497596741e+00
4.412895203e+00
4.265732765e+00
4.638791084e+00
4.667663574e+00
4.709446430e+00
4.798206806e+00
4.963250160e+00
4.604673862e+00
4.158343792e+00
4.642269611e+00
4.632760525e+00
4.648368359e+00
4.589087963e+00
4.558323383e+00
4.479750156e+00
4.535029411e+00
5.141355515e+00
4.983251095e+00
4.222669601e+00
4.382965565e+00
4.854891777e+00
4.765476704e+00
5.058745861e+00
5.240616322e+00
5.102090359e+00
4.993939400e+00
5.035447598e+00
5.037491798e+00
4.742025375e+00
4.803249359e+00
4.859632015e+00
5.028786659e+00
5.173231125e+00
5.399294853e+00
5.081089497e+00
5.069165230e+00
4.514654160e+00
4.364966869e+00
5.045758247e+00
5.080557823e+00
4.768169403e+00
4.715601921e+00
4.667563915e+00
4.486710072e+00
5.123834610e+00
5.065807343e+00
4.977850914e+00
4.924115181e+00
4.829324245e+00
4.740889549e+00
4.720538139e+00
4.719733238e+00
4.683648109e+00
4.618941784e+00
4.577966690e+00
4.122755527e+00
4.165727615e+00
4.295594692e+00
4.326182365e+00
4.448658466e+00
4.871637344e+00
5.633974075e+00
4.862081051e+00
4.741014004e+00
4.590771198e+00
4.416730881e+00
5.003124714e+00
4.852727413e+00
4.735140324e+00
4.593648434e+00
4.461846828e+00
4.476015568e+00
4.579051018e+00
4.638613224e+00
4.674472332e+00
4.684132576e+00
4.607595444e+00
4.525690556e+00
4.494707584e+00
4.512836933e+00
4.571264267e+00
4.617180347e+00
4.577156544e+00
4.464914799e+00
4.379157066e+00
4.491972923e+00
4.854618549e+00
4.606256962e+00
4.737864494e+00
4.808652878e+00
4.177727699e+00
4.057018280e+00
4.002097607e+00
4.391710281e+00
4.321232319e+00
4.309154034e+00
4.711863518e+00
4.844679832e+00
5.020997047e+00
4.288512230e+00
4.667659760e+00
4.688438416e+00
5.127212048e+00
4.594004631e+00
4.621263027e+00
4.714765072e+00
5.253523350e+00
4.814247608e+00
4.696152687e+00
4.597280979e+00
4.364003181e+00
4.257462025e+00
4.549438477e+00
4.457374096e+00
4.316318035e+00
4.346396923e+00
4.541926861e+00
4.132920265e+00
4.255725861e+00
4.484088898e+00
4.608878613e+00
4.739979267e+00
4.664133549e+00
3.888345242e+00
4.011851788e+00
4.593271732e+00
4.446328163e+00
5.028204918e+00
4.781132698e+00
4.831917763e+00
4.853857040e+00
4.784489632e+00
4.796113014e+00
4.738996029e+00
4.818078518e+00
4.543553352e+00
4.626225471e+00
5.073076248e+00
4.945701599e+00
4.814877510e+00
4.751607418e+00
4.998382092e+00
5.025917530e+00
4.632410526e+00
4.529930115e+00
4.513918877e+00
4.799167156e+00
4.671697617e+00
4.775289536e+00
4.978613853e+00
4.515403748e+00
4.056589127e+00
4.173241615e+00
4.287724495e+00
4.641771793e+00
4.657585621e+00
4.700225830e+00
5.171845913e+00
5.118260860e+00
5.012401104e+00
5.198349476e+00
5.144207954e+00
4.591612816e+00
4.492863655e+00
4.487788677e+00
4.863719463e+00
4.893804550e+00
4.929003716e+00
5.073318005e+00
5.011767387e+00
4.550701618e+00
4.708585262e+00
4.743008614e+00
4.430593014e+00
4.465544224e+00
4.162398815e+00
4.480735779e+00
4.395729065e+00
4.605145454e+00
4.470013142e+00
4.391998768e+00
4.352611542e+00
4.513264179e+00
4.708488941e+00
4.917177677e+00
5.085557461e+00
5.177195072e+00
5.066468716e+00
5.294049740e+00
5.228058815e+00
5.307389736e+00
4.936143875e+00
4.809452534e+00
4.787162781e+00
5.208715439e+00
5.237766743e+00
5.405205250e+00
5.396455765e+00
5.471985817e+00
5.059585094e+00
5.088081837e+00
5.157049179e+00
5.232594967e+00
5.212048531e+00
5.094789505e+00
5.083064556e+00
5.485148907e+00
5.429718018e+00
5.358753204e+00
5.159769535e+00
5.274302006e+00
4.777737617e+00
5.100432396e+00
5.015780926e+00
4.477051258e+00
4.371263981e+00
4.730370998e+00
4.670079708e+00
5.103357792e+00
4.551585197e+00
4.413351536e+00
4.424823761e+00
4.403697014e+00
4.787437439e+00
4.751629829e+00
4.771655083e+00
4.722104549e+00
4.622725964e+00
4.664356232e+00
4.657626629e+00
4.873128414e+00
4.776972771e+00
4.131958485e+00
4.305173874e+00
4.665944099e+00
4.568860054e+00
4.796464443e+00
5.274350643e+00
5.211736679e+00
5.228387356e+00
4.849671841e+00
4.959843636e+00
4.862531662e+00
5.276371956e+00
5.313764572e+00
4.669675827e+00
4.567471504e+00
4.649879456e+00
4.816920280e+00
4.498301029e+00
5.001576900e+00
5.063285828e+00
5.208158970e+00
4.957379341e+00
5.419305325e+00
5.352728844e+00
5.588227272e+00
5.494043350e+00
5.347128868e+00
5.301612854e+00
4.757278919e+00
4.662311554e+00
4.673407078e+00
4.838482857e+00
4.358335495e+00
4.225973606e+00
4.140765190e+00
4.220426083e+00
3.713186502e+00
4.131426334e+00
4.334140778e+00
4.579629421e+00
4.182596207e+00
4.462500095e+00
4.969957352e+00
4.527099609e+00
4.634144306e+00
4.719075680e+00
4.368567944e+00
4.485111713e+00
5.061980724e+00
5.881598949e+00
4.798209190e+00
4.755515575e+00
4.624162197e+00
4.486477375e+00
4.351623058e+00
4.804162025e+00
4.355716228e+00
4.839259148e+00
4.692957878e+00
4.983451366e+00
5.022764683e+00
4.991721153e+00
5.315308571e+00
5.351218224e+00
5.490087986e+00
5.159036636e+00
5.122323036e+00
5.519364357e+00
5.487696648e+00
5.630722523e+00
5.631913185e+00
5.584758759e+00
5.436907291e+00
5.390889645e+00
5.286108017e+00
5.318157196e+00
5.548872471e+00
5.196464539e+00
5.160959244e+00
5.160354614e+00
5.771404266e+00
5.013967037e+00
4.995307446e+00
4.911991596e+00
5.110195160e+00
5.375649452e+00
5.255167007e+00
5.227124214e+00
5.152460575e+00
5.059811115e+00
4.958566189e+00
4.947520733e+00
5.025945663e+00
5.016260147e+00
5.006123543e+00
4.970539570e+00
5.009149551e+00
4.933270454e+00
4.474728107e+00
4.615921974e+00
4.287599087e+00
4.479416847e+00
5.051388264e+00
5.109662533e+00
5.373334885e+00
5.241876125e+00
5.186530113e+00
5.167309284e+00
4.768531799e+00
4.684176922e+00
4.583462238e+00
4.534970284e+00
4.553833485e+00
4.566365242e+00
4.517168522e+00
4.562455177e+00
4.653639317e+00
4.657380104e+00
4.678738594e+00
4.716916084e+00
4.735729694e+00
4.328025818e+00
4.366660118e+00
4.951538563e+00
4.599660397e+00
5.056024075e+00
5.204653740e+00
5.334266186e+00
5.442295074e+00
5.531486511e+00
5.584697723e+00
5.504787445e+00
5.280613422e+00
5.156164169e+00
5.411886692e+00
5.311748028e+00
5.122973919e+00
5.025842667e+00
4.853743553e+00
4.705468655e+00
4.656346798e+00
4.581676006e+00
4.490974903e+00
4.424476147e+00
4.410910606e+00
4.424097061e+00
4.394744873e+00
4.409016132e+00
4.440411568e+00
4.146966934e+00
4.268006325e+00
4.525092125e+00
4.240167618e+00
4.773222446e+00
4.215986252e+00
4.589970589e+00
4.639877796e+00
5.053905964e+00
5.050149918e+00
5.027680397e+00
4.616502762e+00
4.622756481e+00
4.598649025e+00
5.062858582e+00
5.159538269e+00
5.281992912e+00
5.232441902e+00
5.106456757e+00
4.931781292e+00
4.907925129e+00
4.730851650e+00
4.604019642e+00
4.624696732e+00
4.559336185e+00
4.560494423e+00
4.619956017e+00
4.335210323e+00
3.931994915e+00
4.259535313e+00
4.231846809e+00
4.569574833e+00
4.623536587e+00
4.802804947e+00
5.164683342e+00
5.247546196e+00
4.971069336e+00
4.893074036e+00
4.749941826e+00
4.377797604e+00
4.560441494e+00
5.314421177e+00
4.628535748e+00
4.197959423e+00
4.470272541e+00
4.300209045e+00
5.467161179e+00
5.408655643e+00
5.042633057e+00
5.017365932e+00
4.461219788e+00
4.778698921e+00
4.716060638e+00
4.639499664e+00
4.554189682e+00
4.982186794e+00
4.900014400e+00
4.886043549e+00
4.938342571e+00
5.062334538e+00
5.083262920e+00
5.026071072e+00
5.077261925e+00
4.780982018e+00
4.576810360e+00
4.643881321e+00
5.458006859e+00
5.393628120e+00
5.301131248e+00
5.189849854e+00
5.121562481e+00
5.071633816e+00
5.061773300e+00
5.066921711e+00
4.973644257e+00
4.897917271e+00
4.966305733e+00
5.046520233e+00
5.151470661e+00
5.112913132e+00
4.965694904e+00
4.900458813e+00
4.982462406e+00
5.095969677e+00
5.255491734e+00
5.268077374e+00
5.366500378e+00
5.525722027e+00
5.553661346e+00
5.608605862e+00
4.719812870e+00
4.839060307e+00
5.274631500e+00
4.735593319e+00
4.657593727e+00
5.034723759e+00
4.974254131e+00
4.920216084e+00
4.799224854e+00
5.080611229e+00
5.202514172e+00
4.864733696e+00
4.504563332e+00
4.547001839e+00
4.410354614e+00
4.753301144e+00
4.739607334e+00
4.285889149e+00
4.267302036e+00
4.150549412e+00
4.578995705e+00
4.454534054e+00
4.765305996e+00
4.740843296e+00
4.734004498e+00
4.694593906e+00
4.818103790e+00
4.941240788e+00
4.910273552e+00
4.898046494e+00
4.870735168e+00
4.949384212e+00
5.026777744e+00
4.970616817e+00
4.852051735e+00
4.742509842e+00
4.732196808e+00
4.771310806e+00
4.585058689e+00
4.742434978e+00
4.837812424e+00
4.860221386e+00
4.910882950e+00
4.817332268e+00
5.142074108e+00
5.216664314e+00
5.209552765e+00
5.339818478e+00
5.337150097e+00
4.878272057e+00
4.795156956e+00
4.633137226e+00
4.598018169e+00
4.553965569e+00
5.192757130e+00
5.131732941e+00
4.755748749e+00
4.850535870e+00
4.825317860e+00
4.633563519e+00
4.561321259e+00
4.609384537e+00
4.498932362e+00
4.492251396e+00
4.515223980e+00
4.592315674e+00
4.748586178e+00
4.986359119e+00
4.783390045e+00
4.682450294e+00
4.619411469e+00
4.455748558e+00
4.742462635e+00
4.539521694e+00
4.436662197e+00
4.336901188e+00
4.699571133e+00
4.687059402e+00
4.683000565e+00
4.789946079e+00
4.895319462e+00
5.206095219e+00
5.429892540e+00
5.160656452e+00
5.407929897e+00
4.965295315e+00
5.355828285e+00
5.439321041e+00
4.914760113e+00
5.212749004e+00
5.270047188e+00
5.296874046e+00
5.310971260e+00
5.387048721e+00
5.411691189e+00
5.343753815e+00
5.187433243e+00
5.069088459e+00
5.006425381e+00
5.346498489e+00
4.917111397e+00
5.228455544e+00
5.337242603e+00
5.382180691e+00
5.012252331e+00
5.112031460e+00
5.140902996e+00
4.608656406e+00
4.914260387e+00
4.895221710e+00
5.302452564e+00
5.448203087e+00
5.562536240e+00
5.087986469e+00
5.139448643e+00
4.915908813e+00
4.826482773e+00
4.722865105e+00
4.741424561e+00
4.772318363e+00
5.006000042e+00
5.427247047e+00
5.345949173e+00
5.251865864e+00
5.299626827e+00
5.473093510e+00
5.503274918e+00
5.476724625e+00
5.506757259e+00
5.424094677e+00
5.221124172e+00
5.078549862e+00
5.196988583e+00
5.290645599e+00
4.875151157e+00
4.363176346e+00
4.286617279e+00
4.211244106e+00
4.687714577e+00
4.713662624e+00
4.651026726e+00
5.154498100e+00
4.647726536e+00
4.445486546e+00
4.249347687e+00
4.561807156e+00
4.482953548e+00
4.479173183e+00
4.673289299e+00
4.774030209e+00
4.481386662e+00
4.974498749e+00
5.051184654e+00
5.143103123e+00
4.761093140e+00
4.889621258e+00
5.117752552e+00
5.191442490e+00
5.450398445e+00
5.279325008e+00
5.117051125e+00
5.003498077e+00
4.921768665e+00
4.949486732e+00
4.688397408e+00
4.764079094e+00
4.697952271e+00
4.427408695e+00
4.765083790e+00
4.654425621e+00
5.096577644e+00
4.993515968e+00
4.836717606e+00
5.300709724e+00
4.977381229e+00
4.985423088e+00
4.932372093e+00
5.293267250e+00
5.267165661e+00
5.165161133e+00
5.130967617e+00
4.984988689e+00
4.909462929e+00
4.867832661e+00
5.031793118e+00
5.154472828e+00
4.849194527e+00
4.360424519e+00
5.120384693e+00
5.311326027e+00
5.492582321e+00
4.714192867e+00
4.721933842e+00
4.688419819e+00
5.451506615e+00
5.311074257e+00
4.766785145e+00
4.689576626e+00
5.168593884e+00
5.298232079e+00
5.352145672e+00
4.904700756e+00
4.999843121e+00
4.991298676e+00
4.511776447e+00
4.453879356e+00
5.132884979e+00
5.052295208e+00
4.962496281e+00
4.891737461e+00
5.026798248e+00
5.464459419e+00
5.402678490e+00
4.502647877e+00
4.550410271e+00
4.074265480e+00
4.039418697e+00
4.024717331e+00
4.571187019e+00
4.942524433e+00
4.964311600e+00
5.080740452e+00
4.998885632e+00
4.985825539e+00
4.887529850e+00
4.838129044e+00
4.760087490e+00
4.716412544e+00
4.915092468e+00
4.520448685e+00
4.547710419e+00
4.574465275e+00
5.036229610e+00
5.318379402e+00
5.340926647e+00
5.404571533e+00
5.417809010e+00
4.816343784e+00
4.673038006e+00
4.558073521e+00
4.435770988e+00
4.388593674e+00
4.471658707e+00
4.853290081e+00
4.668531418e+00
4.349107742e+00
4.330221176e+00
4.411747456e+00
4.895596504e+00
5.252040863e+00
5.392982960e+00
5.030386448e+00
4.679845810e+00
5.270121574e+00
4.917268276e+00
5.329255581e+00
5.596931934e+00
5.880518436e+00
5.847256660e+00
5.704807281e+00
5.073325157e+00
4.554596901e+00
4.599835873e+00
4.697125912e+00
4.841988087e+00
4.424527645e+00
4.374722481e+00
4.263113499e+00
4.065421104e+00
4.487468719e+00
5.104717731e+00
4.881788254e+00
4.564209461e+00
5.140156746e+00
5.124245644e+00
5.040024757e+00
5.069352627e+00
4.889448643e+00
4.942176342e+00
4.947219372e+00
4.953026295e+00
4.950630188e+00
4.962782860e+00
4.821844578e+00
4.763064861e+00
4.692207813e+00
5.040447712e+00
5.206724644e+00
5.279297352e+00
5.650971889e+00
5.491902351e+00
4.916351795e+00
4.934026241e+00
4.886363983e+00
4.426747322e+00
4.445179462e+00
4.553513527e+00
5.074798107e+00
5.251813889e+00
4.743494987e+00
4.762835979e+00
4.768989086e+00
5.560972691e+00
5.681805611e+00
5.819674015e+00
5.436046124e+00
5.752238750e+00
5.601493835e+00
5.510937214e+00
5.347202301e+00
5.287919998e+00
5.246059895e+00
5.342511177e+00
5.366545200e+00
5.575898647e+00
5.770850182e+00
5.529725075e+00
5.218247414e+00
5.132909298e+00
5.475152493e+00
5.541878700e+00
5.877591133e+00
5.447391510e+00
5.554867268e+00
4.714869976e+00
4.665802479e+00
5.060874939e+00
5.049218655e+00
5.417258739e+00
5.116023540e+00
5.667663574e+00
5.217469692e+00
5.276200294e+00
5.363679409e+00
5.676867008e+00
5.465793133e+00
4.190920830e+00
4.746095181e+00
5.054701805e+00
5.637729168e+00
5.336889267e+00
5.825873375e+00
5.507539272e+00
5.276301861e+00
5.184029579e+00
5.042236805e+00
5.053257465e+00
5.150216103e+00
5.384099483e+00
5.238373280e+00
5.215374947e+00
5.439172745e+00
5.304818153e+00
5.218073845e+00
5.227354527e+00
5.433729172e+00
5.178229809e+00
5.240289211e+00
5.429264545e+00
4.999150276e+00
4.979630947e+00
5.253781796e+00
5.226872921e+00
5.445001125e+00
5.234110355e+00
5.262480736e+00
5.369645119e+00
5.473337173e+00
5.534242153e+00
