1.420312214e+01
1.311133671e+01
1.241452694e+01
1.226138592e+01
1.192817020e+01
1.240133667e+01
1.250998497e+01
1.271428299e+01
1.334363937e+01
1.409561634e+01
1.560060310e+01
1.533250999e+01
1.514882660e+01
1.504389286e+01
1.487942600e+01
1.442069340e+01
1.407696152e+01
1.431404781e+01
1.488045979e+01
1.459569168e+01
1.434922504e+01
1.450809193e+01
1.486003399e+01
1.567897034e+01
1.464076996e+01
1.391693878e+01
1.414420891e+01
1.451874256e+01
1.411998177e+01
1.375524235e+01
1.501556873e+01
1.515117836e+01
1.434479332e+01
1.364871025e+01
1.370416546e+01
1.276283646e+01
1.402083206e+01
1.423436546e+01
1.369393635e+01
1.257458305e+01
1.333218193e+01
1.330719185e+01
1.334572315e+01
1.327575302e+01
1.362113190e+01
1.378193092e+01
1.378020000e+01
1.283733463e+01
1.416029072e+01
1.413954735e+01
1.464403534e+01
1.517177391e+01
1.513720226e+01
1.497917366e+01
1.410711193e+01
1.436587811e+01
1.491527176e+01
1.437153244e+01
1.498626041e+01
1.371042824e+01
1.315423012e+01
1.328124714e+01
1.296129608e+01
1.361271954e+01
1.446408844e+01
1.390237904e+01
1.447617626e+01
1.391557693e+01
1.525047588e+01
1.554573727e+01
1.358376694e+01
1.377836227e+01
1.409620190e+01
1.483511639e+01
1.526084328e+01
1.514330769e+01
1.534846878e+01
1.610129547e+01
1.551653957e+01
1.447528744e+01
1.485325050e+01
1.493813705e+01
1.571068668e+01
1.578590870e+01
1.466732979e+01
1.484931946e+01
1.410203075e+01
1.430506420e+01
1.548228836e+01
1.538239479e+01
1.549009895e+01
1.588237572e+01
1.386536694e+01
1.441654778e+01
1.482055664e+01
1.505015278e+01
1.470459747e+01
1.339159584e+01
1.409361744e+01
1.405258942e+01
1.340470505e+01
1.417473125e+01
1.498897743e+01
1.444312000e+01
1.438199806e+01
1.347218895e+01
1.330470467e+01
1.354327488e+01
1.411190891e+01
1.396770000e+01
1.361562920e+01
1.467616844e+01
1.319487190e+01
1.384148693e+01
1.551173210e+01
1.687657547e+01
1.520247555e+01
1.499777794e+01
1.458977509e+01
1.476332664e+01
1.442641735e+01
1.414573097e+01
1.476327705e+01
1.522853756e+01
1.597822857e+01
1.528469563e+01
1.473387337e+01
1.506228542e+01
1.535374832e+01
1.435384655e+01
1.433934975e+01
1.549775219e+01
1.577453899e+01
1.431025219e+01
1.396099854e+01
1.366217613e+01
1.402689362e+01
1.426200962e+01
1.575632954e+01
1.461558151e+01
1.502626038e+01
1.491117954e+01
1.439363861e+01
1.447308445e+01
1.410726261e+01
1.378284836e+01
1.382143021e+01
1.448289680e+01
1.542347908e+01
1.492856979e+01
1.432845592e+01
1.492463017e+01
1.439959621e+01
1.417090130e+01
1.502810097e+01
1.525838470e+01
1.671743202e+01
1.590784168e+01
1.633803749e+01
1.573400593e+01
1.614475441e+01
1.533023071e+01
1.426337719e+01
1.439396954e+01
1.471652794e+01
1.560383701e+01
1.536356449e+01
1.512170887e+01
1.524472618e+01
1.548157883e+01
1.561514950e+01
1.602338791e+01
1.562500954e+01
1.628568459e+01
1.589013290e+01
1.593399811e+01
1.643166161e+01
1.607694244e+01
1.467289639e+01
1.442682362e+01
1.437610054e+01
1.461742878e+01
1.628344727e+01
1.786096382e+01
1.741265106e+01
1.785476685e+01
1.677735329e+01
1.585481739e+01
1.700986290e+01
1.618528748e+01
1.637867165e+01
1.608815193e+01
1.624058723e+01
1.603089333e+01
1.656214142e+01
1.715857315e+01
1.653084373e+01
1.731375694e+01
1.635567093e+01
1.648653984e+01
1.614318466e+01
1.563467407e+01
1.485586071e+01
1.546895790e+01
1.611080933e+01
1.567376614e+01
1.547052193e+01
1.593555832e+01
1.583211231e+01
1.636961365e+01
1.594793987e+01
1.558187580e+01
1.641752815e+01
1.628794861e+01
1.507477760e+01
1.472886848e+01
1.582619572e+01
1.546405315e+01
1.426917076e+01
1.383803844e+01
1.448438168e+01
1.525681496e+01
1.548980904e+01
1.606904984e+01
1.581780815e+01
1.490326786e+01
1.461485672e+01
1.544821358e+01
1.427889538e+01
1.472640991e+01
1.437643147e+01
1.445918369e+01
1.542976189e+01
1.531229496e+01
1.530962181e+01
1.496234131e+01
1.512768841e+01
1.578737450e+01
1.562511635e+01
1.603276062e+01
1.620083046e+01
1.567747974e+01
1.534222412e+01
1.614933395e+01
1.534189320e+01
1.468897533e+01
1.540842152e+01
1.444195366e+01
1.423085117e+01
1.414105988e+01
1.505603218e+01
1.474029160e+01
1.544556332e+01
1.524384689e+01
1.462276840e+01
1.468338966e+01
1.488315487e+01
1.473420525e+01
1.329413605e+01
1.577874374e+01
1.708798409e+01
1.663562965e+01
1.538263130e+01
1.468956184e+01
1.521068096e+01
1.436562538e+01
1.378486824e+01
1.462840462e+01
1.616195488e+01
1.611872673e+01
1.618056297e+01
1.572887421e+01
1.592206383e+01
1.570985126e+01
1.564188290e+01
1.546818256e+01
1.471181202e+01
1.450510311e+01
1.610431862e+01
1.628100395e+01
1.498023319e+01
1.556010723e+01
1.559099865e+01
1.533714294e+01
1.584137917e+01
1.561266613e+01
1.573485374e+01
1.636926270e+01
1.599839878e+01
1.640400887e+01
1.590565395e+01
1.510392475e+01
1.437337971e+01
1.395080185e+01
1.483533382e+01
1.460616016e+01
1.429481697e+01
1.465544605e+01
1.410808563e+01
1.377669525e+01
1.374472046e+01
1.324153996e+01
1.377695084e+01
1.393375492e+01
1.408471012e+01
1.522405529e+01
1.500981236e+01
1.463109970e+01
1.523887920e+01
1.521732521e+01
1.484019756e+01
1.478446865e+01
1.417236328e+01
1.380798340e+01
1.602598190e+01
1.584363365e+01
1.442181206e+01
1.487314034e+01
1.592316151e+01
1.566319752e+01
1.493494320e+01
1.430405903e+01
1.502639866e+01
1.465897942e+01
1.558078194e+01
1.429203033e+01
1.449692059e+01
1.346155357e+01
1.345554924e+01
1.313352299e+01
1.423568916e+01
1.482311344e+01
1.504848576e+01
1.557547760e+01
1.508725643e+01
1.482879353e+01
1.583539104e+01
1.574764538e+01
1.480992508e+01
1.528310966e+01
1.563197899e+01
1.527055836e+01
1.554382706e+01
1.554444790e+01
1.577752113e+01
1.451734638e+01
1.511484718e+01
1.550776672e+01
1.510030651e+01
1.414526844e+01
1.461398315e+01
1.411854172e+01
1.379586601e+01
1.414939117e+01
1.492423248e+01
1.471255302e+01
1.663693619e+01
1.540327454e+01
1.497365189e+01
1.510567760e+01
1.494539261e+01
1.533801270e+01
1.512342358e+01
1.559215546e+01
1.479862404e+01
1.556813240e+01
1.594355869e+01
1.587691307e+01
1.557420349e+01
1.555669689e+01
1.587830925e+01
1.365755463e+01
1.321602249e+01
1.274189949e+01
1.229333878e+01
1.321463776e+01
1.438696861e+01
1.568169975e+01
1.602019882e+01
1.567029858e+01
1.516894341e+01
1.460715866e+01
1.475094604e+01
1.597781277e+01
1.403273773e+01
1.454804134e+01
1.495979786e+01
1.521022701e+01
1.585778046e+01
1.514724731e+01
1.426171684e+01
1.402953529e+01
1.364289093e+01
1.374951458e+01
1.387834740e+01
1.361712265e+01
1.403729916e+01
1.470905685e+01
1.400951576e+01
1.517566109e+01
1.503504467e+01
1.586122227e+01
1.495909500e+01
1.483941936e+01
1.450123215e+01
1.448886681e+01
1.382960606e+01
1.422709370e+01
1.413943005e+01
1.433654785e+01
1.477840710e+01
1.524738979e+01
1.541151714e+01
1.616726303e+01
1.575770092e+01
1.547804832e+01
1.592352962e+01
1.726632500e+01
1.687385178e+01
1.556352806e+01
1.596739101e+01
1.503905106e+01
1.502557659e+01
1.457871437e+01
1.502219391e+01
1.579163265e+01
1.411563778e+01
1.471662521e+01
1.489117050e+01
1.506272984e+01
1.486453152e+01
1.451792908e+01
1.595773315e+01
1.603920555e+01
1.561182117e+01
1.470220184e+01
1.386895084e+01
1.331582546e+01
1.435893345e+01
1.530030441e+01
1.473133945e+01
1.401417160e+01
1.365597248e+01
1.318302345e+01
1.372806740e+01
1.419892025e+01
1.362716866e+01
1.402057076e+01
1.461092281e+01
1.481080437e+01
1.619538307e+01
1.616588211e+01
1.647519875e+01
1.625171852e+01
1.608907509e+01
1.615575600e+01
1.583494949e+01
1.554596424e+01
1.587383366e+01
1.623544693e+01
1.525050735e+01
1.611515236e+01
1.634437752e+01
1.598780155e+01
1.609748840e+01
1.646440315e+01
1.531531811e+01
1.522508621e+01
1.514125252e+01
1.624677467e+01
1.577256584e+01
1.499577904e+01
1.574101639e+01
1.450525475e+01
1.489435101e+01
1.537345505e+01
1.567766857e+01
1.648873520e+01
1.563591290e+01
1.532780075e+01
1.626076508e+01
1.650793648e+01
1.569660664e+01
1.644754219e+01
1.647511482e+01
1.586431789e+01
1.618431282e+01
1.633906937e+01
1.638896942e+01
1.626778793e+01
1.683180618e+01
1.748091125e+01
1.676636887e+01
1.723100853e+01
1.727061462e+01
1.799365425e+01
1.731650352e+01
1.753900719e+01
1.758124542e+01
1.625325966e+01
1.662306213e+01
1.730031013e+01
1.769309425e+01
1.692980576e+01
1.678712273e+01
1.616793251e+01
1.678977585e+01
1.702968979e+01
1.664697647e+01
1.538191223e+01
1.589031887e+01
1.504002857e+01
1.576474857e+01
1.574640656e+01
1.583077240e+01
1.661726761e+01
1.685496140e+01
1.563615227e+01
1.558388424e+01
1.492428017e+01
1.547028542e+01
1.500757790e+01
1.631627274e+01
1.692115021e+01
1.514795685e+01
1.573848248e+01
1.622987938e+01
1.605589294e+01
1.549458504e+01
1.535980701e+01
1.532568169e+01
1.549147987e+01
1.622989655e+01
1.548715878e+01
1.609138870e+01
1.596425152e+01
1.518707085e+01
1.490772533e+01
1.558747387e+01
1.649993706e+01
1.722279358e+01
1.620365524e+01
1.621661568e+01
1.593568707e+01
1.577311802e+01
1.550811386e+01
1.529835320e+01
1.473457050e+01
1.474014378e+01
1.414907265e+01
1.379971504e+01
1.512045193e+01
1.522873306e+01
1.485572815e+01
1.512160206e+01
1.520726967e+01
1.497465038e+01
1.510901546e+01
1.473216820e+01
1.507429790e+01
1.477409744e+01
1.520150757e+01
1.505561543e+01
1.501284122e+01
1.572503853e+01
1.423361492e+01
1.524686337e+01
1.532622719e+01
1.510926437e+01
1.485247803e+01
1.510166168e+01
1.542597866e+01
1.478693962e+01
1.574127769e+01
1.594578648e+01
1.559834576e+01
1.509378147e+01
1.508820248e+01
1.571834946e+01
1.573919773e+01
1.543228912e+01
1.510536194e+01
1.522798538e+01
1.431611252e+01
1.433137798e+01
1.446450138e+01
1.402878475e+01
1.356898403e+01
1.514634323e+01
1.509832668e+01
1.470659828e+01
1.536873055e+01
1.493941307e+01
1.513366222e+01
1.495310879e+01
1.515193748e+01
1.495348454e+01
1.500564861e+01
1.459305382e+01
1.509013176e+01
1.499743080e+01
1.451289177e+01
1.530552483e+01
1.519376945e+01
1.724350739e+01
1.654794121e+01
1.446353054e+01
1.459622097e+01
1.438090706e+01
1.460762596e+01
1.590239143e+01
1.491675282e+01
1.611117172e+01
1.459375954e+01
1.526159668e+01
1.584758568e+01
1.539933777e+01
1.563689613e+01
1.528950214e+01
1.489718151e+01
1.500806332e+01
1.535920143e+01
1.453453445e+01
1.462750912e+01
1.490847492e+01
1.431478500e+01
1.460084534e+01
1.418518353e+01
1.424178886e+01
1.566509151e+01
1.523985291e+01
1.531658554e+01
1.612627029e+01
1.560951996e+01
1.516219139e+01
1.459138298e+01
1.472672176e+01
1.605669975e+01
1.588794899e+01
1.555410290e+01
1.442153454e+01
1.427272701e+01
1.399836063e+01
1.352784920e+01
1.406639004e+01
1.381906223e+01
1.476083088e+01
1.438288975e+01
1.372344303e+01
1.324554253e+01
1.274132347e+01
1.310244751e+01
1.200215530e+01
1.173282528e+01
1.262680340e+01
1.219264507e+01
1.327067757e+01
1.345020962e+01
1.298525238e+01
1.275382137e+01
1.284056759e+01
1.309587574e+01
1.422723866e+01
1.364136219e+01
1.376384735e+01
1.305886841e+01
1.139189339e+01
1.291261768e+01
1.315260029e+01
1.234469032e+01
1.393324757e+01
1.374220753e+01
1.504045105e+01
1.555086899e+01
1.545463181e+01
1.429514790e+01
1.597692299e+01
1.483296394e+01
1.479937458e+01
1.433028412e+01
1.462608719e+01
1.429319668e+01
1.345372677e+01
1.372379017e+01
1.309904671e+01
1.475903416e+01
1.498701000e+01
1.438966084e+01
1.471271324e+01
1.530743122e+01
1.604940033e+01
1.466752815e+01
1.394757748e+01
1.542993832e+01
1.539432240e+01
1.630839920e+01
1.689117432e+01
1.575211525e+01
1.596092319e+01
1.712897873e+01
1.691360664e+01
1.655037308e+01
1.601898766e+01
1.588045311e+01
1.561883736e+01
1.538425732e+01
1.539521790e+01
1.454393101e+01
1.397711849e+01
1.519946194e+01
1.594011021e+01
1.517576504e+01
1.544695950e+01
1.613462067e+01
1.589251328e+01
1.504535294e+01
1.472822571e+01
1.578687668e+01
1.637499046e+01
1.569956589e+01
1.446013260e+01
1.529783630e+01
1.471454811e+01
1.579099941e+01
1.618717575e+01
1.597143269e+01
1.625297546e+01
1.582296848e+01
1.555221748e+01
1.557516193e+01
1.543378639e+01
1.548358727e+01
1.509999752e+01
1.639339256e+01
1.684967041e+01
1.706950378e+01
1.645833588e+01
1.496001911e+01
1.552031231e+01
1.625322723e+01
1.617952156e+01
1.542961311e+01
1.546802521e+01
1.542917538e+01
1.533721924e+01
1.571567631e+01
1.558777332e+01
1.507530689e+01
1.514112949e+01
1.502869987e+01
1.426902294e+01
1.555656147e+01
1.539371681e+01
1.673062325e+01
1.716272736e+01
1.673532104e+01
1.699784470e+01
1.581075096e+01
1.640218735e+01
1.572515488e+01
1.550600815e+01
1.489300156e+01
1.518472290e+01
1.457101345e+01
1.411106110e+01
1.440454197e+01
1.525139332e+01
1.551312542e+01
1.604255295e+01
1.656481934e+01
1.682457924e+01
1.582898235e+01
1.586726761e+01
1.546229458e+01
1.631547165e+01
1.602896118e+01
1.649529076e+01
1.584919643e+01
1.568248844e+01
1.484974194e+01
1.430253315e+01
1.502775764e+01
1.504557037e+01
1.609699440e+01
1.570171642e+01
1.608868408e+01
1.673212433e+01
1.571048832e+01
1.547646046e+01
1.528793907e+01
1.578509235e+01
1.575211811e+01
1.368492508e+01
1.396590042e+01
1.418510151e+01
1.555064201e+01
1.484363365e+01
1.483868122e+01
1.477481651e+01
1.558090496e+01
1.457486248e+01
1.451752281e+01
1.481904984e+01
1.489932823e+01
1.558932114e+01
1.400563240e+01
1.410481358e+01
1.426440525e+01
1.551798248e+01
1.656045341e+01
1.737707138e+01
1.777729416e+01
1.677479744e+01
1.475978088e+01
1.539248180e+01
1.568452168e+01
1.655447197e+01
1.566773319e+01
1.572459984e+01
1.582926559e+01
1.578582096e+01
1.604224205e+01
1.554530239e+01
1.506545353e+01
1.420893478e+01
1.402526760e+01
1.385679340e+01
1.439438820e+01
1.544033718e+01
1.521434307e+01
1.412699509e+01
1.402705765e+01
1.526223660e+01
1.394875908e+01
1.459994984e+01
1.523023319e+01
1.405011559e+01
1.466172218e+01
1.575736618e+01
1.653244781e+01
1.540441227e+01
1.456561089e+01
1.462879181e+01
1.698761940e+01
1.665424538e+01
1.572112942e+01
1.523170185e+01
1.573670483e+01
1.614835358e+01
1.650654984e+01
1.635626793e+01
1.611858559e+01
1.587660408e+01
1.694705963e+01
1.776800156e+01
1.636269760e+01
1.569956970e+01
1.564206219e+01
1.491323853e+01
1.509623051e+01
1.477156639e+01
1.478333950e+01
1.558391190e+01
1.480271626e+01
1.466670513e+01
1.455035496e+01
1.568140984e+01
1.558225155e+01
1.496591949e+01
1.514407349e+01
1.492964458e+01
1.637520409e+01
1.549645042e+01
1.654830933e+01
1.643572617e+01
1.485498142e+01
1.508002567e+01
1.607655907e+01
1.709851837e+01
1.682161903e+01
1.684357262e+01
1.698712730e+01
1.606282425e+01
1.527854252e+01
1.596031475e+01
1.612842369e+01
1.668535042e+01
1.590004635e+01
1.596033096e+01
1.535192013e+01
1.599966621e+01
1.574392319e+01
1.553971386e+01
1.513014412e+01
1.535246277e+01
1.441229248e+01
1.385342693e+01
1.398943996e+01
1.470382118e+01
1.533588886e+01
1.531754684e+01
1.527368450e+01
1.506033421e+01
1.504229832e+01
1.474575138e+01
1.408311462e+01
1.446681499e+01
1.447401714e+01
1.555573845e+01
1.459721088e+01
1.608336639e+01
1.606988525e+01
1.682264900e+01
1.611075211e+01
1.597764206e+01
1.482880592e+01
1.452462101e+01
1.483494949e+01
1.483877945e+01
1.479272079e+01
1.464379311e+01
1.451188374e+01
1.497472000e+01
1.571805954e+01
1.540394592e+01
1.614982605e+01
1.479973698e+01
1.349365520e+01
1.442494202e+01
1.598608971e+01
1.378785992e+01
1.437474823e+01
1.432573891e+01
1.361911774e+01
1.343221664e+01
1.420843029e+01
1.421797180e+01
1.419405937e+01
1.497036743e+01
1.562295151e+01
1.452091408e+01
1.496915627e+01
1.434777832e+01
1.340767193e+01
1.380174828e+01
1.383296680e+01
1.557919312e+01
1.344810963e+01
1.311456585e+01
1.255887699e+01
1.417059231e+01
1.556197643e+01
1.546664143e+01
1.475428963e+01
1.464946365e+01
1.543567848e+01
1.533626366e+01
1.487950706e+01
1.434944630e+01
1.436490345e+01
1.571177101e+01
1.622095108e+01
1.600756454e+01
1.498860168e+01
1.539170647e+01
1.456630421e+01
1.420688820e+01
1.470258617e+01
1.411658096e+01
1.435107231e+01
1.460420227e+01
1.412107277e+01
1.450740719e+01
1.428357315e+01
1.444385815e+01
1.433725357e+01
1.289476585e+01
1.320555592e+01
1.354216290e+01
1.389989567e+01
1.542729950e+01
1.589797878e+01
1.671640778e+01
1.458934689e+01
1.480231571e+01
1.520877075e+01
1.677016640e+01
1.580027294e+01
1.644185066e+01
1.586590576e+01
1.645108795e+01
1.682471848e+01
1.743506432e+01
1.787537766e+01
1.766013718e+01
1.715373421e+01
1.720197678e+01
1.725466919e+01
1.698648643e+01
1.568673992e+01
1.547426033e+01
1.498547554e+01
1.610890198e+01
1.639137459e+01
1.495229912e+01
1.471594810e+01
1.477612114e+01
1.557955265e+01
1.632216072e+01
1.654121780e+01
1.629873085e+01
1.610042381e+01
1.637810135e+01
1.596859264e+01
1.639125252e+01
1.608852768e+01
1.554698849e+01
1.601657104e+01
1.676256180e+01
1.613702583e+01
1.589274025e+01
1.523399353e+01
1.486859512e+01
1.497372437e+01
