1.318403482e+00
1.304509044e+00
1.369596362e+00
1.453974366e+00
1.479494452e+00
1.501811504e+00
1.523750901e+00
1.538832545e+00
1.591584444e+00
1.654856563e+00
1.623536825e+00
1.595293164e+00
1.578145266e+00
1.528945565e+00
1.529071450e+00
1.541983366e+00
1.506047726e+00
1.614281178e+00
1.693111897e+00
1.645551920e+00
1.597259521e+00
1.635011196e+00
1.858713269e+00
1.883932352e+00
1.565587401e+00
1.703198075e+00
1.662346959e+00
2.051677942e+00
1.598170161e+00
1.537368178e+00
1.778317094e+00
1.698328376e+00
1.710659266e+00
1.725159764e+00
1.691291094e+00
1.652057648e+00
1.611582875e+00
1.572395086e+00
1.546698332e+00
1.604671955e+00
1.688921452e+00
1.688266158e+00
1.724427700e+00
1.793825507e+00
1.804036140e+00
1.829332471e+00
1.828297734e+00
1.785377145e+00
1.750906467e+00
1.693715572e+00
1.598648310e+00
1.546496511e+00
1.558676243e+00
1.620687842e+00
1.648881316e+00
1.635793686e+00
1.573279500e+00
1.547077537e+00
1.497827411e+00
1.499416113e+00
1.528867960e+00
1.639852524e+00
1.802274942e+00
1.349269867e+00
1.311899304e+00
1.674776793e+00
1.710079670e+00
1.705414057e+00
1.701606989e+00
1.755825043e+00
1.816120505e+00
1.423383951e+00
1.819399595e+00
1.777638197e+00
1.698354721e+00
1.645323873e+00
1.700726390e+00
1.860348463e+00
1.815210700e+00
1.404344678e+00
1.742105961e+00
1.638844252e+00
1.603868961e+00
1.541554332e+00
1.535780907e+00
1.548894763e+00
1.530939341e+00
1.479316950e+00
1.538857818e+00
1.616527081e+00
1.687034011e+00
1.775316954e+00
1.908290505e+00
1.501457453e+00
1.535173535e+00
1.806537867e+00
1.744803786e+00
1.792063832e+00
1.357869267e+00
1.407649755e+00
1.919765234e+00
1.929425120e+00
1.470969081e+00
1.371839881e+00
1.298960924e+00
1.727304101e+00
1.809967399e+00
1.826206326e+00
1.850315452e+00
1.852887988e+00
1.878459334e+00
1.906450391e+00
1.889100671e+00
1.933458686e+00
1.894899964e+00
1.775619149e+00
1.643533826e+00
1.656116962e+00
1.719281793e+00
1.808480382e+00
1.848275185e+00
1.908697844e+00
1.902014494e+00
1.818492889e+00
1.694901109e+00
1.587223411e+00
1.522439599e+00
1.463782787e+00
1.422123671e+00
1.388155460e+00
1.421972275e+00
1.516437054e+00
1.713911176e+00
1.773852825e+00
1.405605197e+00
1.726545572e+00
1.573075056e+00
1.500323534e+00
1.572951674e+00
1.694548845e+00
1.723244071e+00
1.640506983e+00
1.533989310e+00
1.511090994e+00
1.541983008e+00
1.588558793e+00
1.650746226e+00
1.640028477e+00
1.616701245e+00
1.629865646e+00
1.690259933e+00
1.684863448e+00
1.701883674e+00
1.762305975e+00
1.368788838e+00
1.424494505e+00
1.860654235e+00
1.893714309e+00
1.893184781e+00
1.878558993e+00
1.866379738e+00
1.863956928e+00
1.861586809e+00
1.822753072e+00
1.707809329e+00
1.643257022e+00
1.613475204e+00
1.566721797e+00
1.532854438e+00
1.636296034e+00
1.785228610e+00
1.551061153e+00
2.051655769e+00
1.990603924e+00
1.942967296e+00
1.969344378e+00
2.120853186e+00
2.059017420e+00
1.664210677e+00
2.132153749e+00
2.053850651e+00
1.962711334e+00
1.913510919e+00
1.833444953e+00
1.781321168e+00
1.831754923e+00
1.831858158e+00
1.768205643e+00
1.750805616e+00
1.834224343e+00
1.844715118e+00
1.884760499e+00
1.889506221e+00
1.803258419e+00
1.754765153e+00
1.721176982e+00
1.699767351e+00
1.735473394e+00
1.792539716e+00
1.805224180e+00
1.836597919e+00
1.779223680e+00
1.698325992e+00
1.657200933e+00
1.627244592e+00
1.560618520e+00
1.550809383e+00
1.633799911e+00
1.752244592e+00
1.775944710e+00
1.678762317e+00
1.590780020e+00
1.620409608e+00
1.772013545e+00
1.393904448e+00
1.544982672e+00
1.661863804e+00
2.035287380e+00
2.096665621e+00
2.080425501e+00
2.098357916e+00
2.052208662e+00
1.910586476e+00
1.788255572e+00
1.774762630e+00
1.748210907e+00
1.817483425e+00
1.962234259e+00
2.018290043e+00
1.734892130e+00
2.211433887e+00
1.686679482e+00
2.036472559e+00
2.046281815e+00
2.089430809e+00
2.032918930e+00
1.953433752e+00
1.970755816e+00
1.934116364e+00
1.790272593e+00
1.674400091e+00
1.616729021e+00
1.597839952e+00
1.645301104e+00
1.719763279e+00
1.902414322e+00
1.970277071e+00
1.578270555e+00
1.900750399e+00
1.783413768e+00
1.642046094e+00
1.548817158e+00
1.505342007e+00
1.484764695e+00
1.445223451e+00
1.463355422e+00
1.478838801e+00
1.610298634e+00
1.718629599e+00
1.730152488e+00
1.783665538e+00
1.769771934e+00
1.798166394e+00
1.879920721e+00
1.854450345e+00
1.409313679e+00
1.398823857e+00
1.629008055e+00
1.624017358e+00
1.813017607e+00
1.845522881e+00
1.814908862e+00
1.749119163e+00
1.671398878e+00
1.659748673e+00
1.607649326e+00
1.655991316e+00
1.686478853e+00
1.734593034e+00
1.714722514e+00
1.808706164e+00
1.777359605e+00
1.765003443e+00
1.724909544e+00
1.715448618e+00
1.781117439e+00
1.715804100e+00
1.637077451e+00
1.626966357e+00
1.662170768e+00
1.787021041e+00
1.794988632e+00
1.759935856e+00
1.622076392e+00
1.652008891e+00
1.601850867e+00
1.643711805e+00
1.717217088e+00
1.723647475e+00
1.331340790e+00
1.665676832e+00
1.730659962e+00
1.746266484e+00
1.761649847e+00
1.709476113e+00
1.633497477e+00
1.660153031e+00
1.677173972e+00
1.806513786e+00
1.813348174e+00
1.779935002e+00
1.766088605e+00
1.914018393e+00
1.562560439e+00
1.282067418e+00
1.640132070e+00
1.967934608e+00
1.942616582e+00
1.843760490e+00
1.793524861e+00
1.856444478e+00
1.895431876e+00
1.884511948e+00
1.798720837e+00
1.790247321e+00
1.767323852e+00
1.812990785e+00
1.859721541e+00
1.881812096e+00
1.708467007e+00
1.625782728e+00
1.554491043e+00
1.473668933e+00
1.512884021e+00
1.520096421e+00
1.589040875e+00
1.738854408e+00
1.860654950e+00
1.898607373e+00
1.872456789e+00
1.862949729e+00
1.754690289e+00
1.672410250e+00
1.607323766e+00
1.668627262e+00
1.670794725e+00
1.712930083e+00
1.784925222e+00
1.852738261e+00
1.881788850e+00
1.440709114e+00
1.425174713e+00
1.708665967e+00
1.630043864e+00
1.707607985e+00
1.718906641e+00
1.757587910e+00
1.722157717e+00
1.714366317e+00
1.698026538e+00
1.709980369e+00
1.715326548e+00
1.724000573e+00
1.747202635e+00
1.715123653e+00
1.724048972e+00
1.742964506e+00
1.878258824e+00
1.827443480e+00
1.487789154e+00
1.564375758e+00
1.925972223e+00
1.930234432e+00
1.883077264e+00
2.025604725e+00
1.596502662e+00
1.626538634e+00
1.890592933e+00
2.027371407e+00
2.215087414e+00
1.756886125e+00
1.700953364e+00
1.652340174e+00
2.131997347e+00
1.735927224e+00
1.791430950e+00
2.107208490e+00
1.952774882e+00
1.864791870e+00
1.745637178e+00
1.688266993e+00
1.618871927e+00
1.607649803e+00
1.587878466e+00
1.640406966e+00
1.669407487e+00
1.643459439e+00
1.716510177e+00
1.672306299e+00
1.672533274e+00
1.652284741e+00
1.581776977e+00
1.616198301e+00
1.623940110e+00
1.757112265e+00
1.756506681e+00
1.750807166e+00
1.723320127e+00
1.759580135e+00
1.691115737e+00
1.693383813e+00
1.680876255e+00
1.619426489e+00
1.670234919e+00
1.690585375e+00
1.666098833e+00
1.664436460e+00
1.762960434e+00
1.800888300e+00
1.676109314e+00
1.709649444e+00
1.676112175e+00
1.837355971e+00
1.917927504e+00
1.578423023e+00
1.158096433e+00
1.516235948e+00
1.476644993e+00
1.707205296e+00
1.709626198e+00
1.686324835e+00
1.681456685e+00
1.713231087e+00
1.748810291e+00
1.742482185e+00
1.669910192e+00
1.724907160e+00
1.788304448e+00
1.806614280e+00
1.725060105e+00
1.846937895e+00
1.793121338e+00
1.428706169e+00
1.748084068e+00
1.700521111e+00
1.694166660e+00
1.643079996e+00
1.635237336e+00
1.641794443e+00
1.666934967e+00
1.736706972e+00
1.793171406e+00
1.908214808e+00
1.585055113e+00
1.661210895e+00
1.930662274e+00
1.874146700e+00
1.844138265e+00
1.843230128e+00
1.819171071e+00
1.834782600e+00
2.038214922e+00
1.682291150e+00
1.682363749e+00
1.624117970e+00
1.907663941e+00
1.820406318e+00
1.666908979e+00
1.639372826e+00
1.595696926e+00
1.647467852e+00
1.676642060e+00
1.757387757e+00
1.778217793e+00
1.831452370e+00
1.743214726e+00
1.683955193e+00
1.829054713e+00
2.025428057e+00
1.622225285e+00
1.681103587e+00
2.073166132e+00
2.218394041e+00
1.674572229e+00
1.657275796e+00
1.949826002e+00
1.899392247e+00
1.924382806e+00
1.949120760e+00
1.821011543e+00
1.701126695e+00
1.711895823e+00
1.838112473e+00
1.889459252e+00
1.612263441e+00
1.704280138e+00
2.087110519e+00
2.230723858e+00
2.362638474e+00
1.857905507e+00
2.227802992e+00
2.063506603e+00
1.894497275e+00
1.710307121e+00
1.639399767e+00
1.630674124e+00
1.726999879e+00
1.830065012e+00
1.857705712e+00
1.885797620e+00
1.774635315e+00
1.672382712e+00
1.606995463e+00
1.738779545e+00
1.853543282e+00
1.532347560e+00
1.521758199e+00
1.825675130e+00
1.850441456e+00
1.851878524e+00
1.834933877e+00
1.754666567e+00
1.791230440e+00
1.791608691e+00
1.710484743e+00
1.704355717e+00
1.629312396e+00
1.626413584e+00
1.664817095e+00
1.669710040e+00
1.686048269e+00
1.692579985e+00
1.715477824e+00
1.599933028e+00
1.555675745e+00
1.547631741e+00
1.594865084e+00
1.598522782e+00
1.687539935e+00
1.746368527e+00
1.726798177e+00
1.710558891e+00
1.659624219e+00
1.571033359e+00
1.532804608e+00
1.535426617e+00
1.510310054e+00
1.466154337e+00
1.544355392e+00
1.484842300e+00
1.596781254e+00
1.710204601e+00
1.813218474e+00
1.705061793e+00
1.679794669e+00
1.604748726e+00
1.495128274e+00
1.461362481e+00
1.457024813e+00
1.563091636e+00
1.740566492e+00
1.806488633e+00
1.786690831e+00
1.667413235e+00
1.683601737e+00
1.663784742e+00
1.673946619e+00
1.721553326e+00
1.793020487e+00
1.732624888e+00
1.659395695e+00
1.624192595e+00
1.559282184e+00
1.622378588e+00
1.650571585e+00
1.648756027e+00
1.659271598e+00
1.630749226e+00
1.658034682e+00
1.725110173e+00
1.797558784e+00
1.760112047e+00
1.704558253e+00
1.609265447e+00
1.733357430e+00
1.824645519e+00
1.473265529e+00
1.530684352e+00
1.426309347e+00
1.981599331e+00
1.992191792e+00
1.547078371e+00
1.495708704e+00
1.978873849e+00
1.991761923e+00
1.534822583e+00
1.494550824e+00
1.817329407e+00
1.813648343e+00
1.747778296e+00
1.752495885e+00
1.711212516e+00
1.736659408e+00
1.704203606e+00
1.638742328e+00
1.718400359e+00
1.790019155e+00
1.819652915e+00
1.738805652e+00
1.734112382e+00
1.814407229e+00
1.775012016e+00
1.735449314e+00
1.707934618e+00
1.748636484e+00
1.728764653e+00
1.735548973e+00
1.649611473e+00
1.611381412e+00
1.670615077e+00
1.708767176e+00
1.798086762e+00
1.834854364e+00
1.866198540e+00
1.803711057e+00
1.770523667e+00
1.851423025e+00
1.926549554e+00
1.972648263e+00
1.891977072e+00
1.907611489e+00
1.868649364e+00
1.899844170e+00
1.823485136e+00
1.887107015e+00
1.977462411e+00
2.000411272e+00
2.103452921e+00
2.072613239e+00
1.938704729e+00
1.839650393e+00
1.881864071e+00
2.094018221e+00
1.715349436e+00
2.131217480e+00
2.050896168e+00
1.955221057e+00
1.845169902e+00
1.859621882e+00
1.864160657e+00
1.943669796e+00
2.127536058e+00
2.053699732e+00
1.696160436e+00
1.761044621e+00
2.160924196e+00
2.067638636e+00
1.917773008e+00
1.774432063e+00
1.602504849e+00
1.648829937e+00
1.658461809e+00
1.722434759e+00
1.815388799e+00
1.373757243e+00
1.346446872e+00
1.861283898e+00
1.891193390e+00
1.461338162e+00
1.443786502e+00
1.801091194e+00
1.821694374e+00
1.864868641e+00
1.866177559e+00
1.810774326e+00
1.701077104e+00
1.758547306e+00
1.740390778e+00
1.830822706e+00
1.922362208e+00
1.994738817e+00
1.594461203e+00
1.724025726e+00
2.042474747e+00
1.943845987e+00
2.017432213e+00
2.046612740e+00
1.995569348e+00
1.900270939e+00
1.779099584e+00
1.697472095e+00
1.648679972e+00
1.743993282e+00
1.828248143e+00
1.977920294e+00
1.967709541e+00
1.937472582e+00
1.932250261e+00
2.079493284e+00
2.127990007e+00
2.084009647e+00
2.001370192e+00
1.519361734e+00
1.563240170e+00
1.629110217e+00
2.131139040e+00
2.255362511e+00
2.246735811e+00
1.820103288e+00
2.094171524e+00
1.951889992e+00
1.818335295e+00
1.760561943e+00
1.695550919e+00
1.694367647e+00
1.712299228e+00
1.656925201e+00
1.642551422e+00
1.641997337e+00
1.693308115e+00
1.740565658e+00
1.770727038e+00
1.771937847e+00
1.730507016e+00
1.746974826e+00
1.701279640e+00
1.691847801e+00
1.615517974e+00
1.643082142e+00
1.821164370e+00
1.955122948e+00
1.625152349e+00
1.491170287e+00
1.865018845e+00
1.891999602e+00
1.958020926e+00
1.956762791e+00
1.939487219e+00
1.989063263e+00
2.047416210e+00
2.072304249e+00
1.965587378e+00
1.863783479e+00
1.779022813e+00
1.872405171e+00
1.954488516e+00
1.528895259e+00
1.636222124e+00
2.063986063e+00
2.017254591e+00
1.926622748e+00
1.889527798e+00
1.860300422e+00
1.948688507e+00
1.985333443e+00
1.890410423e+00
1.835334301e+00
1.769439697e+00
1.777407646e+00
1.687787414e+00
1.784746766e+00
1.910360694e+00
1.989946246e+00
1.951161742e+00
2.007273197e+00
1.696917415e+00
1.734818101e+00
2.001370668e+00
1.934591889e+00
2.022928476e+00
1.674601436e+00
1.773930430e+00
2.224165201e+00
2.146270275e+00
2.108870506e+00
2.034651518e+00
1.957713604e+00
1.858710527e+00
1.879766703e+00
1.881379485e+00
1.832406640e+00
1.927703977e+00
1.973246455e+00
1.963285923e+00
1.903066874e+00
1.897950530e+00
2.041040421e+00
2.031730890e+00
2.222250700e+00
2.401046276e+00
2.156456709e+00
1.837705135e+00
2.178400278e+00
2.429512978e+00
2.503427744e+00
2.474453211e+00
2.255766392e+00
2.109177113e+00
1.994334936e+00
1.889429331e+00
1.878331304e+00
1.847666740e+00
1.938324451e+00
1.948741317e+00
2.039374113e+00
2.079566956e+00
2.154538631e+00
2.145560741e+00
2.141324282e+00
2.075761080e+00
2.116333961e+00
2.179634809e+00
2.216124535e+00
1.888496280e+00
1.904637098e+00
1.886605382e+00
2.162714481e+00
2.104661942e+00
2.057074070e+00
1.947027683e+00
1.922715306e+00
1.898985624e+00
1.916362762e+00
1.855307341e+00
1.845144987e+00
1.788529396e+00
1.829987764e+00
1.848901272e+00
1.772694349e+00
1.713384032e+00
1.679995656e+00
1.694444895e+00
1.661235332e+00
1.672505975e+00
1.708540678e+00
1.719963789e+00
1.844843268e+00
1.856543779e+00
1.863124728e+00
1.805373549e+00
1.830216289e+00
1.789588094e+00
1.938627124e+00
2.073242426e+00
1.988811135e+00
1.894597769e+00
1.824969411e+00
1.845699072e+00
1.856541395e+00
1.899110436e+00
2.068901777e+00
1.997789383e+00
1.597158909e+00
1.509678960e+00
1.806966543e+00
1.711164832e+00
1.702741385e+00
1.633170128e+00
1.720770359e+00
1.910864234e+00
1.975754023e+00
1.644390821e+00
2.017383814e+00
2.055108309e+00
2.033975363e+00
1.919115067e+00
1.815340281e+00
1.715655565e+00
1.855739594e+00
2.093513012e+00
1.790321827e+00
2.108693838e+00
2.015919447e+00
1.929321408e+00
1.904179573e+00
1.905089021e+00
1.896060705e+00
1.922842145e+00
1.824969888e+00
1.748482823e+00
1.745207310e+00
1.868475556e+00
1.948418975e+00
1.592899084e+00
1.968816042e+00
1.826435208e+00
1.802957296e+00
1.777410388e+00
1.861462712e+00
1.862420201e+00
1.866706371e+00
1.833117485e+00
1.747098565e+00
1.786209822e+00
1.836799264e+00
1.868722558e+00
1.779932976e+00
1.721831441e+00
1.731364489e+00
1.690888762e+00
1.730377436e+00
1.696461439e+00
1.721451998e+00
1.777361155e+00
1.958498836e+00
1.915124059e+00
1.846305847e+00
1.860275149e+00
1.910790563e+00
2.066358566e+00
1.662948251e+00
1.975621581e+00
1.860629797e+00
1.744073749e+00
1.735826373e+00
1.755243421e+00
1.852508545e+00
1.877949476e+00
1.969162703e+00
1.594385386e+00
1.639702797e+00
1.832563877e+00
1.704886436e+00
1.780259967e+00
1.818590641e+00
1.953352928e+00
1.623612285e+00
1.660202265e+00
1.572974563e+00
1.563846588e+00
1.582633257e+00
1.830364466e+00
1.809384227e+00
1.796170235e+00
1.836744905e+00
1.797607303e+00
1.811829567e+00
1.685216784e+00
1.655135512e+00
1.706096888e+00
1.729598880e+00
1.871444941e+00
1.919764042e+00
1.824716926e+00
1.685368180e+00
1.582507491e+00
1.596906662e+00
1.746848345e+00
1.815386772e+00
1.408027291e+00
1.562156558e+00
1.975121498e+00
2.043262005e+00
1.928287983e+00
1.891698122e+00
1.914720893e+00
1.859998941e+00
1.849406838e+00
1.861512423e+00
2.022756577e+00
2.162889957e+00
2.138175488e+00
2.064816713e+00
1.928138971e+00
2.027997494e+00
2.077247620e+00
2.038086176e+00
2.021063566e+00
2.017433405e+00
1.895052433e+00
1.865446329e+00
1.950080991e+00
1.938909173e+00
1.509679556e+00
1.517623663e+00
1.893489718e+00
1.911394596e+00
1.878107905e+00
1.895330191e+00
1.785000920e+00
1.757488966e+00
1.679643393e+00
1.745408297e+00
1.838486075e+00
1.890738249e+00
1.839799762e+00
1.829532623e+00
1.940897107e+00
1.450821161e+00
1.482897758e+00
1.776828885e+00
1.706347942e+00
1.745408297e+00
1.779326558e+00
1.804899096e+00
1.829209208e+00
2.023638487e+00
1.155070066e+00
1.205832720e+00
1.573630929e+00
1.604346037e+00
1.968841195e+00
1.953031421e+00
1.880703330e+00
1.737061620e+00
1.701784730e+00
1.732775807e+00
1.787925005e+00
1.855784416e+00
2.038089991e+00
2.193251371e+00
2.131793976e+00
2.065349102e+00
1.934693933e+00
1.849279165e+00
1.823153853e+00
1.979812384e+00
1.929448724e+00
1.821618676e+00
1.777485251e+00
1.746720314e+00
1.856924415e+00
1.865321398e+00
1.851453304e+00
