2.994752884e+00
2.866530895e+00
2.762670279e+00
2.727687120e+00
2.751194715e+00
2.726476192e+00
2.691946983e+00
2.657040834e+00
2.696789503e+00
2.815684319e+00
2.871851444e+00
2.821181536e+00
2.791899443e+00
2.838759899e+00
2.889378786e+00
2.818433046e+00
2.761483669e+00
2.764509201e+00
2.716638803e+00
2.700145245e+00
2.793636560e+00
2.857828379e+00
2.845040798e+00
2.937904835e+00
3.056192875e+00
2.695502043e+00
2.681300879e+00
3.067365646e+00
3.072992325e+00
3.235517740e+00
2.825747013e+00
2.713006496e+00
2.653282642e+00
2.969205379e+00
2.857980490e+00
2.815306425e+00
2.745039463e+00
2.748997688e+00
2.828167439e+00
2.469320059e+00
2.489522219e+00
2.835635185e+00
2.753463507e+00
2.714168310e+00
2.728041172e+00
2.825469017e+00
2.861309052e+00
2.849052668e+00
2.795909643e+00
2.783677816e+00
2.808115244e+00
2.872480154e+00
2.920524597e+00
2.977653027e+00
2.582738400e+00
2.944185495e+00
2.843226910e+00
2.734167814e+00
2.614845753e+00
2.513102770e+00
2.454766273e+00
2.517871141e+00
2.607481718e+00
2.716235161e+00
2.947262526e+00
3.131224632e+00
2.428964853e+00
2.508259296e+00
2.504780531e+00
2.483291864e+00
2.887412310e+00
2.844231844e+00
2.774873257e+00
3.087692022e+00
3.050741434e+00
3.109557629e+00
3.129886866e+00
2.676509619e+00
2.711039543e+00
2.754294872e+00
2.759263039e+00
3.186283588e+00
3.138565302e+00
3.074503660e+00
2.927864790e+00
2.809832335e+00
2.794547796e+00
2.865468502e+00
2.977729797e+00
3.008854151e+00
2.894524336e+00
2.875734329e+00
2.825845718e+00
2.822593451e+00
2.793237448e+00
2.802643061e+00
2.806073904e+00
2.776970863e+00
2.844994783e+00
2.871651649e+00
2.885471821e+00
2.992151976e+00
2.904408932e+00
2.421449184e+00
2.444426298e+00
2.586775780e+00
2.684181213e+00
2.798964262e+00
2.454971075e+00
2.998916864e+00
2.583117723e+00
2.490200996e+00
2.856591463e+00
3.193850517e+00
3.155010462e+00
3.016771555e+00
2.924237251e+00
2.871827364e+00
2.901763201e+00
2.905268431e+00
2.903830051e+00
2.918006182e+00
2.953617811e+00
2.960327387e+00
2.947109461e+00
2.877805233e+00
2.777045012e+00
2.652275562e+00
2.565237045e+00
2.505032301e+00
2.595048189e+00
2.629526138e+00
2.561176538e+00
2.557771206e+00
2.636131048e+00
2.790990353e+00
2.566370487e+00
2.598351002e+00
2.681962967e+00
2.679234982e+00
3.013718128e+00
2.905116320e+00
2.789956331e+00
2.841885328e+00
3.022950888e+00
2.738656998e+00
2.928697109e+00
3.056949139e+00
3.020123959e+00
3.348052979e+00
3.232738972e+00
3.111655474e+00
2.620494366e+00
2.531666040e+00
2.918232203e+00
2.924837828e+00
2.979063749e+00
3.119068861e+00
3.320284367e+00
3.472823620e+00
3.507933378e+00
3.490224838e+00
2.931195736e+00
2.836616039e+00
2.834119558e+00
3.217933655e+00
3.045321226e+00
2.902770519e+00
2.908875465e+00
2.936539888e+00
2.926327467e+00
2.914447069e+00
2.948925018e+00
2.970890760e+00
2.896742105e+00
2.764130354e+00
2.628515720e+00
2.537267447e+00
2.573761225e+00
2.594743729e+00
2.634544134e+00
2.672855377e+00
2.735300779e+00
2.726524591e+00
2.572070837e+00
2.441956043e+00
2.401651621e+00
2.505259275e+00
2.604681253e+00
2.728340626e+00
2.802668571e+00
2.818076372e+00
2.812479258e+00
2.823346853e+00
2.396278381e+00
2.806147575e+00
2.859767199e+00
2.997627497e+00
2.578628778e+00
2.628567457e+00
2.631063938e+00
2.498651743e+00
2.792908430e+00
2.817999125e+00
2.879086733e+00
2.883220673e+00
2.879314184e+00
2.882439375e+00
3.024060488e+00
2.614392281e+00
2.562587976e+00
2.414488554e+00
2.791190624e+00
2.781881571e+00
2.814340591e+00
2.784302711e+00
2.774621010e+00
2.707859993e+00
2.724051476e+00
2.823447943e+00
2.896867514e+00
2.828516483e+00
2.757169008e+00
2.810890675e+00
2.834346294e+00
2.835077524e+00
2.805443048e+00
2.784989357e+00
2.793914557e+00
3.048826218e+00
3.266155958e+00
2.965065241e+00
2.574086666e+00
2.638451338e+00
2.612827063e+00
2.524656057e+00
2.431133509e+00
2.796083927e+00
2.737317801e+00
2.583066225e+00
2.830035686e+00
2.859290838e+00
3.029633284e+00
2.393302917e+00
2.873792648e+00
2.875231028e+00
3.227796793e+00
3.230268478e+00
3.253071785e+00
3.216575623e+00
3.265555382e+00
3.264622688e+00
3.248579979e+00
3.286437511e+00
3.304090500e+00
3.262502432e+00
3.156949759e+00
3.131351709e+00
3.109461069e+00
3.082676172e+00
3.124366522e+00
3.115765333e+00
3.117528677e+00
3.051502228e+00
2.893364429e+00
2.799793720e+00
2.786905766e+00
2.692427874e+00
2.633508444e+00
2.737396240e+00
2.816159964e+00
2.945170164e+00
3.003856659e+00
3.015207767e+00
3.028901100e+00
3.021662235e+00
3.052810907e+00
3.016290426e+00
3.156975746e+00
3.230042219e+00
2.912735939e+00
3.186635971e+00
3.200708389e+00
3.211504221e+00
3.107341290e+00
3.062244415e+00
2.982797384e+00
2.933337450e+00
2.882090092e+00
2.821052313e+00
2.721505165e+00
2.642738342e+00
2.672703266e+00
2.644682646e+00
2.707962513e+00
2.687358379e+00
2.706195831e+00
2.741833925e+00
2.403543949e+00
2.545891523e+00
2.617721796e+00
2.730360746e+00
3.179628372e+00
3.167746067e+00
3.135058403e+00
3.091677666e+00
3.095738411e+00
3.103657484e+00
3.171047688e+00
3.147263527e+00
3.219978571e+00
2.879463196e+00
3.002115726e+00
2.905216455e+00
3.219271183e+00
3.089533567e+00
2.926378727e+00
2.959191799e+00
2.938107014e+00
2.953063250e+00
2.907512903e+00
2.939014196e+00
2.967716932e+00
2.900653362e+00
2.917021751e+00
2.890538931e+00
3.002675295e+00
3.020782471e+00
3.060327291e+00
2.573333502e+00
2.618955851e+00
2.626524448e+00
2.961663008e+00
3.018812895e+00
2.943048954e+00
2.529065847e+00
2.645084143e+00
2.770889282e+00
2.868069410e+00
2.941589594e+00
2.612475157e+00
2.578350306e+00
2.479760170e+00
3.233903170e+00
3.450760603e+00
3.461679697e+00
2.685111284e+00
2.574113369e+00
2.694596767e+00
2.518502474e+00
2.761157513e+00
2.652426481e+00
2.731266737e+00
2.811220169e+00
2.887789488e+00
2.939947844e+00
3.078008652e+00
3.032082558e+00
2.927387953e+00
2.811193705e+00
2.838382721e+00
2.863503218e+00
2.944060087e+00
2.938411236e+00
2.919116497e+00
2.451738834e+00
2.441977024e+00
2.511867523e+00
2.981131554e+00
3.015032053e+00
2.990440845e+00
2.906579971e+00
2.904412270e+00
2.693889856e+00
2.585968733e+00
2.453810930e+00
2.507128000e+00
2.466346264e+00
2.651066542e+00
2.751268387e+00
2.340992689e+00
2.469042540e+00
2.529573441e+00
2.516381025e+00
2.431185484e+00
2.868446589e+00
3.010844469e+00
2.941335440e+00
2.639185667e+00
2.554641724e+00
2.462357044e+00
2.785063267e+00
2.864560843e+00
2.389621019e+00
2.417994261e+00
2.403439999e+00
2.714695930e+00
2.724355698e+00
2.773184061e+00
2.849730492e+00
2.826047182e+00
2.817094803e+00
2.832278728e+00
2.942572117e+00
3.186332941e+00
2.922466040e+00
2.588212967e+00
2.882646084e+00
2.788243532e+00
2.599512100e+00
2.520924091e+00
2.899140835e+00
2.884766340e+00
2.916115284e+00
2.943985701e+00
2.460895777e+00
2.439433575e+00
2.431311131e+00
2.866151094e+00
2.853059530e+00
2.905899048e+00
2.817574739e+00
2.790714502e+00
2.686199427e+00
2.714672565e+00
2.647458315e+00
2.611088753e+00
2.656008720e+00
2.582487583e+00
2.770209551e+00
2.997375488e+00
2.838159323e+00
2.414061308e+00
2.022123337e+00
2.061035872e+00
2.059825659e+00
2.109160423e+00
2.100153685e+00
2.137909889e+00
1.616434097e+00
2.041970491e+00
2.441651821e+00
2.975786209e+00
2.901207209e+00
3.138538837e+00
3.057654619e+00
2.952481747e+00
2.902972698e+00
2.920199156e+00
2.927335978e+00
2.913187742e+00
2.913718939e+00
2.986734867e+00
2.434841394e+00
2.423114538e+00
2.348734617e+00
2.818457127e+00
2.883981705e+00
2.582285166e+00
2.607280970e+00
2.503823280e+00
2.899770975e+00
2.903856993e+00
2.912858248e+00
2.885745287e+00
2.827536821e+00
2.751215935e+00
2.675023556e+00
2.717748404e+00
2.666827440e+00
2.693259239e+00
2.813488245e+00
3.010517597e+00
2.559411287e+00
2.602539062e+00
3.132815361e+00
2.788341999e+00
3.067794323e+00
2.827056408e+00
2.925621748e+00
2.950464725e+00
3.271229506e+00
3.143156767e+00
3.363718510e+00
3.275216341e+00
3.211884022e+00
3.276829481e+00
2.803173780e+00
3.208681345e+00
3.191731930e+00
3.232590675e+00
3.193471670e+00
3.029005051e+00
3.017857790e+00
3.134025812e+00
2.845343828e+00
2.529119492e+00
2.663497686e+00
3.099950790e+00
2.889529943e+00
3.244974136e+00
3.211504698e+00
3.235970497e+00
3.139776230e+00
3.058563232e+00
2.914019585e+00
2.919996977e+00
3.026328802e+00
3.040757418e+00
3.112110138e+00
3.091979504e+00
2.964210033e+00
2.820121288e+00
2.762742758e+00
2.737043142e+00
2.664330006e+00
2.756235838e+00
2.819742680e+00
2.843274832e+00
2.809932470e+00
2.870486259e+00
2.408459425e+00
2.807410240e+00
3.035259485e+00
2.537921906e+00
2.514189243e+00
2.460289955e+00
2.914602280e+00
2.820702314e+00
2.416907787e+00
2.803727150e+00
2.672225952e+00
2.652023315e+00
2.588969231e+00
2.606951475e+00
2.625010490e+00
2.728188515e+00
2.863198280e+00
3.450123549e+00
3.015837669e+00
2.821915150e+00
2.690535307e+00
2.572877884e+00
2.985273600e+00
2.947818041e+00
2.896294594e+00
2.868548155e+00
2.857452154e+00
3.026154995e+00
3.096065760e+00
3.107616901e+00
3.100759268e+00
3.188477516e+00
3.143686771e+00
3.246561527e+00
3.345983982e+00
2.832504272e+00
2.744306803e+00
2.983430624e+00
2.896139145e+00
2.903327227e+00
2.934753418e+00
2.467682123e+00
2.441022158e+00
2.907742977e+00
2.850010157e+00
2.925220251e+00
2.942167759e+00
3.032838821e+00
3.072185516e+00
3.132237196e+00
3.124468088e+00
3.025298357e+00
3.015082836e+00
3.026203156e+00
3.079977751e+00
2.999269247e+00
2.854877949e+00
2.802870750e+00
2.763600826e+00
2.886883020e+00
2.922444344e+00
2.590005159e+00
2.627508640e+00
2.606601715e+00
2.815051794e+00
2.830136299e+00
2.925447226e+00
2.989052534e+00
3.122727156e+00
3.331534624e+00
3.264820576e+00
2.775076389e+00
2.746022701e+00
2.741456032e+00
2.629978180e+00
2.597290277e+00
2.452749729e+00
2.465611219e+00
2.464804649e+00
3.004238129e+00
3.013594866e+00
2.706930399e+00
3.105274677e+00
2.984262943e+00
2.948600292e+00
2.928019047e+00
2.910942554e+00
2.816515446e+00
2.817347050e+00
2.784586191e+00
2.723877907e+00
2.787813663e+00
2.781988382e+00
2.849375725e+00
2.731797218e+00
2.756009102e+00
2.840247869e+00
2.483420372e+00
2.513430834e+00
2.443344831e+00
2.549021482e+00
2.519333124e+00
2.573106050e+00
3.145124435e+00
3.240382910e+00
3.271705866e+00
2.802238703e+00
2.812429190e+00
2.737597227e+00
3.159775257e+00
3.073266506e+00
3.102323055e+00
3.129509687e+00
3.141843319e+00
2.958485842e+00
2.764407396e+00
2.654215574e+00
2.592549086e+00
2.647834063e+00
2.727886915e+00
2.729373455e+00
2.668716908e+00
2.565058470e+00
2.570177317e+00
2.530555487e+00
2.551339388e+00
2.560443878e+00
2.556030512e+00
2.456001520e+00
2.480768204e+00
2.453354597e+00
2.446091652e+00
2.664052725e+00
2.376000404e+00
2.456986904e+00
2.382885695e+00
2.699867249e+00
2.644985437e+00
2.554239750e+00
2.579940796e+00
2.466723919e+00
2.411966801e+00
2.354561567e+00
2.455044746e+00
2.407729149e+00
2.466191769e+00
2.514008999e+00
2.477162361e+00
2.580342770e+00
2.843927860e+00
2.583270311e+00
2.224421501e+00
2.208154440e+00
2.524884224e+00
2.375801086e+00
2.391815424e+00
2.431389093e+00
2.624429941e+00
2.639565468e+00
2.789027452e+00
2.747915506e+00
2.459410906e+00
2.525310516e+00
2.412370682e+00
2.869001389e+00
3.285655260e+00
2.815882921e+00
2.663975716e+00
2.899946928e+00
2.840549946e+00
2.764382362e+00
2.738807917e+00
2.681530237e+00
2.705691814e+00
2.691845655e+00
2.674795628e+00
2.659891605e+00
2.721960306e+00
2.704785824e+00
2.583522558e+00
2.619664669e+00
2.564429998e+00
2.595098257e+00
2.656486750e+00
2.686575174e+00
2.744181633e+00
2.740498781e+00
2.847410917e+00
2.764383554e+00
2.753513098e+00
2.731596470e+00
2.710031986e+00
2.569826603e+00
2.618858337e+00
2.617520809e+00
2.512422562e+00
2.473582029e+00
2.526142597e+00
2.557794333e+00
2.592752695e+00
2.610887289e+00
2.592451811e+00
2.466293097e+00
2.491387844e+00
2.407629013e+00
2.504124165e+00
2.605059624e+00
2.237988949e+00
2.226688623e+00
2.379937172e+00
2.883804798e+00
2.830892086e+00
2.786476851e+00
2.705390692e+00
2.584730864e+00
2.456204891e+00
2.396910429e+00
2.450252056e+00
2.482409477e+00
2.599535704e+00
2.618249655e+00
2.217383146e+00
2.231657982e+00
2.282555342e+00
2.350602627e+00
3.032936096e+00
2.865896463e+00
2.571086884e+00
2.657495499e+00
2.967460871e+00
2.847991705e+00
3.136520863e+00
3.004613638e+00
2.875077724e+00
2.801910400e+00
2.832781792e+00
2.758705378e+00
2.736990690e+00
2.706096172e+00
2.703827143e+00
2.625136614e+00
2.683852196e+00
2.651896000e+00
2.551211357e+00
2.518928289e+00
2.437187672e+00
2.457641840e+00
2.442862988e+00
2.546875477e+00
2.629120350e+00
2.720901012e+00
2.506724119e+00
2.643168688e+00
2.344347715e+00
2.808216572e+00
2.866172314e+00
2.481602907e+00
2.531339645e+00
2.896715641e+00
2.785640717e+00
3.132912874e+00
3.118588448e+00
3.111857414e+00
2.663496494e+00
2.696109772e+00
3.012938261e+00
2.857575417e+00
2.854321003e+00
2.759212732e+00
2.798836231e+00
2.738934040e+00
2.715730429e+00
2.636587143e+00
2.721756697e+00
2.850563526e+00
2.784812212e+00
2.796717167e+00
2.818379164e+00
2.422053337e+00
2.453784943e+00
2.862342358e+00
2.875000238e+00
2.840501070e+00
2.944462061e+00
2.955837965e+00
2.691216469e+00
2.694090366e+00
2.649548769e+00
2.928975344e+00
2.935029268e+00
2.896768093e+00
2.808747292e+00
2.873440027e+00
2.963379145e+00
3.057326555e+00
3.130191088e+00
2.684557915e+00
3.046128750e+00
2.917247772e+00
2.406896591e+00
2.330172777e+00
2.521931410e+00
2.819739580e+00
2.624150276e+00
2.630383253e+00
2.624152899e+00
2.510180473e+00
2.645718336e+00
2.557870865e+00
2.482915163e+00
2.885188818e+00
2.895806551e+00
2.924459219e+00
3.035512686e+00
2.605765343e+00
2.824559927e+00
2.473277807e+00
2.483114243e+00
2.758026600e+00
2.660219908e+00
2.959016800e+00
3.010138273e+00
2.663373232e+00
2.202174187e+00
2.264748812e+00
2.623217344e+00
2.921435356e+00
2.879367352e+00
2.977170467e+00
3.025195599e+00
2.909983635e+00
2.910942554e+00
2.858962297e+00
2.872885466e+00
2.876189947e+00
2.930768490e+00
2.888244867e+00
2.883577824e+00
2.814723969e+00
2.739187002e+00
2.788998604e+00
2.834674835e+00
2.957124233e+00
2.586318493e+00
2.703021049e+00
2.806803703e+00
2.832176447e+00
2.836667299e+00
2.706802845e+00
3.142651081e+00
3.144190073e+00
3.140432119e+00
3.012309790e+00
3.004742622e+00
3.001764059e+00
2.858786821e+00
2.902544975e+00
2.956240892e+00
3.062800884e+00
3.139927626e+00
3.200081348e+00
3.145400763e+00
3.119044065e+00
3.300133467e+00
3.391990185e+00
3.063531160e+00
3.233294964e+00
3.422380209e+00
3.797622204e+00
3.785288095e+00
3.588944912e+00
3.295642614e+00
3.234026909e+00
3.338191509e+00
3.416985989e+00
3.206107616e+00
2.750988483e+00
2.792931318e+00
2.699739695e+00
3.001739264e+00
2.813816786e+00
2.730838776e+00
2.664429903e+00
2.696485281e+00
3.035484552e+00
3.077429295e+00
3.251632929e+00
3.214557171e+00
2.827411890e+00
2.752857685e+00
2.648592710e+00
3.129057646e+00
3.310575008e+00
3.471913338e+00
3.436255932e+00
3.552731037e+00
3.506120443e+00
3.522110701e+00
3.494114399e+00
3.510658026e+00
3.380565643e+00
3.359429359e+00
3.380968332e+00
3.402102232e+00
3.485715628e+00
3.412043333e+00
3.299880505e+00
3.191707850e+00
3.101213694e+00
3.010416985e+00
2.902420521e+00
3.063533545e+00
3.087644577e+00
3.107418537e+00
3.065525293e+00
3.059496164e+00
2.966856718e+00
3.150470257e+00
3.249843836e+00
2.790083885e+00
2.868698359e+00
2.820927620e+00
2.758025646e+00
2.775076151e+00
3.172690153e+00
3.182401180e+00
3.085778236e+00
3.097985029e+00
3.057049990e+00
3.039900780e+00
3.016294003e+00
3.061540127e+00
2.982245684e+00
3.011575699e+00
3.012383461e+00
2.958861828e+00
3.083735704e+00
3.166309118e+00
3.136924267e+00
3.060631514e+00
2.992934704e+00
3.003001928e+00
3.007766724e+00
2.736791372e+00
2.766174078e+00
2.772227287e+00
2.753236055e+00
2.728872538e+00
2.695503712e+00
2.839266777e+00
2.887917519e+00
2.898030758e+00
3.153041601e+00
2.460945368e+00
3.311884880e+00
3.718606949e+00
3.700297117e+00
3.535752296e+00
3.258514643e+00
3.147922754e+00
3.050114155e+00
3.048676491e+00
2.981386423e+00
2.961410046e+00
2.786602974e+00
2.788519859e+00
2.875504255e+00
2.852477551e+00
2.916995287e+00
2.844255924e+00
2.794672728e+00
2.812098980e+00
2.805491924e+00
2.837898970e+00
2.820142984e+00
2.887990475e+00
2.789650440e+00
2.760952473e+00
2.640142441e+00
2.659613371e+00
2.701203585e+00
2.362129450e+00
2.549951315e+00
2.777246237e+00
3.284846544e+00
2.806068659e+00
2.763622522e+00
2.734393358e+00
2.643118620e+00
2.730006456e+00
3.231885433e+00
2.964689493e+00
3.018637180e+00
2.994097948e+00
3.259827852e+00
3.223937035e+00
3.130697489e+00
3.112181187e+00
3.087038517e+00
2.909128904e+00
2.419075727e+00
2.441473007e+00
2.622108459e+00
