3.387575626e+00
3.335403919e+00
3.274331331e+00
3.218702316e+00
3.209394932e+00
3.285456419e+00
3.290298462e+00
3.270898342e+00
3.258337021e+00
3.455785036e+00
3.639087677e+00
2.867028952e+00
3.258057833e+00
3.194155693e+00
3.124882221e+00
3.353363752e+00
3.190243483e+00
3.125231266e+00
3.133407116e+00
3.167615891e+00
3.298573256e+00
3.375363111e+00
3.341585636e+00
3.209671259e+00
3.138753414e+00
3.133583307e+00
3.130531073e+00
3.123820305e+00
3.225713968e+00
3.203085661e+00
2.741337776e+00
2.730239153e+00
3.081790924e+00
3.050659895e+00
3.050708771e+00
3.126872063e+00
3.149400711e+00
3.280408382e+00
3.417064428e+00
2.942784786e+00
2.894877434e+00
2.858651400e+00
2.868287086e+00
3.343169451e+00
3.068917274e+00
2.864909649e+00
2.928027391e+00
3.652860403e+00
3.428085804e+00
3.326293707e+00
3.286210060e+00
3.353510380e+00
3.399203300e+00
3.445067167e+00
3.485128641e+00
3.469083786e+00
3.422866821e+00
3.349246025e+00
3.255685806e+00
3.189211607e+00
3.111557961e+00
3.039878607e+00
2.995099545e+00
2.968062162e+00
2.954263449e+00
2.929565907e+00
2.891017914e+00
2.929894924e+00
3.031613350e+00
3.182778835e+00
3.324276924e+00
3.433791876e+00
3.439392567e+00
3.399759769e+00
3.271705151e+00
3.134467125e+00
3.157497883e+00
3.278718472e+00
3.323167801e+00
3.326929092e+00
3.286817789e+00
3.282955647e+00
3.265801191e+00
3.334923029e+00
2.935764790e+00
3.001362801e+00
2.987440109e+00
2.901388168e+00
2.746228456e+00
2.629452229e+00
2.612650633e+00
2.792395830e+00
2.829385519e+00
2.816240072e+00
3.203314543e+00
3.193249226e+00
3.189766645e+00
3.235402584e+00
3.335854053e+00
3.017808676e+00
3.081858397e+00
3.116849184e+00
3.126849174e+00
3.688076735e+00
3.944383621e+00
3.044904470e+00
2.959811211e+00
3.408130646e+00
3.476856470e+00
2.651278496e+00
2.687884331e+00
2.737809896e+00
3.465327263e+00
3.383692980e+00
3.372187614e+00
3.428968668e+00
3.167741537e+00
3.137972832e+00
3.827030659e+00
3.647867680e+00
3.456744432e+00
3.212595940e+00
3.122205734e+00
3.090419054e+00
3.058531046e+00
3.019200325e+00
3.014785767e+00
3.090975761e+00
3.181844950e+00
3.251118183e+00
3.258485079e+00
3.207196474e+00
3.167462826e+00
3.176091194e+00
3.162493467e+00
3.119756699e+00
3.079065084e+00
3.267543554e+00
3.485451937e+00
3.701499462e+00
3.804200411e+00
3.374756098e+00
3.271704197e+00
3.056387901e+00
3.305434704e+00
3.390197754e+00
3.643197536e+00
3.388759613e+00
3.492492676e+00
3.539745808e+00
3.510407686e+00
3.337270737e+00
3.139283895e+00
2.974876881e+00
3.080579996e+00
2.926656485e+00
3.080318213e+00
2.868591070e+00
3.401472092e+00
2.973490000e+00
3.202204227e+00
3.052680016e+00
3.505457401e+00
3.370572090e+00
2.919300318e+00
2.928584337e+00
2.888320923e+00
2.863067389e+00
3.279020786e+00
2.922926664e+00
3.047304153e+00
3.160046339e+00
3.177025080e+00
3.143902302e+00
2.996971846e+00
2.848477364e+00
2.835130692e+00
2.899768353e+00
2.860004425e+00
2.881297112e+00
2.980502605e+00
2.982797384e+00
3.258056402e+00
3.165623665e+00
3.247664452e+00
3.140623331e+00
2.694209814e+00
2.668604851e+00
2.640804052e+00
2.614163160e+00
2.614113092e+00
2.639543056e+00
2.815302610e+00
2.408733368e+00
2.466603994e+00
2.595956564e+00
2.644721270e+00
3.123340607e+00
3.108178377e+00
3.067889690e+00
3.417695045e+00
3.459413767e+00
3.413181782e+00
3.704477787e+00
3.567770720e+00
3.580791950e+00
3.556977034e+00
3.527912378e+00
3.464437962e+00
3.449577332e+00
3.403314590e+00
3.342995167e+00
3.271376133e+00
3.228665352e+00
3.228010178e+00
3.288934469e+00
3.325640917e+00
3.339010715e+00
3.335730314e+00
3.314238787e+00
3.321278095e+00
3.336867094e+00
3.349553585e+00
3.351571798e+00
3.326979399e+00
3.309901237e+00
3.268828869e+00
3.249556541e+00
3.265726805e+00
3.346353531e+00
3.378714323e+00
3.472129345e+00
3.573878050e+00
3.540807009e+00
3.485830307e+00
3.366305590e+00
3.291408539e+00
3.328997612e+00
2.996370316e+00
3.106211662e+00
3.445209742e+00
3.301876068e+00
3.195440531e+00
3.187015057e+00
3.213152647e+00
3.255837440e+00
3.262523651e+00
3.254146814e+00
3.312775612e+00
3.311387300e+00
3.167514086e+00
3.259291649e+00
3.214033604e+00
2.860009670e+00
2.883373737e+00
2.882694721e+00
2.885367393e+00
2.854715824e+00
2.887963772e+00
2.871863127e+00
2.883669138e+00
3.041318178e+00
3.309420347e+00
3.069525480e+00
3.133599997e+00
3.029255867e+00
3.340071201e+00
3.222435713e+00
3.500993013e+00
3.456570864e+00
3.427054644e+00
3.438858032e+00
3.429851770e+00
3.332983732e+00
3.388833046e+00
3.468953848e+00
3.230255842e+00
3.354119062e+00
3.034287930e+00
3.421675444e+00
3.896557331e+00
3.788410425e+00
3.352935553e+00
3.333260298e+00
2.972102404e+00
3.187444448e+00
3.090319395e+00
2.907820702e+00
3.232981682e+00
3.294001102e+00
3.502757311e+00
3.228368044e+00
3.460903883e+00
3.202305555e+00
3.324278593e+00
3.162493467e+00
3.499633789e+00
3.432074070e+00
3.513203144e+00
3.569359064e+00
3.208459139e+00
3.274354935e+00
3.311389685e+00
3.331518888e+00
3.479804754e+00
3.430231571e+00
2.949416876e+00
2.963953257e+00
2.974169970e+00
2.587197542e+00
3.634728909e+00
3.923552752e+00
3.754557133e+00
3.926405668e+00
4.359003067e+00
3.927304506e+00
3.755007267e+00
3.804608107e+00
4.029130459e+00
3.570039511e+00
3.528191566e+00
3.417212725e+00
3.458435535e+00
3.435125113e+00
3.727029085e+00
3.639417171e+00
3.710280180e+00
3.691760778e+00
3.683410406e+00
3.246578455e+00
3.542266130e+00
3.416307449e+00
3.329626083e+00
3.276043653e+00
3.222838163e+00
3.201772928e+00
3.239387512e+00
3.377707720e+00
3.545545816e+00
3.713811398e+00
3.846307039e+00
3.260302305e+00
3.213859797e+00
3.142211676e+00
3.026617527e+00
2.897250891e+00
3.383610964e+00
3.240448952e+00
3.332048655e+00
2.965687275e+00
2.914828300e+00
3.785355330e+00
3.439812660e+00
3.674961567e+00
3.894111872e+00
3.807808876e+00
3.278035402e+00
3.467865944e+00
3.337946415e+00
3.292191744e+00
3.365794659e+00
2.926110506e+00
3.016554594e+00
3.629072189e+00
3.286613703e+00
3.388051748e+00
3.319738388e+00
3.594611406e+00
3.542470455e+00
3.484573603e+00
3.885812044e+00
3.822263479e+00
3.887855530e+00
3.802763224e+00
3.459673166e+00
3.447892666e+00
3.366203785e+00
3.249477625e+00
3.185476780e+00
3.231592178e+00
3.234997749e+00
3.635228634e+00
3.598653316e+00
3.601699591e+00
3.573898554e+00
3.549528599e+00
3.620268583e+00
3.277557373e+00
3.361738443e+00
3.328262091e+00
3.661489010e+00
3.520597219e+00
3.505891085e+00
3.442012310e+00
3.363402843e+00
3.299882650e+00
3.222082853e+00
3.313000917e+00
3.301144838e+00
3.240346432e+00
3.149981260e+00
3.097959757e+00
3.167865753e+00
3.315272331e+00
3.468503714e+00
3.490553379e+00
3.512295008e+00
3.471076965e+00
3.538026333e+00
3.509540319e+00
2.982923269e+00
2.926237106e+00
2.859510660e+00
3.160679102e+00
2.754860163e+00
2.481844664e+00
2.617166519e+00
3.082396746e+00
3.138100147e+00
3.014609575e+00
3.839163780e+00
3.786012173e+00
3.300110102e+00
3.300362825e+00
3.371320248e+00
3.377678394e+00
3.381236315e+00
3.708839893e+00
3.667643070e+00
3.692594767e+00
3.724430561e+00
3.768251896e+00
3.826275587e+00
3.829858541e+00
3.428062916e+00
3.373015404e+00
3.361508369e+00
3.312825203e+00
3.332224607e+00
3.332427025e+00
3.302254915e+00
3.192515135e+00
3.339568138e+00
3.582582474e+00
3.244862556e+00
3.299151421e+00
3.284974337e+00
3.152982712e+00
3.043925285e+00
3.005000591e+00
3.063803673e+00
3.127200365e+00
3.581745148e+00
3.523874521e+00
3.976377010e+00
3.549023390e+00
3.914748907e+00
3.749932528e+00
3.568223238e+00
3.531896830e+00
3.180961609e+00
3.697589159e+00
3.661288738e+00
3.583313227e+00
3.568149805e+00
3.552891731e+00
3.592064142e+00
3.735280037e+00
3.899258375e+00
3.964927673e+00
3.600895405e+00
3.561392069e+00
3.465671062e+00
3.369560719e+00
3.231415987e+00
3.339640617e+00
3.429721594e+00
3.539288521e+00
3.540269375e+00
3.522028923e+00
3.511659622e+00
3.535020351e+00
3.504847288e+00
3.353990555e+00
3.320571661e+00
3.236183167e+00
3.126715422e+00
3.038014650e+00
3.089228630e+00
3.208306551e+00
3.426442862e+00
3.582603693e+00
3.656392336e+00
3.736740828e+00
3.541480303e+00
3.042184114e+00
3.040871620e+00
3.042535782e+00
3.502732754e+00
3.453512192e+00
3.013438463e+00
3.002136469e+00
3.046713829e+00
3.354145050e+00
3.260932684e+00
3.152857780e+00
3.053234339e+00
3.055049896e+00
2.992232561e+00
2.975304365e+00
3.001087666e+00
2.946671009e+00
2.879257679e+00
2.817346811e+00
2.892019987e+00
2.940861702e+00
3.021068335e+00
3.046823025e+00
3.135298014e+00
3.108202219e+00
3.080805540e+00
3.028938532e+00
3.383915186e+00
3.472733974e+00
3.482222080e+00
3.465723038e+00
3.466807842e+00
3.489514351e+00
3.511891365e+00
3.439990759e+00
3.420744419e+00
3.336057425e+00
3.317340851e+00
3.267620325e+00
3.234218121e+00
2.723953485e+00
2.705436945e+00
3.138655186e+00
3.160830498e+00
3.177706957e+00
3.116529465e+00
3.158330917e+00
3.192312479e+00
3.185147524e+00
3.153538704e+00
3.191507339e+00
3.268855333e+00
3.188657284e+00
3.098089218e+00
2.956836700e+00
2.940540791e+00
2.905625582e+00
2.969224215e+00
3.018997908e+00
2.628802776e+00
2.651479244e+00
2.559189320e+00
2.997267246e+00
3.167406082e+00
3.332268715e+00
3.399775505e+00
3.387542486e+00
3.333709717e+00
3.325916767e+00
3.264566183e+00
2.745118141e+00
2.745572567e+00
2.759294033e+00
3.398648262e+00
3.181540012e+00
3.328715563e+00
2.854114294e+00
3.073062181e+00
3.011808634e+00
3.036584377e+00
2.974017143e+00
2.873763084e+00
2.759735107e+00
3.267391682e+00
3.461413860e+00
3.132826567e+00
3.106689453e+00
3.183961391e+00
3.088881016e+00
2.644784689e+00
3.079029322e+00
3.066138983e+00
2.623570681e+00
3.005064011e+00
3.506720304e+00
3.472558975e+00
3.338000059e+00
3.250311852e+00
3.252279997e+00
3.522415876e+00
3.550391197e+00
3.323744774e+00
3.347908974e+00
3.318543196e+00
3.302095652e+00
3.394096851e+00
3.528130770e+00
3.157666683e+00
2.745926142e+00
3.037281752e+00
2.913567305e+00
3.711867094e+00
3.666560650e+00
3.597411633e+00
3.464159012e+00
3.390822887e+00
3.254953384e+00
3.162190676e+00
3.116807699e+00
3.115267515e+00
3.053460598e+00
3.102173567e+00
3.222059965e+00
3.157046556e+00
2.841259956e+00
2.942581415e+00
3.038625240e+00
3.034765005e+00
2.978272676e+00
3.014021158e+00
3.087230206e+00
2.774988890e+00
2.776274681e+00
3.174164295e+00
3.065382242e+00
3.093091726e+00
3.009768724e+00
3.005529642e+00
3.014960527e+00
3.423568487e+00
3.346048594e+00
3.204170704e+00
3.132045269e+00
3.083481073e+00
3.020412683e+00
3.035046339e+00
2.562372208e+00
2.751427412e+00
2.956611633e+00
2.685203791e+00
2.833893061e+00
2.959457874e+00
3.329369068e+00
3.247030258e+00
3.571829081e+00
3.683128119e+00
3.769459724e+00
3.297059536e+00
2.921570301e+00
3.293124437e+00
3.198117256e+00
3.055857658e+00
3.000180483e+00
3.003183126e+00
2.934007883e+00
2.949623585e+00
3.338908195e+00
2.973588705e+00
3.363532066e+00
3.358481884e+00
3.355430841e+00
3.406943321e+00
3.522304058e+00
3.623243093e+00
3.201018572e+00
3.139712572e+00
3.478159428e+00
3.452002287e+00
3.406008482e+00
3.344839811e+00
3.383428812e+00
3.446356773e+00
2.877144337e+00
2.873233318e+00
3.063502789e+00
3.552806616e+00
3.202503681e+00
3.183877945e+00
3.217709303e+00
2.875874281e+00
2.589866400e+00
2.631568670e+00
3.324289560e+00
3.245560408e+00
3.311637163e+00
2.905318260e+00
3.297817945e+00
3.728412628e+00
3.666459799e+00
3.653720617e+00
3.635659933e+00
3.570342302e+00
3.464792013e+00
3.476395845e+00
3.091227531e+00
3.160880804e+00
3.591282129e+00
3.569308758e+00
3.508737087e+00
3.527357340e+00
3.547559261e+00
3.581793308e+00
3.545038223e+00
3.546500444e+00
3.643224239e+00
3.693149805e+00
3.481466770e+00
3.672743082e+00
3.711010933e+00
3.664491177e+00
3.615377665e+00
3.844690800e+00
3.654979467e+00
3.507506371e+00
3.414413929e+00
3.338357925e+00
3.210805655e+00
3.225992680e+00
3.265903711e+00
3.225540161e+00
3.110397816e+00
3.140773296e+00
3.146828175e+00
3.074800968e+00
3.010874987e+00
3.097459316e+00
3.161157608e+00
3.131237984e+00
3.159770489e+00
3.207097530e+00
3.272765160e+00
3.319382906e+00
3.287348509e+00
3.276046038e+00
3.259169102e+00
3.290904999e+00
3.365065336e+00
3.021118402e+00
2.673599958e+00
2.767975569e+00
3.495666027e+00
3.472131014e+00
3.483683586e+00
3.544031382e+00
3.604230881e+00
3.589518547e+00
3.577437639e+00
3.106717348e+00
3.084391356e+00
2.777843952e+00
3.414896488e+00
3.140586853e+00
3.202328682e+00
3.117791653e+00
3.286666393e+00
3.541152954e+00
3.422635794e+00
3.411234379e+00
2.997482061e+00
2.979040146e+00
3.331086159e+00
3.200741053e+00
3.123543978e+00
3.142313004e+00
3.122257710e+00
3.147131443e+00
3.171322823e+00
3.175891638e+00
3.182173491e+00
3.239288807e+00
3.190120220e+00
3.203692198e+00
3.217567921e+00
2.850907564e+00
3.000028849e+00
3.052400351e+00
3.015542269e+00
2.878128290e+00
2.796339989e+00
3.230306149e+00
3.198064804e+00
3.176545620e+00
3.197612047e+00
3.369989634e+00
3.075408220e+00
2.621729851e+00
3.022849083e+00
3.096489191e+00
3.057637691e+00
3.417140961e+00
3.387016535e+00
3.339209318e+00
3.415902376e+00
2.929290771e+00
2.866793633e+00
3.220090628e+00
3.163276196e+00
3.166656494e+00
3.165420771e+00
3.239439487e+00
3.269284248e+00
3.358587503e+00
3.373296022e+00
3.372210264e+00
3.297437906e+00
3.154623270e+00
3.268880606e+00
3.458659410e+00
3.099425554e+00
2.713032484e+00
2.678369045e+00
2.612524986e+00
2.597337008e+00
2.768426180e+00
2.722616911e+00
2.744312286e+00
3.069684029e+00
3.321222067e+00
3.562266350e+00
3.336487293e+00
3.853367567e+00
3.723218918e+00
3.579429626e+00
3.773445606e+00
3.607149363e+00
3.527154922e+00
3.469158649e+00
3.400840521e+00
3.301574945e+00
3.221376419e+00
3.177430153e+00
3.295167446e+00
3.439663649e+00
3.618226051e+00
3.548320770e+00
3.129422426e+00
3.103462219e+00
3.045211554e+00
3.203439236e+00
3.664238214e+00
3.292395115e+00
3.356743336e+00
3.328613758e+00
3.254979610e+00
3.112973213e+00
3.443901062e+00
3.377584696e+00
3.375339508e+00
3.349402905e+00
3.338982344e+00
3.235881567e+00
3.110928774e+00
2.998305082e+00
2.974564075e+00
3.003298998e+00
2.958192587e+00
3.002744675e+00
3.017830133e+00
2.958293915e+00
2.904432535e+00
2.820499659e+00
2.785710096e+00
2.740502119e+00
2.759499073e+00
2.679050684e+00
2.684674501e+00
2.716989517e+00
2.886042595e+00
3.159846067e+00
3.269937754e+00
2.899548054e+00
2.852266312e+00
2.749736309e+00
3.020363092e+00
2.950303078e+00
2.926461697e+00
2.940861225e+00
3.182853460e+00
3.200690031e+00
2.829658270e+00
2.713813543e+00
2.718149185e+00
2.749910831e+00
2.970559597e+00
3.224832296e+00
2.958952665e+00
2.637225628e+00
2.472131729e+00
3.400837421e+00
3.340625286e+00
3.535989285e+00
3.127454281e+00
3.032269716e+00
2.990895987e+00
3.006940365e+00
2.975054264e+00
2.830975294e+00
2.784707069e+00
2.816465855e+00
2.940313339e+00
3.024447203e+00
3.049650431e+00
2.976438999e+00
2.840310812e+00
3.212368488e+00
3.301095486e+00
3.225338459e+00
2.946790457e+00
2.703465939e+00
2.786826849e+00
3.065507889e+00
2.971559763e+00
3.339486837e+00
3.462165117e+00
3.142286539e+00
3.192439079e+00
2.845104694e+00
2.849394321e+00
2.854919672e+00
2.781505823e+00
3.170717716e+00
3.232956648e+00
3.318778992e+00
3.650692463e+00
3.494735718e+00
3.456717491e+00
3.440167427e+00
3.417509794e+00
3.310149431e+00
3.391226530e+00
3.523745060e+00
2.732838154e+00
2.693753242e+00
3.489458323e+00
3.529927492e+00
3.535455465e+00
3.556288958e+00
3.577002287e+00
3.656847239e+00
3.778368950e+00
3.545519829e+00
3.706795692e+00
3.455633640e+00
3.575285196e+00
3.484999418e+00
3.449655294e+00
3.666383982e+00
3.443547964e+00
3.221146345e+00
3.125838518e+00
3.097229958e+00
3.024065733e+00
3.121600151e+00
3.252329111e+00
3.370160580e+00
3.449954987e+00
2.997444868e+00
3.308638096e+00
3.146905422e+00
3.172383785e+00
3.159618378e+00
3.138350964e+00
3.035394907e+00
3.041300535e+00
3.114964008e+00
3.234266281e+00
3.300111294e+00
3.243855000e+00
3.152781248e+00
3.059789658e+00
3.081938744e+00
3.137439966e+00
3.098842144e+00
3.083655834e+00
3.307953835e+00
3.282169580e+00
2.682489872e+00
2.909159422e+00
3.191556215e+00
2.944627285e+00
3.505025387e+00
3.334769249e+00
3.196402550e+00
3.088605165e+00
3.052164555e+00
3.094022751e+00
3.143950701e+00
3.547054768e+00
3.072706223e+00
3.022380114e+00
2.902841806e+00
2.826681852e+00
2.713865995e+00
3.146349430e+00
3.207249403e+00
3.335981846e+00
3.428868532e+00
3.072527885e+00
3.565423727e+00
3.583817005e+00
3.582479239e+00
3.509896755e+00
3.385856152e+00
3.266104698e+00
3.167994738e+00
3.201573133e+00
3.195291042e+00
3.291356802e+00
3.374603748e+00
3.635806561e+00
3.301902294e+00
3.011129856e+00
2.676784992e+00
2.834710121e+00
3.297134399e+00
2.889598846e+00
2.845421314e+00
2.732678890e+00
2.619886160e+00
