1.199830055e+00
1.143966675e+00
1.075265169e+00
1.081292868e+00
1.174384356e+00
1.217637181e+00
1.208659649e+00
1.227852345e+00
1.275492907e+00
1.396145821e+00
1.465198517e+00
1.445402265e+00
1.343387127e+00
1.263715029e+00
1.198720574e+00
1.151634932e+00
1.088860035e+00
1.054381371e+00
1.069741368e+00
1.133398771e+00
1.226288915e+00
1.320259213e+00
1.382327080e+00
1.433500051e+00
1.390020013e+00
1.288886070e+00
1.229164839e+00
1.220791221e+00
1.239076138e+00
1.305760026e+00
1.367953658e+00
1.372417688e+00
1.349693656e+00
1.271106243e+00
1.213855743e+00
1.147197247e+00
1.146819592e+00
1.152467966e+00
1.183085918e+00
1.252191901e+00
1.292317033e+00
1.214407563e+00
1.205380201e+00
1.213476777e+00
1.217285872e+00
1.200337172e+00
1.190979600e+00
1.156377435e+00
1.115722418e+00
1.118798733e+00
1.124044418e+00
1.115821004e+00
1.139125705e+00
1.124549031e+00
1.100284457e+00
1.168811798e+00
1.185783863e+00
1.165254712e+00
1.181748390e+00
1.222378731e+00
1.216124177e+00
1.147196293e+00
1.098320365e+00
1.071104050e+00
1.112818480e+00
1.237435699e+00
1.329238176e+00
1.371379018e+00
1.305377245e+00
1.234458208e+00
1.204597354e+00
1.195645571e+00
1.178394675e+00
1.144826651e+00
1.136251688e+00
1.194687009e+00
1.286767960e+00
1.326136351e+00
1.298621058e+00
1.276148677e+00
1.205127358e+00
1.161444783e+00
1.149516582e+00
1.125429988e+00
1.102783203e+00
1.118468761e+00
1.132769227e+00
1.138545394e+00
1.150677323e+00
1.146692634e+00
1.155493140e+00
1.165078163e+00
1.112214208e+00
1.079376340e+00
1.082531214e+00
1.070348620e+00
1.072390318e+00
1.079527974e+00
1.128181219e+00
1.187246323e+00
1.177864432e+00
1.166362762e+00
1.198974133e+00
1.218872905e+00
1.193904996e+00
1.127550006e+00
1.091535449e+00
1.123918176e+00
1.210146904e+00
1.279452085e+00
1.352618337e+00
1.314887643e+00
1.344976425e+00
1.382730842e+00
1.344093680e+00
1.251333237e+00
1.180840015e+00
1.157361031e+00
1.204220057e+00
1.203261495e+00
1.164648771e+00
1.113173962e+00
1.123539805e+00
1.126692891e+00
1.114661217e+00
1.058342457e+00
1.027521729e+00
9.661068320e-01
9.242145419e-01
9.520080686e-01
1.043889999e+00
1.173576355e+00
1.215467691e+00
1.167777300e+00
1.146819115e+00
1.222001433e+00
1.308178902e+00
1.245278716e+00
1.168885231e+00
1.205177665e+00
1.205203414e+00
1.244169235e+00
1.267145276e+00
1.213047028e+00
1.225152969e+00
1.287927270e+00
1.300108910e+00
1.329692483e+00
1.391505599e+00
1.330396295e+00
1.241167784e+00
1.190500021e+00
1.175720453e+00
1.160613418e+00
1.106692791e+00
1.140159488e+00
1.282151341e+00
1.363336325e+00
1.378796577e+00
1.374433041e+00
1.348960757e+00
1.328834653e+00
1.269339800e+00
1.200034142e+00
1.161723971e+00
1.124144793e+00
1.112569690e+00
1.167977333e+00
1.247745395e+00
1.308550954e+00
1.298286438e+00
1.251457214e+00
1.179654121e+00
1.167522907e+00
1.140336990e+00
1.126312971e+00
1.133525729e+00
1.142707825e+00
1.144194007e+00
1.132037401e+00
1.154158354e+00
1.290597558e+00
1.362144470e+00
1.348652124e+00
1.293444514e+00
1.242124200e+00
1.219401479e+00
1.146085382e+00
1.053023219e+00
1.011381507e+00
1.022859454e+00
1.092569709e+00
1.169971347e+00
1.172997594e+00
1.142833829e+00
1.135872960e+00
1.183287263e+00
1.351357102e+00
1.420786619e+00
1.354433656e+00
1.299250603e+00
1.229062200e+00
1.142128348e+00
1.140059829e+00
1.179779768e+00
1.160737395e+00
1.111129165e+00
1.047726274e+00
1.041521192e+00
1.148784399e+00
1.183386922e+00
1.136703491e+00
1.133903742e+00
1.211633682e+00
1.211205006e+00
1.211735249e+00
1.178469181e+00
1.261014104e+00
1.325577021e+00
1.260309458e+00
1.132871509e+00
1.059377074e+00
1.103109121e+00
1.165857434e+00
1.210801482e+00
1.186262488e+00
1.164574504e+00
1.266262650e+00
1.391281009e+00
1.469665766e+00
1.521466494e+00
1.505174518e+00
1.427421451e+00
1.409564853e+00
1.348102212e+00
1.325176597e+00
1.336046815e+00
1.324671984e+00
1.264344811e+00
1.204194188e+00
1.207828164e+00
1.248458505e+00
1.264800310e+00
1.264069080e+00
1.258393407e+00
1.248834848e+00
1.261419177e+00
1.295315981e+00
1.295391440e+00
1.235264778e+00
1.149718761e+00
1.182528853e+00
1.246590376e+00
1.236022949e+00
1.155368209e+00
1.105329990e+00
1.119629622e+00
1.127270341e+00
1.171358705e+00
1.264925599e+00
1.292542219e+00
1.248179436e+00
1.213828087e+00
1.271255612e+00
8.401259780e-01
8.888803124e-01
1.199856639e+00
1.217182517e+00
1.245806932e+00
1.276678443e+00
1.275846124e+00
1.243487239e+00
1.214381814e+00
1.166009665e+00
1.193298697e+00
1.247599244e+00
1.343209386e+00
1.319703698e+00
1.283385754e+00
1.271078706e+00
1.296047926e+00
1.482604742e+00
1.556697965e+00
1.217403531e+00
1.154074788e+00
1.422273159e+00
1.357686281e+00
1.356853247e+00
1.365098238e+00
1.275769711e+00
1.273550272e+00
1.275870204e+00
1.281822085e+00
1.229112625e+00
1.134813666e+00
1.068659663e+00
1.079857826e+00
1.174307942e+00
1.163488984e+00
1.230550766e+00
1.265633583e+00
1.343336344e+00
1.399701595e+00
1.398212552e+00
1.359827876e+00
1.318492174e+00
1.326538324e+00
1.258670449e+00
1.204647422e+00
1.245454073e+00
1.300083041e+00
1.288784742e+00
1.305504918e+00
1.327649593e+00
1.290902972e+00
1.287421823e+00
1.309918880e+00
1.302074909e+00
1.300158739e+00
1.307926059e+00
1.291758657e+00
1.217006326e+00
1.140892267e+00
1.114938378e+00
1.086438656e+00
1.148079991e+00
1.181117058e+00
1.187953234e+00
1.186641216e+00
1.211736560e+00
1.174536228e+00
1.211583734e+00
1.154132128e+00
1.173852921e+00
1.183763862e+00
1.292743444e+00
1.422221303e+00
1.436874509e+00
1.424088240e+00
1.392763376e+00
1.306511760e+00
1.255139351e+00
1.233954191e+00
1.217360377e+00
1.315291762e+00
1.469035745e+00
1.485052466e+00
1.411886930e+00
1.302379370e+00
1.235292315e+00
1.198040962e+00
1.316047788e+00
1.391200662e+00
1.363132954e+00
1.274384141e+00
1.246188045e+00
1.370064974e+00
1.366281390e+00
9.499142170e-01
1.266688943e+00
1.306060910e+00
1.328761101e+00
1.256931901e+00
1.275771737e+00
1.265808940e+00
1.209038019e+00
1.193250060e+00
1.258115888e+00
1.354809403e+00
1.295490384e+00
1.262022495e+00
1.177913666e+00
1.159376860e+00
1.148205042e+00
1.156149864e+00
1.102908969e+00
1.069641352e+00
1.099251509e+00
1.099908113e+00
1.115997672e+00
1.186538935e+00
1.205254674e+00
1.193627119e+00
1.175720453e+00
1.199478745e+00
1.202782035e+00
1.206565022e+00
1.201621652e+00
1.182782888e+00
1.141471982e+00
1.115141392e+00
1.054509521e+00
1.037863612e+00
1.137359023e+00
1.228809357e+00
1.359071016e+00
1.328985572e+00
1.284547329e+00
1.248633265e+00
1.200411677e+00
1.207976341e+00
1.179958344e+00
1.147625446e+00
1.163212419e+00
1.230551600e+00
1.299275160e+00
1.298670650e+00
1.205254912e+00
1.123817682e+00
1.106715918e+00
1.127874851e+00
1.170753121e+00
1.181346297e+00
1.203640938e+00
1.236705303e+00
1.236125231e+00
1.255972862e+00
1.223513246e+00
1.257913709e+00
1.300308466e+00
1.302350402e+00
1.244244218e+00
1.229515433e+00
1.190197110e+00
1.147499681e+00
1.143741608e+00
1.096374869e+00
1.098141432e+00
1.068481684e+00
1.048631907e+00
1.137537122e+00
1.234585285e+00
1.292718649e+00
1.252693772e+00
1.250903130e+00
1.257258534e+00
1.214963436e+00
1.162933946e+00
1.113653898e+00
1.113224983e+00
1.121320605e+00
1.093073845e+00
1.047446132e+00
1.062831283e+00
1.068001986e+00
1.045781374e+00
1.022503018e+00
1.037533998e+00
1.070297480e+00
1.022931457e+00
9.963490367e-01
9.679229259e-01
1.004545927e+00
1.022376895e+00
1.014811158e+00
1.038595200e+00
1.089466929e+00
1.134989619e+00
1.128155470e+00
1.193728089e+00
1.208910704e+00
1.214584947e+00
1.228153706e+00
1.177032351e+00
1.113274813e+00
1.081547260e+00
1.137689233e+00
1.160236716e+00
1.213551641e+00
1.408756018e+00
1.578437567e+00
7.561426759e-01
1.157685161e+00
1.485883355e+00
1.375416994e+00
1.349212766e+00
1.299605608e+00
1.308129072e+00
1.458267570e+00
1.544875622e+00
1.156447530e+00
1.502656102e+00
1.386767507e+00
1.231636286e+00
1.146010160e+00
1.188079238e+00
1.249541640e+00
1.288733125e+00
1.351605177e+00
1.405552387e+00
1.398468494e+00
1.368758202e+00
1.283641100e+00
1.200942159e+00
1.184549093e+00
1.219956517e+00
1.255365968e+00
1.232490897e+00
1.219906688e+00
1.302428007e+00
1.408178449e+00
1.509690523e+00
1.570017457e+00
1.471331120e+00
1.315090537e+00
1.201623321e+00
1.091406345e+00
1.096349597e+00
1.123134136e+00
1.153098702e+00
1.141622901e+00
1.074612141e+00
1.091711402e+00
1.079076171e+00
1.099252343e+00
1.122125745e+00
1.182681561e+00
1.194509625e+00
1.224849939e+00
1.274306774e+00
1.327597857e+00
1.326867461e+00
1.315921426e+00
1.352262020e+00
1.309490561e+00
1.205809951e+00
1.186591744e+00
1.203008413e+00
1.246970415e+00
1.282556653e+00
1.247525096e+00
1.178395987e+00
1.100588202e+00
1.018618226e+00
1.031027675e+00
1.115342736e+00
1.197512746e+00
1.216150403e+00
1.282203197e+00
1.322859526e+00
1.254989266e+00
1.177157640e+00
1.131734252e+00
1.085858345e+00
1.093222380e+00
1.087194681e+00
1.131306291e+00
1.180412889e+00
1.214609742e+00
1.251003265e+00
1.271759629e+00
1.292491436e+00
1.305833220e+00
1.269515157e+00
1.223134995e+00
1.274054885e+00
1.280107737e+00
1.296876669e+00
1.345752835e+00
1.291304111e+00
1.269058824e+00
1.246715665e+00
1.196602583e+00
1.100008726e+00
1.115418434e+00
1.162327051e+00
1.157888412e+00
1.141573191e+00
1.227222323e+00
1.343942165e+00
1.279705524e+00
1.240941286e+00
1.247648835e+00
1.274584770e+00
1.226993918e+00
1.225556731e+00
1.238747358e+00
1.278518200e+00
1.272892356e+00
1.252970815e+00
1.205632567e+00
1.194660664e+00
1.205254316e+00
1.232063413e+00
1.232442141e+00
1.218595266e+00
1.127651572e+00
1.177158833e+00
1.291558862e+00
1.361344457e+00
1.378064990e+00
1.389263034e+00
1.354760647e+00
1.288783550e+00
1.280964971e+00
1.271834254e+00
1.232793927e+00
1.213147759e+00
1.257461905e+00
1.237613559e+00
1.253476977e+00
1.348483562e+00
1.328332424e+00
1.255394220e+00
1.170577168e+00
1.178394437e+00
1.194585323e+00
1.188936114e+00
1.181647778e+00
1.134760141e+00
1.216677666e+00
1.254029512e+00
1.330928922e+00
1.303286672e+00
1.246237874e+00
1.226893425e+00
1.211635470e+00
1.320587635e+00
1.302856922e+00
1.281922340e+00
1.221519589e+00
1.168656945e+00
1.153878927e+00
1.181471348e+00
1.203212619e+00
1.187348008e+00
1.216930032e+00
1.271682978e+00
1.372340083e+00
1.399099588e+00
1.350070596e+00
1.300814986e+00
1.340335488e+00
1.389307857e+00
1.378488183e+00
1.375867486e+00
1.261571884e+00
1.138218522e+00
1.185279727e+00
1.299698830e+00
1.353141904e+00
1.286131620e+00
1.235443234e+00
1.191533446e+00
1.167725682e+00
1.178569078e+00
1.190069795e+00
1.206034780e+00
1.177585602e+00
1.149063230e+00
1.059982419e+00
1.075242877e+00
1.149315238e+00
1.290624499e+00
1.299653649e+00
1.202178121e+00
1.162278771e+00
1.110650539e+00
1.096552014e+00
1.053474069e+00
1.109086633e+00
1.140209198e+00
1.115341902e+00
1.074660063e+00
1.099149108e+00
1.163439751e+00
1.237611175e+00
1.320083022e+00
1.316879034e+00
1.265277147e+00
1.274054766e+00
1.303311348e+00
1.311052680e+00
1.260787845e+00
1.250145316e+00
1.212390304e+00
1.153878927e+00
1.108962297e+00
1.145784736e+00
1.165835381e+00
1.163690209e+00
1.150196314e+00
1.074406981e+00
1.169439554e+00
1.209240556e+00
1.230727792e+00
1.240034938e+00
1.225835681e+00
1.226516247e+00
1.200009346e+00
1.221850276e+00
1.197687864e+00
1.155189872e+00
1.110170960e+00
1.079099298e+00
1.054482698e+00
1.119429111e+00
1.201799035e+00
1.214005828e+00
1.186944246e+00
1.078569174e+00
1.027951360e+00
1.072214246e+00
1.099779963e+00
1.134107471e+00
1.098975301e+00
1.215239882e+00
1.334301949e+00
1.304973245e+00
1.207800746e+00
1.125708222e+00
1.081698895e+00
1.049135447e+00
1.075693250e+00
1.096072793e+00
1.147600770e+00
1.161445737e+00
1.208734155e+00
1.274332762e+00
1.305303097e+00
1.291633368e+00
1.196451068e+00
1.148684859e+00
1.111686110e+00
1.060965776e+00
1.024395227e+00
1.050272822e+00
1.080160856e+00
1.106541872e+00
1.164523125e+00
1.188935518e+00
1.277005911e+00
1.273828268e+00
1.185758471e+00
1.139983892e+00
1.159428120e+00
1.148683310e+00
1.177132010e+00
1.209036827e+00
1.195293069e+00
1.167752147e+00
1.168533921e+00
1.145809293e+00
1.133323908e+00
1.131179810e+00
1.173023224e+00
1.366710186e+00
1.631351233e+00
1.335442305e+00
1.348528862e+00
1.292668819e+00
1.658488154e+00
1.619849205e+00
1.608778238e+00
1.584795356e+00
1.106561661e+00
1.413271904e+00
1.318794847e+00
1.254155040e+00
1.190321684e+00
1.151911974e+00
1.113829136e+00
1.034257889e+00
1.023943424e+00
1.046415567e+00
1.037058353e+00
1.021698356e+00
1.058975339e+00
1.104145765e+00
1.141497374e+00
1.236981511e+00
1.293095708e+00
1.333826542e+00
1.356424689e+00
1.357658744e+00
1.443254590e+00
1.538462877e+00
1.607264876e+00
1.497251272e+00
1.454175949e+00
1.392388344e+00
1.352617741e+00
1.349566460e+00
1.333046913e+00
1.257309914e+00
1.162505388e+00
1.150854111e+00
1.133603096e+00
1.135797501e+00
1.121345997e+00
1.100437880e+00
1.129239917e+00
1.105204582e+00
1.094511628e+00
1.115166545e+00
1.164952040e+00
1.182050824e+00
1.172845840e+00
1.283034086e+00
1.333974481e+00
1.351956487e+00
1.315590382e+00
1.305833578e+00
1.261495233e+00
1.273349762e+00
1.300281882e+00
1.288553238e+00
1.315413475e+00
1.334986925e+00
1.324144363e+00
1.319023728e+00
1.337308764e+00
1.343311071e+00
1.351911187e+00
1.353700876e+00
1.351327896e+00
1.338314295e+00
1.278343558e+00
1.254964232e+00
1.212392688e+00
1.206995487e+00
1.255770683e+00
1.334408402e+00
1.421818376e+00
1.548425555e+00
1.592335343e+00
1.523737669e+00
1.419428468e+00
1.274031281e+00
1.177310348e+00
1.182909727e+00
1.225380421e+00
1.295139432e+00
1.237863779e+00
1.241445303e+00
1.282202005e+00
1.265759706e+00
1.233678341e+00
1.180057049e+00
1.138871908e+00
1.120637059e+00
1.148885608e+00
1.145505548e+00
1.242884755e+00
1.273880005e+00
1.287499666e+00
1.297234535e+00
1.275419235e+00
1.269617438e+00
1.308758974e+00
1.452164173e+00
1.459908247e+00
1.390299201e+00
1.286541462e+00
1.194914937e+00
1.195747256e+00
1.232569098e+00
1.319301248e+00
1.318393469e+00
1.347195268e+00
1.334887028e+00
1.263287067e+00
1.205380321e+00
1.186036110e+00
1.205531359e+00
1.164876103e+00
1.168836594e+00
1.171105027e+00
1.196755052e+00
1.164119601e+00
1.142277479e+00
1.152138114e+00
1.161193967e+00
1.187021136e+00
1.171636105e+00
1.162405968e+00
1.135368943e+00
1.174561858e+00
1.293551445e+00
1.381217837e+00
1.358342648e+00
1.310197711e+00
1.293603063e+00
1.374483466e+00
1.487265468e+00
1.556193113e+00
1.589408636e+00
1.652661443e+00
1.776722670e+00
1.818440080e+00
1.675994039e+00
1.527923346e+00
1.390726566e+00
1.404746652e+00
1.415212512e+00
1.396224141e+00
1.416527152e+00
1.357686877e+00
1.308885694e+00
1.228105545e+00
1.162128091e+00
1.130349278e+00
1.104573965e+00
1.071684957e+00
1.133274794e+00
1.246185660e+00
1.369390488e+00
1.434080362e+00
1.442805052e+00
1.382629514e+00
1.324117780e+00
1.298922896e+00
1.341974020e+00
1.364369392e+00
1.365075588e+00
1.370347023e+00
1.352970958e+00
1.414256930e+00
1.457637429e+00
1.447674632e+00
1.488026619e+00
1.524896860e+00
1.426031828e+00
1.447999001e+00
1.471050501e+00
1.435490131e+00
1.363714218e+00
1.276198268e+00
1.268380046e+00
1.208859801e+00
1.240385652e+00
1.273297906e+00
1.325477719e+00
1.458008289e+00
1.518437624e+00
1.459042668e+00
1.359019637e+00
1.306688070e+00
1.200006604e+00
1.152493596e+00
1.054181576e+00
1.097487330e+00
1.186087370e+00
1.251154542e+00
1.255417585e+00
1.243084311e+00
1.288229346e+00
1.303838134e+00
1.261949420e+00
1.166539550e+00
1.122807622e+00
1.125833988e+00
1.162351966e+00
1.229010940e+00
1.213123560e+00
1.197134256e+00
1.209240317e+00
1.212619305e+00
1.241976380e+00
1.209540248e+00
1.172087312e+00
1.160688758e+00
1.217108250e+00
1.240410686e+00
1.297863483e+00
1.341999054e+00
1.363412619e+00
1.336577177e+00
1.321418405e+00
1.340862751e+00
1.329613686e+00
1.340482831e+00
1.382578731e+00
1.457206488e+00
1.065731883e+00
1.453777313e+00
1.455089331e+00
1.383613706e+00
1.327294946e+00
1.321091056e+00
1.298644662e+00
1.263008475e+00
1.227825165e+00
1.190448523e+00
1.134711981e+00
1.126743436e+00
1.099378586e+00
1.160210729e+00
1.169666767e+00
1.157687902e+00
1.187196493e+00
1.168129206e+00
1.174585700e+00
1.187776327e+00
1.226413488e+00
1.200588226e+00
1.160841107e+00
1.131835461e+00
1.063462853e+00
1.014861584e+00
1.124498248e+00
1.265278459e+00
1.275745869e+00
1.241067410e+00
1.294353962e+00
1.320736647e+00
1.317081809e+00
1.293626904e+00
1.303136110e+00
1.263690829e+00
1.280084252e+00
1.325051904e+00
1.450272441e+00
1.510196924e+00
1.117964149e+00
1.465656877e+00
1.382731438e+00
1.342301846e+00
1.193299055e+00
1.156453013e+00
1.151056051e+00
1.148508310e+00
1.165506124e+00
1.211231589e+00
