3.986953020e+00
3.753679514e+00
3.339886904e+00
3.397905588e+00
3.818380356e+00
3.990109921e+00
4.074735165e+00
3.733456373e+00
3.736306667e+00
3.624871492e+00
3.458692074e+00
3.359563828e+00
3.268225431e+00
3.317439079e+00
4.169563293e+00
4.146182537e+00
4.204298496e+00
4.232902050e+00
4.244027615e+00
4.323908329e+00
4.525772572e+00
4.204428196e+00
4.458807945e+00
4.071469307e+00
4.216328621e+00
4.297320843e+00
3.757141590e+00
3.618335485e+00
3.902269363e+00
4.524963856e+00
4.282705307e+00
4.196896076e+00
4.256574154e+00
4.293125153e+00
4.226708889e+00
4.141882420e+00
4.338724136e+00
4.595975399e+00
4.131761551e+00
4.032707691e+00
4.428672314e+00
4.438232422e+00
4.477674484e+00
4.114785194e+00
3.981655836e+00
4.213843346e+00
4.042972088e+00
3.952873230e+00
4.087551117e+00
4.150454998e+00
3.832406282e+00
3.811597347e+00
3.726947069e+00
3.655542850e+00
3.630214930e+00
3.641668320e+00
4.190377235e+00
4.278681755e+00
4.277072430e+00
4.167079926e+00
4.067010403e+00
3.998024702e+00
3.996057272e+00
4.014494896e+00
3.594827414e+00
3.586781979e+00
3.920109034e+00
3.855684042e+00
3.905073881e+00
4.004515171e+00
4.067290783e+00
4.146337986e+00
4.211942673e+00
4.320128441e+00
3.913776159e+00
3.927852631e+00
3.882500172e+00
4.195555210e+00
4.049076080e+00
3.949443579e+00
4.058309555e+00
4.059143066e+00
3.653220654e+00
3.698499203e+00
3.889786005e+00
3.923737288e+00
3.841658831e+00
4.101748943e+00
4.027233124e+00
4.080227852e+00
4.265928268e+00
4.546361446e+00
4.286586285e+00
3.913247347e+00
3.950374365e+00
3.954030991e+00
3.916852713e+00
3.852632046e+00
3.786446095e+00
4.494405270e+00
3.941909552e+00
3.974823475e+00
4.139808178e+00
3.657200575e+00
3.598510265e+00
3.576034069e+00
3.936836243e+00
3.871879339e+00
4.245718479e+00
4.211921215e+00
4.367297173e+00
4.396225929e+00
3.977221251e+00
4.055114269e+00
4.231475353e+00
3.402215004e+00
3.422417641e+00
3.824104548e+00
4.130720139e+00
4.083197594e+00
4.185279369e+00
4.664281368e+00
4.255588531e+00
4.022641659e+00
3.974236965e+00
4.002472878e+00
4.386192322e+00
4.304162502e+00
4.187200546e+00
4.080129147e+00
4.002366543e+00
3.926943779e+00
3.925729990e+00
4.143415928e+00
4.215501785e+00
3.845014334e+00
3.922528744e+00
3.956631422e+00
3.943135262e+00
3.656596899e+00
4.141845703e+00
3.695640326e+00
3.637474775e+00
4.014571667e+00
4.527766705e+00
4.684026241e+00
4.336445332e+00
4.397741795e+00
4.733390808e+00
4.660270691e+00
4.568025589e+00
4.426369190e+00
4.254823208e+00
4.113045692e+00
4.077353477e+00
4.098189354e+00
4.160561085e+00
4.230790615e+00
4.258911133e+00
4.339628220e+00
4.388438702e+00
4.342099190e+00
4.206543446e+00
4.110191345e+00
4.046454430e+00
4.036921978e+00
3.992299557e+00
3.965359688e+00
3.958196163e+00
3.952447414e+00
3.934257984e+00
3.987254143e+00
4.021711349e+00
4.046479702e+00
4.109162331e+00
4.215984821e+00
4.307120800e+00
4.294411182e+00
4.264469624e+00
4.305938721e+00
4.245754719e+00
4.080839157e+00
3.883759022e+00
3.800796986e+00
3.844512224e+00
3.885196686e+00
4.002941132e+00
4.110781670e+00
4.190053940e+00
4.318817139e+00
4.446753979e+00
4.563714504e+00
4.138574600e+00
4.114408493e+00
4.108179569e+00
4.217703342e+00
4.570404530e+00
4.100505352e+00
4.187048912e+00
3.822915077e+00
3.833969355e+00
3.829496861e+00
4.277095318e+00
4.267992496e+00
4.159574986e+00
4.063623905e+00
4.368135929e+00
4.283557415e+00
3.854775190e+00
3.937389612e+00
4.373002529e+00
4.402665138e+00
4.441157341e+00
4.490998268e+00
4.394666672e+00
4.369418621e+00
4.559072495e+00
4.303735733e+00
3.948890209e+00
3.952017069e+00
3.824506521e+00
4.080554962e+00
4.370582104e+00
4.316024303e+00
4.014322281e+00
3.680505037e+00
3.584275961e+00
3.872384548e+00
4.119858265e+00
4.056621075e+00
4.041692734e+00
4.047496319e+00
4.096405506e+00
4.106665611e+00
3.994898558e+00
3.886457920e+00
3.755423069e+00
3.652915001e+00
3.689665318e+00
3.735315800e+00
3.582467079e+00
3.527379036e+00
3.683814049e+00
4.001204491e+00
3.757642746e+00
3.711688042e+00
3.914886713e+00
3.990355730e+00
4.409756184e+00
4.255511284e+00
4.135698795e+00
3.698217869e+00
3.652564049e+00
4.291707516e+00
4.157792568e+00
4.101569176e+00
4.109771729e+00
4.180118084e+00
3.828037977e+00
4.369618416e+00
4.415472507e+00
3.950577021e+00
3.918670416e+00
3.802136898e+00
4.172322273e+00
4.172828197e+00
3.714208841e+00
3.675261736e+00
3.583549261e+00
4.009046078e+00
4.110371590e+00
3.755647898e+00
3.760389805e+00
4.084844589e+00
4.024659634e+00
3.994114161e+00
3.957338572e+00
3.889588118e+00
3.770730972e+00
3.700561285e+00
3.651123285e+00
3.700435162e+00
3.759910583e+00
3.704240799e+00
3.715719223e+00
3.778827667e+00
4.006052971e+00
4.050390244e+00
3.307171345e+00
3.383953571e+00
3.933602095e+00
4.046733379e+00
3.974796534e+00
3.872083426e+00
3.712338448e+00
4.030941963e+00
3.977571964e+00
3.503997087e+00
3.397954464e+00
3.361048937e+00
3.442547083e+00
3.764526606e+00
3.768485069e+00
3.877528667e+00
4.102229118e+00
3.759579659e+00
3.833714962e+00
3.869682550e+00
4.239797115e+00
4.178174973e+00
4.050268173e+00
4.045651913e+00
3.962009668e+00
3.941527843e+00
4.119502544e+00
4.256090164e+00
3.967738628e+00
3.926192522e+00
3.987236738e+00
3.965519667e+00
3.894403458e+00
4.250743866e+00
4.182713032e+00
4.098063469e+00
4.002539635e+00
4.167631626e+00
4.401302814e+00
3.999841452e+00
3.868952513e+00
3.733475208e+00
4.035608768e+00
3.872308254e+00
3.783671379e+00
3.720611811e+00
3.740235329e+00
3.759909153e+00
3.834756136e+00
3.973732471e+00
3.547656536e+00
3.763060331e+00
3.944221258e+00
3.615281820e+00
3.902728081e+00
3.807482004e+00
3.681542397e+00
4.044437408e+00
3.992300510e+00
4.053390026e+00
4.060880184e+00
3.926214695e+00
3.823608637e+00
3.827762842e+00
3.857532501e+00
3.913730383e+00
3.849486113e+00
3.772596598e+00
3.767175913e+00
3.803573132e+00
3.864318371e+00
3.824516058e+00
3.295615435e+00
3.254071712e+00
3.140284061e+00
3.089835644e+00
3.087086201e+00
3.518721581e+00
3.603548765e+00
3.845570803e+00
4.026780605e+00
3.877355337e+00
4.081510067e+00
3.755548477e+00
3.848851442e+00
4.218581200e+00
3.972321510e+00
3.769520044e+00
4.036441326e+00
4.038408279e+00
4.075212002e+00
4.156551838e+00
3.770606279e+00
3.781299591e+00
3.892487288e+00
4.442825317e+00
4.500959873e+00
4.503858566e+00
4.426673412e+00
4.314510822e+00
4.172877312e+00
4.092061520e+00
4.116179466e+00
4.170663834e+00
3.817144394e+00
3.864085913e+00
3.498417139e+00
3.918919563e+00
3.935996056e+00
3.875079632e+00
3.769114971e+00
3.692131758e+00
3.640656233e+00
3.623906612e+00
3.766291380e+00
3.773632288e+00
3.438032866e+00
3.605086565e+00
4.150953770e+00
4.136572838e+00
3.889618874e+00
3.681235075e+00
3.960390568e+00
3.874051809e+00
3.885802984e+00
4.066483021e+00
4.060781002e+00
3.662296534e+00
3.656093121e+00
3.785967588e+00
3.853919983e+00
3.523644209e+00
3.585089445e+00
3.558983564e+00
3.866329193e+00
4.294672012e+00
4.560812473e+00
4.321691036e+00
3.901474714e+00
3.782712221e+00
3.670516491e+00
3.894637585e+00
4.227278709e+00
4.086491108e+00
4.051027298e+00
4.280326366e+00
4.091958523e+00
4.320707321e+00
4.510519028e+00
4.613277435e+00
4.323964119e+00
4.513947010e+00
4.630253792e+00
4.662540436e+00
4.930241108e+00
5.172160625e+00
5.185122013e+00
5.174203873e+00
4.518689156e+00
4.330294609e+00
4.205416203e+00
4.160264492e+00
4.593101501e+00
4.583241940e+00
4.420215130e+00
4.286204338e+00
4.251221180e+00
4.310493946e+00
4.186700821e+00
4.250286102e+00
4.366743088e+00
4.441027164e+00
4.492329597e+00
4.536221504e+00
4.669884205e+00
4.698365211e+00
4.565229893e+00
4.438782692e+00
4.384222507e+00
4.371611118e+00
4.287515640e+00
4.198857784e+00
4.143365383e+00
4.215249538e+00
4.227707386e+00
3.787553549e+00
3.805840015e+00
3.931456566e+00
3.913318157e+00
3.898868799e+00
3.997568369e+00
4.180132866e+00
4.387807369e+00
3.985939980e+00
3.979228973e+00
3.948406219e+00
4.256260872e+00
4.202385426e+00
3.891808510e+00
4.858980656e+00
4.342105865e+00
4.314813614e+00
4.324618340e+00
4.373324871e+00
4.121749401e+00
3.752419949e+00
3.750757456e+00
3.834042072e+00
4.628366470e+00
4.328503132e+00
4.298134327e+00
4.189447880e+00
4.351050854e+00
4.167529583e+00
4.445718288e+00
4.277804375e+00
4.166592598e+00
4.300981522e+00
4.453996181e+00
4.029783249e+00
4.118016720e+00
4.065727234e+00
4.597060680e+00
4.659086227e+00
4.187458992e+00
4.151161671e+00
4.440048218e+00
4.353808880e+00
4.319958210e+00
4.420869827e+00
4.667285442e+00
4.858258247e+00
4.484738827e+00
4.509962082e+00
4.438629627e+00
4.805965424e+00
4.764621735e+00
4.680173397e+00
4.598801136e+00
4.591587067e+00
4.516571999e+00
4.444054127e+00
4.446070671e+00
4.471798897e+00
4.417063713e+00
4.396887302e+00
4.434422016e+00
4.621982574e+00
4.329920292e+00
4.004028797e+00
3.538598776e+00
3.993583679e+00
4.642689228e+00
4.313702106e+00
4.353890896e+00
4.404709816e+00
4.470694542e+00
4.849096775e+00
5.215927124e+00
5.267712593e+00
5.300654888e+00
4.792018414e+00
4.552387714e+00
4.850312710e+00
4.748278618e+00
4.167879105e+00
4.015328884e+00
4.228545666e+00
4.196135044e+00
4.180097580e+00
4.157968521e+00
4.081286907e+00
4.061234951e+00
4.047412872e+00
3.963994503e+00
3.977112532e+00
4.038076878e+00
4.076751709e+00
4.044184208e+00
3.969981909e+00
3.942027569e+00
4.070243835e+00
4.217598438e+00
3.769572258e+00
3.801858664e+00
3.823881388e+00
3.976810694e+00
4.187129498e+00
4.347576141e+00
4.365210056e+00
4.503859997e+00
4.049482822e+00
4.040326595e+00
4.004231453e+00
3.910928249e+00
4.318850994e+00
4.237403870e+00
4.548455715e+00
4.379865170e+00
4.300079823e+00
4.259065628e+00
4.087246418e+00
3.954007387e+00
3.925252199e+00
3.977591753e+00
4.068276405e+00
4.082295895e+00
4.104472637e+00
4.040298939e+00
4.069593430e+00
4.223574638e+00
4.180678368e+00
4.260985851e+00
3.967656612e+00
4.306890965e+00
4.244107723e+00
4.369542122e+00
4.483874798e+00
4.117286205e+00
4.617017269e+00
4.493594646e+00
4.669558525e+00
4.533931732e+00
4.464659691e+00
4.414689541e+00
4.340031147e+00
4.167856693e+00
4.193206787e+00
4.229957104e+00
4.268980980e+00
4.169699669e+00
4.025825500e+00
3.949189663e+00
3.835888147e+00
4.003826141e+00
4.082402229e+00
3.747052670e+00
3.805924416e+00
3.928811073e+00
4.096322060e+00
3.575049639e+00
3.592908144e+00
3.729673624e+00
3.782334566e+00
3.784479380e+00
3.959483385e+00
4.097729683e+00
4.187199116e+00
4.150497437e+00
4.775670052e+00
4.751733303e+00
4.680703640e+00
4.131460667e+00
4.671850204e+00
4.734705448e+00
4.377258301e+00
4.501643658e+00
4.223927975e+00
4.417037964e+00
4.676191807e+00
5.198569298e+00
5.330619335e+00
5.258249760e+00
5.281071186e+00
5.298396587e+00
4.671346664e+00
4.987389565e+00
4.809332848e+00
4.689280033e+00
4.647988319e+00
4.582806587e+00
4.494575500e+00
4.793399334e+00
4.749913216e+00
4.720430374e+00
4.658860683e+00
4.574383736e+00
4.643874645e+00
4.642076492e+00
4.664803028e+00
4.714415550e+00
4.781998158e+00
4.779501438e+00
4.389921665e+00
4.437297344e+00
4.449602604e+00
3.805286646e+00
4.173053741e+00
4.130041599e+00
4.395126343e+00
4.356585026e+00
4.355772972e+00
4.402789593e+00
4.563412189e+00
4.742599010e+00
4.426648140e+00
4.880879402e+00
4.861233234e+00
4.821152687e+00
4.763590336e+00
4.709558964e+00
4.354384899e+00
4.263077736e+00
4.259748936e+00
4.352422237e+00
4.523731709e+00
4.546614647e+00
4.657185078e+00
4.730106354e+00
4.793594837e+00
4.853200436e+00
4.519000053e+00
4.620351791e+00
4.913051128e+00
4.774901390e+00
4.692115784e+00
4.589911461e+00
4.364697456e+00
4.195294857e+00
4.324945450e+00
4.267111301e+00
3.912522793e+00
3.961231709e+00
4.040834904e+00
4.426027775e+00
4.376539230e+00
4.738416672e+00
4.632677555e+00
4.558045387e+00
4.471470833e+00
4.471598625e+00
4.583842754e+00
4.458132267e+00
4.270869732e+00
4.370110512e+00
4.796431541e+00
4.654726505e+00
4.489210606e+00
4.724233150e+00
4.584013462e+00
4.401830196e+00
4.354564667e+00
4.394184113e+00
4.358294010e+00
4.354261398e+00
4.308580875e+00
4.342358589e+00
4.563191414e+00
4.249785423e+00
4.132400990e+00
4.286661148e+00
3.928031683e+00
4.288954258e+00
4.626980305e+00
4.613913536e+00
4.617694378e+00
4.622892857e+00
4.737942219e+00
4.312793255e+00
4.759201050e+00
4.939648628e+00
5.060695648e+00
4.658187389e+00
4.968835831e+00
4.421757221e+00
4.279952526e+00
4.145386219e+00
4.511281967e+00
4.522803307e+00
4.663398743e+00
4.308733940e+00
4.716825008e+00
4.676741123e+00
4.728350639e+00
4.686051369e+00
4.981601715e+00
4.875408173e+00
4.822539330e+00
4.882495403e+00
4.910118103e+00
4.566518307e+00
4.618388176e+00
4.621585369e+00
3.876725435e+00
4.239954472e+00
4.631756783e+00
4.636970520e+00
4.652736664e+00
4.539377689e+00
4.964897156e+00
5.212747574e+00
4.858530521e+00
4.586297035e+00
4.575676918e+00
4.633288383e+00
5.010632038e+00
4.849598885e+00
4.718540192e+00
4.576533794e+00
4.477683067e+00
4.817092896e+00
4.878938675e+00
4.513165951e+00
4.211013317e+00
4.124116421e+00
4.424205303e+00
4.754102707e+00
4.650335789e+00
4.551861286e+00
4.434295177e+00
4.240231991e+00
4.239526749e+00
4.257381916e+00
4.236245155e+00
4.202270985e+00
4.234053612e+00
4.267924786e+00
4.348738670e+00
4.359130859e+00
4.384303570e+00
4.309792995e+00
4.258435726e+00
4.187439442e+00
4.371468067e+00
4.514982224e+00
4.065928936e+00
4.017015934e+00
3.939532042e+00
3.830746412e+00
3.807591677e+00
3.851579666e+00
3.920385599e+00
4.012399673e+00
4.564169407e+00
4.165157318e+00
4.217042446e+00
4.109160423e+00
4.516269207e+00
4.567297459e+00
4.823977470e+00
4.991888046e+00
4.145687580e+00
4.151948452e+00
4.469553947e+00
4.904410839e+00
4.854922771e+00
4.411395550e+00
4.436266422e+00
4.405114174e+00
4.410837650e+00
4.361855984e+00
4.807125092e+00
4.789164543e+00
4.402863503e+00
4.268754005e+00
4.629976749e+00
4.710213184e+00
4.269206524e+00
4.295165539e+00
4.797544003e+00
4.781370640e+00
4.808614731e+00
4.748958588e+00
4.674423695e+00
4.568538189e+00
4.432177544e+00
4.289037704e+00
4.470115185e+00
4.518291950e+00
4.272411346e+00
4.341628075e+00
4.277932167e+00
4.621484280e+00
4.562990189e+00
4.598657608e+00
4.189775467e+00
3.778000116e+00
3.780116558e+00
4.173932552e+00
4.531279087e+00
4.418026447e+00
4.306412220e+00
4.279072285e+00
4.402163506e+00
3.936782598e+00
4.075514793e+00
4.248021603e+00
4.388813019e+00
4.957284927e+00
5.035706520e+00
5.031036377e+00
4.433259964e+00
4.357614517e+00
4.241610050e+00
4.524549961e+00
4.440074444e+00
4.339259148e+00
4.300792217e+00
4.278715611e+00
4.376582146e+00
4.625128269e+00
4.325134754e+00
3.974370241e+00
3.875966311e+00
4.188561916e+00
3.984555006e+00
3.846378803e+00
4.299752712e+00
4.407890320e+00
4.433237076e+00
4.363696575e+00
4.245546341e+00
4.110649109e+00
4.156655788e+00
4.293776035e+00
3.921699524e+00
4.019893169e+00
4.181097984e+00
4.529847622e+00
4.673998356e+00
4.986541271e+00
4.649104595e+00
4.574163437e+00
4.358353615e+00
4.194719315e+00
4.113801956e+00
4.090317249e+00
4.135215759e+00
4.514510155e+00
4.500107765e+00
4.381230354e+00
4.314532757e+00
4.257071495e+00
4.222517014e+00
4.113171577e+00
3.950070858e+00
3.919047117e+00
4.052482128e+00
4.261562824e+00
3.908076286e+00
4.291655540e+00
4.284041405e+00
4.245979309e+00
4.337813854e+00
4.390330791e+00
4.033135414e+00
3.963743925e+00
3.847213507e+00
3.767655134e+00
3.817625284e+00
3.899020910e+00
4.029149532e+00
3.813736677e+00
4.422819614e+00
3.785716295e+00
3.902625561e+00
3.968939066e+00
4.380692005e+00
4.306261063e+00
3.863911867e+00
3.753152132e+00
4.092461109e+00
3.965585947e+00
4.357060909e+00
4.293495178e+00
4.304268360e+00
4.185134411e+00
4.005105495e+00
4.108882904e+00
4.213039398e+00
4.510093689e+00
4.662136555e+00
4.648013592e+00
4.772469521e+00
4.607351303e+00
4.583163261e+00
4.579505444e+00
4.587299824e+00
4.504995823e+00
4.497199535e+00
4.517301083e+00
4.560485363e+00
4.619862080e+00
4.765155792e+00
5.019609928e+00
4.710491657e+00
4.473117828e+00
4.266629696e+00
4.174624920e+00
4.730290890e+00
4.932813644e+00
4.887135029e+00
4.831364155e+00
4.675788879e+00
4.681670189e+00
4.775417805e+00
4.355501175e+00
4.504040718e+00
4.171058178e+00
3.704692364e+00
4.190213203e+00
4.187512398e+00
4.604450226e+00
4.920989990e+00
4.867366791e+00
4.888729572e+00
4.864338398e+00
4.756429672e+00
4.563545227e+00
4.503839493e+00
4.448928833e+00
4.469863892e+00
4.440729618e+00
4.411469936e+00
4.316308022e+00
4.317945957e+00
4.440704823e+00
4.556910515e+00
4.642718792e+00
4.620673180e+00
4.536377430e+00
4.486964703e+00
4.085326195e+00
4.457252026e+00
4.358349800e+00
4.474374294e+00
4.653060913e+00
4.667384624e+00
4.520053864e+00
4.457703590e+00
4.368309975e+00
4.281342983e+00
4.339406967e+00
3.911380768e+00
4.043502331e+00
4.649609089e+00
