5.081977367e+00
4.938440800e+00
4.970184803e+00
5.181605816e+00
4.428199768e+00
4.158987999e+00
4.224787712e+00
4.229856491e+00
4.629964828e+00
4.650427341e+00
5.263960838e+00
6.081446648e+00
5.138391495e+00
4.629357815e+00
4.478759289e+00
4.678378105e+00
4.534183502e+00
4.389749050e+00
4.281341553e+00
4.231911182e+00
4.172994614e+00
4.289667130e+00
4.922448158e+00
4.674565792e+00
4.799348354e+00
4.746802807e+00
5.418108463e+00
5.428583145e+00
5.311944008e+00
4.784873486e+00
4.726013184e+00
4.795117378e+00
4.475993156e+00
4.495088100e+00
4.638185024e+00
5.053964615e+00
4.993644714e+00
5.051876068e+00
4.797031879e+00
5.002851009e+00
5.558463097e+00
5.252780914e+00
5.088817596e+00
4.483983040e+00
4.675778389e+00
5.117318153e+00
5.242813587e+00
4.924518585e+00
5.264634609e+00
5.371610641e+00
4.950278759e+00
5.039995193e+00
4.646409035e+00
4.534667969e+00
4.768046379e+00
4.500054359e+00
4.756391048e+00
5.023063660e+00
5.026650429e+00
5.127694130e+00
4.858109474e+00
4.505523682e+00
4.922822475e+00
5.252126217e+00
5.509412289e+00
5.404966354e+00
5.578514576e+00
5.343579769e+00
5.561388969e+00
5.666575909e+00
5.135209084e+00
5.414746761e+00
5.316614628e+00
5.150732517e+00
5.047942638e+00
5.558739185e+00
5.222808838e+00
4.788953781e+00
5.094337940e+00
4.946146488e+00
4.797312737e+00
4.741829395e+00
4.719580173e+00
5.123658180e+00
5.190012932e+00
5.203431129e+00
5.166268349e+00
5.049635410e+00
4.936096668e+00
4.893539906e+00
4.831270218e+00
4.828394413e+00
4.895051956e+00
4.948336124e+00
4.479291439e+00
4.416139126e+00
4.343730450e+00
4.345270157e+00
4.448887348e+00
4.672378063e+00
4.695054054e+00
4.753414631e+00
4.802182674e+00
4.304473877e+00
4.637279510e+00
4.593000412e+00
5.038610935e+00
5.065528393e+00
5.112455368e+00
5.189913273e+00
4.777126312e+00
4.701412678e+00
4.612324715e+00
4.980957985e+00
5.120073795e+00
5.535960674e+00
5.337558270e+00
4.422021866e+00
4.447404861e+00
4.425809383e+00
4.760396004e+00
5.248620033e+00
4.652547359e+00
4.570950985e+00
4.616918564e+00
4.149385929e+00
4.014006138e+00
3.918077230e+00
4.120267868e+00
4.611620426e+00
4.808588505e+00
4.685673237e+00
3.997089863e+00
4.165585041e+00
4.132959366e+00
4.271446705e+00
4.887180328e+00
4.779930115e+00
5.131879807e+00
4.618456841e+00
4.570062637e+00
4.510445118e+00
4.884905815e+00
4.815197945e+00
4.797287941e+00
4.852743626e+00
4.881904125e+00
4.833665371e+00
4.710446358e+00
4.548782349e+00
4.417175293e+00
4.384022713e+00
4.534717560e+00
4.770745754e+00
4.427643299e+00
4.456831455e+00
4.561743736e+00
4.200451374e+00
4.286692619e+00
4.390837193e+00
4.953908920e+00
5.403130054e+00
5.393262386e+00
5.516734123e+00
5.809200287e+00
5.306368351e+00
4.894872189e+00
4.936959267e+00
4.617777824e+00
4.686325073e+00
4.150926590e+00
4.040939808e+00
5.131858349e+00
4.965643406e+00
4.804677486e+00
4.838207245e+00
4.898459435e+00
4.767534733e+00
4.456708431e+00
4.467103958e+00
4.667329788e+00
3.650464535e+00
4.360211372e+00
5.232272148e+00
5.045724869e+00
5.673565388e+00
5.440597534e+00
5.717415810e+00
5.130393505e+00
4.958100796e+00
4.828526497e+00
4.650554657e+00
4.939734459e+00
4.813281536e+00
4.651916981e+00
4.580819607e+00
4.835180759e+00
5.036714554e+00
4.675251961e+00
4.679868698e+00
4.713804245e+00
4.285153389e+00
4.280210972e+00
4.300165653e+00
3.791096687e+00
3.768919945e+00
4.194604397e+00
5.028998852e+00
5.168544769e+00
5.344370365e+00
4.570768833e+00
4.617227077e+00
5.014743328e+00
4.998162746e+00
5.354852676e+00
5.317473412e+00
5.315731525e+00
5.316892147e+00
5.411127090e+00
5.385366917e+00
5.679268837e+00
5.505756855e+00
5.426414013e+00
4.988984108e+00
4.905550003e+00
4.953411102e+00
5.325041294e+00
4.844114304e+00
4.840634823e+00
4.906459808e+00
4.859681606e+00
4.907286644e+00
5.080992699e+00
4.928625584e+00
4.936294556e+00
4.566914558e+00
5.061974049e+00
5.429088116e+00
5.031168938e+00
5.532731533e+00
5.038182735e+00
4.857379436e+00
4.853672504e+00
4.979500771e+00
4.964562893e+00
4.927469730e+00
4.859094143e+00
5.282319069e+00
5.671291351e+00
5.145032406e+00
5.082691669e+00
5.182878017e+00
5.333977699e+00
5.291140079e+00
5.251917362e+00
5.219274521e+00
5.047057152e+00
5.383340836e+00
5.451668739e+00
5.199819088e+00
4.508432865e+00
4.614074707e+00
5.012088776e+00
4.875724792e+00
4.769491673e+00
5.032368183e+00
4.819254398e+00
4.857299805e+00
4.981464863e+00
5.204119205e+00
5.383225441e+00
5.215035915e+00
5.302754402e+00
4.872070312e+00
4.791284084e+00
4.830086708e+00
4.798647404e+00
4.898837090e+00
5.373547554e+00
5.523057461e+00
4.977924347e+00
5.476447582e+00
5.392209530e+00
4.831595421e+00
5.428255558e+00
5.511842728e+00
5.028091431e+00
5.087330818e+00
5.157672405e+00
5.059979439e+00
6.243575096e+00
6.028620720e+00
5.594068527e+00
5.670615196e+00
5.845757484e+00
5.539086819e+00
5.142925739e+00
5.394438744e+00
5.252520561e+00
5.178399086e+00
5.340728760e+00
5.450634956e+00
5.014672756e+00
4.924573898e+00
4.931158543e+00
5.042816162e+00
5.369395256e+00
5.367483139e+00
5.154055119e+00
4.943899632e+00
4.906986237e+00
5.225336552e+00
5.475755215e+00
5.480678082e+00
5.397596359e+00
5.228714943e+00
5.320569515e+00
5.360256672e+00
4.758903503e+00
5.508483410e+00
5.563356400e+00
5.512721062e+00
5.531244278e+00
5.601961613e+00
5.586445808e+00
5.622752190e+00
5.170477867e+00
5.173755169e+00
5.187489033e+00
5.634147167e+00
5.707048416e+00
5.211861610e+00
5.350021839e+00
5.556475639e+00
5.240643978e+00
4.819889069e+00
5.384845257e+00
5.737172127e+00
5.709969521e+00
5.720718861e+00
5.522389889e+00
5.496097088e+00
5.813031197e+00
5.722611904e+00
5.499226570e+00
5.488701820e+00
5.250663757e+00
5.109330177e+00
5.083366394e+00
5.363840580e+00
5.301065445e+00
5.376503468e+00
5.122721672e+00
5.639907360e+00
5.576042652e+00
5.474444866e+00
5.169600964e+00
5.092424870e+00
5.072315693e+00
5.127216816e+00
5.127843857e+00
5.265897751e+00
5.709871769e+00
5.257544518e+00
5.295237541e+00
5.221147537e+00
5.092296124e+00
5.023692131e+00
5.237925053e+00
5.788127422e+00
5.319260120e+00
5.349611759e+00
5.650150776e+00
5.601888180e+00
5.401662827e+00
5.294056416e+00
5.247938156e+00
5.478383064e+00
5.114919186e+00
4.973395348e+00
4.939482689e+00
4.872269630e+00
5.305107117e+00
4.874481201e+00
4.900295258e+00
5.022381783e+00
5.010502815e+00
5.178810596e+00
4.707565308e+00
5.034465313e+00
5.303194046e+00
5.272412777e+00
4.806794167e+00
4.937765121e+00
4.590050697e+00
4.724323273e+00
4.396520138e+00
4.364200115e+00
4.722607136e+00
5.177894592e+00
5.153851032e+00
5.100944996e+00
4.927991390e+00
5.220971584e+00
5.202875137e+00
5.004452229e+00
4.218664646e+00
4.568197250e+00
4.811186314e+00
4.756714821e+00
4.985349655e+00
4.828524113e+00
4.863263607e+00
4.995259762e+00
5.239610195e+00
4.915235043e+00
4.903877735e+00
5.028310776e+00
5.111315250e+00
4.910212040e+00
5.327150345e+00
5.485223293e+00
5.079986572e+00
5.128652573e+00
4.656378746e+00
4.718468666e+00
4.989837170e+00
5.103828430e+00
5.312323570e+00
5.220540524e+00
5.356732368e+00
4.659881592e+00
4.618656158e+00
4.790853024e+00
5.004951954e+00
5.052811623e+00
4.894216061e+00
4.877916336e+00
4.783360004e+00
4.757401943e+00
4.635668278e+00
4.620778084e+00
4.519306183e+00
4.438338757e+00
4.458547592e+00
4.424864769e+00
4.459858894e+00
4.447420597e+00
4.562644482e+00
4.777659416e+00
4.280630112e+00
4.287975311e+00
4.156370640e+00
4.174920082e+00
4.217963219e+00
3.892641068e+00
4.565247059e+00
4.536154747e+00
4.377311707e+00
4.066219807e+00
4.174079418e+00
4.919721603e+00
4.657993317e+00
4.575949669e+00
4.560378551e+00
4.414327621e+00
4.368251801e+00
4.531562328e+00
4.336838722e+00
5.053823471e+00
4.873180389e+00
4.860640526e+00
4.882417679e+00
5.075333118e+00
5.053489685e+00
4.564389229e+00
4.693162441e+00
5.133801937e+00
5.002578259e+00
4.889325619e+00
4.881958008e+00
4.951688290e+00
5.000054359e+00
5.111774921e+00
4.985851765e+00
4.968446255e+00
4.927948952e+00
4.574154377e+00
4.619619846e+00
4.804601669e+00
4.378700733e+00
4.779169559e+00
4.365628719e+00
4.168327808e+00
4.545415401e+00
4.651307583e+00
5.330819130e+00
4.781339645e+00
5.364447117e+00
4.693763256e+00
4.631925583e+00
5.032401085e+00
5.361816883e+00
5.240144730e+00
5.423838139e+00
5.268820286e+00
4.968191147e+00
4.749858856e+00
4.786944866e+00
4.698540211e+00
4.562097073e+00
4.433448315e+00
4.372514248e+00
4.457115173e+00
4.557132244e+00
4.259922981e+00
4.317394733e+00
5.079986572e+00
4.846283436e+00
5.027076244e+00
4.965440750e+00
4.823746681e+00
4.998063564e+00
4.927466393e+00
4.424415112e+00
4.383539200e+00
4.625924110e+00
4.350943565e+00
4.024014473e+00
4.607560635e+00
4.128017426e+00
4.101854324e+00
4.694726467e+00
4.510479927e+00
4.339998722e+00
4.769557476e+00
4.294353485e+00
4.376856804e+00
4.326020718e+00
4.655669689e+00
4.611443996e+00
4.459993839e+00
4.436200619e+00
4.430698872e+00
4.437257767e+00
4.378772736e+00
4.358740330e+00
4.476636410e+00
4.203522205e+00
4.553894997e+00
4.715538979e+00
4.418337345e+00
4.319789886e+00
4.289515018e+00
4.906901836e+00
4.778738976e+00
4.956764221e+00
4.528211594e+00
4.128640175e+00
4.182732582e+00
4.240434170e+00
5.069080830e+00
4.680647850e+00
5.235352516e+00
5.185419559e+00
5.182214260e+00
5.143841743e+00
4.768547058e+00
4.865838528e+00
5.149792194e+00
4.634120464e+00
4.573698997e+00
4.663086414e+00
4.754289150e+00
4.347383022e+00
4.765417576e+00
4.636593819e+00
4.547739029e+00
4.560295582e+00
5.430767536e+00
4.979972363e+00
4.755779743e+00
4.852511883e+00
4.539283276e+00
4.554600716e+00
4.592520237e+00
4.425066471e+00
4.335432053e+00
4.774629593e+00
5.040977478e+00
5.378875256e+00
5.448266029e+00
4.904991627e+00
4.860032558e+00
4.810604572e+00
5.305315018e+00
5.265493393e+00
5.222881317e+00
5.074112892e+00
5.127120972e+00
5.126411438e+00
5.175027847e+00
5.152901649e+00
5.199045658e+00
4.797132015e+00
4.814289570e+00
4.800187111e+00
4.212940693e+00
4.628449440e+00
5.272509575e+00
5.187623024e+00
4.740170479e+00
4.459052563e+00
4.459360600e+00
4.595804691e+00
4.142930984e+00
4.063582420e+00
4.165485382e+00
4.068097115e+00
4.768043995e+00
4.840832233e+00
4.774704456e+00
4.696796417e+00
4.695182323e+00
4.773747921e+00
4.869974613e+00
4.865207195e+00
5.079075813e+00
5.253529072e+00
5.014939785e+00
4.912204266e+00
4.907133102e+00
4.743344307e+00
5.070171356e+00
4.950404167e+00
4.966021061e+00
4.698433876e+00
4.558788300e+00
4.463574886e+00
4.654208660e+00
4.370494843e+00
4.245255470e+00
4.213288784e+00
4.359194279e+00
4.391943455e+00
4.546326160e+00
4.609453201e+00
4.760675907e+00
4.487408161e+00
5.233607769e+00
4.468922615e+00
4.649189472e+00
4.626855373e+00
3.655392885e+00
4.273319244e+00
4.421645641e+00
4.119767189e+00
4.443641663e+00
4.302407265e+00
4.271124363e+00
4.183619976e+00
4.711279869e+00
4.319107056e+00
4.385209084e+00
4.331836224e+00
4.414851665e+00
4.437212944e+00
4.134646416e+00
4.317995548e+00
4.331310272e+00
4.723410606e+00
4.850417137e+00
4.491325855e+00
4.894063950e+00
4.494827271e+00
5.306067944e+00
5.148200989e+00
5.076857090e+00
4.990651608e+00
4.910596371e+00
4.719826221e+00
4.886047363e+00
4.929893494e+00
4.703860760e+00
4.438600540e+00
4.376704693e+00
4.691699982e+00
4.682715893e+00
4.812169075e+00
4.873911381e+00
4.781389713e+00
4.975954056e+00
4.672526836e+00
4.385744095e+00
4.477959633e+00
4.835282326e+00
5.110079765e+00
5.224880219e+00
5.707675934e+00
5.659385681e+00
5.052258968e+00
4.731863022e+00
4.724421024e+00
5.272238255e+00
5.036035061e+00
4.824865818e+00
5.449849129e+00
5.090655327e+00
5.308638096e+00
5.179364204e+00
5.058789730e+00
5.024856091e+00
4.804523468e+00
4.401555061e+00
4.354734421e+00
3.927572250e+00
4.445661068e+00
5.386269569e+00
4.925798893e+00
4.806590080e+00
4.656682014e+00
4.428074360e+00
4.628218174e+00
4.660989285e+00
4.663486004e+00
4.722500324e+00
4.699339867e+00
4.837126255e+00
4.865660191e+00
4.750916004e+00
4.875473022e+00
4.596909046e+00
4.632761955e+00
4.769101143e+00
4.444040775e+00
4.465718269e+00
4.466853619e+00
4.349361420e+00
4.717712402e+00
5.356269360e+00
5.272633076e+00
5.187455654e+00
4.921923161e+00
4.767334461e+00
4.569943428e+00
5.086821556e+00
5.337398529e+00
5.510804653e+00
4.912735462e+00
4.941272736e+00
4.913397789e+00
5.281238079e+00
5.175019264e+00
5.556263447e+00
5.408567905e+00
5.329006672e+00
5.131678581e+00
5.080489635e+00
5.118083954e+00
4.965368271e+00
4.324681282e+00
4.264991283e+00
4.255304337e+00
4.201841354e+00
4.308815002e+00
4.319515228e+00
4.508456707e+00
4.752530098e+00
4.922903061e+00
5.027078629e+00
5.285552502e+00
5.193390369e+00
5.023922443e+00
4.977853298e+00
4.852260113e+00
4.742257118e+00
4.623804569e+00
4.835331917e+00
4.939229012e+00
5.103271008e+00
4.970889568e+00
4.741828918e+00
4.472584248e+00
4.625171661e+00
4.690942287e+00
4.789614201e+00
4.409003735e+00
4.445684433e+00
4.738829613e+00
5.470991611e+00
5.246948242e+00
5.071071625e+00
4.842700481e+00
5.312421799e+00
4.783990383e+00
4.748695374e+00
5.015218258e+00
5.096056938e+00
4.591537476e+00
4.606247902e+00
4.603274822e+00
4.683273315e+00
4.694881439e+00
4.960818291e+00
5.171442032e+00
4.806242943e+00
4.759143353e+00
4.320522308e+00
4.341589928e+00
4.810277462e+00
4.676187038e+00
5.413550854e+00
5.529099941e+00
5.994158745e+00
5.732648373e+00
5.295012951e+00
4.815476418e+00
5.142529964e+00
5.436024189e+00
5.358667850e+00
5.096330643e+00
4.984610558e+00
4.887479305e+00
4.845295906e+00
4.783787727e+00
4.869973183e+00
4.820625305e+00
4.676508427e+00
4.686449051e+00
4.595948219e+00
4.768349171e+00
5.071050644e+00
4.313080311e+00
4.417805195e+00
4.821129322e+00
4.909228802e+00
4.857830524e+00
4.817868233e+00
5.031519413e+00
5.004519463e+00
4.858493328e+00
4.983051300e+00
4.938068390e+00
4.944828987e+00
5.482724190e+00
5.335253239e+00
5.183778763e+00
5.098608494e+00
5.034853935e+00
4.946928024e+00
4.979821205e+00
4.991377831e+00
4.612575054e+00
4.776394844e+00
4.326046944e+00
4.302910328e+00
4.249222755e+00
5.022303581e+00
4.822868347e+00
5.060108662e+00
5.628504753e+00
5.505886555e+00
5.453509808e+00
5.433427811e+00
5.488781452e+00
5.393429279e+00
5.567790985e+00
5.565242767e+00
5.509764671e+00
5.682866573e+00
5.128100872e+00
4.898661613e+00
4.615888119e+00
5.096058369e+00
4.689787865e+00
4.745040894e+00
4.878222942e+00
4.752963066e+00
5.187456608e+00
5.381376743e+00
5.093183041e+00
5.344135761e+00
4.959790230e+00
5.139200211e+00
5.132461071e+00
4.566204071e+00
5.168998718e+00
5.132255077e+00
4.928575993e+00
4.963339806e+00
4.978855133e+00
4.926403522e+00
4.884572029e+00
5.219420910e+00
5.302129745e+00
5.444777012e+00
5.452193260e+00
5.391460896e+00
5.298402786e+00
5.177474499e+00
4.908848763e+00
4.926383018e+00
4.935997486e+00
4.957648754e+00
5.061017990e+00
4.873653412e+00
4.917379379e+00
4.923308372e+00
5.333945751e+00
5.189791203e+00
5.250014782e+00
5.471215248e+00
5.161230564e+00
4.801549435e+00
4.760651588e+00
4.832483292e+00
4.788104534e+00
4.810306549e+00
4.732646942e+00
4.760634899e+00
4.560530663e+00
4.459514618e+00
4.286186218e+00
4.963936806e+00
5.097316265e+00
5.120119095e+00
5.058534145e+00
4.966958046e+00
4.587806702e+00
4.665535450e+00
4.161451817e+00
4.571708202e+00
4.388491631e+00
4.480504513e+00
4.424973488e+00
4.881357670e+00
4.367702961e+00
4.414680481e+00
4.363966942e+00
4.278009415e+00
4.347012520e+00
4.886901379e+00
4.816233158e+00
4.379262447e+00
4.368314266e+00
4.338366032e+00
4.367885113e+00
4.419471264e+00
4.342576027e+00
4.858369827e+00
4.749806881e+00
4.702778816e+00
4.689100266e+00
4.766457558e+00
4.693393707e+00
4.697858334e+00
4.813107014e+00
4.282176971e+00
4.311367035e+00
4.325494766e+00
4.709593296e+00
4.735757828e+00
4.800467968e+00
5.032575130e+00
5.170457363e+00
5.000663280e+00
4.986509323e+00
5.431427479e+00
5.380059242e+00
4.936277866e+00
4.843029976e+00
4.750810623e+00
5.101761818e+00
4.523616314e+00
4.497179985e+00
4.588688374e+00
4.733153820e+00
4.892835140e+00
4.526646614e+00
4.497179031e+00
4.280684471e+00
4.670683861e+00
5.018170834e+00
4.884886265e+00
4.794530869e+00
4.148138046e+00
4.431024551e+00
4.621459961e+00
4.531615734e+00
4.401858330e+00
4.804527283e+00
4.316840172e+00
4.278286457e+00
4.333339691e+00
4.662230015e+00
4.237263203e+00
4.246390820e+00
4.767566681e+00
4.139627457e+00
4.424162865e+00
4.240060329e+00
4.655222893e+00
4.564045429e+00
4.536318779e+00
4.696696758e+00
4.762545586e+00
4.816990852e+00
4.859375954e+00
5.015600681e+00
4.529856205e+00
4.482373238e+00
4.476996899e+00
4.427651882e+00
5.108339787e+00
4.772915363e+00
5.113143444e+00
5.163901806e+00
4.471748352e+00
4.005602360e+00
4.285956860e+00
4.347416401e+00
5.088366032e+00
4.556499958e+00
4.504019260e+00
