1.092370605e+01
1.083258629e+01
1.156212997e+01
1.178323650e+01
1.098676395e+01
1.111847782e+01
1.146084118e+01
1.191767120e+01
1.124336052e+01
1.076052952e+01
1.095991611e+01
1.115505886e+01
1.113282585e+01
1.113611126e+01
1.079104996e+01
1.092325878e+01
1.146382332e+01
1.167896748e+01
1.170342445e+01
1.162645626e+01
1.172905159e+01
1.250666237e+01
1.302529144e+01
1.220296955e+01
1.178791523e+01
1.195973301e+01
1.147726536e+01
1.160436344e+01
1.246060944e+01
1.191913795e+01
1.074511814e+01
1.128406906e+01
1.074262142e+01
1.046797657e+01
1.125719070e+01
1.109631252e+01
1.133176327e+01
1.109598446e+01
1.172315502e+01
1.225796986e+01
1.175720501e+01
1.138830853e+01
1.076873684e+01
1.022670650e+01
1.113393116e+01
1.260041714e+01
1.137163925e+01
1.080106068e+01
1.210066605e+01
1.032240868e+01
1.060838032e+01
1.095236397e+01
1.150419903e+01
1.072648525e+01
1.030275726e+01
1.016304111e+01
1.205951500e+01
1.152595425e+01
1.162600899e+01
1.158840561e+01
1.138656521e+01
1.127035618e+01
1.058170033e+01
1.004879284e+01
1.078196812e+01
1.069422722e+01
1.185090542e+01
1.292632866e+01
1.135758400e+01
1.119323635e+01
1.158113575e+01
1.131860161e+01
1.196262074e+01
1.189397144e+01
1.210812473e+01
1.166865253e+01
1.224296379e+01
1.202751160e+01
1.226104927e+01
1.289721394e+01
1.233685493e+01
1.195217800e+01
1.248018646e+01
1.245463848e+01
1.273779392e+01
1.260541534e+01
1.290490437e+01
1.277670479e+01
1.175276470e+01
1.148825550e+01
1.127731133e+01
1.134392452e+01
1.106834126e+01
1.135751438e+01
1.121922493e+01
1.164791393e+01
1.112400532e+01
1.139294243e+01
1.127045536e+01
1.050321674e+01
1.027683735e+01
1.063200188e+01
1.058144855e+01
9.796371460e+00
1.034134865e+01
1.078646374e+01
1.194052029e+01
1.285772896e+01
1.186151028e+01
1.232125092e+01
1.155563736e+01
1.099905872e+01
1.140735435e+01
1.144328690e+01
1.258058453e+01
1.114568996e+01
1.107235432e+01
1.080264854e+01
1.181816006e+01
1.138485336e+01
1.122170639e+01
1.128997040e+01
1.192774010e+01
1.140790462e+01
1.075979614e+01
1.117815399e+01
1.093614101e+01
1.121129036e+01
1.178959274e+01
1.167195702e+01
1.214036846e+01
1.138796329e+01
1.091977501e+01
1.109416676e+01
1.070250130e+01
1.093719769e+01
1.123441219e+01
1.146899033e+01
1.123940945e+01
1.143552685e+01
1.050250626e+01
1.060792446e+01
1.125088787e+01
1.160834980e+01
1.142063904e+01
1.130581474e+01
1.121883774e+01
1.113722229e+01
1.153030682e+01
1.101928711e+01
1.107461071e+01
1.109772110e+01
1.087064838e+01
1.029345703e+01
9.323237419e+00
9.654753685e+00
1.087841129e+01
1.130989933e+01
1.069534016e+01
9.948264122e+00
1.074078083e+01
1.093570328e+01
1.029986477e+01
1.006260872e+01
1.061080074e+01
1.041522408e+01
1.022878838e+01
1.069729996e+01
1.001493073e+01
1.041372967e+01
1.043892288e+01
1.077135468e+01
1.056162071e+01
1.096965408e+01
1.193913651e+01
1.209373474e+01
1.158684063e+01
1.258786964e+01
1.143617630e+01
1.242453575e+01
1.201598644e+01
1.141718864e+01
1.097523594e+01
1.169798088e+01
1.058146667e+01
1.174419498e+01
1.232553864e+01
1.121931839e+01
1.182685661e+01
1.077185631e+01
1.064777660e+01
1.134253216e+01
1.150593185e+01
1.131827831e+01
1.177762508e+01
1.250686455e+01
1.243316650e+01
1.209716511e+01
1.057629871e+01
1.078585052e+01
1.054270840e+01
1.150208187e+01
1.157337570e+01
1.078900623e+01
1.080474472e+01
1.161390114e+01
1.142560387e+01
1.182499790e+01
1.199144268e+01
1.201357269e+01
1.156148338e+01
1.170338821e+01
1.149600601e+01
1.184436893e+01
1.225571346e+01
1.150970173e+01
1.197120667e+01
1.079369640e+01
1.100938320e+01
1.068046474e+01
1.160896015e+01
1.123111534e+01
1.212669468e+01
1.232976151e+01
1.181218624e+01
1.185009861e+01
1.154657078e+01
1.121981335e+01
1.192604065e+01
1.142643833e+01
1.156726646e+01
1.229475307e+01
1.230614948e+01
1.214830971e+01
1.173314190e+01
1.155359459e+01
1.115551281e+01
1.123116016e+01
1.136082172e+01
1.136066914e+01
1.036994362e+01
1.127928066e+01
1.125968456e+01
1.197149658e+01
1.121670914e+01
1.001596260e+01
1.080834961e+01
1.077538681e+01
1.094695473e+01
1.030866814e+01
1.097824478e+01
1.143888855e+01
1.163822746e+01
1.076267815e+01
1.013562393e+01
1.088748741e+01
1.091442966e+01
1.100731182e+01
1.122489357e+01
1.063872242e+01
1.103578281e+01
1.157288742e+01
1.156202412e+01
1.194485950e+01
1.201396751e+01
1.167418194e+01
1.131557560e+01
1.182206154e+01
1.235488892e+01
1.175064468e+01
1.155181503e+01
1.191235733e+01
1.131488514e+01
1.198111057e+01
1.150664520e+01
1.204841614e+01
1.313469219e+01
1.170559502e+01
1.109650803e+01
1.150447464e+01
1.188401318e+01
1.106657600e+01
1.222131538e+01
1.185846043e+01
1.250495911e+01
1.152804947e+01
1.136477184e+01
1.249359131e+01
1.274574566e+01
1.205861092e+01
1.174630547e+01
1.185480022e+01
1.117610550e+01
1.117893314e+01
1.094710732e+01
1.222410202e+01
1.173729897e+01
1.152318192e+01
1.231312466e+01
1.219752216e+01
1.239082718e+01
1.209284878e+01
1.190724850e+01
1.197892857e+01
1.089351654e+01
1.182140541e+01
1.295474243e+01
1.190693283e+01
1.185935116e+01
1.134510136e+01
1.019408894e+01
1.029564857e+01
1.222563744e+01
1.252240944e+01
1.308048344e+01
1.263721752e+01
1.283769512e+01
1.263041401e+01
1.314302921e+01
1.340876770e+01
1.364055252e+01
1.382675266e+01
1.321105385e+01
1.347792435e+01
1.308008480e+01
1.259011745e+01
1.267192936e+01
1.361773205e+01
1.225123692e+01
1.155358028e+01
1.166979218e+01
1.211349487e+01
1.155400562e+01
1.203567982e+01
1.128893471e+01
1.150538635e+01
1.224340153e+01
1.266482258e+01
1.130672741e+01
1.122872257e+01
1.090117836e+01
1.164343262e+01
1.072600651e+01
1.105875969e+01
1.048840046e+01
1.244382381e+01
1.261273384e+01
1.247498989e+01
1.279114056e+01
1.368592644e+01
1.302461147e+01
1.202470779e+01
1.213933754e+01
1.236026955e+01
1.206489563e+01
1.279823303e+01
1.315821648e+01
1.328325748e+01
1.180178928e+01
1.204920101e+01
1.230506611e+01
1.218167114e+01
1.235680103e+01
1.190640831e+01
1.251592922e+01
1.232415295e+01
1.193306255e+01
1.237316036e+01
1.237709045e+01
1.190739059e+01
1.073445702e+01
1.097556019e+01
1.217525101e+01
1.126701927e+01
1.298507881e+01
1.342477608e+01
1.334602642e+01
1.300004864e+01
1.251322746e+01
1.258374500e+01
1.320117569e+01
1.406436634e+01
1.336695004e+01
1.271157551e+01
1.372515965e+01
1.298593044e+01
1.294044781e+01
1.284543228e+01
1.267640114e+01
1.159551334e+01
1.177558708e+01
1.220927715e+01
1.194774532e+01
1.144672108e+01
1.142444992e+01
1.167617130e+01
1.184984016e+01
1.192406368e+01
1.166280937e+01
1.187533283e+01
1.163677597e+01
1.096468925e+01
1.158530235e+01
1.238684368e+01
1.230742455e+01
1.168064213e+01
9.907014847e+00
1.017787266e+01
1.105020809e+01
1.099442196e+01
9.777937889e+00
9.747840881e+00
9.961563110e+00
1.048649120e+01
1.044664192e+01
9.698765755e+00
1.028016472e+01
1.086331081e+01
1.161017227e+01
1.139426041e+01
1.171617222e+01
1.167919350e+01
1.126172733e+01
1.156455040e+01
1.190600204e+01
1.186403751e+01
1.189505768e+01
1.169816780e+01
1.162804508e+01
1.178370953e+01
1.193820477e+01
1.167166328e+01
1.174732780e+01
1.066000366e+01
1.165990257e+01
1.244376850e+01
1.286821079e+01
1.242071247e+01
1.180345821e+01
1.194741154e+01
1.117638874e+01
1.149741364e+01
1.140116596e+01
1.139350510e+01
1.157498741e+01
1.149279785e+01
1.145423698e+01
1.161812115e+01
1.075831509e+01
1.171526432e+01
1.146129704e+01
1.196562672e+01
1.175134945e+01
1.181437397e+01
1.255658245e+01
1.234713173e+01
1.186121368e+01
1.091144466e+01
1.124231148e+01
1.136612415e+01
1.116576672e+01
1.080423546e+01
1.047680855e+01
1.078941536e+01
1.069024467e+01
1.034158039e+01
1.095049000e+01
1.112331963e+01
1.053731346e+01
1.165385056e+01
1.201987457e+01
1.196216869e+01
1.263824177e+01
1.156047440e+01
1.178680897e+01
1.053365135e+01
1.091969490e+01
1.213003731e+01
1.194521427e+01
1.257403469e+01
1.303605843e+01
1.262200165e+01
1.229194927e+01
1.172202492e+01
1.220455837e+01
1.212304211e+01
1.246439266e+01
1.218067646e+01
1.211961842e+01
1.109346104e+01
1.087934399e+01
1.115509701e+01
1.125179672e+01
1.128339958e+01
1.216872025e+01
1.224298763e+01
1.273170948e+01
1.332672405e+01
1.235580158e+01
1.180214691e+01
1.205051422e+01
1.131941032e+01
1.138135052e+01
1.139017582e+01
1.285387707e+01
1.368512917e+01
1.271147919e+01
1.242578697e+01
1.329775238e+01
1.251650524e+01
1.138666725e+01
1.162921524e+01
1.130009365e+01
1.189030361e+01
1.097140026e+01
1.144081974e+01
1.102373409e+01
1.134385204e+01
1.120139790e+01
1.156583691e+01
1.080671310e+01
1.164754868e+01
1.165241432e+01
1.104468346e+01
1.119038486e+01
1.121295834e+01
1.260717106e+01
1.274494648e+01
1.184383583e+01
1.208775902e+01
1.190630627e+01
1.149736309e+01
1.144286537e+01
1.146929646e+01
1.288315105e+01
1.280607986e+01
1.176335907e+01
1.177735233e+01
1.237375832e+01
1.230878639e+01
1.245156193e+01
1.287578201e+01
1.233897591e+01
1.223530006e+01
1.187351322e+01
1.175278568e+01
1.172867966e+01
1.179571247e+01
1.159175396e+01
1.172948551e+01
1.289570522e+01
1.138175297e+01
1.101031208e+01
1.086130714e+01
1.035887527e+01
1.145609665e+01
1.184433556e+01
1.215901089e+01
1.172115898e+01
1.169858932e+01
1.173576164e+01
1.245176697e+01
1.199271297e+01
1.123190022e+01
1.077883720e+01
1.084249115e+01
1.018881893e+01
1.141204166e+01
1.229898071e+01
1.249544144e+01
1.112591553e+01
1.165566635e+01
1.158502007e+01
1.183049488e+01
1.117780399e+01
1.192095089e+01
1.093500042e+01
1.175079441e+01
1.220844173e+01
1.153256416e+01
1.165091705e+01
1.166007519e+01
1.195541382e+01
1.074671364e+01
1.073969936e+01
1.091784573e+01
1.068381119e+01
1.119399071e+01
1.235940266e+01
1.185489845e+01
1.196763134e+01
1.207436943e+01
1.179316902e+01
1.198910141e+01
1.177967167e+01
1.200438690e+01
1.166517830e+01
1.057175922e+01
1.113346100e+01
1.058462238e+01
1.230723858e+01
1.207769775e+01
1.222613907e+01
1.190484524e+01
1.184113121e+01
1.202993107e+01
1.232273102e+01
1.200633144e+01
1.143455696e+01
1.159160519e+01
1.150220490e+01
1.164997101e+01
1.130127430e+01
1.168066216e+01
1.058588696e+01
1.058333683e+01
1.047254658e+01
1.061268806e+01
1.093154335e+01
1.156187534e+01
1.035834885e+01
1.019504356e+01
1.119325352e+01
1.155625153e+01
1.216531563e+01
1.188582611e+01
1.110652447e+01
1.188037491e+01
1.269198799e+01
1.170941162e+01
1.142487717e+01
1.047892380e+01
1.147062778e+01
1.221004486e+01
1.221591187e+01
1.234861946e+01
1.245630646e+01
1.140055847e+01
1.162668514e+01
1.185470581e+01
1.192297173e+01
1.261002064e+01
1.192145538e+01
1.157566643e+01
1.171208763e+01
1.182140732e+01
1.216607094e+01
1.176847839e+01
1.135754299e+01
1.178782368e+01
1.178179169e+01
1.195801067e+01
1.133931160e+01
1.169074821e+01
1.111321163e+01
1.062772179e+01
1.095780373e+01
1.080173588e+01
1.044649601e+01
9.985169411e+00
1.042528248e+01
1.038225365e+01
1.046586037e+01
1.044366741e+01
1.034477425e+01
1.134699821e+01
1.107916260e+01
1.078106308e+01
1.051493645e+01
1.086272717e+01
1.077165318e+01
1.143742275e+01
1.047993279e+01
1.100229168e+01
1.020100403e+01
1.101649094e+01
1.191826057e+01
1.236750507e+01
1.189387131e+01
1.116322613e+01
1.078270435e+01
1.089985275e+01
1.119313812e+01
1.073616791e+01
1.130622005e+01
1.121146870e+01
1.181675148e+01
1.218811989e+01
1.218468952e+01
1.116526985e+01
1.108678341e+01
1.164873981e+01
1.181586361e+01
1.091624260e+01
1.059786129e+01
1.165327644e+01
1.084468746e+01
1.170964146e+01
1.254365635e+01
1.277831554e+01
1.246135330e+01
1.245045376e+01
1.233682442e+01
1.212851620e+01
1.193563080e+01
1.206942463e+01
1.176774406e+01
1.099538517e+01
1.068669319e+01
1.063725853e+01
1.172381687e+01
1.135057735e+01
1.247535515e+01
1.155354691e+01
1.102323246e+01
1.201245403e+01
1.192544937e+01
1.164421654e+01
1.142021179e+01
1.156694221e+01
1.233703327e+01
1.187744522e+01
1.144659042e+01
1.171874809e+01
1.184123993e+01
1.178873348e+01
1.143718815e+01
1.165272427e+01
1.187307072e+01
1.221502018e+01
1.146704960e+01
1.253201675e+01
1.258376884e+01
1.169380474e+01
1.242708302e+01
1.147667789e+01
1.068593788e+01
1.145048237e+01
1.114647293e+01
1.181669617e+01
1.090218258e+01
1.049652576e+01
1.078403091e+01
1.264837551e+01
1.195291424e+01
1.129303646e+01
1.246568012e+01
1.288805962e+01
1.150376606e+01
1.122529030e+01
1.133443832e+01
1.222492981e+01
1.196403790e+01
1.202254200e+01
1.184504318e+01
1.157181072e+01
1.213600826e+01
1.194052792e+01
1.247727966e+01
1.280361748e+01
1.095505428e+01
1.095795345e+01
1.088431454e+01
1.037625504e+01
1.148357391e+01
1.256033134e+01
1.288438320e+01
1.257673645e+01
1.200490856e+01
1.176073074e+01
1.100912952e+01
1.092503643e+01
1.126099777e+01
1.129913616e+01
1.120710087e+01
1.195140076e+01
1.190133476e+01
1.146664619e+01
1.129028130e+01
1.145307827e+01
1.231724167e+01
1.295576859e+01
1.214231014e+01
1.137883186e+01
1.125251865e+01
1.195141506e+01
1.201121998e+01
1.229547215e+01
1.120276737e+01
1.108483410e+01
1.077301311e+01
1.089730263e+01
1.093951416e+01
1.154265976e+01
1.165543747e+01
1.077391815e+01
1.090039635e+01
1.136482716e+01
1.104030037e+01
1.089564133e+01
1.077586746e+01
1.086174393e+01
1.051737976e+01
1.067911911e+01
1.213872719e+01
1.217358017e+01
1.199522400e+01
1.155215836e+01
1.220452309e+01
1.259482861e+01
1.215651131e+01
1.328383446e+01
1.306878757e+01
1.359128571e+01
1.165407848e+01
1.132664871e+01
1.216049290e+01
1.238084126e+01
1.289893246e+01
1.252305889e+01
1.256701565e+01
1.256833076e+01
1.242737770e+01
1.263858604e+01
1.268131638e+01
1.265816402e+01
1.225559902e+01
1.161079502e+01
1.159249115e+01
1.121278286e+01
1.186973667e+01
1.164449310e+01
1.056003284e+01
1.075236607e+01
1.088193989e+01
1.167624569e+01
1.209159946e+01
1.173903847e+01
1.211303806e+01
1.199285507e+01
1.156156731e+01
1.164714146e+01
1.121164227e+01
1.196236992e+01
1.184812641e+01
1.176005173e+01
1.186340237e+01
1.145579910e+01
1.153120708e+01
1.134694862e+01
1.262254906e+01
1.228788090e+01
1.194715309e+01
1.125499058e+01
1.076986122e+01
1.130480003e+01
1.174481869e+01
1.214138031e+01
1.201858425e+01
1.188609982e+01
1.182381153e+01
1.153461170e+01
1.214591980e+01
1.269060230e+01
1.176307964e+01
1.129683495e+01
1.191482449e+01
1.174282455e+01
1.231247616e+01
1.282172394e+01
1.307660866e+01
1.182309437e+01
1.173939610e+01
1.183820438e+01
1.242338943e+01
1.231721497e+01
1.141262054e+01
1.182272339e+01
1.093396759e+01
1.185601044e+01
1.226278496e+01
1.243161106e+01
1.164504814e+01
1.218261051e+01
1.305734444e+01
1.276842213e+01
1.255239010e+01
1.279200363e+01
1.270721722e+01
1.289971924e+01
1.286539745e+01
1.305177212e+01
1.288721085e+01
1.230225754e+01
1.278771782e+01
1.252078724e+01
1.217058563e+01
1.172280025e+01
1.209795284e+01
1.249428654e+01
1.301488304e+01
1.330839252e+01
1.310128403e+01
1.211393642e+01
1.242524910e+01
1.188279629e+01
1.204420948e+01
1.128321171e+01
1.129637814e+01
1.119144535e+01
1.135961723e+01
1.159234619e+01
1.175995731e+01
1.220423222e+01
1.171468258e+01
1.188217354e+01
1.120919704e+01
1.122240734e+01
1.097500706e+01
1.180220032e+01
1.115229321e+01
1.089190865e+01
1.080078697e+01
1.147469044e+01
1.107306099e+01
1.075482941e+01
1.110955429e+01
1.047773552e+01
1.126852131e+01
1.119746971e+01
1.061697865e+01
9.970158577e+00
9.907564163e+00
1.104587173e+01
1.124284554e+01
1.063415337e+01
1.138149548e+01
1.022374439e+01
1.086070347e+01
1.061614323e+01
1.094438839e+01
1.152756977e+01
1.116570950e+01
1.067256641e+01
1.052810478e+01
9.919414520e+00
1.109613705e+01
1.014047432e+01
1.094764519e+01
1.101447487e+01
1.059788513e+01
1.084522820e+01
1.078615761e+01
1.194640923e+01
1.216887188e+01
1.149527264e+01
1.179203415e+01
1.147368145e+01
1.119076157e+01
1.114589024e+01
1.156474781e+01
1.105863476e+01
1.202338219e+01
1.120309067e+01
1.176887894e+01
1.241319847e+01
1.181003761e+01
1.225042725e+01
1.249625301e+01
1.227205181e+01
1.219517803e+01
1.319576550e+01
1.346999931e+01
1.293003368e+01
1.218345261e+01
1.221238232e+01
1.221386909e+01
1.263999844e+01
1.156482697e+01
1.117920303e+01
1.143388081e+01
1.161824226e+01
1.158293724e+01
1.222732830e+01
1.216153240e+01
1.071828556e+01
1.062581158e+01
1.073463440e+01
1.101096630e+01
1.113588715e+01
1.068795395e+01
1.093233299e+01
1.110389996e+01
1.122856617e+01
1.065009689e+01
1.007861042e+01
1.096884823e+01
1.113916302e+01
1.106738186e+01
1.078598785e+01
1.090526867e+01
1.085420322e+01
1.081324100e+01
1.117474651e+01
1.181634426e+01
1.063243389e+01
1.070385551e+01
1.108473969e+01
1.151060486e+01
1.163801956e+01
1.127643871e+01
1.089127636e+01
1.155367184e+01
1.219479465e+01
1.191177750e+01
1.144560623e+01
1.189215469e+01
1.078439426e+01
9.905505180e+00
1.034621334e+01
1.109023094e+01
1.117880249e+01
1.141582012e+01
1.143680763e+01
