-8.954330000000000345e-01
-1.124570000000000014e-01
-1.460960000000000036e-01
-1.057339999999999947e-01
-1.106440000000000062e-01
-9.122619999999999341e-02
-9.950939999999999785e-02
-9.659189999999999443e-02
-1.130899999999999961e-01
-1.346920000000000062e-01
-9.033919999999999451e-02
-1.752390000000000059e-01
-1.514989999999999948e-01
-1.023489999999999955e-01
-9.086349999999999982e-02
-1.305969999999999909e-01
-8.010839999999999628e-02
-1.806619999999999893e-01
-1.678510000000000002e-01
-1.532709999999999906e-01
-8.855910000000000171e-01
-9.422329999999999595e-02
-9.603219999999999812e-02
-1.068220000000000003e-01
-1.204110000000000041e-01
-1.289140000000000008e-01
-1.293009999999999993e-01
-7.548399999999999554e-02
-1.090330000000000049e-01
-7.265109999999999624e-02
-1.818579999999999919e-01
-7.152500000000000524e-02
-2.790370000000000003e-02
-5.530929999999999874e-02
-8.722920000000000673e-02
-1.197140000000000010e-01
-1.360409999999999953e-01
-1.261430000000000051e-01
-1.360290000000000110e-01
-8.333590000000000442e-02
-1.550559999999999994e-01
-1.382369999999999988e-01
-8.379190000000000249e-02
-6.355210000000000026e-02
-1.363900000000000112e-01
-8.631079999999999863e-01
-1.054820000000000063e-01
-8.541279999999999706e-02
-1.034449999999999953e-01
-1.126250000000000029e-01
-1.104300000000000004e-01
-1.678640000000000132e-01
-1.957260000000000111e-01
-1.191500000000000059e-01
-1.643570000000000100e-02
-1.660930000000000017e+00
-9.475829999999999531e-01
-1.604510000000000103e-01
-1.151129999999999931e-01
-5.808830000000000243e-02
-5.876719999999999861e-02
-1.488579999999999903e-01
-1.241509999999999975e-01
-8.630189999999999806e-01
-9.652320000000000344e-02
-7.440560000000000229e-02
-1.142800000000000066e-01
-1.116120000000000029e-01
-8.277029999999999665e-01
-1.482519999999999949e-01
-1.394189999999999874e-01
-1.886619999999999964e-01
-1.529719999999999969e-01
-1.839749999999999996e-01
-1.724939999999999918e+00
-1.294220000000000093e-01
-1.918269999999999975e-01
-1.167689999999999978e-01
-1.105000000000000010e-01
-1.036360000000000059e-01
-1.623909999999999965e+00
-1.113839999999999969e-01
-9.189049999999999718e-01
-1.312889999999999890e-01
-1.841629999999999934e-01
-1.568579999999999974e-01
-1.673910000000000009e+00
-1.280290000000000039e-01
-1.245129999999999987e-01
-1.017210000000000059e-01
-1.577719999999999956e-01
-1.316569999999999963e-01
-8.026959999999999651e-02
-1.139199999999999935e-01
-1.395969999999999989e-01
-1.237150000000000055e-01
-1.669670000000000043e-01
-1.433959999999999957e-01
-1.795599999999999974e-01
-1.750269999999999881e-01
-1.969579999999999942e-01
-1.463740000000000041e-01
-1.403040000000000120e-01
-1.992649999999999977e-01
-1.819310000000000094e-01
-7.408839999999999870e-02
-9.161909999999999776e-01
-1.366989999999999872e-01
-1.345220000000000027e-01
-1.561379999999999990e-01
-1.630389999999999895e-01
-1.475839999999999930e-01
-1.055579999999999991e-01
-1.164509999999999990e-01
-8.558390000000000442e-02
-1.097680000000000045e-01
-1.541430000000000022e-01
-1.499580000000000080e-01
-1.224729999999999985e-01
-1.119740000000000041e-01
-1.013789999999999969e-01
-1.628530000000000033e+00
-9.205780000000000074e-01
-8.978110000000000257e-02
-1.628779999999999950e-01
-9.386430000000000051e-01
-1.811520000000000075e-01
-1.470799999999999885e-01
-1.681820000000000093e+00
-8.763609999999999456e-01
-1.201730000000000020e-01
-1.111570000000000058e-01
-1.523130000000000039e-01
-1.342260000000000120e-01
-1.103419999999999956e-01
-1.666970000000000063e+00
-6.522440000000000182e-02
-8.445139999999999592e-02
-8.795370000000000132e-01
-1.696620000000000017e+00
-1.270689999999999875e-01
-1.418089999999999906e-01
-1.043990000000000057e-01
-1.429060000000000052e-01
-1.432529999999999915e-01
-1.929440000000000044e-01
-1.182720000000000021e-01
-1.358159999999999923e-01
-7.711590000000000111e-02
-8.750929999999999820e-02
-7.358530000000000626e-02
-8.725560000000000260e-02
-1.389330000000000009e-01
-7.284000000000000197e-02
-1.010660000000000031e-01
-1.360260000000000080e-01
-8.464180000000000315e-02
-1.197489999999999943e-01
-1.649909999999999988e-01
-1.261329999999999951e-01
-1.524729999999999974e-01
-1.439100000000000101e-01
-1.126280000000000059e-01
-1.285550000000000026e-01
-9.929730000000000500e-02
-9.021250000000000102e-02
-5.576009999999999994e-02
-6.526559999999999306e-02
-1.069569999999999965e-01
-1.241680000000000006e-01
-9.608650000000000524e-02
-2.071850000000000080e-01
-1.408220000000000027e-01
-8.334260000000000279e-02
-1.172160000000000007e-01
-9.165550000000000086e-02
-8.597709999999999519e-01
-1.242869999999999947e-01
-5.696930000000000049e-02
-9.302610000000000046e-02
-8.239470000000000127e-02
-1.301640000000000019e-01
-1.153590000000000032e-01
-8.009629999999999528e-02
-1.383489999999999998e-01
-1.068390000000000034e-01
-9.075060000000000071e-02
-7.313020000000000631e-02
-7.419739999999999669e-02
-1.295090000000000130e-01
-7.203149999999999831e-02
-3.659509999999999846e-02
-6.404229999999999645e-02
-7.562130000000000241e-02
-8.795549999999999757e-01
-1.290330000000000088e-01
-5.936219999999999691e-02
-7.738230000000000108e-02
-5.533690000000000137e-02
-9.079990000000000283e-02
-9.973809999999999620e-02
-5.372060000000000030e-02
-8.451759999999999828e-02
-1.334770000000000123e-01
-9.656080000000000219e-02
-9.283670000000000533e-01
-8.094270000000000631e-02
-4.662829999999999753e-02
-7.606469999999999898e-02
-7.760209999999999331e-02
-9.670679999999999554e-02
-8.869910000000000294e-02
-1.033160000000000051e-01
-1.230959999999999971e-01
7.056029999999999802e-01
-8.586040000000000338e-02
-6.095339999999999786e-02
-1.259180000000000021e-01
-9.838550000000000073e-02
-7.966710000000000458e-02
7.225610000000000088e-01
-3.404209999999999875e-02
-5.407610000000000194e-02
-1.080359999999999931e-01
-2.788509999999999947e-02
-1.331890000000000070e-03
-3.913139999999999674e-02
-4.475810000000000205e-02
-2.747459999999999833e-02
6.762909999999999755e-01
-6.057119999999999865e-02
-8.111160000000000592e-02
-7.367769999999999875e-02
-3.721089999999999814e-02
-8.274159999999999848e-02
-4.555089999999999834e-02
-2.552130000000000024e-02
4.103960000000000247e-03
-7.446329999999999616e-02
-1.028629999999999961e-01
-6.013000000000000289e-02
-5.812740000000000268e-02
-2.058940000000000076e-02
-1.558469999999999994e-02
-1.392849999999999991e-02
-7.006160000000000165e-02
4.973410000000000331e-02
4.938270000000000159e-02
1.467380000000000073e-01
1.119119999999999893e+00
2.948620000000000019e+00
5.731609999999999872e+00
6.022739999999999760e+00
7.054240000000000066e+00
8.037639999999999674e+00
8.122370000000000090e+00
1.000370000000000026e+01
1.167910000000000004e+01
1.098479999999999990e+01
1.100939999999999941e+01
1.196250000000000036e+01
1.196470000000000056e+01
1.117210000000000036e+01
1.194560000000000066e+01
1.027950000000000053e+01
9.563069999999999737e+00
1.020410000000000039e+01
1.176179999999999914e+01
1.096640000000000015e+01
9.308479999999999421e+00
1.005710000000000015e+01
1.078589999999999982e+01
8.537890000000000867e+00
9.197520000000000806e+00
7.848379999999999690e+00
8.464359999999999218e+00
1.054119999999999990e+01
9.668150000000000688e+00
8.228609999999999758e+00
8.889709999999999113e+00
7.454430000000000334e+00
1.040479999999999983e+01
9.561270000000000380e+00
6.704699999999999882e+00
7.921719999999999651e+00
7.201270000000000060e+00
6.518279999999999852e+00
7.738129999999999953e+00
6.435940000000000438e+00
5.653900000000000148e+00
5.601820000000000022e+00
7.707840000000000025e+00
6.217889999999999695e+00
4.896889999999999965e+00
6.098840000000000039e+00
6.049240000000000173e+00
4.709629999999999761e+00
6.094660000000000188e+00
5.267929999999999779e+00
5.931779999999999831e+00
4.628000000000000114e+00
4.033220000000000027e+00
5.942750000000000199e+00
3.902590000000000003e+00
3.763079999999999981e+00
5.709679999999999644e+00
5.712909999999999933e+00
3.560540000000000038e+00
3.582689999999999930e+00
3.550559999999999938e+00
2.967810000000000059e+00
4.808469999999999800e+00
3.472659999999999858e+00
1.726069999999999993e+00
4.067059999999999675e+00
2.754459999999999908e+00
1.546620000000000106e+00
3.279110000000000191e+00
3.325579999999999981e+00
3.225600000000000023e+00
3.138669999999999849e+00
1.327110000000000012e+00
1.890879999999999894e+00
1.172609999999999930e+00
3.946089999999999876e+00
4.732230000000000381e+00
1.767309999999999937e+00
1.159319999999999906e+00
1.175380000000000091e+00
3.774989999999999846e+00
2.320720000000000116e+00
1.003640000000000088e+00
2.992919999999999803e+00
9.286670000000000202e-01
3.735529999999999795e+00
-2.586319999999999730e-01
9.687519999999999465e-01
9.192280000000000451e-01
8.691959999999999686e-01
9.165569999999999551e-01
2.159780000000000033e+00
1.476679999999999993e+00
7.338390000000000191e-01
7.407620000000000315e-01
8.021260000000000057e-01
1.343800000000000106e+00
6.659580000000000499e-01
7.203950000000000076e-01
2.858239999999999892e+00
7.518759999999999888e-01
7.468320000000000514e-01
6.643630000000000368e-01
6.482360000000000344e-01
1.994529999999999914e+00
5.188709999999999711e-01
4.273069999999999924e-01
5.320840000000000014e-01
4.722729999999999984e-01
4.670389999999999819e-01
4.751920000000000033e-01
4.674220000000000041e-01
5.144060000000000299e-01
5.376750000000000140e-01
5.893819999999999615e-01
4.873029999999999862e-01
-2.159040000000000126e-01
4.381820000000000159e-01
3.039049999999999807e-01
3.608950000000000213e-01
4.404020000000000157e-01
3.453080000000000038e-01
2.647800000000000153e-01
3.624470000000000192e-01
4.121469999999999856e-01
3.850279999999999814e-01
4.503499999999999726e-01
4.407940000000000191e-01
3.682500000000000218e-01
3.626229999999999731e-01
3.599089999999999789e-01
3.385610000000000008e-01
3.202829999999999844e-01
3.397600000000000064e-01
2.665600000000000191e-01
2.683459999999999734e-01
3.167380000000000195e-01
3.441480000000000095e-01
2.826719999999999788e-01
2.721640000000000170e-01
2.421159999999999979e-01
2.581979999999999831e-01
1.081650000000000000e+00
2.006680000000000130e-01
2.278949999999999865e-01
3.131990000000000052e-01
2.401030000000000109e-01
2.547550000000000092e-01
2.114499999999999991e-01
2.644790000000000196e-01
-1.083420000000000050e+00
2.288229999999999986e-01
2.069139999999999868e-01
2.157830000000000026e-01
1.487429999999999863e-01
1.231560000000000016e-01
1.949589999999999934e-01
1.920749999999999957e-01
2.559770000000000101e-01
1.278430000000000122e-01
2.213600000000000012e-01
2.534120000000000261e-01
2.307389999999999997e-01
2.139320000000000110e-01
2.134320000000000106e-01
-1.201980000000000048e+00
1.533420000000000061e-01
1.629670000000000007e-01
1.242349999999999982e-01
1.794129999999999892e-01
1.386969999999999870e-01
1.225839999999999985e-01
1.832840000000000025e-01
1.783250000000000113e-01
2.202109999999999901e-01
2.227190000000000003e-01
2.627229999999999843e-01
2.951380000000000114e-01
1.435339999999999949e-01
1.311450000000000116e-01
1.091779999999999973e-01
1.293439999999999868e-01
1.500160000000000105e-01
9.474730000000000096e-01
2.423440000000000039e-01
1.931470000000000131e-01
2.512880000000000114e-01
1.624510000000000121e-01
2.258090000000000097e-01
2.676149999999999918e-01
2.211100000000000010e-01
9.622559999999999447e-02
1.244299999999999989e-01
2.112469999999999903e-01
1.861800000000000122e-01
1.568340000000000012e-01
1.583340000000000025e-01
1.962139999999999995e-01
9.403390000000000359e-01
2.031840000000000035e-01
1.453319999999999890e-01
1.347929999999999962e-01
1.678129999999999900e-01
1.522119999999999862e-01
1.011110000000000064e-01
1.371300000000000019e-01
1.280260000000000009e-01
2.164600000000000135e-01
1.322059999999999902e-01
1.116749999999999965e-01
1.147750000000000020e-01
1.837489999999999957e-01
1.846710000000000018e-01
1.962849999999999873e-01
1.706429999999999891e+00
1.530900000000000039e-01
1.394600000000000006e-01
1.631350000000000022e-01
1.863930000000000031e-01
5.951370000000000271e-02
1.315040000000000098e-01
1.261859999999999926e-01
1.307139999999999969e-01
1.527040000000000064e-01
1.713220000000000021e-01
1.257530000000000037e-01
1.588390000000000080e-01
1.575890000000000069e-01
1.266899999999999971e-01
1.058729999999999949e-01
7.819790000000000074e-02
9.754019999999999357e-02
1.180299999999999960e-01
1.623010000000000008e-01
1.272999999999999965e-01
1.381870000000000043e-01
1.054950000000000054e-01
1.277260000000000062e-01
1.070819999999999966e-01
2.122509999999999952e-01
1.411270000000000024e-01
1.872769999999999990e-01
1.646070000000000033e-01
7.144200000000000550e-02
7.053740000000000010e-02
8.003300000000000691e-02
1.150019999999999931e-01
1.402400000000000035e-01
1.498970000000000025e-01
1.220180000000000015e-01
1.699130000000000085e-01
2.197880000000000111e-01
1.154990000000000044e-01
1.700929999999999942e-01
1.573809999999999931e-01
9.561179999999999679e-02
6.639549999999999619e-02
1.069480000000000014e-01
8.709419999999999662e-02
2.291409999999999975e-02
8.764890000000000181e-02
1.584029999999999883e-01
1.531289999999999873e-01
1.665069999999999883e-01
1.038789999999999991e-01
1.647649999999999948e-01
1.179830000000000045e-01
8.851820000000000521e-02
6.121669999999999889e-02
1.296640000000000015e-01
1.009609999999999952e-01
2.111139999999999892e-02
1.186090000000000061e-01
7.865469999999999406e-02
6.773999999999999466e-02
8.287859999999999672e-02
1.068840000000000068e-01
1.517519999999999980e-01
1.376809999999999978e-01
2.471839999999999871e-01
1.252479999999999982e-01
3.810090000000000005e-02
4.732809999999999795e-02
4.639449999999999824e-02
5.148919999999999886e-02
1.047860000000000041e-01
1.348840000000000039e-01
1.186350000000000043e-01
9.309710000000000207e-02
6.270159999999999623e-02
1.457309999999999994e-01
5.443719999999999809e-02
6.237779999999999714e-02
1.712140000000000051e-01
1.018079999999999957e-01
5.897770000000000096e-02
8.685170000000000390e-02
1.111209999999999976e-01
1.324919999999999987e-01
1.208850000000000063e-01
1.810910000000000020e-01
8.659150000000000180e-02
1.932139999999999969e-01
1.388399999999999912e-01
7.141190000000000038e-02
5.252269999999999855e-02
1.021650000000000058e-01
2.705689999999999831e-02
5.051159999999999678e-02
4.629590000000000094e-02
1.323169999999999902e-01
1.061549999999999994e-01
9.405760000000000509e-02
9.304969999999999908e-02
1.667679999999999996e-01
7.786909999999999665e-02
8.315160000000000329e-01
8.940919999999999424e-02
5.546159999999999979e-02
7.441680000000000517e-02
6.321200000000000430e-02
-4.683849999999999819e-02
5.904090000000000032e-02
1.100590000000000040e-01
6.506280000000000396e-02
9.213010000000000643e-02
8.321250000000000036e-01
8.649170000000000469e-02
7.366839999999999500e-02
5.552970000000000128e-02
4.430219999999999991e-02
6.516460000000000308e-02
6.245169999999999888e-02
7.397380000000000622e-02
1.200539999999999941e-01
8.288030000000000397e-02
1.010029999999999956e-01
1.002870000000000011e-01
1.096150000000000041e-01
1.943650000000000100e-01
1.327949999999999964e-01
8.442600000000000104e-02
7.807269999999999488e-02
2.466000000000000136e-02
8.298869999999999858e-02
7.391620000000000135e-02
7.998260000000000092e-02
-6.588019999999999987e-02
1.013769999999999949e-01
1.746910000000000129e-01
1.591299999999999937e-01
1.458129999999999982e-01
1.320929999999999882e-01
1.883769999999999889e-01
8.992189999999999905e-01
1.312899999999999900e-01
1.552949999999999886e-01
5.784689999999999971e-02
6.673940000000000428e-02
1.219480000000000008e-01
8.382340000000000624e-02
1.409759999999999902e-01
9.268759999999999499e-02
-5.964960000000000262e-01
1.315510000000000013e-01
1.391280000000000017e-01
1.375719999999999998e-01
1.423369999999999913e-01
1.450919999999999987e-01
-6.672179999999999778e-01
1.169030000000000069e-01
6.462239999999999651e-02
8.588700000000000501e-02
1.738709999999999978e-01
1.070399999999999963e-01
1.853339999999999987e-01
1.567610000000000114e-01
1.474930000000000130e-01
1.553319999999999979e-01
1.095990000000000020e-01
6.900009999999999477e-02
4.428769999999999929e-02
4.810989999999999711e-02
6.344260000000000177e-02
8.030809999999999338e-02
3.769469999999999765e-02
8.774650000000000505e-02
-5.985009999999999497e-01
7.859950000000000270e-02
1.200179999999999997e-01
1.044839999999999935e-01
1.110020000000000034e-01
9.694220000000000614e-02
1.553599999999999981e-01
1.296819999999999917e-01
8.609409999999999563e-01
1.454330000000000067e-01
1.121250000000000024e-01
7.405589999999999395e-02
1.077369999999999994e-01
9.324480000000000268e-02
1.350880000000000136e-01
-5.789480000000000182e-01
1.651420000000000110e-01
1.452829999999999955e-01
1.423230000000000051e-01
8.977630000000000332e-02
8.375949999999999784e-01
3.578569999999999668e-02
7.990519999999999567e-02
4.727680000000000077e-02
7.498050000000000548e-02
1.895660000000000123e-01
1.112230000000000024e-01
1.750680000000000014e-01
1.566369999999999985e-01
1.456399999999999917e-01
1.055429999999999979e-01
6.465440000000000076e-02
1.577759999999999996e-01
1.340800000000000047e-01
1.104509999999999936e-01
8.919040000000000301e-02
7.104960000000000442e-02
1.633469999999999922e-01
1.425470000000000070e-01
1.175370000000000026e-01
1.052010000000000028e-01
5.827539999999999804e-02
9.881080000000000418e-02
1.320790000000000020e-01
6.756739999999999968e-02
1.200780000000000042e-01
1.184619999999999979e-01
1.120960000000000012e-01
8.558689999999999354e-02
3.795899999999999969e-02
7.648729999999999418e-02
9.726319999999999411e-02
1.269909999999999928e-01
1.138460000000000027e-01
1.242660000000000015e-01
-5.574259999999999771e-01
1.456899999999999862e-01
6.829169999999999685e-02
5.666070000000000134e-02
7.699219999999999675e-02
9.023409999999999764e-02
-5.909929999999999906e-01
9.600069999999999437e-02
8.024599999999999789e-02
1.441189999999999971e-01
1.451119999999999910e-01
1.676350000000000062e-01
1.259290000000000131e-01
1.270139999999999880e-01
1.415230000000000099e-01
7.942040000000000211e-02
1.093129999999999935e-01
1.754080000000000084e-01
1.795329999999999981e-01
8.736669999999999714e-01
1.207150000000000029e-01
1.317770000000000052e-01
9.018510000000000415e-02
8.125659999999999827e-02
9.007179999999999354e-02
1.012689999999999979e-01
2.723410000000000067e-02
7.386320000000000385e-02
6.052760000000000085e-02
1.241430000000000033e-01
4.603550000000000003e-02
6.211230000000000223e-02
1.015029999999999960e-01
1.087260000000000032e-01
8.156480000000000397e-01
8.393369999999999997e-01
6.347709999999999464e-02
9.841089999999999560e-02
9.166630000000000611e-02
4.123729999999999757e-02
2.589949999999999891e-02
3.774500000000000077e-02
5.283580000000000221e-02
1.498480000000000090e-01
1.609470000000000067e-01
1.106369999999999992e-01
1.092049999999999965e-01
1.179150000000000059e-01
1.497449999999999892e-01
1.363949999999999885e-01
1.249439999999999995e-01
1.001660000000000050e-01
1.081020000000000036e-01
1.203830000000000039e-01
1.688699999999999923e-01
1.222980000000000039e-01
9.495359999999999912e-02
1.361340000000000050e-01
1.377939999999999998e-01
1.752630000000000021e-01
1.161409999999999942e-01
2.374050000000000049e-01
1.501750000000000029e-01
2.281880000000000019e-01
1.899649999999999950e-01
1.993640000000000134e-01
1.426179999999999948e-01
1.422110000000000041e-01
8.150280000000000025e-02
1.300209999999999977e-01
1.389849999999999974e-01
1.197659999999999975e-01
1.173669999999999991e-01
8.270790000000000086e-02
1.149359999999999965e-01
8.026659999999999351e-02
1.057669999999999999e-01
3.726739999999999914e-02
4.428109999999999685e-02
4.827510000000000134e-02
1.205780000000000046e-01
6.644609999999999406e-02
2.028869999999999979e-02
9.999320000000000430e-02
1.212619999999999948e-01
7.998080000000000467e-02
7.630149999999999433e-02
1.206460000000000032e-01
1.293219999999999925e-01
1.473389999999999977e-01
1.146350000000000008e-01
1.410510000000000097e-01
1.034709999999999935e-01
1.404489999999999905e-01
1.199400000000000049e-01
1.203059999999999963e-01
1.386890000000000067e-01
1.031009999999999982e-01
1.013069999999999943e-01
-6.368179999999999952e-01
1.506109999999999949e-01
1.515489999999999893e-01
1.731870000000000076e-01
1.364750000000000130e-01
2.086199999999999999e-01
1.636739999999999862e-01
1.478160000000000029e-01
7.750590000000000257e-02
1.747750000000000137e-01
1.561589999999999923e-01
9.971900000000000208e-02
1.013730000000000048e-01
8.973409999999999720e-02
1.624730000000000063e-01
1.300429999999999919e-01
9.946449999999999736e-02
1.441969999999999918e-01
8.362940000000000651e-02
7.493779999999999886e-02
1.257020000000000082e-01
1.247780000000000000e-01
1.362069999999999947e-01
1.926819999999999922e-01
1.304019999999999901e-01
1.047690000000000010e-01
1.575290000000000024e-01
1.010729999999999962e-01
1.575249999999999984e-01
7.818920000000000037e-02
1.451759999999999995e-01
1.322429999999999994e-01
1.542860000000000065e-01
1.366719999999999879e-01
1.555940000000000101e-01
1.208820000000000033e-01
1.193310000000000065e-01
8.060710000000000097e-02
6.844179999999999708e-02
6.952969999999999984e-02
1.772370000000000057e-01
1.486000000000000099e-01
1.961880000000000013e-01
1.865189999999999904e-01
1.827370000000000105e-01
1.290709999999999913e-01
1.373260000000000036e-01
1.217810000000000004e-01
1.032890000000000058e-01
1.528789999999999871e-01
1.305850000000000066e-01
1.123780000000000057e-01
1.264349999999999918e-01
1.940630000000000133e-01
1.948560000000000014e-01
1.754560000000000008e-01
1.310489999999999988e-01
7.028210000000000013e-02
9.771390000000000631e-02
1.166230000000000044e-01
1.508740000000000081e-01
1.392819999999999891e-01
1.670550000000000090e-01
1.383220000000000005e-01
1.317720000000000002e-01
1.919720000000000037e-01
1.835700000000000109e-01
1.375240000000000073e-01
1.303420000000000134e-01
8.027159999999999851e-02
1.697039999999999937e-01
1.348020000000000052e-01
1.618130000000000124e-01
1.229630000000000029e-01
1.626440000000000108e-01
8.774339999999999917e-02
9.722699999999999398e-02
2.308469999999999966e-01
1.797789999999999944e-01
9.306440000000000545e-02
7.060719999999999497e-02
1.559929999999999928e-01
1.877510000000000012e-01
1.366590000000000027e-01
1.291370000000000018e-01
1.200660000000000061e-01
-5.361399999999999499e-01
1.401660000000000128e-01
1.632929999999999937e-01
1.855199999999999905e-01
1.979009999999999936e-01
1.592580000000000107e-01
1.671179999999999888e-01
1.196669999999999956e-01
1.776089999999999891e-01
2.119890000000000108e-01
1.921960000000000057e-01
1.807300000000000018e-01
1.776979999999999948e-01
2.008139999999999925e-01
2.194470000000000032e-01
1.951420000000000099e-01
1.537650000000000128e-01
1.606910000000000005e-01
2.044289999999999996e-01
1.133509999999999934e-01
1.176480000000000026e-01
1.531750000000000056e-01
2.218009999999999982e-01
1.565769999999999940e-01
9.409309999999999619e-01
1.077280000000000043e-01
8.752500000000000557e-02
2.087330000000000019e-01
2.466839999999999866e-01
2.503469999999999862e-01
2.263590000000000046e-01
2.782060000000000088e-01
2.530299999999999772e-01
1.685180000000000011e-01
2.118929999999999980e-01
1.551700000000000024e-01
1.730569999999999886e-01
1.766020000000000090e-01
1.418359999999999899e-01
1.625419999999999920e-01
1.918900000000000050e-01
1.513210000000000111e-01
2.964350000000000041e-01
1.915830000000000033e-01
9.327870000000000328e-01
1.793109999999999982e-01
2.040069999999999939e-01
2.176039999999999919e-01
1.723399999999999932e-01
1.157989999999999992e-01
1.087000000000000050e-01
1.426219999999999988e-01
1.457130000000000092e-01
1.291410000000000058e-01
1.768099999999999949e-01
1.611760000000000137e-01
2.157499999999999973e-01
2.030559999999999865e-01
2.119099999999999873e-01
1.892079999999999873e-01
1.413689999999999947e-01
1.678699999999999914e-01
1.996799999999999964e-01
1.810410000000000075e-01
1.216549999999999992e-01
1.914500000000000091e-01
1.672009999999999885e-01
8.532380000000000519e-01
1.516859999999999875e-01
1.265229999999999966e-01
1.700969999999999982e-01
1.457519999999999927e-01
1.688389999999999891e-01
1.545700000000000129e-01
1.769910000000000094e-01
1.635649999999999882e-01
2.127960000000000129e-01
2.343530000000000058e-01
1.729179999999999884e-01
2.708229999999999804e-01
2.092050000000000021e-01
1.707140000000000046e-01
1.958689999999999876e-01
1.287939999999999918e-01
1.162590000000000012e-01
1.135820000000000024e-01
2.018220000000000014e-01
2.010419999999999985e-01
1.317969999999999975e-01
1.957619999999999916e-01
1.729900000000000049e-01
1.584830000000000128e-01
1.283950000000000091e-01
1.704779999999999907e-01
-5.216469999999999718e-01
2.104880000000000084e-01
2.143859999999999932e-01
2.040690000000000004e-01
1.225849999999999995e-01
1.868130000000000068e-01
1.426659999999999873e-01
1.545249999999999957e-01
1.857419999999999904e-01
1.433669999999999944e-01
1.480329999999999979e-01
1.686490000000000045e+00
1.825799999999999923e-01
2.037589999999999957e-01
2.198450000000000126e-01
1.564969999999999972e-01
1.546760000000000079e-01
2.233799999999999952e-01
2.513159999999999838e-01
1.925810000000000022e-01
1.786139999999999950e-01
1.019570000000000060e-01
1.381539999999999990e-01
1.571460000000000079e-01
1.455170000000000075e-01
1.015380000000000033e-01
1.476099999999999912e-01
1.716699999999999893e-01
1.787330000000000030e-01
1.820039999999999991e-01
9.362399999999999611e-01
1.840710000000000124e-01
1.395979999999999999e-01
1.044039999999999968e-01
1.282889999999999864e-01
1.514890000000000125e-01
1.520960000000000090e-01
1.012949999999999962e-01
1.753699999999999981e-01
1.301070000000000004e-01
1.686310000000000031e-01
1.374039999999999984e-01
1.692379999999999995e-01
1.729149999999999965e+00
1.492759999999999920e-01
1.906740000000000101e-01
2.095229999999999870e-01
1.521980000000000000e-01
1.232739999999999947e-01
1.336450000000000138e-01
2.141619999999999913e-01
1.533160000000000078e-01
1.674070000000000003e-01
1.412849999999999939e-01
