-8.751379999999999715e-01
-1.623529999999999973e-01
-2.368550000000000100e-01
-1.424620000000000053e-01
-1.229449999999999987e-01
-1.696890000000000065e-01
5.922020000000000062e-01
-2.254909999999999970e-01
-1.260860000000000036e-01
-1.655830000000000080e-01
-1.050129999999999952e-01
-1.218769999999999992e-01
-1.550749999999999906e-01
-1.321100000000000052e-01
-1.620580000000000076e-01
-1.393840000000000079e-01
-1.560630000000000073e-01
-7.402880000000000571e-02
6.353370000000000406e-01
-8.340929999999999733e-01
-1.001220000000000027e-01
-8.991319999999999868e-02
-1.139430000000000026e-01
-1.433750000000000024e-01
-1.502519999999999967e-01
-1.621279999999999943e-01
-1.616059999999999997e-01
-1.902619999999999867e-01
-8.981250000000000344e-02
-8.804520000000000401e-02
-9.485879999999999868e-01
-1.946360000000000035e-01
-1.159039999999999931e-01
-1.885469999999999924e-01
-1.755829999999999891e-01
-2.966530000000000000e-01
-2.141659999999999953e-01
-9.137170000000000014e-02
-2.497429999999999928e-01
-1.219210000000000016e-01
-1.114300000000000013e-01
-6.968230000000000257e-02
-2.448720000000000063e-02
-2.116439999999999988e-02
-9.196920000000000095e-02
-1.397149999999999954e-02
-3.409809999999999924e-02
-1.596279999999999921e+00
-1.117800000000000044e-01
-1.005520000000000025e-01
-3.819460000000000216e-02
-7.787079999999999558e-01
-1.013239999999999974e-01
-1.647520000000000095e+00
-1.476969999999999950e-01
-1.426979999999999915e-01
-6.939939999999999998e-02
-7.596129999999999549e-02
-6.727149999999999797e-02
-6.789910000000000390e-02
-5.221259999999999790e-02
-8.321409999999999918e-02
-1.210429999999999978e-01
-1.623600000000000043e-01
-8.256259999999999710e-01
-1.102940000000000031e-01
-9.731449999999999823e-02
-7.431400000000000505e-02
-2.263040000000000052e-01
-2.497550000000000048e-01
-7.897549999999999848e-01
-3.999930000000000152e-02
-5.968890000000000307e-02
-8.730639999999999512e-01
-4.217529999999999890e-02
-9.189329999999999721e-02
-9.720209999999999961e-02
-6.487179999999999336e-02
-6.766869999999999830e-02
-1.297989999999999977e-01
-1.811619999999999897e-01
-1.432529999999999915e-01
-1.099949999999999956e-01
-1.406739999999999935e-01
-1.135449999999999932e-01
-1.567339999999999955e+00
-2.671139999999999973e-02
-6.666339999999999766e-02
-7.484810000000000074e-02
-6.361350000000000338e-02
-1.314390000000000003e-01
-9.441879999999999717e-02
-1.136820000000000053e-01
-1.917190000000000005e-01
-8.227329999999999366e-02
-1.110970000000000013e-01
-9.501249999999999973e-02
-8.459999999999999742e-01
-1.970590000000000119e-01
-1.301690000000000069e-01
-1.296170000000000100e-01
-1.462479999999999891e-01
-1.626959999999999962e+00
-8.604299999999999449e-02
-9.684170000000000625e-03
-6.732589999999999408e-02
-8.996659999999999657e-01
-1.482519999999999949e-01
-1.179270000000000040e-01
-1.536810000000000009e+00
-8.369809999999999750e-01
-1.066249999999999976e-01
-6.791170000000000539e-02
-1.755299999999999916e-02
-9.756729999999999570e-02
-6.348339999999999539e-02
-3.777740000000000264e-02
-2.441820000000000102e-01
-2.797020000000000062e-01
-1.543579999999999952e-01
-1.185409999999999936e-01
-1.057939999999999992e-01
-5.385960000000000053e-02
-2.385409999999999808e+00
-8.531110000000000082e-02
-1.209429999999999950e-01
-1.341799999999999937e-01
-8.513479999999999936e-01
-1.295850000000000057e-01
-6.482699999999999574e-02
-1.288779999999999926e-01
-1.632190000000000030e-01
-1.335449999999999970e-01
-5.744799999999999907e-02
-9.257500000000000451e-02
-6.591239999999999599e-02
-7.459699999999999664e-02
-1.566780000000000117e-01
-8.807139999999999969e-01
-8.760299999999999754e-01
-1.070090000000000069e-01
-8.688940000000000552e-02
-1.030350000000000016e-01
-8.911120000000000152e-02
-1.432110000000000050e-01
-5.225029999999999952e-02
-6.369759999999999311e-02
-8.457940000000000458e-01
-1.209230000000000027e-01
-1.383459999999999968e-01
-1.428570000000000118e-01
-1.351789999999999936e-01
-1.388620000000000132e-01
-8.875260000000000093e-02
-9.740519999999999734e-02
-3.824960000000000165e-02
-8.199049999999999949e-01
-2.720260000000000039e-02
-1.807819999999999983e-01
-9.066299999999999359e-02
-1.521299999999999875e-01
-8.348240000000000105e-01
-1.588980000000000059e+00
-1.058010000000000062e-01
-8.482640000000000180e-01
-1.775569999999999926e-01
-8.560990000000000544e-01
-8.549160000000000093e-02
-8.113099999999999479e-02
-9.802149999999999752e-02
-1.254280000000000117e-01
-5.099250000000000310e-02
-1.190900000000000014e-01
-1.483540000000000136e-01
-1.766800000000000037e-01
-1.120690000000000019e-01
-1.383830000000000060e-01
-8.342030000000000278e-01
-8.618909999999999627e-01
-2.269150000000000056e-01
-1.318739999999999912e-01
-1.466079999999999883e-01
-1.292149999999999965e-01
-1.310429999999999928e-01
6.897469999999999990e-01
-6.989860000000000517e-02
-7.505880000000000329e-01
-1.165230000000000016e-01
-1.150960000000000039e-01
-8.561749999999999916e-02
-1.680959999999999954e-01
-6.247930000000000150e-02
-1.564029999999999865e-01
-1.283900000000000041e-01
-1.283890000000000031e-01
-1.841899999999999926e-01
-1.046929999999999944e-01
-1.429120000000000112e-01
-1.135670000000000013e-01
-1.204139999999999933e-01
-1.218049999999999966e-01
-8.471529999999999339e-02
-5.197430000000000105e-02
-1.285129999999999884e-01
-1.695200000000000040e-01
-1.168970000000000009e-01
-1.531250000000000111e-01
-1.095349999999999935e-01
-1.389360000000000039e-01
-1.193069999999999964e-01
-9.181019999999999459e-02
-1.062680000000000013e-01
-1.200480000000000019e-01
-9.313730000000000619e-02
-1.065969999999999973e-01
-8.089639999999999331e-02
-1.197280000000000011e-01
-8.117589999999999528e-02
-6.531280000000000419e-02
-3.933110000000000078e-02
-2.845649999999999916e-02
-6.339420000000000124e-03
-6.428490000000000593e-02
-8.344830000000000303e-02
-7.873660000000000381e-02
-7.736129999999999396e-02
-2.093969999999999998e-01
-7.967649999999999455e-01
-2.062610000000000138e-02
-2.318040000000000031e-02
-2.509930000000000216e-01
-3.232630000000000225e-02
-2.477549999999999891e-02
2.147450000000000053e-02
-5.864250000000000018e-02
-5.889579999999999815e-02
-3.593419999999999948e-02
-2.649469999999999950e-02
-6.483669999999999711e-02
-8.025560000000000471e-01
-3.192169999999999730e-02
-6.837000000000000022e-02
-1.631809999999999983e+00
-1.234679999999999944e-01
-5.405270000000000213e-03
6.636839999999999407e-02
-7.120109999999999495e-01
1.257149999999999934e-01
1.564049999999999885e-01
1.122419999999999973e+00
3.129779999999999784e+00
5.005910000000000082e+00
6.096549999999999692e+00
6.163870000000000182e+00
8.070990000000000109e+00
8.233489999999999753e+00
7.364840000000000053e+00
9.188900000000000290e+00
1.093890000000000029e+01
1.259789999999999921e+01
1.025140000000000029e+01
1.191000000000000014e+01
1.108680000000000021e+01
1.103059999999999974e+01
1.025060000000000038e+01
9.318099999999999383e+00
1.178919999999999924e+01
1.093929999999999936e+01
1.158629999999999960e+01
9.192940000000000111e+00
9.208999999999999631e+00
9.809110000000000440e+00
9.041370000000000573e+00
7.656170000000000364e+00
9.044129999999999114e+00
8.277430000000000732e+00
8.234030000000000626e+00
8.836289999999999978e+00
8.803390000000000271e+00
8.028819999999999624e+00
7.269470000000000098e+00
7.307129999999999903e+00
7.240459999999999674e+00
7.075269999999999726e+00
6.456509999999999749e+00
6.991369999999999862e+00
6.389569999999999972e+00
6.820369999999999600e+00
7.627650000000000041e+00
6.756770000000000387e+00
5.490739999999999732e+00
5.445719999999999672e+00
5.373079999999999856e+00
4.562289999999999957e+00
5.254279999999999617e+00
3.971849999999999881e+00
5.839529999999999887e+00
5.081889999999999574e+00
4.433430000000000426e+00
4.299640000000000128e+00
4.194460000000000299e+00
4.888760000000000439e+00
4.874150000000000205e+00
4.157269999999999577e+00
4.124259999999999593e+00
4.789010000000000211e+00
3.949899999999999967e+00
3.427020000000000177e+00
3.365349999999999842e+00
3.267889999999999961e+00
3.314470000000000027e+00
2.679219999999999935e+00
3.140379999999999949e+00
2.475880000000000081e+00
3.070450000000000124e+00
3.024379999999999846e+00
2.996170000000000222e+00
3.058800000000000185e+00
4.537230000000000096e+00
3.789489999999999803e+00
2.342439999999999856e+00
2.806729999999999947e+00
3.047989999999999977e+00
2.987729999999999997e+00
3.742789999999999839e+00
1.599669999999999925e+00
3.705509999999999859e+00
2.933089999999999975e+00
2.116330000000000044e+00
2.158720000000000194e+00
1.466180000000000039e+00
7.968290000000000095e-01
2.114269999999999872e+00
7.778180000000000094e-01
7.696190000000000531e-01
7.368320000000000425e-01
2.055730000000000057e+00
7.886560000000000237e-01
1.277439999999999909e+00
6.681890000000000329e-01
6.613160000000000149e-01
1.191750000000000087e+00
1.960220000000000073e+00
1.268699999999999939e+00
4.672310000000000074e-01
1.878149999999999986e+00
1.991659999999999986e+00
5.871819999999999817e-01
5.447239999999999860e-01
4.831090000000000106e-01
5.054400000000000004e-01
3.777699999999999947e-01
1.113280000000000047e+00
3.435670000000000113e-01
3.870879999999999876e-01
3.481330000000000258e-01
3.360090000000000021e-01
3.190870000000000095e-01
2.609739999999999838e-01
3.035709999999999797e-01
2.943529999999999758e-01
1.168129999999999891e+00
1.082629999999999981e+00
3.074910000000000143e-01
2.249800000000000133e-01
2.523630000000000040e-01
1.900479999999999947e+00
3.426009999999999889e-01
4.138189999999999924e-01
3.367559999999999998e-01
1.848230000000000040e+00
1.803530000000000078e+00
3.073870000000000213e-01
1.955500000000000016e-01
2.521189999999999820e-01
1.308539999999999981e-01
2.889030000000000209e-01
2.739030000000000076e-01
2.994450000000000167e-01
9.852959999999999496e-01
2.634999999999999787e+00
2.030260000000000120e-01
1.773679999999999979e-01
1.108500000000000041e-01
1.746080000000000132e-01
1.829520000000000035e-01
2.156029999999999891e-01
2.116629999999999900e-01
2.031389999999999862e-01
1.810140000000000082e-01
2.031250000000000000e-01
1.708729999999999971e-01
1.487070000000000058e-01
1.131670000000000037e-01
1.135560000000000042e-01
1.421550000000000036e-01
1.345919999999999894e-01
5.513300000000000145e-02
1.612560000000000104e-01
8.819249999999999312e-02
1.430549999999999877e-01
-5.572770000000000223e-01
1.085929999999999951e-01
5.156909999999999966e-02
1.020090000000000025e-01
7.550769999999999704e-02
1.589160000000000017e-01
4.892849999999999977e-02
1.485710000000000086e-01
1.485589999999999966e-01
1.029859999999999942e-01
8.658960000000000268e-02
1.401580000000000048e-01
7.322209999999999830e-02
7.420680000000000331e-02
7.168610000000000260e-02
1.413750000000000007e-01
1.174790000000000001e-01
1.133330000000000032e-01
7.074850000000000583e-02
1.166139999999999954e-01
9.254500000000000226e-02
1.319619999999999960e-01
1.034199999999999980e-01
2.497860000000000011e-02
6.705120000000000524e-02
1.029159999999999936e-01
-5.891330000000000178e-01
2.392669999999999866e-02
7.006060000000000065e-02
5.103780000000000122e-02
-2.027659999999999879e-02
2.974699999999999914e-02
6.472039999999999738e-02
-6.671610000000000040e-01
-4.099600000000000119e-03
5.224720000000000059e-02
3.450929999999999970e-02
5.687169999999999725e-02
1.686560000000000142e-02
-9.244960000000000677e-02
4.009750000000000120e-02
5.152330000000000104e-02
1.019349999999999944e-02
7.642630000000000257e-02
6.621180000000000121e-02
4.227859999999999951e-02
-6.100900000000000246e-03
-8.240660000000000346e-03
-1.398300000000000107e-03
1.984079999999999872e-02
-6.627750000000000030e-01
2.699640000000000026e-02
-1.307540000000000048e-03
4.657209999999999822e-02
3.218959999999999877e-02
-2.288609999999999950e-02
-1.996359999999999975e-03
6.951029999999999709e-02
-1.922069999999999898e-03
-5.775480000000000197e-02
-6.236919999999999964e-03
4.693810000000000343e-02
5.605660000000000157e-03
7.428529999999999855e-02
-1.750590000000000132e-02
-1.805930000000000035e-02
2.152019999999999975e-02
-1.141479999999999925e-02
-3.933269999999999822e-02
3.747000000000000330e-02
3.624759999999999788e-02
1.607130000000000017e-03
-1.378680000000000010e-02
-1.958119999999999999e-02
-1.867900000000000116e-02
-5.954020000000000146e-02
-7.099959999999999778e-03
2.910520000000000121e-02
1.351240000000000080e-02
4.352740000000000081e-02
-3.958729999999999888e-02
-3.291380000000000000e-02
-3.412659999999999999e-02
-2.050170000000000117e-02
-2.900770000000000085e-02
5.167410000000000059e-02
6.608900000000000018e-03
2.707589999999999997e-02
5.376059999999999867e-02
8.630000000000000518e-04
1.271719999999999968e-02
1.850510000000000089e-03
2.286089999999999997e-02
7.341809999999999829e-03
9.072490000000000762e-03
-6.795559999999999969e-04
-3.468000000000000249e-02
9.374960000000000107e-04
1.682109999999999855e-02
4.214810000000000084e-02
-2.957190000000000166e-02
-7.314749999999999863e-01
-5.083440000000000181e-02
1.072619999999999997e-02
8.781479999999999841e-02
-2.342549999999999841e-02
-1.987890000000000143e-02
-2.587880000000000041e-02
-7.034409999999999830e-01
2.951940000000000119e-02
-1.634680000000000009e-04
7.470430000000000126e-02
4.997069999999999984e-02
-3.125900000000000206e-02
-3.588200000000000157e-03
-4.581099999999999756e-02
7.648359999999999881e-02
-3.669569999999999776e-02
-2.567720000000000072e-02
-5.122809999999999864e-02
1.894890000000000116e-02
-1.604119999999999852e-02
3.403880000000000100e-02
-6.006809999999999580e-03
-3.973229999999999817e-02
-2.026000000000000023e-02
-4.698730000000000268e-02
-4.438879999999999909e-02
-1.007779999999999961e-02
-4.066310000000000063e-02
-2.687060000000000143e-02
2.723650000000000029e-02
-1.194749999999999979e-02
3.015220000000000053e-02
-4.411729999999999818e-02
-2.499650000000000136e-02
2.911120000000000027e-02
8.151880000000000237e-01
2.583540000000000142e-02
1.306460000000000087e-02
-7.756089999999999929e-01
1.462860000000000028e-02
-2.646980000000000166e-02
-2.987139999999999934e-02
-2.358390000000000139e-02
-2.578089999999999896e-03
-5.226320000000000271e-02
-1.563149999999999956e-02
4.924080000000000124e-02
1.547180000000000083e-02
9.950609999999999924e-04
-3.128360000000000168e-02
-4.777220000000000077e-02
-4.395539999999999864e-02
-1.560169999999999960e-02
5.157470000000000110e-02
1.822880000000000030e-03
-6.717299999999999834e-03
-6.418400000000000494e-02
-6.363569999999999817e-03
-4.895200000000000246e-02
-9.783169999999999367e-02
-3.701240000000000085e-02
3.936810000000000309e-02
-7.085569999999999369e-02
-6.665769999999999681e-03
-2.058219999999999841e-02
2.122759999999999925e-02
1.816159999999999997e-02
-2.222029999999999839e-02
5.412250000000000394e-03
-3.028180000000000108e-02
-7.143399999999999750e-02
-3.621420000000000194e-02
-3.567580000000000057e-02
-7.846090000000000009e-01
-4.107100000000000334e-02
-1.168280000000000013e-02
-1.289740000000000053e-01
-1.055649999999999991e-03
-5.223919999999999952e-03
-1.538139999999999993e-02
3.667150000000000271e-02
9.613029999999999839e-03
2.083130000000000051e-02
3.960489999999999844e-02
-3.079240000000000102e-02
-1.901670000000000096e-02
1.727019999999999944e-02
3.138319999999999999e-02
9.793049999999999325e-03
1.382409999999999932e-03
-1.291609999999999980e-02
1.088360000000000022e-02
-3.434009999999999840e-02
7.826009999999999911e-01
-3.387430000000000302e-02
-8.584829999999999892e-03
-4.311269999999999686e-02
-2.495609999999999842e-02
-7.306589999999999474e-01
-7.960850000000000426e-01
-4.822189999999999636e-03
5.041580000000000367e-03
2.014169999999999849e-02
-7.364629999999999788e-01
-4.421780000000000155e-02
-3.041469999999999937e-02
-7.593670000000000281e-03
1.993369999999999864e-02
-1.492330000000000045e-02
3.072599999999999984e-02
-2.299949999999999911e-02
-3.825269999999999972e-03
2.121759999999999965e-02
3.903429999999999834e-03
-7.558930000000000371e-01
-7.969450000000000145e-01
-2.174289999999999903e-02
-2.425640000000000088e-02
2.486130000000000024e-03
7.634860000000000257e-02
-7.175650000000000084e-01
-5.065039999999999820e-02
-3.990450000000000247e-02
-6.122940000000000327e-02
-1.611549999999999927e-01
-2.646750000000000144e-02
-1.480770000000000003e-02
6.510789999999999633e-02
1.130289999999999941e-02
-8.591519999999999713e-02
-8.276909999999999823e-02
-3.516400000000000081e-02
2.571510000000000115e-02
7.514570000000000416e-01
-3.152379999999999766e-02
-9.369689999999999963e-03
3.475230000000000159e-03
4.910640000000000144e-02
-7.468890000000000251e-02
-3.031269999999999971e-03
-2.533950000000000091e-02
2.128890000000000036e-03
-6.499939999999999884e-02
2.328310000000000102e-03
1.788199999999999859e-02
-2.633030000000000093e-02
5.340919999999999696e-02
9.633009999999999143e-03
2.608540000000000164e-02
-6.896029999999999660e-01
2.835630000000000095e-02
-4.434130000000000016e-02
-1.280659999999999958e-02
5.712249999999999966e-02
2.577939999999999919e-03
2.357609999999999914e-02
-3.478900000000000048e-04
5.519829999999999876e-03
-2.018479999999999927e-02
-4.043929999999999747e-02
-1.191560000000000015e-02
-2.642279999999999976e-02
1.673840000000000050e-02
-4.993050000000000266e-02
2.580119999999999983e-03
-1.547180000000000083e-02
7.769189999999999603e-03
6.827600000000000335e-02
1.348069999999999997e-02
5.533659999999999968e-02
4.320960000000000079e-02
1.626069999999999946e-02
-6.514299999999999778e-03
-6.175629999999999661e-03
1.093670000000000059e-02
7.551769999999999317e-02
8.301019999999999233e-03
-2.070169999999999996e-02
7.667730000000000379e-01
4.023220000000000268e-02
-1.325020000000000087e+00
1.362829999999999944e-02
-3.037370000000000000e-02
7.105709999999999804e-02
1.273460000000000043e-02
7.974090000000000344e-01
3.675740000000000257e-02
8.749750000000000583e-02
3.652040000000000147e-02
2.120889999999999928e-02
1.748730000000000076e-02
4.529620000000000174e-02
2.242620000000000030e-02
-1.325920000000000050e-02
3.928790000000000060e-02
1.114170000000000021e-01
6.047729999999999773e-02
7.991769999999999549e-05
2.148059999999999900e-02
5.345269999999999883e-02
-4.012960000000000312e-03
-6.780669999999999753e-01
2.351709999999999912e-02
7.508769999999999334e-02
6.873790000000000455e-02
2.498759999999999870e-02
6.645650000000000342e-03
1.381340000000000068e-01
7.916819999999999413e-02
8.248619999999999564e-02
7.446759999999999491e-02
9.612800000000000511e-02
5.635860000000000175e-02
8.775489999999999680e-02
8.362169999999999326e-02
4.870270000000000155e-02
2.935580000000000134e-02
9.567670000000000341e-03
6.063600000000000240e-02
4.780390000000000333e-02
-1.087270000000000077e-02
2.712920000000000175e-03
-6.142299999999999843e-02
-6.290090000000000403e-01
-3.545879999999999865e-02
4.217520000000000296e-02
7.207529999999999493e-02
-7.927130000000000114e-04
8.655980000000000618e-02
7.027379999999999738e-02
7.985130000000000283e-01
-3.588989999999999802e-03
-7.214490000000000069e-01
1.847909999999999831e-02
5.337730000000000252e-02
2.789579999999999838e-02
9.834579999999999711e-02
7.409060000000000645e-02
2.168190000000000048e-02
1.465490000000000022e-02
-1.327620000000000015e-02
-5.310410000000000130e-02
4.167930000000000246e-02
3.037569999999999854e-02
6.978679999999999606e-02
7.775160000000000404e-02
4.933649999999999841e-02
2.594609999999999972e-02
2.123620000000000022e-02
2.237770000000000037e-02
4.635430000000000106e-02
8.495549999999999491e-01
5.954160000000000008e-02
1.050569999999999976e-02
8.427650000000000419e-02
3.422870000000000079e-02
5.131970000000000282e-02
5.500429999999999903e-02
9.903810000000000391e-02
1.006859999999999977e-01
6.865390000000000381e-02
-5.140079999999999996e-03
8.602849999999999664e-01
4.938560000000000172e-02
2.976679999999999951e-02
7.434749999999999692e-02
7.827640000000000153e-01
2.594350000000000128e-02
1.907669999999999852e-02
7.804089999999999638e-02
6.412220000000000419e-02
1.292919999999999903e-01
3.598049999999999859e-02
-4.086209999999999842e-02
1.410469999999999953e-02
6.223610000000000253e-02
6.051639999999999797e-02
9.195250000000000645e-02
7.571550000000000502e-02
1.013280000000000014e-01
1.399899999999999929e-02
7.433230000000000393e-02
4.747640000000000193e-02
6.308890000000000331e-02
4.495470000000000022e-02
1.827219999999999886e-02
-7.440200000000000147e-01
5.936570000000000041e-02
4.130570000000000075e-02
3.614719999999999739e-02
4.911270000000000219e-02
4.952170000000000183e-02
5.236560000000000346e-03
1.259940000000000018e-02
2.704950000000000063e-02
5.684260000000000007e-02
-4.850939999999999766e-03
8.902250000000000441e-02
3.597079999999999722e-02
9.221340000000000092e-02
2.489090000000000052e-02
1.532039999999999964e-02
1.058470000000000071e-02
-6.285060000000000091e-01
-6.293549999999999978e-01
-1.996330000000000153e-03
-6.355910000000000171e-01
5.754020000000000315e-03
-5.071590000000000126e-02
5.667570000000000247e-02
-3.442880000000000159e-03
7.150979999999999837e-02
-6.410690000000000000e-01
-2.590730000000000116e-02
-1.581369999999999998e-02
3.832279999999999714e-02
3.690120000000000205e-02
7.814350000000000462e-02
6.902200000000000002e-02
1.111790000000000000e-01
7.942870000000000485e-02
-7.218750000000000444e-01
1.019420000000000048e-01
7.299999999999999545e-02
9.229719999999999591e-02
1.367279999999999884e-01
8.313070000000000181e-02
9.607620000000000049e-02
7.974000000000000532e-02
1.227739999999999942e-01
1.013109999999999983e-01
8.554580000000000517e-02
9.078540000000000221e-02
1.075580000000000008e-01
-3.213619999999999931e-03
8.029000000000000026e-02
6.646100000000000618e-02
1.197109999999999980e-01
5.856929999999999775e-02
1.111049999999999954e-01
1.061939999999999967e-01
7.534830000000000694e-02
1.050090000000000051e-01
1.028479999999999950e-01
2.967869999999999883e-02
8.548890000000000100e-01
8.623780000000000334e-02
1.087909999999999988e-01
7.226330000000000253e-02
1.071240000000000039e-02
8.233000000000000040e-02
8.617089999999999472e-02
8.847030000000000172e-02
1.203029999999999933e-01
1.061659999999999965e-01
1.292780000000000040e-01
4.973419999999999924e-02
8.159880000000000466e-01
8.594260000000000232e-01
7.736769999999999758e-02
4.481509999999999661e-02
5.822419999999999679e-02
4.757569999999999855e-02
8.481649999999999467e-01
5.050480000000000247e-02
7.697510000000000463e-02
6.627410000000000245e-02
6.268799999999999373e-02
-3.139580000000000148e-02
7.144559999999999800e-02
4.845630000000000076e-02
8.712939999999999574e-02
7.765170000000000405e-02
1.469679999999999945e-02
2.244799999999999920e-02
1.872929999999999873e-01
1.089910000000000045e-01
6.912590000000000401e-02
9.307329999999999770e-02
6.592729999999999424e-02
8.585719999999999463e-02
1.068820000000000048e-01
9.125329999999999553e-02
9.673450000000000104e-02
1.096099999999999991e-01
1.106759999999999966e-01
1.491240000000000065e-01
1.217929999999999985e-01
8.828690000000000149e-01
1.109340000000000048e-01
9.996850000000000180e-02
1.266599999999999948e-01
6.765980000000000605e-02
2.630789999999999865e-02
9.622890000000000610e-02
1.283590000000000009e-01
1.714430000000000121e-01
1.447060000000000013e-01
1.260060000000000069e-01
4.169780000000000014e-02
1.131489999999999996e-01
2.740630000000000149e-02
1.080659999999999954e-01
1.694130000000000080e-01
1.411149999999999904e-01
8.526569999999999983e-02
1.328449999999999909e-01
1.461899999999999866e-01
1.253539999999999932e-01
1.388979999999999937e-01
2.266690000000000094e-01
2.014019999999999977e-01
1.036350000000000049e-01
-3.570620000000000044e-02
1.320610000000000117e-01
2.009489999999999887e-01
8.330940000000000567e-02
9.710810000000000275e-02
1.299420000000000019e-01
1.140430000000000055e-01
8.274129999999999541e-01
9.137359999999999927e-02
1.063690000000000052e-01
1.257240000000000024e-01
7.897030000000000438e-01
1.349519999999999886e-01
1.290090000000000126e-01
1.935600000000000098e-01
-5.046990000000000087e-01
1.204220000000000013e-01
1.191939999999999944e-01
-5.578899999999999970e-01
3.328539999999999971e-02
1.171650000000000053e-01
1.732839999999999936e-01
1.432460000000000122e-01
1.192119999999999985e-01
1.018099999999999977e-01
8.646879999999999844e-02
7.458670000000000577e-02
6.599099999999999411e-02
7.865990000000000482e-02
9.509620000000000573e-02
8.274209999999999898e-02
4.166790000000000077e-02
6.935850000000000348e-02
6.264859999999999873e-02
8.490980000000000194e-01
3.157619999999999871e-02
1.376630000000000076e-01
1.513690000000000035e-01
1.335530000000000050e-01
1.444779999999999953e-01
9.761190000000000144e-02
3.970339999999999980e-02
9.000229999999999342e-02
1.043359999999999982e-01
1.585679999999999867e-01
7.324070000000000580e-02
1.602389999999999926e-01
1.227319999999999939e-01
1.313979999999999870e-01
1.510869999999999991e-01
1.410750000000000060e-01
-5.019310000000000160e-01
7.692879999999999718e-01
1.113340000000000024e-01
1.438740000000000019e-01
1.302599999999999869e-01
1.682680000000000009e-01
1.471300000000000108e-01
2.595810000000000062e-01
1.825170000000000126e-01
2.229740000000000055e-01
1.741310000000000080e-01
2.579569999999999919e-01
1.720899999999999930e-01
1.421179999999999943e-01
1.681089999999999973e+00
1.696280000000000010e-01
1.907079999999999886e-01
4.641119999999999968e-02
2.005419999999999980e-01
1.648509999999999975e-01
1.192280000000000006e-01
1.177630000000000066e-01
9.929240000000000288e-02
2.485060000000000047e-01
2.046260000000000023e-01
2.037499999999999867e-01
1.497940000000000105e-01
9.186800000000000521e-01
2.007279999999999898e-01
1.995770000000000044e-01
1.158529999999999976e-01
2.166770000000000085e-01
9.504810000000000203e-01
1.230929999999999941e-01
1.952770000000000061e-01
1.654110000000000025e-01
1.396679999999999866e-01
2.176520000000000121e-01
2.420059999999999989e-01
1.981569999999999998e-01
1.835489999999999899e-01
1.914309999999999901e-01
2.088639999999999941e-01
2.062350000000000017e-01
8.793349999999999778e-01
1.863900000000000001e-01
1.168909999999999949e-01
8.887950000000000017e-01
1.185979999999999951e-01
7.943489999999999718e-01
8.693140000000000311e-01
1.460460000000000091e-01
8.748989999999999823e-01
-4.731830000000000203e-01
1.578309999999999991e-01
9.543930000000000469e-01
2.126260000000000094e-01
