1.180449999999999999e+00
-1.519820000000000060e-01
-1.613210000000000033e+00
-1.655080000000000107e+00
4.844169999999999726e-02
-1.940199999999999911e-02
1.647139999999999993e-01
3.561599999999999766e-01
-2.902930000000000180e-03
2.719149999999999956e+00
1.096339999999999953e-01
7.601969999999999561e-02
8.204430000000000056e-02
-5.004230000000000136e-03
2.654750000000000165e-01
1.973710000000000048e-02
2.038749999999999840e+00
1.913499999999999979e+00
1.969160000000000077e-01
1.600579999999999892e+00
9.248069999999999902e-02
-9.987179999999999946e-01
-2.889479999999999826e-01
-1.123490000000000044e-01
3.786340000000000039e+00
2.817550000000000221e+00
2.604560000000000208e+00
1.532229999999999981e-01
2.874509999999999899e+00
2.053710000000000147e+00
1.761689999999999978e+00
1.907310000000000061e+00
-1.477829999999999977e-01
7.243020000000000187e-03
8.704380000000000450e-01
5.112640000000000517e-01
2.168540000000000134e+00
-3.152169999999999972e-02
-1.358729999999999993e+00
2.087309999999999999e+00
1.772459999999999924e+00
1.684730000000000061e+00
-6.680519999999999514e-02
4.739810000000000008e-04
-7.238590000000000302e-02
6.754340000000000344e-02
1.916859999999999953e-01
3.288240000000000052e+00
-3.172410000000000074e-03
5.554459999999999953e-02
3.070720000000000116e-01
-1.670539999999999914e+00
-8.815870000000000095e-01
-2.986379999999999937e-02
-1.800689999999999902e+00
-1.681980000000000031e+00
-8.581299999999999484e-01
-4.119230000000000114e-02
-7.952579999999999372e-02
2.361100000000000004e-02
-6.539230000000000320e-01
5.329789999999999806e-01
-3.421290000000000164e-01
-4.984969999999999679e-02
2.481359999999999955e-01
1.113439999999999985e-01
3.706940000000000235e-01
1.453689999999999927e+00
-1.558249999999999913e+00
5.261990000000000244e-03
1.052490000000000023e-02
-2.796560000000000018e-03
-1.945370000000000044e+00
-3.245899999999999785e+00
1.401410000000000045e+00
-1.478350000000000053e+00
6.868830000000000213e-01
-2.975059999999999927e-01
2.035750000000000171e+00
-1.453279999999999905e+00
-2.017679999999999918e+00
-7.073730000000000295e-01
-1.164199999999999957e-02
-1.198950000000000016e-01
3.329349999999999810e-01
2.863510000000000222e+00
3.738980000000000192e+00
1.114670000000000050e+00
-5.071719999999999701e-02
-8.391659999999999675e-01
-9.990640000000000631e-02
-1.841879999999999906e-01
1.070070000000000049e-01
-7.483499999999999597e-01
-1.047819999999999974e+00
-1.487309999999999910e+00
-3.778679999999999817e-01
-1.917159999999999975e-01
5.326960000000000028e-02
-5.660809999999999453e-01
-1.700780000000000070e-01
-1.207079999999999931e+00
7.427869999999999751e-01
6.490819999999999923e-02
1.977009999999999879e-01
-2.235329999999999956e-02
-1.393680000000000030e+00
3.867570000000000036e-02
1.473409999999999997e-01
-1.319740000000000080e-01
-6.216349999999999654e-02
-5.760660000000000086e-02
-8.916469999999999674e-01
-1.666229999999999933e-01
2.085860000000000145e-02
-7.073799999999999880e-03
9.102080000000000171e-01
8.145820000000000283e-01
-9.320009999999999684e-01
3.001159999999999939e-01
2.488370000000000165e-02
-5.019559999999999578e-01
-8.592769999999999575e-02
-1.737030000000000074e+00
-1.962990000000000013e-01
-1.034150000000000069e-01
-1.853779999999999983e+00
1.272330000000000128e-01
-1.680250000000000077e-01
4.006019999999999720e-02
-1.704820000000000002e+00
-8.461090000000000000e-01
4.874370000000000092e-02
-2.973419999999999952e-01
1.445740000000000025e+00
-6.056059999999999915e-02
-9.647839999999999749e-01
1.208360000000000101e+00
1.522270000000000012e+00
-3.269520000000000204e-01
-1.765479999999999938e+00
-2.241359999999999797e+00
-2.839589999999999909e-03
-2.192329999999999973e-02
3.675139999999999657e-02
-8.075350000000000028e-01
1.120440000000000047e-01
-2.126569999999999849e-02
-4.695340000000000069e-01
-4.923879999999999924e-01
-7.780560000000000254e-02
8.627179999999999571e-02
1.070300000000000029e+00
-2.881289999999999907e+00
1.220450000000000035e+00
7.644940000000000069e-01
1.673140000000000072e+00
-1.753619999999999957e+00
2.970070000000000210e-01
-8.357449999999999601e-01
-5.971619999999999706e-02
7.671569999999999778e-02
-1.059660000000000046e-01
-1.981279999999999930e+00
-1.402700000000000058e-01
-9.411760000000000126e-01
-2.839929999999999954e-01
-1.970239999999999991e+00
8.577709999999999502e-01
-9.247249999999999914e-02
9.941820000000000518e-03
-6.656510000000000205e-02
-3.607949999999999768e-01
-1.790219999999999867e-01
-1.497930000000000095e-01
1.497730000000000068e-02
-3.166519999999999890e-01
-1.661380000000000079e+00
-4.480359999999999898e-01
-1.418109999999999982e+00
1.536560000000000009e-02
-1.141170000000000018e+00
-1.537690000000000001e+00
-1.840150000000000119e-01
-1.099320000000000075e+00
-6.178700000000000303e-01
3.165259999999999740e-01
2.832230000000000025e+00
-8.326550000000000340e-01
1.463449999999999918e+00
8.355059999999999709e-01
9.354489999999999750e-01
2.049409999999999954e+00
1.585909999999999931e+00
-1.037929999999999964e-01
-5.627220000000000555e-01
-2.076570000000000082e-01
2.836300000000000043e+00
5.978440000000000420e-01
-4.639309999999999962e-02
8.216240000000000210e-01
1.006499999999999929e-02
-2.313949999999999896e-01
-9.783450000000000202e-01
1.040299999999999975e-01
-2.269050000000000011e+00
-3.003750000000000142e+00
-3.078389999999999738e-01
1.238619999999999999e-01
6.756389999999999896e-01
2.449540000000000051e-01
6.872800000000000020e-01
-6.912979999999999681e-01
-2.452859999999999818e+00
1.294010000000000105e+00
-1.947520000000000084e-01
-1.668700000000000072e+00
4.550460000000000060e-01
-5.237249999999999961e-01
1.136539999999999946e-02
1.087380000000000013e-01
-7.547760000000000025e-01
-1.899899999999999922e+00
-1.220640000000000058e-01
-2.572420000000000151e+00
-3.311620000000000119e-01
1.347839999999999872e-01
-6.011110000000000064e-02
-2.030079999999999885e+00
-2.230100000000000193e+00
5.425520000000000342e-02
-4.530649999999999955e-02
-7.903200000000000225e-01
-1.712779999999999969e+00
-1.250910000000000077e-01
-1.382130000000000025e-01
-2.475519999999999943e-01
-8.271150000000000446e-01
-3.995150000000000090e-02
2.476290000000000088e-02
-1.314270000000000022e-02
-8.801989999999999537e-01
-5.151059999999999528e-01
8.330260000000000442e-01
4.239899999999999780e-01
-2.943660000000000165e-01
-1.225200000000000067e+00
-2.808190000000000186e+00
-2.480550000000000033e+00
1.929389999999999925e-02
1.645289999999999919e+00
-1.227980000000000071e+00
1.270129999999999870e-01
5.300559999999999938e+00
3.205979999999999830e+00
1.274339999999999939e+01
1.251939999999999920e+01
1.878119999999999834e+01
1.812800000000000011e+01
1.834479999999999933e+01
1.933879999999999910e+01
2.107199999999999918e+01
1.761970000000000169e+01
1.981210000000000093e+01
1.816100000000000136e+01
1.884140000000000015e+01
1.516590000000000060e+01
1.654390000000000072e+01
1.650250000000000128e+01
1.188359999999999950e+01
1.396010000000000062e+01
1.215220000000000056e+01
1.091360000000000063e+01
1.213760000000000083e+01
1.260340000000000060e+01
1.356709999999999994e+01
9.922670000000000101e+00
9.899290000000000589e+00
1.720039999999999836e+01
9.950400000000000134e+00
9.860519999999999285e+00
8.684630000000000294e+00
8.709220000000000184e+00
1.278810000000000002e+01
1.226660000000000039e+01
8.804429999999999978e+00
4.936320000000000263e+00
9.002090000000000813e+00
8.888070000000000803e+00
8.271639999999999660e+00
6.942599999999999660e+00
9.542830000000000368e+00
7.742779999999999774e+00
7.402190000000000047e+00
6.503059999999999619e+00
6.825190000000000090e+00
6.820549999999999891e+00
9.887589999999999435e+00
6.678530000000000300e+00
9.524169999999999803e+00
9.602909999999999613e+00
9.909219999999999473e+00
9.656449999999999534e+00
1.045320000000000071e+01
4.413640000000000008e+00
6.078450000000000131e+00
5.425430000000000419e+00
8.778639999999999333e+00
1.145720000000000027e+01
4.330119999999999969e+00
3.726869999999999905e+00
6.380410000000000359e+00
5.841829999999999856e+00
6.685979999999999812e+00
6.006709999999999994e+00
6.407130000000000436e+00
1.269239999999999924e+01
7.256669999999999732e+00
5.257270000000000110e+00
5.000070000000000014e+00
5.814569999999999794e+00
4.019199999999999662e+00
4.270279999999999632e+00
4.743400000000000283e+00
4.860699999999999577e+00
1.788429999999999964e+00
5.585899999999999643e+00
7.958520000000000039e+00
1.060280000000000022e+01
8.581759999999999167e+00
3.249839999999999840e+00
1.850200000000000067e+00
6.477520000000000167e+00
8.663429999999999964e+00
1.762159999999999949e+00
5.001319999999999766e+00
5.111150000000000304e+00
3.818270000000000053e+00
2.102970000000000006e+00
9.139379999999999171e+00
3.747510000000000119e+00
6.588000000000000078e+00
8.429630000000000178e-01
6.699799999999999756e+00
6.643419999999999881e+00
7.182990000000000208e+00
7.836420000000000385e+00
4.598629999999999995e+00
6.011930000000000440e+00
3.768710000000000004e+00
5.607609999999999539e-01
-3.536889999999999756e-01
5.673010000000000552e-01
2.019820000000000171e+00
4.143510000000000248e-01
3.695359999999999756e-01
8.067090000000000094e-01
1.111809999999999965e+00
5.486630000000000118e-01
6.290270000000000028e-01
-1.279549999999999965e+00
-1.890709999999999891e+00
-9.095159999999999911e-01
3.522009999999999863e+00
4.340939999999999799e+00
2.513030000000000097e+00
3.723009999999999931e+00
2.931789999999999896e+00
5.221750000000000114e+00
3.671660000000000146e+00
5.612079999999999735e+00
2.873899999999999899e+00
-3.261970000000000147e-02
-7.603879999999999528e-01
3.068170000000000064e-01
1.484189999999999954e-01
3.166720000000000201e+00
1.936660000000000048e+00
1.989330000000000043e+00
4.689680000000000071e+00
3.887500000000000178e+00
8.048340000000000494e-01
6.926229999999999887e-01
3.671590000000000131e-01
3.178960000000000119e-01
3.088420000000000054e-01
2.645190000000000041e-01
1.846840000000000037e+00
6.779119999999999591e-01
2.638079999999999787e-04
1.057069999999999954e-01
3.115290000000000004e-01
2.166609999999999925e-01
2.203249999999999931e-01
1.400150000000000006e+00
1.564990000000000103e+00
1.652959999999999985e-01
3.505030000000000090e-01
1.036890000000000089e+00
3.368820000000000148e-01
1.243100000000000094e+00
5.533130000000000548e-01
3.774710000000000131e-03
2.575709999999999944e-01
1.664059999999999984e-01
2.651330000000000076e-01
-3.663779999999999815e-01
2.281390000000000029e+00
9.674110000000000209e-01
8.979599999999999804e-01
2.454979999999999940e+00
1.000680000000000014e+00
1.622399999999999953e-01
1.952169999999999947e-02
-1.602289999999999992e+00
-3.680540000000000200e-02
-2.034920000000000062e-01
1.002250000000000085e+00
-7.810019999999999740e-01
6.980089999999999906e-01
2.086860000000000104e-02
-1.484010000000000051e+00
-1.837469999999999937e-01
2.561689999999999801e-01
1.314640000000000031e+00
7.766830000000000123e-01
1.115560000000000107e+00
1.450059999999999905e+00
-3.102509999999999990e-02
2.026070000000000041e-03
-1.869319999999999871e-01
1.867990000000000039e+00
1.843180000000000041e+00
2.604269999999999849e-02
5.895970000000000377e-01
-4.285540000000000183e-02
7.564530000000000420e-01
-2.629460000000000131e-01
1.295870000000000077e-01
2.235489999999999977e-01
7.157919999999999838e-01
-1.296370000000000022e+00
-2.054769999999999860e-02
-1.758369999999999989e+00
3.523849999999999899e-02
-6.443809999999999816e-01
5.179749999999999632e-01
3.622600000000000264e-01
-1.760859999999999925e-01
-1.642689999999999984e-01
-1.338780000000000081e+00
-8.123930000000000040e-02
-7.543590000000000018e-01
1.093020000000000103e+00
-6.902949999999999919e-01
6.745790000000000397e-01
1.915590000000000070e-01
9.865960000000000285e-01
-1.931819999999999926e-01
-1.996439999999999881e-01
1.676900000000000057e+00
-7.262019999999999587e-02
7.758930000000000549e-01
-2.557300000000000129e-01
-3.745700000000000141e-01
-2.299509999999999887e-01
-1.628090000000000037e+00
-3.649740000000000206e-01
1.398379999999999956e+00
5.318530000000000202e-01
6.145679999999999893e-02
-1.543090000000000073e+00
8.740569999999999729e-01
1.689149999999999929e+00
1.120430000000000037e-01
7.599010000000000487e-01
1.065390000000000059e+00
9.493209999999999704e-01
-8.530530000000000057e-02
6.554269999999999818e-01
-5.285820000000000102e-03
1.430940000000000101e+00
-1.227090000000000014e+00
6.419470000000000454e-01
-4.851360000000000117e-01
-5.747309999999999919e-01
7.114260000000000028e-01
-6.809289999999999787e-02
-2.459379999999999900e-02
7.451259999999999550e-01
-2.872509999999999994e-02
-2.224510000000000098e-01
-2.676310000000000147e-02
-8.635460000000000358e-01
2.226509999999999947e-02
2.211100000000000010e-01
-7.565570000000000628e-02
-8.243859999999999522e-01
1.660830000000000084e-01
-3.724819999999999798e-01
7.391780000000000572e-02
-6.556950000000000278e-02
-4.205079999999999929e-03
2.420640000000000125e+00
4.309780000000000277e-01
-8.362209999999999921e-01
1.225330000000000030e+00
2.113140000000000157e-02
-8.054939999999999323e-02
-1.618149999999999977e+00
2.535620000000000096e-01
6.817120000000000124e-02
2.716070000000000206e+00
2.950059999999999905e-01
1.560590000000000067e-02
-2.499480000000000146e+00
3.092830000000000190e+00
-5.706300000000000261e-02
-1.309080000000000021e+00
-5.448420000000000485e-01
-2.700419999999999821e+00
1.645019999999999927e+00
-1.951999999999999916e-02
7.275650000000000173e-01
-4.043639999999999735e-02
-2.886760000000000215e+00
-1.078489999999999949e+00
-1.541980000000000017e-01
-1.563299999999999912e+00
4.690369999999999956e-02
2.792949999999999947e-02
2.454260000000000108e+00
-2.329350000000000170e-02
-3.881589999999999763e-01
2.005170000000000008e-01
-1.263130000000000086e-01
1.089390000000000081e+00
4.100389999999999868e-01
-3.200270000000000170e+00
-7.260440000000000227e-01
-2.299609999999999932e+00
1.874020000000000130e-01
-2.399810000000000137e-02
-1.519819999999999949e+00
-6.823789999999999578e-01
-2.716880000000000184e+00
-7.506040000000000489e-01
-1.175289999999999946e+00
-8.136069999999999691e-01
1.555690000000000017e+00
-9.265759999999999552e-01
-7.036000000000000587e-02
-2.109930000000000139e-02
9.550130000000000008e-01
-9.278089999999999948e-02
9.206149999999999611e-01
-9.108470000000000455e-03
1.014759999999999968e-01
-2.026120000000000004e-02
-2.754929999999999879e+00
-1.126970000000000027e+00
-1.060910000000000047e-01
-5.920380000000000087e-02
-8.931170000000000497e-01
-1.634430000000000049e+00
-9.316069999999999629e-01
-1.623930000000000096e+00
2.677319999999999922e+00
1.924220000000000041e+00
-1.592880000000000129e-01
5.119250000000000189e-02
-1.357280000000000042e+00
-1.672520000000000007e+00
-3.391119999999999912e+00
-9.622349999999999515e-01
-1.073630000000000084e+00
-1.125140000000000029e+00
8.579120000000000079e-01
-6.788610000000000477e-02
2.081419999999999937e-01
1.546750000000000069e-01
7.331889999999999796e-01
-1.285209999999999964e-01
-8.874779999999999891e-01
2.257139999999999980e-01
-2.596419999999999839e-01
1.689990000000000103e+00
-4.909290000000000181e-02
-7.872200000000000308e-01
-6.842689999999999884e-02
6.545919999999999517e-02
3.800740000000000229e-01
-1.067720000000000058e-01
1.069129999999999941e-01
-3.047329999999999761e-01
-2.868549999999999933e+00
2.138909999999999978e-01
1.903920000000000057e+00
2.316390000000000171e+00
-1.891690000000000094e+00
-8.700019999999999282e-03
-2.548529999999999893e-02
-7.072699999999999820e-02
-5.136519999999999975e-01
2.207010000000000083e-01
4.479819999999999913e-01
6.674189999999999845e-01
2.643629999999999924e+00
-1.014369999999999994e+00
-2.051900000000000113e-01
-7.785649999999999515e-02
1.136269999999999891e+00
-1.168259999999999993e-01
6.675159999999999982e-01
-3.077900000000000080e-01
-6.123389999999999667e-01
5.979020000000000168e-02
-7.933989999999999654e-01
-8.457970000000000210e-01
7.967199999999999838e-01
-3.939960000000000129e-01
-1.433500000000000052e-01
-1.858869999999999967e-01
-8.138370000000000326e-01
-6.992180000000000617e-02
-1.416370000000000129e-01
-8.514599999999999946e-01
-6.300119999999999332e-02
-8.350660000000000027e-02
-7.623370000000000424e-01
-6.823789999999999578e-01
-2.702660000000000132e-02
-2.035270000000000135e+00
-4.337520000000000264e-02
6.120079999999999965e-02
-8.326429999999999942e-02
-1.796689999999999954e-01
2.018489999999999868e-02
-9.260060000000000513e-02
-6.979729999999999546e-01
5.097859999999999892e-02
-1.714830000000000076e+00
-7.424719999999999931e-02
-4.518350000000000144e-02
-9.490359999999999907e-01
7.921289999999999720e-01
-1.659750000000000059e+00
7.680850000000000177e-01
-1.784739999999999993e+00
1.242860000000000076e+00
6.682470000000000077e-02
-4.913000000000000006e-02
1.372120000000000006e-01
2.573260000000000131e-02
7.214669999999999694e-01
-9.090589999999999504e-01
4.487510000000000332e+00
8.911869999999999514e-01
-2.636210000000000164e+00
1.619009999999999894e-02
2.128530000000000033e+00
-1.820729999999999960e+00
3.097459999999999880e+00
-8.391510000000000635e-02
2.594590000000000174e+00
2.632300000000000195e-01
1.614700000000000024e+00
7.243070000000000341e-01
-6.979130000000000056e-01
-4.896840000000000394e-03
1.409930000000000072e-01
-2.185060000000000058e-01
-2.176109999999999989e+00
-1.420440000000000036e-01
1.429350000000000065e-02
-6.855850000000000000e-01
7.148949999999999472e-01
9.566539999999999766e-02
2.909039999999999959e-01
2.774949999999999986e-03
3.159730000000000039e-01
-8.398430000000000062e-01
-3.616599999999999815e-01
-5.670970000000000177e-02
-1.558140000000000081e+00
-1.150709999999999900e+00
-3.244600000000000262e-01
-1.477860000000000007e-01
-8.831259999999999666e-01
-1.980659999999999921e-01
-1.261510000000000062e-02
4.966229999999999950e-02
-1.497180000000000039e-02
2.721689999999999873e-02
-5.029770000000000074e-01
8.342559999999999976e-01
-1.684100000000000041e-01
-5.961929999999999730e-01
5.222860000000000003e-02
-9.387520000000000309e-01
-2.231510000000000091e-02
-5.708410000000000428e-01
6.832230000000000247e-01
5.337330000000000130e-01
8.700020000000000531e-01
4.739160000000000039e-01
-2.058679999999999885e-02
-1.068120000000000042e-01
-2.385349999999999970e-01
-2.175219999999999931e-01
-8.855240000000000333e-02
1.193649999999999989e-01
2.459359999999999880e-01
-1.254410000000000025e+00
3.386089999999999822e+00
1.450869999999999937e-02
-1.705190000000000039e-01
2.797890000000000210e+00
-3.800239999999999868e-02
-4.183080000000000132e-01
1.139420000000000016e-01
-1.614379999999999982e-01
2.345040000000000013e+00
6.493379999999999708e-01
-1.667480000000000073e-01
2.746990000000000265e-01
4.402059999999999862e-01
-3.066380000000000217e-01
-1.959549999999999903e+00
1.361779999999999935e-03
-1.481880000000000086e+00
7.011129999999999862e-01
1.768659999999999899e+00
-1.004990000000000050e+00
-3.830580000000000096e-02
-4.588409999999999711e-02
2.117780000000000010e-02
-2.619449999999999834e-01
-6.525929999999999787e-01
-6.137890000000000290e-01
9.983349999999999724e-01
8.574119999999999520e-01
-1.800559999999999938e+00
-1.432800000000000074e+00
-9.863429999999999698e-01
-1.362879999999999925e-01
-6.842009999999999481e-01
-2.211539999999999895e-01
7.070070000000000521e-01
-2.280330000000000135e-01
-1.914199999999999902e+00
-4.097119999999999929e-02
1.850400000000000100e-01
-4.003809999999999869e-01
-3.308320000000000149e+00
1.311479999999999868e-01
6.590920000000000112e-02
-2.756000000000000116e-01
1.404779999999999918e+00
1.740250000000000075e+00
-1.628890000000000060e-01
-1.034960000000000047e-01
-2.988540000000000085e-01
2.597320000000000184e-01
5.610039999999999472e-01
-6.376549999999999718e-01
-5.758920000000000011e-02
1.389880000000000004e+00
1.798409999999999939e-02
-6.791850000000000387e-01
-8.163219999999999921e-01
1.135709999999999997e+00
-5.743990000000000207e-02
6.506739999999999573e-03
-1.740049999999999930e-01
-2.900179999999999980e-01
-2.400799999999999879e-01
1.867189999999999961e-01
-4.772470000000000184e-02
3.893030000000000102e-01
-9.181340000000000057e-01
-1.246680000000000010e+00
8.261009999999999742e-01
3.260190000000000050e-03
-1.358449999999999935e+00
2.636140000000000150e+00
-5.473999999999999699e-02
-2.082749999999999879e-01
-2.816489999999999827e-01
1.333390000000000131e-01
8.705980000000000663e-02
-1.154659999999999992e-01
-5.003649999999999487e-01
5.891269999999999563e-01
2.431000000000000105e-01
-4.624140000000000195e-02
2.699779999999999888e-02
-3.973590000000000177e-01
-1.341990000000000016e+00
-2.232590000000000074e+00
-7.697899999999999743e-01
9.927040000000000308e-01
-3.442810000000000037e-01
-7.323110000000000452e-01
-1.212099999999999955e+00
-3.299130000000000118e-01
3.395659999999999901e+00
-2.135930000000000120e-02
5.704200000000000381e-01
4.885720000000000063e-01
1.315549999999999997e+00
9.730850000000000610e-02
2.707140000000000102e-01
2.154439999999999966e-01
3.585800000000000098e-02
5.436029999999999474e-01
1.702009999999999912e-01
-6.811470000000000025e-02
-4.100199999999999956e-01
-4.024579999999999824e-01
-6.336150000000000115e-02
6.650140000000000218e-02
6.289050000000000473e-01
4.021830000000000127e-01
1.451820000000000055e-01
-2.149310000000000109e-01
1.113990000000000036e+00
6.963690000000000158e-01
-2.699289999999999745e-01
1.381180000000000074e+00
-7.575039999999999552e-01
9.169709999999999805e-01
7.264159999999999506e-01
-9.136260000000000492e-01
-8.492149999999999699e-02
-1.144609999999999905e+00
-2.349590000000000012e-01
3.796800000000000175e-02
-1.787950000000000095e-01
-3.126339999999999675e-02
7.720130000000000048e-02
-8.069790000000000296e-03
-2.937960000000000016e-01
-4.902709999999999707e-02
-4.189080000000000026e-01
2.597320000000000184e-01
-1.610330000000000039e+00
-9.317100000000000382e-01
5.876850000000000129e-01
-3.646300000000000097e-01
-1.549260000000000081e-01
-2.653939999999999966e+00
-5.210379999999999873e-02
-1.577579999999999982e+00
-1.674870000000000081e+00
1.499409999999999910e-01
-2.284780000000000144e-02
1.836619999999999919e+00
-6.857520000000000282e-02
-7.068200000000000038e-01
-5.586090000000000222e-01
1.474640000000000117e-01
-7.055479999999999530e-01
-1.877999999999999892e+00
-1.185060000000000002e+00
-1.135960000000000081e+00
1.230410000000000004e+00
7.607500000000000373e-01
1.844810000000000061e-01
-1.060249999999999942e-01
1.599109999999999976e-01
-3.376169999999999866e-02
-1.110309999999999908e+00
-1.478329999999999922e-02
-5.046069999999999722e-02
-1.668719999999999981e+00
-6.424459999999999615e-01
-1.498289999999999900e+00
-4.057819999999999760e-01
-7.948070000000000412e-01
-1.167229999999999934e-01
-8.315399999999999459e-01
-1.008010000000000073e+00
-1.281319999999999959e-01
-1.053679999999999950e+00
8.224900000000000266e-02
4.518170000000000242e-01
3.813040000000000179e-02
3.687540000000000262e-02
-3.164340000000000208e-02
4.292449999999999655e+00
-9.001069999999999904e-01
-4.861240000000000006e-01
-1.407059999999999977e-01
-2.780739999999999879e-01
3.495480000000000254e-01
-8.196350000000000025e-01
-7.975919999999999677e-01
-7.625929999999999653e-01
-5.643960000000000088e-01
-4.469029999999999947e-01
-8.172019999999999840e-01
-1.672069999999999945e+00
2.097820000000000018e+00
-6.220019999999999716e-02
-1.570640000000000092e-01
-2.238100000000000200e+00
-3.307499999999999885e-01
3.189430000000000209e+00
-5.777589999999999809e-02
-2.222909999999999817e-03
1.469980000000000064e+00
-1.080370000000000053e+00
1.261190000000000033e+00
-9.570249999999999591e-02
1.153840000000000074e-02
-5.106730000000000436e-01
-4.630879999999999719e-02
-1.268859999999999988e-01
1.042589999999999906e+00
-1.331249999999999933e-01
-8.242669999999999719e-01
-8.561969999999999859e-01
9.032820000000000293e-01
-1.160730000000000040e+00
2.889680000000000026e-01
4.104379999999999834e-02
-1.621490000000000098e+00
-8.349590000000000067e-01
5.135839999999999850e-02
-8.405789999999999651e-01
2.880300000000000082e-01
-9.099739999999999496e-01
-1.536839999999999984e+00
-5.127469999999999944e-02
-1.136479999999999935e+00
-4.521299999999999764e-01
5.885590000000000543e-01
-2.787430000000000116e-02
-1.295409999999999964e-02
-2.441790000000000072e-01
2.462300000000000044e-01
-1.639839999999999909e-01
1.227200000000000069e+00
-1.703340000000000076e+00
-2.032630000000000159e+00
5.985129999999999617e-01
1.466200000000000003e-01
-5.405039999999999845e-01
-1.721189999999999998e+00
-2.248880000000000212e+00
7.980070000000000219e-01
-4.199390000000000067e-01
7.124809999999999477e-02
-3.497640000000000193e-01
-1.387729999999999997e-03
-7.680430000000000312e-01
-5.078279999999999461e-01
-8.031979999999999675e-01
-3.611090000000000133e-01
1.000709999999999988e+00
-1.378479999999999983e-01
-1.217549999999999910e+00
-1.801169999999999938e+00
5.043640000000000276e-03
3.242099999999999843e-02
5.067009999999999570e-01
-3.169120000000000270e-01
-2.073789999999999800e+00
-1.528899999999999981e-01
4.080749999999999655e-02
6.111010000000000053e-02
8.686170000000000002e-02
-4.422269999999999847e-03
-7.410379999999999745e-02
1.253779999999999895e-01
7.475469999999999615e-01
-5.175949999999999995e-02
1.673269999999999922e-03
5.385290000000000354e-01
3.887700000000000045e-01
-2.175219999999999931e-01
-8.533459999999999657e-02
-2.618770000000000042e+00
1.301440000000000097e-01
-1.133580000000000032e+00
-1.977409999999999890e+00
-7.044759999999999911e-01
-3.237280000000000157e-01
-8.678670000000000551e-01
2.282969999999999999e-01
-8.228220000000000534e-01
-2.029469999999999885e-01
-4.765249999999999764e-01
-3.302100000000000174e-02
-2.761310000000000153e-01
-1.447109999999999896e+00
2.328000000000000069e-01
-6.439649999999999541e-02
-8.453559999999999963e-01
-1.940209999999999990e-01
-9.590090000000000003e-01
2.999200000000000130e-02
-7.954909999999999481e-01
2.393520000000000092e-01
-7.163350000000000273e-02
-1.538629999999999998e-01
1.701379999999999892e+00
-1.936649999999999983e+00
-1.783809999999999896e+00
-1.264469999999999983e+00
-1.597520000000000051e+00
-2.067539999999999933e-01
-1.713030000000000053e+00
-9.603460000000000329e-01
-3.509110000000000007e-02
-1.732990000000000030e+00
-2.735079999999999734e-01
-1.002500000000000058e-01
-2.885229999999999739e-01
-1.568140000000000089e-01
-2.754739999999999966e-02
-2.270139999999999936e-01
-9.829649999999999777e-01
