-8.619190000000000185e-02
-8.489660000000000262e-02
-9.494900000000000562e-02
-7.649110000000000631e-02
-9.610660000000000036e-02
-8.985339999999999994e-02
-9.242649999999999477e-02
-3.606980000000000082e-03
-3.196449999999999986e-02
3.071070000000000050e-02
1.903969999999999968e-02
-2.875729999999999953e-02
-4.014700000000000213e-02
-5.907130000000000020e-02
-7.115009999999999390e-02
-1.495620000000000005e-01
-9.426180000000000669e-02
-9.059699999999999698e-02
-1.205129999999999951e-01
-8.073559999999999626e-01
-3.088760000000000117e-02
-8.361369999999999914e-02
-1.693679999999999838e-02
-1.081660000000000087e-02
-5.127480000000000232e-02
-1.043960000000000027e-01
-1.130450000000000066e-01
-5.901660000000000239e-02
-8.812990000000000546e-01
-8.511290000000000522e-02
-6.517870000000000608e-02
-7.903870000000000340e-02
-2.626190000000000122e-02
-1.253890000000000005e-01
-7.957259999999999334e-02
-2.054250000000000173e-02
-1.608470000000000066e+00
-7.985330000000000206e-02
-7.612929999999999697e-02
-6.147679999999999811e-02
-5.382329999999999753e-02
-8.470160000000000189e-02
-7.209740000000000593e-02
-9.871140000000000470e-02
-6.611309999999999409e-02
-2.849880000000000121e-02
-6.098390000000000061e-02
-2.496200000000000155e-02
-1.099849999999999960e-02
-4.146899999999999892e-02
-2.822850000000000012e-02
-9.552080000000000293e-02
-5.244909999999999850e-02
-7.807630000000000126e-02
-1.625119999999999898e+00
-8.800030000000000352e-02
-6.592660000000000187e-02
-3.284750000000000170e-02
-4.720060000000000228e-02
-3.058050000000000004e-02
-8.857830000000000564e-03
-4.768309999999999910e-02
-3.125139999999999862e-02
-1.172850000000000004e-01
-8.407780000000000253e-01
-9.909460000000000490e-02
-1.071840000000000015e-01
-1.563529999999999920e-01
-5.824580000000000035e-02
-5.464460000000000151e-02
-3.284700000000000120e-02
-1.330089999999999918e-02
-1.209069999999999936e-02
-6.322339999999999904e-02
-1.575580000000000036e-02
-3.848680000000000156e-02
-1.247039999999999954e-01
-5.352230000000000182e-02
-5.149580000000000130e-02
-1.146449999999999969e-01
-5.855880000000000113e-02
-5.485659999999999842e-02
-2.194880000000000095e-02
-3.874679999999999791e-02
-3.784080000000000082e-02
2.659500000000000058e-02
-8.536820000000000519e-03
-3.232619999999999938e-02
-3.331560000000000077e-02
-4.965449999999999725e-02
-1.022139999999999993e-01
-7.470569999999999988e-02
-1.225409999999999971e-01
-6.043289999999999773e-02
-2.497059999999999905e-02
-5.285800000000000221e-02
-5.737409999999999732e-02
-1.992750000000000077e-02
1.675569999999999837e-02
-7.531949999999999756e-02
-5.969050000000000050e-02
-9.055989999999999873e-02
-7.205229999999999968e-02
-8.927029999999999688e-02
-6.950589999999999546e-02
-9.897390000000000354e-02
-9.213349999999999318e-02
-7.670789999999999553e-02
-1.455189999999999956e-02
-8.127769999999999440e-02
-2.743889999999999871e-02
-5.882029999999999897e-02
-3.060989999999999892e-02
-2.740069999999999832e-03
-7.585770000000000360e-03
-6.521069999999999645e-02
-4.975799999999999668e-02
-9.935950000000000337e-02
-3.788230000000000069e-02
-5.976299999999999668e-02
-3.451919999999999988e-02
-1.838330000000000172e-02
-3.325569999999999915e-02
-6.581449999999999800e-02
-3.725099999999999939e-02
-4.056509999999999977e-02
3.847869999999999763e-02
-2.803500000000000089e-02
-5.673700000000000271e-02
-1.000780000000000003e-01
-9.325550000000000506e-02
-1.122129999999999933e-01
-6.589760000000000062e-02
-8.821099999999999774e-02
-1.169639999999999985e-01
-2.660699999999999871e-02
-1.588490000000000041e-02
2.299999999999999961e-02
8.016090000000000021e-03
-6.921830000000000344e-03
-3.506190000000000001e-02
-6.561659999999999715e-02
-1.031969999999999971e-01
-5.776139999999999747e-02
-3.360769999999999730e-02
-1.735249999999999987e-02
-2.611629999999999854e-02
-1.997799999999999923e-02
-2.530980000000000035e-02
2.014639999999999834e-02
2.063490000000000116e-02
-2.470139999999999836e-02
-7.258779999999999399e-02
-2.500530000000000114e-02
-7.323830000000000617e-02
1.442270000000000054e-03
-4.921350000000000030e-02
1.696129999999999903e-03
-2.751409999999999967e-02
-4.008740000000000220e-02
1.476560000000000025e-02
7.160950000000000128e-03
-9.953190000000000648e-03
-2.616900000000000129e-02
-7.282710000000000572e-02
-4.211499999999999966e-02
-3.436739999999999934e-02
-8.235829999999999540e-02
-1.314559999999999895e-01
-1.551959999999999971e-02
-2.787109999999999935e-02
-1.555400000000000012e-02
1.373970000000000052e-02
2.643749999999999920e-02
-1.651959999999999887e-02
-2.612410000000000079e-02
-4.434609999999999941e-02
-1.487360000000000071e-02
-2.708899999999999850e-02
-1.319039999999999969e-02
-6.555379999999999541e-02
-4.214690000000000103e-02
-1.839990000000000028e-02
-3.038060000000000066e-02
8.638339999999999561e-03
-3.292899999999999994e-02
-3.275030000000000302e-02
2.436680000000000096e-02
-3.498529999999999696e-02
-2.963839999999999877e-02
-6.316850000000000243e-02
-6.065550000000000108e-02
-4.948929999999999996e-02
-1.640290000000000151e-02
-3.667410000000000114e-02
-8.295240000000000391e-01
-1.001909999999999953e-02
1.152259999999999916e-02
4.952840000000000020e-02
1.353110000000000077e-02
5.995439999999999797e-02
4.475769999999999749e-02
8.138980000000000520e-03
-3.713600000000000234e-02
-3.355250000000000159e-03
-4.096559999999999785e-02
-8.142160000000000508e-01
-1.354739999999999937e-02
-1.093589999999999970e-03
1.217700000000000032e-02
3.474689999999999723e-02
3.662970000000000115e-02
7.961429999999999896e-02
2.537249999999999922e-02
6.487709999999999311e-02
1.218860000000000082e-02
-2.142089999999999966e-02
-7.439000000000000300e-03
-2.018290000000000015e-02
-1.170449999999999963e-02
-2.438560000000000044e-04
7.526900000000000431e-03
2.719579999999999914e-02
3.398969999999999856e-03
2.060549999999999882e-02
2.816679999999999878e-02
-1.069860000000000082e-02
2.840590000000000129e-02
7.160090000000000031e-03
2.299170000000000033e-02
1.213580000000000041e-02
1.415379999999999937e-02
-7.430050000000000265e-01
2.874089999999999978e-02
6.876190000000000080e-02
7.731409999999999672e-02
1.039820000000000050e-01
5.045800000000000285e-02
1.075959999999999972e-01
6.348760000000000167e-03
8.202509999999999663e-03
-3.431929999999999703e-02
-8.083699999999999219e-03
3.966080000000000300e-02
3.930929999999999841e-02
5.080210000000000281e-02
1.063309999999999950e-01
1.600540000000000018e-01
2.990889999999999938e-01
4.450930000000000164e-01
5.843690000000000273e-01
4.101219999999999644e+00
4.212040000000000006e+00
6.006789999999999630e+00
6.192470000000000141e+00
8.844870000000000232e+00
8.105859999999999843e+00
9.102280000000000371e+00
9.986610000000000653e+00
1.004840000000000089e+01
9.228519999999999612e+00
1.094100000000000072e+01
1.097990000000000066e+01
1.016869999999999941e+01
1.013320000000000043e+01
1.003889999999999993e+01
9.216730000000000089e+00
9.142030000000000101e+00
7.544030000000000236e+00
8.401989999999999625e+00
8.358670000000000044e+00
9.079340000000000188e+00
9.050679999999999836e+00
7.496159999999999712e+00
9.011950000000000571e+00
9.754530000000000811e+00
8.907489999999999242e+00
7.351820000000000022e+00
6.562050000000000161e+00
6.553139999999999965e+00
7.159139999999999837e+00
6.464459999999999873e+00
8.656689999999999330e+00
7.122899999999999565e+00
6.375420000000000087e+00
7.052270000000000039e+00
7.806680000000000064e+00
6.334249999999999936e+00
7.740149999999999864e+00
6.177340000000000053e+00
5.403660000000000352e+00
5.382270000000000110e+00
5.973489999999999966e+00
5.991629999999999789e+00
5.964179999999999815e+00
6.695719999999999672e+00
5.947199999999999598e+00
4.473910000000000053e+00
4.401909999999999989e+00
4.422719999999999985e+00
3.780600000000000183e+00
5.055080000000000240e+00
5.732660000000000089e+00
4.166380000000000194e+00
6.581430000000000113e+00
5.017759999999999998e+00
2.726259999999999906e+00
4.075319999999999609e+00
4.099409999999999776e+00
4.972139999999999560e+00
4.091599999999999682e+00
4.925670000000000215e+00
4.007830000000000226e+00
3.987740000000000062e+00
1.221189999999999998e+00
4.817109999999999559e+00
1.152009999999999978e+00
2.459410000000000096e+00
2.425129999999999786e+00
3.866340000000000110e+00
1.054689999999999905e+00
1.037660000000000027e+00
3.107850000000000001e+00
1.066240000000000077e+00
3.843119999999999870e+00
1.054650000000000087e+00
9.940449999999999564e-01
9.070580000000000309e-01
4.676700000000000301e+00
2.275199999999999889e+00
2.957320000000000171e+00
2.154970000000000052e+00
7.372830000000000217e-01
2.923490000000000144e+00
7.427129999999999566e-01
2.212559999999999860e+00
7.559120000000000283e-01
8.142759999999999998e-01
2.185439999999999827e+00
1.307960000000000012e+00
6.249719999999999720e-01
2.041749999999999954e+00
5.612620000000000386e-01
5.642080000000000428e-01
5.489979999999999860e-01
4.984830000000000094e-01
5.365440000000000209e-01
5.843399999999999705e-01
2.017250000000000210e+00
5.232830000000000537e-01
3.629100000000000215e+00
5.086519999999999930e-01
5.126840000000000286e-01
5.270679999999999810e-01
4.599779999999999980e-01
1.228660000000000085e+00
4.375879999999999770e-01
4.011509999999999798e-01
4.528389999999999915e-01
3.831570000000000253e-01
3.693739999999999801e-01
3.508879999999999777e-01
4.421800000000000175e-01
4.261579999999999813e-01
3.878989999999999938e-01
3.744299999999999851e-01
3.979829999999999757e-01
3.308849999999999847e-01
3.890359999999999929e-01
1.148619999999999974e+00
3.831040000000000001e-01
3.912019999999999942e-01
3.434940000000000215e-01
3.434670000000000223e-01
3.977760000000000185e-01
3.834659999999999735e-01
2.852049999999999863e-01
3.358499999999999819e-01
3.729620000000000157e-01
3.790660000000000140e-01
3.457899999999999863e-01
3.197630000000000194e-01
2.838979999999999837e-01
3.928849999999999842e-01
1.074340000000000073e+00
3.545420000000000238e-01
1.053260000000000085e+00
2.772709999999999897e-01
3.265339999999999909e-01
2.799599999999999866e-01
1.002930000000000099e+00
2.522349999999999870e-01
-5.100409999999999666e-01
2.660339999999999927e-01
2.826890000000000236e-01
2.718840000000000146e-01
1.932109999999999939e-01
2.386139999999999928e-01
3.273719999999999963e-01
2.420819999999999916e-01
2.581010000000000248e-01
1.928880000000000039e-01
9.509790000000000187e-01
2.716029999999999833e-01
2.313919999999999866e-01
2.118259999999999865e-01
1.851649999999999963e-01
1.782809999999999950e-01
2.067120000000000068e-01
1.680969999999999964e-01
2.055750000000000077e-01
2.208650000000000058e-01
1.578710000000000113e-01
2.154590000000000116e-01
1.968550000000000022e-01
1.763010000000000133e-01
1.470819999999999905e-01
1.382079999999999975e-01
1.953890000000000071e-01
1.565570000000000017e-01
1.839359999999999884e-01
1.538529999999999898e-01
1.816959999999999964e-01
1.656620000000000037e-01
1.205439999999999984e-01
1.624549999999999883e-01
1.881120000000000014e-01
1.229279999999999956e-01
1.198380000000000001e-01
1.678999999999999937e-01
2.055579999999999907e-01
1.557139999999999913e-01
1.161360000000000031e-01
8.167389999999999373e-02
2.231170000000000098e-01
1.715639999999999943e-01
2.065869999999999929e-01
1.531059999999999921e-01
1.616990000000000094e-01
1.276200000000000112e-01
1.454380000000000117e-01
1.077390000000000014e-01
1.104839999999999989e-01
1.763170000000000015e-01
2.041560000000000041e-01
1.547890000000000099e-01
7.985169999999999768e-02
9.621180000000000010e-02
1.350470000000000004e-01
1.279129999999999989e-01
1.615489999999999982e-01
1.383780000000000010e-01
1.360969999999999958e-01
1.312190000000000023e-01
1.406310000000000060e-01
8.535249999999999782e-02
9.859339999999999771e-02
1.036149999999999988e-01
7.651389999999999580e-02
6.249400000000000094e-02
2.829990000000000110e-03
8.239570000000000227e-02
1.371829999999999994e-01
1.267959999999999920e-01
1.497499999999999942e-01
1.009950000000000014e-01
1.125410000000000021e-01
6.998790000000000566e-02
6.919300000000000450e-02
7.935119999999999674e-02
1.305830000000000046e-01
1.869810000000000083e-01
1.045190000000000008e-01
1.159359999999999974e-01
1.241460000000000063e-01
1.069480000000000014e-01
1.293620000000000048e-01
1.316630000000000023e-01
1.014280000000000043e-01
1.262929999999999886e-01
1.084839999999999971e-01
9.167640000000000511e-02
7.925210000000000587e-02
7.883469999999999367e-02
9.598429999999999462e-02
8.342750000000000166e-02
3.073559999999999834e-02
7.360029999999999351e-02
8.544519999999999893e-02
1.038909999999999972e-01
1.175589999999999968e-01
-6.640110000000000179e-01
6.696960000000000413e-02
8.936589999999999812e-02
6.095649999999999680e-02
6.259099999999999386e-02
2.039710000000000134e-02
8.937399999999999511e-02
1.426080000000000125e-01
1.370399999999999952e-01
1.149730000000000057e-01
1.086010000000000031e-01
8.252360000000000251e-02
6.288610000000000033e-02
9.218189999999999718e-02
5.321200000000000235e-02
4.250690000000000024e-02
6.940290000000000348e-02
6.428250000000000630e-02
2.327339999999999964e-02
4.711300000000000210e-02
7.846240000000000159e-02
1.012610000000000038e-01
1.109360000000000068e-01
1.232660000000000006e-01
1.107849999999999946e-01
9.323320000000000218e-02
8.351250000000000340e-02
-1.170769999999999970e-02
6.453789999999999527e-02
1.056010000000000004e-01
6.597519999999999774e-02
3.910639999999999949e-02
6.034309999999999674e-02
8.817600000000000438e-02
1.123519999999999935e-01
7.968790000000000595e-02
1.006039999999999990e-01
6.611369999999999747e-02
1.162620000000000042e-01
1.270670000000000133e-01
1.142299999999999982e-01
9.089709999999999457e-02
3.440379999999999827e-02
8.861270000000000258e-02
8.682249999999999690e-02
8.544209999999999861e-01
1.026350000000000040e-01
7.486569999999999336e-02
1.222980000000000039e-01
1.032570000000000016e-01
1.352430000000000021e-01
1.204390000000000044e-01
1.205190000000000011e-01
4.147039999999999754e-02
6.234060000000000296e-02
9.629250000000000309e-02
9.793999999999999928e-02
9.245480000000000365e-02
1.057249999999999995e-01
5.465930000000000094e-02
4.713749999999999885e-02
6.661290000000000266e-02
1.105389999999999984e-01
1.445379999999999998e-01
1.099969999999999976e-01
7.693079999999999363e-02
8.371729999999999450e-02
6.349499999999999589e-02
7.634140000000000370e-02
6.948319999999999497e-02
4.482749999999999929e-02
9.440129999999999355e-02
6.735109999999999708e-02
-1.197759999999999971e-02
4.610960000000000059e-02
8.547910000000000230e-02
1.389189999999999869e-01
8.774369999999999392e-02
7.942599999999999660e-02
3.642929999999999779e-02
2.982660000000000172e-02
7.357610000000000539e-02
8.823640000000000649e-02
8.933339999999999337e-02
4.423679999999999973e-02
4.961560000000000276e-02
4.677660000000000151e-02
1.038440000000000057e-01
1.112169999999999964e-01
1.463200000000000056e-01
6.014760000000000245e-02
8.185720000000000496e-02
1.196789999999999937e-01
6.639879999999999394e-02
5.698600000000000193e-02
7.126680000000000514e-02
7.188769999999999882e-02
1.020640000000000019e-01
1.015830000000000066e-01
8.625869999999999371e-02
1.099340000000000039e-01
1.159929999999999989e-01
1.107019999999999949e-01
1.176230000000000053e-01
5.661379999999999885e-02
9.775520000000000043e-02
8.346820000000000628e-02
1.007090000000000068e-01
6.671789999999999665e-02
6.913660000000000638e-02
4.230049999999999782e-02
6.026429999999999981e-02
6.440600000000000491e-02
1.339380000000000015e-01
1.320169999999999955e-01
1.357150000000000023e-01
1.378570000000000073e-01
9.287380000000000635e-02
-6.859169999999999989e-01
1.511830000000000118e-01
1.387000000000000038e-02
8.963509999999999533e-02
1.047389999999999988e-01
8.452590000000000103e-02
6.114929999999999671e-02
1.250970000000000137e-01
1.177529999999999966e-01
1.425520000000000120e-01
8.046939999999999649e-02
6.072820000000000301e-02
1.065119999999999956e-01
9.485490000000000588e-02
9.762999999999999456e-02
9.111220000000000430e-02
1.165859999999999952e-01
8.420439999999999869e-02
8.060720000000000385e-02
9.393350000000000311e-02
7.099660000000000692e-02
1.157740000000000019e-01
5.824150000000000160e-02
3.832990000000000008e-02
6.205879999999999730e-02
1.015719999999999956e-01
9.416689999999999783e-02
1.493210000000000093e-01
1.500370000000000037e-01
1.182239999999999958e-01
1.445609999999999951e-01
3.273800000000000321e-02
6.134110000000000257e-02
1.291980000000000073e-01
8.879080000000000306e-02
1.101300000000000057e-01
-6.228110000000000035e-01
2.091200000000000003e-02
5.180740000000000345e-02
4.140930000000000305e-02
5.382800000000000085e-02
3.013019999999999934e-02
1.141820000000000057e-01
6.751390000000000169e-02
1.072049999999999947e-01
8.296760000000000246e-02
7.856109999999999483e-02
1.014430000000000054e-01
9.409679999999999434e-02
9.513480000000000547e-02
5.495209999999999678e-02
8.123579999999999690e-02
5.818759999999999905e-02
6.845249999999999946e-02
1.183450000000000057e-01
1.598660000000000081e-01
8.910790000000000377e-02
1.323110000000000119e-01
1.494890000000000108e-01
1.161729999999999985e-01
1.031549999999999967e-01
9.174619999999999997e-02
3.104080000000000034e-02
7.822460000000000524e-02
6.599299999999999611e-02
5.383919999999999678e-02
5.884600000000000247e-02
4.048650000000000165e-02
6.354400000000000326e-02
2.229590000000000044e-02
1.145150000000000057e-01
1.291640000000000010e-01
9.701909999999999701e-02
9.438090000000000368e-02
6.808169999999999500e-02
3.913819999999999799e-02
3.213080000000000103e-02
8.176049999999999984e-02
1.045780000000000043e-01
1.113220000000000043e-01
1.214540000000000064e-01
1.309819999999999873e-01
1.120400000000000007e-01
8.924389999999999823e-01
8.042320000000000024e-02
9.609700000000000186e-02
1.581400000000000028e-01
4.907840000000000119e-02
7.270179999999999698e-02
6.936109999999999498e-02
1.252860000000000085e-01
8.864569999999999395e-02
7.771659999999999680e-02
1.006670000000000065e-01
9.492920000000000524e-02
1.175080000000000013e-01
7.238070000000000614e-02
1.130940000000000001e-01
1.266460000000000086e-01
5.371399999999999786e-02
3.517479999999999912e-02
5.430809999999999804e-02
8.619050000000000322e-02
8.358279999999999876e-02
7.988599999999999868e-02
4.243430000000000119e-02
1.124580000000000024e-01
1.156139999999999946e-01
8.046140000000000236e-02
7.594439999999999524e-02
1.172149999999999997e-01
6.883269999999999667e-02
1.010189999999999977e-01
6.545589999999999742e-02
8.439530000000000642e-02
1.189290000000000069e-01
8.493349999999999511e-02
5.981170000000000236e-02
9.237030000000000241e-02
9.100790000000000268e-02
8.537880000000000469e-02
8.235460000000000003e-02
9.332319999999999505e-02
1.467009999999999981e-01
1.104640000000000066e-01
6.219530000000000197e-02
1.611690000000000041e-03
9.664159999999999417e-02
9.218550000000000355e-02
1.173219999999999957e-01
8.849730000000000096e-02
8.282200000000000673e-02
1.235160000000000008e-01
8.895849999999999591e-02
1.072860000000000064e-01
1.470210000000000128e-01
9.816429999999999600e-02
6.352339999999999376e-02
7.400560000000000471e-02
7.405420000000000058e-02
7.949119999999999797e-02
7.704479999999999662e-02
7.156079999999999386e-02
8.343000000000000416e-02
1.366020000000000012e-01
9.232369999999999466e-02
4.710729999999999779e-02
1.526959999999999984e-01
1.704259999999999942e-01
6.551220000000000654e-02
6.708759999999999724e-02
3.250039999999999873e-02
6.767750000000000155e-02
6.805719999999999825e-02
7.479080000000000450e-02
3.774269999999999708e-02
6.108600000000000141e-02
1.034960000000000047e-01
1.329279999999999906e-01
1.092530000000000029e-01
1.893410000000000093e-01
1.486159999999999981e-01
1.010270000000000057e-01
1.098549999999999943e-01
1.182600000000000040e-01
7.724609999999999810e-02
4.020329999999999737e-02
9.625699999999999534e-02
6.197980000000000156e-02
9.912790000000000490e-02
8.824369999999999437e-02
4.702819999999999917e-02
1.055050000000000016e-01
1.127890000000000004e-01
6.357069999999999388e-02
7.256509999999999350e-02
1.191480000000000039e-01
7.059379999999999822e-02
9.421569999999999945e-02
1.583920000000000050e-01
1.375339999999999896e-01
8.505500000000000560e-02
5.808880000000000293e-02
7.108359999999999679e-02
1.525330000000000019e-01
1.561980000000000035e-01
1.121869999999999951e-01
7.827169999999999961e-02
1.067680000000000018e-01
1.225269999999999970e-01
1.151839999999999947e-01
1.197160000000000030e-01
9.831689999999999874e-02
1.344499999999999862e-01
1.247759999999999980e-01
1.102889999999999981e-01
1.224200000000000010e-01
1.179219999999999990e-01
1.381360000000000088e-01
5.839350000000000096e-02
4.698689999999999811e-02
8.831170000000000686e-02
1.254720000000000002e-01
9.021289999999999865e-02
1.050159999999999982e-01
5.096749999999999892e-02
6.438489999999999491e-02
5.843899999999999789e-02
1.028219999999999967e-01
9.877569999999999406e-02
1.075210000000000055e-01
1.400309999999999888e-01
1.353290000000000048e-01
1.772340000000000027e-01
1.054149999999999948e-01
9.348979999999999790e-02
7.296919999999999795e-02
6.415369999999999406e-02
5.787799999999999889e-02
1.971140000000000045e-02
7.958060000000000134e-02
1.431739999999999957e-01
1.546980000000000022e-01
1.243549999999999933e-01
8.131539999999999602e-02
6.362310000000000187e-02
-6.954059999999999686e-01
8.440549999999999442e-02
5.598709999999999798e-02
9.553559999999999830e-02
4.298430000000000306e-02
7.890679999999999916e-02
1.050750000000000017e-01
8.357760000000000189e-02
1.165940000000000032e-01
1.447720000000000118e-01
9.795810000000000628e-02
1.084780000000000050e-01
1.057180000000000064e-01
5.440600000000000297e-02
8.345299999999999940e-02
8.753180000000000682e-02
8.075559999999999683e-02
1.824330000000000118e-01
1.085659999999999958e-01
5.202999999999999986e-02
1.055409999999999959e-01
1.231919999999999960e-01
1.620870000000000088e-01
1.585789999999999977e-01
1.689100000000000046e+00
8.557270000000000154e-02
6.691550000000000276e-02
8.730620000000000047e-02
9.876920000000000144e-02
1.360020000000000118e-01
9.541470000000000506e-02
8.586710000000000176e-02
4.167379999999999696e-02
2.255870000000000097e-02
1.099060000000000037e-01
1.540400000000000102e-01
1.772640000000000049e-01
1.145209999999999978e-01
8.500080000000000136e-02
6.600010000000000598e-02
1.756439999999999946e-01
1.748280000000000112e-01
1.344980000000000064e-01
1.110119999999999996e-01
1.677259999999999862e-01
1.114850000000000008e-01
8.725100000000000078e-01
9.131459999999999577e-02
1.278140000000000109e-01
1.542650000000000132e-01
1.376509999999999956e-01
1.284190000000000054e-01
1.387500000000000122e-01
5.335619999999999946e-02
2.279209999999999917e-02
9.109040000000000192e-02
5.046570000000000222e-02
1.034670000000000034e-01
8.811489999999999601e-02
6.651139999999999830e-02
9.008620000000000516e-02
8.611829999999999485e-02
6.515940000000000620e-02
5.005210000000000214e-02
6.888880000000000003e-02
9.695679999999999576e-02
7.228130000000000666e-02
1.289829999999999866e-01
1.508029999999999926e-01
1.221750000000000058e-01
1.370949999999999946e-01
1.267419999999999936e-01
1.078670000000000045e-01
4.842670000000000308e-02
5.708900000000000086e-02
9.486279999999999712e-02
4.635620000000000018e-02
7.178470000000000684e-02
4.616569999999999702e-02
9.497800000000000686e-02
1.333630000000000093e-01
1.024700000000000055e-01
1.236349999999999949e-01
1.330340000000000134e-01
1.454070000000000085e-01
1.138350000000000056e-01
1.420490000000000086e-01
9.589330000000000076e-02
-1.357010000000000050e+00
1.055780000000000052e-01
1.105919999999999959e-01
8.031689999999999663e-02
1.153769999999999935e-01
1.136439999999999950e-01
1.338840000000000030e-01
1.634039999999999937e-01
1.586239999999999872e-01
1.200330000000000008e-01
9.835599999999999898e-02
2.130640000000000034e-01
1.415150000000000019e-01
1.528730000000000089e-01
1.574869999999999881e-01
1.585270000000000012e-01
1.309420000000000028e-01
1.113009999999999972e-01
1.456639999999999879e-01
1.262739999999999974e-01
1.623680000000000123e-01
1.735450000000000048e-01
1.446939999999999893e-01
1.574339999999999906e-01
1.349509999999999876e-01
1.405230000000000090e-01
1.173519999999999980e-01
1.837139999999999884e-01
1.803579999999999905e-01
1.928729999999999889e-01
9.626730000000000009e-02
1.339599999999999957e-01
8.615009999999999335e-02
1.583789999999999920e-01
1.466540000000000066e-01
1.098839999999999956e-01
1.964559999999999917e-01
2.276849999999999985e-01
1.084220000000000045e-01
1.369360000000000022e-01
1.653729999999999922e-01
1.264210000000000056e-01
1.621609999999999996e-01
1.043609999999999954e-01
1.297649999999999915e-01
1.022630000000000067e-01
1.700629999999999920e-01
1.837699999999999889e-01
1.575969999999999871e-01
1.824840000000000073e-01
-6.097749999999999559e-01
1.180940000000000045e-01
1.833349999999999980e-01
1.536430000000000018e-01
1.077079999999999982e-01
1.577870000000000106e-01
1.255130000000000134e-01
1.064620000000000011e-01
1.208459999999999951e-01
1.215279999999999971e-01
9.657949999999999591e-01
1.739920000000000078e-01
1.813629999999999964e-01
1.420369999999999966e-01
1.470239999999999880e-01
1.294430000000000025e-01
2.034479999999999900e-01
2.186909999999999965e-01
1.781689999999999940e-01
9.882839999999999681e-02
1.792519999999999947e-01
1.325520000000000032e-01
1.398749999999999993e-01
2.007079999999999975e-01
2.494399999999999951e-01
1.760289999999999910e-01
1.800960000000000061e-01
1.778520000000000101e-01
2.723130000000000273e-01
2.174810000000000076e-01
1.794000000000000039e-01
1.761699999999999933e-01
1.425839999999999885e-01
1.025019999999999959e-01
1.562030000000000085e-01
1.829719999999999958e-01
2.023330000000000128e-01
2.116149999999999975e-01
2.032229999999999870e-01
2.844789999999999819e-01
2.883720000000000172e-01
2.611160000000000148e-01
2.265230000000000021e-01
2.083339999999999914e-01
2.176919999999999966e-01
1.873789999999999900e-01
1.872360000000000135e-01
2.180989999999999873e-01
2.921429999999999860e-01
2.798700000000000077e-01
1.048610000000000042e+00
