-2.355029999999999901e-01
-5.852860000000000007e-02
1.019630000000000015e-02
2.848849999999999993e-01
2.011860000000000037e-01
2.419119999999999882e-01
-1.469280000000000030e-01
3.905139999999999723e-01
-3.804890000000000216e-01
3.679290000000000060e-01
-1.130020000000000052e-01
-5.348509999999999653e-01
3.256690000000000279e-02
2.631330000000000058e-01
-3.671169999999999989e-02
2.465499999999999914e-01
-2.423619999999999941e-01
3.373360000000000247e-01
3.735760000000000192e-01
5.153659999999999908e-01
5.031959999999999766e-01
6.026730000000000143e-01
4.472019999999999884e-01
1.419769999999999921e-01
5.104710000000000081e-01
-3.289810000000000234e-01
-8.804320000000000201e-02
-2.762010000000000159e-02
-2.321149999999999880e-01
5.522420000000000107e-02
-2.189260000000000095e-01
-3.100180000000000123e-04
7.020640000000000214e-02
3.971589999999999843e-01
7.521689999999999765e-01
-6.391639999999999822e-02
5.593879999999999963e-01
3.177829999999999822e-01
-3.573040000000000244e-02
1.470249999999999890e-01
2.910499999999999754e-01
1.546569999999999889e-01
4.421320000000000250e-01
4.487070000000000225e-01
-2.680429999999999757e-01
-3.728589999999999960e-01
-2.921590000000000020e-01
2.982859999999999956e-01
-3.038060000000000205e-01
-3.628339999999999899e-01
1.411370000000000124e-01
1.332870000000000062e-02
1.559809999999999962e-04
6.704060000000000574e-02
1.331630000000000036e-01
5.179789999999999672e-01
1.863769999999999871e-01
-9.820879999999999888e-02
4.920169999999999821e-01
-3.400929999999999787e-01
-1.561009999999999898e-01
-2.263179999999999914e-01
-3.281200000000000228e-01
-6.154110000000000136e-02
4.404049999999999909e-01
3.902160000000000073e-01
2.993350000000000177e-01
2.251630000000000020e-01
-1.308020000000000016e-01
4.671030000000000321e-02
-2.424080000000000124e-01
-2.537340000000000081e-02
-1.951739999999999864e-01
2.047150000000000081e-01
-2.111359999999999904e-01
4.556049999999999683e-02
3.098800000000000165e-02
-1.666380000000000083e-01
1.530729999999999938e-02
-9.617019999999999735e-02
-2.957690000000000041e-01
-7.783829999999999916e-02
-1.861170000000000047e-01
5.675919999999999854e-01
-4.109349999999999808e-02
-2.774899999999999936e-02
2.178019999999999956e-01
3.351569999999999827e-01
1.437269999999999937e-01
-5.875010000000000510e-01
-3.332109999999999794e-01
4.153220000000000245e-01
4.943170000000000064e-01
3.528470000000000217e-01
4.601199999999999735e-01
2.365140000000000020e-01
-2.006479999999999930e-01
1.488579999999999903e-01
-1.621539999999999926e-01
-1.979090000000000016e-01
-3.015650000000000275e-01
-2.667439999999999811e-01
-6.783789999999999543e-01
5.201729999999999965e-01
5.994380000000000264e-01
3.031209999999999738e-01
4.069720000000000004e-01
-2.023550000000000071e-01
-3.530889999999999862e-01
4.586429999999999674e-02
3.700910000000000033e-01
-4.215940000000000243e-01
2.388689999999999980e-01
1.737869999999999970e-01
-6.372419999999999751e-01
-7.898570000000000313e-01
-3.847059999999999924e-01
-3.699059999999999848e-02
-5.683110000000000106e-01
-5.540199999999999569e-01
3.424030000000000129e-01
-4.015440000000000120e-01
4.549170000000000158e-01
-6.207340000000000080e-01
1.912179999999999991e-01
-2.370549999999999879e-01
-3.456440000000000207e-02
-4.024830000000000074e-02
5.480099999999999971e-01
1.508720000000000061e-01
-6.995719999999999716e-02
6.659729999999999817e-02
-4.291989999999999694e-02
-2.964319999999999733e-01
2.222959999999999953e-03
5.700310000000000099e-02
-1.052840000000000026e-01
-5.510310000000000485e-01
-5.521129999999999649e-01
-3.364440000000000208e-01
-3.264139999999999819e-01
-3.465560000000000168e-02
-6.048409999999999898e-02
-5.222409999999999553e-01
-4.337139999999999884e-01
-2.837089999999999890e-01
-1.129539999999999988e-01
-7.105949999999999767e-01
-8.714779999999999749e-01
-2.555660000000000154e-01
-3.722960000000000158e-02
-4.748129999999999851e-01
-2.993759999999999755e-01
5.945859999999999479e-01
-1.628570000000000018e-01
-2.309719999999999829e-02
3.945969999999999756e-01
9.945479999999999599e-02
4.247020000000000239e-01
-1.594079999999999941e-01
4.640079999999999899e-02
2.086330000000000129e-01
1.833609999999999962e-01
-2.040869999999999906e-01
-1.539940000000000059e-02
3.720240000000000213e-01
-4.019559999999999800e-01
-3.675979999999999803e-01
1.196080000000000060e-02
1.430950000000000000e-01
-1.077580000000000066e-01
1.230249999999999955e-01
-8.862470000000000070e-02
-2.072380000000000055e-01
3.174109999999999987e-01
2.895969999999999933e-01
-3.473200000000000176e-01
-4.052109999999999879e-01
-3.722750000000000226e-01
-1.526679999999999982e-01
-2.899439999999999795e-01
3.955560000000000187e-01
-2.429219999999999990e-01
-1.827880000000000060e-01
-2.926480000000000192e-01
8.636839999999999795e-02
-3.562290000000000179e-01
-1.463379999999999959e-01
-1.739249999999999963e-01
-2.110370000000000024e-01
1.456879999999999981e-02
4.294560000000000044e-01
-3.636809999999999765e-01
3.203199999999999936e-01
2.077410000000000090e-01
1.657700000000000007e-01
-1.853029999999999955e-02
-3.086559999999999859e-01
1.295109999999999872e-01
8.896320000000000616e-02
-6.339519999999999877e-02
-1.424080000000000068e-01
-3.051800000000000068e-01
5.083720000000000461e-01
-3.067280000000000006e-01
2.867890000000000161e-01
-4.029730000000000256e-01
4.184689999999999799e-01
-1.117569999999999952e-01
2.047269999999999923e-01
2.585350000000000148e-01
-1.131740000000000003e-02
-3.154060000000000197e-01
-5.173069999999999752e-02
-4.345829999999999971e-01
-3.381080000000000196e-01
-7.446719999999999728e-02
6.591020000000000212e-02
-3.220319999999999849e-01
-8.356320000000000414e-02
2.719179999999999930e-01
2.902410000000000267e-01
1.949619999999999964e-01
-1.296690000000000065e-01
4.627430000000000154e-01
-4.046899999999999942e-01
-1.044400000000000051e-01
-2.448619999999999963e-01
-2.148109999999999950e-02
-4.103490000000000193e-01
-6.624510000000000121e-01
-1.822519999999999973e-01
2.565100000000000019e-02
2.577389999999999959e-01
4.665360000000000062e-01
-1.803009999999999891e-01
-4.256540000000000323e-02
-3.913300000000000112e-01
-2.944709999999999828e-01
-1.851160000000000028e-01
1.925999999999999978e-03
-4.999850000000000128e-01
-2.717470000000000163e-01
-4.465649999999999897e-01
-3.821680000000000077e-01
-2.746569999999999845e-01
1.398040000000000116e-01
-7.665260000000000129e-02
5.474310000000000287e-02
1.417150000000000076e-01
5.393959999999999866e-01
6.201109999999999678e-01
1.314219999999999944e+00
2.587000000000000188e+00
4.706760000000000055e+00
3.663920000000000066e+00
5.728909999999999947e+00
6.412550000000000416e+00
8.579219999999999402e+00
9.212880000000000180e+00
9.912679999999999936e+00
1.027630000000000088e+01
1.063349999999999973e+01
1.022010000000000041e+01
1.026520000000000010e+01
1.061139999999999972e+01
1.052839999999999954e+01
1.006639999999999979e+01
1.033469999999999978e+01
1.012480000000000047e+01
9.929140000000000299e+00
9.665850000000000719e+00
9.091359999999999886e+00
8.673949999999999605e+00
8.701299999999999812e+00
8.934860000000000468e+00
8.792490000000000805e+00
8.220179999999999154e+00
8.461539999999999395e+00
7.993140000000000356e+00
8.180419999999999803e+00
7.664889999999999759e+00
7.476490000000000080e+00
7.784769999999999968e+00
7.498050000000000104e+00
7.489760000000000417e+00
7.208669999999999689e+00
7.404609999999999914e+00
6.533290000000000042e+00
6.092310000000000336e+00
5.562899999999999956e+00
6.897289999999999921e+00
5.982829999999999870e+00
5.226270000000000415e+00
5.699819999999999887e+00
6.335560000000000080e+00
5.220500000000000362e+00
4.998870000000000147e+00
4.264370000000000438e+00
5.008469999999999978e+00
4.692179999999999573e+00
4.441690000000000360e+00
4.863909999999999734e+00
4.811630000000000074e+00
4.061700000000000088e+00
4.113400000000000389e+00
3.593500000000000139e+00
3.791450000000000209e+00
4.037799999999999834e+00
3.570640000000000036e+00
3.234739999999999949e+00
3.601910000000000167e+00
3.968199999999999950e+00
3.222170000000000201e+00
2.898890000000000189e+00
2.789689999999999781e+00
2.735300000000000065e+00
2.829919999999999991e+00
2.772450000000000081e+00
2.639229999999999965e+00
3.011620000000000186e+00
2.545939999999999870e+00
2.610739999999999839e+00
2.552869999999999973e+00
2.528760000000000119e+00
2.151759999999999895e+00
2.162319999999999798e+00
2.127699999999999925e+00
2.338680000000000092e+00
2.292320000000000135e+00
1.874239999999999906e+00
1.842940000000000023e+00
2.077339999999999964e+00
1.734050000000000091e+00
2.030110000000000081e+00
1.747400000000000064e+00
1.856640000000000068e+00
1.727079999999999949e+00
1.799050000000000038e+00
2.633030000000000204e+00
1.332440000000000069e+00
1.425540000000000029e+00
1.178500000000000103e+00
1.299800000000000066e+00
2.050679999999999836e+00
1.068940000000000001e+00
1.383829999999999893e+00
1.049849999999999950e+00
1.437210000000000099e+00
2.511960000000000193e+00
9.966310000000000446e-01
1.909129999999999994e+00
1.002769999999999939e+00
9.222580000000000222e-01
2.168590000000000018e+00
9.455189999999999984e-01
1.454730000000000079e+00
1.167720000000000091e+00
2.081910000000000149e+00
7.695680000000000298e-01
1.024089999999999945e+00
1.169329999999999981e+00
1.495460000000000012e+00
1.227540000000000076e+00
4.022430000000000172e-01
1.519309999999999938e+00
2.053290000000000060e+00
1.753060000000000063e+00
5.329159999999999453e-01
1.298380000000000090e+00
6.065939999999999666e-01
6.217700000000000449e-01
1.509819999999999940e+00
1.239029999999999992e-01
7.243810000000000526e-01
1.259039999999999937e+00
8.486529999999999907e-01
1.247789999999999955e+00
1.320140000000000091e+00
4.115840000000000054e-01
4.737879999999999869e-01
5.460629999999999651e-01
8.757810000000000317e-01
6.332510000000000083e-01
6.335520000000000040e-01
7.178090000000000304e-01
2.197119999999999906e-01
7.610240000000000338e-01
8.714520000000000044e-01
7.482999999999999652e-01
7.135249999999999926e-02
6.108559999999999685e-02
2.857329999999999939e-02
1.376789999999999958e-01
3.786049999999999832e-02
1.741209999999999980e-02
4.544920000000000071e-01
1.521810000000000003e-02
-2.568529999999999980e-01
2.254760000000000097e-02
4.050549999999999984e-01
3.092790000000000261e-01
4.715500000000000247e-01
9.470960000000000489e-02
1.279299999999999925e-03
1.340909999999999880e-01
2.908700000000000174e-01
2.508190000000000142e-01
6.209480000000000555e-01
5.756409999999999583e-01
8.662110000000000642e-02
7.163650000000000573e-02
4.887900000000000023e-01
-3.571939999999999837e-02
-1.739260000000000111e-02
2.330780000000000074e-01
5.939309999999999867e-01
6.649289999999999368e-02
3.575229999999999797e-01
4.302929999999999811e-01
8.497310000000000141e-01
3.309079999999999799e-01
6.260440000000000449e-02
8.546710000000000418e-02
9.046289999999999887e-02
-1.678409999999999902e-01
6.743339999999999890e-01
-6.294560000000000155e-01
-4.203129999999999922e-01
-5.365619999999999834e-01
-1.476389999999999925e-01
-2.465980000000000116e-01
7.927009999999999612e-02
-5.107679999999999859e-02
4.786469999999999891e-01
1.486480000000000024e-01
3.203520000000000256e-01
3.876840000000000147e-02
1.922389999999999932e-01
-3.245480000000000032e-01
5.791910000000000114e-01
-7.238609999999999767e-01
-3.414449999999999985e-01
-4.145179999999999976e-01
-3.008919999999999928e-01
-5.955780000000000518e-01
7.325909999999999714e-03
2.613949999999999885e-01
-2.882259999999999822e-01
1.094009999999999982e-01
3.753909999999999747e-01
-4.539940000000000087e-01
-3.555719999999999992e-01
4.825519999999999810e-01
-2.433740000000000070e-01
-3.739160000000000261e-01
-7.682229999999999892e-01
-5.309340000000000170e-01
-5.747120000000000006e-01
-1.452640000000000042e-01
-3.456020000000000203e-01
-3.294790000000000219e-01
3.470110000000000139e-01
-7.351109999999999589e-02
5.523099999999999676e-01
2.992589999999999972e-01
-4.020549999999999957e-01
-5.148599999999999843e-01
1.619200000000000084e-01
1.026630000000000043e-01
-4.502769999999999828e-01
-1.529800000000000049e-01
2.235320000000000085e-01
-3.436460000000000209e-02
-4.716830000000000189e-01
-2.160749999999999893e-01
-2.861190000000000122e-01
-4.106190000000000118e-01
5.251890000000000169e-01
-4.554239999999999955e-01
1.173499999999999988e+00
-2.108260000000000134e-01
-9.895329999999999404e-02
2.991510000000000002e-02
1.482060000000000044e-01
-3.921479999999999966e-01
-1.728190000000000004e-01
-4.247870000000000257e-01
-1.032990000000000019e-01
-3.138830000000000231e-01
-2.930499999999999772e-01
3.483169999999999877e-01
-2.846699999999999786e-01
4.425559999999999911e-02
-4.830799999999999678e-02
-2.282250000000000112e-01
4.103840000000000265e-01
4.082299999999999818e-01
3.363439999999999763e-01
-3.083359999999999990e-01
-2.272240000000000093e-01
-8.916970000000000451e-02
4.522379999999999733e-01
7.443880000000000496e-01
1.082540000000000030e-01
-1.761089999999999878e-01
5.782490000000000130e-01
6.619599999999999929e-01
2.175700000000000134e-01
6.580169999999999630e-01
4.494220000000000159e-02
1.756860000000000088e-01
7.314039999999999951e-03
-1.445470000000000088e-01
-3.341100000000000181e-01
-9.600029999999999675e-02
-3.230020000000000113e-01
4.008529999999999732e-02
8.663610000000000477e-01
7.807119999999999616e-01
8.191890000000000283e-02
9.299870000000000081e-01
2.479329999999999867e-01
9.823170000000000512e-02
1.056710000000000038e+00
4.311510000000000065e-01
8.734980000000000522e-02
1.179539999999999929e-02
-5.924009999999999693e-02
4.877610000000000001e-01
6.757360000000000033e-01
-5.901690000000000234e-03
6.096279999999999477e-01
3.277479999999999838e-01
1.130349999999999966e+00
6.871340000000000225e-01
1.185550000000000104e+00
-6.762700000000000655e-02
-2.770540000000000225e-01
-2.726439999999999975e-01
3.450659999999999838e-01
5.485910000000000092e-02
3.961350000000000149e-01
-1.031159999999999993e-01
-1.522149999999999892e-01
-3.444920000000000204e-01
7.637329999999999952e-01
3.767610000000000126e-01
1.558839999999999948e-01
3.717579999999999735e-04
-8.507979999999999710e-02
-2.255840000000000067e-01
3.202570000000000139e-01
2.846830000000000194e-01
-3.176910000000000012e-01
-5.056120000000000059e-02
-2.054989999999999872e-01
-3.711869999999999892e-01
-5.923260000000000330e-02
8.638689999999999980e-01
-3.817840000000000122e-01
3.216410000000000102e-01
3.492649999999999921e-01
-1.060210000000000041e-01
3.219829999999999914e-02
-1.764729999999999910e-01
1.186719999999999997e-01
5.321069999999999967e-01
-2.541720000000000090e-01
-3.808170000000000166e-01
6.983440000000000480e-02
-4.662080000000000113e-01
-3.321790000000000020e-01
-3.501159999999999828e-01
4.996130000000000015e-02
5.812140000000000084e-01
4.920229999999999881e-01
-4.770810000000000328e-02
7.248369999999999813e-02
-3.511759999999999882e-01
-2.114830000000000043e-01
-1.670840000000000172e-02
-1.600650000000000128e-01
-2.409930000000000128e-01
1.360409999999999918e-02
5.273259999999999614e-01
-8.321130000000000193e-02
2.249529999999999863e-01
-3.950020000000000198e-01
4.334370000000000167e-01
-7.135740000000000416e-01
-3.948530000000000095e-01
1.121579999999999973e-02
-9.391460000000000086e-02
5.795350000000000223e-01
5.667499999999999760e-01
5.680490000000000261e-01
-1.531619999999999926e-01
1.223179999999999962e-01
6.277989999999999959e-01
2.915510000000000046e-01
-3.083020000000000205e-01
1.392309999999999937e-01
1.361900000000000055e-01
4.635839999999999961e-01
3.172459999999999725e-01
4.540440000000000031e-01
-1.548809999999999909e-01
5.772630000000000122e-02
1.869979999999999976e-01
4.906669999999999782e-02
1.977289999999999881e-01
-2.442650000000000099e-01
-2.100680000000000047e-01
-1.078709999999999947e-01
4.042060000000000097e-01
6.325720000000000232e-01
-2.511269999999999891e-01
4.010239999999999916e-01
-1.676789999999999947e-01
4.766980000000000106e-01
7.799109999999999376e-02
5.112999999999999767e-01
1.093279999999999946e-01
5.034269999999999579e-01
2.090440000000000076e-01
2.788349999999999995e-01
-9.030370000000000064e-02
-1.600979999999999903e-01
-3.436620000000000230e-01
2.758809999999999873e-01
2.101049999999999862e-01
6.997639999999999416e-02
1.900429999999999897e-01
-7.395810000000000439e-01
-1.500509999999999899e-01
-1.473250000000000115e-01
-1.484240000000000004e-01
-3.679129999999999900e-01
-6.796910000000000451e-01
-9.707689999999999930e-01
-3.563810000000000033e-01
-8.434629999999999628e-01
-8.102470000000000505e-01
-2.967989999999999795e-01
1.728850000000000109e-01
5.626729999999999926e-02
-1.986880000000000035e-01
-1.604700000000000015e-01
-5.608520000000000172e-01
-1.336229999999999918e-01
-2.847119999999999859e-02
3.138059999999999738e-01
-2.299930000000000030e-02
-5.869549999999999768e-02
-5.161980000000000457e-01
-3.196010000000000240e-01
-4.692729999999999818e-02
-1.457080000000000042e-01
-3.781439999999999801e-01
1.242269999999999985e+00
-5.541920000000000179e-01
-1.266680000000000028e-01
-5.910959999999999548e-01
3.462759999999999727e-01
-4.635449999999999848e-01
-1.522509999999999974e-01
-1.322730000000000017e-01
6.124159999999999604e-01
-7.058720000000000272e-02
-1.134239999999999970e-01
-1.774900000000000089e-01
6.963099999999999845e-03
-2.573590000000000044e-01
2.115990000000000093e-01
8.721030000000000448e-02
-6.510240000000000471e-02
-5.364370000000000527e-01
-8.553399999999999892e-02
-2.118489999999999956e-02
-6.101560000000000317e-01
9.199150000000000382e-02
-1.088510000000000033e-01
-2.347019999999999940e-01
-1.711920000000000108e-01
1.725329999999999919e-01
-2.413919999999999955e-01
-6.602799999999999780e-01
-3.055059999999999998e-01
3.046389999999999862e-02
2.466309999999999891e-01
-3.412270000000000025e-01
8.170570000000000610e-02
6.446169999999999956e-01
-2.283169999999999922e-01
-5.331150000000000055e-01
1.215390000000000003e-03
-8.095969999999999556e-02
-1.988279999999999909e-02
-5.518859999999999877e-01
-2.662470000000000114e-01
-4.854189999999999894e-01
-1.414519999999999944e-01
-3.009830000000000005e-01
-4.171060000000000045e-02
8.131699999999999484e-01
9.638740000000000085e-01
-4.725880000000000081e-01
1.638850000000000029e-01
4.379259999999999819e-01
-2.536260000000000181e-01
1.497489999999999932e-01
6.471959999999999935e-01
-5.673099999999999810e-01
7.263179999999999636e-02
7.944130000000000358e-01
4.033309999999999951e-01
3.586599999999999788e-01
-2.408609999999999918e-01
5.334590000000000165e-01
5.515349999999999975e-01
2.716299999999999826e-01
6.177460000000000173e-01
1.505660000000000054e-01
5.932619999999999560e-01
-2.993899999999999895e-01
1.297609999999999930e+00
7.924739999999999562e-02
-4.226110000000000144e-01
6.190529999999999644e-01
-3.963909999999999934e-01
-1.234790000000000054e-01
-6.167209999999999637e-01
1.402279999999999915e-01
-9.592399999999999538e-02
4.030850000000000266e-01
3.532249999999999973e-02
-1.006090000000000040e-01
5.766099999999999559e-01
-4.189359999999999751e-01
3.972080000000000055e-01
2.341640000000000110e-01
-1.358520000000000005e-01
-5.617350000000000121e-02
-1.148779999999999940e-01
-1.331090000000000051e-01
-3.918640000000000144e-03
1.939410000000000023e-01
3.940330000000000221e-01
3.463470000000000160e-01
6.504999999999999671e-01
4.872000000000000219e-01
9.040990000000000137e-02
2.613210000000000255e-01
4.353429999999999800e-01
-2.922679999999999723e-01
-8.165659999999999585e-02
-3.069160000000000221e-01
-7.116699999999999415e-02
1.655969999999999942e-01
-2.238529999999999964e-01
-2.273479999999999945e-02
-2.222349999999999881e-01
-2.074590000000000045e-01
5.705849999999999811e-02
-1.920749999999999957e-01
1.786010000000000097e-01
2.403450000000000031e-01
2.339890000000000025e-01
3.230009999999999826e-02
4.926110000000000211e-01
2.058269999999999891e-02
3.081869999999999887e-01
-1.977989999999999957e-02
3.659769999999999968e-01
-9.924120000000000164e-02
-4.175820000000000226e-03
6.657370000000000232e-01
7.174000000000000377e-01
3.226800000000000224e-01
7.815550000000000275e-02
-2.255159999999999942e-01
-4.261779999999999735e-02
6.920190000000000508e-01
5.302080000000000126e-01
7.437409999999999854e-02
3.078389999999999738e-01
-3.799529999999999852e-01
-1.530340000000000034e-01
2.614730000000000110e-01
1.269440000000000013e-01
4.981119999999999992e-01
1.352800000000000114e-01
-5.547619999999999774e-01
-3.020630000000000259e-01
1.549220000000000041e-01
3.335420000000000051e-01
-2.601390000000000091e-01
7.002769999999999828e-02
3.604570000000000274e-01
1.579089999999999938e-01
6.992329999999999934e-01
1.017419999999999991e-01
-1.226359999999999950e-02
-1.288120000000000098e-01
3.156760000000000121e-01
-5.256960000000000521e-01
4.477070000000000216e-01
5.723149999999999765e-02
2.913129999999999886e-01
9.053550000000000486e-02
-2.041389999999999871e-01
1.986850000000000005e-01
6.811209999999999765e-01
-3.681909999999999905e-01
-2.067869999999999986e-01
4.990499999999999936e-01
-3.388840000000000185e-01
-5.614240000000000341e-01
3.075510000000000188e-01
-6.329090000000000549e-01
-3.837470000000000048e-01
-3.829720000000000346e-02
7.691750000000000531e-01
6.115800000000000125e-01
8.878350000000000408e-01
1.957800000000000096e-01
-4.772479999999999778e-02
-1.743799999999999864e-02
3.357109999999999955e-02
5.260320000000000551e-01
-1.268370000000000053e-01
3.251629999999999798e-01
-1.371930000000000024e-02
8.169869999999999910e-02
-2.104540000000000022e-01
-2.272069999999999923e-01
-2.030420000000000003e-01
6.303600000000000314e-01
4.849379999999999663e-02
4.287739999999999885e-01
1.515859999999999985e-01
2.294529999999999903e-01
-2.212490000000000012e-01
1.612080000000000110e-02
2.959749999999999881e-01
1.978350000000000108e-01
1.041789999999999938e-01
1.946610000000000007e-01
9.625400000000000622e-02
1.980010000000000103e-01
1.798720000000000041e-01
6.207139999999999880e-01
1.081150000000000028e-01
3.220140000000000224e-01
5.538880000000000470e-01
-2.624510000000000037e-02
1.235659999999999953e-01
-9.806940000000000102e-02
5.614719999999999711e-01
-1.315230000000000010e-01
3.716789999999999816e-01
-5.723570000000000046e-02
4.465470000000000272e-01
-4.416339999999999849e-02
5.311360000000000525e-01
1.458520000000000094e-01
4.118490000000000206e-01
5.310050000000000187e-03
1.587079999999999880e-01
2.114469999999999891e-02
5.625329999999999497e-01
1.022710000000000008e-01
5.129209999999999603e-01
-1.517969999999999875e-01
-2.005770000000000053e-01
7.908830000000000027e-01
2.931279999999999997e-02
2.379130000000000134e-01
-2.444459999999999966e-01
2.113769999999999885e-02
-7.003190000000000248e-01
-2.083750000000000047e-01
-5.250010000000000510e-01
4.635329999999999728e-01
-3.607690000000000063e-01
4.732080000000000175e-01
-9.452639999999999654e-02
-3.454630000000000201e-01
3.642100000000000198e-02
4.774140000000000050e-01
5.933680000000000065e-01
5.337520000000000042e-01
-3.466440000000000077e-01
-2.596189999999999956e-02
-1.099890000000000034e-01
1.987160000000000037e-01
3.183110000000000106e-02
3.327039999999999859e-02
-2.647959999999999758e-01
7.273359999999999825e-01
-2.110090000000000021e-01
8.154240000000000377e-01
-1.609990000000000032e-01
-8.974609999999999532e-02
3.254049999999999998e-01
6.923829999999999707e-01
6.608070000000000332e-01
2.359050000000000036e-01
-4.722330000000000139e-01
-4.550589999999999913e-01
-4.408600000000000019e-02
5.933180000000000121e-01
-7.492400000000000448e-02
1.092390000000000028e-01
4.085260000000000002e-01
6.495039999999999702e-01
-5.503409999999999691e-01
-4.728919999999999790e-01
2.592940000000000245e-01
3.687440000000000162e-01
3.862800000000000122e-01
7.497759999999999980e-01
-4.024869999999999837e-01
-2.336129999999999873e-01
-1.235600000000000032e-01
-2.446939999999999948e-01
2.131790000000000074e-02
6.879840000000000400e-01
-1.997250000000000136e-01
-1.339609999999999967e-01
-2.600520000000000054e-01
2.798180000000000112e-02
-3.157719999999999971e-02
-3.416550000000000142e-02
1.856279999999999875e-01
-2.120579999999999965e-01
-3.508340000000000070e-02
-2.482930000000000137e-01
1.870189999999999908e-01
-7.271160000000000123e-02
7.662599999999999967e-02
6.876459999999999517e-02
-6.459929999999999839e-02
3.024850000000000039e-01
1.346900000000000042e-01
3.424780000000000046e-01
2.819649999999999934e-02
6.118390000000000217e-01
5.476149999999999768e-02
4.450729999999999964e-01
2.306499999999999939e-01
2.521370000000000000e-01
3.749890000000000168e-01
-7.581490000000000451e-02
6.570840000000000014e-01
6.974510000000000431e-01
7.111110000000000486e-01
4.360700000000000132e-01
3.579279999999999788e-03
2.869809999999999861e-01
2.637880000000000225e-01
3.407550000000000162e-02
7.767129999999999868e-01
1.682289999999999897e-01
3.655889999999999973e-01
2.042630000000000001e-01
2.865360000000000129e-01
-2.917850000000000166e-01
-1.366390000000000104e-01
4.000979999999999814e-02
3.851100000000000079e-01
3.167139999999999955e-01
1.419729999999999881e-01
1.857540000000000024e-01
4.020449999999999857e-01
4.432860000000000134e-01
4.449870000000000214e-01
5.126899999999999791e-01
-3.434410000000000240e-02
-1.313709999999999878e-01
-1.578130000000000088e-01
6.194630000000000275e-02
-2.715569999999999928e-01
6.552710000000000479e-01
3.148159999999999847e-01
4.397659999999999764e-02
2.547820000000000085e-01
1.120120000000000005e-01
-2.145539999999999947e-01
2.418990000000000029e-01
4.305200000000000138e-01
-1.587560000000000082e-01
5.383320000000000327e-01
5.266009999999999858e-01
3.018540000000000112e-01
1.031490000000000046e-01
-3.224270000000000191e-01
5.366619999999999724e-01
3.883269999999999778e-01
1.667430000000000023e-01
3.331999999999999962e-01
2.909159999999999871e-02
2.546249999999999902e-01
2.528980000000000117e-01
3.297840000000000216e-01
2.391909999999999870e-01
7.919650000000000301e-02
6.641049999999999454e-01
3.556420000000000137e-01
1.577890000000000126e-01
7.090670000000000028e-01
2.741040000000000143e-01
1.108370000000000077e+00
-9.568379999999999941e-02
1.719970000000000110e-01
1.263450000000000129e-01
8.969709999999999628e-01
2.946460000000000190e-01
-8.958220000000000072e-02
3.172810000000000213e-02
-1.449550000000000005e-01
1.437519999999999909e-01
2.540830000000000033e-01
