4.152759999999999785e-02
4.689209999999999906e-02
4.017130000000000006e-02
3.705239999999999922e-02
3.737399999999999750e-02
6.991899999999999504e-02
4.659340000000000009e-02
5.133540000000000325e-02
4.917740000000000306e-02
4.530200000000000199e-02
4.533960000000000073e-02
3.824720000000000203e-02
6.341890000000000027e-02
5.196019999999999806e-02
1.806229999999999988e-02
4.152920000000000222e-02
3.112710000000000130e-02
2.280420000000000016e-02
2.852690000000000087e-02
1.062950000000000006e-02
2.431969999999999965e-02
3.526889999999999886e-02
3.334770000000000095e-02
3.977929999999999661e-02
3.027670000000000014e-02
1.970529999999999851e-02
-3.773139999999999914e-03
3.498670000000000252e-02
4.458680000000000282e-02
2.693059999999999898e-02
2.003850000000000076e-02
4.274519999999999860e-04
8.710330000000000503e-03
1.755969999999999927e-03
2.561499999999999888e-02
-8.746239999999999527e-04
3.890609999999999902e-02
2.460040000000000143e-02
1.529510000000000071e-02
5.410260000000000069e-03
-6.376699999999999903e-03
7.911179999999999699e-05
8.787949999999999234e-03
1.113279999999999999e-02
1.330469999999999917e-02
4.770519999999999991e-04
1.039529999999999968e-02
-5.752079999999999693e-03
6.971670000000000124e-03
-5.850130000000000260e-03
-4.275990000000000346e-03
2.361600000000000157e-03
-4.918760000000000319e-03
-6.723980000000000061e-03
-6.595099999999999574e-03
-5.769609999999999669e-03
1.167379999999999980e-02
-5.098069999999999685e-03
-4.942580000000000237e-03
-4.052260000000000237e-03
1.611280000000000004e-02
4.954560000000000214e-03
-1.112909999999999941e-02
-1.366269999999999984e-02
-1.075800000000000020e-02
-1.865279999999999976e-03
-1.892690000000000041e-03
-1.108300000000000084e-02
-2.570069999999999993e-02
-1.985959999999999871e-05
-3.359319999999999667e-02
-1.368480000000000044e-02
8.386340000000000808e-03
1.789850000000000121e-02
-4.616870000000000349e-03
6.950369999999999986e-03
1.368750000000000001e-02
2.856420000000000139e-02
1.345679999999999923e-03
2.756269999999999901e-02
-3.449289999999999821e-03
-9.111769999999999939e-03
-4.244440000000000365e-03
4.091749999999999901e-03
1.929370000000000043e-02
5.486399999999999784e-03
1.609539999999999929e-02
-2.461630000000000068e-02
-3.600969999999999865e-02
-3.792310000000000125e-02
-4.026300000000000018e-02
-3.104729999999999990e-02
-3.974919999999999842e-02
-2.174490000000000103e-02
-1.422439999999999989e-02
-3.430969999999999853e-02
-1.484859999999999999e-02
-3.501180000000000264e-02
-7.863729999999999332e-03
-1.756320000000000103e-02
-2.894270000000000002e-03
-3.988189999999999791e-02
-3.524619999999999836e-02
-3.362930000000000086e-02
-3.022280000000000105e-02
-2.551169999999999827e-02
-4.572960000000000219e-02
-5.307300000000000212e-02
-3.542789999999999828e-02
-4.556079999999999852e-02
-1.006800000000000056e-02
-3.255000000000000254e-02
-2.181119999999999934e-02
-1.575620000000000145e-02
-1.954670000000000019e-02
-3.896020000000000039e-02
-2.291920000000000068e-02
-2.833619999999999889e-02
-1.523260000000000065e-02
-3.072760000000000075e-02
-2.239520000000000052e-02
-3.486399999999999916e-02
-5.554749999999999792e-03
-3.189639999999999836e-02
-2.797360000000000124e-02
-2.193159999999999901e-02
-3.641869999999999830e-02
-6.020190000000000263e-02
-7.230229999999999990e-02
-4.853570000000000106e-02
-7.607049999999999923e-02
-6.782789999999999653e-02
-5.684159999999999907e-02
-4.943499999999999978e-02
-3.953410000000000257e-02
-3.407450000000000062e-02
-3.205380000000000035e-02
1.916299999999999948e-02
-1.155299999999999947e-03
-3.163749999999999896e-02
-3.040059999999999985e-02
-2.400709999999999997e-02
-2.192399999999999904e-02
-4.085579999999999767e-02
-1.974379999999999885e-02
-7.912749999999999645e-03
-1.704090000000000119e-02
-4.249669999999999837e-02
-4.807829999999999743e-02
-2.882840000000000055e-02
-3.066139999999999838e-02
-3.343059999999999782e-02
-3.348919999999999675e-02
-2.868460000000000107e-02
-4.582850000000000118e-02
-6.292230000000000045e-02
-3.935090000000000116e-02
-4.657719999999999916e-02
-6.892429999999999390e-02
-6.382140000000000035e-02
-3.957549999999999957e-02
-4.677819999999999895e-02
-6.007440000000000002e-02
-5.439480000000000010e-02
-2.345059999999999853e-02
-3.957469999999999738e-02
-2.535899999999999960e-02
-4.102859999999999840e-02
-4.816569999999999879e-02
-3.412989999999999774e-02
-6.802729999999999888e-02
-3.018830000000000124e-02
-4.582930000000000337e-02
-4.096890000000000254e-02
-3.859630000000000005e-02
-1.944950000000000151e-02
-5.069839999999999763e-02
-6.169329999999999953e-02
-3.335919999999999858e-02
-6.142170000000000268e-02
-4.642799999999999705e-02
-3.708270000000000316e-02
-3.428199999999999997e-02
-2.354869999999999880e-02
-4.812170000000000336e-02
-3.831949999999999940e-02
-4.857319999999999693e-02
-4.311059999999999892e-02
-3.040560000000000138e-02
-2.566260000000000069e-02
-1.166219999999999930e-02
-2.244260000000000005e-02
-2.447239999999999832e-02
2.828629999999999946e-03
8.483360000000000553e-03
-6.428129999999999782e-03
-3.106120000000000062e-02
-3.835059999999999858e-02
-3.700400000000000217e-02
-4.531679999999999736e-02
-1.697620000000000032e-02
-2.844380000000000172e-02
-1.957319999999999893e-02
-1.565719999999999959e-02
-3.849249999999999894e-02
-3.831330000000000152e-02
-3.666269999999999946e-02
-5.148910000000000292e-02
-5.011820000000000164e-02
-5.149039999999999867e-02
-4.334579999999999683e-02
-3.919489999999999780e-02
6.881570000000000048e-03
-1.210430000000000013e-02
-4.312450000000000311e-02
-5.047970000000000235e-02
-3.801059999999999856e-02
-3.667669999999999958e-02
-7.035170000000000312e-02
-6.382859999999999923e-02
-8.372889999999999500e-02
-6.917760000000000575e-02
-5.920040000000000024e-02
-5.894880000000000259e-02
-4.753229999999999955e-02
-4.113619999999999777e-02
-8.772720000000000518e-02
-5.441979999999999734e-02
-4.369599999999999873e-02
-1.546879999999999956e-02
-4.468869999999999787e-02
-5.922190000000000093e-02
-5.517219999999999763e-02
-6.474249999999999450e-02
-4.473420000000000174e-02
-7.819539999999999824e-02
-6.418809999999999794e-02
-2.280220000000000163e-02
-6.056740000000000040e-02
-5.410210000000000019e-02
-7.941900000000000348e-02
-5.274559999999999665e-02
-7.327599999999999392e-02
-3.399200000000000138e-02
-4.410689999999999750e-02
-7.015299999999999314e-02
-5.016629999999999701e-02
-5.767230000000000273e-02
-6.043790000000000273e-02
-6.072349999999999970e-02
-6.168579999999999897e-02
-6.433469999999999467e-02
-3.430400000000000116e-02
4.711549999999999766e-02
1.936420000000000030e+00
3.038359999999999950e+00
5.993190000000000239e+00
7.064759999999999707e+00
8.100490000000000634e+00
9.124549999999999272e+00
1.091399999999999970e+01
1.099549999999999983e+01
1.105180000000000007e+01
1.101980000000000004e+01
1.017570000000000086e+01
1.080240000000000045e+01
1.000500000000000078e+01
9.249230000000000729e+00
9.111309999999999576e+00
8.499810000000000088e+00
8.895849999999999369e+00
8.786410000000000053e+00
7.805570000000000341e+00
7.772149999999999892e+00
7.748879999999999768e+00
7.630510000000000126e+00
7.182629999999999626e+00
7.474549999999999805e+00
7.014409999999999812e+00
7.333269999999999733e+00
6.916159999999999641e+00
6.876599999999999824e+00
6.803700000000000081e+00
7.123709999999999987e+00
6.660160000000000302e+00
6.190260000000000318e+00
6.543700000000000294e+00
6.479370000000000296e+00
6.019910000000000316e+00
5.984140000000000015e+00
5.608620000000000161e+00
5.868229999999999613e+00
5.826179999999999914e+00
5.788330000000000197e+00
5.742890000000000050e+00
5.697409999999999641e+00
6.114289999999999559e+00
5.224129999999999718e+00
5.582209999999999894e+00
5.536179999999999879e+00
5.475950000000000095e+00
5.396169999999999689e+00
4.974560000000000315e+00
5.297500000000000320e+00
4.857240000000000002e+00
6.495919999999999916e+00
4.744650000000000034e+00
4.707629999999999981e+00
5.179759999999999920e+00
5.177730000000000388e+00
4.199860000000000149e+00
4.177870000000000417e+00
5.066069999999999851e+00
4.495870000000000033e+00
3.998759999999999870e+00
4.006459999999999688e+00
4.899079999999999657e+00
4.869699999999999918e+00
3.852469999999999839e+00
4.277040000000000397e+00
4.750289999999999679e+00
3.789109999999999978e+00
3.698030000000000150e+00
4.042950000000000266e+00
3.182859999999999800e+00
3.137309999999999821e+00
3.146230000000000082e+00
3.490359999999999907e+00
3.057139999999999969e+00
3.855850000000000222e+00
3.848549999999999915e+00
3.311799999999999855e+00
3.299189999999999845e+00
2.835069999999999979e+00
3.246780000000000221e+00
2.737699999999999800e+00
2.643559999999999910e+00
2.670199999999999907e+00
2.623590000000000089e+00
3.117020000000000124e+00
3.649070000000000036e+00
2.589820000000000011e+00
3.068220000000000169e+00
3.009609999999999896e+00
2.459439999999999849e+00
2.435490000000000155e+00
1.958150000000000057e+00
2.415280000000000094e+00
2.387459999999999916e+00
2.369320000000000093e+00
2.326620000000000132e+00
2.338830000000000187e+00
2.270059999999999967e+00
2.257099999999999884e+00
2.773779999999999912e+00
2.256260000000000154e+00
2.217480000000000118e+00
1.680399999999999894e+00
2.710039999999999782e+00
2.187809999999999810e+00
1.266459999999999919e+00
1.176209999999999978e+00
1.130039999999999933e+00
2.053869999999999862e+00
2.036360000000000170e+00
1.121760000000000090e+00
2.010269999999999779e+00
2.008659999999999890e+00
1.054380000000000095e+00
1.513549999999999951e+00
1.415910000000000002e+00
1.004799999999999915e+00
1.000999999999999890e+00
9.668060000000000542e-01
1.919669999999999987e+00
9.685380000000000100e-01
9.947479999999999656e-01
9.751630000000000020e-01
9.633559999999999901e-01
9.642650000000000388e-01
1.361010000000000053e+00
9.095760000000000511e-01
8.508029999999999760e-01
9.017810000000000548e-01
8.414859999999999562e-01
8.731820000000000137e-01
8.477400000000000491e-01
7.962780000000000413e-01
1.294920000000000071e+00
7.692769999999999886e-01
7.587709999999999733e-01
7.296399999999999553e-01
7.177799999999999736e-01
7.266150000000000109e-01
7.363480000000000025e-01
6.926809999999999912e-01
6.573309999999999986e-01
6.919779999999999820e-01
6.839610000000000412e-01
6.621590000000000531e-01
1.172789999999999999e+00
6.945590000000000375e-01
6.843989999999999796e-01
6.411959999999999882e-01
6.352700000000000014e-01
6.112199999999999855e-01
6.123929999999999652e-01
5.952290000000000081e-01
5.992429999999999701e-01
5.849079999999999835e-01
5.436220000000000496e-01
5.644909999999999650e-01
5.461059999999999803e-01
5.795799999999999841e-01
5.375020000000000353e-01
5.086580000000000545e-01
5.414989999999999526e-01
5.206210000000000004e-01
4.769610000000000238e-01
5.120749999999999469e-01
5.702669999999999684e-01
5.110029999999999850e-01
5.198359999999999648e-01
4.852000000000000202e-01
4.699720000000000009e-01
4.642910000000000093e-01
4.591000000000000081e-01
4.554150000000000142e-01
4.654539999999999789e-01
4.604170000000000207e-01
4.284669999999999868e-01
3.929920000000000080e-01
3.898630000000000151e-01
4.143649999999999833e-01
4.218620000000000148e-01
3.833590000000000053e-01
4.030429999999999846e-01
4.339569999999999816e-01
4.095269999999999744e-01
3.653190000000000048e-01
3.832479999999999776e-01
4.009900000000000131e-01
3.985850000000000226e-01
3.577790000000000137e-01
3.400949999999999807e-01
3.724370000000000180e-01
3.531859999999999999e-01
3.531460000000000155e-01
3.719370000000000176e-01
3.576429999999999887e-01
3.372089999999999810e-01
3.217209999999999792e-01
3.334880000000000067e-01
3.122770000000000268e-01
3.484929999999999972e-01
3.230999999999999983e-01
3.571590000000000042e-01
3.399590000000000112e-01
3.487179999999999724e-01
3.223880000000000079e-01
2.791649999999999965e-01
2.934780000000000166e-01
2.516249999999999876e-01
2.302029999999999910e-01
2.569270000000000165e-01
3.038009999999999877e-01
2.893339999999999801e-01
2.884809999999999874e-01
2.837569999999999815e-01
2.831259999999999888e-01
3.007799999999999918e-01
2.762270000000000003e-01
2.731180000000000274e-01
2.616800000000000237e-01
2.839670000000000250e-01
2.666049999999999809e-01
2.933509999999999729e-01
2.860590000000000077e-01
3.053040000000000198e-01
2.774579999999999824e-01
2.569960000000000022e-01
3.195450000000000235e-01
2.749199999999999977e-01
2.928439999999999932e-01
2.632499999999999840e-01
2.688760000000000039e-01
2.348320000000000130e-01
2.506240000000000134e-01
2.650730000000000031e-01
2.433609999999999940e-01
2.330220000000000069e-01
2.854059999999999930e-01
2.465900000000000036e-01
2.531309999999999949e-01
2.466200000000000059e-01
2.322200000000000097e-01
2.287579999999999891e-01
2.199419999999999986e-01
2.327929999999999999e-01
2.336560000000000026e-01
2.268550000000000011e-01
2.233489999999999920e-01
2.304900000000000004e-01
2.322289999999999910e-01
2.317710000000000048e-01
2.183839999999999948e-01
2.611999999999999877e-01
2.587010000000000143e-01
2.471720000000000028e-01
2.703519999999999812e-01
2.272909999999999930e-01
2.360740000000000061e-01
2.454639999999999878e-01
2.662349999999999994e-01
2.154339999999999866e-01
2.283739999999999937e-01
1.889480000000000048e-01
2.089110000000000134e-01
2.619170000000000109e-01
2.317680000000000018e-01
2.214830000000000132e-01
2.190630000000000077e-01
1.975750000000000006e-01
2.321350000000000080e-01
1.951730000000000131e-01
2.029410000000000103e-01
2.261670000000000069e-01
1.876440000000000052e-01
2.217959999999999932e-01
1.994970000000000077e-01
1.979789999999999883e-01
2.174689999999999956e-01
2.042450000000000099e-01
1.719330000000000025e-01
1.912020000000000108e-01
2.147789999999999977e-01
2.137799999999999978e-01
1.862340000000000106e-01
2.077519999999999922e-01
2.315619999999999901e-01
1.717090000000000005e-01
1.705800000000000094e-01
1.934120000000000006e-01
2.021139999999999881e-01
1.916049999999999975e-01
1.509580000000000088e-01
1.928020000000000012e-01
2.195789999999999964e-01
1.871849999999999903e-01
2.216579999999999939e-01
2.292530000000000123e-01
2.097050000000000025e-01
2.108589999999999909e-01
2.266539999999999944e-01
2.291390000000000093e-01
2.189659999999999940e-01
2.145110000000000072e-01
2.207280000000000075e-01
2.137360000000000093e-01
1.819520000000000026e-01
2.065120000000000011e-01
2.237689999999999957e-01
2.168329999999999980e-01
2.068560000000000121e-01
2.091310000000000113e-01
2.039539999999999964e-01
2.022879999999999956e-01
1.917379999999999918e-01
2.275109999999999910e-01
2.322400000000000020e-01
2.031449999999999922e-01
1.990520000000000067e-01
1.848629999999999995e-01
2.024729999999999863e-01
2.222079999999999889e-01
2.206230000000000135e-01
2.062990000000000101e-01
1.609619999999999940e-01
1.944460000000000077e-01
1.950409999999999922e-01
1.716429999999999900e-01
1.763500000000000068e-01
1.662899999999999934e-01
1.834520000000000040e-01
1.748069999999999902e-01
1.949720000000000064e-01
1.745269999999999877e-01
2.007929999999999993e-01
1.836530000000000107e-01
2.000190000000000023e-01
1.979619999999999991e-01
1.220750000000000030e-01
1.820599999999999996e-01
1.625050000000000106e-01
1.708520000000000039e-01
1.774840000000000029e-01
1.874639999999999918e-01
1.870300000000000018e-01
1.935459999999999958e-01
1.839189999999999992e-01
2.004879999999999995e-01
2.077370000000000050e-01
2.673200000000000021e-01
2.134270000000000056e-01
2.209049999999999903e-01
2.622860000000000191e-01
2.024090000000000056e-01
2.183990000000000098e-01
1.717819999999999903e-01
1.928829999999999989e-01
1.980840000000000101e-01
2.216090000000000004e-01
1.690699999999999981e-01
1.348640000000000116e-01
1.632399999999999962e-01
1.694970000000000088e-01
1.972160000000000024e-01
1.796310000000000129e-01
1.809020000000000072e-01
1.932450000000000001e-01
1.775990000000000069e-01
1.948270000000000002e-01
1.789100000000000135e-01
2.026789999999999980e-01
1.778700000000000003e-01
1.760529999999999873e-01
1.915169999999999928e-01
1.906670000000000031e-01
1.863219999999999876e-01
2.063609999999999889e-01
2.253489999999999938e-01
2.067839999999999956e-01
1.903610000000000024e-01
2.197469999999999979e-01
1.993630000000000124e-01
1.825330000000000008e-01
1.471939999999999915e-01
1.755839999999999901e-01
1.605189999999999950e-01
1.847940000000000138e-01
1.890080000000000093e-01
1.776800000000000046e-01
1.475720000000000087e-01
1.485619999999999996e-01
1.680069999999999897e-01
1.746260000000000034e-01
1.663789999999999991e-01
1.507689999999999864e-01
1.761359999999999870e-01
1.710250000000000103e-01
1.890580000000000038e-01
1.872790000000000010e-01
2.000460000000000016e-01
1.842719999999999914e-01
1.727660000000000029e-01
1.905479999999999952e-01
1.640739999999999976e-01
2.049640000000000073e-01
1.871019999999999905e-01
1.928070000000000062e-01
2.139709999999999945e-01
1.899170000000000025e-01
1.924750000000000072e-01
1.711529999999999996e-01
1.869099999999999928e-01
1.929170000000000051e-01
1.691809999999999981e-01
1.951529999999999931e-01
2.069219999999999948e-01
1.913930000000000076e-01
1.378030000000000088e-01
1.950560000000000072e-01
2.191180000000000072e-01
2.158660000000000023e-01
8.361230000000000051e-02
1.731810000000000016e-01
1.938360000000000083e-01
2.153670000000000029e-01
1.771129999999999927e-01
1.876500000000000112e-01
1.962280000000000135e-01
1.844220000000000026e-01
1.950139999999999929e-01
1.704809999999999937e-01
1.709700000000000109e-01
1.764880000000000060e-01
1.822149999999999881e-01
1.753159999999999996e-01
1.909589999999999899e-01
2.142189999999999928e-01
1.919510000000000105e-01
2.063389999999999946e-01
2.048979999999999968e-01
1.685220000000000051e-01
1.958749999999999936e-01
1.846980000000000011e-01
2.143970000000000042e-01
1.857489999999999974e-01
2.005699999999999983e-01
1.672379999999999978e-01
1.812169999999999892e-01
1.953249999999999986e-01
1.629279999999999895e-01
1.876009999999999900e-01
2.084499999999999964e-01
2.220709999999999906e-01
1.922669999999999935e-01
1.661100000000000076e-01
1.766689999999999927e-01
2.023760000000000003e-01
1.843120000000000036e-01
1.868609999999999993e-01
1.706689999999999874e-01
1.747329999999999994e-01
1.554359999999999908e-01
1.694060000000000010e-01
1.824479999999999991e-01
1.770329999999999959e-01
1.918249999999999955e-01
2.012180000000000080e-01
1.835680000000000089e-01
2.020399999999999974e-01
2.105460000000000109e-01
2.105829999999999924e-01
1.757160000000000111e-01
1.532380000000000131e-01
1.887020000000000086e-01
1.703050000000000119e-01
1.656229999999999924e-01
1.928680000000000117e-01
1.689579999999999971e-01
2.031630000000000102e-01
2.034839999999999982e-01
2.239119999999999999e-01
2.031959999999999877e-01
2.198630000000000029e-01
1.963810000000000000e-01
1.902979999999999949e-01
1.681509999999999949e-01
1.594319999999999904e-01
1.709670000000000079e-01
1.766199999999999992e-01
2.081419999999999937e-01
1.825269999999999948e-01
1.754749999999999921e-01
1.715740000000000043e-01
1.751550000000000051e-01
1.598060000000000036e-01
1.840160000000000129e-01
1.628920000000000090e-01
1.525859999999999994e-01
1.647699999999999998e-01
1.561349999999999960e-01
1.891200000000000103e-01
1.917800000000000060e-01
1.516990000000000005e-01
1.381560000000000010e-01
1.594530000000000114e-01
1.499900000000000122e-01
1.668860000000000066e-01
1.368580000000000074e-01
1.385160000000000002e-01
1.756220000000000003e-01
1.798919999999999964e-01
1.414420000000000122e-01
1.681699999999999862e-01
1.682700000000000029e-01
1.558309999999999973e-01
1.511629999999999918e-01
1.661259999999999959e-01
3.335860000000000214e-02
1.778520000000000101e-01
1.874470000000000025e-01
1.744320000000000037e-01
1.933840000000000003e-01
2.084249999999999992e-01
1.622439999999999993e-01
1.464189999999999936e-01
1.705089999999999939e-01
1.423470000000000013e-01
1.537959999999999883e-01
1.796520000000000061e-01
1.545229999999999937e-01
1.546109999999999984e-01
1.963229999999999975e-01
1.892479999999999996e-01
1.403030000000000110e-01
1.646309999999999996e-01
1.634279999999999899e-01
1.635659999999999892e-01
1.420619999999999938e-01
1.296380000000000032e-01
1.290169999999999928e-01
1.471629999999999883e-01
1.721880000000000077e-01
1.719940000000000080e-01
1.662639999999999951e-01
1.627359999999999918e-01
1.761479999999999990e-01
1.658429999999999904e-01
1.479479999999999962e-01
1.847959999999999881e-01
1.591009999999999924e-01
1.689360000000000028e-01
1.604500000000000093e-01
1.800839999999999941e-01
1.632540000000000102e-01
1.729569999999999996e-01
1.452920000000000045e-01
1.397450000000000081e-01
1.580249999999999988e-01
1.805839999999999945e-01
1.896460000000000090e-01
1.590789999999999982e-01
1.498059999999999947e-01
1.739670000000000105e-01
1.812060000000000060e-01
1.970880000000000132e-01
1.539550000000000085e-01
1.735559999999999881e-01
1.927590000000000137e-01
1.992140000000000022e-01
2.098349999999999937e-01
1.628390000000000115e-01
1.755210000000000103e-01
1.695329999999999893e-01
1.679329999999999989e-01
1.808659999999999990e-01
1.687770000000000103e-01
1.841629999999999934e-01
1.576829999999999898e-01
1.659710000000000074e-01
1.708030000000000104e-01
1.903459999999999874e-01
1.828359999999999985e-01
1.825189999999999868e-01
1.722849999999999937e-01
1.831069999999999920e-01
1.913120000000000098e-01
1.885739999999999916e-01
1.958199999999999941e-01
1.799219999999999986e-01
1.674579999999999957e-01
1.972180000000000044e-01
1.856009999999999882e-01
1.920489999999999975e-01
1.686509999999999954e-01
1.776480000000000004e-01
1.856780000000000097e-01
2.252260000000000095e-01
2.060250000000000137e-01
1.992170000000000052e-01
1.989200000000000135e-01
2.116699999999999970e-01
1.853140000000000065e-01
1.726860000000000062e-01
1.500769999999999882e-01
1.564909999999999912e-01
1.660500000000000032e-01
1.701350000000000084e-01
1.668439999999999923e-01
1.748180000000000012e-01
1.453859999999999875e-01
1.998919999999999864e-01
1.564290000000000125e-01
1.886299999999999921e-01
1.596069999999999989e-01
1.781500000000000028e-01
1.955159999999999954e-01
1.652200000000000057e-01
1.685129999999999961e-01
1.813359999999999972e-01
1.883080000000000032e-01
1.852040000000000075e-01
1.596049999999999969e-01
1.706290000000000029e-01
1.694940000000000058e-01
2.273270000000000013e-01
1.726810000000000012e-01
1.684779999999999889e-01
1.823279999999999901e-01
1.863170000000000104e-01
1.692609999999999948e-01
1.786919999999999897e-01
1.923950000000000105e-01
1.810879999999999990e-01
1.784759999999999958e-01
1.934919999999999973e-01
1.769999999999999907e-01
1.650139999999999940e-01
1.361829999999999985e-01
1.196760000000000046e-01
1.116690000000000044e-01
1.088940000000000047e-01
1.346120000000000094e-01
1.919150000000000023e-01
1.627899999999999903e-01
1.550040000000000029e-01
1.664990000000000081e-01
1.815740000000000132e-01
1.660449999999999982e-01
1.671620000000000050e-01
1.591710000000000069e-01
1.661179999999999879e-01
1.812690000000000135e-01
1.705969999999999986e-01
1.499020000000000075e-01
1.975969999999999949e-01
1.468069999999999931e-01
1.559619999999999895e-01
1.605520000000000003e-01
2.078339999999999910e-01
1.831430000000000002e-01
1.717049999999999965e-01
1.667639999999999956e-01
1.825589999999999991e-01
1.601420000000000066e-01
1.723020000000000107e-01
1.956199999999999883e-01
1.735319999999999918e-01
1.770819999999999894e-01
1.885630000000000084e-01
1.829280000000000073e-01
1.735579999999999901e-01
1.550400000000000111e-01
1.742370000000000030e-01
1.808929999999999982e-01
1.915610000000000090e-01
1.830569999999999975e-01
1.532119999999999871e-01
1.637800000000000089e-01
1.656720000000000137e-01
1.862429999999999919e-01
1.706630000000000091e-01
1.677269999999999872e-01
1.583160000000000123e-01
1.650659999999999905e-01
1.367120000000000002e-01
1.855660000000000087e-01
1.808430000000000037e-01
1.852189999999999948e-01
1.662599999999999911e-01
1.386270000000000002e-01
1.317250000000000087e-01
1.494089999999999863e-01
1.681590000000000029e-01
1.526639999999999942e-01
1.586990000000000067e-01
1.324909999999999977e-01
1.177969999999999989e-01
1.711040000000000061e-01
1.345510000000000039e-01
1.806379999999999930e-01
1.552270000000000039e-01
1.638400000000000134e-01
1.578259999999999941e-01
1.639160000000000061e-01
1.665689999999999948e-01
1.475680000000000047e-01
1.649079999999999990e-01
1.412670000000000037e-01
1.855600000000000027e-01
1.440400000000000014e-01
1.500620000000000009e-01
1.104829999999999979e-01
1.256210000000000104e-01
1.305240000000000011e-01
1.332649999999999946e-01
1.667430000000000023e-01
1.352009999999999879e-01
1.126520000000000021e-01
1.527880000000000071e-01
1.227820000000000022e-01
1.411719999999999919e-01
1.227599999999999941e-01
1.210409999999999958e-01
1.514959999999999918e-01
1.358610000000000095e-01
1.285489999999999966e-01
1.324339999999999962e-01
1.311400000000000066e-01
1.140820000000000028e-01
1.468490000000000073e-01
1.593559999999999977e-01
1.536309999999999898e-01
1.708850000000000091e-01
1.536490000000000078e-01
1.309549999999999881e-01
1.428010000000000113e-01
1.251279999999999892e-01
1.451520000000000032e-01
1.503160000000000052e-01
1.530060000000000031e-01
1.427900000000000003e-01
1.262260000000000049e-01
1.464020000000000044e-01
1.549609999999999876e-01
1.642409999999999981e-01
1.652399999999999980e-01
1.458129999999999982e-01
1.225289999999999990e-01
1.359750000000000125e-01
9.477069999999999939e-02
1.493740000000000068e-01
1.215019999999999989e-01
1.564530000000000087e-01
1.431900000000000117e-01
1.458889999999999909e-01
1.136140000000000067e-01
1.499479999999999980e-01
1.171360000000000040e-01
1.322560000000000124e-01
1.512570000000000026e-01
1.567109999999999892e-01
1.677349999999999952e-01
1.576190000000000091e-01
1.536520000000000108e-01
1.394320000000000004e-01
1.480779999999999874e-01
1.521530000000000105e-01
1.245679999999999982e-01
1.258450000000000124e-01
1.473339999999999927e-01
1.416870000000000074e-01
