-1.353310000000000068e-01
-1.244259999999999949e-01
-2.075170000000000070e-01
-1.283499999999999919e-01
-6.851250000000000395e-02
-1.248670000000000058e-01
1.017269999999999980e-02
-1.382919999999999983e-01
-2.829059999999999908e-01
-5.501079999999999859e-02
-8.147770000000000012e-02
-2.836050000000000116e-03
-2.035220000000000085e-01
-1.292979999999999963e-01
-1.333260000000000001e-01
-5.547239999999999810e-02
1.554540000000000088e-01
-2.033000000000000085e-01
-1.993880000000000097e-01
-1.246909999999999963e-01
-1.582760000000000000e-01
-1.360240000000000060e-01
7.144599999999999562e-02
-1.270340000000000080e-01
6.861449999999999494e-02
-1.419009999999999994e-01
-1.252929999999999877e-01
-1.361590000000000023e-01
-6.216079999999999696e-03
-7.769289999999999530e-02
-1.402940000000000020e-01
-1.118859999999999993e-02
4.972950000000000287e-04
-6.295149999999999357e-02
-6.526129999999999431e-02
-1.905330000000000079e-01
-4.327090000000000103e-02
-1.452450000000000130e-01
-2.135239999999999916e-01
-5.674109999999999571e-03
-1.404980000000000118e-01
-1.378580000000000083e-01
-1.309730000000000061e-01
7.147879999999999685e-03
2.135620000000000129e-04
-1.303159999999999874e-01
-3.607779999999999876e-01
7.304109999999999943e-03
-5.293299999999999915e-03
-1.253080000000000027e-01
-1.935119999999999896e-01
1.058790000000000078e-02
-1.959180000000000088e-01
2.687639999999999821e-03
7.144609999999999850e-02
-4.012749999999999928e-01
1.194890000000000015e-02
-1.305310000000000081e-01
-1.395329999999999904e-01
-4.627110000000000251e-02
7.292110000000000258e-02
-2.597499999999999809e-01
2.117890000000000050e-02
-1.284309999999999896e-01
-2.238929999999999924e-04
-6.480410000000000337e-02
-1.295820000000000027e-01
3.670319999999999919e-03
-9.057970000000000257e-03
-1.438580000000000136e-01
-4.382099999999999884e-02
-3.376680000000000237e-01
1.399289999999999978e-01
-1.270370000000000110e-01
3.591990000000000200e-03
-2.043639999999999901e-01
-5.397110000000000102e-02
-1.356739999999999891e-01
-6.570929999999999827e-02
2.115099999999999966e-03
-2.614750000000000130e-01
-2.140330000000000010e-01
-2.030569999999999875e-01
1.116419999999999912e-03
-2.026010000000000033e-01
-6.439059999999999923e-03
6.956519999999999371e-02
7.298590000000000633e-02
-1.436099999999999877e-01
4.130980000000000242e-03
6.087969999999999840e-03
-2.692570000000000241e-01
-1.302919999999999912e-01
-1.236379999999999979e-01
1.574639999999999929e-01
-4.157530000000000427e-03
-1.278360000000000052e-01
-2.037029999999999952e-01
-6.781560000000000366e-02
8.128810000000000202e-03
-8.666190000000000698e-03
-7.518310000000000271e-02
-1.478029999999999899e-01
-6.392749999999999995e-03
-1.859330000000000011e-02
-4.505219999999999884e-03
-1.633420000000000011e-02
-1.263900000000000023e-01
-3.554680000000000166e-03
-1.242759999999999976e-01
-2.738229999999999831e-01
7.447049999999999503e-02
-1.985470000000000013e-01
6.990979999999999417e-02
2.019779999999999839e-02
-2.790949999999999820e-01
-7.082070000000000032e-02
-1.210659999999999931e-01
6.198859999999999613e-03
-1.290310000000000068e-01
1.957079999999999931e-03
-4.610219999999999943e-03
-1.352140000000000009e-01
6.617639999999999634e-02
6.971149999999999569e-02
3.067260000000000039e-03
-6.485899999999999999e-02
8.054569999999999785e-02
9.545369999999999203e-03
-2.947040000000000163e-03
-1.366020000000000012e-01
8.515440000000000856e-03
-2.645100000000000229e-01
-2.112670000000000103e-01
-1.416040000000000076e-01
-1.122480000000000006e-01
-6.008170000000000177e-02
-3.460389999999999855e-01
4.761910000000000275e-03
6.278449999999999309e-02
-2.026580000000000048e-01
-7.642010000000000469e-02
-1.464930000000000121e-01
-1.433679999999999954e-01
5.647569999999999674e-02
-1.384589999999999987e-01
-1.375079999999999913e-01
8.859219999999999248e-03
-6.119559999999999583e-03
-1.348610000000000086e-01
-1.325469999999999982e-01
-1.382849999999999913e-01
1.501039999999999926e-03
-1.147470000000000018e-01
-5.672089999999999771e-02
-1.290399999999999880e-01
-1.295729999999999937e-01
1.804290000000000060e-03
-7.023680000000000201e-02
-1.259599999999999886e-01
8.415020000000000486e-04
-6.093350000000000155e-02
-1.176269999999999954e-01
1.247099999999999945e-02
-1.292389999999999928e-01
-2.620810000000000084e-01
-1.431169999999999942e-01
-6.151759999999999867e-02
-1.921889999999999987e-01
-1.963260000000000005e-01
-7.759710000000000218e-02
1.394730000000000136e-01
-6.485889999999999711e-02
7.832550000000000623e-02
-1.447080000000000033e-01
-1.473270000000000135e-01
-5.016750000000000376e-04
-1.478410000000000002e-01
-2.852079999999999893e-03
-7.581569999999999976e-02
-2.822600000000000109e-01
-6.987649999999999417e-02
1.166479999999999947e-02
7.774949999999999917e-02
7.318669999999999343e-02
4.510499999999999753e-03
-2.019029999999999991e-01
-1.400730000000000031e-01
-7.360200000000000076e-02
-2.054420000000000135e-01
-1.979019999999999946e-01
-1.414900000000000047e-01
-1.447460000000000135e-01
-1.430750000000000077e-01
8.094860000000000597e-03
-2.490920000000000200e-03
6.215659999999999588e-03
-1.315050000000000108e-01
-2.061499999999999999e-01
-5.722060000000000340e-02
-1.466840000000000088e-01
-6.048640000000000266e-02
1.647220000000000073e-01
1.571109999999999868e-02
-2.180529999999999968e-01
9.779700000000000545e-03
-6.304819999999999869e-02
1.981679999999999900e-02
1.029530000000000028e-02
-5.457370000000000276e-02
1.110380000000000048e-02
8.042240000000000846e-03
-2.114379999999999871e-01
1.600649999999999989e-02
-2.015429999999999999e-01
-5.880169999999999841e-02
1.284659999999999969e-03
9.072840000000000418e-03
1.756419999999999926e-01
1.082849999999999958e-02
-5.984140000000000292e-02
9.037679999999999325e-02
8.817229999999999512e-02
-1.333940000000000126e-01
-2.118539999999999868e-01
-1.441250000000000031e-01
-6.689069999999999738e-02
7.386039999999999967e-03
7.249360000000000526e-02
-1.395679999999999976e-01
-6.151770000000000155e-02
-6.734600000000000308e-02
-1.324960000000000027e-01
-3.278580000000000123e-03
7.968250000000000333e-02
1.572250000000000036e-01
4.993989999999999801e-04
9.277989999999999848e-03
-6.378639999999999310e-02
-2.547629999999999947e-03
5.541299999999999872e-03
-2.139349999999999863e-01
-6.338320000000000065e-02
1.196619999999999975e-02
-3.392300000000000003e-03
1.597600000000000131e-01
-1.262409999999999921e-01
1.662510000000000099e-01
9.947949999999999848e-02
-2.079330000000000067e-01
-1.597339999999999871e-02
6.472599999999999465e-01
2.038969999999999949e+00
4.045779999999999710e+00
7.226409999999999556e+00
8.252319999999999212e+00
1.010580000000000034e+01
1.006349999999999945e+01
1.046519999999999939e+01
1.173930000000000007e+01
1.230640000000000001e+01
1.203759999999999941e+01
1.127480000000000082e+01
1.126319999999999943e+01
1.141389999999999993e+01
1.047209999999999930e+01
1.021930000000000049e+01
8.994020000000000792e+00
8.339779999999999305e+00
8.322329999999999117e+00
7.434789999999999566e+00
7.319399999999999906e+00
6.808810000000000251e+00
6.718720000000000248e+00
6.455799999999999983e+00
6.366249999999999964e+00
6.182800000000000296e+00
5.820520000000000138e+00
5.683290000000000397e+00
5.374399999999999622e+00
5.222380000000000244e+00
5.232429999999999914e+00
5.124740000000000073e+00
4.760040000000000049e+00
4.496620000000000061e+00
4.319379999999999775e+00
4.183130000000000237e+00
3.798059999999999992e+00
3.575039999999999996e+00
3.657459999999999933e+00
3.365209999999999813e+00
3.242300000000000182e+00
3.147209999999999841e+00
3.095369999999999955e+00
3.118660000000000210e+00
3.078440000000000065e+00
3.008939999999999948e+00
2.763809999999999878e+00
2.831379999999999786e+00
2.530180000000000096e+00
2.561749999999999972e+00
2.655839999999999979e+00
2.306130000000000013e+00
2.569199999999999928e+00
2.317820000000000213e+00
2.290399999999999991e+00
2.205579999999999874e+00
2.108169999999999877e+00
2.054959999999999898e+00
2.203710000000000058e+00
2.055000000000000160e+00
2.029310000000000169e+00
2.080929999999999946e+00
2.071829999999999838e+00
1.652879999999999905e+00
1.690690000000000026e+00
1.643089999999999939e+00
1.821790000000000020e+00
1.736569999999999947e+00
1.515530000000000044e+00
1.741190000000000015e+00
1.644740000000000091e+00
1.507749999999999924e+00
1.606449999999999934e+00
1.360009999999999941e+00
1.333059999999999912e+00
1.431929999999999925e+00
1.304049999999999931e+00
1.297509999999999941e+00
1.233279999999999932e+00
1.280909999999999993e+00
1.337800000000000100e+00
1.481889999999999930e+00
1.263929999999999998e+00
1.275719999999999965e+00
1.243300000000000072e+00
1.236869999999999914e+00
1.159240000000000048e+00
1.229710000000000081e+00
1.146379999999999955e+00
1.081299999999999928e+00
1.193510000000000071e+00
9.624920000000000142e-01
9.338910000000000267e-01
1.112440000000000095e+00
6.835930000000000062e-01
1.095310000000000006e+00
8.985060000000000269e-01
7.747049999999999770e-01
1.009339999999999904e+00
7.076689999999999925e-01
8.030199999999999561e-01
1.121129999999999960e+00
6.787220000000000475e-01
5.984350000000000502e-01
7.194899999999999629e-01
8.357820000000000249e-01
3.291789999999999994e-01
3.120290000000000008e-01
4.545310000000000183e-01
7.128240000000000132e-01
7.566420000000000368e-01
6.908410000000000384e-01
6.267310000000000381e-01
8.148149999999999560e-01
6.049940000000000317e-01
4.062479999999999980e-01
5.709330000000000238e-01
6.536140000000000283e-01
4.188080000000000136e-01
4.250260000000000149e-01
4.539420000000000122e-01
4.623160000000000047e-01
3.206910000000000038e-01
4.382840000000000069e-01
5.504750000000000476e-01
2.447290000000000021e-01
7.673109999999999653e-01
3.702590000000000048e-01
3.477169999999999983e-01
2.411040000000000127e-01
4.717600000000000127e-01
2.138349999999999973e-01
1.997079999999999966e-01
2.024610000000000021e-01
2.028550000000000075e-01
2.084439999999999904e-01
4.457169999999999743e-01
3.097480000000000233e-01
1.914019999999999888e-01
3.782190000000000274e-01
3.726499999999999813e-01
2.325540000000000107e-01
3.038489999999999802e-01
4.205809999999999826e-01
1.814739999999999964e-01
2.836480000000000112e-01
2.592860000000000165e-01
1.544520000000000060e-01
2.197570000000000079e-01
6.326920000000000321e-01
1.391809999999999992e-01
2.632920000000000260e-01
3.339590000000000058e-01
1.431729999999999947e-01
1.423599999999999866e-01
2.631839999999999735e-01
1.850980000000000125e-01
1.983800000000000008e-01
3.034600000000000075e-01
2.646160000000000179e-01
1.727210000000000134e-01
3.093090000000000006e-01
1.697839999999999905e-01
1.091030000000000055e-01
2.360800000000000121e-01
1.282069999999999876e-01
9.898339999999999916e-02
2.218459999999999877e-01
2.331090000000000106e-01
1.025019999999999959e-01
2.249480000000000091e-01
9.923450000000000326e-02
1.577649999999999886e-01
1.559619999999999895e-01
1.020449999999999968e-01
8.540000000000000369e-02
2.193819999999999937e-01
7.705729999999999524e-02
7.992939999999999767e-02
1.415970000000000006e-01
7.403179999999999483e-02
2.018550000000000066e-01
6.424610000000000043e-02
1.297560000000000102e-01
-7.162469999999999774e-03
2.111300000000000121e-01
2.045589999999999908e-01
6.706180000000000474e-02
-2.643670000000000186e-01
-1.353699999999999903e-01
1.320520000000000027e-01
1.315220000000000000e-01
1.229360000000000036e-01
8.746439999999999423e-03
5.458690000000000070e-02
-6.405869999999999620e-02
1.141159999999999952e-01
6.254769999999999774e-02
1.053219999999999990e-01
5.236169999999999713e-02
5.988360000000000211e-02
-7.069849999999999746e-02
4.739970000000000294e-02
-2.219080000000000011e-02
-8.294849999999999446e-02
1.903320000000000012e-01
6.017399999999999832e-02
-8.861760000000000470e-02
4.546669999999999878e-02
3.572299999999999781e-02
1.028860000000000052e-01
3.315080000000000110e-02
-2.374320000000000042e-01
2.855610000000000093e-02
1.008870000000000045e-01
1.071730000000000044e-01
9.386600000000000499e-02
1.035640000000000033e-01
-1.749739999999999907e-01
-4.541560000000000041e-02
-1.106929999999999997e-01
3.022539999999999949e-02
-3.820219999999999727e-01
-4.645769999999999761e-02
-1.129310000000000036e-01
2.477149999999999838e-02
-2.403589999999999893e-01
-1.051580000000000015e-01
2.470709999999999920e-02
1.582320000000000115e-01
-1.246540000000000009e-01
2.608479999999999827e-02
-3.795670000000000294e-02
4.340030000000000276e-02
9.676990000000000591e-02
3.558859999999999801e-02
1.671459999999999890e-01
1.009899999999999964e-01
-1.150219999999999992e-01
-1.787459999999999882e-01
-3.852320000000000050e-02
1.453490000000000060e-01
-1.335820000000000063e-01
-5.049590000000000328e-02
6.582029999999999999e-03
-1.141660000000000036e-01
1.467529999999999946e-01
9.729909999999999948e-02
-1.092719999999999941e-01
1.647270000000000123e-01
8.516600000000000559e-02
8.229889999999999428e-02
-1.129249999999999976e-01
3.460919999999999969e-02
-1.200139999999999957e-01
-1.988159999999999927e-01
4.768660000000000086e-03
2.453970000000000110e-02
-1.833029999999999937e-01
1.678489999999999843e-02
7.082070000000000032e-02
2.567969999999999975e-02
7.614489999999999800e-03
1.511060000000000007e-02
6.853389999999999482e-02
-5.121710000000000151e-02
3.541080000000000052e-04
9.361120000000000552e-03
5.389950000000000123e-03
-1.141950000000000048e-01
1.359810000000000012e-02
1.330169999999999964e-02
-1.784989999999999910e-01
1.437629999999999984e-02
-3.294469999999999898e-01
7.741779999999999495e-02
1.707270000000000098e-03
-2.434530000000000027e-01
8.452219999999999872e-03
6.177570000000000283e-03
1.440859999999999919e-01
-1.832390000000000130e-01
1.477430000000000132e-01
-1.958630000000000093e-01
1.301410000000000067e-02
9.281789999999999485e-02
-1.089569999999999983e-01
-4.943960000000000021e-02
1.902770000000000156e-02
9.716660000000000227e-03
-3.389380000000000170e-01
-6.741149999999999920e-02
-1.402909999999999990e-01
-1.284099999999999964e-01
-2.587400000000000255e-01
2.204580000000000081e-02
-1.952440000000000009e-01
-1.239439999999999986e-01
-6.897359999999999602e-02
-1.874979999999999980e-01
9.438850000000000365e-03
4.420639999999999986e-03
-1.779290000000000038e-01
-1.845950000000000091e-01
-1.247940000000000021e-01
-2.521550000000000180e-01
1.847549999999999887e-02
1.262349999999999930e-02
-1.879589999999999872e-01
8.453299999999999703e-02
-1.370449999999999967e-02
-3.217349999999999932e-01
-5.489510000000000223e-02
-1.303970000000000129e-01
-1.229959999999999942e-01
1.083809999999999982e-02
8.112480000000000038e-03
1.155980000000000028e-02
7.835019999999999485e-02
1.422380000000000033e-01
-1.100170000000000037e-01
-5.551169999999999716e-02
-1.769360000000000099e-01
2.143660000000000010e-02
-5.970559999999999756e-02
-1.250610000000000055e-01
1.293579999999999904e-03
1.424330000000000040e-01
3.725140000000000048e-03
2.968170000000000010e-03
-3.783579999999999929e-03
-1.925459999999999949e-01
-1.929049999999999931e-01
1.264930000000000047e-03
-1.010729999999999962e-02
-2.753380000000000272e-01
-3.250859999999999861e-01
-1.280600000000000072e-01
6.405419999999999398e-05
6.808630000000000237e-02
-5.576929999999999474e-04
-1.291339999999999988e-01
-7.165109999999999708e-03
-1.792259999999999964e-01
-1.265959999999999863e-01
-1.269089999999999940e-01
-1.941859999999999975e-01
-1.244259999999999949e-01
-2.277069999999999962e-03
-1.339490000000000125e-01
-1.389259999999999939e-01
-1.296269999999999922e-01
-2.058790000000000064e-01
-1.904409999999999992e-01
5.691380000000000224e-03
1.327339999999999944e-02
-2.013699999999999934e-01
-2.018780000000000019e-01
-1.993330000000000102e-01
7.064159999999999884e-02
-1.794149999999999912e-01
9.724159999999999748e-02
-1.314829999999999888e-01
-1.259760000000000046e-01
8.110730000000000023e-03
-1.134010000000000018e-01
2.030339999999999923e-02
1.227609999999999986e-02
1.415439999999999927e-02
5.350589999999999687e-03
-1.276220000000000132e-01
-5.586660000000000237e-02
-1.072219999999999976e-04
8.868950000000000444e-02
-1.855900000000000050e-01
-4.680530000000000107e-02
-5.060499999999999721e-02
-1.239610000000000017e-01
-1.121589999999999948e-01
4.933289999999999897e-03
-1.931350000000000011e-01
7.886070000000000579e-02
-1.065269999999999967e-01
-1.257179999999999964e-01
2.507919999999999941e-02
-1.156979999999999953e-01
8.559070000000000566e-02
2.053690000000000029e-02
-1.317119999999999957e-01
-5.128259999999999763e-02
8.155020000000000324e-02
2.561319999999999916e-02
-1.936279999999999946e-01
3.857349999999999841e-03
-1.331150000000000111e-01
-1.139929999999999971e-01
-4.192400000000000293e-02
-1.354930000000000023e-01
7.947780000000000122e-02
8.509730000000000072e-02
4.297959999999999975e-03
-6.027319999999999900e-02
-1.109929999999999944e-01
8.423949999999999494e-02
7.128069999999999806e-04
-1.952190000000000036e-01
-2.088109999999999793e-03
2.036079999999999834e-02
-1.213230000000000003e-01
1.855139999999999914e-02
7.587879999999999972e-03
5.855599999999999868e-03
1.715560000000000002e-02
-1.842959999999999876e-01
-1.089730000000000004e-01
-1.112960000000000060e-01
7.455429999999999870e-03
-1.048499999999999988e-01
-1.948940000000000117e-01
-1.793069999999999942e-01
8.750180000000000458e-02
1.435239999999999953e-02
-5.805199999999999944e-02
-2.388740000000000030e-01
9.313620000000000232e-02
-3.603050000000000003e-02
1.477710000000000135e-01
1.985249999999999862e-02
-1.191099999999999937e-01
-1.116469999999999962e-01
1.174240000000000006e-02
1.869919999999999916e-02
1.041259999999999929e-02
-1.136979999999999935e-01
8.345170000000000365e-02
-1.192040000000000044e-01
-1.196780000000000066e-01
1.604470000000000063e-01
9.040320000000000300e-02
9.191430000000000433e-02
-1.206290000000000001e-01
1.610310000000000075e-01
-3.933430000000000260e-02
-3.565240000000000076e-02
2.466789999999999955e-02
-5.788689999999999808e-02
-1.715679999999999983e-01
-6.046819999999999973e-02
1.700020000000000003e-02
2.188570000000000099e-02
-1.083169999999999966e-01
-6.207870000000000055e-02
-4.421060000000000267e-02
-4.283089999999999814e-02
-1.154000000000000026e-01
2.159830000000000083e-02
-3.203099999999999836e-01
-1.009759999999999963e-01
6.868209999999999593e-03
-1.194899999999999990e-01
1.557230000000000003e-01
-1.791500000000000037e-01
-6.187440000000000301e-02
-1.781200000000000006e-01
-1.166250000000000064e-01
1.640140000000000001e-02
-5.604180000000000272e-02
-6.119940000000000102e-02
6.005869999999999959e-02
8.392539999999999722e-02
1.411499999999999977e-01
-4.104580000000000034e-02
1.425139999999999914e-02
-3.785020000000000051e-02
1.006549999999999979e-02
7.771079999999999655e-03
9.972220000000000389e-03
9.088590000000000557e-02
1.536520000000000108e-01
1.688529999999999892e-02
6.342429999999999596e-03
1.658959999999999949e-02
4.610829999999999790e-03
-1.157839999999999980e-01
-1.913360000000000061e-01
9.014220000000000566e-02
1.663479999999999959e-01
1.506240000000000009e-02
-6.121449999999999808e-02
-9.843950000000000616e-03
2.078920000000000073e-02
1.536589999999999900e-01
-1.169260000000000022e-01
7.980869999999999631e-02
-4.708500000000000185e-02
-2.595109999999999917e-01
6.993560000000000054e-02
1.984199999999999853e-02
2.209559999999999996e-02
2.037339999999999984e-02
2.041729999999999934e-02
-1.829369999999999885e-01
-1.805039999999999978e-01
-3.651829999999999798e-01
-1.706950000000000134e-01
2.488459999999999978e-02
1.565699999999999870e-01
1.474740000000000079e-02
3.453439999999999982e-02
9.579920000000000102e-02
2.979619999999999838e-02
-1.158440000000000025e-01
1.395839999999999928e-02
-1.122230000000000033e-01
7.975820000000000132e-02
1.856160000000000102e-02
1.653390000000000068e-02
9.282300000000000273e-02
-1.076079999999999953e-01
-1.017610000000000042e-01
9.593359999999999388e-02
8.848060000000000647e-02
-1.171999999999999986e-01
-2.009430000000000105e-01
1.909939999999999902e-02
-1.840950000000000086e-01
-1.128630000000000050e-01
1.889650000000000010e-02
-4.429650000000000254e-02
-1.024830000000000046e-01
8.951299999999999535e-02
-1.122999999999999970e-01
-1.136000000000000065e-01
9.735449999999999660e-02
9.731579999999999397e-02
2.748799999999999855e-02
-4.143949999999999717e-02
-9.638599999999999945e-02
-1.146780000000000022e-01
1.047990000000000033e-01
-1.842419999999999891e-01
3.247799999999999992e-02
-4.591739999999999711e-02
2.326589999999999908e-02
-1.077729999999999938e-01
1.021740000000000009e-01
-1.099819999999999964e-01
3.157340000000000146e-02
1.679809999999999984e-02
9.969110000000000471e-02
9.953879999999999673e-02
4.147880000000000317e-02
9.216599999999999793e-02
2.397689999999999891e-02
-1.147500000000000048e-01
2.562530000000000016e-02
-1.850179999999999880e-01
-1.024449999999999944e-01
1.016760000000000025e-01
-1.680109999999999937e-01
1.488800000000000019e-02
9.671879999999999367e-02
9.900610000000000660e-03
-3.301609999999999961e-02
3.604190000000000171e-02
9.817009999999999625e-02
-1.149509999999999976e-01
1.958369999999999903e-02
-1.257649999999999879e-01
2.984559999999999991e-02
1.470619999999999983e-01
2.670960000000000001e-02
-1.101960000000000023e-01
-1.168740000000000057e-01
1.017539999999999972e-01
1.017389999999999961e-01
-3.078730000000000008e-02
3.125900000000000206e-02
-1.234539999999999943e-01
1.552610000000000101e-01
1.295570000000000055e-02
-9.362149999999999639e-02
-1.066119999999999984e-01
-1.548849999999999949e-01
3.375630000000000297e-02
8.134230000000000627e-02
1.122279999999999944e-01
1.077759999999999968e-01
3.053700000000000164e-02
9.393990000000000673e-02
9.780540000000000067e-02
8.868629999999999569e-02
1.542020000000000023e-02
1.344519999999999917e-02
-9.993580000000000518e-02
-8.628299999999999859e-02
3.576909999999999812e-02
3.387729999999999908e-02
-1.058920000000000000e-01
1.026070000000000038e-01
-1.605300000000000060e-01
-9.488059999999999550e-02
9.018370000000000553e-02
-9.908889999999999365e-02
-9.824919999999999487e-02
9.341159999999999741e-02
1.544709999999999972e-01
-1.711540000000000006e-01
-3.157599999999999990e-02
-1.748210000000000042e-01
7.932290000000000174e-02
-1.184270000000000045e-01
-1.099860000000000004e-01
-9.406860000000000221e-02
-1.834179999999999977e-01
1.916810000000000042e-02
2.367160000000000097e-02
9.464069999999999427e-02
-6.307179999999999731e-02
9.912050000000000027e-02
-1.028779999999999972e-01
1.072929999999999995e-01
9.070999999999999897e-02
-8.819490000000000662e-02
-1.047730000000000050e-01
9.701949999999999463e-02
2.503230000000000038e-02
1.082999999999999935e-01
-1.096310000000000062e-01
-9.925009999999999388e-02
3.519919999999999993e-02
2.805730000000000030e-02
-3.157099999999999906e-01
9.969649999999999346e-02
1.061959999999999987e-01
-3.743760000000000143e-02
3.371289999999999704e-02
-1.194059999999999983e-01
-1.000859999999999944e-01
-2.374560000000000004e-01
-5.036800000000000305e-02
-4.423269999999999980e-02
2.009829999999999950e-02
-2.368200000000000166e-02
-1.073970000000000063e-01
-3.278960000000000208e-02
-1.058039999999999953e-01
-3.882329999999999809e-02
2.557239999999999860e-02
4.085409999999999736e-02
-1.145869999999999944e-01
-4.544390000000000235e-02
-4.175199999999999745e-02
-1.023040000000000060e-01
1.025670000000000054e-01
2.455550000000000094e-02
-3.953509999999999663e-02
1.086580000000000046e-01
3.012079999999999966e-02
3.794639999999999819e-02
9.633940000000000559e-02
9.213520000000000043e-02
9.123939999999999828e-02
1.049479999999999996e-01
8.739890000000000159e-02
3.084450000000000039e-02
2.925530000000000144e-02
2.480479999999999838e-02
8.481859999999999400e-02
9.578219999999999790e-02
-1.617679999999999951e-01
8.549429999999999530e-02
-3.923619999999999886e-02
1.907609999999999861e-02
1.081789999999999974e-01
1.705379999999999951e-01
1.110700000000000021e-01
-8.985369999999999469e-02
3.514889999999999681e-02
4.298130000000000006e-02
9.178329999999999822e-02
-1.004720000000000057e-01
-1.867160000000000000e-02
3.188119999999999843e-02
-9.573099999999999665e-02
-1.064569999999999961e-01
-3.987389999999999685e-02
9.412819999999999521e-02
9.961499999999999522e-02
1.019339999999999968e-01
-4.364810000000000217e-02
1.133870000000000017e-01
3.657749999999999890e-02
-1.039609999999999979e-01
1.607909999999999895e-01
-9.803159999999999652e-02
1.017740000000000034e-01
-2.122260000000000119e-02
3.838559999999999889e-02
1.958939999999999987e-02
1.066330000000000056e-01
-9.957900000000000085e-02
4.343049999999999689e-02
1.060900000000000037e-01
-9.832689999999999486e-02
-9.237170000000000103e-02
2.760239999999999916e-02
-1.574149999999999994e-01
-1.579119999999999968e-01
4.691519999999999718e-02
3.765009999999999885e-02
3.703649999999999998e-02
4.716490000000000266e-02
-9.851219999999999422e-02
3.468399999999999955e-02
-1.617129999999999956e-01
4.168340000000000239e-02
4.179979999999999807e-02
-8.580759999999999776e-02
4.912099999999999800e-02
3.765269999999999728e-02
4.450660000000000033e-02
5.092850000000000155e-02
5.599749999999999867e-02
4.092869999999999842e-02
4.943770000000000109e-02
1.231270000000000003e-01
-8.651359999999999606e-02
-2.971390000000000142e-02
1.747950000000000059e-01
-1.602040000000000131e-01
-8.508409999999999584e-02
1.181819999999999954e-01
-1.954650000000000137e-02
4.222510000000000152e-02
-2.927199999999999941e-02
3.892269999999999758e-02
-2.168329999999999910e-02
-2.465339999999999893e-02
4.148189999999999933e-01
4.692389999999999756e-02
1.317079999999999917e-01
1.196890000000000037e-01
-8.572920000000000540e-02
-8.717610000000000636e-02
-1.595360000000000111e-01
3.274950000000000083e-02
4.044579999999999703e-02
6.028120000000000006e-02
4.219760000000000177e-02
5.061910000000000021e-02
4.606609999999999872e-02
-1.559340000000000032e-02
1.249409999999999965e-01
1.013710000000000028e-01
-8.695559999999999401e-02
3.715100000000000346e-02
1.797630000000000061e-01
4.520760000000000056e-02
1.196630000000000055e-01
-2.257969999999999977e-01
-1.377540000000000014e-02
1.094310000000000005e-01
-1.053940000000000016e-01
-3.084169999999999967e-02
4.543769999999999754e-02
4.857340000000000269e-02
4.782510000000000233e-02
5.195249999999999868e-02
1.861309999999999909e-01
1.146380000000000038e-01
3.259750000000000147e-01
1.076769999999999949e-01
