-1.463790000000000091e-01
-1.998610000000000109e-01
-1.484050000000000091e-01
-3.407729999999999926e-01
-1.512400000000000133e-01
-1.481110000000000065e-02
-6.903919999999999502e-02
-6.024600000000000094e-02
-3.323699999999999988e-01
1.167939999999999950e-01
-1.533210000000000128e-01
-7.690249999999999864e-02
-1.423559999999999930e-02
-1.338890000000000080e-01
-7.305430000000000257e-02
-2.018409999999999926e-01
-1.374029999999999974e-01
-1.349559999999999926e-01
-6.800889999999999713e-02
-5.428820000000000000e-03
-1.337430000000000008e-01
-3.608600000000000141e-01
-1.409090000000000065e-01
-6.674489999999999590e-02
-7.632819999999999883e-02
1.066609999999999954e-02
-6.547500000000000368e-03
-6.493279999999999885e-02
-8.068379999999999996e-02
-8.199410000000000032e-02
-8.008279999999999565e-02
-1.368280000000000017e-02
-1.373379999999999879e-01
-7.084740000000000482e-02
1.535210000000000047e-02
-6.463889999999999914e-02
-1.423409999999999953e-02
6.845310000000000283e-02
-2.585470000000000268e-01
-7.718720000000000095e-03
-2.683269999999999822e-01
-7.903490000000000515e-02
-8.067380000000000384e-02
-7.343280000000000640e-02
6.106709999999999916e-02
-7.540360000000000118e-02
-6.922689999999999400e-02
1.378930000000000086e-02
6.752059999999999833e-03
-7.499050000000000160e-02
-7.541150000000000631e-02
1.135910000000000045e-02
-7.105000000000000204e-02
-6.553660000000000041e-02
4.941849999999999585e-04
-7.499290000000000123e-02
-1.997349999999999959e-01
-7.492680000000000173e-02
-7.276559999999999973e-02
-6.527479999999999394e-02
-2.648599999999999843e-01
-6.549420000000000242e-02
-1.387819999999999887e-01
-6.979799999999999893e-02
-3.453510000000000191e-01
-6.590740000000000487e-02
-6.992329999999999379e-02
-7.829490000000000061e-02
-2.787819999999999743e-01
-2.965989999999999946e-03
-6.495769999999999322e-02
-1.417569999999999941e-01
6.463280000000000414e-02
-7.161190000000000611e-02
5.581590000000000162e-02
-6.459479999999999389e-02
-6.700649999999999662e-02
-2.781989999999999741e-01
6.138459999999999750e-02
-8.173550000000000260e-02
7.455259999999999665e-02
-7.130770000000000164e-02
-6.073529999999999901e-02
-1.345820000000000072e-01
-5.870820000000000205e-02
-6.867130000000000456e-02
-1.324799999999999867e-01
-8.431940000000000268e-02
-7.847220000000000584e-02
-7.560909999999999853e-02
-7.070070000000000521e-02
3.790340000000000115e-03
-3.284719999999999862e-01
6.472909999999999775e-02
-7.240520000000000289e-02
7.068289999999999643e-03
-5.946780000000000121e-02
-6.994169999999999554e-02
-1.380020000000000135e-01
-6.405719999999999470e-02
1.344849999999999934e-01
-6.968169999999999920e-02
-5.269100000000000172e-02
-8.201559999999999406e-02
-1.445520000000000138e-01
-3.998699999999999997e-03
-7.870280000000000331e-02
1.468490000000000030e-04
1.234320000000000035e-02
-5.840559999999999849e-03
3.701009999999999803e-03
-2.747410000000000130e-01
-7.004539999999999378e-02
1.675659999999999997e-02
4.548990000000000151e-03
-6.169340000000000240e-02
-5.666349999999999859e-02
-1.235030000000000017e-01
-6.712640000000000273e-02
-3.205640000000000156e-01
-6.853130000000000333e-02
4.640049999999999730e-04
-1.906860000000000022e-03
-1.314919999999999978e-01
-4.954499999999999876e-02
-2.532170000000000254e-01
-2.651299999999999768e-01
-5.730740000000000139e-02
-5.975380000000000275e-02
1.424199999999999945e-02
-5.464940000000000075e-02
-8.082060000000000632e-02
-1.874639999999999918e-01
-5.648170000000000274e-02
1.738949999999999871e-02
-5.921309999999999768e-02
-4.965420000000000250e-02
-7.323000000000000342e-02
-5.291169999999999901e-02
1.831489999999999854e-02
9.687470000000000109e-03
-4.844909999999999798e-04
-1.111779999999999990e-01
-3.369820000000000038e-01
-1.179970000000000047e-01
-1.248969999999999941e-01
-7.329249999999999654e-02
-6.766969999999999930e-02
-5.755219999999999780e-02
-5.798620000000000163e-02
1.025979999999999904e-03
-1.309909999999999963e-01
4.978259999999999977e-03
-2.037600000000000088e-03
-1.168939999999999979e-01
-7.020260000000000389e-02
-8.452830000000000066e-02
7.717690000000000661e-02
-6.219609999999999722e-02
9.104959999999999443e-02
-1.383270000000000055e-01
1.089069999999999969e-02
1.150819999999999968e-02
3.806799999999999941e-03
3.426189999999999965e-03
-1.325840000000000074e-01
-6.214050000000000129e-02
1.176439999999999951e-02
4.300680000000000301e-03
-5.587240000000000262e-02
9.976719999999999686e-03
-1.375119999999999953e-01
7.471039999999999973e-03
-1.405659999999999965e-01
-1.407450000000000090e-01
-7.396700000000000497e-02
-3.406060000000000199e-01
-6.040380000000000055e-02
-5.804639999999999800e-02
-7.367489999999999976e-03
-5.841330000000000133e-02
-3.262859999999999806e-03
-2.058850000000000124e-01
1.757110000000000095e-03
-2.061060000000000114e-01
-2.757459999999999911e-01
8.707170000000000187e-03
-6.789149999999999352e-02
-1.289470000000000061e-01
-2.021920000000000106e-01
-2.376679999999999938e-03
1.689399999999999973e-03
-2.122380000000000100e-01
-1.502560000000000007e-01
-8.341049999999999853e-02
9.983650000000000163e-03
1.206349999999999957e-02
1.925790000000000141e-02
-6.550269999999999704e-02
-6.879749999999999754e-02
-6.012800000000000089e-02
-7.250020000000000076e-02
-1.336990000000000123e-01
-7.127229999999999677e-02
2.506219999999999976e-03
6.220469999999999645e-03
-6.643590000000000606e-02
-2.111780000000000046e-01
-5.753069999999999712e-02
7.396859999999999893e-03
-6.246070000000000094e-02
-5.874410000000000048e-02
-5.782070000000000265e-02
-6.186280000000000251e-02
4.926429999999999872e-03
-6.583890000000000575e-02
-5.476090000000000124e-02
-4.581840000000000218e-02
8.642500000000000182e-02
9.497490000000000099e-02
8.045349999999999724e-03
-6.099960000000000104e-02
8.442220000000000280e-02
-6.406889999999999807e-02
8.069999999999999396e-02
-2.105899999999999994e-01
-5.612860000000000071e-02
-7.001780000000000503e-02
-6.526029999999999331e-02
-1.364460000000000117e-01
9.810720000000000551e-02
-7.233470000000000177e-02
-7.557469999999999466e-02
1.760300000000000016e-03
-1.395750000000000046e-01
-6.824089999999999323e-02
-6.318740000000000467e-02
-7.237899999999999889e-02
-7.275890000000000135e-02
-8.101389999999999980e-02
-7.073939999999999395e-02
-1.429390000000000105e-01
-7.196610000000000507e-02
-7.313020000000000631e-02
-2.836870000000000225e-01
-7.840869999999999784e-02
-1.611750000000000127e-01
-7.352649999999999464e-02
8.693289999999999351e-03
9.594260000000000288e-03
-8.559850000000000791e-03
6.019489999999999563e-01
1.957019999999999982e+00
4.066959999999999908e+00
6.164069999999999716e+00
8.351549999999999585e+00
9.339499999999999247e+00
9.577469999999999928e+00
1.073039999999999949e+01
1.103930000000000078e+01
1.133079999999999998e+01
1.106520000000000081e+01
1.114969999999999928e+01
1.085079999999999956e+01
1.062139999999999951e+01
9.676000000000000156e+00
9.355520000000000280e+00
8.689690000000000580e+00
8.094419999999999504e+00
7.999039999999999928e+00
7.527519999999999989e+00
7.036570000000000213e+00
6.972190000000000332e+00
6.732759999999999856e+00
6.315669999999999895e+00
6.188139999999999752e+00
5.955530000000000435e+00
5.879870000000000374e+00
5.867259999999999920e+00
5.502909999999999968e+00
5.352990000000000137e+00
5.089750000000000441e+00
4.724529999999999674e+00
4.761720000000000397e+00
4.600159999999999805e+00
4.285840000000000316e+00
4.273460000000000036e+00
3.856630000000000003e+00
3.732930000000000081e+00
3.856879999999999864e+00
3.547789999999999999e+00
3.460700000000000109e+00
3.268899999999999917e+00
3.259149999999999991e+00
3.069409999999999972e+00
2.997930000000000206e+00
3.184649999999999981e+00
3.235840000000000050e+00
2.955020000000000202e+00
2.816159999999999997e+00
2.565690000000000026e+00
2.546429999999999971e+00
2.514390000000000125e+00
2.472960000000000047e+00
2.345860000000000056e+00
2.350340000000000096e+00
2.445939999999999781e+00
2.181039999999999868e+00
2.300650000000000084e+00
2.386429999999999829e+00
2.050749999999999851e+00
2.160039999999999960e+00
2.019610000000000127e+00
1.995400000000000063e+00
1.762709999999999999e+00
1.862759999999999971e+00
1.980799999999999894e+00
2.072839999999999794e+00
1.926250000000000018e+00
2.033970000000000056e+00
1.889580000000000037e+00
1.521630000000000038e+00
1.627050000000000107e+00
1.810349999999999904e+00
1.783360000000000056e+00
1.318820000000000103e+00
1.838729999999999976e+00
1.649110000000000076e+00
1.449289999999999967e+00
1.315730000000000066e+00
1.519539999999999891e+00
1.528280000000000083e+00
1.346209999999999907e+00
1.190490000000000048e+00
1.153620000000000090e+00
1.092880000000000074e+00
1.302710000000000035e+00
1.287369999999999903e+00
1.159049999999999914e+00
1.101509999999999989e+00
1.127359999999999918e+00
1.156279999999999974e+00
1.190830000000000055e+00
1.223649999999999904e+00
1.030270000000000019e+00
1.143520000000000092e+00
1.272280000000000078e+00
9.603969999999999452e-01
1.057579999999999965e+00
8.625789999999999846e-01
8.013839999999999852e-01
9.062230000000000008e-01
9.864629999999999788e-01
9.706339999999999968e-01
9.443660000000000387e-01
8.772919999999999607e-01
6.612989999999999702e-01
6.460879999999999956e-01
5.672909999999999897e-01
9.312690000000000135e-01
8.695910000000000029e-01
6.666999999999999593e-01
6.431879999999999820e-01
6.268669999999999520e-01
6.185159999999999547e-01
6.149689999999999879e-01
8.033150000000000013e-01
5.569100000000000161e-01
6.721000000000000307e-01
6.753799999999999804e-01
6.080039999999999889e-01
5.936649999999999983e-01
6.463689999999999714e-01
8.575570000000000137e-01
5.854139999999999899e-01
5.694090000000000540e-01
6.385880000000000445e-01
5.692610000000000170e-01
4.352909999999999835e-01
1.882199999999999984e-01
3.649089999999999834e-01
6.178420000000000023e-01
4.204030000000000267e-01
2.823550000000000226e-01
3.368979999999999753e-01
2.134389999999999898e-01
3.966629999999999878e-01
4.586879999999999846e-01
5.332689999999999930e-01
2.686939999999999884e-01
1.440339999999999954e-01
5.205100000000000282e-01
4.985289999999999999e-01
3.735439999999999872e-01
1.060829999999999967e-01
2.941579999999999750e-01
1.025319999999999981e-01
2.167499999999999982e-01
3.024740000000000206e-01
3.459659999999999958e-01
8.799959999999999727e-02
1.480970000000000064e-01
2.162090000000000123e-01
3.319739999999999913e-01
8.507000000000000672e-03
1.926070000000000004e-01
1.940769999999999995e-01
7.300109999999999932e-02
2.619190000000000129e-01
6.788589999999999902e-02
1.242579999999999935e-01
1.859810000000000074e-01
-8.303750000000000367e-03
2.371699999999999919e-01
4.711219999999999991e-02
3.661149999999999821e-02
2.541260000000000047e-02
2.769339999999999996e-02
1.611229999999999885e-01
9.464450000000000640e-02
2.435750000000000137e-01
1.593070000000000042e-01
1.544599999999999862e-01
1.667299999999999893e-01
8.833769999999999470e-03
8.792460000000000553e-02
1.890220000000000095e-02
8.865460000000000007e-02
2.494110000000000077e-02
9.354210000000000302e-02
-4.628089999999999982e-02
1.559450000000000072e-02
7.197950000000000181e-02
-6.304269999999999319e-02
-4.864949999999999830e-02
6.139750000000000069e-02
-6.387170000000000347e-02
6.198780000000000262e-02
1.364269999999999927e-01
2.028969999999999940e-01
-9.453090000000000798e-03
-2.656760000000000198e-03
-1.059539999999999961e-02
-1.459640000000000069e-02
-1.508870000000000046e-03
1.026389999999999941e-01
1.243240000000000040e-01
-1.680500000000000049e-02
-8.985520000000000312e-03
-3.244199999999999862e-02
-1.779009999999999966e-02
-9.676750000000000629e-02
-7.641539999999999444e-02
-8.781110000000000304e-02
-2.435930000000000040e-02
-2.256829999999999947e-02
1.112380000000000035e-01
-2.150459999999999872e-02
-8.862659999999999982e-02
-5.298599999999999838e-02
-9.433999999999999331e-02
9.343379999999999741e-02
-2.929390000000000119e-02
-5.368010000000000143e-02
-1.559929999999999928e-01
-4.640009999999999968e-02
-6.648089999999999555e-02
9.276629999999999598e-02
-5.155950000000000116e-02
8.050970000000000348e-02
-4.846810000000000007e-02
8.636539999999999495e-02
-1.131909999999999999e-01
-1.054319999999999979e-01
1.385459999999999990e-02
1.825670000000000071e-02
9.161890000000000658e-03
1.023390000000000064e-02
1.517989999999999964e-02
-5.508890000000000314e-02
-4.928249999999999992e-02
-5.793179999999999857e-02
-5.156840000000000035e-02
-2.632889999999999953e-01
-5.722250000000000253e-02
-6.172070000000000334e-02
1.447179999999999994e-02
-6.838940000000000297e-02
-2.601649999999999796e-01
-6.176190000000000152e-02
-6.464119999999999588e-02
-7.466009999999999314e-02
-6.195269999999999944e-02
8.093559999999999643e-02
1.904149999999999940e-02
-6.076070000000000082e-02
8.503510000000000235e-02
-7.975190000000000057e-02
2.393419999999999923e-02
-6.995389999999999942e-02
-6.396090000000000109e-02
1.129540000000000058e-02
2.621449999999999995e-03
1.893749999999999947e-02
1.313089999999999917e-02
-4.344889999999999690e-03
9.959739999999999913e-03
-1.367740000000000067e-01
-1.191910000000000053e-01
-6.944980000000000597e-02
7.409269999999999745e-02
-5.532190000000000024e-02
-1.841079999999999939e-01
-6.892249999999999766e-02
-1.382929999999999993e-01
-1.413880000000000137e-01
-6.585689999999999600e-02
-6.165550000000000197e-02
8.549229999999999677e-03
-6.403169999999999695e-02
-7.704779999999999962e-02
-6.218619999999999703e-02
2.161190000000000055e-01
-6.418559999999999544e-02
-1.320389999999999897e-01
-6.830429999999999835e-02
-6.008750000000000202e-02
-6.569730000000000014e-02
-1.174280000000000046e-01
-7.167510000000000547e-02
-1.382470000000000088e-01
-7.935910000000000186e-02
-5.754900000000000293e-02
-5.684859999999999913e-02
-5.152430000000000204e-02
-5.541660000000000336e-02
-6.123809999999999670e-02
-1.110430000000000028e-01
-6.701849999999999474e-02
-1.354539999999999911e-01
-2.528980000000000117e-01
-6.405160000000000020e-02
-6.401249999999999996e-02
-9.627470000000000472e-02
-5.386690000000000228e-02
-6.790279999999999927e-02
-5.558849999999999902e-02
-1.458830000000000127e-01
1.124199999999999896e-03
-6.642720000000000569e-02
-6.393419999999999659e-02
-1.861329999999999929e-01
-2.001989999999999881e-01
1.381519999999999970e-01
8.890260000000000523e-03
-6.071950000000000264e-02
4.980629999999999780e-02
-6.297160000000000257e-02
8.165490000000000248e-02
7.357729999999999826e-03
-4.099030000000000035e-02
-6.951770000000000171e-02
-3.384969999999999923e-01
-1.113779999999999978e-02
-6.026589999999999725e-02
-7.869289999999999619e-02
-7.315860000000000418e-02
-7.974789999999999657e-02
2.420680000000000141e-03
-7.148609999999999687e-02
-7.997559999999999392e-02
-1.387410000000000032e-01
6.970830000000000082e-02
-6.859500000000000319e-02
-6.873799999999999355e-02
-5.824730000000000185e-02
-1.140089999999999992e-01
-7.652180000000000093e-02
-5.112959999999999727e-02
-3.316520000000000024e-01
-6.480490000000000209e-03
7.406069999999999320e-02
-3.582530000000000003e-03
-1.851339999999999930e-03
-6.498569999999999347e-02
-6.400930000000000508e-02
-7.563630000000000353e-02
-1.906390000000000029e-01
6.661740000000000196e-03
-7.890060000000000129e-02
-6.439830000000000554e-02
-1.433309999999999862e-01
-4.871969999999999773e-03
-1.299780000000000102e-01
-5.159659999999999941e-02
6.276930000000000009e-02
-6.132010000000000238e-02
-1.323209999999999942e-01
-1.386459999999999915e-01
-7.445480000000000154e-02
-7.541979999999999518e-02
-6.570280000000000564e-02
-5.676930000000000170e-02
-5.776540000000000147e-02
-7.079739999999999644e-02
-6.618300000000000571e-02
-2.587149999999999728e-01
-7.852610000000000146e-02
-6.924990000000000312e-02
-7.031869999999999787e-02
-7.543320000000000580e-02
-7.070350000000000246e-02
-1.314849999999999908e-01
9.474599999999999689e-03
-3.262499999999999845e-01
-1.213250000000000023e-01
-1.232120000000000021e-01
6.736499999999999433e-02
-4.723109999999999808e-02
1.100800000000000042e-02
7.821759999999999824e-02
1.413279999999999918e-02
-5.556690000000000240e-02
8.305150000000000032e-02
-6.554690000000000516e-02
-6.157649999999999929e-02
-6.619740000000000346e-02
-7.291279999999999983e-02
-6.779330000000000078e-02
1.104149999999999923e-03
-7.297349999999999670e-02
-5.776189999999999797e-02
7.470870000000000115e-03
8.285990000000000022e-02
-5.379699999999999760e-02
-6.955759999999999721e-02
-7.254670000000000563e-02
-4.467809999999999837e-02
-1.806290000000000118e-01
-2.597519999999999829e-01
-2.639079999999999759e-01
-8.325580000000000480e-02
-6.517459999999999920e-02
-8.210590000000000249e-03
-5.839060000000000084e-02
-5.145750000000000324e-02
-6.303609999999999769e-02
-4.799880000000000119e-02
-6.960149999999999670e-02
-5.065519999999999745e-02
6.470700000000000063e-02
-1.240150000000000002e-01
5.846819999999999969e-03
-6.315850000000000630e-02
-4.488700000000000329e-02
6.828869999999999905e-03
-5.540210000000000273e-02
-6.086559999999999887e-02
-5.100840000000000235e-02
-5.879979999999999929e-02
-1.139560000000000017e-01
1.455820000000000031e-02
-1.353389999999999871e-01
-4.736440000000000095e-02
-1.241219999999999962e-01
1.141059999999999991e-02
1.297260000000000080e-02
-1.274869999999999892e-01
-1.202539999999999998e-01
-6.304229999999999556e-02
-1.152519999999999933e-01
-5.163460000000000272e-02
9.274420000000000233e-03
-5.429160000000000236e-02
-4.848519999999999913e-02
-1.898910000000000042e-01
2.128079999999999902e-02
-1.343469999999999942e-01
-5.001950000000000146e-02
7.479220000000000312e-02
-5.748160000000000075e-02
1.005250000000000067e-02
6.888759999999999328e-02
-1.185100000000000042e-01
-4.238200000000000300e-02
-1.190890000000000004e-01
-4.786909999999999776e-02
8.307720000000000382e-02
-4.321559999999999985e-02
-1.189360000000000001e-01
1.688780000000000142e-02
8.007079999999999753e-02
-3.048769999999999952e-02
-6.492439999999999323e-02
-5.315240000000000242e-02
-6.259380000000000499e-02
-5.607979999999999909e-02
-1.104870000000000019e-01
-4.653109999999999885e-02
-5.171309999999999796e-02
-1.028779999999999972e-01
-1.248139999999999944e-01
-1.912149999999999961e-01
1.712030000000000019e-03
-1.696910000000000085e-01
-5.807480000000000281e-02
7.968899999999999248e-03
-1.326029999999999986e-01
-1.054329999999999989e-01
-4.163649999999999990e-02
-5.590629999999999905e-02
-5.255549999999999805e-02
7.520480000000000220e-02
-4.323590000000000072e-02
-4.848820000000000213e-02
-4.702019999999999811e-02
-5.519129999999999869e-02
2.228360000000000063e-02
-4.722479999999999734e-02
-6.358579999999999788e-02
-2.343919999999999892e-01
-1.233790000000000026e-01
1.714459999999999942e-02
-6.557709999999999928e-02
-4.953559999999999908e-02
1.314279999999999962e-02
1.387440000000000062e-01
1.473769999999999941e-02
-6.811540000000000650e-02
-5.552599999999999897e-02
6.300580000000000069e-03
-7.450049999999999728e-02
5.167660000000000135e-03
-3.702350000000000085e-02
2.395100000000000007e-02
7.589390000000000025e-02
1.042580000000000069e-02
1.301239999999999897e-01
2.953810000000000116e-02
2.191620000000000026e-02
-2.394169999999999909e-01
-4.546039999999999803e-02
-9.918029999999999902e-02
-5.642420000000000074e-02
-1.298529999999999962e-01
8.351939999999999364e-02
-4.841399999999999870e-02
-1.204530000000000045e-01
2.815279999999999866e-02
-1.237509999999999999e-01
2.857350000000000168e-02
1.672080000000000094e-02
-1.108610000000000012e-01
-1.278219999999999912e-01
-4.394739999999999758e-02
-5.579169999999999963e-02
-4.869819999999999705e-02
-1.295010000000000050e-01
-1.240630000000000066e-01
-3.896669999999999995e-02
-4.668730000000000102e-02
2.412769999999999845e-03
-4.505399999999999683e-02
1.270729999999999950e-02
-2.377769999999999884e-01
6.261889999999999991e-03
2.622499999999999831e-02
2.234649999999999918e-03
-2.512690000000000201e-01
-1.202750000000000069e-01
-4.418099999999999805e-02
-5.889559999999999934e-02
4.113010000000000277e-03
-9.793240000000000278e-02
-5.168319999999999859e-02
-1.022969999999999990e-01
-4.697749999999999843e-02
2.025089999999999876e-02
-4.638269999999999893e-02
-9.329179999999999418e-03
-5.273769999999999847e-02
-5.784340000000000315e-02
-3.874589999999999979e-02
-1.122260000000000063e-01
8.506249999999999922e-02
-1.077660000000000007e-01
2.609859999999999958e-02
-2.144459999999999977e-01
1.180220000000000054e-02
-1.105069999999999941e-01
-4.559540000000000121e-02
-3.050320000000000115e-02
7.483079999999999593e-03
9.364899999999999614e-02
8.264109999999999512e-02
-4.541169999999999929e-02
-1.018769999999999953e-01
-1.128019999999999995e-01
-1.053739999999999954e-01
4.068539999999999657e-02
3.290819999999999856e-02
2.289669999999999900e-02
3.632529999999999787e-02
1.683859999999999871e-02
-1.161250000000000060e-01
-1.188349999999999962e-01
-4.066510000000000263e-02
-1.214859999999999968e-01
-6.161529999999999785e-02
1.115599999999999925e-02
-5.500630000000000103e-02
-4.823310000000000097e-02
2.612199999999999939e-02
-1.123579999999999995e-01
-4.602620000000000322e-02
9.219079999999999289e-03
-5.478990000000000249e-02
-1.860519999999999952e-01
-4.063329999999999720e-02
-6.113160000000000122e-02
-4.857539999999999775e-02
8.367660000000000375e-02
1.742039999999999908e-02
-1.109379999999999949e-01
-1.853630000000000000e-01
3.198820000000000136e-02
9.438149999999999318e-02
-1.663920000000000121e-01
2.828670000000000143e-02
8.621449999999999947e-02
-3.122509999999999869e-02
-1.132559999999999956e-01
-1.061209999999999931e-01
8.819829999999999337e-02
3.895509999999999945e-02
-3.014800000000000257e-01
3.724530000000000202e-02
-1.032109999999999972e-01
-2.863900000000000126e-02
3.350639999999999868e-02
-2.386989999999999945e-01
-1.079880000000000007e-01
-1.056089999999999945e-01
3.135190000000000199e-02
3.136529999999999874e-02
-4.152489999999999654e-02
4.486829999999999985e-02
2.738499999999999962e-02
-3.129640000000000200e-02
-1.106850000000000056e-01
-9.882580000000000531e-02
-9.842900000000000260e-02
-9.996069999999999955e-02
8.478149999999999575e-02
-4.107120000000000215e-02
1.099929999999999936e-01
-4.586370000000000030e-02
-4.886229999999999740e-02
-4.948639999999999983e-02
1.947259999999999963e-02
-3.423149999999999804e-02
-3.998079999999999690e-02
-2.116029999999999994e-02
3.797400000000000081e-02
8.907070000000000265e-02
9.835409999999999986e-02
-1.025419999999999943e-01
-5.144780000000000186e-02
-1.552060000000000106e-01
-9.879659999999999831e-02
2.542229999999999837e-02
-1.109699999999999992e-01
-1.108839999999999965e-01
-3.517630000000000062e-02
3.486589999999999828e-02
3.032759999999999970e-02
2.452999999999999972e-02
1.639549999999999896e-01
2.414360000000000117e-01
-3.998310000000000058e-02
3.080209999999999892e-02
-5.080969999999999931e-02
1.352399999999999956e-02
-2.273749999999999938e-01
-3.386340000000000183e-02
-1.024209999999999982e-01
-1.025559999999999944e-01
-3.053000000000000158e-02
-2.877729999999999871e-02
-3.283590000000000120e-02
9.834529999999999661e-02
-1.123090000000000060e-01
3.459299999999999875e-02
9.879400000000000681e-02
5.062760000000000177e-02
-2.848269999999999968e-01
2.158349999999999852e-02
1.038619999999999960e-01
4.867319999999999980e-02
2.380589999999999928e-01
3.823730000000000184e-02
2.922730000000000120e-02
-4.314570000000000211e-02
4.376250000000000279e-02
2.793899999999999856e-02
3.431560000000000166e-02
1.185820000000000068e-01
1.130659999999999998e-01
9.283479999999999510e-02
-3.908110000000000056e-02
-2.026930000000000051e-02
-2.499670000000000017e-02
9.836280000000000023e-02
-9.600720000000000087e-02
3.268549999999999928e-02
-1.656199999999999894e-01
4.912720000000000281e-02
3.906960000000000294e-02
2.406050000000000133e-01
3.046880000000000074e-02
4.268979999999999997e-02
3.232329999999999925e-02
4.677780000000000132e-02
-2.238060000000000049e-01
3.717360000000000109e-02
2.779229999999999895e-02
9.967410000000000159e-02
4.247780000000000306e-02
2.512969999999999926e-01
1.620830000000000048e-01
2.326980000000000021e-02
1.723229999999999901e-02
3.043260000000000062e-02
3.553390000000000021e-02
1.026529999999999943e-01
3.573869999999999825e-02
-1.578890000000000016e-01
1.667450000000000043e-01
5.282089999999999702e-02
2.693670000000000092e-02
-3.168939999999999951e-02
2.940680000000000030e-02
3.114640000000000117e-02
-1.645890000000000131e-01
3.451919999999999988e-02
3.079230000000000161e-02
3.651059999999999722e-02
-2.724580000000000057e-02
5.237630000000000063e-02
-2.706839999999999941e-02
1.104620000000000046e-01
3.888090000000000296e-02
9.885649999999999993e-02
1.073770000000000002e-01
-9.866170000000000495e-02
-9.022470000000000490e-02
8.927670000000000050e-02
-3.051790000000000058e-02
1.922020000000000117e-01
-2.601480000000000112e-02
-1.880930000000000102e-02
3.059349999999999917e-02
-2.798060000000000130e-02
-4.073849999999999694e-02
-3.451019999999999782e-02
2.431030000000000135e-01
4.061390000000000139e-02
-3.097770000000000037e-02
-1.074689999999999951e-01
-1.641080000000000039e-01
3.077759999999999871e-02
3.815759999999999985e-02
4.697309999999999680e-02
-9.818449999999999400e-02
5.071749999999999869e-02
-4.162040000000000184e-02
-1.040039999999999992e-01
1.164079999999999976e-01
4.600379999999999747e-02
-3.691309999999999730e-02
-2.031130000000000088e-02
-3.301309999999999661e-02
5.174209999999999920e-02
1.163629999999999942e-01
-2.954280000000000100e-02
-1.226739999999999949e-02
-1.820420000000000024e-02
-1.924970000000000153e-02
5.005180000000000046e-02
-2.092269999999999894e-02
1.065180000000000016e-01
-2.553909999999999861e-02
4.445650000000000296e-02
3.060939999999999842e-02
1.847159999999999913e-01
-2.904800000000000160e-01
4.953269999999999895e-02
3.277959999999999902e-02
4.661160000000000303e-02
4.461520000000000069e-02
4.582649999999999918e-02
4.724040000000000183e-02
3.768520000000000203e-02
-4.046489999999999809e-02
4.045189999999999897e-02
3.685639999999999750e-02
1.255219999999999947e-01
3.705760000000000304e-02
-2.651709999999999831e-02
-3.748390000000000055e-02
1.037280000000000008e-01
3.450240000000000251e-02
1.091310000000000058e-01
-3.640270000000000311e-02
-2.160110000000000086e-01
1.179120000000000029e-01
1.086980000000000030e-01
2.373070000000000040e-02
4.428660000000000235e-02
-4.039559999999999679e-02
3.577589999999999937e-02
1.193179999999999935e-02
1.079589999999999994e-01
-3.570079999999999781e-02
