-5.409160779e-01
-5.675729464e-01
-4.557993166e-01
-4.360160793e-01
-4.242867043e-01
-4.235163204e-01
-4.402618388e-01
-5.465272869e-01
-5.971807941e-01
-6.423997544e-01
-6.750267849e-01
-5.084613961e-01
-7.539965453e-01
-8.029022988e-01
-8.301028427e-01
-9.498755288e-01
-9.950446398e-01
-9.432977232e-01
-8.919073386e-01
-7.899958744e-01
-7.905169057e-01
-7.333998437e-01
-6.414801959e-01
-5.268735243e-01
-4.087556994e-01
-3.842187735e-01
-4.288507512e-01
-5.275717022e-01
-6.615125590e-01
-7.271767325e-01
-6.289981963e-01
-6.930522342e-01
-8.340153901e-01
-8.588163664e-01
-9.521958913e-01
-9.533788408e-01
-1.001988096e+00
-1.040783883e+00
-1.067673094e+00
-8.531563730e-01
-7.910006693e-01
-7.080262467e-01
-6.048237994e-01
-6.914907021e-01
-5.729612594e-01
-4.842906062e-01
-5.203513671e-01
-7.840093711e-01
-7.177245338e-01
-7.522556268e-01
-7.690352802e-01
-7.793068301e-01
-8.307408161e-01
-9.014729947e-01
-9.551929015e-01
-9.488111189e-01
-1.007441894e+00
-1.042819620e+00
-1.101534911e+00
-1.101358841e+00
-1.105537134e+00
-1.056510358e+00
-9.350651162e-01
-7.730680959e-01
-6.400148795e-01
-5.893593896e-01
-5.964589764e-01
-5.981135931e-01
-6.439337723e-01
-7.434338695e-01
-8.799532930e-01
-1.015770447e+00
-1.076522060e+00
-1.017867918e+00
-9.620854766e-01
-9.718515928e-01
-9.789706522e-01
-1.037908148e+00
-1.099103332e+00
-1.097501117e+00
-1.079140545e+00
-1.016946767e+00
-9.811400726e-01
-9.830141164e-01
-8.776761878e-01
-8.487328279e-01
-8.511220614e-01
-7.771679255e-01
-6.941246404e-01
-6.727573560e-01
-7.008166563e-01
-8.147523397e-01
-8.551060445e-01
-8.444763090e-01
-9.430889047e-01
-1.037268561e+00
-1.110416462e+00
-1.171700595e+00
-1.258317256e+00
-1.245293554e+00
-1.166590166e+00
-1.132514053e+00
-1.134569798e+00
-1.280112365e+00
-1.335664451e+00
-9.941383981e-01
-9.567862629e-01
-9.215331632e-01
-8.727640923e-01
-5.741441960e-01
-6.490425718e-01
-6.980427298e-01
-9.388642302e-01
-9.416962118e-01
-9.784456411e-01
-1.075792365e+00
-1.090582502e+00
-1.117446333e+00
-1.258550544e+00
-1.184481166e+00
-1.137650142e+00
-1.063818200e+00
-9.963593248e-01
-1.013999802e+00
-1.056638058e+00
-9.768920321e-01
-9.518430696e-01
-9.573648356e-01
-9.313501706e-01
-9.972748799e-01
-1.007262071e+00
-9.857968337e-01
-9.300022814e-01
-9.408211353e-01
-8.860297658e-01
-9.155479827e-01
-9.523720229e-01
-1.020606734e+00
-1.065974294e+00
-1.111546875e+00
-1.113122687e+00
-1.000816128e+00
-1.031387771e+00
-1.033663814e+00
-1.178158895e+00
-1.109299769e+00
-1.133132110e+00
-1.065104930e+00
-1.106190761e+00
-1.163833332e+00
-1.115257715e+00
-9.444429043e-01
-8.415627846e-01
-8.322318576e-01
-8.380104463e-01
-7.918868839e-01
-8.528570331e-01
-8.332697985e-01
-9.925957158e-01
-8.320872633e-01
-8.811782199e-01
-9.344552615e-01
-1.073215562e+00
-1.060774961e+00
-9.055884986e-01
-9.031139648e-01
-9.258595482e-01
-9.640841497e-01
-1.055077126e+00
-9.239214086e-01
-9.117862469e-01
-9.221670232e-01
-8.775531885e-01
-8.185415976e-01
-7.779699749e-01
-7.302261723e-01
-6.028330962e-01
-6.012958855e-01
-5.572839824e-01
-6.000153475e-01
-6.615006309e-01
-6.996769219e-01
-7.667497394e-01
-7.656197455e-01
-7.713228717e-01
-7.651726217e-01
-6.806381722e-01
-7.358501695e-01
-7.276467902e-01
-6.805422684e-01
-6.810096308e-01
-7.241682885e-01
-7.520531316e-01
-6.350313252e-01
-6.843132837e-01
-6.725974929e-01
-5.898891021e-01
-6.523274612e-01
-5.937326331e-01
-6.518443841e-01
-7.372172882e-01
-7.615589289e-01
-6.784521477e-01
-7.913685426e-01
-8.648094812e-01
-8.527851324e-01
-8.940563058e-01
-8.787641218e-01
-9.066129062e-01
-8.926191419e-01
-8.884317557e-01
-8.885214523e-01
-9.167549142e-01
-8.416046045e-01
-7.831892217e-01
-7.743640788e-01
-7.099633733e-01
-6.503903164e-01
-6.102558119e-01
-5.705974620e-01
-5.612429393e-01
-5.600384475e-01
-6.124110173e-01
-6.918995236e-01
-7.120195842e-01
-7.679155966e-01
-8.075214863e-01
-8.211783692e-01
-8.622462675e-01
-8.865666851e-01
-7.906390230e-01
-7.727911639e-01
-7.351197867e-01
-7.064424253e-01
-6.993533333e-01
-7.080237639e-01
-6.807228105e-01
-7.616694931e-01
-6.531545318e-01
-7.101344308e-01
-7.128556327e-01
-6.523479297e-01
-5.371180962e-01
-4.611438178e-01
-3.988607693e-01
-4.564375654e-01
-5.242284537e-01
-6.272993003e-01
-6.739042461e-01
-7.500401999e-01
-6.554532558e-01
-6.689142272e-01
-5.880030663e-01
-4.194022084e-01
-2.795865837e-01
2.957598085e-02
4.128852315e-01
6.694927973e-01
1.357136527e+00
1.353923142e+02
6.541568272e+02
1.077076676e+03
1.154308716e+03
1.020972873e+03
8.283605999e+02
6.466865869e+02
4.991495183e+02
3.868122907e+02
3.050884365e+02
2.481635012e+02
2.100263259e+02
1.830373407e+02
1.621287020e+02
1.466611626e+02
1.366094654e+02
1.286967919e+02
1.227074331e+02
1.172862116e+02
1.126581463e+02
1.085570015e+02
1.049429088e+02
1.021279797e+02
1.004569560e+02
9.940844361e+01
9.826638594e+01
9.588779350e+01
9.364440262e+01
9.224285096e+01
9.086681080e+01
8.895705152e+01
8.632742453e+01
8.403943165e+01
8.184979051e+01
8.056469795e+01
7.940825881e+01
7.823294214e+01
7.628806105e+01
7.446647234e+01
7.302542743e+01
7.276029443e+01
7.355930778e+01
7.333863368e+01
7.135015669e+01
6.867586173e+01
6.660591327e+01
6.535130159e+01
6.421667258e+01
6.315342334e+01
6.309451823e+01
6.269450296e+01
6.135653598e+01
6.034577964e+01
5.940154901e+01
5.932687360e+01
5.949762807e+01
5.888769892e+01
5.760386629e+01
5.658398204e+01
5.533844403e+01
5.431546259e+01
5.372092944e+01
5.358740207e+01
5.318829132e+01
5.206041016e+01
5.081779093e+01
5.031802403e+01
5.096274879e+01
5.127012004e+01
5.069034559e+01
5.022814557e+01
5.002545720e+01
4.992471991e+01
4.955488694e+01
4.849028661e+01
4.673638876e+01
4.522120847e+01
4.359829418e+01
4.269045692e+01
4.262120188e+01
4.289380937e+01
4.280117223e+01
4.326544993e+01
4.257330221e+01
4.140158921e+01
4.095148300e+01
4.073257900e+01
4.047644351e+01
4.008259448e+01
3.996066559e+01
4.040797909e+01
4.036794759e+01
3.984916827e+01
3.865224548e+01
3.683560424e+01
3.628337019e+01
3.643052525e+01
3.612481846e+01
3.586659662e+01
3.549768320e+01
3.553228318e+01
3.506040690e+01
3.450828210e+01
3.333244100e+01
3.232393375e+01
3.232135353e+01
3.184825484e+01
3.125627399e+01
3.108848891e+01
3.136669338e+01
3.207073866e+01
3.224300333e+01
3.187829731e+01
3.158816754e+01
3.101311368e+01
3.032731903e+01
2.991741878e+01
2.961404594e+01
2.972179048e+01
2.978504458e+01
2.916271289e+01
2.848293928e+01
2.807554885e+01
2.800052309e+01
2.798499966e+01
2.777615127e+01
2.722537073e+01
2.708347580e+01
2.674095255e+01
2.647091561e+01
2.589162061e+01
2.502926682e+01
2.490237226e+01
2.478061311e+01
2.420639944e+01
2.378185915e+01
2.366980106e+01
2.318800844e+01
2.306338078e+01
2.268310423e+01
2.202765253e+01
2.169492611e+01
2.164753050e+01
2.198064076e+01
2.217961609e+01
2.234206985e+01
2.197740071e+01
2.182553750e+01
2.207064140e+01
2.180708400e+01
2.146728094e+01
2.094483121e+01
2.059961555e+01
2.039170855e+01
2.049069662e+01
2.050500375e+01
2.011929685e+01
1.980546921e+01
1.965915598e+01
1.995145401e+01
2.041336662e+01
2.001251268e+01
1.912657912e+01
1.844315922e+01
1.798804936e+01
1.791251307e+01
1.809940419e+01
1.839896331e+01
1.847448820e+01
1.823639838e+01
1.805187234e+01
1.768303038e+01
1.738811303e+01
1.697736439e+01
1.678747527e+01
1.686442487e+01
1.661598795e+01
1.628254587e+01
1.605302754e+01
1.581591208e+01
1.535937308e+01
1.533695237e+01
1.552336972e+01
1.564542428e+01
1.563857175e+01
1.594750053e+01
1.640694442e+01
1.636587887e+01
1.554397117e+01
1.503284576e+01
1.465719029e+01
1.482542139e+01
1.506240621e+01
1.452923497e+01
1.369442791e+01
1.318492888e+01
1.308249651e+01
1.271765569e+01
1.244002329e+01
1.246811921e+01
1.301530466e+01
1.320470588e+01
1.207364128e+01
1.118952483e+01
1.093277066e+01
1.162326814e+01
1.225652686e+01
1.217129094e+01
1.226674991e+01
1.185206266e+01
1.140837930e+01
1.186298770e+01
1.238411191e+01
1.221481672e+01
1.199005204e+01
1.206139673e+01
1.220603233e+01
1.183883305e+01
1.137477693e+01
1.109175156e+01
1.088145111e+01
1.047910548e+01
1.031427801e+01
1.011764096e+01
9.794739168e+00
9.928433191e+00
1.035348961e+01
1.039496458e+01
1.037388238e+01
1.043305189e+01
9.850848369e+00
9.118650188e+00
9.098856194e+00
9.316345434e+00
9.834729381e+00
1.003455159e+01
9.973513231e+00
9.713508254e+00
1.006822327e+01
1.009079215e+01
9.693222278e+00
9.434296088e+00
9.470161016e+00
9.490024498e+00
9.345675247e+00
9.217799528e+00
8.879895319e+00
8.698937623e+00
8.784103300e+00
9.104503407e+00
9.390745313e+00
9.471653973e+00
9.346481609e+00
9.541111739e+00
9.900965451e+00
1.017019128e+01
9.990347092e+00
9.438914111e+00
8.979848353e+00
9.008216424e+00
8.925747238e+00
8.758899011e+00
8.290833888e+00
7.586796079e+00
7.492099405e+00
7.778468392e+00
8.146168458e+00
8.237790563e+00
8.219211362e+00
7.986318724e+00
7.248769522e+00
6.854893979e+00
6.724410649e+00
6.870860423e+00
7.307476184e+00
7.687093570e+00
7.781900035e+00
7.843836878e+00
7.864275015e+00
7.666085304e+00
7.272289264e+00
6.981988482e+00
6.617608244e+00
6.319407773e+00
6.173649694e+00
6.195904239e+00
5.940872956e+00
5.893882995e+00
6.204438359e+00
6.427876780e+00
6.264016980e+00
6.327016334e+00
6.270300787e+00
6.413138573e+00
6.595910278e+00
6.891505327e+00
6.858497228e+00
6.977498266e+00
6.808169389e+00
6.297691473e+00
5.727796730e+00
5.471783435e+00
5.555793782e+00
5.896080709e+00
6.007493155e+00
5.955953887e+00
5.643756970e+00
5.426098584e+00
5.274297500e+00
5.028125446e+00
5.333636183e+00
5.147653758e+00
5.325442996e+00
5.164041847e+00
4.808313804e+00
4.712638112e+00
4.761781660e+00
5.110151535e+00
5.407242620e+00
5.129794768e+00
4.936093719e+00
4.981163232e+00
4.885916086e+00
4.920037853e+00
5.040294063e+00
5.277226454e+00
4.955197325e+00
4.757126960e+00
4.741692556e+00
4.658829780e+00
4.509378888e+00
4.425742677e+00
4.326920842e+00
4.247329289e+00
4.426294421e+00
4.875355727e+00
5.279788389e+00
5.262372054e+00
5.116573770e+00
5.081897977e+00
4.881927565e+00
4.563040918e+00
4.367233138e+00
4.635450958e+00
4.826339172e+00
4.680199337e+00
4.632506012e+00
4.365286863e+00
4.284024356e+00
4.386250148e+00
4.526975284e+00
4.282414299e+00
4.109117436e+00
4.025393487e+00
4.196338936e+00
4.589958151e+00
4.697362464e+00
4.552205227e+00
4.324236663e+00
4.249409668e+00
4.733928800e+00
4.840776937e+00
4.847307339e+00
4.704722502e+00
4.602500526e+00
4.942694832e+00
5.104037765e+00
4.698912681e+00
3.900374013e+00
3.425774144e+00
3.670636985e+00
3.879993275e+00
4.032838902e+00
4.200535960e+00
4.074952860e+00
3.865681931e+00
3.944003116e+00
3.931435863e+00
3.958206714e+00
4.025358748e+00
4.244530714e+00
4.570610834e+00
4.974300376e+00
5.015153359e+00
5.138634562e+00
5.230385668e+00
4.696269194e+00
4.476824610e+00
4.195525708e+00
4.036958274e+00
3.720065109e+00
3.538753231e+00
3.364375974e+00
3.395006722e+00
3.645851894e+00
3.864138337e+00
4.154261044e+00
4.058060183e+00
3.914942884e+00
3.858042072e+00
3.744666170e+00
3.562258997e+00
3.636529454e+00
3.958425379e+00
3.747602444e+00
3.641922036e+00
3.713276876e+00
3.698245009e+00
3.789407214e+00
3.916338829e+00
4.129871099e+00
3.919501665e+00
3.569696814e+00
3.706424634e+00
4.030580344e+00
4.014844807e+00
3.857098441e+00
3.690907446e+00
3.460390755e+00
3.155391620e+00
2.658091043e+00
2.241360416e+00
2.454166259e+00
2.687219746e+00
2.679749553e+00
2.661601614e+00
3.012719149e+00
3.358713586e+00
3.296243664e+00
3.169880729e+00
2.688792075e+00
2.768687188e+00
2.659182926e+00
2.457522199e+00
2.398209086e+00
2.498482322e+00
2.564860226e+00
2.636423843e+00
2.803143345e+00
2.747220898e+00
2.754344837e+00
2.809112187e+00
3.043051003e+00
3.234923536e+00
3.470003421e+00
3.490098554e+00
3.127386706e+00
2.640703000e+00
2.430251510e+00
2.252979231e+00
2.070182049e+00
2.018775599e+00
2.213531567e+00
2.303578548e+00
2.274661380e+00
2.208895400e+00
2.201602187e+00
2.140554201e+00
2.464443530e+00
2.735693250e+00
2.619096656e+00
2.530733586e+00
2.450899617e+00
2.398313817e+00
2.282070770e+00
2.502152582e+00
2.629185100e+00
2.749246829e+00
2.717004022e+00
3.033711967e+00
3.176837830e+00
2.791116674e+00
2.304909341e+00
2.074269856e+00
1.982123595e+00
2.122983526e+00
2.221931548e+00
2.282375588e+00
2.246515715e+00
2.346630638e+00
2.328459307e+00
2.378118023e+00
2.499011240e+00
2.894137064e+00
2.881899245e+00
2.605185192e+00
2.469713177e+00
2.885807480e+00
2.848669642e+00
2.454594360e+00
2.140450196e+00
2.016759093e+00
1.753011689e+00
1.517515857e+00
1.370193240e+00
1.491918151e+00
1.313042129e+00
1.677994655e+00
1.941666508e+00
2.135998570e+00
2.070562281e+00
1.969553688e+00
2.122550539e+00
2.315336493e+00
2.661029554e+00
2.656045110e+00
2.252896746e+00
1.999619052e+00
2.049938392e+00
2.214129836e+00
2.275768247e+00
2.027022833e+00
1.451203302e+00
1.230956113e+00
1.061488461e+00
1.182063072e+00
1.228927083e+00
1.246814548e+00
1.171252543e+00
1.181656813e+00
1.133257677e+00
9.832339196e-01
1.062533708e+00
1.349998688e+00
1.481964990e+00
1.590029057e+00
1.734701266e+00
1.859552572e+00
1.895331293e+00
1.868626956e+00
1.784413047e+00
1.852195560e+00
1.687358696e+00
1.574981283e+00
1.330699517e+00
1.306882737e+00
1.305144011e+00
1.119416619e+00
1.027849331e+00
1.274429816e+00
1.311521348e+00
1.125793888e+00
1.008744774e+00
1.251570617e+00
1.379689159e+00
1.585326518e+00
1.939190598e+00
2.038070998e+00
1.846773288e+00
1.486123527e+00
1.263609946e+00
1.274401619e+00
1.319189191e+00
9.757866928e-01
1.013726677e+00
1.421126961e+00
1.683419194e+00
1.759942245e+00
1.579596120e+00
1.219967945e+00
1.052698150e+00
1.059425539e+00
9.808394707e-01
8.830571980e-01
7.727892259e-01
8.398343858e-01
5.956778093e-01
5.468848820e-01
7.422740947e-01
8.315602085e-01
6.385615629e-01
4.182223165e-01
2.439902802e-01
4.225070078e-01
5.872409106e-01
7.522131629e-01
8.618766884e-01
7.649240344e-01
3.996915587e-01
2.052314574e-01
2.836040088e-01
4.586743810e-01
5.072742589e-01
6.358302898e-01
6.282158225e-01
5.923843773e-01
8.831234506e-01
7.834342199e-01
6.456641712e-01
6.964370744e-01
6.764449476e-01
6.817406284e-01
7.516566862e-01
8.567154222e-01
9.190249121e-01
8.336068230e-01
4.724177857e-01
3.345908521e-01
5.400927453e-01
9.750155927e-01
1.212239744e+00
1.218030699e+00
9.325366709e-01
5.649893292e-01
4.239111400e-01
4.015737911e-01
4.381223679e-01
3.816113651e-01
1.674914659e-01
1.270822331e-01
6.540373046e-01
9.258352961e-01
8.237339927e-01
7.864021745e-01
7.539036848e-01
6.768815900e-01
7.896291627e-01
6.785953507e-01
4.050791836e-01
3.063261690e-01
3.614003066e-01
4.671637199e-01
6.932100058e-01
7.708545313e-01
8.994519144e-01
9.827798839e-01
5.577531430e-01
3.159149766e-01
2.909702626e-01
5.348053533e-01
8.316250333e-01
1.310704593e+00
1.358198590e+00
1.169438667e+00
7.978966972e-01
7.075394671e-01
6.896098010e-01
1.102675983e+00
1.280476983e+00
1.413970165e+00
1.175856026e+00
9.768045278e-01
9.244212313e-01
9.305352554e-01
7.628953731e-01
6.705020684e-01
6.630143370e-01
4.957515446e-01
3.346491948e-01
1.450619704e-01
2.027011807e-01
2.726249712e-01
5.626963191e-01
7.064824187e-01
8.361531793e-01
1.003580423e+00
1.245251744e+00
1.553132442e+00
1.488955708e+00
1.249618155e+00
1.156549394e+00
9.616615477e-01
6.565211804e-01
3.427462813e-01
3.960760799e-01
3.312835279e-01
2.710598665e-01
3.526725955e-01
3.509724135e-01
3.008891336e-01
1.372634792e-01
1.182255765e-01
2.344768162e-01
2.352356897e-01
3.839299032e-01
6.889121961e-01
8.169372553e-01
9.478303058e-01
5.902762712e-01
2.039410466e-01
3.414118552e-01
4.991760250e-01
5.874770362e-01
5.465911131e-01
2.561060707e-01
-3.055472633e-02
-1.964044594e-01
-3.992978466e-01
-7.446172668e-02
1.336590063e-01
1.635499211e-01
2.080186249e-01
1.872827351e-01
2.275219027e-01
2.878536473e-01
2.775099759e-01
2.373297288e-01
2.304605491e-01
3.944321504e-01
5.609745186e-01
8.612822265e-01
1.022240388e+00
1.147450950e+00
9.074877414e-01
6.913237998e-01
6.199975212e-01
4.476399750e-01
3.108513725e-01
3.449836860e-01
3.019542832e-01
2.851026390e-01
3.181387822e-01
4.319573613e-01
4.699624022e-01
5.527710121e-01
6.139741198e-01
6.908405402e-01
6.730178321e-01
4.950820269e-01
4.145971291e-01
3.715455068e-01
5.035964633e-01
7.462073129e-01
4.981988533e-01
2.681592829e-01
3.892058809e-01
5.234910881e-02
-1.850293962e-01
-2.442932524e-01
-2.396173722e-01
-7.548971167e-02
5.269177719e-02
1.793537338e-01
1.186402132e-01
3.767308092e-01
4.133292841e-01
1.996425119e-01
4.441253034e-02
1.065500462e-01
2.946729865e-01
6.408735367e-01
7.485339399e-01
5.287822297e-01
2.528539190e-01
-1.865325169e-01
-3.928114860e-01
-4.932655098e-01
-4.706982120e-01
-4.533289956e-01
-4.775776327e-01
-4.508073144e-01
-1.783519861e-01
-4.498029758e-02
-1.614204648e-01
-1.005623942e-01
-5.159548251e-02
-1.078006929e-01
6.007538724e-02
4.032042344e-01
4.454849890e-01
5.692236521e-01
7.820454578e-01
8.231926208e-01
8.499365142e-01
8.528717136e-01
