3.143188014e-01
2.037566764e-01
1.302863858e-01
1.221792132e-01
1.488892806e-01
1.447378399e-01
1.015456666e-01
6.340697542e-02
3.792983448e-02
3.438634643e-02
4.059053795e-02
5.290166959e-02
3.671146256e-02
7.036399840e-02
8.552489990e-02
1.142263301e-01
1.020677297e-01
6.959868400e-02
4.554448851e-02
1.742118561e-02
-4.967881076e-03
-1.176531285e-02
1.625291887e-04
3.542969356e-05
4.202335901e-02
8.555035473e-02
1.082263012e-01
1.012242815e-01
8.910788355e-02
2.771315502e-02
-2.292293078e-02
-5.700176101e-02
-6.662951607e-02
-3.297748092e-02
-1.625862132e-02
2.217504495e-03
4.351805560e-03
3.588766139e-02
3.311521843e-02
3.911885868e-02
5.264473690e-02
3.652366821e-02
1.800612449e-02
-1.550095982e-02
-1.936313507e-02
-2.167012668e-02
-1.949310728e-03
3.805950745e-02
1.360445487e-02
-1.344348810e-02
-4.129741828e-02
-4.786895983e-02
-4.439944630e-02
-7.443458359e-02
-5.815978941e-02
-4.013395237e-02
-2.493133994e-02
7.302157118e-03
3.267400359e-02
5.092451543e-02
3.380689208e-02
2.066016636e-02
-1.264721135e-02
-5.320289155e-02
-4.880834282e-02
-1.642647397e-02
1.187904130e-02
5.547963971e-02
6.441461387e-02
5.364457699e-02
2.483578025e-03
-3.360422575e-02
-7.538908624e-02
-9.719066416e-02
-1.086922389e-01
-9.978542993e-02
-9.423421766e-02
-6.570279215e-02
-4.289628188e-02
-1.814617093e-03
4.878374901e-02
5.867363138e-02
2.492966573e-02
-6.892284185e-03
-4.331718287e-02
-6.412695457e-02
-7.124300025e-02
-3.957052909e-02
1.245355769e-03
-1.690824221e-02
-3.648783144e-02
-3.879014563e-02
-4.123087241e-02
-3.436327468e-02
-3.102695010e-02
-6.218476325e-02
-1.024596269e-01
-1.069339036e-01
-1.130867412e-01
-4.733348020e-02
2.535241843e-03
3.231378287e-02
1.953970966e-02
1.802913745e-03
-1.314603828e-02
-8.078537373e-03
-1.791926960e-02
-1.253051394e-03
-1.053783599e-02
-2.934354174e-02
-4.862749834e-02
-5.858661688e-02
-4.711254945e-02
-2.806869799e-02
-4.399600744e-02
-6.264036314e-02
-6.831622304e-02
-8.326472490e-02
-6.850899973e-02
-4.202850964e-02
-1.337551072e-02
1.363398908e-02
1.091148243e-02
4.372862453e-03
-7.214548969e-03
-2.648847364e-02
-8.775235568e-03
-7.842642399e-03
-8.846914179e-03
-2.063085022e-02
-4.701489092e-02
-5.463035371e-02
-4.754854788e-02
-3.095438545e-02
2.307571098e-03
1.196111118e-02
-6.007754645e-04
-3.023730149e-02
-6.314120267e-02
-5.070754531e-02
-4.475697184e-02
8.574606995e-03
1.593054170e-02
4.020963715e-03
-9.066864085e-03
-1.855704194e-02
-1.857584287e-02
8.818447846e-03
1.657168065e-02
1.601910092e-03
-2.803780925e-02
-4.642096323e-02
-4.682779518e-02
-5.667145011e-03
1.306600641e-02
3.495818630e-02
1.992297346e-02
-2.533037779e-03
8.994721445e-03
2.726799897e-02
2.765185196e-02
1.880248688e-02
-1.138715953e-02
-2.917694491e-02
-4.753777702e-02
-2.693665232e-02
1.352897771e-02
2.157905078e-02
3.315647236e-02
2.148067009e-02
2.188925373e-02
3.443929810e-02
2.770592569e-02
4.176479432e-02
2.068937934e-02
3.769039139e-03
6.238717166e-04
-9.146431988e-03
1.709762414e-02
2.118555120e-02
1.971873974e-02
1.988624327e-02
7.072949247e-03
1.405883709e-02
2.730144542e-03
2.732370329e-02
5.834604902e-02
4.467835879e-02
6.885655348e-02
3.944651216e-02
4.071678693e-02
3.177293018e-02
4.568939687e-02
2.682657796e-02
1.963929789e-02
1.443337287e-02
2.022405641e-02
3.796405940e-02
4.997380487e-02
6.697655216e-02
7.065906774e-02
6.177684152e-02
1.616942481e-03
2.908932042e-02
-1.120291406e-02
-8.404595461e-03
3.287821391e-02
6.000142708e-02
7.303298220e-02
5.888722311e-02
5.034556407e-02
1.979781659e-02
1.702684172e-02
9.716158192e-03
-7.267354337e-03
1.041840923e-02
-1.481798575e-02
3.022646341e-02
4.447074017e-02
4.538510604e-02
5.252897087e-02
5.577119046e-02
5.969859375e-02
5.941869649e-02
4.651754961e-02
2.550404003e-02
2.595141854e-02
4.816621492e-02
9.585775028e-02
1.168336631e-01
1.217052011e-01
9.558785311e-02
6.676017674e-02
2.594756408e-02
2.040479943e-02
4.173263477e-02
4.316146722e-02
4.311523393e-02
1.402940073e-02
3.020448841e-02
4.952949814e-02
7.317242678e-02
8.628808817e-02
6.357348723e-02
6.346688958e-02
8.695000008e-02
1.080174841e-01
1.035797280e-01
9.392826361e-02
6.836605776e-02
6.408805818e-02
4.782075405e-02
4.880842099e-02
1.970161064e-02
6.276058548e-02
2.782138472e-01
5.605241724e-01
8.214135781e-01
1.164733074e+00
3.557994315e+01
2.362417380e+02
4.369520738e+02
4.953656311e+02
4.532027786e+02
3.752288356e+02
2.962117599e+02
2.311051699e+02
1.820653495e+02
1.461876970e+02
1.206549326e+02
1.023890047e+02
8.896282253e+01
7.889296039e+01
7.130370705e+01
6.629623149e+01
6.259334225e+01
5.958144394e+01
5.696144135e+01
5.514872604e+01
5.330987397e+01
5.174443176e+01
5.004932713e+01
4.844915337e+01
4.683841230e+01
4.542729495e+01
4.464788769e+01
4.368974182e+01
4.282144861e+01
4.186500698e+01
4.079293782e+01
4.001666415e+01
3.922466368e+01
3.857246216e+01
3.754314117e+01
3.688918007e+01
3.620794770e+01
3.584328266e+01
3.549735709e+01
3.509293286e+01
3.448302619e+01
3.380027481e+01
3.351799467e+01
3.318657091e+01
3.265664698e+01
3.215647683e+01
3.174821610e+01
3.149109378e+01
3.093351981e+01
3.041720469e+01
2.971561209e+01
2.934037908e+01
2.912255090e+01
2.908873479e+01
2.850692290e+01
2.804716920e+01
2.766958052e+01
2.714194911e+01
2.696722644e+01
2.662880008e+01
2.631261940e+01
2.592518212e+01
2.559938865e+01
2.531049571e+01
2.480249125e+01
2.455343658e+01
2.413643761e+01
2.393525513e+01
2.357446411e+01
2.342435199e+01
2.298998585e+01
2.283895508e+01
2.279689963e+01
2.259642557e+01
2.256795384e+01
2.237271181e+01
2.212118812e+01
2.189931563e+01
2.169435359e+01
2.138649552e+01
2.085535378e+01
2.061475227e+01
2.031559499e+01
2.014986429e+01
1.987290956e+01
1.975148191e+01
1.942727948e+01
1.923563166e+01
1.913138990e+01
1.884634773e+01
1.881074856e+01
1.876595601e+01
1.871666083e+01
1.861315118e+01
1.842999102e+01
1.831246089e+01
1.803778730e+01
1.797294068e+01
1.776753040e+01
1.764389906e+01
1.734240520e+01
1.709931165e+01
1.674403932e+01
1.669248367e+01
1.667347656e+01
1.645118987e+01
1.640588617e+01
1.607918494e+01
1.575790874e+01
1.557364873e+01
1.543064274e+01
1.540893329e+01
1.528704144e+01
1.528959242e+01
1.513265731e+01
1.520133019e+01
1.509048392e+01
1.497228414e+01
1.457291354e+01
1.449889740e+01
1.442371032e+01
1.424038267e+01
1.426580230e+01
1.402721350e+01
1.379860244e+01
1.365142309e+01
1.352169813e+01
1.344511143e+01
1.319045722e+01
1.325300285e+01
1.315424697e+01
1.313516088e+01
1.298160479e+01
1.277139888e+01
1.234621562e+01
1.225134328e+01
1.226791956e+01
1.212626937e+01
1.210703568e+01
1.193910638e+01
1.188468655e+01
1.181123704e+01
1.174331169e+01
1.167527221e+01
1.141288407e+01
1.144290054e+01
1.131953181e+01
1.126150117e+01
1.109643410e+01
1.106102498e+01
1.082663550e+01
1.077063311e+01
1.070818412e+01
1.048833664e+01
1.060158485e+01
1.059324314e+01
1.047591812e+01
1.039564428e+01
1.028320533e+01
1.020625933e+01
9.895860186e+00
9.865674719e+00
9.675863286e+00
9.706530057e+00
9.678308383e+00
9.800180545e+00
9.688130295e+00
9.718083223e+00
9.671552458e+00
9.354997988e+00
9.278828581e+00
9.157137127e+00
9.107705682e+00
9.097652536e+00
9.052730489e+00
9.118475282e+00
8.989757442e+00
8.946723294e+00
8.694455330e+00
8.665112308e+00
8.516317896e+00
8.458907958e+00
8.194156586e+00
8.180060240e+00
8.206693736e+00
8.046766998e+00
8.083513318e+00
8.060576609e+00
7.919213882e+00
7.713958703e+00
7.581122865e+00
7.643150508e+00
7.635982522e+00
7.812805933e+00
7.704971756e+00
7.751837632e+00
7.749223187e+00
7.815169712e+00
7.521035460e+00
7.449535903e+00
7.402758129e+00
7.277528131e+00
7.317123394e+00
7.237931457e+00
7.161299479e+00
7.148581594e+00
7.178803072e+00
7.162102269e+00
7.035301001e+00
7.141821161e+00
6.938593737e+00
6.848485044e+00
6.634779998e+00
6.636593906e+00
6.607513794e+00
6.824197290e+00
6.918419515e+00
6.712941951e+00
6.623084200e+00
6.462976438e+00
6.330500060e+00
6.200141760e+00
6.215241763e+00
6.301791993e+00
6.168869139e+00
6.225331095e+00
6.048651331e+00
5.931616632e+00
5.798287319e+00
5.883665405e+00
5.737558222e+00
5.843240079e+00
5.917284896e+00
5.776669410e+00
5.855964858e+00
5.861345795e+00
5.841147030e+00
5.786994772e+00
5.687932774e+00
5.788007394e+00
5.762897157e+00
5.897035881e+00
5.718545858e+00
5.623882020e+00
5.406935454e+00
5.448195609e+00
5.292563992e+00
5.311788519e+00
5.283194541e+00
5.104937319e+00
5.153527883e+00
5.066320152e+00
5.033677973e+00
5.135681486e+00
5.196166769e+00
5.170711532e+00
4.960064230e+00
4.991190698e+00
4.892989733e+00
5.040585918e+00
5.095672775e+00
5.156415346e+00
4.941865763e+00
4.912396579e+00
4.953419588e+00
4.780409775e+00
4.832807879e+00
4.774025842e+00
4.677353508e+00
4.681926388e+00
4.711859653e+00
4.670825318e+00
4.466538337e+00
4.586527700e+00
4.438761132e+00
4.464285523e+00
4.279232611e+00
4.306224101e+00
4.143677737e+00
4.202786232e+00
4.221177913e+00
4.051478514e+00
4.146221986e+00
4.070302515e+00
4.042311897e+00
3.991436929e+00
3.928846809e+00
3.848982421e+00
3.684218684e+00
3.799317024e+00
3.654895802e+00
3.699945278e+00
3.670863263e+00
3.807611001e+00
3.725455811e+00
3.728525850e+00
3.744878313e+00
3.649142324e+00
3.660518396e+00
3.668432673e+00
3.737851583e+00
3.725701407e+00
3.768429573e+00
3.768460641e+00
3.669317531e+00
3.751263912e+00
3.528122458e+00
3.470111795e+00
3.403095369e+00
3.527684790e+00
3.374460891e+00
3.368524969e+00
3.456448657e+00
3.370005185e+00
3.531664703e+00
3.508914389e+00
3.415611119e+00
3.248240586e+00
3.115892290e+00
3.063861243e+00
2.877485435e+00
3.061198348e+00
3.087616231e+00
3.199800241e+00
3.212787322e+00
3.337636305e+00
3.235625788e+00
3.296913100e+00
3.367449421e+00
3.313359177e+00
3.402429848e+00
3.346374588e+00
3.299168773e+00
3.183743150e+00
3.218904132e+00
3.299812429e+00
3.067086163e+00
3.149803286e+00
3.018685842e+00
3.025853760e+00
2.905658095e+00
3.073397823e+00
3.002452894e+00
3.102476928e+00
3.172833027e+00
3.083328288e+00
3.247821580e+00
3.239177231e+00
3.211082461e+00
3.136365290e+00
3.036434043e+00
3.039668194e+00
2.894882345e+00
2.949796115e+00
2.912424454e+00
3.015882138e+00
2.962398527e+00
3.171171069e+00
3.086288187e+00
3.102874050e+00
3.094361134e+00
2.894468856e+00
2.990799266e+00
3.008666198e+00
3.012801612e+00
3.000856592e+00
2.940014077e+00
2.961319170e+00
2.993064982e+00
3.163926028e+00
3.005802326e+00
2.979719722e+00
2.861850518e+00
2.989880994e+00
2.992318087e+00
3.081909250e+00
3.030789587e+00
2.870927356e+00
2.985450426e+00
2.969770062e+00
2.933513345e+00
2.857532801e+00
2.792364175e+00
2.814014841e+00
2.831128456e+00
3.088551480e+00
3.046090662e+00
3.074063266e+00
2.933767262e+00
2.957541684e+00
2.794708127e+00
2.788137194e+00
2.845270608e+00
2.758454270e+00
2.875662084e+00
2.847637747e+00
2.793406337e+00
2.746187337e+00
2.753480604e+00
2.785694007e+00
2.636303157e+00
2.747042117e+00
2.675347776e+00
2.775764960e+00
2.738451594e+00
2.761974679e+00
2.543796196e+00
2.591793986e+00
2.656313807e+00
2.558141671e+00
2.688585172e+00
2.783407994e+00
2.819070558e+00
2.732814623e+00
2.646863147e+00
2.603801866e+00
2.452936843e+00
2.506791188e+00
2.394816797e+00
2.448880714e+00
2.339202787e+00
2.392404780e+00
2.273156606e+00
2.358611376e+00
2.436727136e+00
2.349287650e+00
2.418160484e+00
2.377017266e+00
2.379948968e+00
2.398837666e+00
2.438937949e+00
2.502529550e+00
2.388280818e+00
2.442323769e+00
2.240545868e+00
2.316305901e+00
2.297326519e+00
2.436844786e+00
2.306288911e+00
2.388648130e+00
2.443875152e+00
2.284844233e+00
2.311609772e+00
2.204570123e+00
2.209729496e+00
2.276323094e+00
2.264430996e+00
2.157653701e+00
2.016997731e+00
2.201318141e+00
2.180826550e+00
2.289055510e+00
2.262478723e+00
2.347107536e+00
2.176427943e+00
2.178939850e+00
2.213191865e+00
2.070528974e+00
2.091991543e+00
2.062662513e+00
2.082762326e+00
2.140612561e+00
2.212413774e+00
2.304044845e+00
2.226424293e+00
2.272393520e+00
2.132527315e+00
2.174498138e+00
2.106111305e+00
2.158413580e+00
2.007336577e+00
2.018291047e+00
2.098432325e+00
2.006356382e+00
2.104553551e+00
2.096263823e+00
2.069327875e+00
2.039318630e+00
2.025717098e+00
2.123484501e+00
2.063021215e+00
2.182429659e+00
2.124685944e+00
2.174452754e+00
2.179293485e+00
2.287667351e+00
2.117643470e+00
2.068715103e+00
1.980617054e+00
1.786309790e+00
1.876658503e+00
1.914314310e+00
1.973460682e+00
2.036214279e+00
2.172951654e+00
2.215515689e+00
2.050911572e+00
2.116786518e+00
1.955996027e+00
1.993717541e+00
2.030863048e+00
2.155185592e+00
1.999670969e+00
1.994891153e+00
2.098822255e+00
2.021072805e+00
2.105773019e+00
2.019186520e+00
1.871625707e+00
1.735957352e+00
1.683385327e+00
1.768834915e+00
1.741663170e+00
1.898077342e+00
1.745232253e+00
1.746330573e+00
1.740808029e+00
1.962022665e+00
1.930463430e+00
2.029947792e+00
2.035561661e+00
1.787462075e+00
1.783137045e+00
1.777770581e+00
1.794385156e+00
1.789691070e+00
1.811665021e+00
1.853682455e+00
1.758687473e+00
1.853373421e+00
1.707528573e+00
1.767709256e+00
1.809856163e+00
1.971435479e+00
1.847881697e+00
1.823560946e+00
1.914963268e+00
1.861507466e+00
1.987210788e+00
1.982301355e+00
1.975476104e+00
1.915369288e+00
1.859060653e+00
1.818603947e+00
1.661479228e+00
1.756824756e+00
1.676781626e+00
1.740191705e+00
1.640163047e+00
1.707229268e+00
1.581740746e+00
1.673499805e+00
1.767130506e+00
1.603606934e+00
1.662031477e+00
1.641021326e+00
1.611193146e+00
1.600956622e+00
1.620529878e+00
1.683041822e+00
1.513370898e+00
1.562677965e+00
1.440868986e+00
1.506200651e+00
1.505004985e+00
1.602238624e+00
1.504872753e+00
1.528640448e+00
1.530581246e+00
1.380970741e+00
1.478375351e+00
1.476010127e+00
1.505687165e+00
1.470022504e+00
1.455972245e+00
1.454027171e+00
1.334477416e+00
1.471564812e+00
1.419443688e+00
1.505266710e+00
1.494584979e+00
1.596497664e+00
1.474375378e+00
1.517764450e+00
1.581934413e+00
1.472827993e+00
1.588746112e+00
1.542865814e+00
1.522214109e+00
1.554711519e+00
1.556562296e+00
1.588034585e+00
1.524215597e+00
1.623638964e+00
1.477083849e+00
1.557203874e+00
1.485145702e+00
1.484441414e+00
1.329586673e+00
1.442254411e+00
1.503549821e+00
1.359108527e+00
1.400817179e+00
1.321657859e+00
1.315069491e+00
1.347757580e+00
1.396629600e+00
1.478385064e+00
1.457617779e+00
1.618761620e+00
1.549972743e+00
1.626635486e+00
1.573112545e+00
1.664145467e+00
1.526062552e+00
1.574572594e+00
1.565754872e+00
1.450243160e+00
1.569059581e+00
1.559882719e+00
1.549584288e+00
1.495714661e+00
1.537778807e+00
1.592365959e+00
1.436970209e+00
1.515355658e+00
1.393507962e+00
1.491268489e+00
1.475220448e+00
1.581034321e+00
1.451680669e+00
1.498251228e+00
1.535116002e+00
1.434325311e+00
1.532198755e+00
1.531464743e+00
1.523762434e+00
1.488059175e+00
1.517292110e+00
1.600298489e+00
1.577824083e+00
1.686512243e+00
1.536131003e+00
1.539915869e+00
1.470679986e+00
1.616713997e+00
1.533180102e+00
1.619559498e+00
1.663533436e+00
1.501263200e+00
1.580526092e+00
1.587413830e+00
1.587931544e+00
1.571370661e+00
1.604444235e+00
1.650775747e+00
1.517721887e+00
1.619427216e+00
1.577726379e+00
1.653931180e+00
1.573748908e+00
1.611977767e+00
1.464900697e+00
1.504282412e+00
1.539094658e+00
1.419725986e+00
1.528683332e+00
1.557585870e+00
1.572490153e+00
1.624708888e+00
1.680640255e+00
1.758273517e+00
1.609546225e+00
1.681874180e+00
1.575146545e+00
1.651021953e+00
1.633169938e+00
1.681532330e+00
1.552640594e+00
1.597259553e+00
1.580009623e+00
1.432223081e+00
1.529740682e+00
1.554379386e+00
1.532651743e+00
1.444265375e+00
1.398355578e+00
1.484888870e+00
1.463990109e+00
1.656947985e+00
1.588359332e+00
1.629393669e+00
1.492698443e+00
1.543674805e+00
1.391347217e+00
1.475539672e+00
1.535032210e+00
1.361091965e+00
1.403660565e+00
1.379418474e+00
1.378128870e+00
1.347981204e+00
1.334083127e+00
1.461702756e+00
1.454344799e+00
1.590796910e+00
1.498733347e+00
1.493177067e+00
1.431219152e+00
1.579150241e+00
1.481953967e+00
1.568222199e+00
1.592874651e+00
1.391156294e+00
1.405924670e+00
1.362770974e+00
1.340917159e+00
1.334549657e+00
1.289779457e+00
1.370414704e+00
1.297988395e+00
1.469467233e+00
1.394232988e+00
1.380211333e+00
1.298328601e+00
1.400510498e+00
1.307707923e+00
1.367386989e+00
1.429148546e+00
1.328235794e+00
1.422501639e+00
1.350394740e+00
1.299863734e+00
1.280973440e+00
1.323649019e+00
1.429260201e+00
1.376059689e+00
1.495084277e+00
1.374629496e+00
1.392998154e+00
1.277059018e+00
1.383135259e+00
1.304227614e+00
1.384736988e+00
1.430876325e+00
1.241437226e+00
1.308036684e+00
1.287004683e+00
1.239241601e+00
1.267066673e+00
1.288226692e+00
1.293989638e+00
1.218891119e+00
1.421218792e+00
1.352222420e+00
1.437473064e+00
1.432105750e+00
1.501114846e+00
1.324724495e+00
1.387427577e+00
1.421977592e+00
1.351887113e+00
1.498705661e+00
1.520207815e+00
1.544429186e+00
