1.837211230e-01
8.415626608e-02
9.838377938e-03
4.968243080e-03
2.240617671e-02
1.427883235e-02
2.720580463e-04
3.085692102e-03
4.034185918e-02
3.782285687e-02
2.712645551e-02
1.013430958e-02
5.176000694e-03
5.807321270e-03
-2.986314675e-02
-7.425669537e-02
-7.504355457e-02
-1.167297771e-01
-1.229702271e-01
-1.390558945e-01
-9.955288936e-02
-1.117023138e-01
-7.160507299e-02
-6.945372047e-02
-8.962114391e-02
-9.076852161e-02
-6.758469531e-02
-6.597038099e-02
-4.688087076e-02
-3.196682139e-02
-5.017972812e-02
-6.524751312e-02
-7.116022673e-02
-8.532432699e-02
-8.075271379e-02
-8.084839358e-02
-8.570279023e-02
-1.007833563e-01
-1.317158798e-01
-1.628514459e-01
-1.337271030e-01
-1.378606688e-01
-1.068417078e-01
-9.412037676e-02
-8.401033474e-02
-8.098234764e-02
-7.895550545e-02
-7.622547562e-02
-7.366170193e-02
-8.424824479e-02
-1.373099809e-01
-1.378243023e-01
-1.192779261e-01
-8.360090228e-02
-7.408770277e-02
-4.923660481e-02
-3.529682600e-02
-6.469429512e-02
-8.507046833e-02
-1.167648301e-01
-1.384536373e-01
-1.569891327e-01
-1.874588859e-01
-1.922476752e-01
-1.598822252e-01
-1.396579803e-01
-1.266516213e-01
-1.107228726e-01
-1.018038564e-01
-1.026549473e-01
-1.274563585e-01
-1.064689524e-01
-1.108247099e-01
-1.060253949e-01
-1.086441084e-01
-9.587082344e-02
-9.919473891e-02
-1.331021022e-01
-1.223197704e-01
-1.108321151e-01
-8.302670123e-02
-1.358187715e-01
-1.568496409e-01
-1.624416143e-01
-1.765649302e-01
-1.653904164e-01
-1.493906566e-01
-1.408964886e-01
-9.149586786e-02
-8.783641338e-02
-1.228952291e-01
-1.261814848e-01
-1.265461185e-01
-1.613624581e-01
-1.579579950e-01
-1.629838236e-01
-1.449220160e-01
-1.337228998e-01
-1.125210350e-01
-1.381964796e-01
-1.420534442e-01
-1.477203140e-01
-1.498791315e-01
-1.571672125e-01
-1.903219278e-01
-1.794917418e-01
-1.491736478e-01
-1.398472368e-01
-1.078566289e-01
-1.176972590e-01
-1.209003269e-01
-1.090777130e-01
-1.287497545e-01
-1.239065307e-01
-1.342815266e-01
-1.458569736e-01
-1.775301889e-01
-1.809821405e-01
-1.953738026e-01
-1.719966163e-01
-1.616255980e-01
-1.336178852e-01
-1.459369912e-01
-1.545367120e-01
-1.365690725e-01
-1.658847732e-01
-1.478783035e-01
-1.123752033e-01
-9.320409073e-02
-9.737558448e-02
-1.106375539e-01
-1.238282082e-01
-1.191450899e-01
-1.431644644e-01
-1.266789690e-01
-1.230498630e-01
-1.337739364e-01
-1.371441817e-01
-1.469511583e-01
-1.416209843e-01
-1.352884986e-01
-1.317551809e-01
-1.155595932e-01
-1.012565449e-01
-1.080794874e-01
-1.124529110e-01
-6.609851258e-02
-7.988304193e-02
-9.969947197e-02
-1.095816729e-01
-7.117932666e-02
-8.575941668e-02
-7.464347382e-02
-1.142441122e-01
-1.059387024e-01
-1.027884701e-01
-1.239912104e-01
-1.453328559e-01
-1.193597095e-01
-1.372004579e-01
-1.164121865e-01
-8.354175347e-02
-1.038869692e-01
-9.956788600e-02
-1.227630952e-01
-1.163548619e-01
-1.059285860e-01
-9.643225353e-02
-6.937199851e-02
-6.849262956e-02
-7.060626318e-02
-8.025941761e-02
-7.424386804e-02
-5.996826753e-02
-5.965595786e-02
-9.783271458e-02
-1.102522459e-01
-1.349598865e-01
-1.379471100e-01
-9.964502546e-02
-1.001028531e-01
-8.459401407e-02
-1.189073839e-01
-1.084708304e-01
-9.518775730e-02
-8.090673134e-02
-5.357310485e-02
-5.614721415e-02
-3.255509184e-02
-6.257749348e-02
-9.830797085e-02
-9.988565205e-02
-1.106487959e-01
-7.312458818e-02
-6.558834186e-02
-7.426939691e-02
-1.172038213e-01
-1.480025889e-01
-1.140256422e-01
-3.722826086e-02
-3.595231266e-02
-4.926059816e-02
-5.622019005e-02
-1.047414984e-01
-8.964989399e-02
-6.866834550e-02
-9.204325990e-02
-7.767141942e-02
-5.472899617e-02
-7.405498886e-02
-4.871995221e-02
-3.399446087e-02
-6.702449133e-02
-7.493238240e-02
-9.416048412e-02
-7.234408606e-02
-6.205824930e-02
-8.504086055e-02
-9.464708225e-02
-4.295794322e-02
-4.017554303e-02
-3.896031012e-02
-4.849254262e-02
-7.937210459e-02
-9.071590721e-02
-7.194272380e-02
-7.253943618e-02
-4.950902382e-02
-5.351528697e-02
-3.298026868e-02
-2.407428846e-02
-9.762186030e-04
-1.961126814e-02
-7.479472914e-02
-1.027500483e-01
-8.143792539e-02
-9.323338184e-02
-1.123043941e-01
-9.937810914e-02
-5.673781604e-02
-6.825391136e-02
-6.638243571e-02
-5.206779867e-02
-3.797411722e-02
-2.550476745e-02
-5.427580567e-02
-5.761225889e-02
-4.395625766e-02
-4.181877937e-02
-3.598464890e-02
-1.332989933e-02
-1.292977199e-02
-4.533811366e-02
-3.595494763e-02
-2.988932372e-03
2.469316949e-01
5.156392968e-01
7.666250233e-01
1.440680077e+00
1.305848271e+02
7.358036304e+02
1.288370492e+03
1.414754639e+03
1.258491728e+03
1.017486156e+03
7.905004419e+02
6.071876180e+02
4.682002322e+02
3.672289627e+02
2.951494347e+02
2.444844175e+02
2.080242429e+02
1.811818059e+02
1.617624338e+02
1.492542761e+02
1.402120348e+02
1.321613687e+02
1.251610318e+02
1.185990802e+02
1.126661451e+02
1.071801672e+02
1.032119991e+02
9.971523333e+01
9.651528053e+01
9.379503725e+01
9.126478323e+01
8.899538261e+01
8.716481811e+01
8.541958612e+01
8.344598132e+01
8.139925786e+01
7.941597224e+01
7.776637260e+01
7.650053363e+01
7.511645491e+01
7.410206573e+01
7.285138030e+01
7.169940774e+01
7.043516790e+01
6.920421517e+01
6.817488931e+01
6.711541504e+01
6.646818329e+01
6.577929711e+01
6.486585031e+01
6.367219368e+01
6.249593426e+01
6.177469619e+01
6.078339132e+01
5.992951461e+01
5.897056685e+01
5.836282952e+01
5.769128351e+01
5.726448215e+01
5.668653030e+01
5.608070363e+01
5.556554623e+01
5.451461869e+01
5.369690543e+01
5.331802992e+01
5.289893962e+01
5.241377289e+01
5.196474013e+01
5.170042604e+01
5.133530748e+01
5.117780765e+01
5.052955954e+01
4.983431782e+01
4.907646827e+01
4.880543854e+01
4.814952732e+01
4.734454616e+01
4.692348493e+01
4.624948301e+01
4.558768623e+01
4.494841939e+01
4.427617899e+01
4.394672614e+01
4.367052817e+01
4.362178284e+01
4.313877743e+01
4.274978815e+01
4.216377092e+01
4.202622388e+01
4.174716812e+01
4.143369370e+01
4.080551664e+01
4.035515884e+01
4.006712385e+01
3.946258164e+01
3.892808803e+01
3.835441618e+01
3.795280683e+01
3.775355179e+01
3.730486235e+01
3.677212384e+01
3.604706752e+01
3.603249295e+01
3.581144057e+01
3.576070446e+01
3.556003734e+01
3.545111667e+01
3.476584193e+01
3.391342612e+01
3.367700059e+01
3.338713576e+01
3.318242858e+01
3.271440951e+01
3.218030508e+01
3.191009439e+01
3.172603040e+01
3.158777410e+01
3.133431508e+01
3.134975391e+01
3.125846966e+01
3.119215729e+01
3.049979728e+01
3.018208358e+01
2.965343285e+01
2.908471804e+01
2.883355123e+01
2.832508791e+01
2.784056851e+01
2.756131152e+01
2.748543983e+01
2.741679264e+01
2.725755888e+01
2.713264712e+01
2.670652840e+01
2.672329514e+01
2.657285636e+01
2.654605863e+01
2.622827538e+01
2.626986966e+01
2.591525838e+01
2.538866745e+01
2.522236305e+01
2.488386813e+01
2.458665380e+01
2.418039386e+01
2.391336972e+01
2.354960742e+01
2.315699277e+01
2.307369050e+01
2.269971127e+01
2.271124711e+01
2.246357750e+01
2.245752271e+01
2.214982028e+01
2.212406016e+01
2.180902719e+01
2.144627226e+01
2.150250848e+01
2.123480995e+01
2.100412652e+01
2.077513497e+01
2.061031036e+01
2.043439141e+01
2.015712588e+01
2.020685057e+01
2.001378011e+01
1.996778326e+01
1.963335949e+01
1.955037184e+01
1.923909816e+01
1.917655946e+01
1.871491601e+01
1.841892125e+01
1.859745143e+01
1.847015647e+01
1.839832403e+01
1.815053220e+01
1.799255181e+01
1.789946858e+01
1.768878863e+01
1.772004506e+01
1.744470855e+01
1.726123259e+01
1.687579404e+01
1.675569955e+01
1.647685428e+01
1.656095126e+01
1.637329107e+01
1.617409998e+01
1.630155600e+01
1.605552877e+01
1.588442387e+01
1.573539405e+01
1.569610272e+01
1.566152860e+01
1.573036921e+01
1.587200145e+01
1.542858275e+01
1.526505391e+01
1.509533876e+01
1.502676643e+01
1.474028571e+01
1.478476919e+01
1.457816600e+01
1.451435044e+01
1.476187673e+01
1.439589666e+01
1.413083503e+01
1.392935533e+01
1.391630943e+01
1.396992422e+01
1.387387426e+01
1.382976616e+01
1.359282727e+01
1.362627008e+01
1.331819205e+01
1.327963760e+01
1.327222684e+01
1.367221725e+01
1.356049020e+01
1.325493014e+01
1.313764454e+01
1.285413180e+01
1.282287912e+01
1.276099464e+01
1.262053114e+01
1.243158775e+01
1.229029189e+01
1.248977538e+01
1.229694255e+01
1.227675530e+01
1.197582320e+01
1.194491163e+01
1.175292312e+01
1.201965165e+01
1.190289128e+01
1.173536743e+01
1.180982571e+01
1.165044339e+01
1.151730500e+01
1.142544657e+01
1.135893962e+01
1.122435134e+01
1.110691454e+01
1.121263732e+01
1.088372469e+01
1.085226050e+01
1.071870735e+01
1.087866441e+01
1.084114756e+01
1.091950804e+01
1.072424333e+01
1.037787206e+01
1.037487739e+01
1.021607289e+01
1.012454671e+01
1.001283987e+01
9.899623576e+00
9.678883151e+00
9.550366327e+00
9.659411923e+00
9.357539475e+00
9.360248645e+00
9.320490540e+00
9.337380376e+00
8.998420681e+00
9.091249051e+00
8.865229000e+00
8.735824259e+00
8.814431140e+00
8.656133093e+00
8.792996188e+00
8.843333776e+00
8.752720906e+00
8.510310065e+00
8.392136804e+00
8.538360446e+00
8.224937046e+00
8.083265924e+00
7.793924820e+00
7.878310086e+00
7.848071291e+00
8.086536274e+00
7.982767907e+00
7.768940706e+00
7.802103041e+00
7.476559086e+00
7.406506433e+00
7.444030089e+00
7.410426828e+00
7.364570212e+00
7.369119456e+00
7.500730362e+00
7.248611094e+00
7.257843566e+00
7.008749791e+00
6.965423999e+00
6.789395109e+00
6.931771692e+00
6.732473394e+00
6.531494950e+00
6.636912280e+00
6.483874906e+00
6.521092724e+00
6.473860905e+00
6.370923078e+00
6.323199744e+00
6.184918599e+00
6.259024577e+00
5.982224636e+00
5.965280280e+00
5.929255941e+00
6.151926510e+00
5.983773888e+00
6.101618704e+00
6.017217234e+00
5.842210205e+00
6.097728933e+00
6.028626743e+00
5.865173042e+00
5.590218515e+00
5.543312853e+00
5.522569224e+00
5.480773412e+00
5.527921030e+00
5.304230319e+00
5.433135164e+00
5.464087902e+00
5.649034150e+00
5.636556787e+00
5.812221462e+00
5.639411378e+00
5.429282697e+00
5.543429291e+00
5.398854154e+00
5.336656125e+00
5.323206287e+00
5.348688677e+00
5.327860843e+00
5.165256290e+00
5.125132430e+00
4.774455428e+00
4.838785791e+00
4.756030810e+00
4.988297464e+00
5.054034912e+00
5.369943979e+00
5.311357579e+00
5.021424527e+00
5.149326829e+00
5.033543223e+00
5.039275640e+00
5.120889949e+00
5.152161995e+00
5.107230938e+00
4.951261847e+00
5.039911965e+00
4.863309518e+00
4.855049903e+00
4.677492230e+00
4.694558750e+00
4.539630756e+00
4.731530185e+00
4.602567504e+00
4.590274516e+00
4.871615323e+00
4.825975737e+00
4.813982495e+00
4.757308038e+00
4.738372373e+00
4.741243125e+00
4.758697893e+00
4.950543028e+00
4.746126051e+00
4.837321125e+00
4.760232961e+00
4.850100216e+00
4.617915450e+00
4.711207645e+00
4.738062731e+00
4.723525154e+00
4.933632820e+00
4.729655744e+00
4.673131129e+00
4.646272991e+00
4.629722947e+00
4.639027917e+00
4.526701185e+00
4.535506532e+00
4.227074935e+00
4.341817581e+00
4.287962902e+00
4.375585627e+00
4.242117546e+00
4.391423784e+00
4.293812805e+00
4.235099384e+00
4.411140902e+00
4.187602554e+00
4.117588171e+00
4.160669086e+00
4.217052536e+00
4.123065994e+00
3.986229195e+00
4.169746608e+00
4.123448774e+00
4.362030443e+00
4.338716386e+00
4.324426634e+00
4.091937822e+00
4.193256037e+00
3.969464326e+00
3.851533284e+00
3.969565654e+00
3.765353141e+00
3.737337033e+00
3.736751711e+00
3.765341527e+00
3.808681314e+00
3.744134693e+00
3.790735433e+00
3.522898886e+00
3.567108339e+00
3.452063078e+00
3.506483953e+00
3.331195577e+00
3.482504806e+00
3.353267739e+00
3.211817240e+00
3.426807668e+00
3.358479294e+00
3.407369733e+00
3.434126415e+00
3.375497643e+00
3.237958950e+00
3.089173158e+00
3.229263738e+00
3.195864668e+00
3.382563654e+00
3.219375379e+00
3.250946834e+00
3.026765911e+00
3.122363465e+00
2.996323758e+00
2.840411142e+00
3.038374273e+00
2.999938719e+00
3.042151920e+00
3.004580471e+00
2.992375062e+00
2.989928121e+00
2.886957374e+00
2.998403526e+00
2.779492501e+00
2.907912295e+00
2.884244124e+00
2.992518399e+00
2.866117800e+00
3.021967702e+00
2.928644122e+00
2.765038066e+00
2.822477041e+00
2.609588770e+00
2.582319183e+00
2.673425913e+00
2.645612340e+00
2.594164011e+00
2.517856262e+00
2.690784847e+00
2.591911096e+00
2.768257455e+00
2.730595598e+00
2.834689653e+00
2.654457330e+00
2.726901838e+00
2.627652282e+00
2.470369589e+00
2.628761672e+00
2.574150645e+00
2.536113844e+00
2.542516786e+00
2.573596616e+00
2.548092025e+00
2.503929700e+00
2.627986221e+00
2.423989844e+00
2.556369525e+00
2.508707523e+00
2.599394716e+00
2.476274585e+00
2.699871175e+00
2.658881581e+00
2.555238768e+00
2.676582352e+00
2.476785518e+00
2.460568058e+00
2.493560381e+00
2.469206400e+00
2.401043085e+00
2.323998438e+00
2.498101436e+00
2.373772534e+00
2.488825011e+00
2.495323549e+00
2.581353747e+00
2.373286673e+00
2.537531614e+00
2.491441736e+00
2.394711220e+00
2.505495020e+00
2.399705300e+00
2.480909394e+00
2.487197869e+00
2.539881641e+00
2.464226891e+00
2.284919655e+00
2.451535147e+00
2.285928505e+00
2.401678223e+00
2.275215260e+00
2.289082763e+00
2.124629225e+00
2.336241162e+00
2.179274070e+00
2.043575049e+00
2.159046162e+00
2.023751681e+00
2.017344769e+00
2.020539668e+00
2.082920185e+00
2.130600374e+00
2.074701893e+00
2.210204473e+00
1.985666741e+00
2.022291545e+00
1.938679620e+00
2.074105235e+00
1.993928578e+00
2.175201724e+00
2.055059608e+00
1.872845900e+00
2.039572552e+00
2.036326830e+00
2.158683890e+00
2.143683772e+00
2.112006092e+00
2.103931685e+00
2.007447692e+00
2.059683512e+00
1.804281034e+00
1.905967104e+00
1.831525369e+00
1.923873844e+00
1.719803991e+00
1.852815323e+00
1.726395531e+00
1.619896784e+00
1.745357848e+00
1.558581321e+00
1.592467699e+00
1.596060429e+00
1.629300630e+00
1.621249990e+00
1.574527994e+00
1.694990885e+00
1.519833877e+00
1.718015547e+00
1.648265375e+00
1.707194551e+00
1.511168853e+00
1.701337246e+00
1.714591307e+00
1.634554093e+00
1.775559086e+00
1.692295367e+00
1.713137845e+00
1.656142608e+00
1.576538993e+00
1.474967756e+00
1.285037996e+00
1.373810228e+00
1.269082671e+00
1.452555080e+00
1.401641765e+00
1.499951932e+00
1.377288444e+00
1.572089881e+00
1.480339270e+00
1.399412186e+00
1.545043377e+00
1.356685869e+00
1.294868748e+00
1.271468867e+00
1.311871517e+00
1.295047121e+00
1.137966662e+00
1.212515872e+00
1.088811569e+00
1.284724030e+00
1.238396378e+00
1.284331176e+00
1.115274220e+00
1.288179066e+00
1.173906685e+00
1.096554960e+00
1.279680792e+00
1.213650113e+00
1.261780673e+00
1.250582704e+00
1.278325973e+00
1.298446426e+00
1.205995075e+00
1.284958243e+00
1.140790398e+00
1.266751228e+00
1.122655893e+00
1.194369433e+00
1.168160613e+00
1.375533204e+00
1.235154684e+00
1.155836332e+00
1.360707657e+00
1.301279992e+00
1.326725607e+00
1.338768448e+00
1.350672736e+00
1.404797273e+00
1.337938610e+00
1.515133478e+00
1.334574182e+00
1.404883900e+00
1.296342188e+00
1.332696233e+00
1.117475831e+00
1.371120781e+00
1.358149832e+00
1.307219595e+00
1.517857810e+00
1.389846325e+00
1.377538410e+00
1.389943846e+00
1.353214357e+00
1.426926306e+00
1.474476925e+00
1.655012917e+00
1.529666310e+00
1.644142903e+00
1.560959030e+00
1.598033688e+00
1.425471221e+00
1.546176267e+00
1.467571020e+00
1.374875743e+00
1.622500586e+00
1.512031760e+00
1.506398309e+00
1.540867389e+00
1.576969698e+00
1.549432095e+00
1.495396977e+00
1.728008301e+00
1.606889127e+00
1.738155552e+00
1.644498793e+00
1.651805231e+00
1.448025804e+00
1.559639940e+00
1.509131185e+00
1.527777945e+00
1.746305550e+00
1.587407087e+00
1.528544335e+00
1.537171420e+00
1.571321247e+00
1.566352211e+00
1.528734402e+00
1.713692845e+00
1.533060855e+00
1.634183519e+00
1.488536652e+00
1.536242394e+00
1.448799619e+00
1.702879125e+00
1.666251337e+00
1.548506598e+00
1.736829332e+00
1.619830838e+00
1.559001470e+00
1.500288328e+00
1.536886830e+00
1.501080474e+00
1.397754181e+00
1.516526778e+00
1.310599620e+00
1.383888290e+00
1.286744864e+00
1.352316998e+00
1.251254526e+00
1.477614336e+00
1.349129178e+00
1.254331464e+00
1.439358951e+00
1.377669743e+00
1.387528043e+00
1.316023476e+00
1.323489106e+00
1.337203588e+00
1.234540429e+00
1.328636890e+00
1.105906433e+00
1.078646682e+00
9.275306853e-01
1.029665045e+00
9.156477754e-01
1.084789564e+00
9.874582729e-01
9.157196128e-01
1.043823143e+00
8.647216066e-01
8.567830430e-01
9.146530443e-01
9.168263401e-01
9.450517133e-01
9.498174320e-01
1.049870439e+00
9.030849508e-01
1.057647061e+00
9.494557116e-01
9.949493852e-01
8.537845735e-01
1.008156065e+00
9.255420700e-01
8.324443245e-01
9.666553814e-01
8.163227162e-01
8.402574394e-01
8.329969919e-01
8.574926662e-01
8.647011604e-01
8.064911623e-01
1.010370260e+00
9.167218077e-01
1.001874930e+00
8.978803302e-01
9.872929116e-01
8.941308701e-01
1.094111275e+00
9.168997782e-01
7.785506349e-01
9.119204955e-01
8.217591670e-01
8.076419471e-01
8.232457194e-01
9.384290168e-01
9.884873353e-01
9.491062063e-01
1.028720177e+00
8.069645989e-01
8.788134045e-01
8.192715218e-01
9.009274002e-01
7.005190493e-01
9.089675736e-01
8.627897260e-01
8.018049766e-01
9.491501602e-01
8.201387471e-01
8.245546349e-01
8.473638099e-01
