3.456073115e-01
3.400385614e-01
3.374595559e-01
3.228391262e-01
3.279268700e-01
3.267471594e-01
3.253537539e-01
3.209875673e-01
3.229781450e-01
3.322060546e-01
3.131150910e-01
3.093676803e-01
2.939180098e-01
2.797554125e-01
2.808249765e-01
2.725569832e-01
2.734328135e-01
2.770215556e-01
2.720030681e-01
2.681070281e-01
2.750039515e-01
2.678680334e-01
2.706502091e-01
2.646031905e-01
2.583259071e-01
2.636095064e-01
2.612204181e-01
2.604187279e-01
2.512501906e-01
2.535371109e-01
2.460142304e-01
2.381922496e-01
2.272132954e-01
2.220981270e-01
2.191870488e-01
2.088981660e-01
2.038634551e-01
2.068805903e-01
2.007835691e-01
2.071497000e-01
1.935110306e-01
2.046812971e-01
1.934138313e-01
1.953367171e-01
1.981892919e-01
1.895609644e-01
1.780150462e-01
1.797137485e-01
1.798824144e-01
1.721563202e-01
1.651191544e-01
1.524994678e-01
1.523356007e-01
1.752867198e-01
1.791836740e-01
1.802557887e-01
1.815213698e-01
1.684313972e-01
1.612892687e-01
1.490542678e-01
1.383245518e-01
1.441768842e-01
1.379159001e-01
1.439527574e-01
1.435610057e-01
1.408854300e-01
1.386629094e-01
1.310913016e-01
1.294179471e-01
1.338108330e-01
1.254455557e-01
1.300102475e-01
1.193541182e-01
1.289275658e-01
1.302539098e-01
1.142366700e-01
1.184015260e-01
1.040754480e-01
1.063260807e-01
1.059981471e-01
1.045014237e-01
1.089107899e-01
9.580721665e-02
9.396655203e-02
9.566082847e-02
1.087525227e-01
1.035358688e-01
9.628126713e-02
9.065646925e-02
6.796872282e-02
5.779982967e-02
7.026901635e-02
7.757820454e-02
7.755607226e-02
7.999459498e-02
7.836338255e-02
7.805796278e-02
6.279797288e-02
5.704334024e-02
5.742471127e-02
4.507007105e-02
5.537304801e-02
5.524751602e-02
5.529078917e-02
6.279084315e-02
6.196136729e-02
4.857245964e-02
4.195905931e-02
3.422320321e-02
2.914261419e-02
2.402854182e-02
1.808674363e-02
2.552600660e-02
3.143799802e-02
2.663361294e-02
3.188567300e-02
2.473687875e-02
2.296157090e-02
1.494802076e-02
1.329633187e-02
2.720687976e-03
1.587419367e-02
7.756612838e-03
2.933877382e-03
-3.485474322e-03
-2.930456379e-03
-4.686913305e-03
-1.223808766e-02
-1.382862045e-02
-2.759930050e-02
-2.077375740e-02
-2.557717056e-02
-4.454263694e-03
-1.021243206e-03
8.859192796e-03
-1.622011085e-05
-5.989994566e-03
-1.322594410e-02
-1.439346814e-02
-1.132030615e-02
-2.597685905e-02
-2.378182547e-02
-2.590440475e-02
-5.031733420e-02
-4.913322055e-02
-4.435663767e-02
-3.270563043e-02
-3.339498277e-02
-2.699513753e-02
-4.237458920e-02
-5.374767465e-02
-4.883157927e-02
-4.728901573e-02
-5.498232467e-02
-5.155784485e-02
-5.249197986e-02
-4.755505626e-02
-6.774131453e-02
-6.850008819e-02
-8.480484644e-02
-7.197640775e-02
-7.462629242e-02
-7.122157988e-02
-7.324942202e-02
-7.152790086e-02
-8.655991688e-02
-7.660429438e-02
-9.207991853e-02
-7.786043477e-02
-7.949712683e-02
-7.819890489e-02
-8.163365095e-02
-6.662452100e-02
-7.626808166e-02
-9.305589329e-02
-1.000464149e-01
-1.004077258e-01
-1.029437233e-01
-1.020509919e-01
-1.026884151e-01
-1.084609228e-01
-1.090163806e-01
-1.177533819e-01
-1.151628305e-01
-1.143703791e-01
-1.104596193e-01
-1.095762394e-01
-1.233925671e-01
-1.320041605e-01
-1.375723096e-01
-1.437108068e-01
-1.434862324e-01
-1.335549920e-01
-1.322898525e-01
-1.270750548e-01
-1.453730839e-01
-1.512057482e-01
-1.639498723e-01
-1.663130538e-01
-1.488221737e-01
-1.535842138e-01
-1.588029022e-01
-1.801648347e-01
-1.717368529e-01
-1.707252512e-01
-1.778224755e-01
-1.667389808e-01
-1.718065338e-01
-1.762089482e-01
-1.810377985e-01
-1.753279610e-01
-1.652532666e-01
-1.743677909e-01
-1.677295098e-01
-1.751752811e-01
-1.902887338e-01
-1.954263639e-01
-1.928055011e-01
-1.909239210e-01
-1.882209652e-01
-1.943898109e-01
-2.041100116e-01
-2.033663264e-01
-2.239114260e-01
-2.182637840e-01
-2.103934136e-01
-1.987659644e-01
-2.118151333e-01
-2.126111844e-01
-2.289157004e-01
-2.317249594e-01
-2.290141745e-01
-2.337727149e-01
-2.326321486e-01
-2.237676905e-01
-2.221179360e-01
-2.345245151e-01
-2.356942930e-01
-2.503053912e-01
-2.515312412e-01
-2.521287226e-01
-2.677372173e-01
-2.624197282e-01
-2.564253176e-01
-2.526611633e-01
-2.548618243e-01
-2.493285552e-01
-2.457576468e-01
-2.507666887e-01
-2.615115508e-01
-2.642623444e-01
-2.652115790e-01
-2.626442215e-01
-2.610715478e-01
-2.665945404e-01
-2.444328033e-01
-2.188180765e-01
-1.739059234e-01
1.394171989e-01
1.573657265e+01
4.413496304e+01
5.856465079e+01
5.879604340e+01
5.184538786e+01
4.283271079e+01
3.452417821e+01
2.791385142e+01
2.288499586e+01
1.914538259e+01
1.653652328e+01
1.462488228e+01
1.318349492e+01
1.203197054e+01
1.127014941e+01
1.074822918e+01
1.021888107e+01
9.871013948e+00
9.830139897e+00
1.020196770e+01
1.041234118e+01
1.044617686e+01
1.027233540e+01
1.010760978e+01
9.815080255e+00
9.361661508e+00
9.039395177e+00
8.706023714e+00
8.427654753e+00
8.188146278e+00
7.866099426e+00
7.387049881e+00
6.486573575e+00
5.968016753e+00
5.741371207e+00
5.701819962e+00
5.665641788e+00
5.711323762e+00
5.651382032e+00
5.649196394e+00
5.602160964e+00
5.474986608e+00
5.437485237e+00
5.355306246e+00
5.250341085e+00
5.126239637e+00
5.022365632e+00
4.967495793e+00
4.836774676e+00
4.742491572e+00
4.611328132e+00
4.566133258e+00
4.493294202e+00
4.471295661e+00
4.358025823e+00
4.337183765e+00
4.319509485e+00
4.216904324e+00
4.158465326e+00
4.113767543e+00
4.054698069e+00
3.979500186e+00
3.937906244e+00
3.903650065e+00
3.818033215e+00
3.793486674e+00
3.766994475e+00
3.777162082e+00
3.742055177e+00
3.749116734e+00
3.656488186e+00
3.661825433e+00
3.656483452e+00
3.585215834e+00
3.591649366e+00
3.552671056e+00
3.507170820e+00
3.449837875e+00
3.424547290e+00
3.438894425e+00
3.377959049e+00
3.377828904e+00
3.298092597e+00
3.270305537e+00
3.230899853e+00
3.240860558e+00
3.165453217e+00
3.144148282e+00
3.126303578e+00
3.042120511e+00
3.059637123e+00
3.045338322e+00
3.013927290e+00
3.008551914e+00
3.011467851e+00
3.026297861e+00
2.986124243e+00
3.005999747e+00
2.986419440e+00
2.995911411e+00
2.975072730e+00
2.990537354e+00
2.897204376e+00
2.871981286e+00
2.878878397e+00
2.812837973e+00
2.824275865e+00
2.817721843e+00
2.792828985e+00
2.787423290e+00
2.776246265e+00
2.778657766e+00
2.732820575e+00
2.744656177e+00
2.701362537e+00
2.711437208e+00
2.709153375e+00
2.737831877e+00
2.671374416e+00
2.679374770e+00
2.677580820e+00
2.593327670e+00
2.625656872e+00
2.591602093e+00
2.559729239e+00
2.553371100e+00
2.566166182e+00
2.598223101e+00
2.557566424e+00
2.610632362e+00
2.583348579e+00
2.592416510e+00
2.555692528e+00
2.574980289e+00
2.498383159e+00
2.502986294e+00
2.519578596e+00
2.472417652e+00
2.486994509e+00
2.466013664e+00
2.458672095e+00
2.449219324e+00
2.467115685e+00
2.495213641e+00
2.457055251e+00
2.497617452e+00
2.446964547e+00
2.457033267e+00
2.436755305e+00
2.453380711e+00
2.407870840e+00
2.419398785e+00
2.430712582e+00
2.365838846e+00
2.395295820e+00
2.385488026e+00
2.388764346e+00
2.406194915e+00
2.441513535e+00
2.442636402e+00
2.412672779e+00
2.460090596e+00
2.405834712e+00
2.396506519e+00
2.378450549e+00
2.413697159e+00
2.347316135e+00
2.367072169e+00
2.374130606e+00
2.327066468e+00
2.369628398e+00
2.376501086e+00
2.389540521e+00
2.393753274e+00
2.407867476e+00
2.428122881e+00
2.382931112e+00
2.438235084e+00
2.403494519e+00
2.416910166e+00
2.386360467e+00
2.436199175e+00
2.389310848e+00
2.419007774e+00
2.441493381e+00
2.385298198e+00
2.427609893e+00
2.407813803e+00
2.394191944e+00
2.382311816e+00
2.401457076e+00
2.421059117e+00
2.371054549e+00
2.419857527e+00
2.403109396e+00
2.434214623e+00
2.437833687e+00
2.461498908e+00
2.418379354e+00
2.452680637e+00
2.476040435e+00
2.419293659e+00
2.443345806e+00
2.423061065e+00
2.429879695e+00
2.453669035e+00
2.468383360e+00
2.485307176e+00
2.468809542e+00
2.502727165e+00
2.472642529e+00
2.486403483e+00
2.476637570e+00
2.510438186e+00
2.455220164e+00
2.497364066e+00
2.536155325e+00
2.494967172e+00
2.506455068e+00
2.487928870e+00
2.483105743e+00
2.474055429e+00
2.470419193e+00
2.484706545e+00
2.449728475e+00
2.497645023e+00
2.484883438e+00
2.510665905e+00
2.508894692e+00
2.560941922e+00
2.492414574e+00
2.540312733e+00
2.580381683e+00
2.538903933e+00
2.571533064e+00
2.569824281e+00
2.554583038e+00
2.547526637e+00
2.554704234e+00
2.556927155e+00
2.525683426e+00
2.569424527e+00
2.529745867e+00
2.549182710e+00
2.555193268e+00
2.595374277e+00
2.548376548e+00
2.556199288e+00
2.571238528e+00
2.530071721e+00
2.578446763e+00
2.566699544e+00
2.553282097e+00
2.523722295e+00
2.516354661e+00
2.532362946e+00
2.481593898e+00
2.524121659e+00
2.476449357e+00
2.494707131e+00
2.504307984e+00
2.546525334e+00
2.490665798e+00
2.504619594e+00
2.530601072e+00
2.465408679e+00
2.478669861e+00
2.455516609e+00
2.458529400e+00
2.454391045e+00
2.453886033e+00
2.467943377e+00
2.426368681e+00
2.460847819e+00
2.424618849e+00
2.418391079e+00
2.397514549e+00
2.426056049e+00
2.396158778e+00
2.432759179e+00
2.452222033e+00
2.401058421e+00
2.418642456e+00
2.396680902e+00
2.383712800e+00
2.373761293e+00
2.391994772e+00
2.425480316e+00
2.413422962e+00
2.448713192e+00
2.397216585e+00
2.410822962e+00
2.395789318e+00
2.418866856e+00
2.348024250e+00
2.380439890e+00
2.390485547e+00
2.332331239e+00
2.360117800e+00
2.346280989e+00
2.323551723e+00
2.320669183e+00
2.334602363e+00
2.353991649e+00
2.312017948e+00
2.342160526e+00
2.293351323e+00
2.324722145e+00
2.320221772e+00
2.350190521e+00
2.316435797e+00
2.348899997e+00
2.381511053e+00
2.348869516e+00
2.378478270e+00
2.377846778e+00
2.368314119e+00
2.341004451e+00
2.351709987e+00
2.360435062e+00
2.315134106e+00
2.364635546e+00
2.348624375e+00
2.366762245e+00
2.355678646e+00
2.399629982e+00
2.351842805e+00
2.392724111e+00
2.416592789e+00
2.355605578e+00
2.391159868e+00
2.386213563e+00
2.370984357e+00
2.367553586e+00
2.374557382e+00
2.396642932e+00
2.351895888e+00
2.406454822e+00
2.366207642e+00
2.385171900e+00
2.381807877e+00
2.420986106e+00
2.377037967e+00
2.416118359e+00
2.429362815e+00
2.365364565e+00
2.411691906e+00
2.421364240e+00
2.408254858e+00
2.406731419e+00
2.412746049e+00
2.427116976e+00
2.401671678e+00
2.452093256e+00
2.426802849e+00
2.450862507e+00
2.449008028e+00
2.487174838e+00
2.423605940e+00
2.437761963e+00
2.453459594e+00
2.381959709e+00
2.427370632e+00
2.438357495e+00
2.438029215e+00
2.427019349e+00
2.444473438e+00
2.466372869e+00
2.417530805e+00
2.464919689e+00
2.421597609e+00
2.467992528e+00
2.486147571e+00
2.546672008e+00
2.501341340e+00
2.517928748e+00
2.521082911e+00
2.442165577e+00
2.457552056e+00
2.453187938e+00
2.446261671e+00
2.433584839e+00
2.441326299e+00
2.456269096e+00
2.420050428e+00
2.442460789e+00
2.402302502e+00
2.415368347e+00
2.404989074e+00
2.433475322e+00
2.381776324e+00
2.412604681e+00
2.454502911e+00
2.416411266e+00
2.456160922e+00
2.437522903e+00
2.410782613e+00
2.397397480e+00
2.398287316e+00
2.426634202e+00
2.371974580e+00
2.403401312e+00
2.361416050e+00
2.387889665e+00
2.388619984e+00
2.411260859e+00
2.362673145e+00
2.392745692e+00
2.416384147e+00
2.362157290e+00
2.406912778e+00
2.381889359e+00
2.362767882e+00
2.352596162e+00
2.331729236e+00
2.344055244e+00
2.287248983e+00
2.338715722e+00
2.299161400e+00
2.307119910e+00
2.288110564e+00
2.324553648e+00
2.278961871e+00
2.298519375e+00
2.323161816e+00
2.257750848e+00
2.286542521e+00
2.263281910e+00
2.267606020e+00
2.276718246e+00
2.295598676e+00
2.312581615e+00
2.272243901e+00
2.315369797e+00
2.276157403e+00
2.293280678e+00
2.261651252e+00
2.286444418e+00
2.230617434e+00
2.261662783e+00
2.275211021e+00
2.220373915e+00
2.266087678e+00
2.263161351e+00
2.258904030e+00
2.241809004e+00
2.231693490e+00
2.231408574e+00
2.185212398e+00
2.233016975e+00
2.202976340e+00
2.211418159e+00
2.203592744e+00
2.247644465e+00
2.198761172e+00
2.222790232e+00
2.260168782e+00
2.194600024e+00
2.233747043e+00
2.237145096e+00
2.231882811e+00
2.234620023e+00
2.237913874e+00
2.246294304e+00
2.192377457e+00
2.250043553e+00
2.224322555e+00
2.235028116e+00
2.221738381e+00
2.238633744e+00
2.187846255e+00
2.221158286e+00
2.246832590e+00
2.189370674e+00
2.227637193e+00
2.221383767e+00
2.213792991e+00
2.217145999e+00
2.224974320e+00
2.215794551e+00
2.172251971e+00
2.214217630e+00
2.190304567e+00
2.205104785e+00
2.167706189e+00
2.211556079e+00
2.154535236e+00
2.184565560e+00
2.204057410e+00
2.155345742e+00
2.188360116e+00
2.176883971e+00
2.172189581e+00
2.170359260e+00
2.171481496e+00
2.186339067e+00
2.158884864e+00
2.193900472e+00
2.155625168e+00
2.178321004e+00
2.158194253e+00
2.181185391e+00
2.125108877e+00
2.161108797e+00
2.174067453e+00
2.117908566e+00
2.145657312e+00
2.147911165e+00
2.159131211e+00
2.149337757e+00
2.147865035e+00
2.159569697e+00
2.123433301e+00
2.152512485e+00
2.095237459e+00
2.124513659e+00
2.123494084e+00
2.162423882e+00
2.096358062e+00
2.131225826e+00
2.146535561e+00
2.084161863e+00
2.104643271e+00
2.106690408e+00
2.110279425e+00
2.108863532e+00
2.106811059e+00
2.113386754e+00
2.080116390e+00
2.115756175e+00
2.091866895e+00
2.133104174e+00
2.106086499e+00
2.128387650e+00
2.069672839e+00
2.092475759e+00
2.109823525e+00
2.064942341e+00
2.078009523e+00
2.062905158e+00
2.058982286e+00
2.068998409e+00
2.052402520e+00
2.047006427e+00
2.016221691e+00
2.056362189e+00
2.023972101e+00
2.030163762e+00
2.018850154e+00
2.072896299e+00
2.022946973e+00
2.037619498e+00
2.043038959e+00
1.991233454e+00
2.027025717e+00
2.008155152e+00
2.010231213e+00
2.010504984e+00
2.020008548e+00
2.018831010e+00
1.965426347e+00
2.003336054e+00
1.966965718e+00
1.992013569e+00
1.977822562e+00
2.020284777e+00
1.970457030e+00
2.000574851e+00
2.023663437e+00
1.990618987e+00
2.008526050e+00
1.985146213e+00
1.966335404e+00
1.946320750e+00
1.941792291e+00
1.960682236e+00
1.926822641e+00
1.975815492e+00
1.943623320e+00
1.954693042e+00
1.951879876e+00
1.977117655e+00
1.905845068e+00
1.923411011e+00
1.964316514e+00
1.914589570e+00
1.939751196e+00
1.935118483e+00
1.923261947e+00
1.905232927e+00
1.905060436e+00
1.920915060e+00
1.886006162e+00
1.918603293e+00
1.891391187e+00
1.906042061e+00
1.893398470e+00
1.924279157e+00
1.870125649e+00
1.892413630e+00
1.914146019e+00
1.881776042e+00
1.910526737e+00
1.894013653e+00
1.874585205e+00
1.885711151e+00
1.894361328e+00
1.896142471e+00
1.866069949e+00
1.902925583e+00
1.880012816e+00
1.888338346e+00
1.859232525e+00
1.897947871e+00
1.833283587e+00
1.871836479e+00
1.887760054e+00
1.853893989e+00
1.890212984e+00
1.883042075e+00
1.875035595e+00
1.848852717e+00
1.859681385e+00
1.860968518e+00
1.824275285e+00
1.871617571e+00
1.846731947e+00
1.881357835e+00
1.879668398e+00
1.909730919e+00
1.842529631e+00
1.861506207e+00
1.885207064e+00
1.831019259e+00
1.866271203e+00
1.874965807e+00
1.871486873e+00
1.879033709e+00
1.896029442e+00
1.907287108e+00
1.866971609e+00
1.907248059e+00
1.862121803e+00
1.877079920e+00
1.861247019e+00
1.909528072e+00
1.842674605e+00
1.870482969e+00
1.894998653e+00
1.839625916e+00
1.874166102e+00
1.859947197e+00
1.849223588e+00
1.841805470e+00
1.852179592e+00
1.859940593e+00
1.816656139e+00
1.855316808e+00
1.830174180e+00
1.855244260e+00
1.843274908e+00
1.855449341e+00
1.781760159e+00
1.794923833e+00
1.838823407e+00
1.793070612e+00
1.823908917e+00
1.799797603e+00
1.785310432e+00
1.762740105e+00
1.779776045e+00
1.790638197e+00
1.756439234e+00
1.813251704e+00
1.781239562e+00
1.787276295e+00
1.770555024e+00
1.816958915e+00
1.767003247e+00
1.799212944e+00
1.824365171e+00
1.764190618e+00
1.793759564e+00
1.787201638e+00
1.780756474e+00
1.765388792e+00
1.769840962e+00
1.765084676e+00
1.726182232e+00
1.771888718e+00
1.734491273e+00
1.741507876e+00
1.718499519e+00
1.743527524e+00
1.687670423e+00
1.718074395e+00
1.735547665e+00
1.676581365e+00
1.701504218e+00
1.688899841e+00
1.663893374e+00
1.670154618e+00
1.681201029e+00
1.686506794e+00
1.643898343e+00
1.686523686e+00
1.652941330e+00
1.659591533e+00
1.644663622e+00
1.683997699e+00
1.619960871e+00
1.660778994e+00
1.678473961e+00
1.616214795e+00
1.646582126e+00
1.647268665e+00
1.634726708e+00
1.622013498e+00
1.618407166e+00
1.625513578e+00
1.581346182e+00
1.626429731e+00
1.593649557e+00
1.613124108e+00
1.602942258e+00
1.640338879e+00
1.588237967e+00
1.620547155e+00
1.645714167e+00
1.589706064e+00
1.625182821e+00
1.603869428e+00
1.598036073e+00
1.589688148e+00
1.594622167e+00
1.592985553e+00
1.548179707e+00
1.586187596e+00
1.555228051e+00
1.569627459e+00
1.541584978e+00
1.582375155e+00
1.520407958e+00
1.540854328e+00
1.564995423e+00
1.503114334e+00
1.523855291e+00
1.526411102e+00
1.528340638e+00
1.511703803e+00
1.527937705e+00
1.549329587e+00
1.523761143e+00
1.572692192e+00
1.539733863e+00
1.551001093e+00
1.535888913e+00
1.589151590e+00
1.548386922e+00
1.566117777e+00
1.604178866e+00
1.555144034e+00
1.583923574e+00
1.583835643e+00
1.593626843e+00
