2.493380414e-02
-6.554094504e-02
-1.412380212e-01
-1.860468359e-01
-2.161756390e-01
-2.319485411e-01
-2.414587035e-01
-2.323881070e-01
-2.474156005e-01
-2.608460188e-01
-2.655673311e-01
-2.365961915e-01
-2.102148377e-01
-1.944169490e-01
-1.791765730e-01
-1.772448859e-01
-1.620629959e-01
-1.701224342e-01
-1.737601259e-01
-1.949832319e-01
-2.173424740e-01
-2.282236273e-01
-2.462328963e-01
-2.546791009e-01
-2.324313058e-01
-2.348620482e-01
-2.282210143e-01
-2.224460858e-01
-2.385852999e-01
-2.353384728e-01
-2.355370943e-01
-2.056945508e-01
-1.919404778e-01
-1.927987863e-01
-1.976779960e-01
-1.968195395e-01
-1.954593634e-01
-1.785026292e-01
-1.444826080e-01
-1.641103387e-01
-1.373391829e-01
-1.205805658e-01
-1.241384005e-01
-1.419077692e-01
-1.332256565e-01
-1.584978312e-01
-1.431758093e-01
-1.447210345e-01
-1.585618406e-01
-1.600675083e-01
-1.398702563e-01
-1.478962378e-01
-1.553622920e-01
-1.699650146e-01
-1.479216742e-01
-1.300366602e-01
-1.117522267e-01
-1.034588303e-01
-1.007312439e-01
-9.862383500e-02
-8.260029214e-02
-8.546409332e-02
-8.636682996e-02
-9.062450220e-02
-1.002181161e-01
-1.101563116e-01
-8.007180275e-02
-8.682577562e-02
-7.541591096e-02
-9.629716005e-02
-9.117229717e-02
-8.884834435e-02
-1.078576213e-01
-7.583294084e-02
-7.299891101e-02
-6.637187175e-02
-7.539247041e-02
-5.615229668e-02
-4.608204893e-02
-4.217195872e-02
-4.884092903e-02
-4.618889509e-02
-3.782479072e-02
-3.450005595e-02
-2.417675284e-02
-1.729305340e-02
-1.842416051e-03
-1.007237740e-02
-5.494379372e-04
-2.163869120e-02
-3.469484284e-02
-2.810436210e-02
-3.980528939e-02
-2.801278091e-02
-3.042810638e-02
-2.405529181e-02
-1.425965633e-02
8.698560170e-03
2.268152279e-02
4.995925316e-02
5.150102851e-02
5.189791081e-02
5.928664139e-02
6.633793728e-02
6.075154416e-02
5.846587059e-02
4.450843745e-02
3.802825053e-02
2.662607592e-02
3.298382366e-02
4.189966756e-02
7.188895691e-02
7.532627341e-02
5.673459337e-02
7.216657489e-02
6.657801666e-02
8.565976661e-02
9.242419389e-02
8.662391308e-02
8.833562594e-02
5.701935555e-02
5.751921972e-02
4.949916882e-02
6.968182255e-02
7.011172476e-02
8.235487549e-02
7.783132381e-02
8.655849218e-02
9.167012385e-02
7.766520234e-02
7.503907017e-02
8.685302808e-02
9.184136205e-02
7.030463141e-02
6.703254983e-02
6.106182665e-02
7.437201530e-02
9.091897431e-02
9.499894648e-02
1.099883294e-01
1.271178798e-01
1.371693809e-01
1.178464968e-01
1.194223793e-01
1.238566653e-01
1.338454088e-01
1.445525088e-01
1.392707465e-01
1.308205529e-01
1.305264152e-01
1.393935860e-01
1.270788225e-01
1.320997640e-01
1.330115504e-01
1.392166249e-01
1.644786563e-01
1.817038402e-01
1.614402787e-01
1.683896302e-01
1.730513534e-01
1.631028018e-01
1.569255834e-01
1.555334245e-01
1.220156058e-01
1.088411161e-01
1.102668559e-01
1.380550088e-01
1.689870441e-01
1.683064254e-01
1.603302181e-01
1.679630828e-01
1.958800906e-01
1.845054757e-01
1.813953596e-01
1.800368933e-01
2.042941344e-01
2.278103062e-01
2.273587753e-01
2.141018534e-01
2.067991082e-01
2.065756357e-01
2.032478196e-01
1.891163772e-01
1.925806464e-01
1.785081233e-01
1.843335246e-01
1.903738111e-01
1.762831525e-01
1.993557615e-01
2.004880244e-01
2.047148544e-01
1.928684207e-01
1.899971066e-01
1.773475297e-01
1.746830154e-01
1.725337597e-01
1.845547764e-01
1.927755143e-01
2.028654472e-01
2.235497675e-01
2.304820794e-01
2.027124873e-01
2.304957161e-01
2.432335739e-01
2.329308277e-01
2.221976786e-01
2.280155378e-01
2.291459948e-01
2.335268842e-01
2.412128790e-01
2.539986385e-01
2.256685721e-01
2.341021297e-01
2.437393791e-01
2.550955492e-01
2.316983997e-01
2.198260292e-01
2.106019151e-01
2.280537944e-01
2.158899340e-01
2.220091808e-01
2.476276124e-01
2.468194801e-01
2.518255818e-01
2.549092216e-01
2.653583822e-01
2.782357609e-01
2.697758614e-01
2.492728401e-01
2.423962685e-01
2.468699509e-01
2.632188008e-01
2.853214779e-01
2.782726289e-01
2.553661113e-01
2.590382478e-01
2.654923278e-01
2.594391001e-01
2.409705889e-01
2.248829928e-01
2.252611587e-01
2.403341760e-01
2.532635225e-01
2.441482624e-01
2.523697014e-01
2.539604699e-01
2.566174377e-01
2.573172021e-01
2.489207573e-01
2.425750842e-01
2.335669350e-01
2.467817124e-01
2.347812089e-01
2.275913240e-01
2.687814683e-01
4.877607122e-01
7.106361293e-01
8.901528878e-01
3.388443936e+00
1.613594868e+02
5.920350597e+02
8.817642086e+02
9.045691528e+02
7.806500036e+02
6.195845167e+02
4.747573734e+02
3.620915676e+02
2.786542079e+02
2.190131916e+02
1.772489823e+02
1.476988523e+02
1.264533934e+02
1.105102664e+02
9.902293541e+01
9.220556180e+01
8.683174007e+01
8.132044326e+01
7.825149621e+01
7.961957287e+01
8.102121086e+01
8.004166878e+01
7.812834032e+01
7.577619157e+01
7.278051998e+01
6.893159727e+01
6.503913890e+01
6.166800765e+01
5.879294536e+01
5.643713576e+01
5.348008055e+01
4.872495909e+01
3.947601208e+01
3.177195352e+01
2.827145352e+01
2.762702252e+01
2.816987680e+01
2.905097755e+01
2.952350235e+01
2.952882883e+01
2.913283153e+01
2.868954117e+01
2.836518490e+01
2.774472163e+01
2.693959442e+01
2.600679465e+01
2.472090164e+01
2.342734205e+01
2.234199766e+01
2.138981688e+01
2.039355848e+01
1.950425123e+01
1.872516079e+01
1.825716210e+01
1.780909037e+01
1.716300767e+01
1.642742548e+01
1.569433363e+01
1.531183075e+01
1.485267585e+01
1.432222839e+01
1.375438574e+01
1.302737239e+01
1.246467798e+01
1.205535095e+01
1.160114411e+01
1.099107340e+01
1.066236907e+01
1.042939180e+01
1.034435246e+01
1.024385007e+01
9.946718060e+00
9.470345615e+00
8.836463690e+00
8.290878475e+00
7.957923048e+00
7.799506897e+00
7.424934162e+00
6.866179024e+00
6.467378071e+00
6.133091079e+00
5.865946011e+00
5.665245692e+00
5.436496969e+00
5.137544462e+00
4.822815887e+00
4.517926201e+00
4.202113031e+00
3.934200563e+00
3.632823765e+00
3.357450634e+00
3.029865794e+00
2.681963899e+00
2.243723057e+00
1.972163736e+00
1.880774340e+00
1.640949324e+00
1.496940380e+00
1.432764994e+00
1.479422418e+00
1.440940187e+00
1.338194481e+00
9.625521331e-01
7.579434190e-01
5.848512024e-01
3.052184594e-01
1.332050798e-01
-1.012669695e-02
-2.359761061e-01
-5.152030414e-01
-7.633205951e-01
-8.119413388e-01
-8.912355162e-01
-8.402305989e-01
-7.791102084e-01
-7.416012135e-01
-6.990133800e-01
-8.760302014e-01
-1.188492774e+00
-1.461311441e+00
-1.775687219e+00
-1.973029455e+00
-2.120101011e+00
-2.179463634e+00
-2.173863381e+00
-2.147402919e+00
-2.219899014e+00
-2.160954849e+00
-2.246974229e+00
-2.275679276e+00
-2.356256534e+00
-2.394016873e+00
-2.523234130e+00
-2.628929827e+00
-2.821326446e+00
-3.040502016e+00
-3.220066598e+00
-3.290592978e+00
-3.372773122e+00
-3.421688576e+00
-3.525265591e+00
-3.663946966e+00
-3.683942397e+00
-3.502798175e+00
-3.403720186e+00
-3.413683035e+00
-3.484949499e+00
-3.478119659e+00
-3.489181971e+00
-3.610932021e+00
-3.853539536e+00
-3.919711895e+00
-3.869419685e+00
-3.829538206e+00
-3.836902699e+00
-3.866204774e+00
-3.888146013e+00
-3.820015938e+00
-3.861400584e+00
-3.841344478e+00
-3.772922969e+00
-3.677159429e+00
-3.750796030e+00
-3.773819746e+00
-3.762393966e+00
-3.664058987e+00
-3.720546254e+00
-3.811406058e+00
-3.862717525e+00
-3.860135185e+00
-3.777652510e+00
-3.732450904e+00
-3.610939187e+00
-3.583979961e+00
-3.522443350e+00
-3.402832686e+00
-3.461349335e+00
-3.573438648e+00
-3.617104057e+00
-3.594704955e+00
-3.633671535e+00
-3.674372576e+00
-3.635829745e+00
-3.613145096e+00
-3.566671359e+00
-3.440006825e+00
-3.269761369e+00
-3.205234489e+00
-3.230258889e+00
-3.305332054e+00
-3.316167112e+00
-3.110250531e+00
-2.981672066e+00
-2.959565801e+00
-3.148225184e+00
-3.174982861e+00
-3.167514871e+00
-3.054463855e+00
-2.929246201e+00
-2.816905623e+00
-2.665339098e+00
-2.545485931e+00
-2.489574825e+00
-2.497938556e+00
-2.429844317e+00
-2.393351377e+00
-2.416801421e+00
-2.410639079e+00
-2.451533336e+00
-2.458258924e+00
-2.389135171e+00
-2.301139047e+00
-2.346032727e+00
-2.341244969e+00
-2.337284948e+00
-2.307525305e+00
-2.228500628e+00
-2.132391427e+00
-2.025518061e+00
-2.058883378e+00
-2.146585133e+00
-2.170885735e+00
-2.027984031e+00
-1.863199101e+00
-1.734954315e+00
-1.574732499e+00
-1.508963834e+00
-1.455171803e+00
-1.389261010e+00
-1.286882266e+00
-1.312965547e+00
-1.353994726e+00
-1.401587875e+00
-1.470419550e+00
-1.433404366e+00
-1.409284784e+00
-1.349830772e+00
-1.361624677e+00
-1.434016282e+00
-1.471705537e+00
-1.565856332e+00
-1.577730527e+00
-1.422073270e+00
-1.278036889e+00
-1.284598710e+00
-1.291391339e+00
-1.337808988e+00
-1.362454538e+00
-1.233293228e+00
-1.188255437e+00
-1.193161958e+00
-1.185015731e+00
-1.234559626e+00
-1.248709337e+00
-1.203483245e+00
-1.260042765e+00
-1.412674757e+00
-1.524493889e+00
-1.534024098e+00
-1.543632923e+00
-1.553296464e+00
-1.431853433e+00
-1.307527066e+00
-1.333824742e+00
-1.358610763e+00
-1.524227642e+00
-1.617055514e+00
-1.650246475e+00
-1.681841512e+00
-1.707107646e+00
-1.639425522e+00
-1.588676276e+00
-1.604219035e+00
-1.548414535e+00
-1.479043461e+00
-1.490288751e+00
-1.562384250e+00
-1.591632907e+00
-1.546851951e+00
-1.491706680e+00
-1.507851322e+00
-1.584229859e+00
-1.539462038e+00
-1.532055712e+00
-1.588575016e+00
-1.581118112e+00
-1.595897639e+00
-1.574724762e+00
-1.598560426e+00
-1.587572336e+00
-1.642934569e+00
-1.612421320e+00
-1.593928788e+00
-1.568327249e+00
-1.532579077e+00
-1.447414705e+00
-1.362415326e+00
-1.337614407e+00
-1.301669098e+00
-1.298597627e+00
-1.272986540e+00
-1.267502424e+00
-1.378936102e+00
-1.392731693e+00
-1.354884579e+00
-1.352511577e+00
-1.428104071e+00
-1.375348393e+00
-1.243874751e+00
-1.140369904e+00
-1.168577502e+00
-1.234358620e+00
-1.211669496e+00
-1.129254893e+00
-1.012239094e+00
-9.967984145e-01
-9.597324294e-01
-9.287256114e-01
-8.990265092e-01
-8.549394667e-01
-9.021237721e-01
-9.210315817e-01
-8.873179814e-01
-7.965547001e-01
-7.551521439e-01
-6.633445163e-01
-6.087575298e-01
-5.540305076e-01
-4.826097246e-01
-4.267167434e-01
-3.587761660e-01
-3.532151275e-01
-2.974612062e-01
-2.208582239e-01
-1.414613441e-01
-1.280996492e-02
5.214394710e-02
7.893980749e-02
1.014192814e-01
9.317020396e-02
1.857472833e-02
-5.825878360e-03
-2.797361116e-02
3.741623474e-02
1.459770036e-01
1.952946538e-01
3.234314652e-01
4.278608110e-01
4.977179414e-01
5.408045969e-01
5.186822643e-01
5.042262731e-01
5.066321891e-01
5.662299673e-01
5.626516997e-01
6.553907238e-01
7.797239006e-01
9.012363833e-01
9.097575843e-01
9.839083568e-01
1.043606083e+00
1.027230186e+00
1.012916287e+00
9.619886303e-01
9.136769322e-01
8.576159813e-01
9.132280720e-01
1.037411362e+00
1.100293922e+00
1.202034965e+00
1.267116490e+00
1.292495878e+00
1.356863647e+00
1.448595352e+00
1.484905636e+00
1.431001761e+00
1.423415630e+00
1.418371993e+00
1.489424564e+00
1.591773875e+00
1.604159791e+00
1.505222305e+00
1.444835344e+00
1.506735662e+00
1.489730089e+00
1.390919324e+00
1.346865799e+00
1.429497393e+00
1.363064047e+00
1.275723768e+00
1.280716313e+00
1.306433511e+00
1.326811468e+00
1.390834168e+00
1.432796029e+00
1.462797500e+00
1.435976383e+00
1.385848631e+00
1.339388616e+00
1.312181605e+00
1.267469502e+00
1.242780954e+00
1.179358656e+00
1.206403208e+00
1.202642972e+00
1.208417724e+00
1.182418347e+00
1.147878543e+00
1.106677498e+00
1.008967339e+00
1.021933477e+00
1.075338032e+00
1.052451385e+00
1.003232911e+00
9.988460259e-01
1.082747324e+00
1.058851694e+00
1.098645072e+00
1.109700070e+00
1.093535920e+00
1.013668658e+00
9.663283294e-01
9.564823693e-01
9.651677207e-01
1.053411615e+00
1.076056896e+00
1.161157316e+00
1.136288534e+00
1.037720378e+00
1.001352935e+00
9.555050678e-01
9.631866887e-01
9.077501309e-01
9.070184533e-01
9.417465855e-01
9.945757690e-01
9.827670550e-01
9.955313735e-01
9.811656977e-01
1.046438459e+00
1.172266082e+00
1.158992542e+00
1.113914626e+00
1.022793490e+00
1.021011864e+00
1.086605205e+00
1.030383483e+00
9.865463473e-01
9.844317840e-01
1.028871657e+00
1.052581856e+00
1.067508888e+00
1.024619515e+00
1.048109317e+00
1.090199481e+00
1.103398088e+00
1.132973774e+00
1.116582684e+00
1.184048864e+00
1.291131759e+00
1.292502311e+00
1.267221449e+00
1.278524443e+00
1.271819829e+00
1.327144341e+00
1.465958924e+00
1.463085996e+00
1.473198375e+00
1.469757797e+00
1.470866037e+00
1.433273614e+00
1.394609461e+00
1.472366957e+00
1.540463448e+00
1.506043426e+00
1.550295092e+00
1.564314851e+00
1.490852247e+00
1.463188937e+00
1.532312753e+00
1.473679210e+00
1.452850140e+00
1.437843008e+00
1.552961676e+00
1.629200258e+00
1.686372821e+00
1.647444744e+00
1.622672556e+00
1.644090270e+00
1.578890211e+00
1.589846657e+00
1.633106391e+00
1.651645884e+00
1.703069333e+00
1.744559341e+00
1.738261773e+00
1.749896492e+00
1.773484765e+00
1.726010516e+00
1.701636059e+00
1.693374911e+00
1.682020246e+00
1.656805727e+00
1.692627361e+00
1.709179572e+00
1.729560523e+00
1.831587349e+00
1.899686919e+00
1.873068552e+00
1.872827939e+00
1.829380065e+00
1.845528770e+00
1.821167271e+00
1.813478886e+00
1.741678393e+00
1.709679377e+00
1.632797324e+00
1.592919532e+00
1.571636011e+00
1.591676667e+00
1.635556307e+00
1.583158332e+00
1.531093189e+00
1.537131229e+00
1.569832514e+00
1.624671012e+00
1.564560158e+00
1.572907179e+00
1.598325831e+00
1.647617801e+00
1.542134042e+00
1.430982427e+00
1.349300806e+00
1.374821566e+00
1.394119512e+00
1.404273002e+00
1.438211017e+00
1.428640559e+00
1.427227093e+00
1.363464095e+00
1.286897725e+00
1.222868353e+00
1.180217764e+00
1.229242515e+00
1.155540249e+00
1.042999315e+00
1.013221236e+00
1.050788117e+00
1.118518252e+00
1.227970675e+00
1.245210581e+00
1.143354267e+00
1.148463533e+00
1.164664121e+00
1.191145877e+00
1.187789077e+00
1.161658252e+00
1.227785808e+00
1.289873076e+00
1.296349007e+00
1.193889011e+00
1.160705465e+00
1.140900738e+00
1.135648139e+00
1.123547787e+00
1.071422740e+00
1.064462299e+00
1.092736629e+00
1.155901946e+00
1.112579117e+00
1.126430542e+00
1.123070519e+00
1.099501760e+00
1.098467335e+00
1.046985234e+00
1.035382968e+00
1.053804353e+00
1.108306398e+00
1.072716040e+00
1.111101347e+00
1.070623944e+00
1.118174575e+00
1.143264235e+00
1.140394829e+00
1.123491982e+00
1.066381799e+00
1.147342512e+00
1.194000258e+00
1.196773438e+00
1.184259117e+00
1.185287636e+00
1.257153836e+00
1.253879080e+00
1.206475149e+00
1.151439945e+00
1.165965770e+00
1.193302609e+00
1.296881134e+00
1.369132075e+00
1.374837086e+00
1.373523741e+00
1.386488748e+00
1.408685203e+00
1.379545320e+00
1.344406813e+00
1.352584210e+00
1.424795938e+00
1.516699946e+00
1.492692857e+00
1.462286720e+00
1.421466973e+00
1.477178066e+00
1.457833779e+00
1.451465099e+00
1.433479549e+00
1.472670490e+00
1.557904949e+00
1.582044587e+00
1.596499205e+00
1.581008879e+00
1.601681841e+00
1.639182458e+00
1.626500649e+00
1.611975477e+00
1.618685967e+00
1.683137542e+00
1.712506846e+00
1.703572783e+00
1.621719760e+00
1.622111922e+00
1.721064680e+00
1.818526869e+00
1.879184415e+00
1.894544719e+00
1.937295241e+00
1.964427317e+00
1.965626052e+00
1.945760146e+00
1.926863943e+00
1.932116352e+00
1.905050436e+00
1.981461118e+00
2.009463935e+00
2.057057352e+00
2.028964951e+00
2.037368315e+00
2.021817603e+00
1.989772622e+00
1.991513898e+00
2.008778883e+00
2.127525302e+00
2.182904921e+00
2.167990575e+00
2.175021847e+00
2.179047655e+00
2.185305557e+00
2.122767391e+00
2.139245268e+00
2.178064337e+00
2.213581429e+00
2.182702710e+00
2.150826657e+00
2.087922847e+00
2.077775605e+00
2.117014098e+00
2.119974898e+00
2.127005560e+00
2.127628704e+00
2.149553378e+00
2.176644493e+00
2.096975359e+00
2.063788755e+00
2.078482888e+00
2.177978856e+00
2.194858540e+00
2.179292416e+00
2.140971162e+00
2.173397470e+00
2.184577280e+00
2.089729550e+00
2.014250667e+00
1.978331664e+00
1.968586108e+00
1.950403395e+00
1.930512443e+00
1.926301619e+00
1.897700883e+00
1.911325097e+00
1.854833772e+00
1.806036040e+00
1.752428462e+00
1.796153442e+00
1.727295079e+00
1.688498651e+00
1.617602262e+00
1.558324543e+00
1.559705166e+00
1.502714442e+00
1.520564070e+00
1.506866939e+00
1.473879337e+00
1.405174050e+00
1.319715345e+00
1.345818820e+00
1.287124289e+00
1.292527781e+00
1.243092406e+00
1.219349231e+00
1.226650503e+00
1.247963278e+00
1.220889027e+00
1.171028902e+00
1.138345971e+00
1.085464119e+00
1.105712375e+00
1.143849301e+00
1.139673556e+00
1.108336026e+00
1.046805387e+00
1.014732409e+00
1.007957482e+00
1.033354010e+00
1.023510555e+00
1.008499208e+00
9.780473259e-01
9.976289004e-01
1.031043169e+00
1.020220514e+00
1.053072482e+00
1.050064946e+00
1.105390097e+00
1.151802189e+00
1.142663158e+00
1.156776062e+00
1.209314130e+00
1.259595331e+00
1.183824684e+00
1.135310079e+00
1.081389335e+00
1.097893155e+00
1.079216596e+00
1.099704412e+00
1.097038146e+00
1.150626199e+00
1.249498944e+00
1.219462635e+00
1.279440598e+00
1.324840058e+00
1.299681054e+00
1.251475892e+00
1.239925474e+00
1.260721765e+00
1.315601845e+00
1.395477975e+00
1.356731585e+00
1.393508934e+00
1.422597086e+00
1.475506676e+00
1.475604037e+00
1.501390010e+00
1.556326367e+00
1.569392817e+00
1.626806252e+00
1.666662878e+00
1.713905448e+00
