4.317062987e-01
2.748500682e-01
1.406294952e-01
4.992552098e-02
-4.970675330e-03
-2.033451730e-02
-4.178168302e-02
-1.391359063e-01
-1.207556580e-01
-5.949135187e-02
-2.877939680e-02
-7.421889733e-02
-2.533751664e-02
8.023892137e-03
4.061458732e-03
-3.028646424e-03
7.929438558e-03
2.918800739e-02
9.671272208e-03
-3.457916653e-02
-4.733012434e-03
-2.066650844e-02
-5.448770415e-02
-9.863674123e-02
-2.066974957e-01
-1.360127443e-01
-1.407765012e-01
-1.056249179e-01
-1.069461979e-01
-1.497907765e-01
-1.306285919e-01
-1.552435794e-01
-1.110233115e-01
-1.235976924e-01
-7.618109636e-02
-7.299912641e-02
-1.405257477e-01
-1.800597379e-01
-1.858574610e-01
-1.066211809e-01
-1.284268548e-01
-1.839218030e-01
-1.926367633e-01
-2.032408167e-01
-2.004923105e-01
-2.320484985e-01
-2.424040946e-01
-2.609431996e-01
-2.705892429e-01
-2.898767985e-01
-2.143209834e-01
-2.011930604e-01
-2.002647688e-01
-1.803705710e-01
-1.532186749e-01
-1.105310488e-01
-1.323026326e-01
-1.606389903e-01
-2.057897355e-01
-2.332954251e-01
-2.724649250e-01
-3.031453224e-01
-2.956442964e-01
-2.614443887e-01
-2.727046805e-01
-2.708913450e-01
-2.824784968e-01
-2.366518631e-01
-2.526534782e-01
-2.348137164e-01
-2.118119678e-01
-2.341065804e-01
-2.167860060e-01
-2.542354185e-01
-2.404146438e-01
-2.481272910e-01
-2.725022345e-01
-2.244093342e-01
-2.570411283e-01
-2.838628166e-01
-2.692882427e-01
-2.393127465e-01
-2.756250471e-01
-2.301755705e-01
-2.393089201e-01
-2.145430736e-01
-2.263358123e-01
-2.257188583e-01
-2.328684561e-01
-2.240005297e-01
-2.778152511e-01
-2.717094755e-01
-2.771573418e-01
-2.595749959e-01
-2.949739895e-01
-2.507017349e-01
-2.536084770e-01
-2.000959416e-01
-1.981687526e-01
-2.578840183e-01
-2.766086562e-01
-2.919500234e-01
-2.481975738e-01
-1.975159131e-01
-1.888980156e-01
-1.904048342e-01
-2.026288540e-01
-1.857317488e-01
-2.184213819e-01
-2.327505747e-01
-2.863456902e-01
-2.364754287e-01
-2.208807119e-01
-2.550804127e-01
-2.572705499e-01
-2.464641109e-01
-2.251255243e-01
-1.848841753e-01
-1.731928111e-01
-1.822142209e-01
-2.319916857e-01
-2.376020026e-01
-2.407972555e-01
-1.937041028e-01
-1.516952531e-01
-1.613598123e-01
-1.958668483e-01
-1.547381325e-01
-1.688025419e-01
-1.677462086e-01
-1.835642584e-01
-2.408717584e-01
-2.794980090e-01
-2.834552232e-01
-2.782260213e-01
-2.547413206e-01
-2.343184814e-01
-2.249864520e-01
-1.910209582e-01
-1.575881500e-01
-1.176139228e-01
-1.487440349e-01
-1.891884514e-01
-2.177431953e-01
-2.352139826e-01
-2.449287520e-01
-2.631847359e-01
-2.170014698e-01
-2.179445800e-01
-2.327638418e-01
-2.253675722e-01
-2.476811481e-01
-2.151217395e-01
-2.106076385e-01
-2.057330939e-01
-2.216775422e-01
-1.792313875e-01
-2.036711599e-01
-1.389756239e-01
-1.140365712e-01
-1.115800504e-01
-1.575866700e-01
-1.922335286e-01
-2.066525316e-01
-2.121144580e-01
-2.624523458e-01
-2.390433230e-01
-2.497808036e-01
-2.415665225e-01
-2.643677959e-01
-2.943741354e-01
-2.488929895e-01
-2.342298255e-01
-2.314173131e-01
-2.168818299e-01
-2.269447855e-01
-2.370132542e-01
-2.166100345e-01
-1.810977249e-01
-1.790213237e-01
-1.841046523e-01
-1.629365525e-01
-1.456696364e-01
-1.242084964e-01
-1.404563150e-01
-1.825720176e-01
-1.721115419e-01
-2.040516903e-01
-2.232405081e-01
-2.422340237e-01
-2.264064000e-01
-2.046089513e-01
-1.932688087e-01
-2.164754583e-01
-1.571747040e-01
-1.669615050e-01
-2.031182945e-01
-1.861366146e-01
-1.172806979e-01
-1.218237846e-01
-1.462350524e-01
-1.177964941e-01
-2.075392418e-01
-2.113753642e-01
-2.234491464e-01
-1.814218819e-01
-1.895588894e-01
-1.585549160e-01
-1.495064376e-01
-1.422967219e-01
-1.586354066e-01
-2.097920116e-01
-1.954984786e-01
-1.467716470e-01
-1.205792357e-01
-1.135574273e-01
-8.826905053e-02
-1.172194723e-01
-1.073611670e-01
-1.506061864e-01
-1.599342127e-01
-1.442980135e-01
-1.511845987e-01
-2.013286071e-01
-2.186217423e-01
-2.584990298e-01
-1.945009551e-01
-1.725158782e-01
-1.573045153e-01
-1.328768583e-01
-1.077843951e-01
-1.238126002e-01
-1.019106908e-01
-1.052873301e-01
-1.222187289e-01
-1.585472191e-01
-1.589552185e-01
-1.794315237e-01
-2.035316928e-01
-1.762094982e-01
-1.471081253e-01
-1.447337013e-01
-1.269372730e-01
-1.303794901e-01
-1.342984647e-01
-1.087993091e-01
-5.903658646e-02
-6.701196996e-02
-8.920280977e-02
-6.445924068e-02
-1.003599309e-01
-1.209701290e-01
-1.364426551e-01
-1.534517616e-01
-5.681566455e-02
3.970014405e-01
9.623618746e-01
1.393592256e+00
2.620508467e+00
1.660945524e+02
7.587963484e+02
1.229268564e+03
1.326804077e+03
1.197594302e+03
9.940930886e+02
7.938397085e+02
6.279533469e+02
5.002593556e+02
4.078372498e+02
3.421297967e+02
2.945571073e+02
2.598690618e+02
2.341167469e+02
2.148409348e+02
2.009647057e+02
1.906093276e+02
1.810840633e+02
1.730624909e+02
1.672763620e+02
1.615883892e+02
1.559904012e+02
1.505446264e+02
1.462970031e+02
1.426697992e+02
1.394508177e+02
1.363349686e+02
1.333276549e+02
1.305941208e+02
1.283411314e+02
1.260148872e+02
1.232143422e+02
1.204775113e+02
1.187011092e+02
1.173458737e+02
1.157014251e+02
1.140445710e+02
1.126166215e+02
1.114325171e+02
1.103723666e+02
1.088764181e+02
1.071351561e+02
1.056667917e+02
1.043370918e+02
1.032100209e+02
1.021400573e+02
1.004044770e+02
9.886963258e+01
9.768897610e+01
9.669282030e+01
9.535563565e+01
9.371629101e+01
9.246646382e+01
9.127416792e+01
9.015335362e+01
8.933423559e+01
8.887958978e+01
8.818651631e+01
8.701545907e+01
8.612228642e+01
8.549087691e+01
8.505739406e+01
8.448135755e+01
8.373094858e+01
8.269755785e+01
8.146746366e+01
8.059187141e+01
7.979961812e+01
7.908653310e+01
7.836465736e+01
7.772507354e+01
7.682902996e+01
7.565205370e+01
7.471043079e+01
7.406366808e+01
7.347076264e+01
7.274616075e+01
7.182209301e+01
7.088610127e+01
7.034402915e+01
7.007184900e+01
6.953306242e+01
6.904839930e+01
6.853190399e+01
6.795698945e+01
6.720156980e+01
6.662828409e+01
6.635904788e+01
6.605122527e+01
6.551210577e+01
6.458628761e+01
6.380010956e+01
6.258007914e+01
6.163573035e+01
6.101021086e+01
6.035693973e+01
5.922511033e+01
5.853594744e+01
5.819583958e+01
5.793953035e+01
5.731408984e+01
5.679760472e+01
5.669616520e+01
5.663212612e+01
5.644213594e+01
5.584268473e+01
5.513210716e+01
5.475756892e+01
5.435137406e+01
5.399928895e+01
5.363512169e+01
5.288757164e+01
5.241081415e+01
5.224201457e+01
5.188207005e+01
5.124135507e+01
5.029434324e+01
4.969124100e+01
4.955721982e+01
4.910980097e+01
4.841339525e+01
4.815799287e+01
4.773615543e+01
4.708818182e+01
4.649749292e+01
4.589026461e+01
4.525021808e+01
4.485552992e+01
4.465580952e+01
4.451008588e+01
4.445910903e+01
4.407448084e+01
4.352587835e+01
4.277257482e+01
4.221556119e+01
4.178775339e+01
4.167812165e+01
4.139236293e+01
4.096621767e+01
4.046597082e+01
4.001793019e+01
3.942945218e+01
3.887135860e+01
3.855506611e+01
3.837776953e+01
3.813454430e+01
3.793565448e+01
3.760613438e+01
3.702861784e+01
3.650856046e+01
3.607538353e+01
3.563779342e+01
3.526842404e+01
3.504471362e+01
3.485262304e+01
3.474115245e+01
3.447648057e+01
3.442361813e+01
3.440677105e+01
3.431567596e+01
3.411174664e+01
3.372702528e+01
3.347417594e+01
3.337938192e+01
3.311197608e+01
3.256388254e+01
3.198858348e+01
3.145723724e+01
3.094005930e+01
3.042920482e+01
3.019833023e+01
3.011675289e+01
3.021084854e+01
3.030062146e+01
3.013574022e+01
2.994141953e+01
2.969147816e+01
2.923754518e+01
2.880572468e+01
2.841629939e+01
2.805548684e+01
2.759943971e+01
2.751363208e+01
2.779552935e+01
2.765724067e+01
2.745208928e+01
2.732143680e+01
2.710784843e+01
2.672118815e+01
2.636784832e+01
2.622260984e+01
2.632511772e+01
2.635202053e+01
2.631257272e+01
2.596854216e+01
2.545069105e+01
2.495726735e+01
2.461745738e+01
2.451259225e+01
2.417141674e+01
2.418017850e+01
2.429270161e+01
2.414053105e+01
2.391890705e+01
2.378121283e+01
2.371804402e+01
2.370040800e+01
2.375117635e+01
2.359840119e+01
2.331066859e+01
2.303954554e+01
2.277682213e+01
2.252433963e+01
2.215069886e+01
2.186706847e+01
2.177147366e+01
2.177588324e+01
2.200909046e+01
2.196018841e+01
2.191700969e+01
2.198661016e+01
2.192068703e+01
2.170510170e+01
2.145832532e+01
2.115821184e+01
2.093208813e+01
2.076468458e+01
2.059913378e+01
2.062379203e+01
2.066326975e+01
2.055205688e+01
2.031904837e+01
2.000718344e+01
1.989434355e+01
1.970089844e+01
1.953785482e+01
1.950255259e+01
1.931698902e+01
1.891180378e+01
1.868522716e+01
1.861213008e+01
1.829852969e+01
1.818107792e+01
1.806294145e+01
1.800145538e+01
1.786568798e+01
1.783444627e+01
1.784411069e+01
1.767643508e+01
1.755160469e+01
1.750822625e+01
1.759796371e+01
1.749158903e+01
1.724069825e+01
1.721871161e+01
1.711146519e+01
1.691249591e+01
1.676589549e+01
1.671724616e+01
1.661246423e+01
1.656118597e+01
1.649464891e+01
1.637929141e+01
1.615944896e+01
1.593641457e+01
1.587277775e+01
1.557974134e+01
1.533299024e+01
1.512276847e+01
1.510033434e+01
1.500229204e+01
1.497210468e+01
1.486803698e+01
1.450043189e+01
1.436267925e+01
1.430020335e+01
1.433458277e+01
1.436884578e+01
1.429112983e+01
1.403590748e+01
1.392094664e+01
1.398194486e+01
1.403199569e+01
1.394276644e+01
1.395018054e+01
1.396580478e+01
1.384889137e+01
1.342896281e+01
1.289103726e+01
1.258206746e+01
1.234449246e+01
1.210610090e+01
1.201239931e+01
1.186336754e+01
1.186919621e+01
1.182811578e+01
1.175788746e+01
1.184130987e+01
1.179981735e+01
1.176109315e+01
1.167101230e+01
1.139785824e+01
1.111943006e+01
1.091360536e+01
1.084782886e+01
1.056402718e+01
1.042749912e+01
1.048492214e+01
1.050335590e+01
1.055471122e+01
1.061894137e+01
1.059181395e+01
1.056044964e+01
1.055392744e+01
1.039910796e+01
1.042316197e+01
1.039931418e+01
1.048285959e+01
1.027817323e+01
1.009350539e+01
1.005471559e+01
1.011423578e+01
1.017609852e+01
1.018521659e+01
1.020032959e+01
1.005136431e+01
9.937202378e+00
9.837069534e+00
9.738342205e+00
9.857921076e+00
9.681460712e+00
9.545049741e+00
9.433729347e+00
9.324950448e+00
9.204461629e+00
9.041117548e+00
9.096359087e+00
9.104020219e+00
9.220195055e+00
9.288368234e+00
9.349387898e+00
9.270994552e+00
9.299079790e+00
9.108500111e+00
9.000017534e+00
9.030543124e+00
9.137293832e+00
9.302875545e+00
9.361385408e+00
9.305304904e+00
9.358055908e+00
9.205221767e+00
8.983638080e+00
8.742141554e+00
8.698865660e+00
8.563448292e+00
8.425679624e+00
8.536679426e+00
8.901651912e+00
8.861144576e+00
8.582772302e+00
8.471084046e+00
8.426742403e+00
8.453292701e+00
8.463029248e+00
8.426104247e+00
8.280716735e+00
8.162090918e+00
8.245264565e+00
8.194035940e+00
8.147865851e+00
8.146825466e+00
8.218581746e+00
8.286325637e+00
8.500383544e+00
8.388559721e+00
8.174356615e+00
8.024428045e+00
7.992809852e+00
8.027402990e+00
8.102919760e+00
8.227515046e+00
8.299475530e+00
8.246271538e+00
8.199937493e+00
8.142485204e+00
7.912694898e+00
7.708422762e+00
7.602123287e+00
7.371121190e+00
7.307742987e+00
7.230928045e+00
7.174395960e+00
7.264350070e+00
7.390312642e+00
7.361608460e+00
7.506669675e+00
7.661926938e+00
7.810755669e+00
7.944793096e+00
7.756522766e+00
7.489382191e+00
7.358861646e+00
7.342928833e+00
7.494709435e+00
7.520755015e+00
7.417786091e+00
7.271790133e+00
7.032211574e+00
6.847564508e+00
6.756178401e+00
6.715138453e+00
6.637429911e+00
6.480592778e+00
6.370750555e+00
6.521142865e+00
6.656496627e+00
6.620014765e+00
6.603386063e+00
6.525279912e+00
6.373580488e+00
6.437618565e+00
6.639041458e+00
6.723209249e+00
6.640492479e+00
6.479284695e+00
6.161820741e+00
5.947701557e+00
6.046174263e+00
6.129050359e+00
6.114267584e+00
5.991645561e+00
6.011058345e+00
6.181611361e+00
6.374635494e+00
6.397018673e+00
6.264324096e+00
6.064379546e+00
6.141950162e+00
6.173136120e+00
5.993863710e+00
5.627414621e+00
5.348355259e+00
5.243867896e+00
5.217334888e+00
5.260423016e+00
5.448183265e+00
5.513580279e+00
5.503106361e+00
5.388493712e+00
5.248857045e+00
5.183791884e+00
5.232724195e+00
5.230499534e+00
5.219297308e+00
5.199005970e+00
5.320246464e+00
5.448368832e+00
5.515998640e+00
5.478499116e+00
5.316259656e+00
5.217674214e+00
5.200682485e+00
5.302997969e+00
5.561102184e+00
5.509570978e+00
5.372532699e+00
5.265376039e+00
5.233791527e+00
5.133753213e+00
5.088940272e+00
5.061196207e+00
5.039191068e+00
4.920148986e+00
4.878466201e+00
4.919374808e+00
4.865598428e+00
4.777697348e+00
4.698559720e+00
4.758633777e+00
4.816985075e+00
4.935030234e+00
5.023050739e+00
4.870041730e+00
4.645966221e+00
4.444367689e+00
4.390547793e+00
4.464537831e+00
4.612370809e+00
4.797073857e+00
4.878979084e+00
4.748760350e+00
4.517692159e+00
4.521790855e+00
4.619935836e+00
4.691474339e+00
4.704365118e+00
4.680900971e+00
4.597842851e+00
4.590838165e+00
4.529478916e+00
4.414724843e+00
4.539484354e+00
4.518063279e+00
4.366333700e+00
4.263871166e+00
4.104004485e+00
4.021557495e+00
4.057091207e+00
4.127949812e+00
4.108110968e+00
4.035147315e+00
4.035606768e+00
4.039337395e+00
4.083676452e+00
4.124162034e+00
4.092463826e+00
3.924286859e+00
3.922708551e+00
3.877030219e+00
3.854767560e+00
3.899578349e+00
3.880599737e+00
3.872853508e+00
3.834131900e+00
3.773288798e+00
3.709353458e+00
3.621781539e+00
3.589183844e+00
3.723474815e+00
3.846714280e+00
3.869605024e+00
3.920987957e+00
3.825212173e+00
3.753487136e+00
3.655590240e+00
3.549546897e+00
3.487190545e+00
3.412766849e+00
3.461110392e+00
3.506308399e+00
3.655885178e+00
3.675862827e+00
3.606146337e+00
3.530331924e+00
3.452161815e+00
3.418962695e+00
3.424845566e+00
3.491687812e+00
3.365839949e+00
3.354519193e+00
3.229396558e+00
3.084511059e+00
3.091528615e+00
3.018186739e+00
3.008107573e+00
3.017847104e+00
2.962137974e+00
2.879002400e+00
2.917439127e+00
3.108934929e+00
3.076160585e+00
3.082998686e+00
3.101095736e+00
3.129296463e+00
3.013277568e+00
3.014884038e+00
2.920964156e+00
2.906439158e+00
2.940399252e+00
3.007737880e+00
2.985258559e+00
2.855079096e+00
2.828024437e+00
2.801694884e+00
2.805033412e+00
2.818600610e+00
2.878478281e+00
2.909364499e+00
2.816558073e+00
2.838317216e+00
2.839692506e+00
2.939162349e+00
2.831477374e+00
2.696049900e+00
2.642613447e+00
2.661486656e+00
2.636005965e+00
2.583020286e+00
2.536846553e+00
2.529787740e+00
2.564549703e+00
2.541600475e+00
2.552620962e+00
2.594902195e+00
2.553774553e+00
2.623993859e+00
2.563092432e+00
2.710914688e+00
2.846403478e+00
2.681308322e+00
2.562000336e+00
2.505738609e+00
2.607126410e+00
2.598521225e+00
2.634522489e+00
2.601641755e+00
2.660154106e+00
2.659597477e+00
2.697671380e+00
2.701016387e+00
2.656336160e+00
2.725225209e+00
2.721964594e+00
2.736013372e+00
2.783678651e+00
2.818893934e+00
2.837699562e+00
2.826540737e+00
2.756172088e+00
2.671226937e+00
2.669751164e+00
2.567478986e+00
2.382768811e+00
2.294352520e+00
2.348079256e+00
2.355783972e+00
2.458970466e+00
2.651170694e+00
2.803268349e+00
2.860437850e+00
2.813093567e+00
2.730579211e+00
2.701703520e+00
2.588918416e+00
2.493140365e+00
2.471575170e+00
2.615484137e+00
2.717553581e+00
2.718900394e+00
2.675085036e+00
2.635081389e+00
2.650891280e+00
2.639796248e+00
2.621275738e+00
2.595960809e+00
2.666921734e+00
2.772377642e+00
2.775848303e+00
2.753659856e+00
2.717084089e+00
2.779146143e+00
2.875684497e+00
2.953809710e+00
2.923490765e+00
2.903926073e+00
2.932388093e+00
2.964884531e+00
2.913924548e+00
2.761179554e+00
2.729281965e+00
2.644886738e+00
2.651841486e+00
2.580865854e+00
2.530701249e+00
2.583617507e+00
2.562870191e+00
2.641770095e+00
2.726463206e+00
2.739592710e+00
2.706855123e+00
2.696745010e+00
2.687886299e+00
2.534238579e+00
2.465893547e+00
2.445319417e+00
2.362068557e+00
2.263738612e+00
2.344326787e+00
2.374395928e+00
2.327330421e+00
2.207451089e+00
2.133890880e+00
2.130215516e+00
2.127209395e+00
2.032637066e+00
2.038207274e+00
2.071274655e+00
2.126391206e+00
2.039373478e+00
2.059409958e+00
2.075575845e+00
2.077746781e+00
2.066168952e+00
2.021279991e+00
1.924318058e+00
1.811734317e+00
1.891142243e+00
1.984657384e+00
1.945672465e+00
2.040081623e+00
2.047523304e+00
2.047200366e+00
2.033259082e+00
1.988621543e+00
1.941081844e+00
1.947330081e+00
1.928792999e+00
1.867343809e+00
1.763591608e+00
1.801935271e+00
1.839439860e+00
1.813827051e+00
1.858142004e+00
1.812927529e+00
1.869652980e+00
1.856115687e+00
1.781522871e+00
1.718656021e+00
1.792529808e+00
1.863125902e+00
1.869015494e+00
1.837170073e+00
1.827494816e+00
1.826982621e+00
1.751283163e+00
1.956684008e+00
2.054956894e+00
2.063249926e+00
2.037186485e+00
1.796647506e+00
1.625744281e+00
1.621224821e+00
1.651022975e+00
1.691313374e+00
1.676378747e+00
1.691458086e+00
1.631426995e+00
1.641152587e+00
1.628745318e+00
1.698386689e+00
1.742278360e+00
1.809347021e+00
1.779589831e+00
1.643115264e+00
1.624232727e+00
1.660996464e+00
1.655230065e+00
1.591035978e+00
1.565842987e+00
1.546833116e+00
1.466638924e+00
1.531274330e+00
1.683503155e+00
1.820968362e+00
1.943375595e+00
1.924619799e+00
1.775220546e+00
1.716467431e+00
1.594780545e+00
1.685236823e+00
1.849151690e+00
2.003044717e+00
2.000268378e+00
2.001640978e+00
