5.346416214e-01
4.633081311e-01
4.075385261e-01
3.944980923e-01
3.760876555e-01
3.936975360e-01
3.891169284e-01
3.836498616e-01
3.775930567e-01
3.459883234e-01
3.496221168e-01
3.773392639e-01
3.879515148e-01
3.909038606e-01
4.120050947e-01
4.005063071e-01
3.474073102e-01
3.160757507e-01
2.906699064e-01
2.871363995e-01
2.742922757e-01
2.625254775e-01
2.509100372e-01
2.675536432e-01
2.610689739e-01
2.511932109e-01
2.587815438e-01
2.443331014e-01
2.518533174e-01
2.534911453e-01
2.219939962e-01
2.209317191e-01
2.324992081e-01
2.443341961e-01
2.442973934e-01
2.439074470e-01
2.335392352e-01
2.338473158e-01
2.303591345e-01
2.191101901e-01
2.126158938e-01
2.042039200e-01
1.582091552e-01
1.396330332e-01
1.000487957e-01
1.025792511e-01
1.106992353e-01
1.141944554e-01
1.218167253e-01
1.436934142e-01
1.536617965e-01
1.718401346e-01
1.890220921e-01
1.847257277e-01
1.813695559e-01
1.771687333e-01
1.526274777e-01
1.320696273e-01
9.586811082e-02
8.866566335e-02
8.982284874e-02
7.272462162e-02
5.457360274e-02
5.064618797e-02
5.071003670e-02
3.438715972e-02
8.096933493e-02
6.046547569e-02
5.683852689e-02
3.037762961e-02
-2.126495255e-03
1.019063105e-02
4.188611385e-02
8.202425620e-02
9.905515646e-02
1.103463871e-01
8.958375786e-02
7.567543177e-02
6.505967033e-02
4.793133229e-02
2.215728584e-02
-1.011938579e-03
-2.607836258e-02
-4.193983797e-02
-6.725820344e-02
-6.811609132e-02
-7.268330399e-02
-3.197635179e-02
-3.374828349e-02
-1.989871025e-02
-3.154418004e-02
-1.503754167e-02
-2.526709792e-02
-2.739449100e-02
1.621109071e-04
2.655613937e-02
2.893048531e-02
2.209428215e-02
8.758311694e-03
-7.683676476e-03
-2.808252608e-02
-4.396949856e-02
-5.814388806e-02
-4.753659243e-02
-5.095421259e-02
-7.535424251e-02
-1.023875820e-01
-1.150668909e-01
-1.097404420e-01
-8.472340974e-02
-7.521460248e-02
-7.400906250e-02
-8.502132067e-02
-8.531433951e-02
-5.957598744e-02
-4.898156190e-02
-4.064405669e-02
-3.402177350e-02
-2.961646147e-02
-3.004928549e-02
-6.018949309e-02
-7.463344474e-02
-8.464729359e-02
-8.724560729e-02
-9.253257246e-02
-9.450846652e-02
-1.095911520e-01
-1.203992709e-01
-1.165144649e-01
-1.223228576e-01
-1.150351337e-01
-1.084570196e-01
-1.117349866e-01
-8.907710509e-02
-9.320223436e-02
-9.551509337e-02
-6.944975897e-02
-3.993280196e-02
-2.636886579e-02
-2.992044244e-02
-7.070386314e-02
-8.592266912e-02
-1.086809004e-01
-1.165047742e-01
-1.186263336e-01
-1.443580637e-01
-1.537283279e-01
-1.701265068e-01
-1.639954105e-01
-1.594908538e-01
-1.630990009e-01
-1.494275881e-01
-1.595775909e-01
-1.496453784e-01
-1.440322953e-01
-1.001683445e-01
-8.924785557e-02
-9.897470877e-02
-8.728563387e-02
-9.957602035e-02
-1.187555955e-01
-1.448881394e-01
-1.908863725e-01
-1.780067995e-01
-1.878574648e-01
-1.511705089e-01
-1.469082347e-01
-1.506116251e-01
-1.764441711e-01
-1.638809807e-01
-1.596553724e-01
-1.620880609e-01
-1.670989817e-01
-1.591035255e-01
-1.417179668e-01
-1.503712376e-01
-1.413884106e-01
-1.295479103e-01
-1.151500231e-01
-8.673845844e-02
-1.143591043e-01
-1.233775603e-01
-1.247605930e-01
-1.723914795e-01
-1.909333470e-01
-1.889209832e-01
-1.767002428e-01
-1.610793460e-01
-1.479086531e-01
-1.761616500e-01
-1.968916454e-01
-2.163512583e-01
-1.905266146e-01
-1.699793053e-01
-1.439817877e-01
-1.637856363e-01
-1.578759108e-01
-1.389975099e-01
-1.182107705e-01
-1.183162692e-01
-1.386807441e-01
-1.250708032e-01
-1.634319064e-01
-1.686581808e-01
-1.833015427e-01
-2.172337116e-01
-1.842189013e-01
-1.431896975e-01
-1.100132425e-01
-1.456182263e-01
-1.663503007e-01
-1.839457051e-01
-1.727224621e-01
-1.878985970e-01
-1.919151191e-01
-1.830555776e-01
-1.451458320e-01
-1.459273012e-01
-1.346595771e-01
-1.356360294e-01
-1.446393926e-01
-1.535118359e-01
-1.712891294e-01
-2.133720752e-01
-1.962293520e-01
-1.988332615e-01
-1.911346125e-01
-1.768179138e-01
-1.902986839e-01
-2.025277233e-01
-1.593805413e-01
-1.602347393e-01
-1.819016093e-01
-1.962382134e-01
-1.933906567e-01
-1.759554641e-01
-1.882865206e-01
-1.552481449e-01
-1.460843525e-01
-1.265355449e-01
-1.210282194e-01
-1.336196117e-01
-1.459651748e-01
-1.821483018e-01
-1.914718647e-01
-1.738501698e-01
-1.779322663e-01
-1.948301092e-01
-2.005046230e-01
-2.097071718e-01
-2.099591238e-01
-1.984269343e-01
-1.741031780e-01
-1.717768454e-01
-1.162199079e-01
6.556987276e-02
3.265319685e-01
5.416656984e-01
8.555078742e-01
3.699051670e+01
2.819444708e+02
5.639410213e+02
6.762597656e+02
6.466899528e+02
5.571612339e+02
4.569642394e+02
3.697845254e+02
3.021292732e+02
2.518641875e+02
2.153389354e+02
1.884027460e+02
1.684077582e+02
1.531791097e+02
1.415515904e+02
1.329209938e+02
1.258105817e+02
1.198564427e+02
1.149748736e+02
1.113656503e+02
1.080558338e+02
1.053308456e+02
1.028395586e+02
1.008541694e+02
9.913040331e+01
9.723607170e+01
9.535426439e+01
9.374603183e+01
9.275232070e+01
9.168213862e+01
9.024293967e+01
8.888108669e+01
8.730148996e+01
8.602826089e+01
8.490400333e+01
8.427642403e+01
8.349057645e+01
8.286979893e+01
8.234898274e+01
8.185351427e+01
8.117697699e+01
8.023084606e+01
7.950660753e+01
7.876176617e+01
7.807335386e+01
7.724532710e+01
7.646182335e+01
7.580994298e+01
7.497494185e+01
7.438350146e+01
7.369876480e+01
7.320241466e+01
7.271345450e+01
7.248177603e+01
7.204568964e+01
7.161142781e+01
7.124359531e+01
7.063549271e+01
7.012360153e+01
6.969141004e+01
6.892785081e+01
6.832193807e+01
6.802801270e+01
6.780073746e+01
6.746788489e+01
6.738004001e+01
6.691437620e+01
6.628161271e+01
6.542232506e+01
6.488919730e+01
6.452764937e+01
6.433196129e+01
6.404076720e+01
6.338875587e+01
6.301604464e+01
6.283378173e+01
6.258526663e+01
6.210259987e+01
6.147772403e+01
6.092740552e+01
6.039730987e+01
6.004660584e+01
5.963585249e+01
5.951002041e+01
5.923048494e+01
5.909950846e+01
5.877636391e+01
5.847101637e+01
5.812345176e+01
5.752450903e+01
5.713911635e+01
5.658247410e+01
5.595619763e+01
5.553342894e+01
5.521329436e+01
5.511232806e+01
5.484445140e+01
5.450926945e+01
5.425520558e+01
5.409767443e+01
5.370950184e+01
5.336070998e+01
5.273747811e+01
5.242008333e+01
5.200722227e+01
5.150715052e+01
5.122259145e+01
5.087108092e+01
5.069283095e+01
5.033433169e+01
4.984260456e+01
4.954081684e+01
4.917017853e+01
4.900981564e+01
4.871893651e+01
4.841557806e+01
4.806355094e+01
4.791398773e+01
4.766403964e+01
4.737200983e+01
4.698877978e+01
4.648580305e+01
4.611445766e+01
4.562155968e+01
4.521996147e+01
4.510015572e+01
4.495285782e+01
4.473721444e+01
4.434789746e+01
4.389996482e+01
4.349769409e+01
4.324373309e+01
4.310222536e+01
4.315536891e+01
4.279687770e+01
4.233889098e+01
4.209127616e+01
4.164355581e+01
4.134643427e+01
4.105181637e+01
4.089634880e+01
4.071821809e+01
4.033212660e+01
4.003651000e+01
3.949374065e+01
3.919699791e+01
3.903385246e+01
3.921987356e+01
3.917829925e+01
3.894668482e+01
3.846955706e+01
3.820581823e+01
3.800315586e+01
3.765831989e+01
3.750639241e+01
3.740981183e+01
3.715660886e+01
3.669981673e+01
3.623726261e+01
3.609430206e+01
3.595670520e+01
3.593075225e+01
3.571800799e+01
3.562380467e+01
3.536617885e+01
3.497569913e+01
3.457405689e+01
3.450997907e+01
3.454172159e+01
3.429184678e+01
3.415606208e+01
3.400245420e+01
3.365531044e+01
3.325829647e+01
3.289966301e+01
3.262954777e+01
3.237313831e+01
3.243844457e+01
3.251399445e+01
3.246752285e+01
3.224875078e+01
3.206689817e+01
3.173629270e+01
3.146305695e+01
3.123232646e+01
3.087918539e+01
3.077988187e+01
3.072362638e+01
3.078317407e+01
3.073010439e+01
3.034250564e+01
3.001048746e+01
2.963979276e+01
2.955363415e+01
2.938247224e+01
2.927697864e+01
2.906731174e+01
2.900845444e+01
2.878868625e+01
2.858206436e+01
2.837342665e+01
2.814733961e+01
2.818900968e+01
2.813573394e+01
2.787230913e+01
2.759561945e+01
2.755351392e+01
2.756968357e+01
2.733827006e+01
2.734184977e+01
2.717010829e+01
2.708127725e+01
2.677632419e+01
2.654330273e+01
2.629087857e+01
2.601840396e+01
2.590777524e+01
2.584201066e+01
2.581988418e+01
2.557985686e+01
2.554337281e+01
2.537879964e+01
2.497583430e+01
2.474271214e+01
2.455848902e+01
2.461677673e+01
2.462937849e+01
2.468451551e+01
2.457286702e+01
2.461604609e+01
2.441367486e+01
2.431651899e+01
2.411607772e+01
2.372169711e+01
2.358868210e+01
2.345129953e+01
2.319498293e+01
2.300557947e+01
2.291138897e+01
2.275527065e+01
2.251759535e+01
2.255167900e+01
2.250082750e+01
2.245673499e+01
2.227415037e+01
2.228360421e+01
2.210235716e+01
2.208611493e+01
2.214077044e+01
2.194189179e+01
2.178382328e+01
2.150842668e+01
2.114253414e+01
2.074227894e+01
2.043773413e+01
2.045317635e+01
2.046721815e+01
2.053614178e+01
2.027659728e+01
2.007170497e+01
1.983222180e+01
1.975579442e+01
1.960040043e+01
1.961338640e+01
1.961764458e+01
1.940476333e+01
1.934769979e+01
1.923419864e+01
1.908360845e+01
1.896443500e+01
1.885188998e+01
1.872399188e+01
1.843400881e+01
1.837658294e+01
1.815221024e+01
1.808122104e+01
1.802105753e+01
1.801018059e+01
1.775949056e+01
1.769152584e+01
1.776030371e+01
1.770317593e+01
1.768354187e+01
1.734005902e+01
1.707286283e+01
1.691643467e+01
1.689818541e+01
1.690218553e+01
1.669103470e+01
1.671705312e+01
1.661123801e+01
1.659045830e+01
1.637880962e+01
1.630004520e+01
1.601922426e+01
1.584322006e+01
1.586591245e+01
1.576389641e+01
1.580105870e+01
1.565977238e+01
1.540288408e+01
1.514876897e+01
1.488890977e+01
1.484111564e+01
1.477300561e+01
1.481135377e+01
1.464852230e+01
1.473625916e+01
1.470959547e+01
1.471488082e+01
1.457631092e+01
1.457943977e+01
1.463692385e+01
1.445728445e+01
1.441434356e+01
1.432210946e+01
1.429238817e+01
1.422242176e+01
1.409456920e+01
1.395993667e+01
1.378284078e+01
1.384552935e+01
1.375169172e+01
1.376326916e+01
1.368249816e+01
1.356575499e+01
1.332507718e+01
1.322835970e+01
1.320970788e+01
1.302030001e+01
1.300925286e+01
1.298629117e+01
1.298419704e+01
1.300536354e+01
1.303285425e+01
1.306184297e+01
1.292187171e+01
1.292438758e+01
1.281761873e+01
1.268629037e+01
1.251131636e+01
1.253571929e+01
1.239286490e+01
1.222398233e+01
1.222428064e+01
1.204972392e+01
1.202821963e+01
1.200117899e+01
1.196619157e+01
1.188097942e+01
1.178638478e+01
1.177183895e+01
1.175703545e+01
1.194785206e+01
1.186769458e+01
1.178360031e+01
1.167221394e+01
1.172124939e+01
1.155876551e+01
1.146076253e+01
1.149625874e+01
1.141001638e+01
1.141825440e+01
1.142225597e+01
1.149336730e+01
1.143951861e+01
1.127286366e+01
1.126992066e+01
1.120679273e+01
1.122495405e+01
1.100514189e+01
1.092374211e+01
1.080301133e+01
1.080039287e+01
1.076429484e+01
1.080830790e+01
1.079888372e+01
1.065432761e+01
1.064859360e+01
1.059567603e+01
1.054959085e+01
1.051701157e+01
1.045544277e+01
1.042102576e+01
1.026515913e+01
1.025147700e+01
1.014749398e+01
1.022652778e+01
1.018376082e+01
1.026723964e+01
1.016699315e+01
1.003095463e+01
9.977660979e+00
9.863428198e+00
1.002922256e+01
1.008145418e+01
1.003560109e+01
9.927967200e+00
9.762057271e+00
9.638838766e+00
9.525408652e+00
9.652324962e+00
9.504253408e+00
9.449696023e+00
9.332242112e+00
9.317724002e+00
9.230624334e+00
9.184143698e+00
9.103807312e+00
9.015999163e+00
9.087774001e+00
9.056659022e+00
8.977100492e+00
8.868260783e+00
8.759651261e+00
8.720077790e+00
8.596304707e+00
8.641009882e+00
8.493085086e+00
8.515598222e+00
8.444348340e+00
8.444234861e+00
8.323282739e+00
8.328635378e+00
8.426088207e+00
8.381353550e+00
8.388196912e+00
8.293687923e+00
8.236059857e+00
8.264487523e+00
8.241036438e+00
8.193770155e+00
7.982655237e+00
7.906330892e+00
7.718096613e+00
7.713243700e+00
7.676310163e+00
7.780564503e+00
7.718563860e+00
7.614013923e+00
7.604084080e+00
7.483286439e+00
7.485069131e+00
7.468880261e+00
7.418312200e+00
7.295183637e+00
7.244474499e+00
7.277342521e+00
7.170080928e+00
7.204291020e+00
7.145071175e+00
7.124129503e+00
7.051704178e+00
7.070303038e+00
7.020490129e+00
7.121976836e+00
7.137828828e+00
6.972550172e+00
6.937509255e+00
6.849542511e+00
6.812335276e+00
6.806367304e+00
6.808936629e+00
6.893919404e+00
6.798325413e+00
6.787424062e+00
6.699780219e+00
6.772962568e+00
6.801455681e+00
6.810100563e+00
6.618837641e+00
6.571715838e+00
6.600624678e+00
6.518789676e+00
6.576552492e+00
6.608264519e+00
6.679689845e+00
6.711077867e+00
6.618427257e+00
6.537053711e+00
6.382488192e+00
6.365950166e+00
6.314072330e+00
6.399822513e+00
6.353438173e+00
6.388527789e+00
6.367003934e+00
6.378034699e+00
6.418154754e+00
6.339871102e+00
6.320781013e+00
6.222635456e+00
6.186169400e+00
6.193142529e+00
6.156897571e+00
6.164459634e+00
6.015141683e+00
6.059995319e+00
5.957795311e+00
6.035695190e+00
6.004281791e+00
6.030456023e+00
5.901500409e+00
5.894336888e+00
5.945393039e+00
5.893094046e+00
6.006741067e+00
5.915078865e+00
5.841489918e+00
5.797259852e+00
5.681004239e+00
5.694942575e+00
5.563044577e+00
5.590281050e+00
5.506575749e+00
5.534820363e+00
5.506448283e+00
5.525856628e+00
5.427161166e+00
5.459148085e+00
5.545597273e+00
5.432490672e+00
5.433433420e+00
5.344430995e+00
5.303277683e+00
5.312561647e+00
5.303177858e+00
5.261645783e+00
5.060177148e+00
5.099376724e+00
5.064897125e+00
5.149024289e+00
5.158070457e+00
5.187868461e+00
5.047618847e+00
5.051578390e+00
5.067400720e+00
4.866030190e+00
4.815639091e+00
4.753962552e+00
4.627088517e+00
4.635336294e+00
4.644226420e+00
4.660355729e+00
4.584183219e+00
4.612030532e+00
4.487486988e+00
4.490095329e+00
4.482367818e+00
4.594460643e+00
4.471088841e+00
4.380977480e+00
4.390128101e+00
4.405490085e+00
4.455850618e+00
4.346887057e+00
4.275120450e+00
4.266056971e+00
4.224684793e+00
4.261488991e+00
4.177576484e+00
4.192793726e+00
4.088730516e+00
4.083765098e+00
4.054818378e+00
4.183266207e+00
4.123098936e+00
4.115744837e+00
4.155754517e+00
4.017422197e+00
4.103583014e+00
4.153397150e+00
4.153182287e+00
4.134627186e+00
4.050070530e+00
4.046923962e+00
3.880174908e+00
3.877310912e+00
3.817985436e+00
3.847231667e+00
3.815759029e+00
3.904104633e+00
3.898837015e+00
3.896826388e+00
3.881610666e+00
3.750194986e+00
3.804189010e+00
3.737806300e+00
3.633761223e+00
3.632064427e+00
3.686067983e+00
3.761753023e+00
3.631181648e+00
3.631762897e+00
3.543496660e+00
3.657400663e+00
3.669754477e+00
3.699782981e+00
3.581204674e+00
3.597621607e+00
3.682723781e+00
3.619247105e+00
3.571847947e+00
3.502308031e+00
3.508976775e+00
3.474333293e+00
3.430639513e+00
3.518517582e+00
3.452783281e+00
3.508092649e+00
3.465897103e+00
3.580237387e+00
3.616777757e+00
3.712334983e+00
3.584805109e+00
3.525041834e+00
3.541418788e+00
3.423460019e+00
3.506816965e+00
3.547192443e+00
3.511127236e+00
3.422858586e+00
3.352815244e+00
3.385384938e+00
3.285705514e+00
3.344372800e+00
3.276397830e+00
3.283351225e+00
3.312549654e+00
3.471279548e+00
3.371869189e+00
3.283440380e+00
3.314558682e+00
3.289212019e+00
3.361755191e+00
3.349813704e+00
3.346940625e+00
3.346174228e+00
3.290404797e+00
3.358119168e+00
3.296299114e+00
3.325614735e+00
3.283667332e+00
3.412823846e+00
3.425414113e+00
3.376694371e+00
3.252963949e+00
3.237528847e+00
3.357006981e+00
3.294749884e+00
3.295498682e+00
3.222797459e+00
3.166302602e+00
3.198351506e+00
3.193769171e+00
3.198102351e+00
3.114471923e+00
3.179460533e+00
3.140941932e+00
3.252677659e+00
3.294538020e+00
3.426232145e+00
3.371594561e+00
3.312167321e+00
3.281243970e+00
3.182127190e+00
3.212571225e+00
3.205176436e+00
3.204671444e+00
3.122333274e+00
3.090484468e+00
3.167990165e+00
3.104754189e+00
3.170773606e+00
3.059834644e+00
3.152705844e+00
3.132303970e+00
3.173508069e+00
3.082459260e+00
3.132112991e+00
3.180563654e+00
3.090517778e+00
3.129677873e+00
3.136099885e+00
3.075900115e+00
2.985497122e+00
2.975742312e+00
2.984734215e+00
2.855678516e+00
2.945360255e+00
2.905504453e+00
2.964903611e+00
2.915937571e+00
2.954759126e+00
2.872798410e+00
2.951278770e+00
2.966999102e+00
2.841679823e+00
2.880870718e+00
2.871366718e+00
2.938345421e+00
2.996470862e+00
2.950252780e+00
2.922793890e+00
2.773416144e+00
2.730338554e+00
2.600564281e+00
2.641920471e+00
2.614578453e+00
2.723776732e+00
2.591393860e+00
2.546935601e+00
2.585289791e+00
2.495306549e+00
2.582567326e+00
2.556641585e+00
2.568806923e+00
2.498635610e+00
2.382292678e+00
2.387109936e+00
2.337428742e+00
2.399095749e+00
2.313228202e+00
2.364695352e+00
2.315344307e+00
2.379157729e+00
2.370442003e+00
2.343797771e+00
2.297642652e+00
2.126592465e+00
2.145679820e+00
2.127687089e+00
2.179397297e+00
2.239693645e+00
2.223588704e+00
2.259965037e+00
2.244268757e+00
2.357673240e+00
2.297811180e+00
2.381018987e+00
2.350913873e+00
2.403648109e+00
2.359674848e+00
2.305881767e+00
2.285116655e+00
2.188991123e+00
2.268937887e+00
2.267038228e+00
2.254128169e+00
2.235998347e+00
2.191686948e+00
2.266636725e+00
2.219256368e+00
2.308868315e+00
2.257925268e+00
2.236361327e+00
2.122126402e+00
2.152935639e+00
2.162106188e+00
2.184125296e+00
2.223474123e+00
2.181381798e+00
2.292863406e+00
2.306458793e+00
2.326492561e+00
