5.263517125e-01
4.124400332e-01
3.412655266e-01
3.238680458e-01
3.316419158e-01
3.016980643e-01
3.071208078e-01
2.945355618e-01
2.930000348e-01
3.275914449e-01
3.249471188e-01
3.208757238e-01
3.092451450e-01
2.932809809e-01
3.063143649e-01
2.895642654e-01
2.389348311e-01
2.165199574e-01
2.205360111e-01
2.325988205e-01
2.110005015e-01
2.248919445e-01
1.982473016e-01
1.989323441e-01
2.351728693e-01
2.540740164e-01
2.796721867e-01
2.491355959e-01
2.676419920e-01
2.191341725e-01
1.859664389e-01
1.678269396e-01
1.714995869e-01
1.483881132e-01
1.701926049e-01
1.683592809e-01
1.680562014e-01
1.706323726e-01
1.526003275e-01
1.611213596e-01
1.386661684e-01
1.026407577e-01
1.116641726e-01
8.718932075e-02
9.703549310e-02
8.907252052e-02
1.115079628e-01
1.165302307e-01
1.383984527e-01
1.340007227e-01
1.374070123e-01
1.198110071e-01
1.149139418e-01
8.322135186e-02
5.815047039e-02
6.181208642e-02
6.808300821e-02
7.261306559e-02
3.596398086e-02
2.070696102e-02
-8.925182238e-04
3.253697693e-02
6.021580472e-02
7.603124224e-02
6.600675925e-02
6.105694173e-02
4.491292036e-02
5.998687713e-02
4.209121191e-02
3.584046653e-02
2.005262209e-02
-1.357859170e-03
7.033107884e-03
9.797010362e-03
7.627597545e-04
-2.960270217e-02
-2.631388832e-02
-3.982716064e-02
-1.864651479e-02
3.165475309e-04
7.640868629e-03
-1.916012480e-02
-2.119599492e-02
-2.932474146e-02
-8.481951913e-04
1.096001499e-02
2.408749767e-02
1.928031285e-02
5.513878624e-03
-3.384083681e-02
-1.780982716e-02
-2.977615453e-02
-4.790257782e-02
-6.527233225e-02
-5.126760769e-02
-5.435617317e-02
-7.694974245e-02
-7.108404772e-02
-5.381855371e-02
-1.458443763e-02
-2.917915889e-02
-4.967964865e-02
-6.311720588e-02
-5.064302823e-02
-1.360370459e-02
-4.971766382e-02
-8.441167637e-02
-1.055747967e-01
-1.164011636e-01
-1.258433901e-01
-1.079037859e-01
-1.164265519e-01
-1.273950548e-01
-1.231087601e-01
-1.172558197e-01
-1.075607270e-01
-8.988828400e-02
-7.904030802e-02
-9.580134807e-02
-9.173564988e-02
-1.057606292e-01
-1.131872912e-01
-1.138945033e-01
-1.049905478e-01
-1.133186482e-01
-1.176615997e-01
-1.393775005e-01
-1.520965750e-01
-1.410196165e-01
-1.081656884e-01
-1.265171591e-01
-1.548652041e-01
-1.938919123e-01
-1.784344110e-01
-1.646586554e-01
-1.531840398e-01
-1.500756895e-01
-1.298243516e-01
-1.425147511e-01
-1.107293993e-01
-6.906481069e-02
-8.066762549e-02
-1.055919057e-01
-1.432583347e-01
-1.933520076e-01
-2.013195860e-01
-1.805534088e-01
-1.684756441e-01
-1.842714233e-01
-2.010142958e-01
-2.097437363e-01
-1.960086709e-01
-1.639781539e-01
-1.537644167e-01
-1.347965183e-01
-1.240516903e-01
-1.174186521e-01
-1.094397086e-01
-9.408629091e-02
-1.001034258e-01
-1.162160535e-01
-1.443574118e-01
-1.676482877e-01
-1.860648327e-01
-2.064673441e-01
-2.036950101e-01
-2.118216638e-01
-2.295189455e-01
-2.308013191e-01
-2.487354373e-01
-2.403594606e-01
-2.169560842e-01
-1.840006366e-01
-1.474237198e-01
-1.681754467e-01
-1.906633837e-01
-1.765938059e-01
-1.562434083e-01
-1.563084603e-01
-1.911885876e-01
-2.145292757e-01
-2.456778437e-01
-2.441114615e-01
-2.417645919e-01
-2.512301895e-01
-2.564272866e-01
-2.759674926e-01
-2.907361776e-01
-2.677168590e-01
-2.519450373e-01
-2.353862366e-01
-2.154718615e-01
-2.058523413e-01
-1.759366335e-01
-1.720247212e-01
-1.615295121e-01
-1.639220888e-01
-2.019648635e-01
-2.056283968e-01
-2.307849040e-01
-2.412658002e-01
-2.901245851e-01
-3.299411839e-01
-2.865840009e-01
-2.755825405e-01
-3.385672556e-01
-2.980033650e-01
-2.728878817e-01
-2.699889399e-01
-2.216400739e-01
-2.171841465e-01
-1.975238093e-01
-2.153688949e-01
-1.999615880e-01
-1.967339749e-01
-2.042508730e-01
-2.139073930e-01
-2.520365627e-01
-2.765784846e-01
-3.117833822e-01
-3.190061800e-01
-3.102124873e-01
-3.234033368e-01
-3.344287523e-01
-3.480680267e-01
-3.474005871e-01
-3.064372293e-01
-2.607655626e-01
-2.651212794e-01
-2.414067951e-01
-2.216839692e-01
-2.095208942e-01
-2.102345256e-01
-2.157040642e-01
-2.316935471e-01
-2.506149820e-01
-2.516454090e-01
-2.630155839e-01
-2.857844395e-01
-3.277821107e-01
-3.323218006e-01
-3.287626653e-01
-3.156289880e-01
-3.002437345e-01
-3.102468199e-01
-3.071082331e-01
-2.924026105e-01
-2.751713520e-01
-2.310396055e-01
-2.123250867e-01
-1.946289036e-01
-2.066388894e-01
-2.086734444e-01
-2.474476825e-01
-2.360404906e-01
-1.733817987e-02
3.008742897e-01
5.952651053e-01
1.230450744e+00
1.114281030e+02
5.793109030e+02
9.852205784e+02
1.082971558e+03
9.775078006e+02
8.032434787e+02
6.325544230e+02
4.936163872e+02
3.897884969e+02
3.158128316e+02
2.643551780e+02
2.281980868e+02
2.020642204e+02
1.816793226e+02
1.657269245e+02
1.546040117e+02
1.459244819e+02
1.383885926e+02
1.320897727e+02
1.277116858e+02
1.234529392e+02
1.202227656e+02
1.165630173e+02
1.130436484e+02
1.096952786e+02
1.065966313e+02
1.048427195e+02
1.038074912e+02
1.030967274e+02
1.020984656e+02
1.007140864e+02
9.866591474e+01
9.623736435e+01
9.494612513e+01
9.381963337e+01
9.276778073e+01
9.197378439e+01
9.173658588e+01
9.117356820e+01
9.073129720e+01
8.997193900e+01
8.883910030e+01
8.758430656e+01
8.642010495e+01
8.538680221e+01
8.452693326e+01
8.391516823e+01
8.322764301e+01
8.235071121e+01
8.185463619e+01
8.115929140e+01
8.075197034e+01
8.016226663e+01
7.987733932e+01
7.924258122e+01
7.888207407e+01
7.827138508e+01
7.743365826e+01
7.680861277e+01
7.598890823e+01
7.537176807e+01
7.487195376e+01
7.420104821e+01
7.359360061e+01
7.278996701e+01
7.232152584e+01
7.154190986e+01
7.144972710e+01
7.140220421e+01
7.100110444e+01
7.025176220e+01
7.002874367e+01
6.984979382e+01
6.931951585e+01
6.892836928e+01
6.839376130e+01
6.782206257e+01
6.730291338e+01
6.701151704e+01
6.672789571e+01
6.610238564e+01
6.578153945e+01
6.509298874e+01
6.469931448e+01
6.460682323e+01
6.452882348e+01
6.381057463e+01
6.317413548e+01
6.260399315e+01
6.202155127e+01
6.180279594e+01
6.136446350e+01
6.079694077e+01
6.026515446e+01
5.973378363e+01
5.960902350e+01
5.935478067e+01
5.916945527e+01
5.868179688e+01
5.827551738e+01
5.804730872e+01
5.819233399e+01
5.787950068e+01
5.770954073e+01
5.738195721e+01
5.658804724e+01
5.602721610e+01
5.548409969e+01
5.490694101e+01
5.432253160e+01
5.402703685e+01
5.386153486e+01
5.349577105e+01
5.342149019e+01
5.315345631e+01
5.315424347e+01
5.289265053e+01
5.259725445e+01
5.191496118e+01
5.136681723e+01
5.083709741e+01
5.002210335e+01
4.957773998e+01
4.929430142e+01
4.926009767e+01
4.923640494e+01
4.915269681e+01
4.885219010e+01
4.812392173e+01
4.790493993e+01
4.752074390e+01
4.749235886e+01
4.731739129e+01
4.733491339e+01
4.717102762e+01
4.709685201e+01
4.691351467e+01
4.640623243e+01
4.618371779e+01
4.574806537e+01
4.530911845e+01
4.487152176e+01
4.450950521e+01
4.423063629e+01
4.384920739e+01
4.384145564e+01
4.374682892e+01
4.371206262e+01
4.338456432e+01
4.340394443e+01
4.310225916e+01
4.289272783e+01
4.261863264e+01
4.221055461e+01
4.208159789e+01
4.165924658e+01
4.132276671e+01
4.127191698e+01
4.147209738e+01
4.153199911e+01
4.099493048e+01
4.083137187e+01
4.036215291e+01
4.005958563e+01
3.961453613e+01
3.966275769e+01
3.948896261e+01
3.940532417e+01
3.913907006e+01
3.861715447e+01
3.840640381e+01
3.803972707e+01
3.780972037e+01
3.771095731e+01
3.757988711e+01
3.734116040e+01
3.710411180e+01
3.711870568e+01
3.679556624e+01
3.669924507e+01
3.647264250e+01
3.635273805e+01
3.603482844e+01
3.607507894e+01
3.620150587e+01
3.595375242e+01
3.584310026e+01
3.555613647e+01
3.542674309e+01
3.533437314e+01
3.521227192e+01
3.491863032e+01
3.433055112e+01
3.436286778e+01
3.431871551e+01
3.426814332e+01
3.400007990e+01
3.394685143e+01
3.353033621e+01
3.347384762e+01
3.320353305e+01
3.269176474e+01
3.278359304e+01
3.280109067e+01
3.278026787e+01
3.251284994e+01
3.226969891e+01
3.215426291e+01
3.188412658e+01
3.191424651e+01
3.162691543e+01
3.154662371e+01
3.125616856e+01
3.099426866e+01
3.052417430e+01
3.049913965e+01
3.067000469e+01
3.042294008e+01
3.030117203e+01
3.017751159e+01
3.022167573e+01
3.024673397e+01
3.031222710e+01
3.025527251e+01
2.965208534e+01
2.947938230e+01
2.917611703e+01
2.921213939e+01
2.918480528e+01
2.936765238e+01
2.903291449e+01
2.901155457e+01
2.898396063e+01
2.872758601e+01
2.879839340e+01
2.870163493e+01
2.847598746e+01
2.819921455e+01
2.790593806e+01
2.779708579e+01
2.759789421e+01
2.758433688e+01
2.719638472e+01
2.699627689e+01
2.670676891e+01
2.686870930e+01
2.670758210e+01
2.670281456e+01
2.678376703e+01
2.658864567e+01
2.657690629e+01
2.651787408e+01
2.635035271e+01
2.616003466e+01
2.607437815e+01
2.605304397e+01
2.584170543e+01
2.580297289e+01
2.542783121e+01
2.522834624e+01
2.493655269e+01
2.479548659e+01
2.443591989e+01
2.437624624e+01
2.439955818e+01
2.414264885e+01
2.426731144e+01
2.436384433e+01
2.438336126e+01
2.420697297e+01
2.398498958e+01
2.388070939e+01
2.359855974e+01
2.371221705e+01
2.356874576e+01
2.352564141e+01
2.314210522e+01
2.296417722e+01
2.262713653e+01
2.250000020e+01
2.253616337e+01
2.235950066e+01
2.254662490e+01
2.255288441e+01
2.246857485e+01
2.234382107e+01
2.223351890e+01
2.207668991e+01
2.160595722e+01
2.149113595e+01
2.104273067e+01
2.084788356e+01
2.056956385e+01
2.056758243e+01
2.037962046e+01
2.043809778e+01
2.053680011e+01
2.033718126e+01
2.031065462e+01
2.008722663e+01
2.005178006e+01
2.001851330e+01
1.994213904e+01
1.978390487e+01
1.941658261e+01
1.945326898e+01
1.929042043e+01
1.934666022e+01
1.914244973e+01
1.920099305e+01
1.885474485e+01
1.870959097e+01
1.877919055e+01
1.858643819e+01
1.869221302e+01
1.863238615e+01
1.853648838e+01
1.843525654e+01
1.841945229e+01
1.857935179e+01
1.845186827e+01
1.852420260e+01
1.827782681e+01
1.822872100e+01
1.821580512e+01
1.835104577e+01
1.807871943e+01
1.797904951e+01
1.788448429e+01
1.766247548e+01
1.774865260e+01
1.762000872e+01
1.759651525e+01
1.754718736e+01
1.738356384e+01
1.739783843e+01
1.735741535e+01
1.753889836e+01
1.741375397e+01
1.747620270e+01
1.743324836e+01
1.752563175e+01
1.727369287e+01
1.710122918e+01
1.701724022e+01
1.669962618e+01
1.688248109e+01
1.693267887e+01
1.692443207e+01
1.691727171e+01
1.686855879e+01
1.697676801e+01
1.678074832e+01
1.687000010e+01
1.667117682e+01
1.672575020e+01
1.670480233e+01
1.683952305e+01
1.658240735e+01
1.648532133e+01
1.654171066e+01
1.637260208e+01
1.635425067e+01
1.618846761e+01
1.620141276e+01
1.622264788e+01
1.624787396e+01
1.624308060e+01
1.605427248e+01
1.622103186e+01
1.606745234e+01
1.609874646e+01
1.590469904e+01
1.593988579e+01
1.575625776e+01
1.582707874e+01
1.576429770e+01
1.546536104e+01
1.550730978e+01
1.547079167e+01
1.540742449e+01
1.534025230e+01
1.523407787e+01
1.522232534e+01
1.498921827e+01
1.512139755e+01
1.496588091e+01
1.490491001e+01
1.468950181e+01
1.477853056e+01
1.463701196e+01
1.471620890e+01
1.474740199e+01
1.449966761e+01
1.463128754e+01
1.459009672e+01
1.454750539e+01
1.438611708e+01
1.420890440e+01
1.425083838e+01
1.406460715e+01
1.419750246e+01
1.409051732e+01
1.418704411e+01
1.414462459e+01
1.429476660e+01
1.404174396e+01
1.399224928e+01
1.401412299e+01
1.378991764e+01
1.383635467e+01
1.368027537e+01
1.358617329e+01
1.356498789e+01
1.348611422e+01
1.343472518e+01
1.331067002e+01
1.354730406e+01
1.332295469e+01
1.312306794e+01
1.298068149e+01
1.315077348e+01
1.295486456e+01
1.293829427e+01
1.291784609e+01
1.265669956e+01
1.267955884e+01
1.261359224e+01
1.268644163e+01
1.278790771e+01
1.269270389e+01
1.253938782e+01
1.223230521e+01
1.228919004e+01
1.198030447e+01
1.192651373e+01
1.180310497e+01
1.195721428e+01
1.171041706e+01
1.167899218e+01
1.174072886e+01
1.160714111e+01
1.168802024e+01
1.164962254e+01
1.158932501e+01
1.156179940e+01
1.154688409e+01
1.155592138e+01
1.128999913e+01
1.131308086e+01
1.113139109e+01
1.126841358e+01
1.130505185e+01
1.148924160e+01
1.125032643e+01
1.131112164e+01
1.127706180e+01
1.096664441e+01
1.110531395e+01
1.105110418e+01
1.098585363e+01
1.098820501e+01
1.100595107e+01
1.103139526e+01
1.088048552e+01
1.099958114e+01
1.094020141e+01
1.099886587e+01
1.084239503e+01
1.100741021e+01
1.086749177e+01
1.089804219e+01
1.103467576e+01
1.085252601e+01
1.084391124e+01
1.067225007e+01
1.056690608e+01
1.050208028e+01
1.055007636e+01
1.062478680e+01
1.042973358e+01
1.056766803e+01
1.036656515e+01
1.038171088e+01
1.033514595e+01
1.043125623e+01
1.015269678e+01
1.018612882e+01
1.030614158e+01
1.009346990e+01
1.023256605e+01
1.014997893e+01
1.006484597e+01
1.009474162e+01
1.021651175e+01
1.025578852e+01
1.004824172e+01
1.009796658e+01
9.787536854e+00
9.692783359e+00
9.545864290e+00
9.622069519e+00
9.380675463e+00
9.523359034e+00
9.692965154e+00
9.589702815e+00
9.771854531e+00
9.675441344e+00
9.598071097e+00
9.526413520e+00
9.447672891e+00
9.553738934e+00
9.403361589e+00
9.498805860e+00
9.295335622e+00
9.350853673e+00
9.194932762e+00
9.190769593e+00
8.945296395e+00
9.060337067e+00
9.154528851e+00
8.910813129e+00
8.913732396e+00
8.858752852e+00
8.823605703e+00
8.761074280e+00
8.700930203e+00
8.676205748e+00
8.397274059e+00
8.512499367e+00
8.408827298e+00
8.497966741e+00
8.480546077e+00
8.656225675e+00
8.538316313e+00
8.533762723e+00
8.581537078e+00
8.346987408e+00
8.463877975e+00
8.482690723e+00
8.437492865e+00
8.318029543e+00
8.139944444e+00
8.062256812e+00
7.945862178e+00
8.097028205e+00
8.014015116e+00
8.037586784e+00
7.931271314e+00
7.910143763e+00
7.628564005e+00
7.588923332e+00
7.605048989e+00
7.530459495e+00
7.747738515e+00
7.737400264e+00
7.619233325e+00
7.552408443e+00
7.522106477e+00
7.545537240e+00
7.336509866e+00
7.470330314e+00
7.337482651e+00
7.304299883e+00
7.158777855e+00
7.190529349e+00
7.025777378e+00
7.103896511e+00
7.161242514e+00
6.941493531e+00
6.967831758e+00
6.910709116e+00
7.001597653e+00
7.040005236e+00
7.059157938e+00
7.121020695e+00
6.921988183e+00
6.924169053e+00
6.641357577e+00
6.615479257e+00
6.467857887e+00
6.619513486e+00
6.506814633e+00
6.559538640e+00
6.673220648e+00
6.449969079e+00
6.484219298e+00
6.408671884e+00
6.415495042e+00
6.471837537e+00
6.477302454e+00
6.590369678e+00
6.460549335e+00
6.616398507e+00
6.457366345e+00
6.456723518e+00
6.290945513e+00
6.400368223e+00
6.196263284e+00
6.198978233e+00
6.252101344e+00
6.120572982e+00
6.220361698e+00
6.115450426e+00
6.064075843e+00
6.060547105e+00
6.134816601e+00
6.385756704e+00
6.285089239e+00
6.394896677e+00
6.187804540e+00
6.210171589e+00
6.145913706e+00
6.270333088e+00
6.123449127e+00
6.165630363e+00
6.187285112e+00
5.975945470e+00
6.137487674e+00
6.191756248e+00
6.213207477e+00
6.170309367e+00
6.117009367e+00
6.102103240e+00
5.896302965e+00
6.050666347e+00
5.892686131e+00
5.937954146e+00
5.861946128e+00
6.047831682e+00
5.910216594e+00
6.018008508e+00
6.005360033e+00
5.656432656e+00
5.755258086e+00
5.842113338e+00
5.896326796e+00
5.899804199e+00
5.853944713e+00
5.849621877e+00
5.588310347e+00
5.662546542e+00
5.573506737e+00
5.660644446e+00
5.635829028e+00
5.779922088e+00
5.634798356e+00
5.634978763e+00
5.649854937e+00
5.542162090e+00
5.671154183e+00
5.773242027e+00
5.731634655e+00
5.590117063e+00
5.591089232e+00
5.682549259e+00
5.481547507e+00
5.596882883e+00
5.475524796e+00
5.520752346e+00
5.427117833e+00
5.638466609e+00
5.523477174e+00
5.616210489e+00
5.659652850e+00
5.323327726e+00
5.280765001e+00
5.260500964e+00
5.281460111e+00
5.372018920e+00
5.428776264e+00
5.541533305e+00
5.332418252e+00
5.426440694e+00
5.365492257e+00
5.537149428e+00
5.542264067e+00
5.755125888e+00
5.561357425e+00
5.448756048e+00
5.473690102e+00
5.277266798e+00
5.399306984e+00
5.472635286e+00
5.434826045e+00
5.259061262e+00
5.179707040e+00
5.138341971e+00
4.914605430e+00
5.036586146e+00
4.942775256e+00
4.994161362e+00
4.945374052e+00
5.159872766e+00
5.048908068e+00
5.152196718e+00
5.222140350e+00
4.964656296e+00
5.014888789e+00
4.962371879e+00
4.973527220e+00
4.979193462e+00
5.022924923e+00
5.077906981e+00
4.913395522e+00
5.057344224e+00
4.850855819e+00
4.777931482e+00
4.667540899e+00
4.781731152e+00
4.608752283e+00
4.707598317e+00
4.807665600e+00
4.657132759e+00
4.844693147e+00
4.847477476e+00
4.779612098e+00
4.751283981e+00
4.731044085e+00
4.771302863e+00
4.610374266e+00
4.729995118e+00
4.565825794e+00
4.659581503e+00
4.515761354e+00
4.549389297e+00
4.294293181e+00
4.403903173e+00
4.467069727e+00
4.215684520e+00
4.263659067e+00
4.285006964e+00
4.314719654e+00
4.306649557e+00
4.264063209e+00
4.323569222e+00
4.130107260e+00
4.219242818e+00
4.112720053e+00
4.247739973e+00
4.215549578e+00
4.291216895e+00
4.013464832e+00
4.015443077e+00
4.091692927e+00
3.925655147e+00
3.934473455e+00
3.800169120e+00
3.789631448e+00
3.823871536e+00
3.869011992e+00
3.947457520e+00
3.811290141e+00
3.938371166e+00
3.766430830e+00
3.760968283e+00
3.695032662e+00
3.882702397e+00
3.758934823e+00
3.893884602e+00
3.948571895e+00
3.699550944e+00
3.761809552e+00
3.617056690e+00
3.682468493e+00
