5.280395361e-01
2.498282314e-01
1.339668964e-01
2.549857640e-02
-7.935992826e-02
-5.157439126e-02
-6.695170780e-02
-1.033254999e-01
-6.279742547e-02
-7.591195988e-02
-1.181331186e-01
-1.221047542e-01
-8.546246182e-02
-1.062842618e-01
-9.212104306e-02
-1.109282706e-01
-9.382662705e-02
-7.541517539e-02
-8.917619135e-02
2.678057819e-03
-4.506441619e-04
-3.436951161e-02
-6.964566516e-02
-1.502998924e-01
-1.618848107e-01
-1.169289603e-01
-1.085597998e-01
-1.222232711e-01
-1.584655737e-01
-2.537753173e-01
-2.719629775e-01
-3.015378815e-01
-2.920487513e-01
-3.063074302e-01
-2.883444788e-01
-2.767739813e-01
-2.878091774e-01
-2.613959852e-01
-2.881830490e-01
-2.495905078e-01
-1.455030631e-01
-2.189591583e-01
-2.540732939e-01
-3.182372756e-01
-3.650689700e-01
-3.873622131e-01
-4.013901060e-01
-3.901813644e-01
-3.603902650e-01
-3.984630261e-01
-4.656926705e-01
-4.759039804e-01
-4.588681865e-01
-4.564428447e-01
-4.325548194e-01
-4.488584829e-01
-4.986498078e-01
-5.537502896e-01
-5.120968273e-01
-4.666336955e-01
-4.433123727e-01
-4.151823352e-01
-4.794126064e-01
-5.410309498e-01
-5.459852561e-01
-5.178856233e-01
-5.189962340e-01
-5.054853070e-01
-5.120994222e-01
-5.258503680e-01
-5.329595425e-01
-5.696831955e-01
-5.701234269e-01
-6.138141615e-01
-6.543701105e-01
-6.639039359e-01
-6.694676574e-01
-6.526522445e-01
-6.331687677e-01
-6.734994045e-01
-6.561277814e-01
-5.807552780e-01
-5.545419839e-01
-5.753811412e-01
-5.995634576e-01
-5.940751526e-01
-5.987788265e-01
-5.712688509e-01
-5.707050392e-01
-5.894853900e-01
-5.804557110e-01
-5.822968573e-01
-6.418823934e-01
-6.162987008e-01
-6.322994000e-01
-6.874712782e-01
-7.347114639e-01
-7.354087427e-01
-7.064606956e-01
-7.065715326e-01
-7.076012667e-01
-6.921862529e-01
-6.994743693e-01
-7.219782119e-01
-6.482340879e-01
-6.450305979e-01
-6.436265936e-01
-7.215649965e-01
-7.182002942e-01
-7.207326276e-01
-7.310135432e-01
-7.344402247e-01
-7.704751029e-01
-7.154933791e-01
-7.657814041e-01
-8.491951868e-01
-7.576387091e-01
-7.696138046e-01
-8.014867392e-01
-8.444373876e-01
-8.352000222e-01
-7.524382490e-01
-7.762023877e-01
-7.514985355e-01
-7.822122688e-01
-7.772109027e-01
-7.687191153e-01
-7.667194283e-01
-8.327897274e-01
-8.101118345e-01
-7.662758032e-01
-7.454966950e-01
-8.211180382e-01
-7.945829927e-01
-7.633993299e-01
-7.056202014e-01
-7.424749902e-01
-7.782999741e-01
-7.997322290e-01
-8.376435269e-01
-8.598082745e-01
-8.861021345e-01
-8.309330663e-01
-7.946250676e-01
-8.179194959e-01
-7.796920391e-01
-7.896303725e-01
-8.068968735e-01
-8.293745330e-01
-8.708002512e-01
-7.679124598e-01
-8.271670333e-01
-8.321632004e-01
-8.699937900e-01
-8.470449454e-01
-8.349755957e-01
-8.183189946e-01
-7.828735339e-01
-8.001543096e-01
-7.783894347e-01
-7.461243800e-01
-7.300878268e-01
-7.445468829e-01
-7.740216045e-01
-8.101100340e-01
-8.479732585e-01
-7.524877146e-01
-7.677971116e-01
-8.066835471e-01
-8.014114821e-01
-8.110407376e-01
-8.223426541e-01
-8.270586998e-01
-8.261175093e-01
-8.254936223e-01
-9.065427053e-01
-8.157668605e-01
-8.220457642e-01
-8.395924894e-01
-7.287538191e-01
-7.623651648e-01
-7.509678666e-01
-7.796616832e-01
-8.326731378e-01
-8.473421380e-01
-8.190426790e-01
-7.956513446e-01
-8.051134978e-01
-8.075438902e-01
-8.005086342e-01
-7.813547490e-01
-8.248323711e-01
-7.930316295e-01
-8.243812254e-01
-8.459958166e-01
-8.649677947e-01
-8.381273244e-01
-8.493848543e-01
-8.130162837e-01
-7.751520033e-01
-7.559148908e-01
-7.054465443e-01
-7.592252270e-01
-7.534619330e-01
-7.797289981e-01
-7.272924788e-01
-7.071796455e-01
-7.238060475e-01
-7.173789308e-01
-7.493478520e-01
-7.506934922e-01
-7.203209242e-01
-7.524330070e-01
-7.816532230e-01
-8.623950684e-01
-8.798941321e-01
-8.798186020e-01
-8.795936987e-01
-7.794593008e-01
-6.866663893e-01
-6.486201472e-01
-7.223248898e-01
-7.574150560e-01
-7.391263191e-01
-7.803415034e-01
-7.876648254e-01
-7.168825936e-01
-7.267384051e-01
-7.674209108e-01
-7.908076905e-01
-8.062501697e-01
-7.934076200e-01
-7.238639131e-01
-6.836280227e-01
-7.328100022e-01
-7.975244318e-01
-7.902185435e-01
-7.765853156e-01
-7.611308647e-01
-6.719993517e-01
-6.220862518e-01
-6.119147952e-01
-6.566727660e-01
-6.789461660e-01
-7.042376203e-01
-6.900389591e-01
-6.459908708e-01
-6.690395534e-01
-7.227193775e-01
-7.813087441e-01
-7.998464318e-01
-8.260942847e-01
-8.003420056e-01
-7.354342597e-01
-6.501335703e-01
-1.921430852e-01
3.440327060e-01
7.683832761e-01
1.147528359e+00
2.439181756e+01
3.177439135e+02
8.003508918e+02
1.070155042e+03
1.079625000e+03
9.593187194e+02
8.064246573e+02
6.658221202e+02
5.511154525e+02
4.630241650e+02
3.974923416e+02
3.493133818e+02
3.140192267e+02
2.865222204e+02
2.648298480e+02
2.486369164e+02
2.373659983e+02
2.280295296e+02
2.195776551e+02
2.127107156e+02
2.067568743e+02
2.009140286e+02
1.953219101e+02
1.909919998e+02
1.871849320e+02
1.841438685e+02
1.809007478e+02
1.775927476e+02
1.745726477e+02
1.714132657e+02
1.683585958e+02
1.656140771e+02
1.633372036e+02
1.617270879e+02
1.598086193e+02
1.580556184e+02
1.570189015e+02
1.560143947e+02
1.545223650e+02
1.531815009e+02
1.513486610e+02
1.493589570e+02
1.480348019e+02
1.465342250e+02
1.454100773e+02
1.442263926e+02
1.424496744e+02
1.406788073e+02
1.388216229e+02
1.375628745e+02
1.367333724e+02
1.355121169e+02
1.342761969e+02
1.333976926e+02
1.321653410e+02
1.307942441e+02
1.296922756e+02
1.286818387e+02
1.274870240e+02
1.263208183e+02
1.247872243e+02
1.234865682e+02
1.223934095e+02
1.215022202e+02
1.209015694e+02
1.206006993e+02
1.197695269e+02
1.189606798e+02
1.180990295e+02
1.169712068e+02
1.157559191e+02
1.152223835e+02
1.144843726e+02
1.136253498e+02
1.128149243e+02
1.116413330e+02
1.104840739e+02
1.091900360e+02
1.077992196e+02
1.070813145e+02
1.064854089e+02
1.059956502e+02
1.055083662e+02
1.049452742e+02
1.041709159e+02
1.037236667e+02
1.032444308e+02
1.027832406e+02
1.019078475e+02
1.009916947e+02
1.002039178e+02
9.930602306e+01
9.823984763e+01
9.757658360e+01
9.707826341e+01
9.636359880e+01
9.533219520e+01
9.452373684e+01
9.386605762e+01
9.342440831e+01
9.296486923e+01
9.220569983e+01
9.121398590e+01
9.035451808e+01
8.953414585e+01
8.909961930e+01
8.872787493e+01
8.834290139e+01
8.772093316e+01
8.724371387e+01
8.650538175e+01
8.574808677e+01
8.511131841e+01
8.467110205e+01
8.418351411e+01
8.341413615e+01
8.227361444e+01
8.163147980e+01
8.126772105e+01
8.058069846e+01
7.970781435e+01
7.891885668e+01
7.802836644e+01
7.715437432e+01
7.638181695e+01
7.605456965e+01
7.582650375e+01
7.556784828e+01
7.498992283e+01
7.456477087e+01
7.418344957e+01
7.344243646e+01
7.284451678e+01
7.237881985e+01
7.153056484e+01
7.094198038e+01
7.031659102e+01
6.967724458e+01
6.907400931e+01
6.859585205e+01
6.815190350e+01
6.756349892e+01
6.719266706e+01
6.677049393e+01
6.603453204e+01
6.529686312e+01
6.486900414e+01
6.456269435e+01
6.415541473e+01
6.367695370e+01
6.340787877e+01
6.315927322e+01
6.271989484e+01
6.237052352e+01
6.202205606e+01
6.139274991e+01
6.049297169e+01
5.973653677e+01
5.907255725e+01
5.862816343e+01
5.841628755e+01
5.829377437e+01
5.766433429e+01
5.711562892e+01
5.669545423e+01
5.655665343e+01
5.624029163e+01
5.584044765e+01
5.547050723e+01
5.501476603e+01
5.445992597e+01
5.423156622e+01
5.406894477e+01
5.397171505e+01
5.353994952e+01
5.304738673e+01
5.263976877e+01
5.230139080e+01
5.164409474e+01
5.104292365e+01
5.081183598e+01
5.053392147e+01
4.987915206e+01
4.938844628e+01
4.908554847e+01
4.881204321e+01
4.850637590e+01
4.825368511e+01
4.801351961e+01
4.760403016e+01
4.734918704e+01
4.707561485e+01
4.665408590e+01
4.643295046e+01
4.627912611e+01
4.588282015e+01
4.546114855e+01
4.528121057e+01
4.512753699e+01
4.486443892e+01
4.456819793e+01
4.398802001e+01
4.367850994e+01
4.339700024e+01
4.316943840e+01
4.296477708e+01
4.262970422e+01
4.248615783e+01
4.236471324e+01
4.217747461e+01
4.171662748e+01
4.123802611e+01
4.078476554e+01
4.061160697e+01
4.044606449e+01
4.008751209e+01
3.986042036e+01
3.972119931e+01
3.954936121e+01
3.930695373e+01
3.920788988e+01
3.923554822e+01
3.912402992e+01
3.890548141e+01
3.859626804e+01
3.825722214e+01
3.775296252e+01
3.728827713e+01
3.693731745e+01
3.693813021e+01
3.670533699e+01
3.656560993e+01
3.636075493e+01
3.620147803e+01
3.609152470e+01
3.586564948e+01
3.550809865e+01
3.514796093e+01
3.481726534e+01
3.453801149e+01
3.420244387e+01
3.396893540e+01
3.365465026e+01
3.341880661e+01
3.318558158e+01
3.273194006e+01
3.245215826e+01
3.237745159e+01
3.231248705e+01
3.200423659e+01
3.166619527e+01
3.140548882e+01
3.122268136e+01
3.125550175e+01
3.128441353e+01
3.105494641e+01
3.071359782e+01
3.054360893e+01
3.040798279e+01
3.025927415e+01
2.982992460e+01
2.944448444e+01
2.928778885e+01
2.905080103e+01
2.888074525e+01
2.848138310e+01
2.835124037e+01
2.816866528e+01
2.800293393e+01
2.794326180e+01
2.759822212e+01
2.727767928e+01
2.703531327e+01
2.697681368e+01
2.674842472e+01
2.663031488e+01
2.632508654e+01
2.605662876e+01
2.568181794e+01
2.546981036e+01
2.534582341e+01
2.538529324e+01
2.537350735e+01
2.519647043e+01
2.490806918e+01
2.463639546e+01
2.440482670e+01
2.417389731e+01
2.393718739e+01
2.363966004e+01
2.331126688e+01
2.310934191e+01
2.280067879e+01
2.267707194e+01
2.267054400e+01
2.267793896e+01
2.274186825e+01
2.266235535e+01
2.251503134e+01
2.210874135e+01
2.176208248e+01
2.186837529e+01
2.183045713e+01
2.162588979e+01
2.131537732e+01
2.113623306e+01
2.096588821e+01
2.074241953e+01
2.048391838e+01
2.018567854e+01
1.995482555e+01
1.989714164e+01
1.987051707e+01
1.966215302e+01
1.967432548e+01
1.975401455e+01
1.977650571e+01
1.981007476e+01
1.967770332e+01
1.953563034e+01
1.932065158e+01
1.928361705e+01
1.927118111e+01
1.921271384e+01
1.904949333e+01
1.878268708e+01
1.849479787e+01
1.828106820e+01
1.820751850e+01
1.800817744e+01
1.797586210e+01
1.792052001e+01
1.763871582e+01
1.756815060e+01
1.755937466e+01
1.753286007e+01
1.739769014e+01
1.732956962e+01
1.726936645e+01
1.724987084e+01
1.727826675e+01
1.722928678e+01
1.716097611e+01
1.725241232e+01
1.722825432e+01
1.696604086e+01
1.657544363e+01
1.632204555e+01
1.628949828e+01
1.617503940e+01
1.597807066e+01
1.584912514e+01
1.569215104e+01
1.563741435e+01
1.571014860e+01
1.569104499e+01
1.559677043e+01
1.545464769e+01
1.540830835e+01
1.538561384e+01
1.532644736e+01
1.518415836e+01
1.532107987e+01
1.541245165e+01
1.521743378e+01
1.503261541e+01
1.482565681e+01
1.472736186e+01
1.476220256e+01
1.464443049e+01
1.444092112e+01
1.429672438e+01
1.421300134e+01
1.412836350e+01
1.385501378e+01
1.380978233e+01
1.389986288e+01
1.379012005e+01
1.384180745e+01
1.385664615e+01
1.384535028e+01
1.370206833e+01
1.357012515e+01
1.344435196e+01
1.363121542e+01
1.379703366e+01
1.378999936e+01
1.376287175e+01
1.365216628e+01
1.355788604e+01
1.339029344e+01
1.328082746e+01
1.310731714e+01
1.284586897e+01
1.260109314e+01
1.243642850e+01
1.249133752e+01
1.266742006e+01
1.271390626e+01
1.262018268e+01
1.232961026e+01
1.211687607e+01
1.204851993e+01
1.214416823e+01
1.226285447e+01
1.221941483e+01
1.217498652e+01
1.217710523e+01
1.228315644e+01
1.206028098e+01
1.180396828e+01
1.159405388e+01
1.140419716e+01
1.125515153e+01
1.113171398e+01
1.095146581e+01
1.101398060e+01
1.121944397e+01
1.117268438e+01
1.110297309e+01
1.107089892e+01
1.108440940e+01
1.098236417e+01
1.101023105e+01
1.087602176e+01
1.074123974e+01
1.065900977e+01
1.049162659e+01
1.047540931e+01
1.052990688e+01
1.048379158e+01
1.023854292e+01
1.009110727e+01
1.010664996e+01
9.972121879e+00
9.963668683e+00
9.888128547e+00
9.768915222e+00
9.695788312e+00
9.631480827e+00
9.560192816e+00
9.535970836e+00
9.443137818e+00
9.450375432e+00
9.527458127e+00
9.560699158e+00
9.600141029e+00
9.648864346e+00
9.521331485e+00
9.299520240e+00
9.189152178e+00
9.119322342e+00
8.973221797e+00
9.054730926e+00
9.209918661e+00
9.215058375e+00
9.133791464e+00
8.930115671e+00
8.771041888e+00
8.603501936e+00
8.649731271e+00
8.746988787e+00
8.629704517e+00
8.553377347e+00
8.502184771e+00
8.307430865e+00
8.207623309e+00
8.211731798e+00
8.335306254e+00
8.559921186e+00
8.561336778e+00
8.314627347e+00
8.101809496e+00
8.069375913e+00
8.125437619e+00
8.057299420e+00
8.074939224e+00
8.219171890e+00
8.488297551e+00
8.669728725e+00
8.567622095e+00
8.431169295e+00
8.302406182e+00
8.024089922e+00
7.899024276e+00
7.847274150e+00
7.783251116e+00
7.783730712e+00
7.768372879e+00
7.757961194e+00
7.768416870e+00
7.807426657e+00
7.744822913e+00
7.629528781e+00
7.632533274e+00
7.531228393e+00
7.468167929e+00
7.414720381e+00
7.350784050e+00
7.207888979e+00
7.160056410e+00
7.079999527e+00
7.234480009e+00
7.290868909e+00
7.274625630e+00
7.195265553e+00
7.164671052e+00
7.074814046e+00
7.035227411e+00
7.080522682e+00
6.996955068e+00
7.021823039e+00
7.076521670e+00
7.071403889e+00
7.064605537e+00
7.057285470e+00
6.984591088e+00
6.777243563e+00
6.630587527e+00
6.571639739e+00
6.481856099e+00
6.405066266e+00
6.323578417e+00
6.139665298e+00
6.127708382e+00
6.247608669e+00
6.404428516e+00
6.485094724e+00
6.431854068e+00
6.416633552e+00
6.287425751e+00
6.170767304e+00
6.095768875e+00
6.077720280e+00
6.106741490e+00
6.171174255e+00
6.081329581e+00
6.000403509e+00
5.919470046e+00
5.896133434e+00
5.804561684e+00
5.735628841e+00
5.682262459e+00
5.598931513e+00
5.575509809e+00
5.603779749e+00
5.550266613e+00
5.411378740e+00
5.352698929e+00
5.289925854e+00
5.318366419e+00
5.365607952e+00
5.366752690e+00
5.359626161e+00
5.424575100e+00
5.501576400e+00
5.391868685e+00
5.235468341e+00
5.157972701e+00
5.036810300e+00
4.947643790e+00
4.948930873e+00
4.865580423e+00
4.918147636e+00
4.960410908e+00
5.192216208e+00
5.142413374e+00
5.137514345e+00
5.118669892e+00
5.028226948e+00
4.860551141e+00
4.686500324e+00
4.809505704e+00
4.840706991e+00
4.778683046e+00
4.724698521e+00
4.749621583e+00
4.746390349e+00
4.552323175e+00
4.363710451e+00
4.304818303e+00
4.267014656e+00
4.203140161e+00
4.228598009e+00
4.174850478e+00
4.150940397e+00
4.220960106e+00
4.225727757e+00
4.336503812e+00
4.421572248e+00
4.423595608e+00
4.377952351e+00
4.375192428e+00
4.238234395e+00
4.078764276e+00
4.069692071e+00
4.179664250e+00
4.184548316e+00
4.062607353e+00
4.004284745e+00
3.946586965e+00
3.903585713e+00
3.973446375e+00
4.003059227e+00
4.119942195e+00
4.234065043e+00
4.244820492e+00
4.244542136e+00
4.197737464e+00
4.249880950e+00
4.407905297e+00
4.477287467e+00
4.422592011e+00
4.434349059e+00
4.370740684e+00
4.313395936e+00
4.128822064e+00
4.065392885e+00
4.083290601e+00
4.026427131e+00
4.018216372e+00
3.990017343e+00
4.056526188e+00
4.065652274e+00
4.107773777e+00
4.228278604e+00
4.167554893e+00
4.070144674e+00
3.952917826e+00
4.079666308e+00
4.120384667e+00
4.109422479e+00
4.149285552e+00
4.143780736e+00
4.161760454e+00
4.046644597e+00
3.819523774e+00
3.927681596e+00
4.015363431e+00
4.026120456e+00
3.905143998e+00
3.860287630e+00
3.893157406e+00
3.913247772e+00
4.063073176e+00
4.148693069e+00
4.163013056e+00
4.170324701e+00
4.157615202e+00
4.104837121e+00
4.172057252e+00
4.203427352e+00
4.125944602e+00
4.181451672e+00
4.184876236e+00
4.230115461e+00
4.337210563e+00
4.400162905e+00
4.268111114e+00
4.164501501e+00
4.029818685e+00
4.054257181e+00
3.994157929e+00
3.979437554e+00
4.004575532e+00
4.030895600e+00
4.078274694e+00
4.095523298e+00
4.145607169e+00
4.128428778e+00
4.069642999e+00
4.015966003e+00
4.062795043e+00
4.045973649e+00
3.946130717e+00
3.863685429e+00
3.888630973e+00
4.070837992e+00
4.123360736e+00
4.145527042e+00
3.960734110e+00
3.871950647e+00
3.928400090e+00
3.805583855e+00
3.768700262e+00
3.877136803e+00
3.784547741e+00
3.509921880e+00
3.409584518e+00
3.470643644e+00
3.576020542e+00
3.713788196e+00
3.630863927e+00
3.592085677e+00
3.474607071e+00
3.394891101e+00
3.290365069e+00
3.269399542e+00
3.363307395e+00
3.363274617e+00
3.229359828e+00
2.993569272e+00
2.848089832e+00
2.862401738e+00
2.884841355e+00
2.923471260e+00
2.937486700e+00
3.030044630e+00
3.011416578e+00
3.045039288e+00
3.063948063e+00
3.205622428e+00
3.302654114e+00
3.319715217e+00
3.127262242e+00
3.106286618e+00
3.020962424e+00
3.004636098e+00
2.994197383e+00
3.013727912e+00
2.927511058e+00
3.004821209e+00
3.050134488e+00
3.094222685e+00
3.030493217e+00
3.031695856e+00
2.883211411e+00
2.835159635e+00
2.844009276e+00
2.936612812e+00
3.022872226e+00
2.968760260e+00
3.056264840e+00
3.179520517e+00
3.143958482e+00
3.106163445e+00
3.067008100e+00
2.977059510e+00
2.896437451e+00
2.848264955e+00
2.792935838e+00
2.805469655e+00
2.935055530e+00
3.016187293e+00
2.924490295e+00
2.914061398e+00
2.973379533e+00
2.933644899e+00
2.888704549e+00
2.813486693e+00
2.898887577e+00
2.988824536e+00
2.963180443e+00
3.025194511e+00
3.139407841e+00
3.169391140e+00
3.130472531e+00
3.062031141e+00
2.864330769e+00
2.902808270e+00
2.999974362e+00
2.984917356e+00
3.008023865e+00
3.110934605e+00
3.215172462e+00
