2.186790545e-01
6.658174362e-02
-5.384857919e-02
-8.080520191e-02
-9.719837403e-02
-1.445675159e-01
-1.645719012e-01
-1.647337336e-01
-1.261885138e-01
-1.076457356e-01
-1.359955709e-01
-1.982062739e-01
-1.865546554e-01
-1.699063972e-01
-1.928569541e-01
-2.129420357e-01
-2.681693007e-01
-2.616817210e-01
-2.696883693e-01
-2.513347403e-01
-2.090029822e-01
-1.883172184e-01
-2.144799300e-01
-2.261675586e-01
-2.520271599e-01
-2.649724588e-01
-2.696669622e-01
-2.775918694e-01
-3.083163067e-01
-3.137406294e-01
-2.895400913e-01
-2.856953397e-01
-2.655149522e-01
-2.752340554e-01
-2.843004990e-01
-3.033760902e-01
-3.228008685e-01
-2.990693976e-01
-3.206879099e-01
-3.265189564e-01
-3.034337050e-01
-3.072374031e-01
-2.786406896e-01
-2.792035471e-01
-3.091236516e-01
-3.911977364e-01
-3.611176090e-01
-3.615675665e-01
-3.832738136e-01
-3.296464918e-01
-3.489864451e-01
-3.510641150e-01
-3.536862059e-01
-3.374701309e-01
-3.304998507e-01
-3.264487037e-01
-4.071535537e-01
-3.919822102e-01
-3.861624888e-01
-3.923949756e-01
-3.425359319e-01
-3.398821482e-01
-3.379033871e-01
-3.009390060e-01
-3.331724252e-01
-3.356133219e-01
-3.726620621e-01
-3.914727218e-01
-3.670110303e-01
-3.564575192e-01
-4.049144306e-01
-4.062197350e-01
-4.199152159e-01
-4.065362896e-01
-3.934840689e-01
-3.595329598e-01
-3.675946393e-01
-3.594881973e-01
-3.166781139e-01
-3.362019531e-01
-3.473007880e-01
-3.539803521e-01
-3.706970287e-01
-3.451036559e-01
-3.431077460e-01
-3.761949934e-01
-3.835003419e-01
-3.737631509e-01
-3.652723577e-01
-3.476873497e-01
-3.407514642e-01
-3.265052130e-01
-3.263232183e-01
-3.326706062e-01
-3.748381490e-01
-3.815734985e-01
-3.389023853e-01
-3.192021027e-01
-2.778832619e-01
-2.805530885e-01
-2.930999221e-01
-2.890254583e-01
-2.729231951e-01
-2.123894046e-01
-2.392928462e-01
-2.373167059e-01
-2.681235826e-01
-3.284847618e-01
-3.296413338e-01
-3.427283252e-01
-3.335985466e-01
-2.816525001e-01
-2.818143772e-01
-2.989941427e-01
-3.311879117e-01
-2.958538442e-01
-2.907187685e-01
-2.631203433e-01
-2.548825121e-01
-2.164759287e-01
-2.020218332e-01
-2.315768257e-01
-2.723131299e-01
-2.563607220e-01
-2.077158303e-01
-1.845953502e-01
-1.999304788e-01
-2.175218021e-01
-2.124288556e-01
-2.401894978e-01
-2.391022010e-01
-2.046240430e-01
-1.835411714e-01
-2.102715119e-01
-2.260486735e-01
-2.635144639e-01
-2.397590695e-01
-2.016402622e-01
-1.999282645e-01
-2.254941657e-01
-2.193101499e-01
-2.452270710e-01
-2.474180173e-01
-2.402034890e-01
-2.473689661e-01
-2.349668089e-01
-1.987912265e-01
-1.842472624e-01
-2.105734488e-01
-2.056443942e-01
-1.855677702e-01
-1.889207982e-01
-1.775357863e-01
-1.601161985e-01
-1.081416270e-01
-9.402426215e-02
-1.412072124e-01
-1.585785976e-01
-1.115045121e-01
-8.649457680e-02
-1.568266011e-01
-1.921001630e-01
-2.020310639e-01
-2.214239160e-01
-2.098669799e-01
-1.918140444e-01
-1.674179976e-01
-1.421454394e-01
-1.185679644e-01
-1.369517566e-01
-1.263682397e-01
-8.849864085e-02
-7.784532995e-02
-7.132461335e-02
-1.269376501e-01
-1.530544284e-01
-1.515720472e-01
-1.723068941e-01
-1.628239393e-01
-1.929180498e-01
-1.793066765e-01
-1.772290606e-01
-1.379085534e-01
-1.586645192e-01
-1.084550923e-01
-1.520647529e-01
-1.818935718e-01
-1.649682811e-01
-1.623840011e-01
-1.366590630e-01
-1.565681301e-01
-1.400524599e-01
-1.244726784e-01
-1.114754620e-01
-9.716349070e-02
-9.893247192e-02
-1.218165416e-01
-1.101645244e-01
-7.480321068e-02
-1.067133032e-01
-8.521095935e-02
-9.981742974e-02
-1.169240148e-01
-7.346386795e-02
-7.355894206e-02
-1.096712396e-01
-1.015494891e-01
-1.339404701e-01
-1.406170578e-01
-1.731617452e-01
-1.667236306e-01
-1.666259130e-01
-1.318924590e-01
-1.096691175e-01
-9.102747449e-02
-4.409819575e-02
-2.778556998e-02
5.743248937e-03
1.425699548e-03
1.414207073e-03
-2.047089670e-02
-2.164463834e-04
-3.033235381e-02
-4.853711264e-02
-7.013786870e-02
-7.776786096e-02
-8.041520828e-02
-7.504257496e-02
-9.161349241e-02
-1.106248200e-01
-1.540734987e-01
-1.951187443e-01
-1.728775122e-01
-1.129310362e-01
-3.897253090e-02
-4.859381367e-02
-2.840348100e-03
-1.247160619e-02
1.318859947e-02
5.379536384e-02
5.926101106e-02
4.752901477e-02
5.110938964e-02
1.134637934e-02
2.220242183e-02
4.925696405e-02
1.120936716e-02
-2.582619641e-02
-3.227212619e-02
-4.698518020e-02
-9.889404854e-02
-1.049176735e-01
-8.470755637e-02
-3.907094670e-02
4.605489075e-02
4.098454784e-01
9.635776327e-01
1.497881422e+00
1.861316926e+00
3.615198838e+01
2.399074298e+02
4.764118347e+02
5.768866577e+02
5.564934139e+02
4.831670201e+02
4.019374708e+02
3.326878922e+02
2.792367815e+02
2.391682681e+02
2.106038435e+02
1.900060693e+02
1.737953259e+02
1.610501622e+02
1.505837848e+02
1.427630443e+02
1.366377215e+02
1.317669712e+02
1.280453413e+02
1.244058353e+02
1.207862718e+02
1.180036851e+02
1.158589183e+02
1.135311562e+02
1.110088415e+02
1.089315416e+02
1.070079233e+02
1.049195412e+02
1.032056866e+02
1.016164426e+02
1.000474480e+02
9.815862633e+01
9.638332073e+01
9.533639032e+01
9.391842177e+01
9.258835100e+01
9.160383971e+01
9.072177542e+01
8.926614091e+01
8.798702524e+01
8.694633305e+01
8.606916845e+01
8.535828007e+01
8.445023302e+01
8.313458354e+01
8.190816391e+01
8.061659295e+01
7.971379302e+01
7.953242833e+01
7.900187776e+01
7.792963305e+01
7.685801691e+01
7.567944663e+01
7.420375911e+01
7.323856176e+01
7.282568922e+01
7.201462006e+01
7.117396778e+01
7.037402472e+01
6.948706351e+01
6.864487303e+01
6.800384877e+01
6.740894964e+01
6.655197187e+01
6.584814556e+01
6.501192447e+01
6.394893218e+01
6.284711784e+01
6.219924026e+01
6.192791733e+01
6.184419593e+01
6.153113323e+01
6.105654604e+01
6.057866159e+01
6.000915493e+01
5.982729152e+01
5.953254996e+01
5.886694767e+01
5.824014990e+01
5.768648916e+01
5.688171630e+01
5.615215781e+01
5.589203445e+01
5.581036199e+01
5.547141234e+01
5.481865034e+01
5.393472608e+01
5.302507587e+01
5.254413921e+01
5.214558295e+01
5.180076994e+01
5.150988814e+01
5.105564718e+01
5.070603537e+01
5.037454281e+01
5.005420731e+01
4.970162645e+01
4.910182656e+01
4.846638505e+01
4.819012934e+01
4.816462654e+01
4.798873215e+01
4.757783537e+01
4.706705856e+01
4.637233526e+01
4.572901887e+01
4.513619683e+01
4.456490667e+01
4.393296367e+01
4.335280345e+01
4.320506653e+01
4.327093992e+01
4.316387624e+01
4.258897182e+01
4.196391936e+01
4.151395712e+01
4.121799475e+01
4.102182039e+01
4.085078988e+01
4.048356261e+01
3.997956420e+01
3.955212625e+01
3.886261572e+01
3.838923201e+01
3.792171249e+01
3.757389566e+01
3.753285011e+01
3.746139486e+01
3.734680434e+01
3.690892489e+01
3.649034228e+01
3.633506883e+01
3.618070470e+01
3.603503774e+01
3.600664367e+01
3.557002655e+01
3.494610581e+01
3.423629155e+01
3.361241546e+01
3.334369794e+01
3.311673798e+01
3.294603039e+01
3.290216038e+01
3.264831806e+01
3.241343946e+01
3.195607830e+01
3.159635004e+01
3.163460155e+01
3.143206797e+01
3.119784867e+01
3.099983770e+01
3.078992100e+01
3.049984883e+01
3.034588243e+01
3.033117930e+01
3.009891852e+01
2.986187807e+01
2.986600939e+01
2.965795785e+01
2.923418585e+01
2.875478435e+01
2.821814389e+01
2.781666971e+01
2.773472534e+01
2.770951089e+01
2.755872480e+01
2.733138993e+01
2.705415955e+01
2.710895884e+01
2.713293781e+01
2.672372576e+01
2.612281765e+01
2.586083106e+01
2.580237267e+01
2.570745688e+01
2.551418863e+01
2.536915607e+01
2.516731930e+01
2.515805110e+01
2.521253991e+01
2.528060388e+01
2.515670598e+01
2.457617571e+01
2.385393577e+01
2.343552829e+01
2.326430581e+01
2.330167531e+01
2.339986026e+01
2.311748407e+01
2.300989722e+01
2.306682918e+01
2.318720330e+01
2.298798631e+01
2.284023322e+01
2.264542980e+01
2.230984929e+01
2.188607010e+01
2.182847664e+01
2.191438473e+01
2.175591616e+01
2.148306243e+01
2.121858393e+01
2.113726333e+01
2.105134284e+01
2.079075693e+01
2.069520692e+01
2.065396974e+01
2.051782870e+01
2.033265726e+01
2.012397810e+01
1.996440154e+01
1.983032952e+01
1.981611916e+01
1.964770906e+01
1.945219214e+01
1.933844183e+01
1.933039475e+01
1.942199221e+01
1.954730743e+01
1.952118516e+01
1.920415247e+01
1.887757701e+01
1.868708887e+01
1.868421872e+01
1.870399796e+01
1.862698505e+01
1.830166690e+01
1.814132642e+01
1.804903932e+01
1.803551660e+01
1.796821197e+01
1.756408024e+01
1.723240117e+01
1.725014966e+01
1.721584729e+01
1.723309889e+01
1.717892726e+01
1.700718438e+01
1.675171198e+01
1.671362914e+01
1.660633684e+01
1.644492428e+01
1.636042486e+01
1.630346968e+01
1.623643676e+01
1.592549786e+01
1.575294875e+01
1.580464779e+01
1.578233120e+01
1.565672433e+01
1.560353357e+01
1.553691037e+01
1.545388154e+01
1.539658149e+01
1.511573446e+01
1.508144922e+01
1.515071522e+01
1.520451751e+01
1.522794317e+01
1.509010829e+01
1.493569683e+01
1.474845776e+01
1.433950049e+01
1.418880946e+01
1.420259086e+01
1.418581279e+01
1.392426289e+01
1.369581363e+01
1.358591738e+01
1.368275261e+01
1.368619238e+01
1.355426967e+01
1.350035753e+01
1.338354178e+01
1.320648474e+01
1.302159185e+01
1.295682753e+01
1.289289293e+01
1.262924593e+01
1.241203852e+01
1.245441177e+01
1.246696312e+01
1.252020703e+01
1.244899149e+01
1.247326201e+01
1.243492436e+01
1.222943669e+01
1.218937778e+01
1.213955433e+01
1.190930750e+01
1.165694211e+01
1.137844683e+01
1.119245735e+01
1.092412725e+01
1.076573659e+01
1.088831734e+01
1.098218868e+01
1.100290434e+01
1.076250295e+01
1.049229205e+01
1.043033812e+01
1.035528378e+01
1.029386678e+01
1.031425486e+01
1.044260431e+01
1.052647807e+01
1.050792248e+01
1.034180976e+01
1.021745076e+01
1.012450931e+01
1.005732274e+01
9.798023201e+00
9.585558652e+00
9.762047278e+00
9.892927221e+00
9.965150986e+00
9.903301453e+00
9.691492697e+00
9.495631399e+00
9.542086270e+00
9.727078644e+00
9.531644982e+00
9.282570840e+00
9.238204986e+00
9.154309321e+00
8.926690906e+00
9.077591651e+00
9.220123673e+00
9.147631409e+00
9.114470048e+00
9.041132457e+00
8.779587930e+00
8.664103055e+00
8.807960298e+00
9.058945130e+00
9.114079956e+00
8.963839723e+00
8.809553009e+00
8.918097158e+00
8.945708437e+00
8.871433450e+00
8.631577522e+00
8.654775952e+00
8.727311135e+00
8.715116636e+00
8.629049089e+00
8.481318201e+00
8.533764423e+00
8.729582459e+00
8.827104486e+00
8.763982271e+00
8.761771818e+00
8.896833998e+00
8.822127956e+00
8.625650335e+00
8.456675002e+00
8.391999350e+00
8.394966561e+00
8.451671391e+00
8.528946025e+00
8.407337888e+00
8.282797060e+00
8.131597401e+00
8.063161167e+00
8.171138127e+00
8.349125748e+00
8.622617399e+00
8.618028887e+00
8.562636492e+00
8.508489381e+00
8.380587001e+00
8.236330209e+00
8.318856235e+00
8.343044828e+00
8.279370051e+00
8.096219128e+00
7.858756936e+00
7.623694668e+00
7.491418113e+00
7.521392121e+00
7.682490903e+00
7.854426563e+00
7.867535172e+00
7.894751976e+00
7.990336849e+00
7.967762656e+00
7.888296715e+00
7.794115543e+00
7.893757646e+00
7.878957349e+00
7.655959398e+00
7.686661760e+00
7.624401685e+00
7.446253619e+00
7.411196939e+00
7.356380352e+00
7.230548979e+00
7.071598265e+00
6.989109406e+00
6.995873871e+00
7.122673205e+00
7.112804561e+00
7.071369356e+00
7.177986648e+00
7.219673757e+00
7.112227839e+00
6.900244073e+00
6.801412737e+00
6.864331468e+00
6.945971311e+00
6.885906841e+00
6.870799489e+00
6.866908217e+00
6.997599186e+00
7.000372818e+00
7.208519148e+00
7.312930653e+00
7.163131155e+00
6.864635511e+00
6.568319874e+00
6.470992783e+00
6.465992607e+00
6.403412840e+00
6.483740711e+00
6.554045114e+00
6.590219344e+00
6.471274624e+00
6.357181084e+00
6.243276822e+00
6.208524048e+00
6.242822471e+00
6.137718939e+00
6.095459030e+00
6.093203832e+00
5.994206637e+00
5.906226022e+00
5.853967513e+00
5.959152107e+00
6.031532339e+00
6.119311855e+00
6.031963535e+00
5.946501733e+00
5.857446641e+00
5.729860752e+00
5.643215627e+00
5.573590801e+00
5.636954819e+00
5.773626293e+00
5.955681366e+00
5.973333220e+00
6.060136344e+00
6.010491399e+00
5.905482524e+00
5.756101552e+00
5.739122055e+00
5.772276033e+00
5.599907793e+00
5.580529069e+00
5.755393197e+00
5.798199479e+00
5.690074607e+00
5.680002280e+00
5.841607602e+00
5.953700310e+00
5.897185683e+00
5.751391806e+00
5.592093613e+00
5.476078081e+00
5.484203564e+00
5.478575063e+00
5.392192421e+00
5.397521525e+00
5.319544988e+00
5.379219652e+00
5.474753728e+00
5.514256372e+00
5.580342919e+00
5.620679710e+00
5.559544836e+00
5.580868899e+00
5.613760616e+00
5.680269203e+00
5.623068152e+00
5.478543662e+00
5.493011641e+00
5.546287187e+00
5.569775023e+00
5.440311371e+00
5.392500515e+00
5.483424310e+00
5.519990556e+00
5.459678073e+00
5.340764162e+00
5.192780752e+00
5.153652472e+00
5.231767063e+00
5.279943326e+00
5.193689153e+00
5.193082668e+00
5.258757293e+00
5.427055929e+00
5.459628698e+00
5.415519750e+00
5.374207339e+00
5.236537873e+00
5.134995726e+00
5.100650496e+00
5.176006608e+00
5.140316645e+00
5.114660887e+00
5.221372478e+00
5.297162288e+00
5.307015786e+00
5.310136552e+00
5.107531250e+00
4.979694461e+00
5.002265033e+00
4.997639206e+00
4.955794282e+00
4.835254306e+00
4.661919305e+00
4.566560548e+00
4.613046654e+00
4.685987756e+00
4.716278834e+00
4.683669138e+00
4.666740195e+00
4.629316116e+00
4.633022706e+00
4.546253441e+00
4.493632564e+00
4.535002909e+00
4.554998312e+00
4.490557006e+00
4.407295914e+00
4.375653784e+00
4.378512371e+00
4.388802820e+00
4.463201739e+00
4.615013703e+00
4.545762746e+00
4.493274865e+00
4.543180325e+00
4.419345761e+00
4.349557004e+00
4.199303817e+00
4.157602894e+00
4.206613802e+00
4.096677819e+00
3.888210264e+00
3.952899588e+00
4.035882023e+00
3.945654046e+00
3.965499804e+00
3.892732223e+00
3.995134626e+00
4.204179408e+00
4.299691318e+00
4.372980007e+00
4.355155289e+00
4.271750270e+00
4.043434777e+00
3.897770505e+00
3.845842232e+00
3.820518166e+00
3.736307387e+00
3.794760864e+00
4.043375000e+00
4.127183420e+00
4.075083362e+00
4.051720508e+00
4.063882051e+00
4.008328510e+00
3.937482182e+00
3.933001941e+00
4.008597248e+00
4.012610601e+00
3.976004874e+00
3.857137376e+00
3.735428662e+00
3.691094054e+00
3.574762128e+00
3.483114834e+00
3.515177865e+00
3.659207781e+00
3.765374847e+00
3.681458667e+00
3.606444454e+00
3.721444049e+00
3.790420094e+00
3.793040431e+00
3.721900316e+00
3.838090744e+00
3.843144679e+00
3.786641331e+00
3.787320223e+00
3.783177243e+00
3.676327672e+00
3.734365232e+00
3.862430387e+00
3.943840343e+00
3.955771302e+00
3.907844049e+00
3.789525823e+00
3.849872564e+00
3.916401786e+00
3.993903447e+00
4.003023197e+00
3.947297546e+00
3.720706834e+00
3.601102730e+00
3.578374843e+00
3.664253865e+00
3.650500353e+00
3.750411694e+00
3.767301655e+00
3.602017764e+00
3.614538497e+00
3.645196779e+00
3.799821790e+00
3.836495068e+00
3.776840364e+00
3.668453984e+00
3.652346850e+00
3.764641531e+00
3.976636342e+00
4.094133417e+00
3.981267006e+00
3.830275499e+00
3.813401662e+00
3.820306044e+00
3.871278542e+00
3.820912544e+00
3.786799383e+00
3.849600113e+00
3.794453232e+00
3.785811306e+00
3.857140946e+00
3.799269211e+00
3.762351302e+00
3.859303650e+00
3.917265266e+00
3.956985500e+00
3.947084315e+00
3.817116994e+00
3.686043903e+00
3.803462867e+00
3.917811967e+00
3.958276429e+00
3.929033745e+00
3.917445990e+00
3.826359663e+00
3.700147521e+00
3.769479590e+00
3.797311443e+00
3.804143542e+00
3.803795126e+00
3.792559551e+00
3.743286549e+00
3.646383687e+00
3.697860602e+00
3.752682579e+00
3.909524821e+00
4.011882870e+00
4.020534887e+00
3.924635855e+00
3.853331762e+00
3.857280084e+00
3.907281517e+00
3.748929769e+00
3.542027291e+00
3.420347051e+00
3.535853980e+00
3.672710484e+00
3.796824243e+00
3.911379882e+00
3.782123795e+00
3.624003401e+00
3.631769989e+00
3.688724714e+00
3.833673168e+00
3.718614928e+00
3.527236008e+00
3.374414137e+00
3.402238006e+00
3.417616043e+00
3.437968891e+00
3.341088519e+00
3.353265023e+00
3.372899573e+00
3.424265911e+00
3.396161321e+00
3.410623480e+00
3.609892164e+00
3.651851275e+00
3.566788369e+00
3.523471132e+00
3.376731627e+00
3.263507227e+00
3.384500715e+00
3.436346891e+00
3.397544302e+00
3.454560350e+00
3.383068163e+00
3.333516261e+00
3.250005138e+00
3.174252266e+00
3.081750984e+00
3.028159357e+00
2.993555695e+00
2.977201414e+00
2.973514335e+00
3.048490436e+00
3.102984082e+00
3.104514962e+00
3.150410571e+00
3.091895350e+00
3.144625065e+00
3.244582907e+00
3.303073057e+00
3.318002372e+00
3.248872281e+00
3.250181874e+00
3.194186366e+00
3.100830115e+00
3.062969623e+00
3.139721924e+00
3.162051003e+00
3.156022680e+00
3.113298418e+00
3.072558497e+00
3.046563085e+00
3.052096697e+00
3.126896824e+00
3.320953309e+00
3.414079505e+00
3.361759049e+00
3.195389322e+00
3.097435067e+00
3.121505966e+00
3.123851718e+00
3.071095030e+00
3.098093665e+00
3.089571530e+00
3.042862570e+00
3.016838372e+00
2.982412525e+00
2.916192165e+00
2.923932010e+00
3.029110929e+00
3.058807565e+00
3.019466404e+00
3.047229648e+00
3.063592982e+00
3.180790621e+00
3.285145326e+00
3.343392115e+00
3.373588326e+00
3.323339481e+00
3.305512469e+00
3.269332638e+00
3.210201252e+00
3.198764481e+00
3.248800739e+00
3.235352135e+00
