Endpoint 104 Channel: 7
Number of selected waveforms: 282
[7573, 7197, 8174, 7129, 8077, 7195, 7188, 8174, 8017, 8033, 7783, 7946, 7670, 7705, 8136, 7612, 7350, 7546, 6991, 7638, 7220, 7853, 7435, 7814, 7937, 7232, 7778, 7769, 7938, 8172, 8170, 8050, 8020, 7932, 7660, 7887, 7431, 7671, 7953, 7485, 7839, 7360, 7316, 7934, 8172, 7940, 7161, 7675, 7513, 8150, 8173, 8171, 8171, 7782, 8170, 7369, 7265, 7395, 7573, 7614, 7247, 7645, 7446, 7709, 7650, 7998, 7721, 8022, 8176, 7841, 8070, 8172, 7514, 7983, 7717, 6982, 8415, 7581, 8071, 6902, 7652, 7964, 7877, 8141, 7603, 7058, 7536, 6957, 8172, 7443, 7461, 7899, 7286, 7620, 7660, 7984, 7882, 6711, 7262, 7983, 7621, 8173, 7946, 7487, 7246, 7922, 7952, 7805, 8084, 7760, 7429, 7234, 7547, 8169, 8161, 7513, 8161, 7370, 7137, 8096, 7250, 7947, 7468, 7783, 7974, 8105, 7096, 8141, 7583, 8157, 7441, 7413, 8172, 7641, 8022, 7418, 7444, 7210, 7462, 7755, 8023, 7515, 7417, 7937, 8039, 7876, 7502, 7522, 7310, 7534, 7463, 7308, 7650, 8173, 8208, 7997, 7075, 7869, 7806, 7567, 7828, 8177, 7554, 8171, 7282, 7353, 7472, 6948, 7677, 7435, 7932, 7961, 8171, 8082, 8005, 7518, 7311, 7974, 7830, 7673, 7384, 7658, 8170, 7979, 7697, 7298, 7871, 7989, 7881, 7981, 8069, 8175, 8037, 7591, 7862, 7138, 8058, 7889, 7089, 7716, 7968, 7848, 7468, 7715, 7533, 7476, 8115, 8102, 8171, 8173, 7660, 8162, 7956, 7717, 8165, 7569, 7247, 7855, 7487, 7166, 7768, 7887, 7577, 8152, 7673, 7628, 7355, 8061, 7377, 7745, 7189, 7357, 8155, 8169, 7251, 8029, 8006, 7788, 7006, 7192, 7431, 7746, 7477, 7731, 7269, 7981, 7107, 7714, 7529, 7204, 7602, 7459, 7679, 7751, 7235, 7838, 7809, 7547, 7055, 8172, 7919, 8169, 8014, 7972, 7021, 8174, 8094, 7906, 6863, 7189, 7274, 7399, 7964, 7356, 7528, 7933, 7984, 8174, 7962, 7389, 7686, 7957]


Endpoint 104 Channel: 5
Number of selected waveforms: 282
[8061, 7098, 6910, 7390, 8174, 6989, 7847, 8111, 7682, 7509, 7810, 7441, 8093, 7388, 7782, 8170, 8172, 7520, 6924, 7981, 8035, 7924, 6955, 7665, 7634, 8173, 7277, 7920, 7060, 7661, 7207, 7135, 7625, 7931, 7796, 7928, 7955, 7215, 7122, 8174, 6959, 7716, 7961, 8086, 7042, 8173, 7278, 7472, 7728, 8169, 6997, 7209, 7306, 8172, 7295, 7934, 7523, 7666, 7301, 8176, 7391, 7644, 7932, 7275, 7658, 7880, 7402, 7404, 8173, 7972, 7049, 7698, 7502, 7105, 7328, 7666, 8481, 6780, 7588, 7873, 8172, 7820, 8095, 7596, 7347, 7506, 7864, 7357, 7459, 6333, 7916, 6741, 7672, 8165, 7610, 8003, 7537, 7354, 8173, 7787, 7520, 6830, 8049, 6442, 6762, 7047, 7383, 7734, 8125, 7559, 7626, 7224, 8173, 8171, 7564, 7345, 7300, 7231, 8130, 7036, 7700, 7136, 8146, 7559, 7170, 8118, 6993, 7310, 8000, 7295, 8137, 7489, 7862, 8026, 7819, 7057, 7426, 7553, 7920, 6943, 7810, 7254, 7881, 7281, 7410, 7165, 7477, 7633, 8172, 6853, 7291, 7751, 7450, 7616, 7273, 7142, 8173, 8101, 7870, 7030, 7701, 7089, 7860, 8205, 7101, 7778, 6866, 8175, 8173, 8116, 7628, 6921, 7815, 6857, 7604, 7912, 7883, 8169, 8167, 7766, 7938, 7106, 7348, 7688, 7340, 7796, 7997, 8005, 6942, 7478, 7476, 7811, 8027, 6725, 7987, 8166, 7809, 7963, 7596, 7403, 7991, 7941, 7999, 7384, 7891, 7130, 7703, 8178, 7859, 8166, 8035, 7104, 6936, 7279, 7856, 7775, 7281, 6631, 7134, 7057, 7160, 7930, 7972, 7663, 7974, 8173, 6947, 7334, 7694, 7058, 7629, 7467, 7650, 7428, 7152, 6897, 8027, 6908, 8174, 8152, 6818, 7570, 8167, 7314, 7878, 7367, 7433, 7407, 7488, 8165, 7920, 7344, 7514, 6939, 8107, 7626, 7116, 6838, 8172, 7079, 7996, 6794, 7818, 6909, 8171, 7672, 7209, 7827, 7672, 8171, 7713, 7398, 7907, 6742, 7855, 7037, 7501, 6951, 7825, 6558, 7884, 8084]


Endpoint 104 Channel: 2
Number of selected waveforms: 282
[7069, 7424, 7962, 7228, 8182, 8178, 7297, 7053, 8179, 8082, 8061, 7722, 7547, 7409, 7150, 8088, 7836, 7818, 7047, 7629, 7988, 8063, 7216, 6727, 6632, 7311, 7901, 7001, 8183, 7222, 7921, 7698, 7579, 7657, 7058, 7825, 7850, 6779, 8197, 7811, 8178, 6735, 7348, 7249, 7586, 7354, 7556, 7628, 7547, 7178, 6987, 8179, 8183, 7180, 7751, 7002, 8175, 7891, 7386, 7228, 7663, 7468, 8184, 7324, 7854, 7427, 7569, 7248, 7145, 7902, 6799, 8182, 7596, 7654, 7018, 7611, 8061, 7590, 8341, 7512, 7784, 7827, 7049, 7609, 7048, 7855, 7200, 7346, 7917, 5933, 8182, 6928, 7857, 7075, 7670, 7378, 7803, 7302, 7860, 8184, 7731, 7319, 6826, 6857, 6821, 8135, 8024, 6922, 7765, 6977, 7417, 7561, 7212, 7279, 6870, 8074, 8191, 7630, 7435, 7890, 8178, 6913, 7242, 7487, 7590, 7880, 7149, 8157, 8181, 7291, 7731, 6732, 6402, 7473, 8076, 6969, 8054, 7503, 7382, 7976, 7884, 7174, 7136, 7824, 7019, 7292, 7935, 8022, 7006, 7332, 7826, 7669, 8178, 7439, 8185, 6878, 6876, 7166, 7895, 8094, 7211, 7730, 7881, 7397, 6869, 8180, 7307, 8184, 7611, 8209, 7359, 7041, 6878, 6989, 7457, 7010, 7803, 7356, 7324, 7974, 7577, 8134, 7181, 7812, 7417, 7240, 8179, 7773, 6738, 8077, 7975, 7889, 8126, 7888, 7006, 8182, 6932, 7773, 6316, 8181, 7910, 7619, 7176, 8183, 7953, 7890, 7445, 7857, 7745, 7020, 7912, 7970, 7856, 7067, 6832, 7543, 7979, 7011, 7745, 6826, 8182, 7957, 7499, 7843, 7585, 8180, 6956, 6838, 7325, 7102, 7273, 6437, 7281, 7574, 8184, 7265, 6987, 7490, 7630, 8132, 7765, 6600, 6795, 7471, 7887, 7228, 7144, 7370, 8033, 7413, 7561, 7691, 8169, 7415, 7149, 6776, 6557, 7079, 7974, 7719, 7234, 7442, 7484, 7765, 8114, 8181, 7882, 7549, 8182, 6525, 7182, 7134, 7333, 8063, 7135, 7693, 6987, 7019, 6988, 7818, 8042, 7562]


Endpoint 104 Channel: 0
Number of selected waveforms: 281
[8003, 7192, 8067, 8094, 7790, 7747, 7486, 7085, 7560, 7816, 7649, 7383, 6955, 7543, 7613, 7749, 7702, 7874, 8190, 7407, 7925, 8190, 7385, 7258, 6596, 7063, 8125, 8188, 7708, 8188, 7173, 8051, 7034, 7839, 7449, 8003, 6892, 7401, 6929, 7871, 7100, 8187, 8188, 8192, 6927, 7691, 7389, 7303, 7310, 7176, 7421, 7715, 8189, 7194, 8192, 7735, 7370, 7735, 8190, 7208, 7658, 7727, 7968, 7531, 7117, 7938, 7601, 7600, 7594, 7459, 7474, 6853, 7639, 7299, 7944, 8071, 7787, 6407, 7587, 8272, 7172, 6203, 7109, 7811, 8014, 7312, 8176, 7937, 7381, 8189, 7858, 7433, 7692, 7629, 7866, 7827, 7244, 7467, 6916, 8039, 7608, 8191, 6743, 7949, 7055, 7915, 7299, 8148, 7724, 7979, 7279, 8084, 7454, 7594, 7184, 7500, 6951, 7128, 7747, 7280, 8124, 8063, 7146, 7639, 7802, 8191, 7230, 7488, 7683, 8066, 8195, 8080, 6870, 7256, 7223, 8187, 8183, 7226, 6749, 7596, 7398, 7861, 8193, 7163, 7777, 8185, 7491, 7604, 7529, 7101, 7470, 7144, 7496, 7286, 7903, 7963, 6996, 8189, 8187, 7588, 7471, 7041, 6941, 7937, 8490, 7128, 7014, 8084, 7019, 8020, 7468, 6996, 7513, 8076, 7899, 7285, 8044, 7156, 7664, 6985, 8190, 8028, 8190, 8189, 7811, 7561, 8114, 7117, 8200, 7380, 8057, 7312, 7611, 7485, 7962, 7955, 7871, 7765, 7610, 7976, 7906, 7857, 7890, 6716, 8187, 7838, 7462, 7429, 7259, 6759, 7934, 6889, 7592, 7914, 6960, 7338, 6871, 6773, 6341, 7133, 8194, 7572, 6804, 7751, 7921, 7591, 7808, 6981, 7036, 7331, 8192, 6719, 8048, 7990, 7503, 7008, 8191, 7180, 7796, 7547, 7997, 7342, 8191, 7272, 7453, 7371, 7351, 7635, 8107, 7129, 8187, 8056, 6750, 8190, 7728, 7832, 7799, 7502, 6720, 7070, 7435, 7728, 8008, 7554, 7987, 7885, 7162, 7124, 7596, 6759, 7430, 6475, 7670, 8190, 7243, 7294, 7395, 7313, 7858, 8183, 7575]


Endpoint 104 Channel: 6
Number of selected waveforms: 282
[7526, 6569, 6752, 7795, 6989, 8063, 7010, 6877, 6302, 8180, 7088, 7926, 7841, 6924, 7511, 7820, 7261, 7541, 7796, 6875, 6544, 7925, 7317, 6877, 7542, 7580, 7628, 8032, 7688, 8173, 7039, 8177, 7447, 8017, 8172, 7844, 6355, 7294, 7882, 7775, 7154, 7252, 8172, 6452, 6769, 7328, 7295, 8002, 6461, 6824, 7360, 8173, 7182, 7612, 8171, 8159, 6938, 7385, 8170, 7726, 8172, 7081, 7561, 7134, 7629, 7638, 7504, 7666, 6980, 7186, 7647, 7576, 7691, 7732, 6997, 7627, 7947, 6525, 8171, 7261, 7896, 7895, 6336, 7539, 7791, 7581, 6944, 7919, 7419, 5698, 7869, 8200, 6835, 7545, 6504, 7080, 7438, 8174, 7066, 7051, 8170, 7180, 7162, 6263, 6733, 8149, 7245, 8049, 8023, 7021, 7875, 7068, 6491, 7425, 7639, 7243, 7036, 8171, 8154, 7229, 8120, 6675, 8076, 6670, 7286, 8178, 6904, 7442, 7914, 7667, 6655, 7840, 7269, 8174, 6573, 7808, 7467, 7378, 6909, 6500, 7070, 7873, 7055, 6696, 6719, 7439, 7150, 7342, 7671, 8398, 7327, 6637, 6655, 8173, 7015, 7169, 8172, 6511, 6410, 8177, 7044, 6569, 8081, 6910, 7857, 7903, 7116, 7022, 7160, 7880, 7826, 7525, 7032, 8052, 7256, 8171, 6914, 7186, 7946, 8149, 6441, 7716, 7919, 6903, 7169, 7656, 7514, 7858, 7752, 7245, 8059, 8172, 7613, 7063, 7813, 8174, 8173, 7191, 7992, 7572, 7146, 7177, 7691, 7811, 7282, 6619, 7976, 6994, 8174, 8055, 6452, 8161, 6785, 6735, 8039, 6334, 7375, 7030, 8177, 7320, 7998, 6335, 7937, 7895, 7837, 6906, 6906, 8173, 6893, 6620, 7220, 7285, 8172, 7065, 7566, 7436, 7847, 7442, 7458, 6979, 6462, 6828, 8170, 7129, 7078, 6340, 7039, 6976, 7412, 8171, 7699, 7000, 7665, 7621, 7261, 7177, 7059, 5943, 8058, 7635, 7589, 7379, 7699, 6410, 6890, 6288, 7639, 6745, 6380, 7115, 7468, 6791, 8171, 7332, 7140, 8173, 6956, 8023, 7972, 7612, 7705, 8169]


Endpoint 104 Channel: 4
Number of selected waveforms: 282
[7944, 5749, 6889, 8031, 6955, 7651, 8194, 6813, 8032, 7948, 6801, 7662, 5529, 8192, 6955, 6927, 8193, 7797, 7453, 7824, 7166, 7601, 7362, 7124, 8191, 6953, 6584, 7420, 6494, 7749, 8063, 7520, 7592, 7448, 7747, 7758, 6601, 7612, 7738, 7055, 7812, 6580, 7520, 6932, 7881, 8193, 6045, 8187, 6605, 8195, 7044, 7250, 6387, 8193, 7040, 7549, 6754, 6519, 7515, 7371, 8188, 6826, 7449, 8189, 7393, 7022, 7692, 7068, 7184, 7698, 7695, 6898, 7321, 8062, 6164, 7586, 7159, 7823, 7653, 8188, 7772, 7512, 5053, 6898, 6936, 8192, 7424, 8190, 7760, 7332, 6856, 7095, 7010, 6342, 6610, 7691, 7328, 8488, 7687, 8111, 7561, 6644, 7684, 7025, 6566, 7983, 8122, 7270, 7338, 6676, 6571, 8188, 7366, 7951, 6680, 7166, 6585, 6984, 6042, 8186, 8174, 7040, 7821, 7377, 6878, 8062, 7571, 6261, 7241, 7229, 7525, 8186, 7972, 6654, 6889, 6248, 7457, 7346, 8074, 7742, 6852, 7716, 7580, 7120, 6914, 6965, 7963, 7770, 7947, 7108, 8192, 7440, 6701, 8180, 7364, 6944, 8191, 7228, 7749, 7262, 6566, 6676, 6835, 6596, 6441, 7189, 7488, 7911, 7165, 8192, 6404, 7446, 6753, 7641, 7450, 6932, 8190, 7045, 7968, 7585, 7417, 7901, 7193, 7168, 7474, 7079, 8192, 7767, 7783, 8187, 6886, 6114, 7551, 6881, 7256, 7855, 6589, 7718, 7796, 8047, 7390, 6727, 6933, 7950, 7826, 8191, 6710, 7891, 8193, 7881, 8060, 8194, 6478, 7456, 6288, 6550, 7840, 8191, 8025, 8160, 7365, 6294, 7160, 6260, 7905, 6324, 7381, 7043, 7089, 7800, 7255, 6310, 6696, 6887, 7993, 7794, 6569, 7236, 8187, 6792, 8193, 6243, 7837, 6742, 7226, 7240, 7164, 7153, 7389, 8022, 8197, 7061, 6782, 7668, 6101, 5748, 6822, 7792, 7089, 7539, 7343, 7199, 7479, 7932, 7594, 8181, 6190, 6799, 8190, 8193, 6140, 7437, 7567, 7519, 7634, 6808, 7087, 6524, 6418, 6910, 7993, 8096]


Endpoint 104 Channel: 3
Number of selected waveforms: 282
[7694, 7227, 8177, 7181, 8187, 8094, 7720, 6468, 6982, 7706, 7472, 7670, 6688, 7142, 7612, 7816, 7329, 6893, 7207, 7960, 8181, 7918, 8179, 6636, 8017, 6829, 7784, 7897, 7922, 6377, 6596, 7883, 7880, 7889, 6537, 7634, 7049, 6897, 7928, 7218, 7984, 8179, 7913, 7157, 7056, 8181, 6713, 7110, 7478, 7642, 7416, 8189, 7498, 8184, 7839, 7140, 6780, 7910, 6746, 7087, 7652, 7617, 8190, 6942, 7211, 7963, 8185, 6893, 7744, 7320, 6638, 7848, 6530, 7470, 7890, 8799, 6907, 8127, 7790, 7275, 8184, 6499, 7625, 7917, 7801, 8186, 7273, 8026, 7719, 7856, 7815, 7419, 7438, 6896, 6820, 8189, 7429, 6960, 7281, 7015, 6188, 7500, 5640, 7418, 6725, 8086, 7734, 6939, 7131, 8183, 7481, 7204, 7872, 7491, 7440, 8186, 7985, 7791, 8139, 7048, 6611, 7968, 6926, 7891, 6731, 7016, 7231, 8176, 7047, 7540, 8098, 7845, 8185, 6544, 7014, 7436, 6674, 7943, 7506, 6567, 7955, 6960, 7230, 7771, 8187, 7238, 7808, 7372, 8185, 8100, 7433, 6889, 7931, 6481, 6656, 6672, 7100, 7660, 8194, 6867, 7251, 7084, 8188, 8190, 7587, 7399, 7089, 7446, 6918, 6848, 7932, 7931, 6919, 6912, 7106, 7757, 7820, 7403, 7771, 7910, 7999, 7360, 6840, 6936, 7936, 6539, 7266, 7933, 7866, 6838, 8191, 8046, 8000, 7878, 7672, 8187, 7817, 8183, 7640, 7749, 7599, 7298, 6929, 8183, 7255, 7262, 6976, 7930, 7741, 7518, 7854, 8186, 7292, 6939, 6771, 7382, 7549, 7775, 8192, 7917, 8181, 7479, 6310, 7821, 7500, 6976, 8040, 7459, 7914, 7150, 6609, 6972, 8187, 8180, 6374, 7967, 7279, 7380, 6879, 6917, 6680, 7910, 6155, 7233, 7615, 6654, 7031, 7626, 6712, 7435, 7626, 8186, 7895, 6450, 6700, 7990, 6405, 8071, 6389, 7789, 6682, 7431, 7418, 6964, 7762, 6641, 6970, 8021, 6359, 6652, 7690, 7302, 7616, 8187, 8185, 7801, 6835, 8028, 8183, 6188, 7591, 7228]


Endpoint 104 Channel: 1
Number of selected waveforms: 282
[7484, 6792, 8173, 7662, 6865, 7852, 6541, 7650, 6968, 7799, 8051, 7986, 7627, 7383, 7355, 7973, 6840, 7590, 7386, 8179, 7335, 6996, 7882, 8170, 8175, 7830, 7820, 8155, 6665, 8037, 7053, 7443, 7779, 7944, 8002, 7838, 7599, 7102, 6956, 6828, 8009, 8174, 7723, 7222, 8107, 7211, 8177, 7981, 7403, 8174, 7924, 7447, 7480, 7218, 7728, 8176, 7535, 7212, 8173, 7993, 7376, 7589, 7145, 7156, 7668, 7336, 7339, 7991, 7459, 7932, 7441, 8172, 6760, 8579, 7504, 7854, 7897, 6728, 7465, 8078, 7905, 7876, 8060, 7348, 8173, 7034, 7654, 7514, 7757, 7837, 7944, 7837, 6733, 7590, 6775, 7192, 8024, 7037, 8172, 7348, 7762, 6944, 7686, 6754, 6957, 7916, 7091, 8107, 7592, 7274, 7366, 8177, 7121, 8068, 7923, 7442, 7764, 8171, 7623, 7204, 8082, 8165, 6689, 7245, 8033, 7107, 7483, 8102, 7765, 8173, 8002, 6955, 6564, 7685, 7152, 7514, 6663, 7962, 7487, 7549, 7823, 7301, 7237, 7877, 8201, 7540, 7840, 7076, 7169, 6825, 7369, 7416, 7123, 8099, 7312, 8174, 7876, 6888, 7821, 8026, 6450, 7758, 6535, 7864, 7113, 8109, 8173, 7285, 7657, 8175, 6741, 7416, 7735, 7115, 8168, 8081, 7875, 6933, 7978, 6636, 7759, 7745, 7648, 7552, 7635, 7536, 7955, 8173, 7872, 7539, 7770, 8066, 7841, 7011, 8086, 7468, 7058, 7860, 7266, 7154, 8003, 8173, 8173, 8159, 7656, 7810, 7996, 7369, 8095, 8161, 7991, 8047, 7273, 7236, 6809, 7079, 7436, 8148, 7407, 7354, 7829, 7122, 8044, 8173, 7305, 7679, 7407, 7842, 6948, 7944, 7717, 7573, 7960, 7279, 6758, 7566, 6845, 8106, 8168, 7988, 7223, 6419, 7695, 7529, 7023, 6914, 7928, 7427, 8171, 7541, 6840, 7925, 7142, 7114, 6453, 8152, 8167, 7396, 7346, 7462, 7964, 7542, 6668, 6889, 6588, 8173, 7856, 8172, 7800, 7661, 7782, 7946, 7001, 6955, 7799, 7261, 6992, 7549, 8066, 7107, 7854, 8094]


Endpoint 104 Channel: 17
Number of selected waveforms: 281
[8317, 8184, 4169, 7804, 2950, 7236, 7963, 7603, 7541, 8352, 5805, 4402, 6110, 5662, 8187, 3925, 7754, 6554, 4882, 8147, 7993, 7449, 8190, 8187, 3721, 6076, 3414, 6967, 5995, 8279, 7988, 6743, 4549, 7265, 6521, 7859, 7732, 4540, 5834, 8190, 7042, 7562, 5665, 7623, 6461, 5541, 8173, 8191, 5036, 8192, 8188, 7317, 5718, 6448, 4751, 6851, 7463, 5218, 4375, 6448, 6047, 5997, 6968, 7699, 5540, 7513, 7160, 8186, 6638, 3962, 5365, 8117, 6939, 4352, 9907, 8190, 5403, 7736, 8079, 3595, 7046, 7841, 5907, 6808, 7953, 7825, 7310, 4355, 4272, 7107, 7769, 8045, 7046, 7110, 7075, 7867, 8173, 4608, 6544, 6201, 8191, 4025, 5472, 3789, 4409, 5195, 7900, 7851, 7056, 7930, 8189, 6812, 8191, 3645, 8195, 8010, 6859, 8069, 8015, 6626, 8246, 5524, 6253, 5657, 6401, 4275, 8191, 6302, 5411, 4291, 4997, 5383, 5841, 7289, 7980, 4904, 5792, 7722, 7891, 5430, 8168, 5501, 6003, 7695, 8187, 7216, 5066, 3801, 7837, 4212, 5557, 7160, 8193, 6965, 5608, 5635, 3591, 7961, 8190, 7787, 8039, 4436, 6029, 6635, 7127, 4565, 5137, 6156, 8190, 6473, 3877, 8190, 6921, 7926, 8015, 7444, 7536, 7457, 7091, 7902, 7109, 4168, 8280, 5441, 7340, 5268, 7410, 7354, 7420, 5014, 8183, 5583, 7755, 8194, 6901, 7679, 3312, 8191, 7579, 7378, 6325, 5320, 7584, 4453, 5935, 7590, 7836, 8229, 7870, 8189, 8196, 4292, 7219, 5574, 4116, 4191, 7928, 7979, 7993, 8190, 5042, 7699, 5407, 3955, 7675, 7212, 5149, 8189, 8189, 4241, 4459, 5101, 8184, 5421, 6758, 6256, 7622, 4555, 7481, 4192, 6240, 6042, 7724, 6502, 4440, 6713, 6723, 7595, 4330, 8168, 8130, 6706, 3587, 4910, 3868, 4727, 6887, 7717, 7262, 4912, 7740, 8186, 7227, 5216, 5667, 8145, 8194, 7858, 6886, 5198, 4451, 6868, 6128, 7715, 5059, 8142, 8188, 7907, 3507, 6146, 7549]


Endpoint 104 Channel: 15
Number of selected waveforms: 282
[7451, 4352, 7722, 8181, 8579, 4449, 8232, 5214, 6328, 8178, 5553, 5061, 2657, 7735, 7449, 3488, 6485, 7292, 4014, 7353, 4977, 4329, 8178, 7990, 7113, 5897, 7972, 3100, 6941, 8180, 7063, 8077, 6005, 8002, 7692, 7482, 7968, 7616, 7144, 5770, 5723, 5204, 8180, 4269, 6790, 7527, 4903, 6942, 6163, 8101, 8173, 6044, 8167, 6061, 5056, 4341, 4385, 4754, 8181, 8180, 5953, 6666, 7522, 5700, 7034, 8176, 6961, 5796, 7400, 6045, 4140, 3888, 7277, 5484, 3631, 11232, 4849, 7954, 8180, 8251, 5018, 8033, 6473, 6092, 6615, 2247, 8182, 6989, 7535, 4564, 3112, 8179, 7754, 6751, 7102, 7626, 6840, 7518, 7038, 8026, 5913, 6475, 3463, 7866, 4273, 4838, 7870, 5744, 7876, 8180, 7897, 7952, 6948, 4522, 6362, 8181, 5410, 8139, 5900, 4716, 5243, 5770, 3604, 8139, 6011, 8110, 5163, 5866, 6936, 7434, 4138, 7721, 7920, 7820, 4177, 6989, 8196, 6300, 3035, 5120, 4843, 8060, 7252, 5368, 6663, 7080, 4462, 6026, 6270, 8178, 6441, 3999, 8180, 7430, 3573, 4572, 6636, 8329, 8180, 5954, 4002, 6894, 4741, 4841, 7889, 4857, 7615, 7934, 5484, 7569, 3713, 8174, 5612, 8095, 6652, 8194, 3969, 8015, 4860, 7743, 7390, 5548, 7632, 5212, 7907, 5081, 7672, 5096, 8176, 6617, 7270, 8079, 7944, 6882, 7753, 7612, 3756, 6993, 8177, 7660, 5378, 8177, 7743, 3720, 7652, 7757, 7155, 6039, 8051, 5667, 8177, 8182, 3472, 8179, 5117, 3560, 7157, 3692, 3716, 7632, 7958, 8181, 8093, 7111, 5918, 7918, 4774, 7587, 5410, 5917, 8180, 5561, 5941, 4227, 3577, 4678, 4469, 4378, 6622, 8188, 6801, 7618, 5906, 7838, 4449, 4371, 6287, 6125, 6648, 8158, 4117, 7974, 6581, 2778, 6892, 3206, 5402, 4787, 7915, 4900, 6739, 6164, 8106, 7725, 6676, 8103, 4280, 8181, 5106, 7706, 7633, 5003, 4012, 7569, 7713, 5624, 7329, 8178, 8173, 5890, 4411, 6213]


