0.000000000000000000e+00
0.000000000000000000e+00
0.000000000000000000e+00
0.000000000000000000e+00
0.000000000000000000e+00
0.000000000000000000e+00
0.000000000000000000e+00
0.000000000000000000e+00
0.000000000000000000e+00
0.000000000000000000e+00
0.000000000000000000e+00
0.000000000000000000e+00
0.000000000000000000e+00
0.000000000000000000e+00
0.000000000000000000e+00
0.000000000000000000e+00
0.000000000000000000e+00
0.000000000000000000e+00
0.000000000000000000e+00
0.000000000000000000e+00
0.000000000000000000e+00
0.000000000000000000e+00
0.000000000000000000e+00
0.000000000000000000e+00
0.000000000000000000e+00
0.000000000000000000e+00
0.000000000000000000e+00
0.000000000000000000e+00
0.000000000000000000e+00
0.000000000000000000e+00
0.000000000000000000e+00
0.000000000000000000e+00
0.000000000000000000e+00
0.000000000000000000e+00
0.000000000000000000e+00
0.000000000000000000e+00
0.000000000000000000e+00
0.000000000000000000e+00
0.000000000000000000e+00
0.000000000000000000e+00
0.000000000000000000e+00
0.000000000000000000e+00
0.000000000000000000e+00
0.000000000000000000e+00
0.000000000000000000e+00
0.000000000000000000e+00
0.000000000000000000e+00
0.000000000000000000e+00
0.000000000000000000e+00
0.000000000000000000e+00
0.000000000000000000e+00
0.000000000000000000e+00
0.000000000000000000e+00
0.000000000000000000e+00
0.000000000000000000e+00
0.000000000000000000e+00
0.000000000000000000e+00
0.000000000000000000e+00
0.000000000000000000e+00
0.000000000000000000e+00
0.000000000000000000e+00
0.000000000000000000e+00
0.000000000000000000e+00
0.000000000000000000e+00
0.000000000000000000e+00
0.000000000000000000e+00
0.000000000000000000e+00
0.000000000000000000e+00
0.000000000000000000e+00
0.000000000000000000e+00
0.000000000000000000e+00
0.000000000000000000e+00
0.000000000000000000e+00
0.000000000000000000e+00
0.000000000000000000e+00
0.000000000000000000e+00
0.000000000000000000e+00
0.000000000000000000e+00
0.000000000000000000e+00
0.000000000000000000e+00
0.000000000000000000e+00
0.000000000000000000e+00
0.000000000000000000e+00
0.000000000000000000e+00
0.000000000000000000e+00
0.000000000000000000e+00
0.000000000000000000e+00
0.000000000000000000e+00
0.000000000000000000e+00
0.000000000000000000e+00
0.000000000000000000e+00
0.000000000000000000e+00
0.000000000000000000e+00
0.000000000000000000e+00
0.000000000000000000e+00
0.000000000000000000e+00
0.000000000000000000e+00
0.000000000000000000e+00
0.000000000000000000e+00
0.000000000000000000e+00
0.000000000000000000e+00
0.000000000000000000e+00
0.000000000000000000e+00
0.000000000000000000e+00
0.000000000000000000e+00
0.000000000000000000e+00
0.000000000000000000e+00
0.000000000000000000e+00
0.000000000000000000e+00
0.000000000000000000e+00
0.000000000000000000e+00
0.000000000000000000e+00
0.000000000000000000e+00
0.000000000000000000e+00
0.000000000000000000e+00
0.000000000000000000e+00
0.000000000000000000e+00
0.000000000000000000e+00
0.000000000000000000e+00
0.000000000000000000e+00
0.000000000000000000e+00
0.000000000000000000e+00
0.000000000000000000e+00
0.000000000000000000e+00
0.000000000000000000e+00
0.000000000000000000e+00
0.000000000000000000e+00
0.000000000000000000e+00
0.000000000000000000e+00
0.000000000000000000e+00
0.000000000000000000e+00
0.000000000000000000e+00
0.000000000000000000e+00
0.000000000000000000e+00
0.000000000000000000e+00
0.000000000000000000e+00
0.000000000000000000e+00
0.000000000000000000e+00
0.000000000000000000e+00
0.000000000000000000e+00
0.000000000000000000e+00
0.000000000000000000e+00
0.000000000000000000e+00
0.000000000000000000e+00
0.000000000000000000e+00
0.000000000000000000e+00
0.000000000000000000e+00
0.000000000000000000e+00
0.000000000000000000e+00
0.000000000000000000e+00
2.235440137761712798e-02
4.674935788920431268e-02
-3.107213531025865283e-02
-7.638764520460228358e-02
-7.858483159185342126e-02
-1.975095878816205408e-01
-1.353993783200070911e-01
6.668923296946815960e-02
2.397076936547540282e-02
6.822854766213057309e-02
8.715972505983063390e-02
4.339520459984583245e-02
1.852683731247205257e-02
-1.332244177222818848e-02
-6.629891716771006693e-02
-1.823809176347214456e-02
1.261066195785176536e-02
-1.619611668904349377e-01
-9.538074251359579536e-03
-5.872784717763358808e-02
2.662035199345973158e-02
3.383529858149478264e-03
4.124588465354964151e-02
1.617052857393005971e-01
1.378199317027586634e-01
1.481024604518101084e-01
3.520829198528742376e-02
-5.663223104314057954e-02
-1.058161665985664079e-01
-5.275680053704051575e-02
-1.452061613449326660e-01
-8.198451637382762891e-02
-1.311334277041644458e-01
-1.727906572879598923e-01
1.730215690852599658e-02
-1.555762506567066328e-01
-6.850544334831831783e-02
-1.932734516374065570e-02
1.006516403012059357e-01
4.980230284279719977e-02
-8.748798960948230008e-02
-7.231899772342777200e-02
-1.619384449244300889e-02
9.457785593368506216e-02
-6.976052186097782964e-03
3.832194559570129000e-02
1.086015556593286358e-01
6.107835211020715832e-02
2.539917401202258090e-02
-2.164478139046413507e-02
-1.674664351176470209e-02
-5.420392855060483794e-03
2.112388360282288838e-02
9.673768314750795516e-02
1.080382493724802301e-01
1.409989638666720446e-01
1.939543809467975111e-02
1.285075739886731017e-01
-4.113459517833408657e-02
-3.733038059658170399e-02
-1.172976913198319482e-01
-1.102945975132824247e-01
-1.847742396824710032e-02
1.468929572120692695e-01
1.322639221294704681e-01
8.798746424610115469e-02
3.171151713027980934e-05
2.543770065962050464e-02
-2.649155040569967784e-02
-5.081178857043028296e-02
9.606229934037469054e-02
1.446875985056306491e-01
8.897864981612041424e-02
2.909598097016863338e-02
-1.059504261280743154e-01
8.799446909111896531e-02
7.014787519700885210e-02
2.050274356427461697e-03
8.257038409899940257e-02
5.070826279843317769e-02
1.106271233436436074e-01
1.343431936255886361e-01
6.569279376568554207e-02
-3.851653435292984318e-02
-3.796840523028666148e-02
-3.101551281303141505e-02
-5.108093514683387237e-03
1.851166452629711412e-01
1.094911709765897245e-01
1.981012929776404530e-01
2.013328614791873583e-01
1.235463925048134320e-01
1.548358677251741589e-01
3.001128071916170370e-02
1.100264578833669293e-01
2.845795633646366896e-02
1.591812065845518986e-01
1.678310227073701588e-01
2.921366674449804024e-01
3.137255997898522053e-01
6.282688255209829542e-01
8.427297443231545060e-01
9.680522590625157964e-01
1.632919458875719876e+00
2.621552346623078567e+00
4.182275596871168233e+00
5.908937204483091676e+00
7.567969952133545952e+00
8.821653333138744557e+00
9.872045604459747992e+00
1.045648142256727553e+01
1.046926818341019860e+01
1.038247056505750443e+01
1.026531044597514075e+01
9.675391585429931496e+00
8.965069362559107802e+00
8.357739959722138678e+00
7.776971177981437222e+00
7.045865579942800494e+00
6.565511251532306858e+00
6.179205139805025837e+00
5.839447390695228890e+00
5.499585736384331014e+00
5.196456321872625850e+00
4.785797282703866173e+00
4.673482765162569663e+00
4.435740660206640484e+00
4.094317509193857063e+00
3.753942749985403893e+00
3.585831723191869713e+00
3.506381019788680220e+00
3.324198426828551600e+00
3.137205256552440868e+00
2.937851453505333055e+00
2.856808899071848984e+00
2.725138827272187036e+00
2.696456905609704080e+00
2.403012856809286113e+00
2.219694311482101945e+00
2.139804054054046389e+00
2.066754611522964247e+00
1.998742236296765284e+00
1.923089910104483380e+00
1.838801777479416977e+00
1.733905390811969482e+00
1.552840070632178104e+00
1.411263980503171922e+00
1.293931075243701656e+00
1.426246176522086628e+00
1.411603131749453510e+00
1.466667050960240637e+00
1.502340391687577714e+00
1.443440736092456156e+00
1.295382829373643574e+00
1.257513469733226863e+00
1.261770080555712603e+00
1.061784090245750711e+00
9.537997343996202915e-01
9.802039139571485649e-01
9.861270941567861215e-01
1.053687073142250519e+00
1.050357436810458012e+00
1.008675690269098979e+00
8.934757603175484952e-01
7.535090333313858579e-01
7.048872365886378333e-01
6.167400180958488853e-01
6.134407360924658548e-01
6.344336728737403064e-01
5.475181396299126924e-01
5.777452133559082270e-01
5.820578629385377845e-01
4.684883106648833895e-01
2.501904880042098434e-01
1.668760288366186728e-01
1.343653756348199835e-01
2.900071945595747991e-01
4.298653464479662567e-01
3.812120279026394165e-01
3.115225760317619219e-01
3.109522648998948036e-01
2.978870614675206419e-01
2.945515877648792191e-01
3.950944632537587431e-01
2.896616222053665091e-01
4.226299252816607677e-01
4.506259558694813983e-01
5.013912351876763651e-01
3.813982400326949573e-01
3.571363755764469516e-01
4.943017482925760042e-01
5.249917255268305993e-01
6.012458846535584378e-01
4.758591588348677348e-01
3.197275844959506230e-01
3.861621183818884084e-01
3.374866178273383532e-01
3.141820821901881722e-01
2.380084787811647118e-01
1.045294057556560574e-01
2.664486895103124198e-02
1.157844404880106204e-01
1.644015673340804007e-01
7.096802580118577453e-02
5.413713443465839603e-02
6.440517191124150997e-04
-2.481447376101053592e-02
-1.707837691903506538e-01
-1.588767001342539231e-01
-2.054017132683383373e-01
-8.864028661490319649e-02
-2.388755326600842110e-01
-4.026610676551234391e-01
-2.674792335532019116e-01
-2.286081810752369492e-01
-5.678984005603116003e-02
-1.027772313350001632e-01
-2.508479802696799155e-01
-1.017323419531788176e-01
-1.136394110092768805e-01
6.027921604109964804e-02
-2.289047632945662158e-02
1.921914949507197434e-02
-1.593991886054135776e-02
-6.290682096783317689e-02
-9.478295195843511323e-02
-6.026657813320479562e-02
-2.548506654602729071e-01
-1.944373796042255798e-01
-2.853054404296306856e-02
1.540390666044011425e-01
2.264703315626670488e-01
6.156635631311813128e-02
5.778198879224971662e-02
1.247564794816433675e-01
1.826392650750112701e-01
2.296563685715962144e-01
6.708150429046755292e-02
-1.037211342011561399e-01
-1.918216537271608679e-01
-1.469888944019617227e-01
-8.281108808592341219e-02
-9.680676843149660371e-02
-1.130043050609987887e-01
-4.712140272021292375e-02
-4.820598622380289910e-02
-1.168949127313041458e-01
-1.022752174420622495e-01
1.449025159069972091e-03
1.822621271379532004e-02
5.766874379779629578e-02
5.121027669137978577e-02
2.700130319304214765e-01
1.533088115112981598e-01
7.868853248497176267e-02
-3.971144416554528433e-02
9.439631370031209556e-02
2.158865944778489698e-01
1.293814284046486129e-01
1.407578804506464110e-01
1.278677981437188471e-01
9.657482050084897907e-02
1.732241696339977821e-01
2.532148298406418085e-01
2.542900735508744070e-01
1.172688401144394987e-02
3.818009748409600945e-02
-6.496099176930503205e-02
1.279745782499874807e-02
9.923491039636145317e-02
2.633876160177468506e-01
2.034360661957870242e-01
1.401899042671197471e-01
2.028797209736987739e-02
2.158971017453747976e-01
2.639789416846669567e-01
2.581001255034749420e-01
2.321681892475657705e-01
1.424209474052910984e-01
6.999785476621589453e-02
2.290136302609413477e-02
1.029258799836569871e-01
1.964002831124891379e-01
2.580359144241453073e-01
1.958451491448274240e-01
4.570680345572730729e-02
1.915523466230828475e-01
3.152281390461748600e-01
3.930823215223875344e-01
5.362269131982961845e-01
4.870476475395499882e-01
4.130513834568927400e-01
4.124472155741059076e-01
2.817017833167954066e-01
2.859794086743345787e-01
2.763022152822389721e-01
2.865111931586028504e-01
3.259327097075490620e-01
5.469046319537700374e-01
6.042638053820565958e-01
3.497480152939127507e-01
2.698332409082975225e-01
2.292652647247694908e-01
2.336351205417099841e-01
2.713830628684856805e-01
3.151078892067029624e-01
3.118634784892897471e-01
3.535463925048167866e-01
3.999745052828223013e-01
3.210894431148227923e-01
3.468731101511890458e-01
4.182758303660043531e-01
4.949998978460119492e-01
4.334471572003981699e-01
3.766816443873699516e-01
2.696919765337699726e-01
2.993195522736564751e-01
3.070342215865993207e-01
2.675835181834118615e-01
2.940133821726704788e-01
1.044430126670956582e-01
1.519778909579141413e-01
2.216171414394967343e-01
3.453139483976437329e-01
3.182413898779998807e-01
3.231687146109403219e-01
3.144745344696759926e-01
3.626089107466015093e-01
1.361451900064218901e-01
7.894712801354408782e-02
-3.181873504173582390e-02
-7.451151421399671015e-02
4.870020722666668078e-02
-1.504388243535048630e-02
-2.750608545910804281e-02
1.723783345980975934e-01
1.334851001109109703e-01
1.345696836145007236e-01
2.027023086801711393e-01
1.875683410192059419e-01
1.573237551806676571e-01
1.671083561963704334e-01
4.009825754480234039e-02
-2.096589516081914795e-02
-1.588054842099104746e-01
4.767282995738852946e-02
9.956472184927989133e-02
1.249578687759038687e-01
1.956828702352468863e-01
4.986301149962102386e-02
1.635066546027807988e-02
6.714396415854340106e-02
1.179711196077302127e-01
4.070826279843675621e-02
1.330572208277396307e-01
3.198372832876161809e-02
-2.528905201097364497e-02
-7.332069056096957027e-02
-1.041379224797136516e-01
-7.004709298931599548e-02
1.363687175296313114e-02
-1.925729671355913553e-02
6.614110384682891919e-02
8.125288949857178977e-02
1.162508464187732571e-01
1.092956190531797489e-01
1.735352577199344992e-02
3.421360399276318631e-02
1.796032484968796972e-01
2.292477526122245202e-01
1.200293765687940883e-01
8.757125970463008890e-02
1.016626729321123968e-01
2.937267234837559471e-02
-1.830393292860883481e-01
-1.722728824937234116e-01
-2.150462173836895641e-01
-1.436761864456232995e-01
-1.415560533535689114e-01
-1.241723629677173868e-01
-9.832448485202127664e-02
-1.134724622030225394e-01
2.486038468274021085e-02
-2.167267964508772238e-01
-1.842406602066413157e-01
-2.188130727920134522e-01
-1.059118994804728597e-01
-7.132664467923510720e-02
-1.545068443173178707e-01
-1.755628247037517298e-01
-1.167367199813185152e-01
-1.107329840639763585e-01
-1.512729408674322595e-01
-2.182380917634685336e-01
-1.901731801996366933e-01
-6.041192866732636446e-02
-1.198760580234650153e-01
-1.825343967077213136e-01
-2.652820471659551593e-01
-1.852843821142942105e-01
3.463681337925539339e-02
-8.636784192398438975e-03
-3.671687292043546158e-02
-1.934899743155666929e-01
-3.155412264316139748e-01
-2.554869388827258891e-01
-1.376724505282806987e-01
-5.278598739127726702e-02
-2.261962232210468215e-02
-6.854980736676052899e-02
-5.366689043253547453e-03
-9.068219893759721373e-02
-7.400891658396990813e-02
-2.148833985172959871e-02
-7.875061292393770174e-02
-1.263368600782197593e-01
-3.695205621388113482e-01
-2.371797764286951438e-01
-1.398673019671927698e-01
-2.089782703870159963e-01
-6.203880392271177158e-02
-2.014293824061628158e-01
-1.383595090771103653e-01
-2.495334043546773017e-01
-1.749878436752074773e-01
-1.284628305411232851e-01
-1.199589486895089596e-01
-1.550211166890413939e-01
-1.594014797735083810e-01
-3.673905492965845454e-02
-1.839103087969062855e-02
-4.753819099877265586e-02
-2.031076265250117974e-01
-2.928233465647060996e-01
-3.030696836144990414e-01
-5.077326192282871631e-02
-9.219937540130729303e-03
-6.922285622555524043e-02
-8.603973790204810790e-02
-4.971202790263107296e-02
8.100655244877774663e-02
1.000019409258083858e-01
1.729631953768118180e-02
-7.024906602066338657e-02
1.613351526472595054e-02
2.322761806082547231e-01
2.165975862471545277e-01
1.264072879575048880e-01
-7.671220302375680866e-02
-1.550818253458623452e-01
-6.107797268110259914e-02
3.408518183410347291e-02
-9.395813145759013274e-02
-1.220370527114573722e-01
-1.550759879750147618e-01
-1.512554287548870668e-01
-1.400155711867361319e-01
3.188682797268227453e-02
1.631710495592799681e-01
2.641628188663833754e-01
1.636444603350657445e-01
1.242346185278155879e-01
1.075158046815718471e-01
8.421243651859322554e-02
-1.671049559277548724e-03
1.561446062693372383e-01
3.042200251006959011e-01
2.291263352985826174e-01
1.632060737843681331e-01
1.669775990893709317e-01
2.706749897846014719e-01
2.723310518942279046e-01
2.879536074951849489e-01
3.615733611581370965e-01
3.912359611231113199e-01
4.755194238514977023e-01
3.441523115988567305e-01
2.982840026851911741e-01
2.318062722549771859e-01
1.891263352985821378e-01
1.518646459634587220e-01
6.868327885120661946e-02
-1.993547808067233085e-01
-9.016325666919500215e-02
1.844044422392343563e-02
4.548381588932448594e-02
5.510497052127805162e-02
3.805571770475246751e-03
1.726479773510125604e-02
1.075940254509379912e-01
1.470890928725712143e-01
1.098495855466712356e-01
-9.552079563364479498e-02
-1.198363639016974957e-01
-1.782731159885575511e-01
-1.275837224913891621e-01
-4.430078512637836141e-02
-4.859475512229205485e-02
-9.097352752319487479e-03
5.089155624306895831e-02
1.037746337049803014e-01
1.822575010215423674e-01
9.195862763411533081e-02
-5.066118440254419042e-02
-8.689666394255901594e-02
-2.684237639367070827e-02
-6.089351176230106688e-02
1.798921545735909788e-02
-4.800576440371129294e-02
1.569746366236701718e-02
1.913328614791902638e-01
2.145813583561975157e-01
2.659904996789470566e-01
1.556980473994524772e-01
1.838236676201057129e-01
8.439689743739542394e-02
1.292681834101934157e-01
6.072752612223597524e-02
2.600404675734062643e-01
2.049730459401102323e-01
2.556811190239935971e-01
2.119422829957402499e-01
1.508407711166905862e-01
1.611162950207241096e-01
1.297579388243548237e-01
9.633198587356384124e-02
1.102517803981106770e-01
1.993574951841694531e-01
2.085449331621040958e-01
2.550582715544922330e-01
3.264668291401575662e-01
3.334886025334209414e-01
2.956332525830387414e-01
1.665252028486388092e-01
1.394187875780756869e-01
2.921623080964419472e-02
-4.110657579825960362e-02
-8.968517599673009322e-02
2.216176813963111059e-02
1.783914103087982372e-01
3.918062722549791044e-01
2.724559716303800450e-01
4.603427996030706737e-02
-8.799759208452373471e-02
-9.703855583443665722e-03
4.383942852139544044e-02
2.298075564765644785e-01
1.774527610764140562e-01
1.336497139688304081e-01
9.962776545444107512e-02
0.000000000000000000e+00
0.000000000000000000e+00
0.000000000000000000e+00
0.000000000000000000e+00
0.000000000000000000e+00
0.000000000000000000e+00
0.000000000000000000e+00
0.000000000000000000e+00
0.000000000000000000e+00
0.000000000000000000e+00
0.000000000000000000e+00
0.000000000000000000e+00
0.000000000000000000e+00
0.000000000000000000e+00
0.000000000000000000e+00
0.000000000000000000e+00
0.000000000000000000e+00
0.000000000000000000e+00
0.000000000000000000e+00
0.000000000000000000e+00
0.000000000000000000e+00
0.000000000000000000e+00
0.000000000000000000e+00
0.000000000000000000e+00
0.000000000000000000e+00
0.000000000000000000e+00
0.000000000000000000e+00
0.000000000000000000e+00
0.000000000000000000e+00
0.000000000000000000e+00
0.000000000000000000e+00
0.000000000000000000e+00
0.000000000000000000e+00
0.000000000000000000e+00
0.000000000000000000e+00
0.000000000000000000e+00
0.000000000000000000e+00
0.000000000000000000e+00
0.000000000000000000e+00
0.000000000000000000e+00
0.000000000000000000e+00
0.000000000000000000e+00
0.000000000000000000e+00
0.000000000000000000e+00
0.000000000000000000e+00
0.000000000000000000e+00
0.000000000000000000e+00
0.000000000000000000e+00
0.000000000000000000e+00
0.000000000000000000e+00
0.000000000000000000e+00
0.000000000000000000e+00
0.000000000000000000e+00
0.000000000000000000e+00
0.000000000000000000e+00
0.000000000000000000e+00
0.000000000000000000e+00
0.000000000000000000e+00
0.000000000000000000e+00
0.000000000000000000e+00
0.000000000000000000e+00
0.000000000000000000e+00
0.000000000000000000e+00
0.000000000000000000e+00
0.000000000000000000e+00
0.000000000000000000e+00
0.000000000000000000e+00
0.000000000000000000e+00
0.000000000000000000e+00
0.000000000000000000e+00
0.000000000000000000e+00
0.000000000000000000e+00
0.000000000000000000e+00
0.000000000000000000e+00
0.000000000000000000e+00
0.000000000000000000e+00
0.000000000000000000e+00
0.000000000000000000e+00
0.000000000000000000e+00
0.000000000000000000e+00
0.000000000000000000e+00
0.000000000000000000e+00
0.000000000000000000e+00
0.000000000000000000e+00
0.000000000000000000e+00
0.000000000000000000e+00
0.000000000000000000e+00
0.000000000000000000e+00
0.000000000000000000e+00
0.000000000000000000e+00
0.000000000000000000e+00
0.000000000000000000e+00
0.000000000000000000e+00
0.000000000000000000e+00
0.000000000000000000e+00
0.000000000000000000e+00
0.000000000000000000e+00
0.000000000000000000e+00
0.000000000000000000e+00
0.000000000000000000e+00
0.000000000000000000e+00
0.000000000000000000e+00
0.000000000000000000e+00
0.000000000000000000e+00
0.000000000000000000e+00
0.000000000000000000e+00
0.000000000000000000e+00
0.000000000000000000e+00
0.000000000000000000e+00
0.000000000000000000e+00
0.000000000000000000e+00
0.000000000000000000e+00
0.000000000000000000e+00
0.000000000000000000e+00
0.000000000000000000e+00
0.000000000000000000e+00
0.000000000000000000e+00
0.000000000000000000e+00
0.000000000000000000e+00
0.000000000000000000e+00
0.000000000000000000e+00
0.000000000000000000e+00
0.000000000000000000e+00
0.000000000000000000e+00
0.000000000000000000e+00
0.000000000000000000e+00
0.000000000000000000e+00
0.000000000000000000e+00
0.000000000000000000e+00
0.000000000000000000e+00
0.000000000000000000e+00
0.000000000000000000e+00
0.000000000000000000e+00
0.000000000000000000e+00
0.000000000000000000e+00
0.000000000000000000e+00
0.000000000000000000e+00
0.000000000000000000e+00
0.000000000000000000e+00
0.000000000000000000e+00
0.000000000000000000e+00
0.000000000000000000e+00
0.000000000000000000e+00
0.000000000000000000e+00
0.000000000000000000e+00
0.000000000000000000e+00
0.000000000000000000e+00
0.000000000000000000e+00
0.000000000000000000e+00
0.000000000000000000e+00
0.000000000000000000e+00
0.000000000000000000e+00
0.000000000000000000e+00
0.000000000000000000e+00
0.000000000000000000e+00
0.000000000000000000e+00
0.000000000000000000e+00
0.000000000000000000e+00
0.000000000000000000e+00
0.000000000000000000e+00
0.000000000000000000e+00
0.000000000000000000e+00
0.000000000000000000e+00
0.000000000000000000e+00
0.000000000000000000e+00
0.000000000000000000e+00
0.000000000000000000e+00
0.000000000000000000e+00
0.000000000000000000e+00
0.000000000000000000e+00
0.000000000000000000e+00
0.000000000000000000e+00
0.000000000000000000e+00
0.000000000000000000e+00
0.000000000000000000e+00
0.000000000000000000e+00
0.000000000000000000e+00
0.000000000000000000e+00
0.000000000000000000e+00
0.000000000000000000e+00
0.000000000000000000e+00
0.000000000000000000e+00
0.000000000000000000e+00
0.000000000000000000e+00
0.000000000000000000e+00
0.000000000000000000e+00
0.000000000000000000e+00
0.000000000000000000e+00
0.000000000000000000e+00
0.000000000000000000e+00
0.000000000000000000e+00
0.000000000000000000e+00
0.000000000000000000e+00
0.000000000000000000e+00
0.000000000000000000e+00
0.000000000000000000e+00
0.000000000000000000e+00
0.000000000000000000e+00
0.000000000000000000e+00
0.000000000000000000e+00
0.000000000000000000e+00
0.000000000000000000e+00
0.000000000000000000e+00
0.000000000000000000e+00
0.000000000000000000e+00
0.000000000000000000e+00
0.000000000000000000e+00
0.000000000000000000e+00
0.000000000000000000e+00
0.000000000000000000e+00
0.000000000000000000e+00
0.000000000000000000e+00
0.000000000000000000e+00
0.000000000000000000e+00
0.000000000000000000e+00
0.000000000000000000e+00
0.000000000000000000e+00
0.000000000000000000e+00
0.000000000000000000e+00
0.000000000000000000e+00
0.000000000000000000e+00
0.000000000000000000e+00
0.000000000000000000e+00
0.000000000000000000e+00
0.000000000000000000e+00
0.000000000000000000e+00
0.000000000000000000e+00
0.000000000000000000e+00
0.000000000000000000e+00
0.000000000000000000e+00
0.000000000000000000e+00
0.000000000000000000e+00
0.000000000000000000e+00
0.000000000000000000e+00
0.000000000000000000e+00
0.000000000000000000e+00
0.000000000000000000e+00
0.000000000000000000e+00
0.000000000000000000e+00
0.000000000000000000e+00
0.000000000000000000e+00
0.000000000000000000e+00
0.000000000000000000e+00
0.000000000000000000e+00
0.000000000000000000e+00
0.000000000000000000e+00
0.000000000000000000e+00
0.000000000000000000e+00
0.000000000000000000e+00
0.000000000000000000e+00
0.000000000000000000e+00
0.000000000000000000e+00
0.000000000000000000e+00
0.000000000000000000e+00
0.000000000000000000e+00
0.000000000000000000e+00
0.000000000000000000e+00
0.000000000000000000e+00
0.000000000000000000e+00
0.000000000000000000e+00
0.000000000000000000e+00
0.000000000000000000e+00
0.000000000000000000e+00
0.000000000000000000e+00
0.000000000000000000e+00
0.000000000000000000e+00
0.000000000000000000e+00
0.000000000000000000e+00
0.000000000000000000e+00
0.000000000000000000e+00
0.000000000000000000e+00
0.000000000000000000e+00
0.000000000000000000e+00
0.000000000000000000e+00
0.000000000000000000e+00
0.000000000000000000e+00
0.000000000000000000e+00
0.000000000000000000e+00
0.000000000000000000e+00
0.000000000000000000e+00
0.000000000000000000e+00
0.000000000000000000e+00
0.000000000000000000e+00
0.000000000000000000e+00
0.000000000000000000e+00
0.000000000000000000e+00
0.000000000000000000e+00
0.000000000000000000e+00
0.000000000000000000e+00
0.000000000000000000e+00
0.000000000000000000e+00
0.000000000000000000e+00
0.000000000000000000e+00
0.000000000000000000e+00
0.000000000000000000e+00
0.000000000000000000e+00
0.000000000000000000e+00
0.000000000000000000e+00
0.000000000000000000e+00
0.000000000000000000e+00
0.000000000000000000e+00
0.000000000000000000e+00
0.000000000000000000e+00
0.000000000000000000e+00
0.000000000000000000e+00
0.000000000000000000e+00
0.000000000000000000e+00
0.000000000000000000e+00
0.000000000000000000e+00
0.000000000000000000e+00
0.000000000000000000e+00
0.000000000000000000e+00
0.000000000000000000e+00
0.000000000000000000e+00
0.000000000000000000e+00
0.000000000000000000e+00
0.000000000000000000e+00
0.000000000000000000e+00
0.000000000000000000e+00
0.000000000000000000e+00
0.000000000000000000e+00
0.000000000000000000e+00
0.000000000000000000e+00
0.000000000000000000e+00
