0.000000000000000000e+00
0.000000000000000000e+00
0.000000000000000000e+00
0.000000000000000000e+00
0.000000000000000000e+00
0.000000000000000000e+00
0.000000000000000000e+00
0.000000000000000000e+00
0.000000000000000000e+00
0.000000000000000000e+00
0.000000000000000000e+00
0.000000000000000000e+00
0.000000000000000000e+00
0.000000000000000000e+00
0.000000000000000000e+00
0.000000000000000000e+00
0.000000000000000000e+00
0.000000000000000000e+00
0.000000000000000000e+00
0.000000000000000000e+00
0.000000000000000000e+00
0.000000000000000000e+00
0.000000000000000000e+00
0.000000000000000000e+00
0.000000000000000000e+00
0.000000000000000000e+00
0.000000000000000000e+00
0.000000000000000000e+00
0.000000000000000000e+00
0.000000000000000000e+00
0.000000000000000000e+00
0.000000000000000000e+00
0.000000000000000000e+00
0.000000000000000000e+00
0.000000000000000000e+00
0.000000000000000000e+00
0.000000000000000000e+00
0.000000000000000000e+00
0.000000000000000000e+00
0.000000000000000000e+00
0.000000000000000000e+00
0.000000000000000000e+00
0.000000000000000000e+00
0.000000000000000000e+00
0.000000000000000000e+00
0.000000000000000000e+00
0.000000000000000000e+00
0.000000000000000000e+00
0.000000000000000000e+00
0.000000000000000000e+00
0.000000000000000000e+00
0.000000000000000000e+00
0.000000000000000000e+00
0.000000000000000000e+00
0.000000000000000000e+00
0.000000000000000000e+00
0.000000000000000000e+00
0.000000000000000000e+00
0.000000000000000000e+00
0.000000000000000000e+00
0.000000000000000000e+00
0.000000000000000000e+00
0.000000000000000000e+00
0.000000000000000000e+00
0.000000000000000000e+00
0.000000000000000000e+00
0.000000000000000000e+00
0.000000000000000000e+00
0.000000000000000000e+00
0.000000000000000000e+00
0.000000000000000000e+00
0.000000000000000000e+00
0.000000000000000000e+00
0.000000000000000000e+00
0.000000000000000000e+00
0.000000000000000000e+00
0.000000000000000000e+00
0.000000000000000000e+00
0.000000000000000000e+00
0.000000000000000000e+00
0.000000000000000000e+00
0.000000000000000000e+00
0.000000000000000000e+00
0.000000000000000000e+00
0.000000000000000000e+00
0.000000000000000000e+00
0.000000000000000000e+00
0.000000000000000000e+00
0.000000000000000000e+00
0.000000000000000000e+00
0.000000000000000000e+00
0.000000000000000000e+00
0.000000000000000000e+00
0.000000000000000000e+00
0.000000000000000000e+00
0.000000000000000000e+00
0.000000000000000000e+00
0.000000000000000000e+00
0.000000000000000000e+00
0.000000000000000000e+00
2.916776165011412125e-01
1.954973262032040360e-01
1.895276656116946512e-01
2.238286587362171565e-01
1.038133798974090194e-01
-1.135826694314134855e-01
-1.801220124413446255e-01
-1.140192076830779389e-01
-4.703241296519056203e-02
1.924852122667202181e-01
8.884011786532353128e-02
-1.338926115900951341e-01
-3.745124959074583870e-01
-3.016760886172695777e-01
-1.066744515988259367e-01
9.033526137727365679e-02
1.021981883662510526e-01
-1.236036232675341573e-02
-4.469887591400242277e-01
-4.516924588017071085e-01
-3.047864236603777810e-01
-1.854805194805240198e-01
-3.709656226126860079e-01
-4.696996616828594817e-01
-3.551301975335633965e-01
-2.646030775946787705e-01
-2.950516206482638459e-01
-9.662315835425533406e-02
-9.081719960712014705e-02
-5.213991050966299001e-02
-8.836167194150840176e-02
-2.412810214995134706e-01
-4.692194696060288384e-01
-4.049064716795854890e-01
-1.812351849830887152e-01
6.689315726290057107e-02
1.469433591618420354e-01
1.641538797337070976e-01
2.288597620866482940e-01
9.023704027064913258e-02
3.317057732183326113e-02
-2.413598166539798751e-02
-6.067423332970006689e-02
-7.707715813598620125e-02
-1.512386772895529807e-03
-3.008381534432411075e-02
1.567630688638638192e-02
-2.874776819818882223e-01
-1.807768198188411946e-01
-9.930786860199081190e-02
1.461903306777210809e-01
2.359753355887763693e-01
3.542226345083442363e-01
1.904334824838981033e-01
-9.911142638874187449e-02
-1.346892938993825006e-01
-9.028244024883136376e-02
-2.993624358834489074e-01
-2.904679690057886954e-01
-4.053757503001246265e-01
-2.163110335043153531e-01
-8.136614645858798733e-02
1.315772127032585614e-01
3.799432500272378888e-02
-7.264629488159354831e-02
-1.591814907781749500e-02
1.017725635708783272e-01
8.747593582887244756e-02
-7.026716141002310734e-02
-1.712711993888509920e-01
-3.522490450725790367e-01
-2.390546764160255133e-01
-3.265805958747181048e-01
-2.834397031539934164e-01
-1.356278511404607201e-01
-3.139973807704946052e-01
-3.047427698352113690e-01
-4.753683291502976138e-03
1.573438830077439898e-01
1.646231583542462351e-01
4.446360362322186038e-03
1.302566844919740563e-01
1.090300120047973664e-01
2.538734039070127957e-01
3.814189675870301999e-01
4.115291934955754849e-01
1.018926115900860574e-01
-1.239395394521490279e-01
-2.200761759249199589e-01
-9.345825602968915735e-02
8.803252209974442299e-02
2.982256902761059036e-01
7.074584742988059283e-01
4.527820582778520619e-01
2.659327731092391289e-01
-5.629160755256656934e-04
-2.361516970424578921e-01
-1.430708283313370799e-01
-1.496867838044763088e-02
-7.274451598821801701e-02
-2.218659827567436293e-01
4.978085779765994978e-02
1.726008949034112949e-01
3.262077922077876724e-01
4.570055658627041328e-01
3.605960929826430572e-01
2.706582996835051880e-01
3.946764160209081940e-02
7.201156826366456043e-02
1.114637127578259057e-01
-4.998995962021623995e-02
-1.456354905598649108e-01
-1.859170577321883067e-01
-2.061093528320873114e-02
1.744428680562681855e-02
-1.643193277310969758e-01
-8.271941503874735702e-02
-1.759858125068254897e-01
-2.649523081960102333e-01
-1.660654807377542341e-01
-2.501645749208820657e-01
-4.074493069955300584e-01
-4.272572301647977744e-01
-2.781685037651470127e-01
-2.089117101386055442e-01
-2.594955800502063981e-01
-2.643738950125550380e-01
-1.534604387209475007e-01
-3.311775619339096810e-02
1.883817527010759330e-01
-2.075281021499963963e-02
-7.843042671614558481e-02
-1.139755538579113603e-01
-8.453104878315420567e-02
4.871985157694935786e-03
9.975357415693086871e-02
2.941634835752027222e-02
-8.712845138055680394e-02
3.912932445705097351e-02
7.218618356433026406e-02
1.705164247517142462e-01
2.921468951216805165e-01
4.535787405871394284e-01
2.444769180399386510e-01
2.899096365819008869e-01
1.843328604168894547e-01
2.532404234420995159e-01
5.850858889010103203e-01
9.375905271199342916e-01
1.113482702171773253e+00
1.605395831059692080e+00
2.097690930917817109e+00
3.892299683509762964e+00
7.317051402379124880e+00
1.160076852559204319e+01
1.549463516315616296e+01
1.883583346065699615e+01
2.121721510422352708e+01
2.304171581359818077e+01
2.373586620102588185e+01
2.379748357524829672e+01
2.330825515660811220e+01
2.219618487394959772e+01
2.099852035359599967e+01
1.992187515006003906e+01
1.894187951544255455e+01
1.763991509331005858e+01
1.657261180835972780e+01
1.534476066790354132e+01
1.457673709483794866e+01
1.382393779329914452e+01
1.295699465240642567e+01
1.211806635381426744e+01
1.152681894576013022e+01
1.137851598821347388e+01
1.094365840881807728e+01
1.044448783149623949e+01
9.956525373785883204e+00
9.701030448543059848e+00
9.568519262250354984e+00
9.313613663647272389e+00
9.010983520680991177e+00
8.420565535305026827e+00
8.140679035250457218e+00
8.030169376841639561e+00
7.773670413619985453e+00
7.613570009822103302e+00
7.541857688529953307e+00
7.096053912474076242e+00
6.596883335152239347e+00
6.254451817090468602e+00
6.044466004583647134e+00
6.112194914329364792e+00
6.108255156608090708e+00
5.707152897522638213e+00
5.592005020189890985e+00
5.595781076066788984e+00
5.096916075521111367e+00
4.939947833678917988e+00
4.560017679799183377e+00
4.242141438393533193e+00
4.009182800392875556e+00
3.821798755865974506e+00
4.083503437738722930e+00
4.264983302411865296e+00
4.175394739714058723e+00
4.250828549601649797e+00
3.929983848084677156e+00
3.699993670195342865e+00
3.666434792098645978e+00
3.888949252428233194e+00
3.737274036887471063e+00
3.557114700425612064e+00
3.211420058932652033e+00
3.080698679471777446e+00
3.003082178325863438e+00
2.968530175706634466e+00
2.776846229400838695e+00
2.339336680126586465e+00
2.136182691258312616e+00
2.219124959074528114e+00
2.306028811524600819e+00
2.802241842191410370e+00
2.945906580814138032e+00
2.566554840117855285e+00
2.269916184655673241e+00
2.053327731092427832e+00
1.849398886827454902e+00
1.935189566735780353e+00
1.960290516206474543e+00
1.838638218923927425e+00
1.701445159882124969e+00
1.760607006438936750e+00
1.835953508676190005e+00
1.921940630797768890e+00
2.002700207355664119e+00
2.004697369857028733e+00
2.058948161082609474e+00
2.225105533122334833e+00
2.302973043762954752e+00
2.215490778129429295e+00
1.909761213576333994e+00
1.910972607224702635e+00
1.703551456946406084e+00
1.513384481065148002e+00
1.565987340390693205e+00
1.433901778893367229e+00
1.262691476590631190e+00
1.130846011131720452e+00
1.258347920986571111e+00
1.545895667357845227e+00
1.519790679908322062e+00
1.545066244679680345e+00
1.541410236821993074e+00
1.641322929171660228e+00
1.703278620539117938e+00
2.040089708610711483e+00
2.010546982429327834e+00
1.697898286587356864e+00
1.611758376077696120e+00
1.592921750518383917e+00
1.227277310924363540e+00
7.593846993342729945e-01
7.882180508566998256e-01
9.162547200698396566e-01
1.016767652515545350e+00
1.051406962785109478e+00
1.118895776492411009e+00
7.665984939430261491e-01
3.440512932445649597e-01
3.370448543053541357e-01
4.497590308850734075e-01
6.408099967259568430e-01
6.545391247408014479e-01
9.586425843064487751e-01
7.965231910946144467e-01
9.544736440030519020e-01
8.652233984502846198e-01
7.922560296845961858e-01
1.059832151042232162e+00
1.137044854305357511e+00
1.037743315508015129e+00
9.428180726836119518e-01
7.775228636909261581e-01
8.493224926334157487e-01
7.720770490014192688e-01
5.097284732074598423e-01
1.784941613008781403e-01
-9.991902215432091339e-02
5.525941285604840658e-02
3.490496562261258262e-01
4.864937247626306416e-01
5.894076175924922723e-01
6.540371057513896247e-01
5.398714394848855846e-01
5.496608097784569935e-01
5.794327185419660964e-01
5.586534977627417575e-01
4.431127360034929907e-01
4.529457601222341978e-01
2.280521663210759442e-01
-1.387733275128333332e-02
1.285214449416152149e-01
3.320137509549292432e-01
2.395440357961353683e-01
2.562525373785833338e-01
5.375687002073563647e-01
4.898223289315719597e-01
4.999827567390617844e-01
7.331596638655470954e-01
4.290998581250695665e-01
3.570055658627060424e-01
4.266334170031607087e-01
4.080805413074282129e-01
4.207183236931077985e-01
4.795418531048740718e-01
4.109398668558315038e-01
4.125659718432785894e-01
4.229664956891800998e-01
2.573438830077421358e-01
6.614012877877595287e-02
-1.081368547418994908e-01
4.795590963655449457e-03
2.029730437629559958e-01
2.381471133908092952e-01
3.673927752918881851e-02
1.979746807814004583e-01
1.476199934519213386e-01
-4.011195023463978160e-01
-4.390765033286090357e-01
-2.712166321073929964e-01
4.302084470086953161e-04
-1.552393320964799983e-01
-4.570097129761130361e-02
1.825321401287798295e-01
3.539825384699311073e-01
4.346329804649124995e-01
6.492242715267932951e-01
7.981165557131948418e-01
7.012268907563017351e-01
3.276374549819891513e-01
-4.982865873623509856e-03
-3.658362981556289029e-01
-3.692303830623169247e-01
-4.621475499290621514e-01
-3.051902215431621102e-01
-1.492478445923834940e-01
3.970773764051305221e-02
1.084952526465139400e-01
1.119766452035344528e-01
2.084515988213473392e-01
5.648171996071216228e-02
3.091718869365935873e-01
7.262405325766660980e-01
1.255237585943465461e+00
1.307294772454431708e+00
1.295977518280034602e+00
1.079727381861831148e+00
7.565362872421665941e-01
5.666203208556135351e-01
9.350258648914095971e-01
8.501300883989975077e-01
5.134390483466066968e-01
1.583370075302807933e-01
4.861311797445733163e-02
1.697306558987188296e-01
4.418904288988310114e-01
4.067600130961448457e-01
3.355715377059871329e-01
2.833833897195212614e-01
4.735940194259482539e-01
5.727973371166612537e-01
3.501955691367433232e-01
4.233812070282656492e-01
4.000154971079323829e-01
4.862318018116313922e-01
5.089754447233447721e-01
5.045991487504082329e-01
3.503156171559540510e-01
2.428508130524917874e-01
1.749800283749864960e-01
2.196488049765390471e-01
3.591555167521551795e-01
5.423160536942033261e-01
5.374159118192718410e-01
2.881743970315406855e-01
1.670132052821129420e-01
2.602468623813170012e-01
2.364009603841541463e-01
4.091391465677167716e-01
4.730920004365399834e-01
1.736813270762871397e-01
-1.248344428680594476e-01
-3.477636145367277720e-01
-1.076784895776521367e-01
1.860680999672581493e-01
3.255857251991693957e-01
4.524110007639441378e-01
2.977018443741110687e-01
2.493988868274570336e-01
-9.345825602968638179e-02
-7.086740150605663757e-02
1.885672814580345857e-01
1.921468951216818155e-01
-7.032172869147590433e-02
-2.473052493724763323e-01
-1.813770599148760709e-01
-2.019161846556798423e-01
-2.737594674233312375e-01
-2.612199061442774806e-01
-4.807113390810870968e-01
-6.655525482920419122e-01
-7.307167958092302129e-01
-7.420995307213784642e-01
-4.782667248717693553e-01
-5.784740805413086662e-01
-5.526091891301971870e-01
-7.522599585288674007e-01
-1.044282221979703884e+00
-1.205201134999454027e+00
-9.426561169922473837e-01
-5.519652952089915132e-01
-4.055503656007850566e-01
-5.191812725090052538e-01
-7.461047691803974757e-01
-6.628569245880164829e-01
-3.200325220997495279e-01
-7.383586161737554221e-02
-3.048761322710813459e-02
-1.421213576339654949e-01
-3.865500381970985444e-01
-1.061287787842424279e-01
-5.659500163701203235e-03
-1.075911819273178693e-01
-6.442846229400789326e-02
4.345105314853281442e-02
1.876178107606678580e-01
3.348949034159138805e-01
2.241669758812623314e-01
4.184677507366441063e-02
8.510771581359488636e-02
1.681700316490237768e-01
1.227130852341140610e-02
6.934628396815689655e-03
1.041407835861605236e-01
2.503920113499935596e-01
1.101977518280081725e-01
1.261313980137517277e-01
7.936723780421495178e-02
2.822156498963197535e-01
3.918413183455173865e-01
3.771954600021834025e-01
1.784832478445927961e-01
-9.707061006220474297e-02
-1.308150169158555087e-01
-2.737812943359188012e-01
-1.251181927316347142e-01
8.217199607115865945e-02
4.650706100622041816e-01
4.223007748553939678e-01
2.276156280694117129e-01
1.530658081414406624e-01
-5.279471788715284220e-02
1.114746262141261823e-01
2.522472989195696513e-01
1.699707519371385089e-01
-8.603710575138912020e-02
-1.038260395067114317e-01
-1.222261268143611801e-01
-5.418072683619001850e-02
9.894597839135865769e-02
3.327012987013002743e-01
4.559360471461344488e-01
3.506211939321204341e-01
6.510335043108206321e-02
-1.327030448543062846e-01
-2.696560078576863972e-01
-3.641447124304280081e-01
-5.530239004692800719e-01
-3.117928625995869396e-01
-2.619183673469391849e-01
-1.874122012441317153e-01
-3.072092109571080698e-01
-4.477963549055967718e-01
-5.437474626214120477e-01
-2.815625886718313708e-01
-7.394739714067455338e-03
1.715859434682940332e-01
1.296564443959420387e-01
3.041953508676202844e-01
2.100886172650886508e-01
2.016852559205526418e-01
9.734170031649114208e-02
1.678535414165676087e-01
1.893093964858678646e-01
3.444550911273607241e-01
1.797819491432965933e-01
-1.566908217832585493e-01
-1.192249263341711440e-01
-7.901975335589295213e-02
3.714307541198103024e-02
-9.924238786423966729e-02
-5.679995634618073552e-02
-7.698985048565099021e-02
-1.619292808032346542e-01
-2.346674669867994112e-01
-8.020932009167758281e-02
1.296018771144824555e-01
3.230756302520996215e-01
2.667076285059470919e-01
4.249918149071163498e-03
-3.934255156608159609e-01
-5.513432282003787321e-01
-4.582077922077987253e-01
-3.671131725417460245e-01
-1.878596529520955016e-01
-1.875431627196393336e-01
-8.099508894467177811e-02
-1.823265306122463514e-01
-3.567453890647209747e-01
-4.629333187820625639e-01
-3.328121794172256287e-01
-8.743402815671785788e-02
1.859153115791771782e-01
3.712124849940057203e-02
8.222416239223484524e-03
3.899751173196541743e-01
3.969597293462827636e-01
1.958465568045397731e-01
-1.754947069736996212e-01
-4.600849066899481699e-01
-2.631406744515984997e-01
-2.366209756629933381e-01
-4.558832260176792772e-01
-1.750472552657402758e-01
-2.523145258103216548e-01
-4.051683946305768558e-01
-6.246925679362664852e-01
-5.359116010040390066e-01
-4.630751937138484209e-01
-3.546936592818941136e-01
-1.484620757393875223e-01
-1.954335916184666289e-01
-3.671022590854491341e-01
-6.230009822110655904e-01
-6.314807377496451934e-01
-4.062597402597436513e-01
-1.288833351522420401e-01
-1.659454327185416744e-01
-2.285013641820325958e-01
-1.432127032631198560e-01
3.520048019207777656e-02
2.290998581250685007e-01
2.574311906580799558e-01
1.620584961257236500e-01
3.451208119611504088e-01
4.626914765906402494e-01
3.590791225581151380e-01
3.249200043653832637e-01
2.028639092000439348e-01
-1.011631561715589100e-01
-1.975726290516188755e-01
-1.452644330459458288e-01
-1.898483029575270820e-02
1.668495034377377451e-01
2.813534868492810759e-01
1.635427261813786615e-01
-1.046118083597082915e-01
-2.434091454763720463e-01
-6.442846229400789326e-02
8.706122448979591866e-02
2.546482593037238118e-01
1.978328058496128250e-01
4.441604278074864354e-01
4.174333733493371668e-01
4.346548073774938459e-01
2.887746371275765611e-01
1.154798646731389766e-01
1.774355560405984633e-01
4.115182800392886975e-01
3.390638437193036481e-01
4.376754338098542974e-02
1.095211175379233737e-01
1.003756411655576386e-01
1.314462512277660977e-01
4.157393866637626445e-02
2.016961693768406505e-01
6.125768852995747693e-01
5.744343555604061180e-01
5.157308741678479080e-01
2.791162283095074415e-01
1.561106624467969439e-01
-2.695165338862715032e-02
-2.374831387100293512e-01
-3.308368438284396973e-01
-3.109876677943823609e-02
1.655835425079077439e-01
7.618050856706393148e-02
3.584437411328078582e-02
1.794390483466301589e-03
-6.764793190003270951e-02
-1.382252537378585444e-01
9.204627305468449094e-03
3.864064171122958413e-01
4.733866637564068114e-01
5.991315071483098720e-01
5.563944123103761186e-01
3.221807268361862597e-01
2.167458256029677344e-01
2.031367456073329691e-01
3.093331878205685115e-02
-1.930435446906031416e-01
-1.060196442213250378e-01
-1.253473753137610558e-01
2.025037651424197449e-01
7.825406526246858618e-02
-6.035774309723951347e-02
-2.282394412310342346e-01
-2.097629597293435566e-01
-2.579240423442081820e-01
8.353377714722221015e-03
2.356151915311608391e-01
4.672096474953590928e-01
1.687702717450649814e-01
-2.177867510640307813e-02
5.479013423551393203e-02
1.720443086325440518e-01
3.396204299901777190e-01
1.967632871330353694e-01
2.836865655353104643e-02
-6.670937465895487861e-02
2.653871002946619484e-01
1.774246425843069019e-01
1.397380770490297408e-02
1.205303939757929044e-02
1.009213139801383718e-01
3.120530393975782246e-01
2.047846775073658421e-01
-1.085079122558108011e-01
-1.782776383280575416e-01
4.153028484120913078e-02
3.060506384371945998e-01
5.694687329477243765e-01
5.996990068754781689e-01
3.030494379569983465e-01
2.779375750300117076e-01
2.209475062752384034e-01
1.984524718978697422e-02
-1.456900578413149461e-01
-1.399277529193474479e-01
-7.962239441230423154e-03
-8.928931572628950875e-02
-5.014274800829365830e-02
6.006984612026755599e-03
2.578216741241945442e-02
-1.252818945760099112e-01
-9.685234093636996278e-02
-4.920419076721405105e-02
8.841449306995485813e-02
2.352441340172459761e-01
3.954973262032055459e-01
1.441822547200688476e-01
9.906602641056494463e-02
2.452081196114797024e-01
2.619821019316805888e-01
-4.240510749754378139e-02
3.736985703371331624e-03
-1.330304485430495731e-01
-4.087043544690613928e-01
-4.162346393102707154e-01
-4.108761322710909880e-01
-2.633807704900155144e-01
-1.059541634835730051e-01
1.562852777474610377e-01
-1.472615955473068894e-01
-3.448824620757404702e-01
-9.786729237149494054e-02
1.229228418640211373e-01
3.502828767870793669e-01
3.486785987122145158e-01
1.714440685365055117e-01
1.167239986903858551e-01
1.033441012768783196e-01
6.021412201244213946e-02
1.662820037105756654e-01
1.717932991378408047e-01
1.509813379897417818e-01
-4.460502018989496165e-01
-7.086934410127749828e-01
-5.644393757503030074e-01
-7.213421368547461299e-01
-8.515396704136248829e-01
-7.616782713085257228e-01
-4.398513587253125579e-01
-3.534167848957823210e-01
-4.217677616501207538e-01
-3.088898832260236205e-01
4.131201571537790329e-02
1.261423114700397363e-01
-2.900641711230003139e-01
0.000000000000000000e+00
0.000000000000000000e+00
0.000000000000000000e+00
0.000000000000000000e+00
0.000000000000000000e+00
0.000000000000000000e+00
0.000000000000000000e+00
0.000000000000000000e+00
0.000000000000000000e+00
0.000000000000000000e+00
0.000000000000000000e+00
0.000000000000000000e+00
0.000000000000000000e+00
0.000000000000000000e+00
0.000000000000000000e+00
0.000000000000000000e+00
0.000000000000000000e+00
0.000000000000000000e+00
0.000000000000000000e+00
0.000000000000000000e+00
0.000000000000000000e+00
0.000000000000000000e+00
0.000000000000000000e+00
0.000000000000000000e+00
0.000000000000000000e+00
0.000000000000000000e+00
0.000000000000000000e+00
0.000000000000000000e+00
0.000000000000000000e+00
0.000000000000000000e+00
0.000000000000000000e+00
0.000000000000000000e+00
0.000000000000000000e+00
0.000000000000000000e+00
0.000000000000000000e+00
0.000000000000000000e+00
0.000000000000000000e+00
0.000000000000000000e+00
0.000000000000000000e+00
0.000000000000000000e+00
0.000000000000000000e+00
0.000000000000000000e+00
0.000000000000000000e+00
0.000000000000000000e+00
0.000000000000000000e+00
0.000000000000000000e+00
0.000000000000000000e+00
0.000000000000000000e+00
0.000000000000000000e+00
0.000000000000000000e+00
0.000000000000000000e+00
0.000000000000000000e+00
0.000000000000000000e+00
0.000000000000000000e+00
0.000000000000000000e+00
0.000000000000000000e+00
0.000000000000000000e+00
0.000000000000000000e+00
0.000000000000000000e+00
0.000000000000000000e+00
0.000000000000000000e+00
0.000000000000000000e+00
0.000000000000000000e+00
0.000000000000000000e+00
0.000000000000000000e+00
0.000000000000000000e+00
0.000000000000000000e+00
0.000000000000000000e+00
0.000000000000000000e+00
0.000000000000000000e+00
0.000000000000000000e+00
0.000000000000000000e+00
0.000000000000000000e+00
0.000000000000000000e+00
0.000000000000000000e+00
0.000000000000000000e+00
0.000000000000000000e+00
0.000000000000000000e+00
0.000000000000000000e+00
0.000000000000000000e+00
0.000000000000000000e+00
0.000000000000000000e+00
0.000000000000000000e+00
0.000000000000000000e+00
0.000000000000000000e+00
0.000000000000000000e+00
0.000000000000000000e+00
0.000000000000000000e+00
0.000000000000000000e+00
0.000000000000000000e+00
0.000000000000000000e+00
0.000000000000000000e+00
0.000000000000000000e+00
0.000000000000000000e+00
0.000000000000000000e+00
0.000000000000000000e+00
0.000000000000000000e+00
0.000000000000000000e+00
0.000000000000000000e+00
0.000000000000000000e+00
0.000000000000000000e+00
0.000000000000000000e+00
0.000000000000000000e+00
0.000000000000000000e+00
0.000000000000000000e+00
0.000000000000000000e+00
0.000000000000000000e+00
0.000000000000000000e+00
0.000000000000000000e+00
0.000000000000000000e+00
0.000000000000000000e+00
0.000000000000000000e+00
0.000000000000000000e+00
0.000000000000000000e+00
0.000000000000000000e+00
0.000000000000000000e+00
0.000000000000000000e+00
0.000000000000000000e+00
0.000000000000000000e+00
0.000000000000000000e+00
0.000000000000000000e+00
0.000000000000000000e+00
0.000000000000000000e+00
0.000000000000000000e+00
0.000000000000000000e+00
0.000000000000000000e+00
0.000000000000000000e+00
0.000000000000000000e+00
0.000000000000000000e+00
0.000000000000000000e+00
0.000000000000000000e+00
0.000000000000000000e+00
0.000000000000000000e+00
0.000000000000000000e+00
0.000000000000000000e+00
0.000000000000000000e+00
0.000000000000000000e+00
0.000000000000000000e+00
0.000000000000000000e+00
0.000000000000000000e+00
0.000000000000000000e+00
0.000000000000000000e+00
0.000000000000000000e+00
0.000000000000000000e+00
0.000000000000000000e+00
0.000000000000000000e+00
0.000000000000000000e+00
0.000000000000000000e+00
0.000000000000000000e+00
0.000000000000000000e+00
0.000000000000000000e+00
0.000000000000000000e+00
0.000000000000000000e+00
0.000000000000000000e+00
0.000000000000000000e+00
0.000000000000000000e+00
0.000000000000000000e+00
0.000000000000000000e+00
0.000000000000000000e+00
0.000000000000000000e+00
0.000000000000000000e+00
0.000000000000000000e+00
0.000000000000000000e+00
0.000000000000000000e+00
0.000000000000000000e+00
0.000000000000000000e+00
0.000000000000000000e+00
0.000000000000000000e+00
0.000000000000000000e+00
0.000000000000000000e+00
0.000000000000000000e+00
0.000000000000000000e+00
0.000000000000000000e+00
0.000000000000000000e+00
0.000000000000000000e+00
0.000000000000000000e+00
0.000000000000000000e+00
0.000000000000000000e+00
0.000000000000000000e+00
0.000000000000000000e+00
0.000000000000000000e+00
0.000000000000000000e+00
0.000000000000000000e+00
0.000000000000000000e+00
0.000000000000000000e+00
0.000000000000000000e+00
0.000000000000000000e+00
0.000000000000000000e+00
0.000000000000000000e+00
0.000000000000000000e+00
0.000000000000000000e+00
0.000000000000000000e+00
0.000000000000000000e+00
0.000000000000000000e+00
0.000000000000000000e+00
0.000000000000000000e+00
0.000000000000000000e+00
0.000000000000000000e+00
0.000000000000000000e+00
0.000000000000000000e+00
0.000000000000000000e+00
0.000000000000000000e+00
0.000000000000000000e+00
0.000000000000000000e+00
0.000000000000000000e+00
0.000000000000000000e+00
0.000000000000000000e+00
0.000000000000000000e+00
0.000000000000000000e+00
0.000000000000000000e+00
0.000000000000000000e+00
0.000000000000000000e+00
0.000000000000000000e+00
0.000000000000000000e+00
0.000000000000000000e+00
0.000000000000000000e+00
0.000000000000000000e+00
0.000000000000000000e+00
0.000000000000000000e+00
0.000000000000000000e+00
0.000000000000000000e+00
0.000000000000000000e+00
0.000000000000000000e+00
0.000000000000000000e+00
