0.000000000000000000e+00
0.000000000000000000e+00
0.000000000000000000e+00
0.000000000000000000e+00
0.000000000000000000e+00
0.000000000000000000e+00
0.000000000000000000e+00
0.000000000000000000e+00
0.000000000000000000e+00
0.000000000000000000e+00
0.000000000000000000e+00
0.000000000000000000e+00
0.000000000000000000e+00
0.000000000000000000e+00
0.000000000000000000e+00
0.000000000000000000e+00
0.000000000000000000e+00
0.000000000000000000e+00
0.000000000000000000e+00
0.000000000000000000e+00
0.000000000000000000e+00
0.000000000000000000e+00
0.000000000000000000e+00
0.000000000000000000e+00
0.000000000000000000e+00
0.000000000000000000e+00
0.000000000000000000e+00
0.000000000000000000e+00
0.000000000000000000e+00
0.000000000000000000e+00
0.000000000000000000e+00
0.000000000000000000e+00
0.000000000000000000e+00
0.000000000000000000e+00
0.000000000000000000e+00
0.000000000000000000e+00
0.000000000000000000e+00
0.000000000000000000e+00
0.000000000000000000e+00
0.000000000000000000e+00
0.000000000000000000e+00
0.000000000000000000e+00
0.000000000000000000e+00
0.000000000000000000e+00
0.000000000000000000e+00
0.000000000000000000e+00
0.000000000000000000e+00
0.000000000000000000e+00
0.000000000000000000e+00
0.000000000000000000e+00
0.000000000000000000e+00
0.000000000000000000e+00
0.000000000000000000e+00
0.000000000000000000e+00
0.000000000000000000e+00
0.000000000000000000e+00
0.000000000000000000e+00
0.000000000000000000e+00
0.000000000000000000e+00
0.000000000000000000e+00
0.000000000000000000e+00
0.000000000000000000e+00
0.000000000000000000e+00
0.000000000000000000e+00
0.000000000000000000e+00
0.000000000000000000e+00
0.000000000000000000e+00
0.000000000000000000e+00
0.000000000000000000e+00
0.000000000000000000e+00
0.000000000000000000e+00
0.000000000000000000e+00
0.000000000000000000e+00
0.000000000000000000e+00
0.000000000000000000e+00
0.000000000000000000e+00
0.000000000000000000e+00
0.000000000000000000e+00
0.000000000000000000e+00
0.000000000000000000e+00
0.000000000000000000e+00
0.000000000000000000e+00
0.000000000000000000e+00
0.000000000000000000e+00
0.000000000000000000e+00
0.000000000000000000e+00
0.000000000000000000e+00
0.000000000000000000e+00
0.000000000000000000e+00
0.000000000000000000e+00
0.000000000000000000e+00
0.000000000000000000e+00
0.000000000000000000e+00
0.000000000000000000e+00
0.000000000000000000e+00
0.000000000000000000e+00
0.000000000000000000e+00
0.000000000000000000e+00
0.000000000000000000e+00
0.000000000000000000e+00
0.000000000000000000e+00
0.000000000000000000e+00
0.000000000000000000e+00
0.000000000000000000e+00
0.000000000000000000e+00
0.000000000000000000e+00
0.000000000000000000e+00
0.000000000000000000e+00
0.000000000000000000e+00
0.000000000000000000e+00
0.000000000000000000e+00
0.000000000000000000e+00
0.000000000000000000e+00
0.000000000000000000e+00
0.000000000000000000e+00
0.000000000000000000e+00
0.000000000000000000e+00
0.000000000000000000e+00
0.000000000000000000e+00
0.000000000000000000e+00
0.000000000000000000e+00
0.000000000000000000e+00
0.000000000000000000e+00
0.000000000000000000e+00
0.000000000000000000e+00
0.000000000000000000e+00
0.000000000000000000e+00
0.000000000000000000e+00
0.000000000000000000e+00
0.000000000000000000e+00
0.000000000000000000e+00
0.000000000000000000e+00
0.000000000000000000e+00
0.000000000000000000e+00
0.000000000000000000e+00
0.000000000000000000e+00
0.000000000000000000e+00
0.000000000000000000e+00
0.000000000000000000e+00
0.000000000000000000e+00
0.000000000000000000e+00
0.000000000000000000e+00
0.000000000000000000e+00
0.000000000000000000e+00
0.000000000000000000e+00
0.000000000000000000e+00
0.000000000000000000e+00
0.000000000000000000e+00
0.000000000000000000e+00
0.000000000000000000e+00
7.870275056141724790e-02
8.290215538769415970e-02
1.450489661508129989e-02
-3.305503602986908929e-02
1.512019245187413291e-02
5.153599688013041358e-02
1.599596011141950214e-03
-8.808285578563196383e-03
7.974925381045668005e-03
3.687983444811009093e-02
3.062545586840250203e-02
-8.458784060225956608e-03
8.300021938027757340e-03
-5.216906323001757606e-03
4.807384660409411148e-02
3.702841224940019854e-02
-1.891983773228781557e-02
2.211355854888068240e-03
-1.960980250636157329e-02
-2.342695657028912026e-02
-4.913917785947550382e-02
-3.989303521893700771e-02
-4.352810216429059409e-02
-3.185577457654507373e-03
5.012308477852185813e-03
1.544137297917364676e-02
-4.687465719249783898e-03
-1.370277741183200358e-02
-4.084803423819463597e-02
-1.021417526407430824e-03
-1.179890952948652039e-02
-2.811717045011601773e-02
-3.982525651109759118e-02
-8.194747626014420305e-02
-4.330890364205809695e-02
-1.975793417768784491e-02
-1.999824951820868696e-02
-1.846215795938581372e-02
-2.690762950149070548e-02
-1.683786485437893665e-02
-5.252117543480989970e-03
6.825554344156636866e-02
3.182703257100670535e-02
-1.300294820855782407e-02
1.152084895029159041e-02
2.491107630159106190e-02
1.425156088894918155e-02
2.271562117954733367e-02
1.564741892913891486e-02
1.367559058230208291e-02
-7.320557812486781085e-03
1.679797158254562120e-02
3.426172901699166273e-02
-3.697403991220769848e-02
-1.859650917182908286e-02
1.289932444522362553e-02
1.634691568297215458e-03
-4.783340502531709115e-02
-2.266478483540156075e-02
3.807995709749881219e-02
3.943219354122436127e-02
2.782564335534597200e-02
2.904827078291053605e-02
2.930274661895023933e-02
2.263444204946078037e-02
4.736359117833171400e-02
5.058182402747248702e-02
1.064801900698705978e-01
6.386172509104796891e-02
7.117706681809074509e-02
1.001592389855591597e-01
1.217728312503000843e-01
1.387001917582246502e-01
1.246079871704918046e-01
8.075235423194987439e-02
5.214017251449128143e-02
7.132785874586805575e-02
7.696289327244426604e-02
1.202290893887639767e-01
9.889583197463339137e-02
1.015646475116414177e-01
1.098404244341678743e-01
1.055336014265979283e-01
1.264321299759662010e-01
1.516444378556738859e-01
1.445639752929259170e-01
1.692221236642185989e-01
1.803447550259885124e-01
2.062211686651993225e-01
2.240187469759203076e-01
2.153093152052111270e-01
2.214286485925317516e-01
1.991797176892892152e-01
3.264499718698533060e-01
3.544523600200730762e-01
3.490656711733667872e-01
3.743650404893508754e-01
5.015763724680243341e-01
5.609980912081645732e-01
5.917763330400503952e-01
7.644945240934242214e-01
1.228837694135317848e+00
2.103609889022536983e+00
3.205067840092016507e+00
4.437378518521674309e+00
5.624579575301114076e+00
6.757061470149239746e+00
7.692141397884790344e+00
8.512826101299491910e+00
9.190806337444671570e+00
9.579166750508807837e+00
9.844188933660326768e+00
1.002625336569944814e+01
1.003712221520512315e+01
9.990915279077169586e+00
9.836791619683255661e+00
9.648300916841687780e+00
9.435581424410685258e+00
9.192438132142406459e+00
8.937373487167100450e+00
8.696971531339945827e+00
8.449789275799044930e+00
8.214090058537379946e+00
8.037008072027715500e+00
7.867889240999262235e+00
7.739342608992156869e+00
7.585254606948677925e+00
7.496196590374095692e+00
7.374183746490713176e+00
7.264665730597882565e+00
7.114709404242845814e+00
6.947373176363221603e+00
6.814621323316979229e+00
6.631641928292009602e+00
6.476805534972529976e+00
6.253809405777853492e+00
6.001191734084197371e+00
5.807593272763308612e+00
5.659802329066074833e+00
5.458792806355901028e+00
5.263494903816093640e+00
5.126000292694276261e+00
4.928046727189725473e+00
4.754429352932580954e+00
4.678607384498453925e+00
4.550898287143458454e+00
4.428804495456642343e+00
4.271514255149391204e+00
4.103980309079133804e+00
4.058281878493309236e+00
3.904087400098465110e+00
3.789673438319144161e+00
3.657364608850323773e+00
3.573417308431487083e+00
3.418449736379306270e+00
3.341285181127338966e+00
3.227720964742478937e+00
3.146315845044238557e+00
3.048666835942674957e+00
2.974245699071668803e+00
2.879361985242628208e+00
2.779539761423880151e+00
2.693854817842552762e+00
2.649961511707061401e+00
2.574141360839457882e+00
2.482341958253744263e+00
2.326859667886619132e+00
2.276100719027639219e+00
2.181911332132319803e+00
2.135666127967467354e+00
2.126797890452962747e+00
2.067971606504559468e+00
1.997129225063473790e+00
1.987073868761863871e+00
1.884782315593271917e+00
1.843215758975860208e+00
1.770052047669598227e+00
1.706936521538865659e+00
1.628712903322747652e+00
1.556761194941580051e+00
1.553226837704729135e+00
1.534774885877053130e+00
1.485370205831630042e+00
1.461891939028035825e+00
1.441530253535151740e+00
1.424273037750635851e+00
1.336234725563390846e+00
1.304129594079059817e+00
1.292273442440076359e+00
1.260265484671212910e+00
1.186320004958312246e+00
1.157982771485242868e+00
1.159218749765052348e+00
1.148586481326872910e+00
1.094723921972795111e+00
1.036662668295708745e+00
9.884797234179263370e-01
9.577160221181979516e-01
8.832027841946579194e-01
8.667104004014727359e-01
8.567748713034841757e-01
8.674941185612861094e-01
8.142918315536853413e-01
7.739792636479521093e-01
7.499701187107210565e-01
7.522261979378503938e-01
7.339442711963894972e-01
7.047430161700114493e-01
6.883260118173861741e-01
6.721795274561639388e-01
6.455984102307428252e-01
6.170249922501414019e-01
5.895464763407907149e-01
5.857391206127386951e-01
5.695553430912050352e-01
5.527203480091271715e-01
5.391788330300926191e-01
5.331032369025643369e-01
5.006844099603204867e-01
4.783522014638328379e-01
4.882775687126446051e-01
5.298566830623845370e-01
5.299442567219476707e-01
4.981838184663520686e-01
4.430197492977585583e-01
4.389083477376853892e-01
4.338763983055611284e-01
4.137098864101895757e-01
3.758485878524346901e-01
3.494459556592115490e-01
3.260585506582471815e-01
3.479003797078230598e-01
3.019557679986051291e-01
3.273239074223550649e-01
2.578416110076857670e-01
3.046949398832470290e-01
3.254127197039289321e-01
2.734528881222895169e-01
2.862232757204936640e-01
3.185437888373747750e-01
3.165754469135819704e-01
2.915156328648507156e-01
3.144667227611814830e-01
3.245799933414286187e-01
2.374846511877541921e-01
2.062902692396015869e-01
1.896258610370260556e-01
1.918401527575444021e-01
2.390136046671558212e-01
2.034967686393687192e-01
1.786405550874605730e-01
2.303924240126271616e-01
1.576695717273000064e-01
1.541875604062052929e-01
1.676187656208494303e-01
2.064252483386606052e-01
1.529083570898923661e-01
1.315622610468003550e-01
1.954624471672679054e-01
2.196121560897714708e-01
2.024695130892988360e-01
2.130011874823016793e-01
1.494074430770004902e-01
1.411410183603807322e-01
1.135375860611582688e-01
1.053378495124654979e-01
1.211022813913196217e-01
1.456571754609825575e-01
1.462537668859562601e-01
1.258694939982394345e-01
1.157123044015477831e-01
9.419738947547418029e-02
1.093613799929991082e-01
2.763641815734896312e-02
4.632070455619663463e-02
1.226292025008852704e-01
1.220411536385519469e-01
4.959982588373623713e-02
4.087976762773948280e-03
1.485553824332752626e-02
1.625339362388622533e-03
-1.931613332683257411e-02
-3.054692641983303147e-02
2.993877923739685087e-02
3.415703718547957735e-02
5.845233318618303642e-02
-3.002978115787424684e-03
1.808059522857785595e-02
5.859927517760521454e-02
8.745063212567538713e-02
9.768539876608439698e-02
7.233893795391344028e-02
9.241017631700820800e-02
9.139574287256890806e-02
5.676994404588597831e-02
5.922821928662580504e-02
6.156739435035385455e-02
7.135389951709103507e-02
7.484660143398702559e-02
3.766305690795723748e-02
5.796501055568370475e-02
1.015372022571998656e-01
9.843430226537996930e-02
4.895019456306148875e-02
4.575195494563422116e-02
3.607651961655866657e-02
3.847750846527464574e-02
6.226462939050625423e-02
4.817235870944269749e-02
9.132740237143810447e-02
5.977707480546978758e-02
5.687445412074687567e-02
5.830408585153312728e-02
5.603293734562475592e-02
5.777433130447384713e-02
8.607101652083937182e-02
5.494751966693955936e-02
6.999743310037764843e-02
8.834684112969970471e-02
1.060727742728961864e-01
6.761326500362896397e-02
3.512449479706036826e-02
4.185961972113316776e-02
7.085798475395810314e-02
1.243021052658432879e-02
1.343869557150378924e-02
-3.065502404053344065e-03
8.163610464364934316e-02
8.654242718262672440e-02
3.641716462894573070e-02
4.673761928629893703e-03
8.555836163959273932e-03
4.406447463630502881e-03
-2.096045271021607093e-02
4.180892613857478679e-02
8.120996791152546024e-02
5.892817210094758451e-02
6.865993546878845777e-02
7.374396644336211892e-02
9.401469099361792203e-02
9.947996480728660273e-02
9.069839216908892610e-02
7.901332310957842608e-02
1.208128421847800560e-01
7.151748050383410771e-02
2.811224054878236345e-02
7.885393904916382368e-02
2.897342008897796362e-02
2.120862720836846904e-02
5.752882763770372776e-02
4.226591193153383941e-02
2.337106871308458622e-02
7.407628369642438315e-02
2.450904711084644916e-02
2.054242298569874947e-02
-3.318386844942500247e-02
-5.319808479380583321e-02
1.782752387576058695e-02
-2.876564513755086594e-02
3.939091825790574930e-02
3.925676532544652986e-02
7.505580334036032752e-02
2.189689007924755515e-02
-9.570374696789230029e-03
3.498269156188849038e-02
5.552456399016492128e-02
3.673614755309317914e-02
5.804435559591691884e-02
5.961972311489249776e-02
7.862892431406898197e-02
7.132394271618602843e-02
1.219597577223607843e-02
1.250026945423821090e-02
5.767532349916626444e-02
1.892143454709183104e-02
8.925958800628297496e-03
7.551862186951208145e-02
6.433774576246431565e-02
4.318905396670658092e-02
3.832474497369453559e-04
3.459064246366638784e-02
1.987093129679706749e-02
8.549190678110907271e-02
9.145253356463145522e-02
4.827473727447584295e-02
7.591004308111815035e-02
5.478193935702702078e-02
1.741171422613030373e-02
4.006293869343391378e-02
5.437168154694749234e-02
4.147928566529479610e-02
5.707109829480883079e-02
3.593864893439846497e-02
1.667893749886362187e-02
8.906626502191095085e-03
-1.318128453076683471e-02
-5.502948134202512165e-02
-2.998270420223070332e-02
2.670015659657432039e-02
1.371670063230645553e-02
-2.647483386657167870e-02
-7.548715087046131700e-02
-5.892257663979583171e-02
-5.895803571025615142e-02
-7.324073779254991479e-02
-8.885525348022138559e-02
-5.534958785274568527e-02
-5.015187635405427002e-02
-8.074195048119570117e-02
-8.199398943970415132e-02
-4.923707860154102889e-02
-8.685826009875485809e-02
-8.271176298152793649e-02
-1.605026371155116038e-02
-3.363602942944599050e-02
-9.533869501135994184e-02
-8.360808764887606159e-02
-6.431488341938340625e-02
-3.951569188618808681e-02
-1.306304356702492342e-02
-1.681760724935488227e-02
-5.766883577808812333e-02
-2.385039999930027577e-02
-5.993895983741115430e-02
-2.978358351121368486e-03
-4.710195016460216877e-02
3.194504220810312489e-02
7.657054675424790346e-02
4.974154650224527074e-02
8.010445786113518096e-02
3.545530842690469697e-02
-1.915759393912086495e-03
-1.150310884013494572e-02
1.804472307481663762e-02
1.889033763628189533e-02
2.445260142589500418e-03
3.219622990107762206e-02
1.810686732645150343e-02
4.547143635553752006e-03
2.427826044515413173e-04
-3.208405894857513374e-02
-8.685285895197569772e-03
2.686828149961062451e-02
1.418343519113784978e-02
-1.098131853909345423e-02
1.290403359484049162e-02
2.746789669434024361e-02
-1.011364532941927408e-02
-1.252765456375604103e-02
3.995477696219573716e-02
7.301682218951111025e-03
-9.508995277152942904e-02
-3.773345225065716235e-02
-1.507786562370760919e-02
-2.192528311201336066e-02
-4.373588504692715873e-03
-3.747410203167689247e-02
6.777363848119222212e-03
-2.986672693497149922e-02
-4.760734932030974420e-02
4.249046203050887982e-03
1.976207558561826616e-02
-2.620289286861776645e-02
-3.451029544857631137e-02
-1.195155207045006662e-02
-1.555064772205305701e-02
-4.651325689232610472e-02
-3.223440474638872288e-02
4.991736929514267729e-03
-3.377677715421079085e-03
1.357712804694832798e-02
1.527803984240883040e-02
1.722572760120533175e-02
-3.494332439295089188e-03
-4.279775436682253797e-02
-3.520439303849265400e-03
-3.426674153498598940e-02
-1.168336186885721162e-02
-5.166739636454842355e-02
-5.069919520302912375e-02
-1.551662618147364725e-02
1.909754021948284475e-02
-3.035292597889993615e-02
-4.134537000788229832e-02
-6.419259423929668529e-02
-3.863192495116152259e-02
1.521305357768065747e-02
1.641197002383165682e-02
2.473492105920316320e-02
5.773958273728574397e-02
7.388557139854690092e-02
4.195259651025873282e-02
-9.616871353020695068e-03
2.463855698700889718e-02
1.607277906466020312e-02
3.015011265359435200e-02
4.115273307228939359e-03
3.494800908803163964e-02
3.336398334308832148e-02
3.355682715079622014e-02
-3.098876031735287029e-02
-1.461341128468651718e-02
-2.964815629935069197e-02
-1.842360902584250226e-02
1.396325980949963963e-03
-2.015462633220455047e-02
-5.449913195501476793e-02
-7.110159418594275138e-02
-1.070034403725226291e-01
-6.152814086193458820e-02
-6.954557548873419037e-02
-5.920674490343458274e-02
-3.433166170638823900e-02
4.859170236932719433e-03
-6.462839712063805919e-02
-2.530585769799031937e-02
-5.553651630759404156e-02
-3.571975378054359496e-02
-2.694140319208537804e-02
2.625786004575791921e-02
2.206156160589811677e-02
-1.622868793842435764e-04
5.448739245809797183e-03
2.937189676334472921e-02
3.308259099923560598e-02
3.907388508693188101e-02
6.673894743168595767e-03
-1.504959420266871462e-02
-4.922791013508120983e-03
-1.026541742112918598e-04
9.301666323502377764e-03
1.743387201433632683e-02
-1.692342266744262247e-02
2.842676217328676813e-02
3.869682265083218553e-02
-1.464900254180134809e-02
-5.301059652849993142e-03
3.183238613057026711e-02
-3.314171742951099731e-02
-1.295415480917805340e-02
-3.881652361619680747e-02
3.399667824847618647e-02
2.390093892346989435e-02
-2.268054809412589634e-02
3.846455219018274363e-03
9.227019064835273454e-02
5.878007347628333434e-02
5.992140611043561549e-02
2.684898026503734769e-03
2.172592118030003405e-03
1.955080826274224748e-02
2.511332188519599384e-02
4.642275265458950528e-02
4.592870502797197219e-02
5.241753316533959151e-02
1.666272811017366351e-02
7.874176214825112652e-02
3.783286719085898753e-02
7.878835794447480723e-02
7.562119871453010234e-02
7.834528479705538118e-02
5.612682291801407430e-02
5.987465962142390907e-03
2.514152721290940917e-02
2.885663317844189280e-02
-9.547506405311878552e-03
-2.258373789197376524e-02
5.241442677892793611e-02
6.068243773541359687e-02
6.915198377223807924e-02
5.048641830853650703e-02
1.052854024738802963e-02
2.762288554844438693e-02
6.760951420726435401e-02
8.073452555672355757e-02
2.714894681686352840e-02
2.511618042162977460e-02
6.361704759087638550e-02
8.161863948173264660e-02
1.056810391179761055e-01
5.145886596637705424e-02
8.027197140088349059e-02
4.540440318046723434e-02
5.784316750555440478e-02
9.590084586406177891e-02
1.161152754222176675e-01
1.088880195780301818e-01
8.832930987445042348e-02
1.140864911499916978e-01
1.047028909105978123e-01
1.290059198306718891e-01
1.054219367489821479e-01
1.109546257571847327e-01
9.611921821969060531e-02
6.433229306290488836e-02
9.451617411962942583e-02
1.080326562506925825e-01
1.065944323872733968e-01
1.246946685701266766e-01
1.646187729406789479e-01
1.579218334368439614e-01
1.783791064053183995e-01
1.810041846825307665e-01
1.875201110843751628e-01
1.969535952630563358e-01
1.530719050299627071e-01
1.431615409665969452e-01
1.233320554739116837e-01
1.215024269222135800e-01
1.352020701884319998e-01
1.600165623270539683e-01
1.138652106879294301e-01
1.154660406615035662e-01
1.553588498412588059e-01
1.282337019099322184e-01
1.285838974082134101e-01
1.248801760184239384e-01
1.314437061397391027e-01
8.324914535956118300e-02
5.154883550908584411e-02
4.894363480025676338e-02
4.578602605619996879e-02
2.157412331207009260e-02
1.464007399412059485e-02
6.401088120894948830e-02
8.436504858578075527e-02
6.503630266916671232e-02
4.709338513022531814e-02
8.430789438041186301e-02
9.383392574160120958e-02
4.750402297694344966e-02
6.234580852058568823e-02
7.072559981801473938e-02
4.782892125394289096e-02
2.598881063089741872e-02
6.212003371222163395e-02
6.890183704917740570e-02
4.118470770250315383e-02
2.774700881838265687e-02
6.741024282341401275e-02
5.474520798999860105e-02
7.806414030317254671e-02
1.288770708877819970e-01
1.128037518406319606e-01
4.223967288032337564e-02
1.014632438231872769e-01
1.159232908277734175e-01
6.440053442403526063e-02
4.314031013733021780e-02
6.739545444127692519e-02
0.000000000000000000e+00
0.000000000000000000e+00
0.000000000000000000e+00
0.000000000000000000e+00
0.000000000000000000e+00
0.000000000000000000e+00
0.000000000000000000e+00
0.000000000000000000e+00
0.000000000000000000e+00
0.000000000000000000e+00
0.000000000000000000e+00
0.000000000000000000e+00
0.000000000000000000e+00
0.000000000000000000e+00
0.000000000000000000e+00
0.000000000000000000e+00
0.000000000000000000e+00
0.000000000000000000e+00
0.000000000000000000e+00
0.000000000000000000e+00
0.000000000000000000e+00
0.000000000000000000e+00
0.000000000000000000e+00
0.000000000000000000e+00
0.000000000000000000e+00
0.000000000000000000e+00
0.000000000000000000e+00
0.000000000000000000e+00
0.000000000000000000e+00
0.000000000000000000e+00
0.000000000000000000e+00
0.000000000000000000e+00
0.000000000000000000e+00
0.000000000000000000e+00
0.000000000000000000e+00
0.000000000000000000e+00
0.000000000000000000e+00
0.000000000000000000e+00
0.000000000000000000e+00
0.000000000000000000e+00
0.000000000000000000e+00
0.000000000000000000e+00
0.000000000000000000e+00
0.000000000000000000e+00
0.000000000000000000e+00
0.000000000000000000e+00
0.000000000000000000e+00
0.000000000000000000e+00
0.000000000000000000e+00
0.000000000000000000e+00
0.000000000000000000e+00
0.000000000000000000e+00
0.000000000000000000e+00
0.000000000000000000e+00
0.000000000000000000e+00
0.000000000000000000e+00
0.000000000000000000e+00
0.000000000000000000e+00
0.000000000000000000e+00
0.000000000000000000e+00
0.000000000000000000e+00
0.000000000000000000e+00
0.000000000000000000e+00
0.000000000000000000e+00
0.000000000000000000e+00
0.000000000000000000e+00
0.000000000000000000e+00
0.000000000000000000e+00
0.000000000000000000e+00
0.000000000000000000e+00
0.000000000000000000e+00
0.000000000000000000e+00
0.000000000000000000e+00
0.000000000000000000e+00
0.000000000000000000e+00
0.000000000000000000e+00
0.000000000000000000e+00
0.000000000000000000e+00
0.000000000000000000e+00
0.000000000000000000e+00
0.000000000000000000e+00
0.000000000000000000e+00
0.000000000000000000e+00
0.000000000000000000e+00
0.000000000000000000e+00
0.000000000000000000e+00
0.000000000000000000e+00
0.000000000000000000e+00
0.000000000000000000e+00
0.000000000000000000e+00
0.000000000000000000e+00
0.000000000000000000e+00
0.000000000000000000e+00
0.000000000000000000e+00
0.000000000000000000e+00
0.000000000000000000e+00
0.000000000000000000e+00
0.000000000000000000e+00
0.000000000000000000e+00
0.000000000000000000e+00
0.000000000000000000e+00
0.000000000000000000e+00
0.000000000000000000e+00
0.000000000000000000e+00
0.000000000000000000e+00
0.000000000000000000e+00
0.000000000000000000e+00
0.000000000000000000e+00
0.000000000000000000e+00
0.000000000000000000e+00
0.000000000000000000e+00
0.000000000000000000e+00
0.000000000000000000e+00
0.000000000000000000e+00
0.000000000000000000e+00
0.000000000000000000e+00
0.000000000000000000e+00
0.000000000000000000e+00
0.000000000000000000e+00
0.000000000000000000e+00
0.000000000000000000e+00
0.000000000000000000e+00
0.000000000000000000e+00
0.000000000000000000e+00
0.000000000000000000e+00
0.000000000000000000e+00
0.000000000000000000e+00
0.000000000000000000e+00
0.000000000000000000e+00
0.000000000000000000e+00
0.000000000000000000e+00
0.000000000000000000e+00
0.000000000000000000e+00
0.000000000000000000e+00
0.000000000000000000e+00
0.000000000000000000e+00
0.000000000000000000e+00
0.000000000000000000e+00
0.000000000000000000e+00
0.000000000000000000e+00
0.000000000000000000e+00
0.000000000000000000e+00
0.000000000000000000e+00
0.000000000000000000e+00
0.000000000000000000e+00
0.000000000000000000e+00
0.000000000000000000e+00
0.000000000000000000e+00
0.000000000000000000e+00
0.000000000000000000e+00
0.000000000000000000e+00
0.000000000000000000e+00
0.000000000000000000e+00
0.000000000000000000e+00
0.000000000000000000e+00
0.000000000000000000e+00
0.000000000000000000e+00
0.000000000000000000e+00
0.000000000000000000e+00
0.000000000000000000e+00
0.000000000000000000e+00
0.000000000000000000e+00
0.000000000000000000e+00
0.000000000000000000e+00
0.000000000000000000e+00
0.000000000000000000e+00
0.000000000000000000e+00
0.000000000000000000e+00
0.000000000000000000e+00
0.000000000000000000e+00
0.000000000000000000e+00
0.000000000000000000e+00
0.000000000000000000e+00
0.000000000000000000e+00
0.000000000000000000e+00
0.000000000000000000e+00
0.000000000000000000e+00
0.000000000000000000e+00
0.000000000000000000e+00
0.000000000000000000e+00
0.000000000000000000e+00
0.000000000000000000e+00
0.000000000000000000e+00
0.000000000000000000e+00
0.000000000000000000e+00
0.000000000000000000e+00
0.000000000000000000e+00
0.000000000000000000e+00
0.000000000000000000e+00
0.000000000000000000e+00
0.000000000000000000e+00
0.000000000000000000e+00
0.000000000000000000e+00
0.000000000000000000e+00
0.000000000000000000e+00
0.000000000000000000e+00
0.000000000000000000e+00
0.000000000000000000e+00
0.000000000000000000e+00
0.000000000000000000e+00
0.000000000000000000e+00
0.000000000000000000e+00
0.000000000000000000e+00
0.000000000000000000e+00
0.000000000000000000e+00
0.000000000000000000e+00
0.000000000000000000e+00
0.000000000000000000e+00
0.000000000000000000e+00
0.000000000000000000e+00
0.000000000000000000e+00
0.000000000000000000e+00
0.000000000000000000e+00
0.000000000000000000e+00
0.000000000000000000e+00
0.000000000000000000e+00
0.000000000000000000e+00
0.000000000000000000e+00
0.000000000000000000e+00
0.000000000000000000e+00
0.000000000000000000e+00
0.000000000000000000e+00
0.000000000000000000e+00
0.000000000000000000e+00
