0.000000000000000000e+00
0.000000000000000000e+00
0.000000000000000000e+00
0.000000000000000000e+00
0.000000000000000000e+00
0.000000000000000000e+00
0.000000000000000000e+00
0.000000000000000000e+00
0.000000000000000000e+00
0.000000000000000000e+00
0.000000000000000000e+00
0.000000000000000000e+00
0.000000000000000000e+00
0.000000000000000000e+00
0.000000000000000000e+00
0.000000000000000000e+00
0.000000000000000000e+00
0.000000000000000000e+00
0.000000000000000000e+00
0.000000000000000000e+00
0.000000000000000000e+00
0.000000000000000000e+00
0.000000000000000000e+00
0.000000000000000000e+00
0.000000000000000000e+00
0.000000000000000000e+00
0.000000000000000000e+00
0.000000000000000000e+00
0.000000000000000000e+00
0.000000000000000000e+00
0.000000000000000000e+00
0.000000000000000000e+00
0.000000000000000000e+00
0.000000000000000000e+00
0.000000000000000000e+00
0.000000000000000000e+00
0.000000000000000000e+00
0.000000000000000000e+00
0.000000000000000000e+00
0.000000000000000000e+00
0.000000000000000000e+00
0.000000000000000000e+00
0.000000000000000000e+00
0.000000000000000000e+00
0.000000000000000000e+00
0.000000000000000000e+00
0.000000000000000000e+00
0.000000000000000000e+00
0.000000000000000000e+00
0.000000000000000000e+00
0.000000000000000000e+00
0.000000000000000000e+00
0.000000000000000000e+00
0.000000000000000000e+00
0.000000000000000000e+00
0.000000000000000000e+00
0.000000000000000000e+00
0.000000000000000000e+00
0.000000000000000000e+00
0.000000000000000000e+00
0.000000000000000000e+00
0.000000000000000000e+00
0.000000000000000000e+00
0.000000000000000000e+00
0.000000000000000000e+00
0.000000000000000000e+00
0.000000000000000000e+00
0.000000000000000000e+00
0.000000000000000000e+00
0.000000000000000000e+00
0.000000000000000000e+00
0.000000000000000000e+00
0.000000000000000000e+00
0.000000000000000000e+00
0.000000000000000000e+00
0.000000000000000000e+00
0.000000000000000000e+00
0.000000000000000000e+00
0.000000000000000000e+00
0.000000000000000000e+00
0.000000000000000000e+00
0.000000000000000000e+00
0.000000000000000000e+00
0.000000000000000000e+00
0.000000000000000000e+00
0.000000000000000000e+00
0.000000000000000000e+00
0.000000000000000000e+00
0.000000000000000000e+00
0.000000000000000000e+00
0.000000000000000000e+00
0.000000000000000000e+00
0.000000000000000000e+00
0.000000000000000000e+00
0.000000000000000000e+00
0.000000000000000000e+00
0.000000000000000000e+00
0.000000000000000000e+00
0.000000000000000000e+00
0.000000000000000000e+00
0.000000000000000000e+00
0.000000000000000000e+00
0.000000000000000000e+00
0.000000000000000000e+00
0.000000000000000000e+00
0.000000000000000000e+00
0.000000000000000000e+00
0.000000000000000000e+00
0.000000000000000000e+00
0.000000000000000000e+00
0.000000000000000000e+00
0.000000000000000000e+00
0.000000000000000000e+00
0.000000000000000000e+00
0.000000000000000000e+00
0.000000000000000000e+00
0.000000000000000000e+00
0.000000000000000000e+00
0.000000000000000000e+00
0.000000000000000000e+00
0.000000000000000000e+00
0.000000000000000000e+00
0.000000000000000000e+00
0.000000000000000000e+00
0.000000000000000000e+00
0.000000000000000000e+00
0.000000000000000000e+00
0.000000000000000000e+00
0.000000000000000000e+00
0.000000000000000000e+00
0.000000000000000000e+00
0.000000000000000000e+00
0.000000000000000000e+00
0.000000000000000000e+00
0.000000000000000000e+00
0.000000000000000000e+00
0.000000000000000000e+00
0.000000000000000000e+00
0.000000000000000000e+00
0.000000000000000000e+00
0.000000000000000000e+00
0.000000000000000000e+00
0.000000000000000000e+00
0.000000000000000000e+00
0.000000000000000000e+00
0.000000000000000000e+00
0.000000000000000000e+00
0.000000000000000000e+00
0.000000000000000000e+00
0.000000000000000000e+00
0.000000000000000000e+00
0.000000000000000000e+00
0.000000000000000000e+00
0.000000000000000000e+00
0.000000000000000000e+00
0.000000000000000000e+00
0.000000000000000000e+00
0.000000000000000000e+00
0.000000000000000000e+00
0.000000000000000000e+00
0.000000000000000000e+00
0.000000000000000000e+00
0.000000000000000000e+00
0.000000000000000000e+00
0.000000000000000000e+00
0.000000000000000000e+00
0.000000000000000000e+00
0.000000000000000000e+00
0.000000000000000000e+00
0.000000000000000000e+00
0.000000000000000000e+00
0.000000000000000000e+00
0.000000000000000000e+00
0.000000000000000000e+00
0.000000000000000000e+00
0.000000000000000000e+00
0.000000000000000000e+00
0.000000000000000000e+00
0.000000000000000000e+00
0.000000000000000000e+00
0.000000000000000000e+00
0.000000000000000000e+00
0.000000000000000000e+00
0.000000000000000000e+00
0.000000000000000000e+00
0.000000000000000000e+00
0.000000000000000000e+00
0.000000000000000000e+00
0.000000000000000000e+00
0.000000000000000000e+00
0.000000000000000000e+00
0.000000000000000000e+00
0.000000000000000000e+00
0.000000000000000000e+00
0.000000000000000000e+00
0.000000000000000000e+00
0.000000000000000000e+00
0.000000000000000000e+00
0.000000000000000000e+00
0.000000000000000000e+00
6.629772170611912541e-02
6.630092620780309032e-02
9.590411276427764087e-02
-8.129681910481206808e-02
-2.159695273253228742e-02
-3.965111521999466204e-02
-1.870008321022735565e-02
-1.431517128595587163e-01
-1.027384603223971404e-02
1.320829367762496598e-01
1.667444292408639395e-01
1.119907112177851161e-01
-3.196351568016110589e-02
-8.861429870014758681e-02
-3.493889549372319880e-02
-1.130309992811237424e-01
-6.068706652438708715e-02
-1.301542540293941230e-01
-2.191208342813320276e-01
-5.299145573034360485e-02
5.581739894870952484e-02
-1.428588214056468464e-02
1.331769536511529656e-02
3.100013565723767212e-02
1.788731476645029003e-02
7.859019016581131334e-02
-1.131050232700259520e-02
-1.870649221359527159e-02
9.266596381263036974e-02
1.618751889320781678e-01
2.245824801347596766e-01
8.794733508299094893e-02
-1.859753915634043686e-02
-1.399267023648184671e-02
1.208575673773180370e-01
1.771029809342828387e-01
1.710480750024297725e-01
1.847200814370691946e-01
1.638395484643490885e-01
1.099366256383631502e-01
1.415890910217337262e-01
1.797819443420781427e-01
2.192341668242210329e-01
2.761060604604011481e-01
2.331625333935776478e-01
2.942723805068023224e-01
1.917795986468454617e-01
2.409654949940339963e-01
3.926457754520213395e-01
4.271198045681237065e-01
4.937301788218753651e-01
7.451938349660266470e-01
1.228391030386152938e+00
1.748529721219034716e+00
2.877514118500335449e+00
4.133297442914475539e+00
5.324109495686210280e+00
6.497306402701188865e+00
7.508679179177581098e+00
8.292248737693387994e+00
8.669360904865831330e+00
8.995841945431621411e+00
8.873071076915529432e+00
8.673174261869752044e+00
8.218247180305567667e+00
7.693662243386183874e+00
7.233420495779145476e+00
6.669868818382742148e+00
6.244285358738631331e+00
5.662862175450745106e+00
5.232968661041702774e+00
4.823583957410040313e+00
4.450305976502461291e+00
4.327081670998088825e+00
4.123094309552731040e+00
3.899676452146646710e+00
3.770137676074020394e+00
3.684994066331050533e+00
3.581607228501269446e+00
3.322564925874537778e+00
3.416996783748480482e+00
3.385683995543609992e+00
3.208257146305799612e+00
2.903669261244868238e+00
2.627462045347975117e+00
2.497476241290436327e+00
2.435028514724156157e+00
2.482171541247815139e+00
2.344233766261516028e+00
2.279373049927209571e+00
2.183265237672555426e+00
2.202806288941376422e+00
2.369454796765167792e+00
2.321199808157171418e+00
2.189393847143139560e+00
1.985368031677571032e+00
1.941342985292410450e+00
1.900886151532342971e+00
1.724388607782883831e+00
1.713764082449696247e+00
1.584109944316444807e+00
1.531915020888012791e+00
1.564121865062709560e+00
1.246051039166488739e+00
1.328302586139678887e+00
1.205260937231292573e+00
1.149388848120509898e+00
1.009188694945331477e+00
9.978928265093505168e-01
1.044255556872965229e+00
9.264901199872292992e-01
9.522318820145239116e-01
1.102165709054750753e+00
9.303899985366159697e-01
9.768280346898015054e-01
8.342821862819591594e-01
7.616153038455122370e-01
7.663307280734663607e-01
7.841974272124168088e-01
7.094892772032856954e-01
6.303621193719650684e-01
6.647255931799702644e-01
7.210799597941877082e-01
6.745281638312206063e-01
5.480320621075165377e-01
4.524081296071371661e-01
4.346135317560784195e-01
4.404104753023720953e-01
5.084997270832731786e-01
4.307473004743731515e-01
3.604229087689052591e-01
4.444529541766950587e-01
3.628326940352484264e-01
2.497121823404175878e-01
2.562862175450733027e-01
1.318329856448983151e-01
4.230561759826656498e-02
1.823968177161949811e-01
1.515198417403422759e-01
2.115177267692311958e-01
3.624177110671742419e-01
4.312536117404399683e-01
3.933635838292293130e-01
2.668658798546852395e-01
3.015610195869808940e-01
3.772721786231953978e-01
4.049526641692917650e-01
3.074380756753756216e-01
5.554793240210531557e-01
4.611932709737294189e-01
3.394542519998751118e-01
2.375174511820858925e-01
8.962649396538813207e-02
8.435028194273952451e-02
8.397535524571564380e-02
1.319771882206781655e-01
1.312689933485211569e-01
1.401823147824718951e-01
7.472235663326420863e-02
5.455001853270013967e-02
-1.400769934937948769e-01
-1.953546475422012207e-01
-1.642245159333177718e-01
9.486713601933427498e-03
-8.004385894638232912e-02
-2.591662100251879153e-02
1.153986987586819168e-01
2.042579282042074063e-01
2.369855039025479115e-01
1.976438367285018316e-01
3.234669930985702990e-01
3.019615822974772712e-01
4.064235304422307848e-01
3.578689209267835736e-01
2.606507488386338167e-01
3.966914588280272547e-01
3.819411375767334249e-01
4.170079995043702858e-01
2.732380314532512067e-01
1.845246068343473489e-01
1.793220983504286714e-01
2.365737254361572894e-01
1.996818997995046807e-01
1.081805587155497683e-01
-4.494527245208601585e-03
-2.525360960411671130e-03
-1.025330517644533757e-01
-1.105555217302613968e-01
-1.055036248254883624e-01
-1.945166703518439455e-01
-2.804790302750648223e-01
2.704097382669834460e-02
-3.570156689450687537e-02
-4.120369628587594590e-02
-2.957776417644852884e-02
-8.983361159089620074e-02
-1.229713635047859910e-01
-1.469666721143192412e-01
-1.385356281838063808e-01
-4.035129883794219552e-02
1.284663361757232281e-02
-1.326845285590527723e-02
-1.992385035831674145e-01
-3.603560415004332107e-01
-4.535685864836256354e-01
-3.125897393992418394e-01
-1.624652445088203834e-01
-2.398074949021711255e-01
-2.181498702710906734e-01
-1.644344107936173138e-01
-2.968332046191828333e-01
-2.893651134447003948e-01
-2.213095089314807140e-01
-1.944509780673224775e-01
-2.897015861215173071e-01
-2.054456233450085989e-01
2.228068657516724116e-02
3.762223838715161861e-02
2.826560619024269805e-01
2.050878941403548872e-01
-2.746920206839931211e-02
1.172633982885251669e-03
-6.329104459277257178e-03
2.669648989567274810e-02
1.413965004705364237e-02
-4.801326236430303318e-02
-1.438583054808721950e-01
-8.916867749147483480e-02
-2.005811897887497253e-01
-9.931733432459299848e-02
-2.808331277111424384e-01
-1.587976923315208566e-01
-1.839597600042264247e-03
-5.220346876625869825e-03
-4.950335564734698046e-02
-1.135116745337185762e-01
-1.651301081092082512e-02
-2.771143035068994731e-01
-3.757456608376785745e-01
-3.232911727728451368e-01
-1.531834053812122232e-01
6.091095437537363821e-02
-1.628033194364781888e-01
-1.544812285632193305e-01
-1.273999848320255257e-01
2.911268416538170811e-02
8.843922609148036074e-02
8.063786674186612657e-02
-1.349449840469225670e-01
-9.299965925465336625e-02
-7.182431212700857159e-02
2.907583239601629899e-02
-1.698887931098980175e-02
6.956791567460696157e-02
1.032280013629809368e-01
1.778976973519070803e-01
1.291553040377735329e-02
-1.769707418314503400e-02
-4.411178156407480344e-02
-1.310771505143759619e-01
-3.502955084636243388e-01
-3.177137375919028006e-01
-4.001479411610768810e-01
-3.712801877410722984e-01
-2.580875747583539770e-01
-2.209041394684587711e-01
-8.742863307707948728e-02
-5.402811202510626742e-02
-1.759113335747395368e-01
-2.260297399119626238e-01
-9.597023231569101753e-02
-4.812381767239903851e-02
-1.550019600868637326e-01
-9.894080537672689246e-02
-5.465939885684800714e-02
-4.867659421288372812e-02
-2.639088725174376648e-02
-7.037299331434709870e-03
2.453986026236254503e-02
1.454649358084907362e-01
1.528961752136064334e-01
1.789375581483541033e-01
3.397923269275340274e-01
3.575885270294372198e-01
1.764861143601206273e-01
7.031136006528715399e-02
2.255951026668929771e-01
2.351060636649036084e-01
2.549066795701264709e-01
1.680150141585574630e-01
-5.380379690722891795e-02
7.640472001734677221e-02
9.609157611279073308e-02
-1.003139343483070434e-01
1.067930094863940305e-01
1.310895412542203431e-01
6.812268541513777365e-02
2.313551944438216879e-01
5.671145491853568643e-02
1.016446570809392824e-02
1.061309594384862720e-02
8.944383736940375584e-02
-3.006324618157041328e-02
-2.333840712766637182e-01
-3.444985649173295528e-01
-2.045563741277103276e-01
-1.894359329319175167e-01
6.455255008901872316e-03
8.234907064110297270e-02
4.542359773676718504e-02
4.861848591568085354e-02
-6.821764548170650144e-02
-1.817935168658202372e-02
-1.154007282764155651e-01
-2.699073792196604593e-01
-9.496882553945029670e-02
-1.891811750480401066e-01
1.896723183394666279e-02
-7.267991407662766079e-02
-9.066197527620167840e-02
-1.632904036924407443e-01
-1.304875222045265293e-01
-2.363982255605945326e-02
-2.140689373765602976e-01
-2.252526482535994745e-01
-9.522839017585171817e-02
-9.563856639139944882e-02
-9.329447340957930379e-02
7.527160822190293032e-03
-7.561523761914124009e-02
-2.784092426373918627e-02
-2.208304359297277308e-01
-2.683083328793616218e-01
-2.268516945938980900e-01
-2.222836774434060469e-01
-1.962791462780251184e-01
-8.817367971860234910e-02
4.292889317579984265e-02
1.044489165045718870e-01
1.826483710983854980e-01
1.223156156435225572e-01
2.357850975717301623e-02
4.203643945681534433e-02
1.215721712528423648e-01
3.905945739241123427e-02
-7.509931284802240370e-02
-2.539428722803172001e-02
-7.075080406288125623e-02
-8.854379966310044203e-02
-5.032883528113929472e-03
-1.559312655752138621e-01
-1.929688960384885466e-01
-7.045278540627264441e-02
1.582396817716191784e-01
8.802424312340617618e-02
1.629307517867717436e-02
5.794038131433687511e-02
-6.932960756604211738e-02
-6.926071077983708690e-02
-8.245043971103860336e-02
-2.787777603310415131e-02
1.360645301185776646e-01
-1.630244300526726420e-01
-3.979531779577305528e-02
-3.213123929829957426e-01
-2.482817996054205167e-01
-2.653345553166432946e-01
-2.369170343832354142e-01
-2.154853271208729826e-01
-3.137065082361039092e-01
-2.093166613792383224e-01
-2.749945256429568996e-01
-3.358816598891456451e-01
-3.894612484952109099e-02
-9.604553810526272883e-02
-1.135789690690818254e-01
-1.321138068091398665e-01
-1.572274865063798543e-01
-4.488887322243639844e-02
-1.418490829250265151e-01
-9.065716852367611267e-02
-1.097082514850233892e-02
1.143732582198135894e-01
2.184266323998627080e-01
1.236583018491050900e-01
-2.234039712321145288e-02
-4.385221692767338197e-02
-1.092336647856235743e-01
-1.347158621765198738e-01
5.103468018538981354e-02
9.197218919805116855e-02
3.212491574830833585e-02
-4.203205997118164561e-02
-1.740591316014072909e-01
-3.693401824216291374e-03
4.085237608459113545e-02
-4.912201994695530871e-02
-1.167354032277883036e-01
-3.266639107952187260e-01
-8.809356717650329571e-02
0.000000000000000000e+00
0.000000000000000000e+00
0.000000000000000000e+00
0.000000000000000000e+00
0.000000000000000000e+00
0.000000000000000000e+00
0.000000000000000000e+00
0.000000000000000000e+00
0.000000000000000000e+00
0.000000000000000000e+00
0.000000000000000000e+00
0.000000000000000000e+00
0.000000000000000000e+00
0.000000000000000000e+00
0.000000000000000000e+00
0.000000000000000000e+00
0.000000000000000000e+00
0.000000000000000000e+00
0.000000000000000000e+00
0.000000000000000000e+00
0.000000000000000000e+00
0.000000000000000000e+00
0.000000000000000000e+00
0.000000000000000000e+00
0.000000000000000000e+00
0.000000000000000000e+00
0.000000000000000000e+00
0.000000000000000000e+00
0.000000000000000000e+00
0.000000000000000000e+00
0.000000000000000000e+00
0.000000000000000000e+00
0.000000000000000000e+00
0.000000000000000000e+00
0.000000000000000000e+00
0.000000000000000000e+00
0.000000000000000000e+00
0.000000000000000000e+00
0.000000000000000000e+00
0.000000000000000000e+00
0.000000000000000000e+00
0.000000000000000000e+00
0.000000000000000000e+00
0.000000000000000000e+00
0.000000000000000000e+00
0.000000000000000000e+00
0.000000000000000000e+00
0.000000000000000000e+00
0.000000000000000000e+00
0.000000000000000000e+00
0.000000000000000000e+00
0.000000000000000000e+00
0.000000000000000000e+00
0.000000000000000000e+00
0.000000000000000000e+00
0.000000000000000000e+00
0.000000000000000000e+00
0.000000000000000000e+00
0.000000000000000000e+00
0.000000000000000000e+00
0.000000000000000000e+00
0.000000000000000000e+00
0.000000000000000000e+00
0.000000000000000000e+00
0.000000000000000000e+00
0.000000000000000000e+00
0.000000000000000000e+00
0.000000000000000000e+00
0.000000000000000000e+00
0.000000000000000000e+00
0.000000000000000000e+00
0.000000000000000000e+00
0.000000000000000000e+00
0.000000000000000000e+00
0.000000000000000000e+00
0.000000000000000000e+00
0.000000000000000000e+00
0.000000000000000000e+00
0.000000000000000000e+00
0.000000000000000000e+00
0.000000000000000000e+00
0.000000000000000000e+00
0.000000000000000000e+00
0.000000000000000000e+00
0.000000000000000000e+00
0.000000000000000000e+00
0.000000000000000000e+00
0.000000000000000000e+00
0.000000000000000000e+00
0.000000000000000000e+00
0.000000000000000000e+00
0.000000000000000000e+00
0.000000000000000000e+00
0.000000000000000000e+00
0.000000000000000000e+00
0.000000000000000000e+00
0.000000000000000000e+00
0.000000000000000000e+00
0.000000000000000000e+00
0.000000000000000000e+00
0.000000000000000000e+00
0.000000000000000000e+00
0.000000000000000000e+00
0.000000000000000000e+00
0.000000000000000000e+00
0.000000000000000000e+00
0.000000000000000000e+00
0.000000000000000000e+00
0.000000000000000000e+00
0.000000000000000000e+00
0.000000000000000000e+00
0.000000000000000000e+00
0.000000000000000000e+00
0.000000000000000000e+00
0.000000000000000000e+00
0.000000000000000000e+00
0.000000000000000000e+00
0.000000000000000000e+00
0.000000000000000000e+00
0.000000000000000000e+00
0.000000000000000000e+00
0.000000000000000000e+00
0.000000000000000000e+00
0.000000000000000000e+00
0.000000000000000000e+00
0.000000000000000000e+00
0.000000000000000000e+00
0.000000000000000000e+00
0.000000000000000000e+00
0.000000000000000000e+00
0.000000000000000000e+00
0.000000000000000000e+00
0.000000000000000000e+00
0.000000000000000000e+00
0.000000000000000000e+00
0.000000000000000000e+00
0.000000000000000000e+00
0.000000000000000000e+00
0.000000000000000000e+00
0.000000000000000000e+00
0.000000000000000000e+00
0.000000000000000000e+00
0.000000000000000000e+00
0.000000000000000000e+00
0.000000000000000000e+00
0.000000000000000000e+00
0.000000000000000000e+00
0.000000000000000000e+00
0.000000000000000000e+00
0.000000000000000000e+00
0.000000000000000000e+00
0.000000000000000000e+00
0.000000000000000000e+00
0.000000000000000000e+00
0.000000000000000000e+00
0.000000000000000000e+00
0.000000000000000000e+00
0.000000000000000000e+00
0.000000000000000000e+00
0.000000000000000000e+00
0.000000000000000000e+00
0.000000000000000000e+00
0.000000000000000000e+00
0.000000000000000000e+00
0.000000000000000000e+00
0.000000000000000000e+00
0.000000000000000000e+00
0.000000000000000000e+00
0.000000000000000000e+00
0.000000000000000000e+00
0.000000000000000000e+00
0.000000000000000000e+00
0.000000000000000000e+00
0.000000000000000000e+00
0.000000000000000000e+00
0.000000000000000000e+00
0.000000000000000000e+00
0.000000000000000000e+00
0.000000000000000000e+00
0.000000000000000000e+00
0.000000000000000000e+00
0.000000000000000000e+00
0.000000000000000000e+00
0.000000000000000000e+00
0.000000000000000000e+00
0.000000000000000000e+00
0.000000000000000000e+00
0.000000000000000000e+00
0.000000000000000000e+00
0.000000000000000000e+00
0.000000000000000000e+00
0.000000000000000000e+00
0.000000000000000000e+00
0.000000000000000000e+00
0.000000000000000000e+00
0.000000000000000000e+00
0.000000000000000000e+00
0.000000000000000000e+00
0.000000000000000000e+00
0.000000000000000000e+00
0.000000000000000000e+00
0.000000000000000000e+00
0.000000000000000000e+00
0.000000000000000000e+00
0.000000000000000000e+00
0.000000000000000000e+00
0.000000000000000000e+00
0.000000000000000000e+00
0.000000000000000000e+00
0.000000000000000000e+00
0.000000000000000000e+00
0.000000000000000000e+00
0.000000000000000000e+00
0.000000000000000000e+00
0.000000000000000000e+00
0.000000000000000000e+00
0.000000000000000000e+00
0.000000000000000000e+00
0.000000000000000000e+00
0.000000000000000000e+00
0.000000000000000000e+00
0.000000000000000000e+00
0.000000000000000000e+00
0.000000000000000000e+00
0.000000000000000000e+00
0.000000000000000000e+00
0.000000000000000000e+00
0.000000000000000000e+00
0.000000000000000000e+00
0.000000000000000000e+00
0.000000000000000000e+00
0.000000000000000000e+00
0.000000000000000000e+00
0.000000000000000000e+00
0.000000000000000000e+00
0.000000000000000000e+00
0.000000000000000000e+00
0.000000000000000000e+00
0.000000000000000000e+00
0.000000000000000000e+00
0.000000000000000000e+00
0.000000000000000000e+00
0.000000000000000000e+00
0.000000000000000000e+00
0.000000000000000000e+00
0.000000000000000000e+00
0.000000000000000000e+00
0.000000000000000000e+00
0.000000000000000000e+00
0.000000000000000000e+00
0.000000000000000000e+00
0.000000000000000000e+00
0.000000000000000000e+00
0.000000000000000000e+00
0.000000000000000000e+00
0.000000000000000000e+00
0.000000000000000000e+00
0.000000000000000000e+00
0.000000000000000000e+00
0.000000000000000000e+00
0.000000000000000000e+00
0.000000000000000000e+00
0.000000000000000000e+00
0.000000000000000000e+00
0.000000000000000000e+00
0.000000000000000000e+00
0.000000000000000000e+00
0.000000000000000000e+00
0.000000000000000000e+00
0.000000000000000000e+00
0.000000000000000000e+00
0.000000000000000000e+00
0.000000000000000000e+00
0.000000000000000000e+00
0.000000000000000000e+00
0.000000000000000000e+00
0.000000000000000000e+00
0.000000000000000000e+00
0.000000000000000000e+00
0.000000000000000000e+00
0.000000000000000000e+00
0.000000000000000000e+00
0.000000000000000000e+00
0.000000000000000000e+00
0.000000000000000000e+00
0.000000000000000000e+00
0.000000000000000000e+00
0.000000000000000000e+00
0.000000000000000000e+00
0.000000000000000000e+00
0.000000000000000000e+00
0.000000000000000000e+00
0.000000000000000000e+00
0.000000000000000000e+00
0.000000000000000000e+00
0.000000000000000000e+00
0.000000000000000000e+00
0.000000000000000000e+00
0.000000000000000000e+00
0.000000000000000000e+00
0.000000000000000000e+00
0.000000000000000000e+00
0.000000000000000000e+00
0.000000000000000000e+00
0.000000000000000000e+00
0.000000000000000000e+00
0.000000000000000000e+00
0.000000000000000000e+00
0.000000000000000000e+00
0.000000000000000000e+00
0.000000000000000000e+00
0.000000000000000000e+00
0.000000000000000000e+00
0.000000000000000000e+00
0.000000000000000000e+00
0.000000000000000000e+00
0.000000000000000000e+00
0.000000000000000000e+00
0.000000000000000000e+00
0.000000000000000000e+00
0.000000000000000000e+00
0.000000000000000000e+00
0.000000000000000000e+00
0.000000000000000000e+00
0.000000000000000000e+00
0.000000000000000000e+00
0.000000000000000000e+00
0.000000000000000000e+00
0.000000000000000000e+00
0.000000000000000000e+00
0.000000000000000000e+00
0.000000000000000000e+00
0.000000000000000000e+00
0.000000000000000000e+00
0.000000000000000000e+00
0.000000000000000000e+00
0.000000000000000000e+00
0.000000000000000000e+00
0.000000000000000000e+00
0.000000000000000000e+00
0.000000000000000000e+00
0.000000000000000000e+00
0.000000000000000000e+00
0.000000000000000000e+00
0.000000000000000000e+00
0.000000000000000000e+00
0.000000000000000000e+00
0.000000000000000000e+00
0.000000000000000000e+00
0.000000000000000000e+00
0.000000000000000000e+00
0.000000000000000000e+00
0.000000000000000000e+00
0.000000000000000000e+00
0.000000000000000000e+00
0.000000000000000000e+00
0.000000000000000000e+00
0.000000000000000000e+00
0.000000000000000000e+00
0.000000000000000000e+00
0.000000000000000000e+00
0.000000000000000000e+00
0.000000000000000000e+00
0.000000000000000000e+00
0.000000000000000000e+00
0.000000000000000000e+00
0.000000000000000000e+00
0.000000000000000000e+00
0.000000000000000000e+00
0.000000000000000000e+00
0.000000000000000000e+00
0.000000000000000000e+00
0.000000000000000000e+00
0.000000000000000000e+00
0.000000000000000000e+00
0.000000000000000000e+00
0.000000000000000000e+00
0.000000000000000000e+00
0.000000000000000000e+00
0.000000000000000000e+00
0.000000000000000000e+00
0.000000000000000000e+00
0.000000000000000000e+00
0.000000000000000000e+00
0.000000000000000000e+00
0.000000000000000000e+00
0.000000000000000000e+00
0.000000000000000000e+00
0.000000000000000000e+00
0.000000000000000000e+00
0.000000000000000000e+00
0.000000000000000000e+00
0.000000000000000000e+00
0.000000000000000000e+00
0.000000000000000000e+00
0.000000000000000000e+00
0.000000000000000000e+00
0.000000000000000000e+00
0.000000000000000000e+00
0.000000000000000000e+00
0.000000000000000000e+00
0.000000000000000000e+00
0.000000000000000000e+00
0.000000000000000000e+00
0.000000000000000000e+00
0.000000000000000000e+00
0.000000000000000000e+00
0.000000000000000000e+00
0.000000000000000000e+00
0.000000000000000000e+00
0.000000000000000000e+00
0.000000000000000000e+00
0.000000000000000000e+00
0.000000000000000000e+00
0.000000000000000000e+00
0.000000000000000000e+00
0.000000000000000000e+00
0.000000000000000000e+00
0.000000000000000000e+00
0.000000000000000000e+00
0.000000000000000000e+00
0.000000000000000000e+00
0.000000000000000000e+00
0.000000000000000000e+00
