2.647642489267276744e-02
5.893294783683811211e-02
9.597718450990955219e-02
5.024418911878636429e-02
-4.158608514996742223e-02
-4.361235839487065391e-02
-1.575959429239603971e-02
-4.553717766532972000e-02
6.876989482555995181e-03
4.106665400660736154e-03
-4.118898511591662093e-02
2.282361960774603737e-02
3.673499650721190335e-02
4.362142025197224271e-02
7.646180436141092329e-02
1.043781216369468190e-01
2.285980364809958587e-02
2.811864416687459567e-03
-2.205806039611202252e-02
2.887470704876404781e-02
2.666493846055595363e-02
2.208329942455455885e-02
-1.592176218125129772e-02
5.523610102835174729e-02
6.850369253840082884e-02
4.026218110462265187e-02
7.526020369303809687e-02
6.790569844821803258e-02
9.799678879847983914e-02
8.778519701005182974e-02
8.011863743185720921e-02
7.356820363110450067e-02
1.140869335435572562e-01
1.161181919983986788e-01
4.761896435928503202e-02
6.061058653240269933e-02
5.887035208821389531e-02
5.625034364108927321e-02
-2.155395992887743084e-02
1.698564163795657223e-02
1.147337813731663658e-04
5.304485365058120294e-02
9.572802305689620539e-02
5.600702577852412212e-02
1.010753045014138873e-01
7.962130496487296316e-02
1.176460432933492672e-01
4.092504895327919723e-02
2.570979204510803751e-02
7.926402058106307713e-02
4.745772088021205093e-02
3.068754067609469338e-02
2.245045518433319565e-02
-8.240081900065754361e-03
-1.947994752125581375e-02
-9.080139296669731408e-03
8.155024314128178631e-04
2.036399625917806322e-02
4.386140363637103246e-02
4.996306949874607106e-02
9.171275537274814482e-03
1.448564139034314024e-02
4.859890476588418773e-02
7.390944290212947410e-02
6.620181311755357623e-02
3.360468084141271516e-02
4.106806835363352448e-02
1.645879408696038215e-02
-2.309656876583693341e-02
-2.513707131857806365e-02
1.913030536523852021e-02
7.533917470080608858e-02
2.116192698106922343e-02
-1.291198294912895839e-02
1.008416321947144811e-02
1.161878251467038381e-02
3.908768545187352172e-02
3.539044246775593927e-02
4.437095151843756247e-02
-2.635092041666939333e-02
-6.989382394225937545e-02
-7.980369497817972613e-02
-1.008761390915791090e-02
1.287997459986053861e-02
2.280879603647459342e-02
-3.029266979022493533e-02
1.057165732512099776e-02
3.336354194478097224e-02
-6.823093750636166632e-03
-4.339798908515934972e-03
-1.754882245544527042e-02
3.207461756589276292e-02
1.876133380051284161e-02
4.987960850056910589e-02
6.345717442196448232e-02
7.278899220745697896e-02
1.609236464915701770e-02
1.758772954291905333e-02
3.872795798504721776e-02
4.252483913866574039e-02
7.183751041653055336e-02
4.016901380365055230e-02
3.129956598630256881e-02
2.873558337537512886e-02
4.099276197038911884e-02
5.329197347855512551e-03
-4.049346579289211240e-02
3.391604186744420768e-02
6.927643309351433354e-02
9.499612160571210828e-02
7.657823905683654175e-04
1.620035552140268800e-02
-3.736565923937474470e-02
7.505786227529287480e-03
-2.044796964449502666e-02
-3.333850100415623741e-02
1.213067443584714585e-02
9.321431381213926559e-04
-5.465506061371458446e-02
-4.532604907222725216e-02
7.082043382749939053e-03
-1.977381079054923302e-02
6.483903499937659909e-02
1.368813985871163673e-02
-3.423042439290253924e-02
-1.511755867864427415e-02
3.931571753826940824e-02
8.427148238386969470e-02
-5.271845511843513410e-02
-6.079987660449848869e-02
4.380026053169384925e-02
3.361722640284756786e-02
2.545792339198214849e-02
5.708799625165444230e-03
7.783673186539960542e-02
3.617586064284751546e-02
1.545983725039367165e-02
3.607731195631332793e-02
1.068318076334962008e-02
1.389022244171860161e-02
-4.629902339076968909e-02
-2.203498316600209506e-02
-3.605279924985425183e-02
7.895722085705278795e-03
-2.109891392744102888e-03
-1.246883542223298225e-04
-8.586263990240568245e-02
8.827626197866297875e-03
-3.434039614326950263e-02
-5.476077347612078039e-02
-6.215707524930053074e-02
-6.789627343011489513e-02
-4.991812073300241209e-02
-5.586511302874012236e-02
-4.990633450818073025e-02
-3.510240165954919486e-03
7.439868678345282205e-02
3.057981392093174142e-02
2.827777470925496583e-03
8.785466508518169002e-03
2.934437325131834806e-02
-1.924471824435259465e-02
-4.400394498480741240e-02
-2.458011442014192832e-02
-1.088405897245802237e-02
-1.028279643337571408e-02
-6.378489486010617548e-02
-4.816111485405327741e-02
2.399755401169623853e-02
-1.341657863589230427e-02
2.470343993021803519e-02
-9.370134571281239777e-04
9.727341040556343466e-03
1.224454191318597937e-02
-4.771478999869122051e-02
-1.910691515638150012e-02
-1.096402041928744124e-02
3.238287521620087511e-02
6.267539313910726329e-03
-2.110743698570791832e-02
4.191360617970626978e-02
5.487023283934786000e-02
2.995316312726156033e-02
-3.461355923619544028e-02
-2.567639311938934785e-03
-4.678823425745769204e-02
9.810570936285893662e-03
-2.243244636103899209e-02
6.717699941666481489e-02
1.162291872024580619e-01
4.160155184633233805e-02
2.903304523992222136e-02
5.459743290741082833e-02
4.694764476397663561e-02
-2.202002225384101786e-03
8.473775336133141517e-03
-1.990917079550406921e-02
9.908756461831182138e-03
5.087634543309502155e-04
-1.432953234735964351e-02
-2.165439044963152204e-02
-5.519313314072774035e-02
-4.734885049807291413e-03
8.227453141750697141e-03
-8.096864411896526059e-03
5.750959314513574838e-03
-1.780963807474848781e-02
4.003665813051300593e-02
-1.911823917630821323e-02
-5.175617754174766799e-02
-2.030046025372961305e-02
-5.971983582350030850e-02
-2.910463813698107791e-02
2.690894963046264188e-02
5.345700835834865661e-02
1.057129693736107573e-01
6.393849479080267184e-02
7.389016235508225061e-02
1.103177186543621568e-01
4.559387964125150017e-02
9.426719147171264135e-02
1.006586928178678508e-01
7.668277131584194661e-02
1.587124199770638122e-01
1.675236629922812470e-01
2.055772230974222681e-01
1.957383335275147962e-01
2.073152785756777194e-01
2.419861921569974039e-01
2.583044350177393644e-01
2.459665686539180829e-01
3.033854904045111822e-01
3.408092303109880872e-01
3.987483636708673007e-01
4.087867936968594407e-01
3.819323921675158995e-01
4.657365444644247510e-01
4.993316761527092362e-01
5.453453619736199354e-01
6.203307439184503336e-01
6.677387038196661573e-01
6.988869888232600580e-01
7.249005075901165940e-01
7.398241132095640937e-01
8.115421687518679095e-01
9.198288521303223941e-01
9.500891094721433117e-01
9.478953859967204076e-01
9.822282297120065175e-01
1.028082983078317802e+00
1.385193115642973316e+00
2.173334767048889393e+00
3.416637244793969241e+00
4.815127095946493796e+00
6.219578168702585508e+00
7.519046530728005884e+00
8.590929131212933001e+00
9.519397938506747536e+00
1.019091172589719108e+01
1.049251659703495854e+01
1.063772130213552458e+01
1.062961049762399846e+01
1.039797842935977101e+01
1.004329510359614375e+01
9.566671198695722467e+00
9.150913141564748443e+00
8.624816475438755958e+00
7.970682186362527233e+00
7.383717130340153645e+00
6.822846016736360042e+00
6.394320539820970595e+00
6.027792553331078551e+00
5.691069519346839911e+00
5.445398439602862517e+00
5.212058326163910849e+00
4.998330358769694115e+00
4.885834375412766661e+00
4.708066609139739178e+00
4.551817485059288515e+00
4.413628654088702419e+00
4.256479452004570341e+00
4.077857564100283660e+00
3.920885419505558467e+00
3.753422445336574320e+00
3.514132533357892552e+00
3.380107673271439239e+00
3.247435554854016360e+00
3.103445788334509015e+00
2.953043655219304231e+00
2.801166296137901135e+00
2.666630006335166669e+00
2.626841923317753125e+00
2.506273762572662100e+00
2.500473553345715860e+00
2.414950560088326981e+00
2.328015068671919430e+00
2.309395309551320441e+00
2.290745540127185453e+00
2.228120870673840681e+00
2.136848345654771109e+00
2.119980970364173434e+00
2.061409210561621741e+00
1.912244598038053578e+00
1.824862880810191879e+00
1.755897288432055170e+00
1.751375306842140933e+00
1.661523071436037835e+00
1.577555100518497344e+00
1.515793697750412949e+00
1.456658114005274118e+00
1.409215884912557559e+00
1.418825487839927124e+00
1.389368212459207275e+00
1.363538915357628056e+00
1.302823020061956605e+00
1.283240620203685012e+00
1.241155180770465716e+00
1.210616775125783029e+00
1.167944665622309586e+00
1.117190870515694545e+00
1.031054003128517582e+00
1.022024632417511736e+00
9.983472622630014115e-01
9.789431084210069578e-01
9.404580800464135137e-01
9.039034174010187606e-01
8.326734832424387278e-01
8.095716242114319172e-01
8.279350907177742691e-01
8.027577336205506953e-01
7.422653143915995955e-01
7.408835528580945962e-01
7.778556195382795302e-01
7.254640344009866126e-01
7.265194132493699719e-01
7.627589512003085659e-01
7.344241404070110946e-01
6.788080158346088133e-01
6.601617789764566702e-01
6.394512029988339563e-01
6.667893679800345197e-01
5.954433873781788122e-01
5.612501625558077301e-01
5.493854619458908850e-01
5.852043274131335515e-01
5.489841030238826747e-01
5.017557427389949254e-01
5.154147227511747253e-01
4.852422183101303688e-01
4.489278031662107260e-01
4.139215269189553403e-01
4.205299014047576556e-01
4.154690219219450142e-01
4.729833229540778561e-01
4.386622654636140872e-01
4.123138462357176515e-01
4.038224490078183848e-01
3.939190158257916963e-01
4.553486875378331966e-01
4.560724343740814035e-01
4.685895371932420339e-01
4.292058834589260741e-01
3.301592701943136809e-01
3.409661488728223944e-01
3.069007567185453311e-01
3.138300664746305202e-01
3.141810120484542779e-01
3.309534702624064018e-01
3.001622055255399601e-01
2.828185941199463649e-01
2.685126593133535522e-01
2.709174453525986515e-01
2.685133856353312254e-01
2.910550523336357109e-01
2.948904615667151674e-01
2.606251657953628786e-01
2.349469106505370775e-01
2.573749739885866639e-01
2.521335044503807410e-01
1.985042996775323587e-01
1.741895819874952345e-01
1.960824780864438566e-01
1.311440439435256344e-01
1.604039578340947791e-01
1.490715191753686497e-01
1.580838543345342018e-01
1.467860480282943136e-01
1.409823062353647849e-01
1.582048859877458469e-01
1.549907791774098875e-01
1.386546753989419400e-01
1.080744732258991370e-01
4.910706603325687425e-02
4.668696120320703358e-02
5.424037962603911467e-02
9.248968350419861650e-02
7.642456385272300423e-02
6.947287017386605257e-02
1.120595708156750803e-01
1.151998899159898393e-01
7.857622668270369815e-02
-1.703145802918193397e-04
3.242790717881671725e-02
9.084020629259859092e-02
4.437983245534038446e-02
-7.487645345700677524e-03
-8.570954575598754843e-03
6.013788298337985339e-02
1.163839267983557413e-01
7.966996853737251527e-02
8.305126146114538699e-02
7.710426916540713549e-02
8.993804836689278659e-02
6.837018135301464739e-02
1.025194306810912614e-01
1.123319415573509339e-01
9.935672765800473982e-02
8.028285222810227495e-02
2.828245750512081713e-02
4.607893066387647174e-02
7.727290792280161469e-02
8.206026115170028667e-02
1.007085779318821483e-01
1.242295577587160249e-01
1.452916405589597115e-01
8.143833145088685832e-02
3.836387258634665898e-02
1.030166310895375137e-01
8.701651725507497659e-02
9.902664733372845696e-02
7.719122971493352914e-02
7.605407361477301009e-02
1.165395247747853524e-01
4.318731081168780683e-02
2.234091262421955548e-02
4.950746753084178664e-02
1.070638292084171717e-01
4.383862353796996736e-02
5.123954736009816990e-02
6.633558842000386591e-02
8.693629169116334765e-02
6.262655921106463630e-02
3.183965240606578817e-02
9.280823379660407824e-04
1.477834914739251104e-02
7.906302748101379230e-02
9.071957081501613729e-02
4.652545360705362398e-02
1.069833448096924045e-02
2.759826220203009939e-02
1.834993842935084274e-02
4.519800114870542451e-02
4.918616909957007621e-02
1.211129484488759900e-02
1.941185417554036619e-02
5.926358940991738322e-02
4.646054683394762463e-02
6.289037123812235563e-04
-2.482442272177376452e-02
-1.114550186983898072e-02
-2.406640669402815291e-02
-3.282053439008025819e-02
3.857509229931999073e-04
-2.312661208401545210e-02
-8.087300600269298201e-02
-5.984737135988282830e-02
-4.862318769048434852e-02
-8.789894959646171735e-02
-5.667750416092420807e-02
-4.719599801872886857e-02
-9.584767998074061879e-03
-6.632137627978784700e-02
-1.090980101187892792e-01
-1.949823815747728784e-01
-1.508946045072847575e-01
-9.433152114899634455e-02
-8.428166805917292059e-02
-7.390506912323924205e-02
-9.035976147190383223e-02
-9.480920990794428072e-02
-4.891166957421577699e-02
-7.937546214299695535e-02
-1.484628124963225382e-01
-6.829116148359593019e-02
-3.811984556942560332e-02
2.316059999081265808e-02
-3.648109283201028674e-03
-5.268038396156304870e-03
-2.463901252961742117e-02
-4.765410909891198976e-02
-6.005833487979717056e-02
-6.774727309844408296e-03
-3.840324319930843444e-02
-4.610298248603439397e-02
-2.019590290356387818e-02
-3.008074884588496367e-02
-2.986443695504159557e-02
-1.719229740825034547e-02
-7.834100929110521250e-03
5.857430985298139881e-02
2.067631470963005036e-02
4.678739172396073620e-02
-3.516691753938006038e-02
-1.733409526709972504e-02
8.360304034417342933e-03
-7.912246570993541894e-03
2.368272644895097478e-02
-5.199322262359751257e-02
3.343036884906114281e-03
2.358671988934046837e-02
6.389111878906494901e-02
2.018865553080662067e-02
2.151003329624634475e-02
2.207639936576288875e-02
2.010007726414864138e-02
-4.965129116774491536e-03
1.011658359138634111e-02
7.647250110326453409e-02
1.012447408923855541e-02
-2.847759116768822096e-02
-2.138119434207186309e-02
5.807767069333791277e-02
4.335324765133652392e-03
1.665569337221639579e-02
4.592584179974323888e-02
6.575103656876857272e-03
4.237637232347180039e-02
-2.236377591950189370e-02
-7.221224369541801025e-02
1.560665333381683340e-02
9.023818441691222603e-02
4.846770460498461830e-02
6.356192985994169042e-02
1.152948730219163220e-01
8.149547978469340315e-02
5.017221721371578624e-02
8.649524917746376218e-02
1.391268176991562466e-01
1.064232462386329736e-01
1.042331543731023213e-01
7.409564544553104426e-02
7.820032204456484060e-02
1.115851174909971988e-01
7.179485550765374313e-02
7.869441907727980912e-02
6.609236960135111971e-02
3.847740991733417104e-02
2.668877502728217443e-02
7.276664129931753600e-02
6.529364652821123549e-02
2.115410251248861506e-02
4.892254723626532353e-02
8.452681757370084092e-02
2.998746533339091691e-02
4.733616099282844658e-02
1.070827135798451124e-01
7.206002905882047394e-02
4.456547374994523913e-02
6.989522640396628184e-02
-4.793783159282583028e-03
1.310150280308852722e-02
3.548492243035106242e-04
-3.030967232743697615e-02
5.669445651587889934e-02
6.399428952454888631e-02
6.565320892186199409e-02
6.746379755399178890e-02
4.940921597603242787e-02
3.351980021391343101e-02
3.609193743977123781e-02
1.078212562550318054e-02
-1.689202929969702005e-02
-4.142279476349752798e-02
1.424057375210430187e-02
5.045888329250081128e-02
4.808456976169095398e-02
1.140587113126345642e-02
7.398676317813146497e-02
6.079659098798706474e-02
4.688884569841111905e-02
7.985514762708456615e-02
6.166494192709004452e-02
7.918570986599582362e-02
7.278024332908472616e-02
1.151266964694179773e-01
4.056007215942480926e-02
3.730988035264926062e-02
7.866160252974152556e-02
6.009252087441319112e-02
-4.824057579899454495e-03
-2.970903706642347153e-02
3.810470769881946218e-02
1.046617556516049596e-02
-1.507355016971612116e-02
4.605720703381810388e-02
5.805518772666351524e-02
6.031527061914698784e-02
3.651406256742228962e-02
4.817096906241302712e-02
-8.410338374592152277e-03
1.083716102264431491e-02
5.396873520634626331e-02
3.763408407183499449e-02
3.096189229589230152e-02
7.465937034421221696e-02
8.549163727731534657e-02
6.085892790186342438e-03
-4.125098660110881887e-02
2.456461867087256223e-03
7.468049971084345096e-02
5.828619113024124943e-02
7.712259757036710184e-03
5.663942111873865315e-02
7.743187339203894126e-02
6.116965636749482904e-02
7.949601970600683742e-03
-2.719900036966649282e-02
2.625377419184227179e-02
6.377470918480354634e-02
2.897487345242422130e-02
9.225023363628848116e-03
1.456041953941800138e-02
3.219396547269548492e-02
3.748195263211928641e-02
2.752945970195241898e-02
5.553897729309187348e-02
4.194391361495752868e-02
2.729746585931547287e-02
1.088296499950085483e-01
1.244149019216029828e-01
1.388743217679606623e-01
1.406742136582377345e-01
1.640010013999182448e-01
9.374539515992652561e-02
9.734408945750905318e-02
8.091088963646231313e-02
2.181165500484816278e-02
5.777730354087839970e-02
3.343964067926963324e-02
4.989043730096232032e-02
-5.693332928798477965e-03
-5.006661528051958854e-03
-8.013563204594120748e-04
-1.357584123684785204e-02
-1.680863433079538005e-02
-4.058699625485662210e-02
-7.502981172051037539e-02
-5.821391417044630145e-04
-1.993597867941643287e-02
-2.073932380150522725e-02
-5.994654732448401191e-02
-6.615491648832527716e-02
-6.822760831053753527e-02
-1.034958887039676423e-01
-7.939830827066240992e-02
-5.345395516487183585e-02
-9.747537281529861097e-02
-1.683453814192406028e-01
-1.813870537795583271e-01
-1.663794919424015362e-01
-1.214273587066936333e-01
-5.210184077391777357e-02
-1.355907693324580610e-01
-1.233525411381384274e-01
-1.422668568353711027e-01
-1.775326941457873176e-01
-1.752629049505052272e-01
-1.039097601727794196e-01
-6.050720186208402573e-02
-1.399231808861671755e-01
-1.664209253097719277e-01
-1.249638534312644822e-01
-1.223970645763345910e-01
-1.367568462531891793e-01
-8.497576775287307704e-02
-6.878354175527912062e-02
-4.601169701928187195e-02
-1.955465964106806176e-02
-3.056180509764461206e-02
-3.396412834413542470e-02
1.345997571377122171e-02
-7.228579502067677964e-03
-3.051066542747604693e-02
-1.614979426765184023e-02
-3.893959896528476072e-02
-5.914320220239566162e-02
-7.526081512408833163e-02
-3.489629657337656177e-02
-5.440200343372469938e-02
-7.829215291309932212e-02
-2.922147693150800585e-02
-7.356518345226437106e-02
-1.219372367351116981e-01
-7.275576363726865559e-02
-2.655821931206792108e-02
1.799701725969660160e-03
-1.294820000411878169e-02
-3.970160976391268193e-02
5.589055014498356400e-02
1.157966017176992324e-02
1.610345756662989736e-02
1.140115003840658225e-02
-1.103770908540480100e-02
-8.678147814304981722e-04
-1.585180416894127475e-02
-9.525490748523823825e-02
-7.719507658025848151e-02
-5.913831603636632295e-02
-6.333120774106681949e-02
-8.287643311993209139e-02
-3.983805925183325769e-02
-3.092037705223260602e-02
-8.020710080758641780e-02
-2.062129648011401528e-02
3.081461928987394572e-03
2.967131718523186024e-02
-3.948493471207914496e-02
2.958564420648523985e-02
1.624370373761685471e-02
3.980222120485210624e-02
7.392254971235767691e-02
7.242909966745036954e-02
5.493824298817218121e-02
2.078754101613866645e-02
-7.249807912603545290e-03
-4.313358015295332137e-02
-1.840327423307064336e-02
-5.157802528709565237e-03
5.265578145521088160e-03
1.426140598700675888e-02
-2.012175203256005851e-02
7.004723106742050120e-03
-2.118937931066522395e-02
4.461869862442791046e-03
2.994728652216238629e-02
1.043575205044777743e-01
6.964045246293126823e-02
3.287155784871709230e-02
1.024567081562000048e-02
3.205144129186709989e-02
5.319084436811261085e-02
2.559202884078692897e-02
-2.467439893642842108e-03
2.529330449609901166e-04
6.528810006946783595e-02
4.673615300988753773e-02
2.311662449651619156e-02
6.722615820870214698e-02
5.490397379667388833e-02
3.738964371166075829e-02
1.164311430092013211e-02
-7.372919487843132558e-03
8.855594876298056306e-04
7.053320649985872492e-03
1.208554342931145165e-02
3.256059299830837972e-02
1.206659302861745608e-02
-5.239579780484060478e-03
-1.723647099035918728e-02
-2.687073585033816769e-02
-3.856365603019940025e-03
1.080513682634554051e-02
6.795476347864370936e-03
-1.992647046443662973e-02
1.294101866062624673e-02
1.016316724187116272e-02
2.891356527456556691e-02
-1.028576775056300185e-02
-4.187149667260969821e-02
-2.201375475547528993e-02
1.610372168371232426e-02
-3.927677743616642125e-02
-3.270749227862590480e-02
-3.911503873756361216e-02
5.271190633530986602e-03
-1.730827782225685674e-02
-2.331452610616624455e-03
1.827994740239868854e-02
-1.394303001126462327e-02
-2.707318159433325100e-02
-2.376587446839217854e-02
-9.551324172459851880e-03
-3.567382425062137763e-02
5.954527027876554968e-02
1.232215932089841814e-02
-6.607838328128057270e-03
-1.129591654851491711e-02
-1.256698000967637618e-02
-7.412131498481766556e-02
-9.646152637818805609e-02
-2.939011568890048665e-02
4.981619266833048343e-03
-3.974954173215694553e-03
-3.474264646043878635e-02
-3.663963439329243066e-02
-2.317276654424271776e-02
-8.707005114660937295e-02
-9.154099211026700544e-02
-9.614412367388669445e-02
-5.321598567323926332e-02
-7.287771970027123736e-02
-8.028036028343876751e-02
-6.995952306662234221e-02
-4.771957712082497416e-02
-5.560862232667362903e-02
-4.571687632556331593e-02
-4.897641919814343936e-04
-4.656881899089548860e-02
-7.730401959463950590e-03
-7.875892175188692335e-04
-7.707192670809437374e-03
-4.908565670253750568e-02
-7.706516399013652041e-02
-8.250264141844532162e-02
-7.822526526187223439e-02
-7.278841511163691713e-02
-8.204390306018893853e-02
-3.637898384716731215e-02
-7.972624264364469582e-02
-6.166304424585633548e-02
-3.360185875038834702e-02
-1.903636288063448312e-02
-5.817115229364633322e-02
-8.478920204848661157e-02
-7.380417639759850879e-02
-3.497936139593371685e-02
-6.695737021526482202e-02
-2.360050415989856099e-02
1.979317321388740503e-02
-7.651430951695736837e-03
-4.029689665399538434e-02
-6.651820953577458617e-02
-7.223783003782413559e-02
-5.389149812723470490e-02
-5.620915854377983578e-02
-4.661451124622795206e-02
-1.426452045565398397e-01
-4.847795630956053259e-02
-6.984275030137232498e-02
-1.009735375482279096e-01
-1.359640327997830855e-01
-1.072654997687885192e-01
-8.944618048236785413e-02
-4.162471227333219836e-02
-4.894567464863253115e-02
-7.337960818693667342e-02
-5.046887087999785138e-02
-9.436308314039942857e-02
-1.048978882089515174e-01
-8.336201237673157571e-02
5.786053871889018652e-03
8.865626043152996516e-03
-5.319895012139697066e-02
-8.533017986340896144e-02
-5.910061332279314961e-02
-3.869664426371377530e-02
-5.939490050008044975e-03
-5.784377916946970011e-02
-5.925020263558655742e-02
-2.943263853923960838e-02
-5.993251610446348465e-02
-3.371790519366069105e-02
-4.858359786043209283e-03
-1.255592010683326265e-02
-3.169136783167525451e-02
-6.081337959036670071e-02
-6.058201302579990788e-02
-2.110334317093132128e-02
-6.848710334443186554e-02
-5.112589513819454368e-02
-4.379994755295646414e-02
-2.639377341336679450e-02
-2.486668145502957117e-02
-2.691008929568172725e-02
-1.236671323161520064e-02
-8.017167082158049851e-03
-9.704280978059642848e-03
2.912380247250467846e-02
-2.518527268620229798e-02
-6.485522933831755488e-02
-1.442953367785637653e-02
-8.711511612386835246e-02
-1.093207928781680938e-01
-7.630688384530892598e-02
-2.201005711631554007e-02
-1.764400364918028430e-02
-3.259408700618160459e-02
-4.970778449116308728e-02
-2.203718986431235649e-03
-1.528926779713146722e-02
-6.391884315977147679e-04
2.989786361303470308e-02
-4.266803549752840041e-03
-2.915775868527581416e-02
-4.396640734441525922e-02
-4.156016866121303721e-02
-5.475403320823302167e-03
-1.167053361588910043e-02
-7.734413765888525916e-02
-1.468305689243787349e-01
-1.091133619242330433e-01
-6.835464862738693803e-02
-1.332156251534799551e-02
-3.033816395775201791e-02
-6.629410619098852209e-02
-5.583899845218054381e-02
-6.633590271934730609e-02
-1.291123404514167294e-01
-1.217942833640281997e-01
-1.188814351013065540e-01
-1.314571058835882766e-01
-1.492091413431557712e-01
-1.589627210953057368e-01
-1.232363296216918425e-01
-1.476335508854809131e-01
-1.562184125460701623e-01
-7.083223193759335956e-02
-9.459880763683359284e-02
-9.731918057543764711e-02
-1.303541199310194187e-01
-9.734810139600691414e-02
-8.414406305901755978e-02
-3.529613682216470316e-02
-3.013353924782213866e-02
-1.165224403612947768e-01
-7.914501998822220941e-02
-6.542367532985537970e-02
-1.089804450022948679e-01
-5.153696036299737493e-02
-5.033578888488365877e-02
-2.298438503490940477e-02
-4.639965199933948625e-02
-8.221825334949617314e-02
-5.648314700258816323e-02
-4.463537761831837258e-03
2.684113756943773410e-02
3.586489579243212766e-02
4.342574250822139881e-02
6.530576289937983780e-02
7.704626245109014171e-02
9.337338624874202964e-02
-9.292951636173718555e-03
-1.409354373384874570e-02
4.137734945762949756e-02
-1.994208110466244577e-03
-8.520063043427850147e-02
-5.254347755106025808e-02
-5.727800208112698854e-03
-3.696185723435596593e-02
-2.223561310506294575e-02
4.864618172370427374e-02
5.905985609513786372e-02
-5.867782262016785211e-03
1.400699520696058187e-02
1.657025149591095925e-02
7.089781485041668496e-02
1.146404291875402492e-02
3.618764686766184902e-02
-6.184557688245995166e-03
-1.584556440286122303e-02
2.746914196315719536e-02
2.404506207196344114e-02
-2.561591558977216465e-02
2.456137795427815185e-02
-2.966456107031723022e-03
-5.738041876226351867e-02
-5.979408573842137642e-02
1.137945942297569069e-02
-1.993014301322482140e-04
1.275867882955949995e-02
-2.394385636759066571e-02
-4.365082044505830261e-02
-2.535562820463299616e-02
-2.521583895626733351e-03
7.098847303910260642e-02
8.187749213037598395e-02
4.416797754026990930e-02
6.312164668284458990e-02
5.170670445037028884e-02
5.976465253069451755e-02
2.446381970680633344e-02
8.992137597604088484e-02
7.000869770567641481e-02
6.697164838474956028e-02
1.054298358607974606e-01
6.968059825951966602e-02
1.337442436094395948e-01
9.756083053860931109e-02
1.279946128038531583e-01
8.034676856214995055e-02
3.468148618813993167e-02
3.123175392527466343e-02
1.298859275017161252e-02
2.183846288875379571e-02
6.414701522769483688e-02
7.407022417629938182e-02
8.008430221107798452e-02
3.870121613040167219e-02
8.028783743803979966e-02
-1.827847362915857587e-03
-1.075441049942837957e-02
2.457560726211704960e-02
3.405384495540753065e-02
2.154535895607212481e-02
-1.243544970242327352e-02
-1.385075410545089092e-02
-1.826395247187129200e-02
1.702119840022131569e-02
-3.884606850332605887e-02
-8.337327036738639841e-02
-9.172260561935452472e-02
-8.700732333943439478e-02
-4.881061177539525175e-02
-5.972274111141739894e-02
-1.069654297480480132e-01
-6.206678022161060682e-02
-4.615197620490585351e-02
-8.463872134053818108e-02
-7.238263222848950740e-02
-4.010036052972854037e-02
-5.265463782830037687e-02
-2.092357848142434307e-02
-6.810489291092780562e-02
-3.267487381889422338e-02
