0.000000000000000000e+00
0.000000000000000000e+00
0.000000000000000000e+00
0.000000000000000000e+00
0.000000000000000000e+00
0.000000000000000000e+00
0.000000000000000000e+00
0.000000000000000000e+00
0.000000000000000000e+00
0.000000000000000000e+00
0.000000000000000000e+00
0.000000000000000000e+00
0.000000000000000000e+00
0.000000000000000000e+00
0.000000000000000000e+00
0.000000000000000000e+00
0.000000000000000000e+00
0.000000000000000000e+00
0.000000000000000000e+00
0.000000000000000000e+00
0.000000000000000000e+00
0.000000000000000000e+00
0.000000000000000000e+00
0.000000000000000000e+00
0.000000000000000000e+00
0.000000000000000000e+00
0.000000000000000000e+00
0.000000000000000000e+00
0.000000000000000000e+00
0.000000000000000000e+00
0.000000000000000000e+00
0.000000000000000000e+00
0.000000000000000000e+00
0.000000000000000000e+00
0.000000000000000000e+00
0.000000000000000000e+00
0.000000000000000000e+00
0.000000000000000000e+00
0.000000000000000000e+00
0.000000000000000000e+00
0.000000000000000000e+00
0.000000000000000000e+00
0.000000000000000000e+00
0.000000000000000000e+00
0.000000000000000000e+00
0.000000000000000000e+00
0.000000000000000000e+00
0.000000000000000000e+00
0.000000000000000000e+00
0.000000000000000000e+00
0.000000000000000000e+00
0.000000000000000000e+00
0.000000000000000000e+00
0.000000000000000000e+00
0.000000000000000000e+00
0.000000000000000000e+00
0.000000000000000000e+00
0.000000000000000000e+00
0.000000000000000000e+00
0.000000000000000000e+00
0.000000000000000000e+00
0.000000000000000000e+00
0.000000000000000000e+00
0.000000000000000000e+00
0.000000000000000000e+00
0.000000000000000000e+00
0.000000000000000000e+00
0.000000000000000000e+00
0.000000000000000000e+00
0.000000000000000000e+00
0.000000000000000000e+00
0.000000000000000000e+00
0.000000000000000000e+00
0.000000000000000000e+00
0.000000000000000000e+00
0.000000000000000000e+00
0.000000000000000000e+00
0.000000000000000000e+00
0.000000000000000000e+00
0.000000000000000000e+00
0.000000000000000000e+00
0.000000000000000000e+00
0.000000000000000000e+00
0.000000000000000000e+00
0.000000000000000000e+00
0.000000000000000000e+00
0.000000000000000000e+00
0.000000000000000000e+00
0.000000000000000000e+00
0.000000000000000000e+00
0.000000000000000000e+00
0.000000000000000000e+00
0.000000000000000000e+00
0.000000000000000000e+00
0.000000000000000000e+00
0.000000000000000000e+00
0.000000000000000000e+00
0.000000000000000000e+00
0.000000000000000000e+00
0.000000000000000000e+00
0.000000000000000000e+00
0.000000000000000000e+00
0.000000000000000000e+00
0.000000000000000000e+00
0.000000000000000000e+00
0.000000000000000000e+00
0.000000000000000000e+00
0.000000000000000000e+00
0.000000000000000000e+00
0.000000000000000000e+00
0.000000000000000000e+00
0.000000000000000000e+00
0.000000000000000000e+00
0.000000000000000000e+00
0.000000000000000000e+00
0.000000000000000000e+00
0.000000000000000000e+00
0.000000000000000000e+00
0.000000000000000000e+00
0.000000000000000000e+00
0.000000000000000000e+00
0.000000000000000000e+00
0.000000000000000000e+00
0.000000000000000000e+00
0.000000000000000000e+00
0.000000000000000000e+00
0.000000000000000000e+00
0.000000000000000000e+00
0.000000000000000000e+00
0.000000000000000000e+00
0.000000000000000000e+00
0.000000000000000000e+00
0.000000000000000000e+00
0.000000000000000000e+00
0.000000000000000000e+00
0.000000000000000000e+00
0.000000000000000000e+00
0.000000000000000000e+00
0.000000000000000000e+00
0.000000000000000000e+00
0.000000000000000000e+00
0.000000000000000000e+00
0.000000000000000000e+00
0.000000000000000000e+00
0.000000000000000000e+00
0.000000000000000000e+00
0.000000000000000000e+00
0.000000000000000000e+00
0.000000000000000000e+00
0.000000000000000000e+00
3.931425236080143826e-01
4.170201441148483346e-01
2.348906631089628383e-01
-7.068353797085621948e-02
-1.562421740912900980e-01
2.551277507938942701e-02
-2.203843989076721965e-01
-6.630589314377319243e-02
1.774365067784020034e-01
4.342680647335555033e-01
2.930452426118569376e-01
1.090917429280201800e-01
9.354623974206757731e-02
3.420969613586102853e-02
-1.511932903907209913e-01
-2.670306365651458069e-01
-3.621519946078521901e-01
-2.027716745533748033e-01
-1.319413812511713857e-01
-4.539047896993204240e-02
-1.761361378054785154e-01
-5.599897160089657711e-02
2.904867524129173262e-01
7.691118939915206343e-02
-2.979633528590071301e-02
-2.052280197063491851e-01
-2.323937378833033085e-01
-2.446533669647515952e-02
-1.182150326933621709e-01
9.610959399081507593e-02
4.541523003481281462e-01
6.529119676471213385e-01
1.449932945599088918e-01
4.007087615434443140e-02
-1.113469943646496763e-01
-3.540387595283249755e-01
-6.662280683468472242e-01
-5.619720247649609979e-01
-3.351246933911342096e-02
1.608209126347179829e-01
3.937116174355351772e-01
2.302649517416784364e-01
5.322104326920928941e-03
1.407810274262934758e-01
4.160791589363135867e-02
4.667139174362405774e-02
1.634037230826969611e-01
1.635204602780858385e-01
5.391882595735042472e-02
-1.069012528402564499e-01
-1.471658571498045687e-01
-8.409372329115388789e-02
-1.310950365846020038e-01
-2.747450195604276835e-01
-3.871532106203041668e-01
-5.327244932702385194e-01
-3.824934509043646513e-01
-2.840499468428830943e-01
-1.700463474460252311e-01
-7.171958057993250979e-02
-1.746185542654230816e-01
-7.275075913920095450e-02
-2.699247462008285137e-01
-1.352829834691781086e-01
2.053415605261523780e-01
5.170687846129270460e-01
6.081627094147170620e-01
3.114556711346450069e-01
1.444242007323880972e-01
3.139168803374272620e-01
6.053393369605365726e-02
-4.028446353004928593e-01
-6.101990786099924513e-01
-4.130591398970199224e-01
-2.323305052358010103e-01
-1.217755171527230007e-01
1.253571254855376238e-01
1.585056249261718730e-01
-1.436005086406358655e-01
-4.448700256404899411e-01
-4.190321930610843015e-01
-3.114831877592699749e-01
-1.920026682787505101e-01
-4.777386337578837239e-02
7.423109795501570130e-02
1.120588133108209039e-01
1.022966653464257858e-01
1.968100171631483875e-01
-1.148831585749712225e-01
-1.386634980856478183e-01
-2.668701229214860970e-01
-2.746234183152309605e-01
-7.628219827244819840e-04
4.341415994385509070e-01
6.949519501365420959e-01
9.855643340073527714e-01
1.303760744338594568e+00
1.660952241979530397e+00
1.782606991724168033e+00
2.740163293100693842e+00
3.953140577988091486e+00
5.363515596228277893e+00
6.884358049655001643e+00
8.156560005003024472e+00
9.304967028690940722e+00
9.960110761362756193e+00
1.071082334465960884e+01
1.107099650483276854e+01
1.118611883568543597e+01
1.138575889599965407e+01
1.169037487926732588e+01
1.173913697859121896e+01
1.193268238449617513e+01
1.188481527033692764e+01
1.156552444879891794e+01
1.084742531946383437e+01
1.045119009401512145e+01
1.028702354894970306e+01
1.016288326975324452e+01
9.654969460715836505e+00
9.282120586743367596e+00
8.891785453711605669e+00
8.498454065998195972e+00
8.145528340038760362e+00
7.560329643604109862e+00
7.665952485182007337e+00
7.344244230889483305e+00
7.114631895659178973e+00
6.922030115416948348e+00
6.570223120913327719e+00
6.762722756109597277e+00
6.546442781402652678e+00
6.082874514463602722e+00
5.522662441891977636e+00
5.314233043574938975e+00
4.735231146595513252e+00
4.135372204039941657e+00
3.964172242952340497e+00
4.499349051162855773e+00
4.763442635481160536e+00
4.667406836074572851e+00
4.605151862583645617e+00
4.503809384836673146e+00
4.349259066241410565e+00
3.779635057291559352e+00
3.337726404146951431e+00
3.272762154913038568e+00
3.392364275638755089e+00
3.418129147471042462e+00
3.204290925767652176e+00
3.201892949212372663e+00
3.185851312946017089e+00
2.850543175390688688e+00
2.249477948482764944e+00
1.897500712235865805e+00
2.152328281670176313e+00
2.181770375157214392e+00
2.206528388679272812e+00
1.843091451085031807e+00
1.960971698178762157e+00
1.819607818612635874e+00
1.545445651192040692e+00
1.206645125874660884e+00
1.362299583776310108e+00
1.439477462077784153e+00
1.303896937733214578e+00
1.047216165322105930e+00
1.371069465579899838e+00
1.746817313237860603e+00
1.690598625558497936e+00
1.422059299715801473e+00
1.331782535281733626e+00
1.147245349620953370e+00
8.854767811108117392e-01
7.627422123088267725e-01
1.010876849207508421e+00
1.287840709317435994e+00
1.462377408573236615e+00
1.012773828632577811e+00
3.938137624815007953e-01
4.469535066324805683e-01
6.406740183305208447e-01
3.323370369598306340e-01
1.261817903872675117e-02
2.192673351260845394e-01
7.144373336668690122e-01
7.838765087240218143e-01
8.180221383752690478e-01
9.133526505597138190e-01
9.667404612508958550e-01
9.734820342846037811e-01
9.288008727495093986e-01
9.678348724576664175e-01
1.482611855773975584e+00
1.594961678236157976e+00
1.580019317226380782e+00
1.206941832912941770e+00
1.084932007532329656e+00
1.101158477691384086e+00
6.221760369111906108e-01
1.546338412791072869e-01
2.723827590280252231e-01
5.452900015981891890e-01
5.582040538380841355e-01
4.433346535754250084e-01
4.254446783820795552e-01
7.809775350385308457e-01
7.738419739703861211e-01
5.654271678027713577e-01
5.289273380445145278e-01
8.846401645438577432e-01
1.159716773328331563e+00
9.016837950706340088e-01
4.058133733575157720e-01
2.784336369890154650e-01
3.652617901093035968e-01
3.556406995893364176e-01
1.710548734304766505e-01
3.689536039134768686e-01
6.032743393578074986e-01
6.704565953041088378e-01
5.483251686782995016e-01
2.920627045506671848e-01
4.452559532495339312e-01
3.138244633910778347e-01
1.096997491540041558e-01
-1.100580211655644014e-01
-2.428319887709924352e-01
1.022577529479624658e-01
3.265488176884656646e-01
2.001516193811552213e-01
5.449397900120223071e-01
4.441323577439160175e-01
2.922815867920216526e-01
1.309971996970471508e-02
1.315879732894194021e-01
2.490109997012095455e-01
2.417635654874832341e-01
-1.092382203136521568e-02
4.179052622071299794e-03
2.621731184813058668e-01
3.662102798218382915e-01
2.335725056110300457e-01
2.678154162584349685e-01
1.844553306511587110e-01
2.145783911112979503e-01
8.880379117939440903e-02
4.879475794404619649e-03
3.965668146727545640e-01
4.856324307046628874e-01
3.356008143809119382e-01
-2.769678903226244771e-01
-2.817784355826078446e-01
-1.343393578064513427e-01
-4.080345764454902380e-01
-5.283808967918104393e-01
-3.953150861979097819e-01
-2.083264194339626840e-01
-6.476398935467830853e-02
-1.755838596929981676e-02
-9.048994878850313839e-02
1.601814985442739925e-02
2.384803318671706585e-01
1.717796168518490596e-01
1.976952742281810060e-01
3.469243223336331283e-01
3.011633417411916369e-01
8.779206881935719409e-02
-1.811752934064316811e-01
-1.912341484091069077e-01
2.868413555412052673e-02
4.180464586243086700e-01
4.347933821128053822e-01
3.765658418627935156e-01
2.670858087872542974e-01
1.867462981106648989e-01
-1.014778373044813442e-01
-3.007579579329164865e-01
-2.313966076726901022e-01
-2.902029698498389543e-01
-4.669576758180280507e-01
-5.414554626753651512e-01
-4.036326113693680107e-01
2.220009311181074807e-01
5.777429419162976032e-01
3.432762849777306613e-01
-9.215345382279460651e-02
-4.140319498585940394e-01
-5.753724819856431694e-01
-7.830528166322694439e-01
-6.507993023562832491e-01
-3.597248337537255480e-01
-1.611694565466628148e-01
-4.219554869956141374e-01
-7.337459437298914366e-01
-7.443641644604714891e-01
-6.174367847241026830e-01
-5.278507153627525206e-01
-2.712866801470319444e-01
-4.759389353289744662e-02
2.435000312688928581e-01
3.031186897639557287e-01
4.816147255633627111e-01
2.363741983003633251e-01
-7.725973331109647901e-02
-2.701047160437197725e-01
-5.545446207083437606e-01
-6.468156455636382418e-01
-6.029808286951126028e-01
-5.340280586187473588e-01
-5.489655555787167351e-01
-5.301757311709152098e-01
-1.942644514394102906e-01
-1.909860818689055328e-01
-2.918178343860517998e-01
-4.247912280336025859e-01
-4.103887765524993902e-01
-4.525649524365404908e-01
-2.935834844663078869e-01
-2.224808043748640607e-01
-5.765761258538049105e-02
4.055728113513090705e-02
-1.455169442649366651e-01
-3.985059028718729301e-01
-3.329239193123609830e-01
-4.946633035236556175e-01
-3.793561387782888872e-01
-2.590341386810077751e-01
-1.259219111546450165e-02
1.021215595533422338e-01
-4.102742629227273952e-02
-1.503372176245361125e-01
-3.358812615955462100e-01
-5.195137339920634645e-01
-6.435567321923651996e-01
-3.984280780749469564e-01
-1.533821128042625048e-01
1.079827395718258032e-01
1.661616393237594913e-01
9.145469832468355875e-02
8.392514922210070338e-02
-3.199710936467425881e-03
-1.104666013494250976e-01
-1.869002800302950185e-01
-1.757713340698883187e-01
-2.365865488176872589e-01
-2.255402917040143507e-01
-1.316835866113539311e-01
-5.021561637933924516e-02
1.571680112290079201e-01
-7.625773905067534386e-02
-1.776829056443816057e-01
-4.441280495854993404e-02
1.996506222509442097e-01
2.369967966757706712e-01
8.899348912190108152e-02
3.628664540382153803e-02
4.440474453315701453e-02
2.950129592184280725e-02
-2.541652248233297051e-01
-1.802316677437052483e-01
-2.204962720532530618e-01
-1.993765677874810294e-01
-3.090025223572556712e-01
9.827409615531745857e-02
2.781369299507354675e-01
2.402605740968515313e-01
1.966154551708338971e-01
1.657287388908588177e-01
-8.008088219966102983e-02
-4.140465420080174930e-01
-2.242221342060815026e-01
-2.663837179406991496e-01
-3.535108016648802476e-02
1.204784835282439737e-01
1.957447902552247321e-01
2.945774183013356584e-01
1.092133441732170418e-01
-5.453975665853549870e-02
-1.983551173278286228e-01
-3.738889467942421163e-01
-4.670938692126482827e-01
-3.263379958725050045e-01
-4.348863549505477266e-02
1.876120989764658020e-01
2.958128869525351590e-01
3.806662358508279276e-01
3.477317546017402172e-01
9.485730962457861182e-03
-2.106660273915479387e-01
-2.567334431218850632e-01
6.282003710575256861e-02
5.594638427383227253e-01
4.484856823219596222e-01
8.001931722638078170e-02
-2.565632013786096621e-01
-2.017599521933379769e-01
-2.147080527818876483e-01
-6.336243424846945693e-01
-9.068477482923702482e-01
-5.432843454031242025e-01
-1.903705711089198616e-02
3.222052212100376956e-01
1.834873847393923008e-01
7.902705106557572634e-02
-1.487758576362097074e-01
-4.715882512351199374e-01
-5.243583276007020011e-01
-7.208075712409569569e-01
-5.422191184952009912e-01
-1.248204123324492265e-01
1.621974387303453113e-01
1.956864216575304738e-01
1.720130912426269809e-01
7.303454170227929865e-02
-2.535545781131531839e-02
-3.189835525630058122e-01
6.110080395795858266e-03
3.563411227616697374e-01
6.503486133983735762e-01
5.355813581816808444e-01
6.155052010589834310e-02
-3.022463571741251798e-01
-4.756545968744991804e-01
-7.141195027551354713e-01
-8.522098768005657021e-01
-6.303800212628454247e-01
-3.548510558462396602e-01
-8.340789226824441016e-02
-1.279625885083333081e-01
-1.613348342401299540e-01
-1.167023132031146382e-01
-3.613007858914749626e-01
-8.437367020352559699e-01
-8.150339441190155299e-01
-8.110113749279066475e-01
-3.901786496007995098e-01
-2.825761397510984096e-01
-2.986566884159169710e-01
-2.321991758909884851e-01
-3.093040934453448187e-01
-3.538733818348571702e-01
-3.989923078526596001e-01
-6.890355978959497030e-01
-7.970710081785514767e-01
-3.699393383502518340e-01
-2.023290460208588826e-01
-1.142968321138360110e-02
9.863889989090735000e-02
7.517958766755050704e-02
-5.095008790032773405e-02
2.493395315225299669e-02
-1.594838548289478908e-02
-3.056803763384805528e-01
-1.828679827395705004e-01
-2.544765240110336002e-01
-1.278653075121756189e-01
-1.432405689548534866e-01
-2.794485557246377816e-01
-3.376858240742661721e-01
-3.195526463905267178e-01
-5.385954013883376135e-01
-5.119063600925546353e-01
-3.674197605497755426e-01
-1.025673844614445329e-01
1.594054741406276676e-01
2.041693245224553976e-01
6.183263499475444291e-02
3.627178920597868839e-01
1.405670092347470757e-01
3.349441676568494231e-01
4.132699617129804714e-01
1.914741545239149190e-01
1.119907166135112320e-01
-1.223008345319733792e-01
-3.089733380584092082e-01
-4.338286325766249618e-01
-6.176945793639205817e-01
-6.445976388512493216e-01
-4.845071675248227017e-01
-5.687962866454023825e-01
-6.040752399018840535e-01
-6.063856635606224010e-01
-4.363190260782543461e-01
-4.289499906193312562e-01
-2.819827256745384148e-01
-1.386634980856475963e-01
-2.316008977646202283e-01
-1.173125429947141640e-02
3.181923801185444489e-01
3.178859449806497040e-01
2.445652581768156253e-01
-5.067506062689020041e-03
9.202865620201183816e-02
-1.068185639935226305e-01
6.438139709407941780e-02
1.939937323243912104e-01
1.907056346542708170e-01
2.043444303155395048e-01
6.044125270128493099e-01
6.298125951095467912e-01
4.513311514595637064e-01
3.089020449855137684e-01
2.110227707017449106e-01
7.235843877898595622e-02
-1.574873708421042906e-01
-3.038125812122585145e-01
-2.263915004203913561e-01
1.481500628852163715e-01
3.290683954889424001e-01
1.616137527534009521e-01
1.345064031741411981e-01
1.728983483076591554e-01
3.065407572630807209e-02
-6.963776726216419632e-02
-4.142021916018689964e-01
-2.153306511572949944e-01
-6.828556141557662329e-02
9.471361169595660101e-02
-9.478976881865985860e-02
-1.560281558997438367e-01
-2.404194200662885805e-01
-3.458428356020633032e-01
-2.004174744463655955e-01
1.744818049794094605e-02
5.679834344361012199e-02
2.613997345618548351e-01
-1.550407537887461551e-01
-3.631296686192344580e-01
-6.149220709734342094e-01
-3.368978480053903546e-01
-1.983698484499640813e-03
1.104390847248000185e-01
4.952340650253983512e-01
7.821886834406912570e-01
8.598675588723754259e-01
6.666918207528178542e-01
5.093008970697585625e-01
3.690071084613624208e-01
3.440934453454529418e-01
4.602226345083497705e-01
6.972672378450877062e-01
6.331882456762079059e-01
3.821157226935731899e-01
1.854524608617715842e-01
-2.017794083925696924e-01
-3.119987770389038850e-01
-1.777412742420754199e-01
8.074406064775363490e-02
-8.658898084259192274e-02
-1.407550395030314760e-01
1.347885180629972979e-01
5.796885618394460593e-01
6.455429321881984706e-01
4.979725250672286663e-01
3.265196333896183134e-01
4.544635995358312641e-01
2.431206353838790690e-01
-6.226873180324155044e-02
1.546581615281468203e-01
5.309459187147798076e-01
5.901365408267507107e-01
3.316512059369216558e-01
3.520169824824739280e-01
3.865225518195032350e-01
4.158041316628802164e-01
1.300363414007090768e-01
3.486147881011536498e-02
2.425466775065494573e-01
3.209746166086473451e-01
2.130997199697057809e-01
-3.249101887946093115e-02
5.445387143621616133e-02
2.905888974588828333e-01
5.250506903476424014e-01
2.587731476656047747e-01
1.552321194054755438e-01
2.865906485168130402e-01
5.490985525977505333e-01
6.902824623209866672e-01
3.926901669758828817e-01
4.083572714070315968e-01
4.976417696802943880e-01
3.082697185104903426e-01
-7.662740683607260905e-02
4.360217631485774348e-02
3.458007268280169910e-01
3.730491338517039068e-01
1.762885910237459441e-01
3.692746312007963994e-01
4.104828611730715338e-01
4.196272748118667906e-01
2.551786148575887481e-01
-2.616120850791787689e-01
-3.814817285443270478e-01
-4.110162389777158864e-01
-4.202482055130518646e-01
-3.313528312244189422e-01
-2.516796953715081386e-01
-1.787140842036496480e-01
-2.275831926233182756e-01
-2.744483125221472974e-01
-2.143286568968729711e-01
1.981210870456528994e-02
-7.527033693967943861e-02
-3.607219639643393094e-01
-3.627113603357541294e-01
-2.457504186557146753e-01
-1.254721950067025915e-01
-3.139638531612831684e-01
-4.230061217541143392e-01
-4.439118078283392776e-01
-1.605760424701019318e-01
2.818313842390995916e-02
1.712397073231759492e-01
5.278086065887039879e-01
6.202109607888104392e-01
5.529022395475058360e-01
-1.363309777434551506e-02
-4.637668591440622379e-01
-3.131321006441352139e-01
-3.001402236073138496e-01
-7.523655263944144522e-01
-6.078983830508670749e-01
-2.702555015877612377e-01
2.161543432490482530e-01
5.625356986512741742e-02
-2.095570240353525904e-01
-1.589757700833134280e-01
2.799463564792628034e-01
4.905986255584977584e-01
2.067813192692815605e-01
9.152752009917719533e-04
2.932349405543632770e-01
7.943563124943597842e-02
-4.012346348140889418e-01
-5.326855808717727570e-01
-3.695113019671589782e-01
-2.485667034944700760e-01
-5.638300917915670674e-01
-7.031121580399242177e-01
-5.275637364240886029e-01
-2.013611001090929165e-01
1.361796363080491901e-01
2.361601801088166752e-01
1.396817521697144571e-01
9.918631395359867042e-03
-1.645451071133230414e-01
-2.254186904588166840e-01
-2.056171436909792760e-01
1.073844614454584345e-01
1.603928762516266815e-01
1.354234850222457709e-02
-2.550504818883592151e-01
-4.410566105911168933e-01
-4.107779005371261505e-01
-6.239205631179922662e-01
-6.728772244342025033e-01
-2.301708671211031287e-01
5.724097197613087218e-02
0.000000000000000000e+00
0.000000000000000000e+00
0.000000000000000000e+00
0.000000000000000000e+00
0.000000000000000000e+00
0.000000000000000000e+00
0.000000000000000000e+00
0.000000000000000000e+00
0.000000000000000000e+00
0.000000000000000000e+00
0.000000000000000000e+00
0.000000000000000000e+00
0.000000000000000000e+00
0.000000000000000000e+00
0.000000000000000000e+00
0.000000000000000000e+00
0.000000000000000000e+00
0.000000000000000000e+00
0.000000000000000000e+00
0.000000000000000000e+00
0.000000000000000000e+00
0.000000000000000000e+00
0.000000000000000000e+00
0.000000000000000000e+00
0.000000000000000000e+00
0.000000000000000000e+00
0.000000000000000000e+00
0.000000000000000000e+00
0.000000000000000000e+00
0.000000000000000000e+00
0.000000000000000000e+00
0.000000000000000000e+00
0.000000000000000000e+00
0.000000000000000000e+00
0.000000000000000000e+00
0.000000000000000000e+00
0.000000000000000000e+00
0.000000000000000000e+00
0.000000000000000000e+00
0.000000000000000000e+00
0.000000000000000000e+00
0.000000000000000000e+00
0.000000000000000000e+00
0.000000000000000000e+00
0.000000000000000000e+00
0.000000000000000000e+00
0.000000000000000000e+00
0.000000000000000000e+00
0.000000000000000000e+00
0.000000000000000000e+00
0.000000000000000000e+00
0.000000000000000000e+00
0.000000000000000000e+00
0.000000000000000000e+00
0.000000000000000000e+00
0.000000000000000000e+00
0.000000000000000000e+00
0.000000000000000000e+00
0.000000000000000000e+00
0.000000000000000000e+00
0.000000000000000000e+00
0.000000000000000000e+00
0.000000000000000000e+00
0.000000000000000000e+00
0.000000000000000000e+00
0.000000000000000000e+00
0.000000000000000000e+00
0.000000000000000000e+00
0.000000000000000000e+00
0.000000000000000000e+00
0.000000000000000000e+00
0.000000000000000000e+00
0.000000000000000000e+00
0.000000000000000000e+00
0.000000000000000000e+00
0.000000000000000000e+00
0.000000000000000000e+00
0.000000000000000000e+00
0.000000000000000000e+00
0.000000000000000000e+00
0.000000000000000000e+00
0.000000000000000000e+00
0.000000000000000000e+00
0.000000000000000000e+00
0.000000000000000000e+00
0.000000000000000000e+00
0.000000000000000000e+00
0.000000000000000000e+00
0.000000000000000000e+00
0.000000000000000000e+00
0.000000000000000000e+00
0.000000000000000000e+00
0.000000000000000000e+00
0.000000000000000000e+00
0.000000000000000000e+00
0.000000000000000000e+00
0.000000000000000000e+00
0.000000000000000000e+00
0.000000000000000000e+00
0.000000000000000000e+00
0.000000000000000000e+00
0.000000000000000000e+00
0.000000000000000000e+00
0.000000000000000000e+00
0.000000000000000000e+00
0.000000000000000000e+00
0.000000000000000000e+00
0.000000000000000000e+00
0.000000000000000000e+00
0.000000000000000000e+00
0.000000000000000000e+00
0.000000000000000000e+00
0.000000000000000000e+00
0.000000000000000000e+00
0.000000000000000000e+00
0.000000000000000000e+00
0.000000000000000000e+00
0.000000000000000000e+00
0.000000000000000000e+00
0.000000000000000000e+00
0.000000000000000000e+00
0.000000000000000000e+00
0.000000000000000000e+00
0.000000000000000000e+00
0.000000000000000000e+00
0.000000000000000000e+00
0.000000000000000000e+00
0.000000000000000000e+00
0.000000000000000000e+00
0.000000000000000000e+00
0.000000000000000000e+00
0.000000000000000000e+00
0.000000000000000000e+00
0.000000000000000000e+00
0.000000000000000000e+00
0.000000000000000000e+00
0.000000000000000000e+00
0.000000000000000000e+00
0.000000000000000000e+00
0.000000000000000000e+00
0.000000000000000000e+00
0.000000000000000000e+00
0.000000000000000000e+00
0.000000000000000000e+00
0.000000000000000000e+00
0.000000000000000000e+00
0.000000000000000000e+00
0.000000000000000000e+00
0.000000000000000000e+00
0.000000000000000000e+00
0.000000000000000000e+00
0.000000000000000000e+00
0.000000000000000000e+00
0.000000000000000000e+00
0.000000000000000000e+00
0.000000000000000000e+00
0.000000000000000000e+00
0.000000000000000000e+00
0.000000000000000000e+00
0.000000000000000000e+00
0.000000000000000000e+00
0.000000000000000000e+00
0.000000000000000000e+00
0.000000000000000000e+00
0.000000000000000000e+00
0.000000000000000000e+00
0.000000000000000000e+00
0.000000000000000000e+00
0.000000000000000000e+00
0.000000000000000000e+00
0.000000000000000000e+00
0.000000000000000000e+00
0.000000000000000000e+00
0.000000000000000000e+00
0.000000000000000000e+00
0.000000000000000000e+00
0.000000000000000000e+00
0.000000000000000000e+00
0.000000000000000000e+00
0.000000000000000000e+00
0.000000000000000000e+00
0.000000000000000000e+00
0.000000000000000000e+00
0.000000000000000000e+00
0.000000000000000000e+00
0.000000000000000000e+00
0.000000000000000000e+00
0.000000000000000000e+00
0.000000000000000000e+00
0.000000000000000000e+00
0.000000000000000000e+00
0.000000000000000000e+00
0.000000000000000000e+00
0.000000000000000000e+00
0.000000000000000000e+00
0.000000000000000000e+00
0.000000000000000000e+00
0.000000000000000000e+00
0.000000000000000000e+00
0.000000000000000000e+00
0.000000000000000000e+00
0.000000000000000000e+00
0.000000000000000000e+00
0.000000000000000000e+00
0.000000000000000000e+00
0.000000000000000000e+00
0.000000000000000000e+00
0.000000000000000000e+00
0.000000000000000000e+00
0.000000000000000000e+00
0.000000000000000000e+00
0.000000000000000000e+00
0.000000000000000000e+00
0.000000000000000000e+00
