0.000000000000000000e+00
0.000000000000000000e+00
0.000000000000000000e+00
0.000000000000000000e+00
0.000000000000000000e+00
0.000000000000000000e+00
0.000000000000000000e+00
0.000000000000000000e+00
0.000000000000000000e+00
0.000000000000000000e+00
0.000000000000000000e+00
0.000000000000000000e+00
0.000000000000000000e+00
0.000000000000000000e+00
0.000000000000000000e+00
0.000000000000000000e+00
0.000000000000000000e+00
0.000000000000000000e+00
0.000000000000000000e+00
0.000000000000000000e+00
0.000000000000000000e+00
0.000000000000000000e+00
0.000000000000000000e+00
0.000000000000000000e+00
0.000000000000000000e+00
0.000000000000000000e+00
0.000000000000000000e+00
0.000000000000000000e+00
0.000000000000000000e+00
0.000000000000000000e+00
0.000000000000000000e+00
0.000000000000000000e+00
0.000000000000000000e+00
0.000000000000000000e+00
0.000000000000000000e+00
0.000000000000000000e+00
0.000000000000000000e+00
0.000000000000000000e+00
0.000000000000000000e+00
0.000000000000000000e+00
0.000000000000000000e+00
0.000000000000000000e+00
0.000000000000000000e+00
0.000000000000000000e+00
0.000000000000000000e+00
0.000000000000000000e+00
0.000000000000000000e+00
0.000000000000000000e+00
0.000000000000000000e+00
0.000000000000000000e+00
0.000000000000000000e+00
0.000000000000000000e+00
0.000000000000000000e+00
0.000000000000000000e+00
0.000000000000000000e+00
0.000000000000000000e+00
0.000000000000000000e+00
0.000000000000000000e+00
0.000000000000000000e+00
0.000000000000000000e+00
0.000000000000000000e+00
0.000000000000000000e+00
0.000000000000000000e+00
0.000000000000000000e+00
0.000000000000000000e+00
0.000000000000000000e+00
0.000000000000000000e+00
0.000000000000000000e+00
0.000000000000000000e+00
0.000000000000000000e+00
0.000000000000000000e+00
0.000000000000000000e+00
0.000000000000000000e+00
0.000000000000000000e+00
0.000000000000000000e+00
0.000000000000000000e+00
0.000000000000000000e+00
0.000000000000000000e+00
0.000000000000000000e+00
0.000000000000000000e+00
0.000000000000000000e+00
0.000000000000000000e+00
0.000000000000000000e+00
0.000000000000000000e+00
0.000000000000000000e+00
0.000000000000000000e+00
0.000000000000000000e+00
0.000000000000000000e+00
0.000000000000000000e+00
0.000000000000000000e+00
0.000000000000000000e+00
0.000000000000000000e+00
0.000000000000000000e+00
0.000000000000000000e+00
0.000000000000000000e+00
0.000000000000000000e+00
0.000000000000000000e+00
0.000000000000000000e+00
0.000000000000000000e+00
0.000000000000000000e+00
0.000000000000000000e+00
0.000000000000000000e+00
0.000000000000000000e+00
0.000000000000000000e+00
0.000000000000000000e+00
0.000000000000000000e+00
0.000000000000000000e+00
0.000000000000000000e+00
0.000000000000000000e+00
0.000000000000000000e+00
0.000000000000000000e+00
0.000000000000000000e+00
0.000000000000000000e+00
0.000000000000000000e+00
0.000000000000000000e+00
0.000000000000000000e+00
0.000000000000000000e+00
0.000000000000000000e+00
0.000000000000000000e+00
0.000000000000000000e+00
0.000000000000000000e+00
0.000000000000000000e+00
0.000000000000000000e+00
0.000000000000000000e+00
0.000000000000000000e+00
0.000000000000000000e+00
0.000000000000000000e+00
0.000000000000000000e+00
0.000000000000000000e+00
0.000000000000000000e+00
0.000000000000000000e+00
0.000000000000000000e+00
0.000000000000000000e+00
0.000000000000000000e+00
0.000000000000000000e+00
0.000000000000000000e+00
0.000000000000000000e+00
0.000000000000000000e+00
0.000000000000000000e+00
0.000000000000000000e+00
3.743353054045408523e-01
2.393177166613365270e-01
4.366634154141347257e-01
5.548837543971856245e-01
7.509262871762070191e-01
6.321303165973775062e-01
2.330177486408696041e-01
-1.209737767828614197e-02
9.401870802686257411e-02
9.408858330668137815e-03
-2.797820594819317996e-01
-5.929916853213967193e-02
1.430673169171727821e-01
2.093848736808440469e-01
1.968728813559319779e-01
1.486877198592898297e-01
3.526851614966419191e-01
9.992484809721546152e-03
-1.708517748640872025e-01
5.865733930284591779e-02
1.998629677006713568e-01
2.866794051806841326e-01
2.753325871442253298e-02
5.007882954908834949e-02
-1.440529261272787964e-01
-5.044883274704212162e-02
-1.303017268947875562e-01
-5.033589702590344217e-01
-2.637203389830510836e-01
-3.440529261272787798e-01
-2.461635753118006642e-01
-1.336264790534280600e-03
-6.029053405820297695e-02
-1.297260952990088589e-01
1.470946594179701680e-02
8.780668372241741404e-02
-5.618915893827973462e-02
-1.584677006715704273e-01
-1.859061400703551914e-01
1.679713783178763131e-01
4.614315637991682761e-01
-1.010244643428208217e-01
-3.604424368404223755e-01
-9.438871122481636011e-02
-4.220610809082209203e-02
-5.546162456028165544e-02
1.486717300927404006e-01
2.780769107771024484e-01
-4.765062360089566268e-02
-2.488338663255518779e-01
-9.762871762072508619e-03
3.549616245602790071e-02
8.234617844579444901e-02
1.353421810041549600e-02
7.236056923568892629e-02
-1.043743204349218967e-01
2.922278541733288604e-01
3.766618164374798128e-01
1.853682443236326360e-01
-5.207179405180707710e-02
1.093448992644705103e-01
3.413564118963861027e-01
1.753906299968018279e-01
1.180593220338980454e-01
-1.166565398145209820e-02
2.070343779980809706e-01
3.088971858010870486e-01
1.452978893508152514e-01
1.541482251359127809e-01
2.287404860889028779e-01
2.113356251998718682e-01
1.628466581387909562e-01
1.086013751199230160e-01
2.757583946274382303e-01
3.625908218740003797e-01
4.109198912695872230e-01
3.308831148065235483e-01
9.595346977934099408e-02
-9.784250079948858536e-02
6.074400383754369193e-02
1.294040614007033185e-01
1.898213943076428878e-01
3.636141669331625637e-01
3.970807483210742617e-01
3.056912376079306548e-01
2.306672529581065834e-01
1.261741285577228089e-01
1.528530540454107189e-01
-9.948145187080292828e-02
1.186349536296767704e-01
4.343528941477452499e-01
3.180753118004474578e-01
2.896295171090499943e-01
2.465850655580426598e-01
2.361117684681801054e-01
6.084793732011489764e-02
1.429473936680522306e-01
-9.450863447393691164e-02
-3.716133674448375557e-02
-2.704760153501760689e-01
-2.258165973776785351e-01
-1.826122481611771042e-01
-1.644958426606973889e-01
1.326031339942190801e-03
2.647094659417970064e-01
2.961053725615603871e-01
4.278690438119601147e-01
6.255105532459224182e-01
7.170359769747359779e-01
8.281648544931241585e-01
8.803554525103931550e-01
9.386061720498879435e-01
2.182146306363927035e+00
4.055251519027821772e+00
7.032889830508474382e+00
9.682002398464982562e+00
1.204528989446754039e+01
1.344910345378957395e+01
1.421694803325870815e+01
1.456182331307962485e+01
1.456465350175886719e+01
1.433320163095618227e+01
1.347001806843619320e+01
1.242160105532458658e+01
1.137568644067795987e+01
1.052272033898304393e+01
1.005402030700351190e+01
9.581498720818675707e+00
9.031138951071309151e+00
8.593099296450271041e+00
8.196289254876871766e+00
7.801869683402622435e+00
7.625446594179725146e+00
7.388014550687559634e+00
7.051517908538534662e+00
6.610512152222576709e+00
6.548719699392389515e+00
6.282570035177486467e+00
6.138893987847776401e+00
5.780171570195074437e+00
5.586087783818356911e+00
5.364885353373840537e+00
4.969018708026862186e+00
4.896089382795010714e+00
4.752549248480971045e+00
4.288550207866965280e+00
4.296049408378636691e+00
4.266724176527022294e+00
4.301086184841700799e+00
4.259856571794051305e+00
4.045145986568596363e+00
3.958033738407420010e+00
3.802069555484489882e+00
3.371401183242723754e+00
3.170361848417013739e+00
3.022248640869842795e+00
2.877845059162137176e+00
2.788102494403581488e+00
2.899399264470738480e+00
3.252445314998401393e+00
3.269858170770706174e+00
3.313222417652702312e+00
3.270489766549407484e+00
2.917059961624560493e+00
2.660927886152861355e+00
2.489829389190917119e+00
2.460672049888071200e+00
2.518938759194115473e+00
2.574215382155420340e+00
2.808897185801086493e+00
2.305851135273424557e+00
2.100958266709306077e+00
2.457234250079948445e+00
2.563494243684042218e+00
2.139581547809402018e+00
2.159768628078029717e+00
1.998679724976015315e+00
2.062646786056923531e+00
2.167603613687239417e+00
1.924878957467220264e+00
1.990349056603773370e+00
1.737303006076111433e+00
1.790077230572433731e+00
1.900766389510712973e+00
1.970641669331627543e+00
1.625910297409657534e+00
1.334520786696514083e+00
1.294874160537256014e+00
1.452917013111608036e+00
1.464421650143907794e+00
1.483457467220978376e+00
1.464165813879116929e+00
1.658449472337703678e+00
1.405267508794371345e+00
1.543251199232490878e+00
1.588350335785097434e+00
1.732929804924847605e+00
1.700518548129197116e+00
1.833329549088583033e+00
1.499503197953309774e+00
1.224335305404540719e+00
1.010048448992644232e+00
9.441306363927082224e-01
1.267931403901502829e+00
1.211055804285257054e+00
1.157402142628717545e+00
1.283425487687879452e+00
1.225486568596098280e+00
1.049671090502078519e+00
9.665482890949792516e-01
7.389579469139750945e-01
7.796598976654938173e-01
7.696423089222896863e-01
8.367193795970573333e-01
7.938428205948193650e-01
6.006224816117682330e-01
6.778610489286855945e-01
9.082575951391107516e-01
6.220247841381514320e-01
2.000388551327147990e-01
2.405729133354650440e-01
2.531008954269264866e-01
1.045399744163730826e-01
3.368472977294527659e-01
3.583775183882313975e-01
3.882203389830474194e-02
1.494131755676342266e-02
1.390458906299965047e-01
2.880625199872079989e-01
2.140917812599929526e-02
-2.864977614326833510e-01
-2.396557403261914132e-01
6.750767508794353056e-02
2.106480652382471952e-01
3.521335145506874209e-01
2.608799168532136559e-01
-1.804136552606334654e-01
-1.118655260633196757e-01
3.051535017588702381e-02
7.521474256475824127e-02
2.488316277582345304e-01
4.438348257115443118e-01
3.823541733290691802e-01
1.384142948512947502e-01
-1.411907579149347391e-01
-6.182854173329073166e-01
-8.035268628078032771e-01
-7.393919091781262498e-01
-2.569646626159260983e-01
-1.551098496961946793e-01
-4.882406459865687998e-01
-3.774155740326192721e-01
-1.961315957787019837e-01
-2.873612088263512998e-01
-5.352425647585546953e-01
-1.568927086664537729e-01
1.425956188039652073e-01
2.644595458906295882e-02
-5.227166613367462134e-02
4.738455388551310321e-02
1.654449952030698778e-01
5.053314678605691501e-01
6.331216821234408876e-01
3.813947873361045460e-01
4.063068436200828470e-01
4.942985289414772998e-01
5.349685001598972756e-01
9.209934441957144946e-01
7.444344419571471416e-01
3.694584266069713685e-01
3.671079309242083477e-01
5.731760473297087266e-01
5.457615925807480783e-01
4.281088903102012733e-01
5.887420850655578075e-01
4.841130476495041357e-01
6.453458586504634553e-01
5.398213943076428656e-01
6.051315957787013478e-01
5.662125039974412744e-01
5.334814518708024256e-01
2.994552286536614760e-01
1.460014390789892147e-01
6.715770706747679064e-01
7.162444835305401547e-01
6.905809082187399639e-01
7.959694595458903787e-01
5.566026543012470018e-01
5.653010873041250939e-01
5.383343460185479046e-01
8.471207227374477622e-01
7.566506236008951891e-01
4.226563799168530089e-01
1.028450591621360433e-01
3.871810041573353622e-02
4.668899904061374340e-02
2.477123440997757164e-01
4.539163735209462702e-01
4.709673808762371294e-02
-1.442607930924211246e-01
-2.284149344419572625e-01
-1.200922609529901930e-01
1.612636712503996428e-01
3.948901503038053651e-01
3.301955548448989308e-01
1.704258074832105674e-01
1.730721138471376097e-01
4.588811960345375862e-01
6.842169811320752970e-01
6.385182283338661779e-01
6.990954589062998714e-01
9.160685960984968901e-01
9.207775823472976739e-01
8.982400063959061765e-01
1.033977134633834227e+00
1.301613847137831570e+00
1.219962104253277557e+00
9.789963223536934933e-01
8.061149664214899424e-01
7.691066517428843952e-01
5.789883274704188398e-01
2.590171090502075835e-01
2.147734250079946783e-01
2.950799488327460196e-02
2.676595778701629236e-01
3.135102334505914801e-01
2.359678605692354658e-01
2.885901822833383257e-01
4.745911416693315843e-01
4.928754397185797220e-01
2.776531819635432718e-01
2.177715062360086051e-01
4.111597377678282150e-01
4.441866005756314184e-01
4.425796290374157671e-01
3.802275343779977224e-01
2.873589702590337858e-01
5.495671570195073130e-01
6.319624240486088063e-01
7.778930284617844304e-01
6.169080588423407896e-01
5.020935401343136206e-01
2.858719219699388248e-01
2.999568276303143932e-02
-8.012583946274398627e-02
-3.081079309242087394e-01
2.353581707707030901e-02
1.407088263511351300e-01
3.227443236328746412e-01
3.121351135273422450e-01
5.715450911416690705e-01
5.769816117684680723e-01
2.951779661016946665e-01
1.324661016949149062e-01
1.024832107451212337e-02
2.387181004157334918e-01
1.255185481291967164e-01
-2.260265430124741570e-02
1.113835944995202887e-01
1.438348257115444895e-01
3.112556763671248117e-01
2.955057563159575462e-01
6.371431084106169429e-01
6.434830508474573829e-01
9.614235689158936449e-01
8.755025583626474539e-01
7.233919091781255695e-01
5.297078669651422711e-01
5.525572433642467196e-01
5.297078669651422711e-01
1.831776463063636839e-01
4.935129517109038133e-02
1.187927726255155747e-02
-1.558453789574674175e-01
1.050516469459541469e-01
4.080737128237925671e-01
3.725444515510072385e-01
4.756064918452187484e-01
2.319624240486084510e-01
1.957035497281700565e-02
9.874368404221267603e-02
3.566826031339942471e-01
1.236157659098178208e-01
-8.718532139430790195e-02
2.419240486088898301e-01
1.016058522545568721e-01
1.054433962264149649e-01
3.396913975055904089e-02
-3.943987847777430389e-02
-1.284708986248803697e-01
-3.104824112567960981e-01
-2.516640550047970493e-01
-1.511944355612415691e-02
4.136861208826347891e-01
7.401651742884551854e-01
4.913724016629354985e-01
4.229761752478411463e-01
3.138939878477773338e-01
5.348485769107771404e-01
5.546039334825709766e-01
5.128946274384391657e-01
2.511101694915252036e-01
2.482799808122799767e-01
2.389979213303483618e-01
4.788124400383750867e-01
6.691066517428843063e-01
2.494792133034855475e-01
2.325599616245588308e-02
-1.397676686920372724e-01
-3.396237607930927549e-01
-3.045821874000642637e-01
1.230092740645893912e-03
2.727603133994240814e-01
2.428594499520304595e-01
2.079058202750236894e-01
-6.993236328749619091e-02
7.024192516789229401e-02
5.475583626478996990e-02
-4.957946913975330716e-03
-8.851247201790890529e-02
1.041242404860889259e-01
2.501827630316593165e-01
2.979362008314678789e-01
1.306352734250078029e-01
-8.118915893828004826e-02
-1.031191237607931299e-01
-2.988818356251998765e-01
-6.433573712823794644e-01
-4.940529261272788020e-01
-3.283749600255840839e-01
-3.333717620722738140e-01
-1.937651103293895893e-01
-1.515921010553245019e-01
-3.140161496642153161e-01
-1.770797889350816945e-01
9.692085065558053714e-02
1.854961624560278466e-01
-3.308394627438460134e-02
-3.134085385353375663e-01
-4.565409338023664887e-01
-5.010804285257441926e-01
-1.619214902462426942e-01
-8.322785417332934088e-02
-1.740417332906942782e-01
-2.900235049568280488e-01
-3.660468500159899108e-01
-2.795182283338668583e-01
-3.435012791813245592e-01
-2.432854173329070946e-01
-5.451482251359136555e-01
-5.800698752798212343e-01
-4.114417972497605991e-01
-6.742996482251362167e-02
-2.056694915254237976e-01
-2.553417013111614065e-01
-1.824123760793092686e-01
-3.242176207227376317e-01
-6.533349856092101060e-01
-4.870733930284618651e-01
-7.492895746722099126e-01
-4.562531180044773205e-01
-1.486419891269590288e-01
6.507723057243364195e-02
-1.217732651103320407e-02
-1.647276942756636942e-01
-3.720989766549407385e-01
-3.387922929325237753e-01
-3.042165014390807443e-02
-2.777433642468820629e-01
-1.643839142948517740e-01
-7.182715062360101044e-02
-8.273217141029753918e-02
-1.283030060761114477e-01
-3.583717620722739472e-01
-4.475386952350497438e-01
-4.793903102014711592e-01
-4.612499200511677167e-01
-4.382886152862170981e-01
-4.649675407739048971e-01
-3.368735209465945069e-01
-2.447404860889030864e-01
-2.643439398784779293e-01
-3.102926127278582413e-02
5.005484489926415037e-02
-2.549019827310523567e-01
-4.310292612727857353e-01
-4.711395906619766372e-01
-4.368095618803966573e-01
-6.085236648544933846e-01
-8.547980492484810178e-01
-1.054094499520307426e+00
-9.758565717940519413e-01
-1.182492324912056469e+00
-9.534469139750560984e-01
-6.198923888711229679e-01
-9.361939558682446094e-01
-7.728824752158622857e-01
-4.839793732011514749e-01
-5.911587783818359476e-01
-5.215952990086347718e-01
-5.124731371921971146e-01
-5.843951071314363865e-01
-8.833078030060765862e-01
-9.379768148385037030e-01
-9.599387591941159759e-01
-7.744974416373522352e-01
-9.111299968020467599e-01
-8.685332587144229954e-01
-8.498012472017910657e-01
-6.459477134633835327e-01
-5.911188039654622361e-01
-6.708677646306366871e-01
-8.384804924848099361e-01
-8.295022385673171961e-01
-7.721469459545891034e-01
-7.374971218420212082e-01
-8.172620722737451437e-01
-8.940529261272787132e-01
-7.982662296130480506e-01
-8.903912695874640626e-01
-8.976346338343463849e-01
-1.104390310201471159e+00
-8.619374800127923564e-01
-9.801738087623919071e-01
-8.476746082507200519e-01
-6.501770067157019994e-01
-8.721309561880401517e-01
-8.728664854493128900e-01
-7.329880076750883156e-01
-2.633925487687882594e-01
-5.094110968979852494e-01
-5.412307323313081397e-01
-4.659269267668695313e-01
-2.740177486408699181e-01
-5.238498560921014402e-01
-6.814210105532461093e-01
-8.295661976335151344e-01
-9.598188359449957296e-01
-7.825003197953313006e-01
-9.041184841701315200e-01
-9.408149984010232281e-01
-1.078630796290374505e+00
-1.076704029421170716e+00
-5.861539814518708091e-01
-6.367056283978258513e-01
-7.628728813559324529e-01
-9.040865046370325508e-01
-8.278792772625522822e-01
-5.696525423728813209e-01
-4.249291653341864539e-01
-2.675259034218102627e-01
8.711912376079267162e-02
-2.388183562519996528e-02
-2.031031339942437342e-01
-5.900155100735529068e-01
-6.286467860569238120e-01
-5.211795650783499489e-01
-4.859461144867287530e-01
-9.341333546530261600e-02
-1.942448033258714624e-01
-3.192208186760474575e-01
-4.032310521266393444e-01
-9.816229613047688929e-02
-7.500911416693334388e-02
-6.718212344099816491e-02
-3.178936680524468983e-01
-6.467232171410297603e-01
-7.938210745123122081e-01
-8.522077070674769494e-01
-6.545342181004158988e-01
-9.909029421170454377e-01
-8.905431723696835000e-01
-6.855143907898946232e-01
-6.821325551646948426e-01
-8.837715062360089746e-01
-1.186513751199232747e+00
-9.683733610489286825e-01
-9.331399104573074865e-01
-8.348348257115447701e-01
-8.798060441317558933e-01
-8.559493124400385788e-01
-7.941888391429490213e-01
-9.626650143907902191e-01
-8.357462424048609506e-01
-5.711875599616247356e-01
-5.574283658458587531e-01
-3.292783818356253001e-01
-1.036467860569239008e-01
-3.114737767828592574e-01
-4.908789574672209888e-01
-6.655431723696838553e-01
-6.127929325231855628e-01
-6.646637352094661999e-01
-7.286228014070998960e-01
-3.707638311480656590e-01
-6.681435881036179580e-02
3.783866325551654697e-02
-1.890901822833424006e-02
-1.674779341221621642e-01
-4.352905340582031712e-01
-5.132886152862168316e-01
-5.726666133674447323e-01
-4.578440997761434872e-01
-2.771517428845542419e-01
-2.635684362008317017e-01
-2.703981451870829389e-02
3.550036776463061372e-01
3.613436200831463552e-01
3.264299648225135186e-01
4.346247201790851555e-01
3.025332587144227148e-01
1.899413175567632450e-01
1.286205628397820711e-01
8.424096578189921303e-02
2.411144867284908955e-02
-1.987219379597058300e-01
-3.952041893188362742e-01
-1.105703549728178636e-01
-4.356023345059165663e-01
-2.040625199872083684e-01
-3.518959066197635543e-01
-1.399275663575316742e-01
-2.566368724016632186e-01
-3.957558362647906058e-01
-4.209477134633834439e-01
-6.266880396546210541e-01
-4.252329708986253287e-01
-9.123073233130796211e-02
4.555372561560577793e-02
5.825071953946547865e-04
-6.788775183882655995e-03
1.124389190917809422e-01
-3.673760793092428756e-02
-3.990177486408699181e-01
-2.265681164055006747e-01
-1.932534377998083031e-01
-1.242416053725614589e-01
1.218968660057564435e-01
-5.618915893828013708e-02
-2.214354013431405477e-01
-3.119134953629680851e-01
-4.189170131116086715e-01
-1.313570514870487926e-01
-5.132826990725947169e-02
-1.906231212024307453e-01
-1.478365845858675698e-02
5.758602494403586292e-02
-5.766021746082516941e-02
-3.208917492804608251e-01
-8.725727534377991645e-02
3.330556443875876127e-02
-1.263362647905341696e-01
-3.115937000319797257e-01
-9.596370322993319490e-02
3.623169171730111771e-02
8.739094979213302139e-02
6.154940837863609460e-03
-2.513442596738091339e-01
-5.735620402942123164e-01
-6.937011512631916510e-01
-6.222348896706111354e-01
-7.078440997761434872e-01
-7.435012791813244704e-01
-8.415105532459228321e-01
-9.200922609529902374e-01
-9.872652702270552361e-01
-1.160322513591301785e+00
-1.096819155740326401e+00
-7.799099776143267881e-01
-4.794942436840425870e-01
-3.057174608250718961e-01
-2.038786376718899618e-01
-4.958677646306366427e-01
-2.181654940837862711e-01
-3.834457946913971682e-02
2.615914614646626113e-01
3.809870482890946874e-01
2.937388871122479372e-01
1.587133034857690639e-01
-8.867444835305438033e-03
7.466101694915128206e-03
1.696263191557401129e-01
1.582815797889347564e-01
-2.935833066837245653e-02
-1.253049248480975209e-01
-4.118655260633197202e-01
-1.898875919411580071e-01
1.936269587464023445e-01
4.033967061080905303e-01
4.432192196993920419e-01
2.800516469459544133e-01
1.410845858650464635e-01
3.245591621362327039e-01
5.702499200511672584e-01
2.249109370003199437e-01
-1.469550687559961766e-01
-3.640721138471381124e-01
-2.272876559002243724e-01
1.039003837543970299e-01
-8.411736488647569843e-03
2.199141349536293255e-01
1.605260633194705022e-02
-2.106582986888390074e-01
-1.636483850335785917e-01
-3.567088263511357660e-01
-2.502889350815480363e-01
-3.244094979213310026e-01
-3.192767828589704315e-01
-1.455000000000001847e-01
-1.923660057563161274e-01
-1.669982411256798471e-01
-2.916864406779660079e-01
-3.206039334825714349e-01
-3.457878157978897526e-01
-1.018799168532140698e-01
-1.524555484489931168e-01
-2.177257755036778875e-01
-2.783110009593863232e-01
-4.769998401023349821e-01
-6.999931244003838593e-01
-5.776154461144868968e-01
-5.639282059481933729e-01
-4.752089862488007022e-01
-4.719630636392713186e-01
-3.269358810361371326e-01
-5.369694595458907038e-01
-5.024795330988172104e-01
-1.637523185161500194e-01
-2.714913655260637881e-01
-4.200602814198917123e-01
-7.105943396226419573e-01
-5.472988487368088961e-01
-1.860260633194759095e-01
-3.735460505276626542e-01
-2.945566037735849463e-01
1.721186440677957563e-02
-2.021218420211079447e-02
2.054433962264150537e-01
2.466810041573390677e-01
4.918201151263188464e-01
5.077139430764310291e-01
4.173557723057244040e-01
4.313468180364563587e-01
8.586493444195713032e-01
7.547398464982411070e-01
6.797558362647899699e-01
5.541562200191876286e-01
4.645335785097537418e-01
6.079617844579470187e-01
9.447222577550364875e-01
9.069944035817076866e-01
4.388620083146781425e-01
-4.132667093060460317e-02
-1.073564118963865610e-01
1.943544931244005625e-01
3.790602814198908987e-01
5.349685001598976086e-01
6.201539814518706173e-01
5.215610809082185106e-01
6.446423089222896863e-01
7.964651423089219584e-01
6.728242724656219309e-01
5.336973137192195793e-01
4.479122161816437853e-01
5.827858970259032212e-01
7.286845219059800982e-01
5.787644707387267218e-01
5.623989446754076305e-01
5.404449952030696558e-01
4.968169171730090206e-01
3.448421810041568669e-01
3.449860889031017841e-01
3.703458586504635441e-01
3.892377678285892095e-01
5.192265749920048634e-01
4.188508154780938852e-01
5.862876559002234700e-01
7.017017908538534243e-01
6.476004157339296796e-01
5.971766869203705141e-01
6.469848097217778538e-01
8.446183242724654150e-01
8.738076431084103035e-01
8.761741285577229199e-01
8.157647905340579264e-01
9.027171410297407661e-01
1.160759993604093321e+00
1.118610968979852682e+00
1.424167412855771975e+00
1.552996961944355547e+00
1.388806044131755346e+00
1.384672689478733343e+00
1.355331467860569017e+00
1.432010393348257082e+00
1.649583146786056886e+00
1.572048768787975614e+00
1.424966901183242651e+00
1.155515350175887246e+00
1.148559801726894314e+00
9.305553245922606465e-01
9.200980172689474657e-01
9.749509114166929891e-01
7.252707067476813485e-01
5.854162136232807789e-01
6.387580748321073365e-01
8.628146786056922757e-01
6.389339622641507788e-01
6.930193476175245948e-01
7.071543012472014667e-01
4.750228653661654477e-01
2.924037416053724137e-01
6.805132715062311988e-02
-2.002089862488007910e-01
-1.001370322993286877e-01
-2.096669331627758481e-01
3.470466901183222319e-02
-5.475007994883274165e-02
-1.602745442916533314e-01
-2.058293891909177553e-01
-1.545262232171413785e-01
1.570583626479051809e-01
2.444904061400698936e-01
4.122310521266387973e-01
4.101603773584905355e-01
1.970626798848718053e-02
-2.021218420211079447e-02
1.952579149344417786e-01
3.816905980172689006e-01
5.227742244963184959e-02
-5.000911416693343270e-02
-9.054317236968367766e-02
-2.923041253597702394e-02
-1.553816757275345850e-01
-5.602126638951077098e-02
1.069544291653339307e-01
2.014379597057880389e-01
-1.745853853533740896e-01
-1.860740326191239191e-01
-9.823425007994934788e-02
-2.605303805564442854e-01
-2.622892548768791521e-01
-8.068548129197328223e-02
2.473845538855128368e-01
9.702478413815152081e-02
1.420039974416371642e-01
-2.958917492804609140e-01
-5.119934441957147975e-01
-4.561411896386311504e-01
-3.122892548768789744e-01
-3.517839782539176063e-01
-6.386084106172051911e-01
-7.870174288455391576e-01
-4.618895107131439914e-01
-4.240017588743207888e-01
-3.306694915254237976e-01
-4.162946913975060781e-01
-5.932054685001602046e-01
-4.743855132715069089e-01
-3.577961304764953887e-01
-4.925179085385358313e-01
-7.852265749920053217e-01
-5.839074192516791051e-01
-4.693807163415417705e-01
-5.085636392708665632e-01
-3.397756635753119703e-01
-2.572284937639914837e-01
-1.613138791173649444e-01
-1.187251359130159223e-01
1.406188039654621136e-02
4.768776782858967778e-01
7.327779021426286121e-01
7.233759194115760849e-01
5.504545890629994886e-01
4.157807803006074998e-01
3.825860249440355965e-01
4.326979533098813668e-01
1.401331947553563495e-01
1.439766549408361129e-02
1.731579788935055930e-02
2.145175887432042572e-01
4.344088583306682239e-01
5.138700031979532845e-01
1.361037735849053298e-01
1.714790534058208138e-02
