0.000000000000000000e+00
0.000000000000000000e+00
0.000000000000000000e+00
0.000000000000000000e+00
0.000000000000000000e+00
0.000000000000000000e+00
0.000000000000000000e+00
0.000000000000000000e+00
0.000000000000000000e+00
0.000000000000000000e+00
0.000000000000000000e+00
0.000000000000000000e+00
0.000000000000000000e+00
0.000000000000000000e+00
0.000000000000000000e+00
0.000000000000000000e+00
0.000000000000000000e+00
0.000000000000000000e+00
0.000000000000000000e+00
0.000000000000000000e+00
0.000000000000000000e+00
0.000000000000000000e+00
0.000000000000000000e+00
0.000000000000000000e+00
0.000000000000000000e+00
0.000000000000000000e+00
0.000000000000000000e+00
0.000000000000000000e+00
0.000000000000000000e+00
0.000000000000000000e+00
0.000000000000000000e+00
0.000000000000000000e+00
0.000000000000000000e+00
0.000000000000000000e+00
0.000000000000000000e+00
0.000000000000000000e+00
0.000000000000000000e+00
0.000000000000000000e+00
0.000000000000000000e+00
0.000000000000000000e+00
0.000000000000000000e+00
0.000000000000000000e+00
0.000000000000000000e+00
0.000000000000000000e+00
0.000000000000000000e+00
0.000000000000000000e+00
0.000000000000000000e+00
0.000000000000000000e+00
0.000000000000000000e+00
0.000000000000000000e+00
0.000000000000000000e+00
0.000000000000000000e+00
0.000000000000000000e+00
0.000000000000000000e+00
0.000000000000000000e+00
0.000000000000000000e+00
0.000000000000000000e+00
0.000000000000000000e+00
0.000000000000000000e+00
0.000000000000000000e+00
0.000000000000000000e+00
0.000000000000000000e+00
0.000000000000000000e+00
0.000000000000000000e+00
0.000000000000000000e+00
0.000000000000000000e+00
0.000000000000000000e+00
0.000000000000000000e+00
0.000000000000000000e+00
0.000000000000000000e+00
0.000000000000000000e+00
0.000000000000000000e+00
0.000000000000000000e+00
0.000000000000000000e+00
0.000000000000000000e+00
0.000000000000000000e+00
0.000000000000000000e+00
0.000000000000000000e+00
0.000000000000000000e+00
0.000000000000000000e+00
0.000000000000000000e+00
0.000000000000000000e+00
0.000000000000000000e+00
0.000000000000000000e+00
0.000000000000000000e+00
0.000000000000000000e+00
0.000000000000000000e+00
0.000000000000000000e+00
0.000000000000000000e+00
0.000000000000000000e+00
0.000000000000000000e+00
0.000000000000000000e+00
0.000000000000000000e+00
0.000000000000000000e+00
0.000000000000000000e+00
0.000000000000000000e+00
0.000000000000000000e+00
0.000000000000000000e+00
0.000000000000000000e+00
0.000000000000000000e+00
0.000000000000000000e+00
0.000000000000000000e+00
0.000000000000000000e+00
0.000000000000000000e+00
0.000000000000000000e+00
0.000000000000000000e+00
0.000000000000000000e+00
0.000000000000000000e+00
0.000000000000000000e+00
0.000000000000000000e+00
0.000000000000000000e+00
0.000000000000000000e+00
0.000000000000000000e+00
0.000000000000000000e+00
0.000000000000000000e+00
0.000000000000000000e+00
0.000000000000000000e+00
0.000000000000000000e+00
0.000000000000000000e+00
0.000000000000000000e+00
0.000000000000000000e+00
0.000000000000000000e+00
0.000000000000000000e+00
0.000000000000000000e+00
0.000000000000000000e+00
0.000000000000000000e+00
0.000000000000000000e+00
0.000000000000000000e+00
0.000000000000000000e+00
0.000000000000000000e+00
0.000000000000000000e+00
0.000000000000000000e+00
0.000000000000000000e+00
0.000000000000000000e+00
0.000000000000000000e+00
0.000000000000000000e+00
0.000000000000000000e+00
0.000000000000000000e+00
0.000000000000000000e+00
0.000000000000000000e+00
-1.215493958777408567e-01
-3.771855010659658919e-02
6.062544420766592147e-03
-1.085287846480554458e-02
-1.487348969438389568e-01
-1.208386638237252259e-01
7.280028429283480484e-02
2.130632551528206242e-01
1.884719260838795818e-01
4.053162757640501601e-01
3.164747690120956469e-01
1.018692253020743455e-01
3.130277185501198489e-01
3.276332622601411670e-01
4.007107320541478113e-02
1.541791044776251729e-01
1.955792466240359739e-01
-2.028926794598304439e-01
-1.166808813077337692e-01
-1.083297796730500473e-01
-2.345913290689277952e-01
-1.698081023454025562e-01
-2.517910447761061987e-01
-1.034968017057437129e-01
-1.465316275763904885e-01
-2.721179815209534003e-01
-2.710518834399299193e-01
-1.644065387348837004e-01
1.458635394456422041e-01
1.094385216773408609e-01
2.229068941009371696e-01
1.015493958777673039e-01
-1.862117981507753484e-03
-3.285003553658948083e-02
-1.368656716417778196e-01
3.307036247336075929e-02
2.860909737029271871e-01
2.884363894811787787e-01
1.946552949538156441e-01
1.019758351101766880e-01
-3.233617626154807745e-01
-2.678891257995603681e-01
-2.034612651030429376e-01
-2.577825159913390424e-02
-7.240227434255963601e-02
4.427860696530616647e-03
1.107889125799705748e-01
6.879886282884564719e-03
7.727789623313331691e-02
2.118550106609940475e-01
1.882587064676748967e-01
-1.852878464817442339e-02
4.011940298507594704e-01
3.771002132196293877e-01
1.629566453447182650e-01
2.651030561491518611e-03
-2.015778251599014970e-01
-4.341648898365183529e-01
-4.176759061833556497e-01
-2.980952380952248681e-01
-3.592181947405695963e-01
-3.768798862828581231e-01
-2.180312722103634471e-01
-2.119402985073304269e-02
8.310589907606154292e-02
-1.704477611940166115e-01
-2.147974413645923064e-01
-2.289765458422042821e-01
-1.026083866382241777e-01
-2.520042643923108838e-01
-1.383226723525098900e-01
-1.519331911869093443e-01
1.307960199005107349e-01
2.952949538024297049e-01
1.540867093107220476e-02
3.798720682302904050e-01
4.141648898365448139e-01
5.990618336887125750e-01
5.062046908315697147e-01
1.709168443496933698e-01
-9.429282160624122278e-02
-4.015778251599014803e-01
-3.613859275053172837e-01
-2.435678749110264940e-02
4.732054015637426891e-02
-1.596446339729789554e-01
6.132196162048225707e-02
1.283084577114559921e-01
2.496801705758250334e-02
2.756432125088973950e-01
5.886993603412835063e-02
-1.625941719971438770e-01
-1.424804548685013605e-01
-3.619047619046295017e-02
-6.362473347546654390e-02
-8.523098791754185610e-02
-2.641222459132774314e-01
-8.043354655293633027e-02
1.155152807391745251e-01
2.046410803127353406e-01
7.874911158506470166e-03
-1.604122245911970834e-02
1.987420042644055529e-01
2.173987206823159990e-01
1.076616915423017629e-01
7.009950248757540470e-02
-9.951670220325614657e-02
-1.804690831556370889e-01
-1.818550106609675976e-01
3.391471215351944402e-01
5.278820184790465886e-01
1.039466950959501368e+00
2.421876332622614481e+00
4.638081023454170726e+00
7.570987917555094704e+00
1.035776830135040427e+01
1.256654584221749715e+01
1.403228855721393842e+01
1.491743425728501293e+01
1.533641080312723659e+01
1.498516702203270867e+01
1.464831556503199650e+01
1.409692963752666550e+01
1.336668798862830343e+01
1.240236673773987874e+01
1.172461265103057571e+01
1.084565031982943140e+01
1.033342572850036589e+01
9.815230987917564320e+00
9.044193319118701169e+00
8.257803837953106907e+00
7.528841506751969170e+00
7.236624022743434637e+00
7.204143567874925047e+00
7.247853589196887825e+00
6.912281449893399099e+00
6.841066098081032720e+00
6.634349680170584129e+00
6.298777540867107838e+00
5.961393034825880122e+00
5.712956645344719142e+00
5.481400142146426013e+00
5.262530206112309372e+00
5.172054015636118329e+00
5.067611940298521134e+00
4.940675195451328605e+00
4.610469083155663839e+00
4.373049040511739705e+00
4.061535181236687109e+00
4.061428571428585599e+00
4.041528073916146546e+00
4.077100213219630120e+00
3.834385216773290139e+00
3.560966595593475503e+00
3.429587775408683648e+00
3.202579957356090468e+00
2.812423596304205908e+00
2.796112295664548775e+00
2.903432835820909830e+00
3.059083155650332841e+00
2.943802416488995988e+00
2.769708599857866993e+00
2.513880597014939156e+00
2.567043354655308640e+00
2.643802416488997054e+00
2.579800995024888799e+00
2.711073205401576480e+00
2.547427149964476278e+00
2.310646766169167421e+00
2.279872068230289983e+00
1.852224591329082237e+00
1.868535891968741147e+00
1.695756929637539656e+00
1.926282871357511972e+00
1.820668088130788398e+00
1.600199004975137562e+00
1.600092395167035164e+00
1.543020611229579675e+00
1.749843638948130220e+00
1.727668798862842081e+00
1.270668088130788131e+00
1.025216773276487636e+00
1.023901918976559244e+00
7.888628287135883710e-01
8.416702203269506022e-01
9.697796730632686213e-01
1.113525230987930659e+00
1.100980810234555296e+00
1.160220326936758362e+00
9.446908315565165637e-01
6.338521677327779713e-01
4.669367448472057092e-01
6.615707178393877008e-01
7.260696517413065543e-01
5.784150675195585123e-01
6.801563610518965852e-01
5.404264392324225064e-01
6.059914712153648964e-01
6.056005685856566956e-01
9.189978678038510651e-01
8.180028429282293345e-01
8.969651741293667158e-01
8.623880597015056715e-01
1.031115849324817813e+00
1.029623312011385128e+00
7.418834399431548654e-01
5.285216773276610880e-01
3.951883439943273402e-01
5.295877754086841804e-01
8.337455579246757509e-01
6.359488272921240970e-01
5.187846481876463578e-01
5.703127221037798122e-01
6.615351812366869755e-01
6.511584932480585231e-01
7.987420042644057805e-01
6.704193319118825212e-01
5.942643923241068826e-01
7.671855010661112750e-01
6.625302061123086173e-01
6.262828713575112616e-01
7.033617626155073133e-01
7.335323383084708659e-01
4.993105899076180076e-01
1.458280028429415065e-01
2.245415778251729222e-01
5.233120113718436883e-02
1.869793887704469526e-01
1.508884150676537139e-02
-5.012082444916954316e-02
5.584932480456195059e-02
-3.279815209665823961e-01
-1.760270078180392606e-01
4.122245913422695196e-04
1.361265103056279457e-01
5.147832267236585047e-02
1.383297796730764695e-01
-1.364605543696884027e-03
2.648045486851589025e-01
4.422388059701622964e-01
6.309381663113136085e-01
5.228002842928349825e-01
5.230135039090395566e-01
5.547832267235384140e-01
6.178251599147253081e-01
3.620326936744979740e-01
5.198507462686696723e-01
8.481734186211931092e-01
7.008742004264525427e-01
6.092253020611362313e-01
6.982800284292953741e-01
9.337100213219748923e-01
6.639872068230407987e-01
8.418123667377532815e-01
5.947974413646188729e-01
2.839943141435812279e-01
3.328358208956538888e-02
-5.584221748399542662e-02
2.220895522388193211e-01
4.279530916844480615e-01
3.698862828713709305e-01
2.189978678038511095e-01
-2.090973702912668486e-02
-1.706609808102212966e-01
-5.011158493247913626e-01
-4.195948827291979821e-01
-1.629140014214509602e-01
-1.238948116559925872e-01
-3.695948827291977157e-01
-5.893176972281317649e-01
-7.802203269367318228e-01
-7.069083155650186523e-01
-4.426936744847060901e-01
-1.644065387348836449e-01
-4.980099502486234897e-02
-2.077256574271366674e-01
-1.627718550106478368e-01
7.223169864962231124e-02
2.974626865671774478e-01
1.305472636816054077e-01
4.832977967439422429e-04
5.684434968018381440e-02
7.923240938167652736e-02
2.941222459133039369e-01
2.425230987917685876e-01
-5.024875621877367138e-03
5.233120113718459088e-02
-1.263823738450471357e-01
-2.787633262259996414e-01
-5.830987917554948385e-01
-6.307889125799441832e-01
-6.381094527363052604e-01
-7.251741293532205646e-01
-7.599644633972860719e-01
-8.637668798862696562e-01
-8.493034825870515725e-01
-7.631982942430570738e-01
-7.472068230277054690e-01
-1.047988628287122470e+00
-8.529637526652318336e-01
-8.945415778251468719e-01
-9.184577114427727729e-01
-6.524662402274210571e-01
-5.496233120113583892e-01
-2.537810945273499819e-01
-3.060554371002000007e-01
-7.540653873489562287e-01
-6.814641080312588972e-01
-4.097157071783805726e-01
-1.781592039800863336e-01
-5.192395167021899294e-01
-4.437597725657294045e-01
-4.753162757640236880e-01
-7.933688699360209595e-01
-7.300781805259285440e-01
-4.921606254441941442e-01
-4.390689410092263323e-01
-3.397796730632418605e-01
-6.418052594171863579e-01
-4.356218905472506453e-01
-1.640867093105766727e-01
-1.277327647476766970e-01
1.910447761195355199e-02
2.958635394456421430e-01
5.122459132907026813e-01
3.832125088841638050e-01
3.498081023454289173e-01
3.772565742716316173e-02
-2.277683013503777332e-01
-5.419474058279896145e-01
-4.145131485429860430e-01
-1.129140014214509158e-01
2.619616204690964345e-01
2.907462686567297006e-01
4.902629708601180525e-02
3.681592039814107764e-03
5.279317697229468642e-02
-2.391044776119271020e-01
-1.842217484007213635e-02
-9.848614072493355742e-02
-9.770433546551626769e-02
-1.764179104477479054e-01
-2.806467661691411930e-01
-4.954299928926662044e-01
-6.507604832977837983e-01
-8.548116560056726598e-01
-8.362970859985654482e-01
-6.379673063255020260e-01
-4.208386638237253674e-01
-5.521819474058147215e-01
-6.173560767590489107e-01
-4.984861407249332466e-01
-2.582587064676484800e-01
-2.608528784648056487e-01
-3.081876332622468517e-01
-2.116702203269236193e-01
-1.214427860696387640e-01
-2.783013503908891018e-01
-4.805046197583380252e-01
-1.216560056858431160e-01
-2.634683724234632152e-02
-3.458208955223749381e-01
-6.338805970149121727e-01
-6.233262260127798715e-01
-5.392466240227302698e-01
-5.382160625444074586e-01
-2.785856432124957927e-01
-2.210518834399302079e-01
-7.286425017766995360e-02
-2.364036958066677574e-01
-1.102487562188922965e-01
2.393745557925974765e-02
-4.574982231697344304e-02
-2.330632551527940244e-01
-2.505828002842793722e-01
-3.646552949537891219e-01
-3.562686567164046192e-01
-1.112082444918134350e-01
-2.244633972992049475e-01
1.746979388771752184e-02
-6.174129353232515882e-02
1.732764747691439844e-02
1.371926083866514823e-01
1.632409381663244563e-01
-1.444207533758445905e-02
1.793034825870778448e-01
8.530916844350988626e-02
6.032693674486022672e-02
-3.050604122245781369e-01
-7.416986496090842707e-01
-7.850177683013370711e-01
-6.538166311300508404e-01
-7.369367448471795257e-01
-5.674271499644503169e-01
-6.081520966595461708e-01
-4.335607675906052449e-01
-2.775195451314722561e-01
-5.242857142857011432e-01
-7.819616204690702510e-01
-8.596801705756795808e-01
-7.424804548685013383e-01
-5.146197583510885298e-01
-2.130561478322539060e-01
-6.616346837242228496e-01
-5.676048329779541657e-01
-8.579033404406406493e-01
-7.577256574271367118e-01
-5.791542288557078866e-01
-5.403837953091550350e-01
-4.395309168443364278e-01
-4.642501776828789062e-02
-2.439729921819342451e-01
-1.740724946694967024e-01
-4.770433546551622328e-02
1.039800995026229913e-02
6.292110874201739534e-02
1.944420753376108202e-01
-2.541719971570586267e-01
-2.034257285003420179e-01
4.678749111586233411e-02
6.469793887705632685e-02
7.006396588487451282e-02
-4.653162757639028868e-02
8.129353233832148362e-02
-5.530916844348388040e-02
-3.355863539445498311e-01
-6.608173418621050565e-01
-6.632338308457579323e-01
-5.356574271499514595e-01
-4.770575692963623382e-01
-5.271286425017636112e-01
-1.764889836531495781e-01
-1.965316275763901999e-01
-1.521819474058148103e-01
1.430206112295797638e-01
1.728358208955356190e-01
1.609665955934747039e-01
-3.800284292820288456e-02
-2.682800284292690129e-01
-3.909523809523678395e-01
-4.163965884861275946e-01
-7.840796019899176628e-02
1.147334754797575407e-01
9.476190476191792555e-02
6.666666666679699205e-03
9.017768301351702931e-02
2.108599857853721282e-01
3.610518834412435041e-03
-1.563610518702240881e-04
1.631698649609232277e-01
1.995593461265237067e-01
-1.413077469793755370e-01
-1.821748400852745142e-01
-2.743567874911025939e-01
-2.595024875621758653e-01
-2.058777540866958411e-01
-1.307178393745425105e-01
-1.811442786069523692e-01
-4.048827292110743770e-01
-4.230063965884731658e-01
-3.088628287135617434e-01
-3.104264392323958788e-01
-4.203766879886150498e-01
-4.285501066097947565e-01
-5.111584932479162902e-02
-1.277327647476771411e-01
2.365316275765350085e-02
2.640227434257416128e-01
1.338166311300770239e-01
2.748614072494803828e-01
1.298365316275895687e-01
-7.083866382372505655e-02
6.885572139304807493e-02
3.140938166311433299e-01
2.498081023454292726e-01
2.141293532338437444e-01
1.121748400853008754e-01
2.047121535181370966e-01
1.670788912580087882e-01
5.542288557215213629e-02
-7.087420042642600393e-02
-5.449182658136564328e-02
-2.783937455577900622e-02
-1.166453447050330716e-01
-2.263468372423464992e-01
-4.671073205401432560e-01
-5.452167732764614527e-01
-5.807178393745426881e-01
-7.489125799573428388e-01
-1.004100923951656732e+00
-9.902771855010530366e-01
-7.889623312011240230e-01
-7.454655294953669298e-01
-7.637313432835690641e-01
-7.743567874911025939e-01
-8.053447050461843837e-01
-7.674626865671507758e-01
-6.728642501776698204e-01
-5.944705046197449327e-01
-7.832054015635976363e-01
-6.931911869225166889e-01
-5.656503198294111634e-01
-4.993745557924533784e-01
-3.400995024875488326e-01
-5.792608386638105067e-01
-5.330277185500933435e-01
-5.295095948827159837e-01
-4.095735607675776713e-01
-2.458564321250755746e-01
-2.256716417910316075e-01
-2.814285714285582607e-01
-2.017910447761059878e-01
5.663113006397901827e-02
-2.737882018478901003e-01
-2.667519545131353809e-01
-1.441506751954384491e-01
-1.220326936743543200e-02
2.034825870648049317e-02
-1.089694385216639638e-01
-2.786567164178972433e-01
-1.694171997156939113e-01
-5.985785358918382926e-02
-8.853589196871469724e-02
-2.738237384505910477e-01
-7.146197583510884854e-01
-8.386425017768170953e-01
-8.521819474058149879e-01
-8.593603411513726087e-01
-1.155451314854286426e+00
-1.101364605543697195e+00
-1.123397299218181544e+00
-1.227164179104464292e+00
-1.291840796019886994e+00
-1.109111584932467309e+00
-9.040653873489561398e-01
-1.019772565742701698e+00
-1.110497512437797596e+00
-1.275458422174827078e+00
-1.279083155650306391e+00
-1.060675195451301622e+00
-8.121677327647343070e-01
-9.982373845060279471e-01
-8.412366737739738198e-01
-1.233347547974400271e+00
-1.328052594171984069e+00
-1.045074626865658107e+00
-7.892110874200297665e-01
-7.361194029850617326e-01
-2.655792466240094463e-01
-9.628287135748525571e-02
-1.872921108741874008e-01
-1.989481165600435197e-01
3.339019189766778695e-02
-7.734186211796822974e-02
-2.723667377398588663e-01
-1.969580668087997921e-01
-1.521108742004133596e-01
-9.120113717127331654e-02
-1.058422174839956931e-01
1.951172707889257119e-01
3.284506041222590156e-01
2.097938877043490358e-01
2.098294243070490950e-01
2.276332622601411337e-01
8.129353233832148362e-02
2.546410803127354683e-01
1.559559346126642154e-01
3.377256574271632061e-01
1.284506041222592820e-01
2.236176261549531752e-01
1.476048329779802160e-01
4.933759772565875501e-01
2.524022743425859971e-01
-4.276474769010762955e-02
-4.134825870646632318e-01
-1.533191186922397975e-01
6.125088841508086190e-02
1.450817341862249421e-01
4.255863539446957944e-02
-1.412366737739736422e-01
-1.048116560056722157e-01
-2.679459843625942028e-03
1.367306325515413867e-01
7.180525941721294103e-02
6.906894100925287105e-02
2.427007818052726584e-01
7.752665245203838040e-02
-4.045486851455670774e-02
-6.906183368868612504e-02
-9.418621179813868594e-02
1.691755508173549138e-01
2.820042643923370562e-01
1.962544420753511432e-01
2.389339019189899993e-01
4.890405117270919533e-01
6.043567874911288662e-01
7.227292110874334874e-01
7.473916133617759527e-01
4.360199004975258141e-01
4.479957356076891273e-01
2.653020611229699455e-01
1.442288557214062017e-01
-6.604122245911980826e-02
8.509594882730553422e-02
2.084790334044197557e-01
3.800142146410934174e-01
4.334968017057700962e-01
4.177896233120246272e-01
2.771002132196294099e-01
2.820753375977385069e-01
2.667590618337021269e-01
6.833901918976676981e-01
6.515493958777676120e-01
7.318976545842352799e-01
6.711656005685986415e-01
7.667590618337021269e-01
8.210234541577956513e-01
6.846695095948960308e-01
4.269225302061254723e-01
4.685714285714417393e-01
6.025799573560899347e-01
4.674697938877176995e-01
3.235465529495513692e-01
1.408173418621312400e-01
3.178606965174259891e-01
5.069154228855849986e-01
3.286993603411647591e-01
2.135963041933321982e-01
2.361265103056280346e-01
3.228358208955355302e-01
4.162970859985919425e-01
6.012295664534601514e-01
6.626723525231117407e-01
6.974982231698780843e-01
6.280952380952511405e-01
5.292324093816760389e-01
7.465742714996577156e-01
1.024968017057582337e+00
9.849538024165021000e-01
9.587988628287265058e-01
6.792679459843768974e-01
5.214498933902049771e-01
4.537526652452159581e-01
4.751812366737873106e-01
3.332125088841637606e-01
3.299431414356921444e-01
5.624235963042067965e-01
4.183937455579380682e-01
5.595593461266412660e-02
-2.236673773985886626e-02
7.006396588487451282e-02
1.275977256574400975e-01
3.573418621179946797e-01
4.474626865671771370e-01
4.588343994314274532e-01
5.204548685145833353e-01
5.240796019900626490e-01
6.552807391613493238e-01
9.143781094527496656e-01
5.885429992892814433e-01
3.517270788912711943e-01
2.021535181236804313e-01
4.758564321251022022e-01
5.654442075337731133e-01
6.434115138592884087e-01
6.403198294243201971e-01
4.051385927505464224e-01
3.835323383084707771e-01
8.399431414358105030e-02
-6.806680881306403919e-02
3.224093816631259379e-01
7.221250888415200464e-01
9.263539445629129787e-01
9.621037668798995135e-01
9.014427860696652139e-01
8.407107320540285755e-01
9.278464818763456634e-01
1.047036247334768078e+00
7.619260838663954871e-01
4.795522388059834107e-01
2.549253731343412710e-01
4.913859275053438225e-01
8.360554371002262286e-01
7.451172707889259783e-01
7.425230987917688097e-01
5.643425728500486294e-01
8.574840085287980251e-01
9.760696517413065543e-01
1.009651741293545957e+00
6.204904051172843715e-01
3.340298507462819977e-01
1.720184790334173819e-01
3.896801705757062528e-01
4.411371712864382566e-01
5.187135749822449071e-01
3.876901208244625252e-01
5.416346837242489443e-01
6.622459132907025925e-01
6.252523098791886724e-01
4.760341151386060510e-01
8.267803837953220381e-01
9.501279317697362004e-01
9.442643923241069714e-01
6.237597725657559877e-01
2.681094527363314661e-01
1.173276474769142652e-01
3.338521677327781489e-01
5.751812366737873994e-01
4.702061122956777695e-01
2.650177683013636987e-01
7.118550106609942141e-01
8.829637526652582835e-01
3.661904761904892780e-01
5.901208244493139077e-02
-1.680668088130645721e-01
-4.362615493958643675e-01
-5.914498933901786160e-01
-5.141222459132772649e-01
-2.147619047618918309e-01
-2.678180525941589174e-01
-9.294243070361174475e-02
1.970717839374684921e-01
1.266382373845194032e-01
4.099502487563544406e-02
1.141648898365446030e-01
1.618194740582934443e-01
2.395024875622020488e-01
-1.858351101634552194e-01
-3.789054726368026316e-01
-7.147974413645923342e-01
-7.044562899786646071e-01
-8.108528784648054710e-01
-9.826723525230858236e-01
-6.629850746268526329e-01
-5.081876332622470294e-01
-2.978820184790205161e-01
-3.522530206112164386e-01
-3.620255863539312280e-01
-2.711940298507329317e-01
-3.448258706467526302e-01
-3.631982942430571626e-01
-3.576403695805341343e-02
-1.696304193318987075e-01
-3.034257285003421067e-01
-3.351599147121406830e-01
-3.091826581378689376e-01
-3.098223169864828819e-01
-1.298507462685227765e-02
3.332835820895656553e-01
2.618905472636949838e-01
2.795167022032827298e-01
2.551385927505465112e-01
2.067022032693808242e-01
1.032906894101057738e-01
1.590476190476324270e-01
1.182871357498354037e-01
-1.660412224591198971e-01
-5.598436389479832798e-02
-9.393745557923338652e-02
7.574982231699944890e-02
1.377398720683631339e-02
-2.344491826581243110e-01
-4.687064676616783387e-01
-6.044562899786645183e-01
-6.311442786069521027e-01
-1.382871357498092202e-01
1.567377398720815052e-01
1.883653162757772392e-01
-9.358208955222524494e-02
-2.098578535891837404e-01
-4.937455579245275672e-02
-8.562189054725033444e-02
-2.280881307746849274e-01
-3.556645344704914002e-01
-5.706254442075207045e-01
-4.651172707888995284e-01
-4.490191897654454145e-01
-2.588486140723622597e-02
3.064534470504756136e-01
3.411016346837372204e-01
8.737029140015506457e-02
-7.933191186921195737e-02
-1.803127221036371353e-02
6.352523098793083633e-02
1.422032693674615267e-01
3.616062544420888258e-01
2.926297085998710301e-01
-6.979388770420147381e-03
-5.481165600567239338e-02
1.512437810946565264e-02
-1.395664534470371088e-01
-2.292963752665113653e-01
-2.589339019189633717e-01
-3.026083866382238696e-01
-1.735749822316856594e-01
-1.483795309168312038e-01
5.069651741294878278e-02
-2.271286425017633448e-01
-3.515067519545000962e-01
-2.141577825159783899e-01
2.436389481166933990e-02
1.234754797441497409e-01
2.944562899788083499e-02
3.982231698650906537e-02
-4.546552949536719623e-02
-3.484008528783322234e-02
-2.636602700781676134e-01
-2.200568585643081221e-01
-2.119900497512308135e-01
-2.592537313432701218e-01
5.707178393759004820e-03
-2.445415778251467387e-01
-3.925515280739029222e-01
-5.173916133617493252e-01
-2.333475479744002712e-01
-9.269367448470600124e-02
-8.850035536601374986e-02
-6.038166311300510181e-01
-7.448614072494539329e-01
-7.610660980810104448e-01
-4.755294953802287061e-01
-3.925159914712024189e-01
-4.941151385927371464e-01
-7.224733475479609979e-01
-7.263113006396459959e-01
-4.755294953802282620e-01
-2.846979388770303210e-01
-4.345913290689273900e-01
-4.827789623311877776e-01
-6.508315565031850269e-01
-5.994100923951535265e-01
-3.359417199715575286e-01
-2.427292110874068598e-01
-4.193816631129929640e-01
-6.562686567164046636e-01
-5.543852167732632452e-01
-2.971357498223037297e-01
-1.489125799573427500e-01
-1.533546552949403008e-01
1.416346837242490331e-01
2.505899076048461183e-01
2.814712153518255100e-01
4.148400852878597611e-01
2.284150675195584235e-01
1.828571428571561519e-01
1.214498933902050659e-01
8.996446339731267727e-02
6.267235252311165183e-02
2.510518834399562138e-01
4.773134328358339395e-01
2.378678038379664628e-01
1.489196872779094960e-01
6.057569296376597023e-02
9.262970859987129657e-02
1.373702914001553310e-01
3.790334044066723251e-02
-2.602700781803957142e-02
9.616204690844565306e-03
-2.314854299927615600e-02
5.741293532339630801e-02
3.374555792467592852e-02
4.451314854301280377e-02
1.070931058990893803e-01
1.705259417199846972e-01
2.003766879886414998e-01
1.625657427150097867e-01
9.835110163469673594e-02
-2.306467661691407045e-01
-2.221535181236542478e-01
-1.127363184079470670e-01
-3.500142146410669675e-01
-4.618479033404274681e-01
-2.338805970149122615e-01
-3.440796019900367320e-01
-3.881094527363049274e-01
-3.993034825870518389e-01
-4.699502487562057240e-01
-5.179246624022613155e-01
-4.998720682302639773e-01
-8.734328358208820475e-01
-7.685643212508752598e-01
-9.143710021321829196e-01
-7.092892679459712468e-01
-3.387491115849194934e-01
