0.000000000000000000e+00
0.000000000000000000e+00
0.000000000000000000e+00
0.000000000000000000e+00
0.000000000000000000e+00
0.000000000000000000e+00
0.000000000000000000e+00
0.000000000000000000e+00
0.000000000000000000e+00
0.000000000000000000e+00
0.000000000000000000e+00
0.000000000000000000e+00
0.000000000000000000e+00
0.000000000000000000e+00
0.000000000000000000e+00
0.000000000000000000e+00
0.000000000000000000e+00
0.000000000000000000e+00
0.000000000000000000e+00
0.000000000000000000e+00
0.000000000000000000e+00
0.000000000000000000e+00
0.000000000000000000e+00
0.000000000000000000e+00
0.000000000000000000e+00
0.000000000000000000e+00
0.000000000000000000e+00
0.000000000000000000e+00
0.000000000000000000e+00
0.000000000000000000e+00
0.000000000000000000e+00
0.000000000000000000e+00
0.000000000000000000e+00
0.000000000000000000e+00
0.000000000000000000e+00
0.000000000000000000e+00
0.000000000000000000e+00
0.000000000000000000e+00
0.000000000000000000e+00
0.000000000000000000e+00
0.000000000000000000e+00
0.000000000000000000e+00
0.000000000000000000e+00
0.000000000000000000e+00
0.000000000000000000e+00
0.000000000000000000e+00
0.000000000000000000e+00
0.000000000000000000e+00
0.000000000000000000e+00
0.000000000000000000e+00
0.000000000000000000e+00
0.000000000000000000e+00
0.000000000000000000e+00
0.000000000000000000e+00
0.000000000000000000e+00
0.000000000000000000e+00
0.000000000000000000e+00
0.000000000000000000e+00
0.000000000000000000e+00
0.000000000000000000e+00
0.000000000000000000e+00
0.000000000000000000e+00
0.000000000000000000e+00
0.000000000000000000e+00
0.000000000000000000e+00
0.000000000000000000e+00
0.000000000000000000e+00
0.000000000000000000e+00
0.000000000000000000e+00
0.000000000000000000e+00
0.000000000000000000e+00
0.000000000000000000e+00
0.000000000000000000e+00
0.000000000000000000e+00
0.000000000000000000e+00
0.000000000000000000e+00
0.000000000000000000e+00
0.000000000000000000e+00
0.000000000000000000e+00
0.000000000000000000e+00
0.000000000000000000e+00
0.000000000000000000e+00
0.000000000000000000e+00
0.000000000000000000e+00
0.000000000000000000e+00
0.000000000000000000e+00
0.000000000000000000e+00
0.000000000000000000e+00
0.000000000000000000e+00
0.000000000000000000e+00
0.000000000000000000e+00
0.000000000000000000e+00
0.000000000000000000e+00
0.000000000000000000e+00
0.000000000000000000e+00
0.000000000000000000e+00
0.000000000000000000e+00
0.000000000000000000e+00
0.000000000000000000e+00
0.000000000000000000e+00
0.000000000000000000e+00
0.000000000000000000e+00
0.000000000000000000e+00
0.000000000000000000e+00
0.000000000000000000e+00
0.000000000000000000e+00
0.000000000000000000e+00
0.000000000000000000e+00
0.000000000000000000e+00
0.000000000000000000e+00
0.000000000000000000e+00
0.000000000000000000e+00
0.000000000000000000e+00
0.000000000000000000e+00
0.000000000000000000e+00
0.000000000000000000e+00
0.000000000000000000e+00
0.000000000000000000e+00
0.000000000000000000e+00
0.000000000000000000e+00
0.000000000000000000e+00
0.000000000000000000e+00
0.000000000000000000e+00
0.000000000000000000e+00
0.000000000000000000e+00
0.000000000000000000e+00
0.000000000000000000e+00
0.000000000000000000e+00
0.000000000000000000e+00
0.000000000000000000e+00
0.000000000000000000e+00
0.000000000000000000e+00
0.000000000000000000e+00
0.000000000000000000e+00
0.000000000000000000e+00
0.000000000000000000e+00
0.000000000000000000e+00
0.000000000000000000e+00
0.000000000000000000e+00
0.000000000000000000e+00
0.000000000000000000e+00
0.000000000000000000e+00
0.000000000000000000e+00
0.000000000000000000e+00
0.000000000000000000e+00
0.000000000000000000e+00
0.000000000000000000e+00
0.000000000000000000e+00
0.000000000000000000e+00
0.000000000000000000e+00
2.185048192771019970e-01
1.709626506024032322e-01
9.452891566264415291e-02
3.164807228915598181e-01
4.574927710843308959e-01
1.227457831325236837e-01
1.014927710843309128e-01
5.024566265060176340e-01
5.440951807228850967e-01
2.410590361445718866e-01
2.151686746987307997e-02
-1.706759036144642749e-01
-1.158566265060305411e-01
-4.835915662650666635e-01
-5.597361445783196610e-01
-3.158084337349462145e-01
-2.676638554216931865e-01
-1.297361445783196954e-01
1.485289156626441454e-01
3.538060240963791236e-01
4.354096385541525449e-02
2.498060240963791423e-01
2.000710843373429693e-01
2.841674698795116361e-01
-6.609759036145221311e-02
-4.206518072289220922e-01
-5.522421686747052139e-01
-7.259530120481991755e-01
-1.548204819277173017e-01
9.372289156620083883e-03
-4.498915662651248315e-02
3.534819277107792423e-02
-5.043493975904259075e-02
2.472277108433670600e-01
3.406012048192706976e-01
1.862879518072224627e-01
1.463843373493911582e-01
-3.416879518072353239e-01
-4.378807228915727046e-01
-4.108686746988016170e-01
-4.732650602410282820e-02
-4.510963855422330665e-02
-5.202530120482572185e-02
-4.727831325301849047e-02
1.613963855421622351e-01
1.186734939758971735e-01
-1.991819277108498043e-01
-4.109168674698859824e-01
-1.682048192771727971e-02
-3.613987951807293708e-01
-2.525072289156691241e-01
-3.139289156626570154e-01
-1.564590361445847566e-01
-1.119289156626570442e-01
-6.555421686753437616e-03
1.102879518072224785e-01
-3.197602409638618526e-01
-2.051578313253076546e-01
1.729999999999356358e-02
3.316132530120417532e-01
1.324084337349333285e-01
-2.665180722892210308e-02
7.640843373493333424e-02
-3.394710843373558440e-01
-9.216987951807872892e-02
2.181192771084272952e-01
4.926734939758971588e-01
5.576614457831261529e-01
5.990349397590297720e-01
5.190831325301140664e-01
5.272277108433670589e-01
-9.662771084337992700e-02
-5.751927710844016717e-02
6.505903614457188289e-02
3.686626506023452099e-02
3.572999999999935672e-01
1.852036144578249055e-01
6.204698795180079579e-02
-5.272409638554859806e-02
1.562638554216803088e-01
4.694927710843309066e-01
4.012036144578248753e-01
3.022397590361381448e-01
2.815409638554152716e-01
8.298674698794536453e-02
1.837337349397525910e-01
5.409385542168609895e-01
6.467939759036079872e-01
6.159746987951743025e-01
5.358301204819212460e-01
2.077337349397526123e-01
2.688180722891501673e-01
2.954686746987887358e-01
1.689867469879453576e-01
-1.672409638554860078e-02
-1.079289156626570406e-01
-3.077602409638618419e-01
-3.523144578313317510e-01
-6.547108433735583655e-02
4.672036144578248784e-01
6.260710843373429313e-01
8.267698795180657978e-01
1.564143373493969591e+00
3.358697590361439111e+00
5.946046987951800311e+00
8.665589156626499090e+00
1.100539638554216104e+01
1.254166144578312547e+01
1.315501084337348736e+01
1.324510722891565706e+01
1.304354096385541517e+01
1.270195060240963159e+01
1.199934819277107678e+01
1.120763734939758471e+01
1.044848072289155994e+01
9.456625301204812928e+00
8.747854216867462895e+00
8.149348192771077137e+00
7.742384337349390577e+00
7.403998795180717352e+00
6.854143373493969627e+00
6.205709638554210983e+00
5.826071084337342221e+00
5.510721686746981263e+00
5.473830120481920858e+00
5.569830120481920943e+00
5.462818072289150173e+00
5.510119277108427305e+00
5.306432530120475555e+00
5.017709638554210372e+00
4.805059036144571749e+00
4.473372289156619885e+00
4.127396385542162704e+00
3.684143373493969698e+00
3.568239759036138103e+00
3.518818072289150223e+00
3.454432530120475242e+00
3.347348192771078423e+00
3.183902409638547759e+00
2.809854216867463172e+00
2.870986746987945537e+00
3.115806024096379190e+00
3.060697590361439069e+00
3.103613253012041717e+00
3.128793975903608526e+00
3.241589156626499602e+00
3.048842168674692488e+00
2.902745783132523627e+00
2.937155421686740819e+00
2.795685542168668380e+00
3.109348192771077990e+00
3.334649397590355058e+00
3.186312048192764923e+00
2.689034939759030074e+00
2.303179518072282495e+00
1.953709638554210759e+00
2.127227710843366815e+00
2.049661445783126368e+00
2.154408433734933404e+00
1.807251807228909435e+00
1.540263855421680095e+00
1.564215662650596528e+00
1.434239759036138206e+00
1.583516867469873191e+00
1.475372289156620109e+00
1.365998795180716208e+00
1.151010843373487358e+00
1.366866265060234564e+00
9.732036144578248837e-01
5.274204819277041878e-01
6.163602409638491153e-01
6.685530120481861793e-01
1.152191566265053702e+00
1.128938554216861068e+00
9.979506024096327366e-01
1.137348192771077571e+00
1.106191566265053439e+00
1.090143373493969392e+00
1.163661445783126247e+00
1.370625301204813073e+00
1.512408433734933055e+00
1.287372289156619942e+00
8.964325301204754126e-01
5.839987951807161792e-01
7.696855421686676912e-01
1.113709638554210013e+00
1.187830120481921270e+00
1.112336144578307096e+00
5.506734939758972658e-01
6.666975903614393850e-01
1.248697590361438792e+00
1.316697590361439296e+00
1.387275903614451522e+00
1.269757831325294628e+00
1.101107228915655600e+00
7.637337349397523845e-01
5.177337349397523880e-01
5.908662650602343192e-01
6.214686746987889698e-01
5.854686746987889379e-01
3.860710843373431622e-01
3.483361445783068611e-01
5.025530120481862539e-01
3.814686746987887567e-01
4.012759036144513125e-01
4.496265060240300926e-02
2.635409638554149225e-01
3.522638554216799278e-01
2.102879518072224840e-01
1.788662650602343973e-01
2.389385542168613874e-01
2.315891566264993706e-01
2.379746987951740778e-01
2.012277108433671025e-01
3.261915662650540781e-01
1.502397590361383983e-01
9.510722891565581705e-02
-1.792060240963917472e-01
-2.559156626506675636e-02
1.800710843373432013e-01
-4.566385542169326683e-02
-8.363975903615106233e-02
8.539638554216200106e-02
-2.351819277108502249e-01
-3.225313253012114245e-01
-2.846036144578381055e-01
-7.212168674699448445e-02
2.788421686746920258e-01
3.458542168674632045e-01
3.851554216867403291e-01
3.540951807228851500e-01
5.784325301204753522e-01
4.528180722891499421e-01
8.324084337349333396e-01
1.032263855421680088e+00
8.574445783132467191e-01
5.451072289156559947e-01
6.397819277108371949e-01
7.706975903614390333e-01
8.550349397590295553e-01
8.747457831325236022e-01
4.766975903614389942e-01
6.290349397590295766e-01
8.400469879518008831e-01
6.299024096385479332e-01
7.903361445783070316e-01
8.087939759036082421e-01
9.370831325301143266e-01
9.927457831325234849e-01
1.077420481927704454e+00
7.888903614457767333e-01
6.904084337349329914e-01
7.553963855421619300e-01
1.002143373493969314e+00
1.094456626506017827e+00
1.031685542168668146e+00
8.763843373493913624e-01
1.037565060240957404e+00
9.596373493975840496e-01
1.384721686746981373e+00
1.105299999999993510e+00
8.791313253011980855e-01
5.809144578313190088e-01
7.325530120481862362e-01
1.168890361445776627e+00
1.298528915662644501e+00
1.176625301204813123e+00
9.145289156626441596e-01
6.643843373493911741e-01
7.920228915662583802e-01
6.778783132530055155e-01
2.660951807228855159e-01
6.995060240963235643e-02
-2.286036144578380558e-01
-3.142662650602474628e-01
-2.418084337349459823e-01
2.558915662649940970e-02
5.316373493975841136e-01
4.460469879518007552e-01
4.878060240963790761e-01
3.638542168674634425e-01
5.019265060240902798e-01
7.611927710842714134e-02
1.511795180722828036e-01
1.779265060240899921e-01
2.793481927710779189e-01
-2.031819277108501964e-01
4.831204819276457840e-02
1.574927710843310180e-01
3.337337349397526687e-01
2.196614457831262968e-01
2.248662650602346602e-01
4.154686746987885648e-01
3.316614457831263962e-01
5.650481927710204744e-02
3.715542168674046408e-02
4.466253012048126969e-01
3.875650602409574930e-01
5.898301204819209609e-01
6.229867469879453168e-01
6.592277108433672872e-01
5.157337349397526083e-01
3.722397590361383735e-01
2.426493975903549760e-01
2.999265060240898784e-01
2.241915662650537655e-01
-1.604831325301265821e-01
1.818301204819210426e-01
1.043120481927646281e-01
6.575783132529489095e-02
-1.159289156626570616e-01
1.270590361445718131e-01
3.736855421686682277e-01
5.355409638554151641e-01
5.518060240963791330e-01
4.360228915662585081e-01
4.148903614457766231e-01
8.777337349397527078e-01
7.922638554216803186e-01
6.540228915662584797e-01
5.638542168674631760e-01
9.270590361445720795e-01
8.341192771084271484e-01
9.781192771084272763e-01
1.041420481927704422e+00
1.094601204819270812e+00
7.367457831325237017e-01
7.449867469879452031e-01
3.532518072289088096e-01
1.526493975903551181e-01
7.733734939752601178e-03
-4.827240963855485845e-01
-5.719530120481990387e-01
1.238783132530056896e-01
1.662156626505959522e-01
4.302397590361382029e-01
4.898542168674633324e-01
5.646253012048130238e-01
5.865771084337283447e-01
3.687939759036082954e-01
2.878542168674633750e-01
4.185289156626441631e-01
6.563602409638491508e-01
3.157337349397524306e-01
1.101192771084269495e-01
3.009626506024027925e-01
3.054445783132466730e-01
2.236614457831263003e-01
3.339265060240901306e-01
2.484084337349332650e-01
5.958915662649966194e-02
-1.051578313253078711e-01
-1.037602409638616052e-01
-1.463144578313317901e-01
-7.402530120482575526e-02
-1.636265060241592906e-02
2.109867469879453949e-01
-1.433855421687368903e-02
-5.326036144578378817e-01
-8.674710843373554248e-01
-8.467722891566329402e-01
-8.737843373494040833e-01
-2.884590361445851237e-01
-2.848927710843440764e-01
-7.443493975904269533e-02
-4.106144578313886129e-02
-1.738325301204883822e-01
5.602289156625861466e-02
-3.205313253012112007e-01
-6.175915662650668381e-01
-6.086277108433799654e-01
-4.723867469879583503e-01
-3.553506024096448890e-01
-4.915674698795244879e-01
-1.295192771084399119e-01
-3.995301204819901031e-02
-1.459289156626568662e-01
-3.167000000000066429e-01
-3.165554216867536574e-01
-3.197602409638617971e-01
-4.396156626506084741e-01
-1.818084337349459290e-01
-1.818084337349459290e-01
-3.498566265060305547e-01
-3.708927710843439307e-01
-5.823867469879582259e-01
-5.878807228915730043e-01
-4.112060240963919533e-01
-6.931096385542234728e-01
-7.743385542168739200e-01
-9.631096385542234906e-01
-1.107446987951813622e+00
-9.250855421686812186e-01
-5.060975903614521876e-01
-5.938325301204883111e-01
-7.685313253012111545e-01
-6.247240963855489326e-01
-5.012783132530187480e-01
-3.549168674698859327e-01
-2.924590361445851272e-01
-2.752301204819342928e-01
-5.232060240963916087e-01
-3.301216867469944916e-01
-2.807000000000066109e-01
-6.036265060241596814e-02
-1.330240963856077485e-02
5.452891566264428391e-02
-7.361566265060881520e-02
-1.795674698795246549e-01
-6.816987951807895740e-02
-1.253024096385608743e-01
-6.016987951807895030e-02
-2.441939759036206858e-01
-3.085795180722956665e-01
-1.036156626506086198e-01
2.889385542168612098e-01
6.543120481927644505e-01
5.126012048192705173e-01
2.941915662650540497e-01
2.674578313252373718e-02
-1.936879518072354145e-01
7.069759036143929976e-02
1.595891566264997508e-01
5.312999999999936662e-01
6.409867469879451107e-01
3.838542168674634603e-01
1.444566265060176491e-01
-1.831337349397657022e-01
-3.780975903614520739e-01
-5.324349397590428801e-01
-5.705795180722956772e-01
-6.658325301204883750e-01
-3.540493975903675761e-01
-1.290614457831389394e-01
1.246253012048130770e-01
3.474445783132464882e-01
3.344084337349331193e-01
7.660120481927057412e-02
5.773373493975242354e-02
-8.561566265060882586e-02
-2.195301204819921637e-02
-2.178325301204884212e-01
-3.270132530120548608e-01
-5.547108433735559174e-02
-3.519277108440022062e-03
6.601204819270733992e-03
-3.243867469879582188e-01
-3.668927710843439272e-01
-3.119289156626567916e-01
-1.633506024096447184e-01
-2.874819277109086357e-02
2.170590361445721150e-01
3.375783132529486252e-02
-2.376397590361509771e-01
-4.267240963855485347e-01
-5.837843373494040478e-01
-6.504349397590427628e-01
-3.446277108433797309e-01
-2.372783132530185135e-01
-9.491686746988570178e-02
-3.807349397590975570e-02
1.746493975903553597e-01
6.966012048192706807e-01
9.872999999999936271e-01
1.175468674698788796e+00
5.709626506024028103e-01
2.281674698795117529e-01
-3.826626506024721763e-02
4.000469879518009364e-01
2.415891566264996015e-01
2.996132530120418913e-01
4.672999999999936094e-01
5.219746987951743300e-01
1.238060240963791969e-01
-1.340975903614523013e-01
2.549277108433090078e-02
5.348192771077897589e-03
-2.168686746988015557e-01
-2.882903614457896779e-01
-2.841939759036207214e-01
-5.768686746988018754e-01
-6.928204819277170579e-01
-5.679530120481990352e-01
-5.432301204819340867e-01
-6.100253012048257872e-01
-5.770855421686809095e-01
-3.533506024096446652e-01
-1.609168674698859824e-01
-3.045554216867536468e-01
-3.627000000000064617e-01
-2.736156626506085487e-01
-8.202530120482576237e-02
4.652891566264427681e-02
-1.582421686747053080e-01
-4.040012048192838101e-01
-4.273746987951869691e-01
-3.979289156626570900e-01
-4.240975903614523368e-01
-3.212542168674761278e-01
-6.026759036144642145e-01
0.000000000000000000e+00
0.000000000000000000e+00
0.000000000000000000e+00
0.000000000000000000e+00
0.000000000000000000e+00
0.000000000000000000e+00
0.000000000000000000e+00
0.000000000000000000e+00
0.000000000000000000e+00
0.000000000000000000e+00
0.000000000000000000e+00
0.000000000000000000e+00
0.000000000000000000e+00
0.000000000000000000e+00
0.000000000000000000e+00
0.000000000000000000e+00
0.000000000000000000e+00
0.000000000000000000e+00
0.000000000000000000e+00
0.000000000000000000e+00
0.000000000000000000e+00
0.000000000000000000e+00
0.000000000000000000e+00
0.000000000000000000e+00
0.000000000000000000e+00
0.000000000000000000e+00
0.000000000000000000e+00
0.000000000000000000e+00
0.000000000000000000e+00
0.000000000000000000e+00
0.000000000000000000e+00
0.000000000000000000e+00
0.000000000000000000e+00
0.000000000000000000e+00
0.000000000000000000e+00
0.000000000000000000e+00
0.000000000000000000e+00
0.000000000000000000e+00
0.000000000000000000e+00
0.000000000000000000e+00
0.000000000000000000e+00
0.000000000000000000e+00
0.000000000000000000e+00
0.000000000000000000e+00
0.000000000000000000e+00
0.000000000000000000e+00
0.000000000000000000e+00
0.000000000000000000e+00
0.000000000000000000e+00
0.000000000000000000e+00
0.000000000000000000e+00
0.000000000000000000e+00
0.000000000000000000e+00
0.000000000000000000e+00
0.000000000000000000e+00
0.000000000000000000e+00
0.000000000000000000e+00
0.000000000000000000e+00
0.000000000000000000e+00
0.000000000000000000e+00
0.000000000000000000e+00
0.000000000000000000e+00
0.000000000000000000e+00
0.000000000000000000e+00
0.000000000000000000e+00
0.000000000000000000e+00
0.000000000000000000e+00
0.000000000000000000e+00
0.000000000000000000e+00
0.000000000000000000e+00
0.000000000000000000e+00
0.000000000000000000e+00
0.000000000000000000e+00
0.000000000000000000e+00
0.000000000000000000e+00
0.000000000000000000e+00
0.000000000000000000e+00
0.000000000000000000e+00
0.000000000000000000e+00
0.000000000000000000e+00
0.000000000000000000e+00
0.000000000000000000e+00
0.000000000000000000e+00
0.000000000000000000e+00
0.000000000000000000e+00
0.000000000000000000e+00
0.000000000000000000e+00
0.000000000000000000e+00
0.000000000000000000e+00
0.000000000000000000e+00
0.000000000000000000e+00
0.000000000000000000e+00
0.000000000000000000e+00
0.000000000000000000e+00
0.000000000000000000e+00
0.000000000000000000e+00
0.000000000000000000e+00
0.000000000000000000e+00
0.000000000000000000e+00
0.000000000000000000e+00
0.000000000000000000e+00
0.000000000000000000e+00
0.000000000000000000e+00
0.000000000000000000e+00
0.000000000000000000e+00
0.000000000000000000e+00
0.000000000000000000e+00
0.000000000000000000e+00
0.000000000000000000e+00
0.000000000000000000e+00
0.000000000000000000e+00
0.000000000000000000e+00
0.000000000000000000e+00
0.000000000000000000e+00
0.000000000000000000e+00
0.000000000000000000e+00
0.000000000000000000e+00
0.000000000000000000e+00
0.000000000000000000e+00
0.000000000000000000e+00
0.000000000000000000e+00
0.000000000000000000e+00
0.000000000000000000e+00
0.000000000000000000e+00
0.000000000000000000e+00
0.000000000000000000e+00
0.000000000000000000e+00
0.000000000000000000e+00
0.000000000000000000e+00
0.000000000000000000e+00
0.000000000000000000e+00
0.000000000000000000e+00
0.000000000000000000e+00
0.000000000000000000e+00
0.000000000000000000e+00
0.000000000000000000e+00
0.000000000000000000e+00
0.000000000000000000e+00
0.000000000000000000e+00
0.000000000000000000e+00
0.000000000000000000e+00
0.000000000000000000e+00
0.000000000000000000e+00
0.000000000000000000e+00
0.000000000000000000e+00
0.000000000000000000e+00
0.000000000000000000e+00
0.000000000000000000e+00
0.000000000000000000e+00
0.000000000000000000e+00
0.000000000000000000e+00
0.000000000000000000e+00
0.000000000000000000e+00
0.000000000000000000e+00
0.000000000000000000e+00
0.000000000000000000e+00
0.000000000000000000e+00
0.000000000000000000e+00
0.000000000000000000e+00
0.000000000000000000e+00
0.000000000000000000e+00
0.000000000000000000e+00
0.000000000000000000e+00
0.000000000000000000e+00
0.000000000000000000e+00
0.000000000000000000e+00
0.000000000000000000e+00
0.000000000000000000e+00
0.000000000000000000e+00
0.000000000000000000e+00
0.000000000000000000e+00
0.000000000000000000e+00
0.000000000000000000e+00
0.000000000000000000e+00
0.000000000000000000e+00
0.000000000000000000e+00
0.000000000000000000e+00
0.000000000000000000e+00
0.000000000000000000e+00
0.000000000000000000e+00
0.000000000000000000e+00
0.000000000000000000e+00
0.000000000000000000e+00
0.000000000000000000e+00
0.000000000000000000e+00
0.000000000000000000e+00
0.000000000000000000e+00
0.000000000000000000e+00
0.000000000000000000e+00
0.000000000000000000e+00
0.000000000000000000e+00
0.000000000000000000e+00
0.000000000000000000e+00
0.000000000000000000e+00
0.000000000000000000e+00
0.000000000000000000e+00
0.000000000000000000e+00
0.000000000000000000e+00
0.000000000000000000e+00
0.000000000000000000e+00
0.000000000000000000e+00
0.000000000000000000e+00
0.000000000000000000e+00
0.000000000000000000e+00
0.000000000000000000e+00
0.000000000000000000e+00
0.000000000000000000e+00
0.000000000000000000e+00
0.000000000000000000e+00
0.000000000000000000e+00
0.000000000000000000e+00
0.000000000000000000e+00
0.000000000000000000e+00
0.000000000000000000e+00
0.000000000000000000e+00
0.000000000000000000e+00
0.000000000000000000e+00
0.000000000000000000e+00
0.000000000000000000e+00
0.000000000000000000e+00
0.000000000000000000e+00
0.000000000000000000e+00
0.000000000000000000e+00
0.000000000000000000e+00
0.000000000000000000e+00
0.000000000000000000e+00
0.000000000000000000e+00
0.000000000000000000e+00
0.000000000000000000e+00
0.000000000000000000e+00
0.000000000000000000e+00
0.000000000000000000e+00
0.000000000000000000e+00
0.000000000000000000e+00
0.000000000000000000e+00
0.000000000000000000e+00
0.000000000000000000e+00
0.000000000000000000e+00
0.000000000000000000e+00
0.000000000000000000e+00
0.000000000000000000e+00
0.000000000000000000e+00
0.000000000000000000e+00
0.000000000000000000e+00
0.000000000000000000e+00
0.000000000000000000e+00
0.000000000000000000e+00
0.000000000000000000e+00
0.000000000000000000e+00
0.000000000000000000e+00
0.000000000000000000e+00
0.000000000000000000e+00
0.000000000000000000e+00
0.000000000000000000e+00
0.000000000000000000e+00
0.000000000000000000e+00
0.000000000000000000e+00
0.000000000000000000e+00
0.000000000000000000e+00
0.000000000000000000e+00
0.000000000000000000e+00
0.000000000000000000e+00
0.000000000000000000e+00
0.000000000000000000e+00
0.000000000000000000e+00
0.000000000000000000e+00
0.000000000000000000e+00
0.000000000000000000e+00
0.000000000000000000e+00
0.000000000000000000e+00
0.000000000000000000e+00
0.000000000000000000e+00
0.000000000000000000e+00
0.000000000000000000e+00
0.000000000000000000e+00
0.000000000000000000e+00
0.000000000000000000e+00
0.000000000000000000e+00
0.000000000000000000e+00
0.000000000000000000e+00
0.000000000000000000e+00
0.000000000000000000e+00
0.000000000000000000e+00
0.000000000000000000e+00
0.000000000000000000e+00
0.000000000000000000e+00
0.000000000000000000e+00
0.000000000000000000e+00
0.000000000000000000e+00
0.000000000000000000e+00
0.000000000000000000e+00
0.000000000000000000e+00
0.000000000000000000e+00
0.000000000000000000e+00
0.000000000000000000e+00
0.000000000000000000e+00
0.000000000000000000e+00
0.000000000000000000e+00
0.000000000000000000e+00
0.000000000000000000e+00
0.000000000000000000e+00
0.000000000000000000e+00
0.000000000000000000e+00
0.000000000000000000e+00
0.000000000000000000e+00
0.000000000000000000e+00
0.000000000000000000e+00
0.000000000000000000e+00
0.000000000000000000e+00
0.000000000000000000e+00
0.000000000000000000e+00
0.000000000000000000e+00
0.000000000000000000e+00
0.000000000000000000e+00
0.000000000000000000e+00
0.000000000000000000e+00
0.000000000000000000e+00
0.000000000000000000e+00
0.000000000000000000e+00
0.000000000000000000e+00
0.000000000000000000e+00
0.000000000000000000e+00
0.000000000000000000e+00
0.000000000000000000e+00
0.000000000000000000e+00
0.000000000000000000e+00
0.000000000000000000e+00
0.000000000000000000e+00
0.000000000000000000e+00
0.000000000000000000e+00
0.000000000000000000e+00
0.000000000000000000e+00
0.000000000000000000e+00
0.000000000000000000e+00
0.000000000000000000e+00
0.000000000000000000e+00
0.000000000000000000e+00
0.000000000000000000e+00
0.000000000000000000e+00
0.000000000000000000e+00
0.000000000000000000e+00
0.000000000000000000e+00
0.000000000000000000e+00
0.000000000000000000e+00
0.000000000000000000e+00
0.000000000000000000e+00
0.000000000000000000e+00
0.000000000000000000e+00
0.000000000000000000e+00
0.000000000000000000e+00
0.000000000000000000e+00
0.000000000000000000e+00
0.000000000000000000e+00
0.000000000000000000e+00
0.000000000000000000e+00
0.000000000000000000e+00
0.000000000000000000e+00
0.000000000000000000e+00
0.000000000000000000e+00
0.000000000000000000e+00
0.000000000000000000e+00
0.000000000000000000e+00
0.000000000000000000e+00
0.000000000000000000e+00
0.000000000000000000e+00
0.000000000000000000e+00
0.000000000000000000e+00
0.000000000000000000e+00
0.000000000000000000e+00
0.000000000000000000e+00
0.000000000000000000e+00
0.000000000000000000e+00
0.000000000000000000e+00
0.000000000000000000e+00
