0.000000000000000000e+00
0.000000000000000000e+00
0.000000000000000000e+00
0.000000000000000000e+00
0.000000000000000000e+00
0.000000000000000000e+00
0.000000000000000000e+00
0.000000000000000000e+00
0.000000000000000000e+00
0.000000000000000000e+00
0.000000000000000000e+00
0.000000000000000000e+00
0.000000000000000000e+00
0.000000000000000000e+00
0.000000000000000000e+00
0.000000000000000000e+00
0.000000000000000000e+00
0.000000000000000000e+00
0.000000000000000000e+00
0.000000000000000000e+00
0.000000000000000000e+00
0.000000000000000000e+00
0.000000000000000000e+00
0.000000000000000000e+00
0.000000000000000000e+00
0.000000000000000000e+00
0.000000000000000000e+00
0.000000000000000000e+00
0.000000000000000000e+00
0.000000000000000000e+00
0.000000000000000000e+00
0.000000000000000000e+00
0.000000000000000000e+00
0.000000000000000000e+00
0.000000000000000000e+00
0.000000000000000000e+00
0.000000000000000000e+00
0.000000000000000000e+00
0.000000000000000000e+00
0.000000000000000000e+00
0.000000000000000000e+00
0.000000000000000000e+00
0.000000000000000000e+00
0.000000000000000000e+00
0.000000000000000000e+00
0.000000000000000000e+00
0.000000000000000000e+00
0.000000000000000000e+00
0.000000000000000000e+00
0.000000000000000000e+00
0.000000000000000000e+00
0.000000000000000000e+00
0.000000000000000000e+00
0.000000000000000000e+00
0.000000000000000000e+00
0.000000000000000000e+00
0.000000000000000000e+00
0.000000000000000000e+00
0.000000000000000000e+00
0.000000000000000000e+00
0.000000000000000000e+00
0.000000000000000000e+00
0.000000000000000000e+00
0.000000000000000000e+00
0.000000000000000000e+00
0.000000000000000000e+00
0.000000000000000000e+00
0.000000000000000000e+00
0.000000000000000000e+00
0.000000000000000000e+00
0.000000000000000000e+00
0.000000000000000000e+00
0.000000000000000000e+00
0.000000000000000000e+00
0.000000000000000000e+00
0.000000000000000000e+00
0.000000000000000000e+00
0.000000000000000000e+00
0.000000000000000000e+00
0.000000000000000000e+00
0.000000000000000000e+00
0.000000000000000000e+00
0.000000000000000000e+00
0.000000000000000000e+00
0.000000000000000000e+00
0.000000000000000000e+00
0.000000000000000000e+00
0.000000000000000000e+00
0.000000000000000000e+00
0.000000000000000000e+00
0.000000000000000000e+00
0.000000000000000000e+00
0.000000000000000000e+00
0.000000000000000000e+00
0.000000000000000000e+00
0.000000000000000000e+00
0.000000000000000000e+00
0.000000000000000000e+00
0.000000000000000000e+00
0.000000000000000000e+00
-7.359511343801805605e-03
-6.212739965095709360e-02
-2.349563699825207852e-02
-2.603664921465692617e-02
3.033682373473223226e-02
5.948167539267290582e-02
2.254607329842959751e-01
1.798795811518352217e-01
2.154450261780377351e-02
-2.077294938917948475e-01
-2.023019197207651387e-01
-1.129755671902241410e-01
-4.650436300174248805e-02
5.948516579406903926e-02
-1.231588132634978128e-02
-8.107678883071275933e-02
-3.505584642233583459e-02
7.337347294939194908e-02
1.483420593395567977e-04
-8.801570680627998633e-02
-1.505567190226848318e-01
-1.599563699825452545e-01
-1.660750436300146848e-01
6.557591623036926332e-02
9.546771378708826528e-02
-3.369458987783321979e-02
-1.252827225130862532e-01
-4.748691099473706378e-03
1.594013961605612040e-01
1.322739965096013381e-01
1.460261780104739615e-01
1.333630017452034633e-01
1.782356020942436059e-01
2.021483420593395419e-01
1.172513089005262910e-01
-7.548167539266742443e-02
9.230366492149338908e-03
-1.144520069808000612e-01
1.874869109947918666e-02
1.129232111692872187e-01
2.038219895288231887e-02
-2.267015706803543473e-03
-4.455671902268484863e-02
5.115008726003764106e-02
1.684520069808055354e-01
9.582024432810047621e-02
2.386212914485440206e-02
9.422513089005508935e-02
8.058813263525579917e-02
1.757591623036922762e-02
2.713787085517574416e-03
-1.460558464223111336e-02
-5.614485165793793586e-02
1.203664921466242321e-02
6.561780104712316986e-02
2.081029668411894795e-01
1.591780104712069432e-01
4.521640488656469836e-02
-1.902268760880093668e-04
1.843804537522088921e-02
7.832286212914760237e-02
1.181413612565472421e-01
-9.740488656195188388e-02
-6.702792321116654572e-02
5.741535776614584835e-02
1.004869109947671424e-01
-6.528795811515580860e-03
8.179755671905011155e-03
-1.834205933679632083e-03
3.290226876091024988e-02
2.777137870855422505e-02
-2.054101221637752439e-03
9.727574171029942929e-02
-2.477312390924682126e-02
2.829144851658214888e-02
-5.325828970331313722e-02
-8.535602094240563043e-02
7.020418848167812864e-02
1.558062827225158153e-01
1.499284467713814517e-01
-5.764921465968311787e-02
-6.974694589877561413e-02
-5.077661431064298125e-02
5.250785340314409466e-02
8.125479930192246181e-02
-9.523385689354001149e-02
-5.811518324579916656e-04
-6.372251308900249434e-02
-2.162635253054073781e-01
-2.309127399650932611e-01
-2.192827225130862534e-01
-7.333158813263251918e-02
-8.621465968586113082e-02
9.282722513091742900e-03
-8.831239092495361820e-02
-7.152705061081750249e-02
-1.324659685863847081e-01
-5.440663176264996792e-02
-6.675218150086985325e-02
-4.268586387434280399e-02
4.569109947644253711e-02
6.151308900523835138e-02
1.886963350785367810e-01
1.683054101221667931e-01
5.283246073298703688e-02
9.644502617801320454e-02
9.377835951134655401e-02
2.231884816753954004e-01
6.313612565445300695e-02
8.503839441536051313e-02
4.732111692844951506e-02
7.777835951134653980e-02
1.645724258292444175e-03
1.792146596858913699e-02
3.286387434555247677e-02
1.323647469459015291e-01
3.476614310645999295e-02
4.675218150087534497e-02
-5.369458987783320980e-02
6.047643979057865105e-02
6.899301919721041731e-02
3.280802792321391159e-02
-3.699301919720494880e-02
-4.496858638743181369e-02
9.750610820244601240e-02
9.501745200698352711e-02
4.034031413612840233e-02
-1.487556719022660179e-01
-1.912198952879553548e-01
-2.234991273996482231e-01
-5.736300174519794182e-02
-1.007452006980775472e-01
1.049336823734756952e-01
3.036474694590152179e-02
9.069982547993293842e-02
3.660907504363274112e-02
9.430191972077063556e-02
-2.958115183243320567e-03
1.261588132635280413e-01
1.425008726003517967e-01
9.896160558464497936e-02
6.450087260035178294e-02
7.574694589878110118e-02
3.890226876091025521e-02
3.738394415358042844e-02
1.105183246073325742e-01
2.408202443281251548e-02
5.262652705061354741e-02
3.157713787085542068e-01
4.591535776614338316e-01
7.562844677137898763e-01
9.215828970331615411e-01
1.700675392670159880e+00
3.502455497382201521e+00
5.608151832460735342e+00
7.725342059336826495e+00
9.627460732984294722e+00
1.098514310645723846e+01
1.191817975567188803e+01
1.225327225130888920e+01
1.225189354275740250e+01
1.205232984293192544e+01
1.172322687609073810e+01
1.120505235602093030e+01
1.057009249563698461e+01
9.790926701570668911e+00
9.245171029668398432e+00
8.663520069808017254e+00
8.111565445026165833e+00
7.686452006980797336e+00
7.177600349040140770e+00
6.981310645724258634e+00
6.593233856893542466e+00
6.228762652705060354e+00
5.978549738219898657e+00
5.804280977312396672e+00
5.663205933682374571e+00
5.428200698080284603e+00
5.234054101221645716e+00
4.992853403141364055e+00
4.775097731239094756e+00
4.654151832460731164e+00
4.513729493891800004e+00
4.404273996509601830e+00
4.242776614310651340e+00
4.082483420593375989e+00
3.975736474694596012e+00
3.796717277486925113e+00
3.641062827225144183e+00
3.648815008726016273e+00
3.486298429319385050e+00
3.152465968586397160e+00
3.122989528795821812e+00
3.016954624781857497e+00
2.870713787085525048e+00
2.835300174520080319e+00
2.753000000000009884e+00
2.721212914485175993e+00
2.651439790575925493e+00
2.538842931937180580e+00
2.383282722513095031e+00
2.288371727748697460e+00
2.435726003490409575e+00
2.383750436300178244e+00
2.349746945898784745e+00
2.186197207678888255e+00
2.076165794066326065e+00
2.079076788830723110e+00
2.032982547993026579e+00
1.873764397905767431e+00
1.706005235602101600e+00
1.561366492146603946e+00
1.437589877835960372e+00
1.451401396160567181e+00
1.479129144851667021e+00
1.703296684118683402e+00
1.669883071553238452e+00
1.408102966841195069e+00
1.275628272251316808e+00
1.257876090750445819e+00
1.221513089005246577e+00
1.080361256544513537e+00
1.104699825479940944e+00
9.092792321117020293e-01
8.632897033158881683e-01
8.826858638743542151e-01
7.091221640488738487e-01
7.200366492146685893e-01
8.230488656195547037e-01
7.748115183246127025e-01
7.639703315881427592e-01
8.297958115183319272e-01
7.548045375218221942e-01
7.288219895288028383e-01
7.273036649214739136e-01
8.152443280977381690e-01
8.490314136125731714e-01
7.715933682373541380e-01
8.480575916230432831e-01
8.848603839441602226e-01
9.760610820244393082e-01
7.152024432809853671e-01
5.431605584642311690e-01
5.547452006980879702e-01
6.002879581151887578e-01
5.970488656195516164e-01
3.775165794066372982e-01
4.104205933682432139e-01
3.598516579406689786e-01
3.001099476439859082e-01
2.100226876090802719e-01
1.887242582897101784e-01
1.585113438045433476e-01
1.159563699825540972e-01
1.778830715532344620e-01
1.967731239092529449e-01
1.663054101221694836e-01
1.355200698080301080e-01
1.365008726003513750e-01
2.664485165794094890e-01
1.096910994764432878e-01
1.272164048865644936e-01
1.903542757417127085e-01
3.118272251308926712e-01
2.889965095986064547e-01
2.699947643979094813e-01
2.089197207678905599e-01
2.167556719022716294e-01
2.174397905759191119e-01
1.108254799301953142e-01
5.378184991274315152e-02
1.705584642234203585e-02
9.127923211169530759e-02
9.839616055846889253e-02
-3.030541012216092511e-02
-1.611605584642208377e-01
2.927574171030178363e-02
8.743979057592188298e-02
-1.122146596858599743e-01
-1.979947643979027561e-01
-1.327521815008698702e-01
4.209249563700190322e-02
1.117678883071584472e-01
2.521815008728278684e-03
2.783595113440728852e-03
-2.387609075043339857e-02
-2.415532286212584978e-02
-3.384467713786820653e-02
3.333333333359611572e-04
1.795759162303678380e-01
1.650244328097743018e-01
1.100226876090775185e-01
1.339284467713810489e-01
2.342635253054135003e-01
1.184869109947666033e-01
1.092757417102989681e-01
1.917434554973846961e-01
2.205671902268793172e-01
3.504869109947685857e-01
2.623891797556743288e-01
2.117888307155357808e-01
1.024310645724282320e-01
-5.616579406631516669e-02
-1.938394415357524991e-02
3.945375218150326546e-02
2.109965095986063854e-01
3.385462478185001789e-01
2.969685863874369502e-01
1.957085514834229212e-01
9.593891797556963752e-02
1.576352530541036412e-01
2.820087260034918053e-01
1.746928446771385257e-01
1.002356020942427595e-01
-1.902094240837404193e-02
4.081849912740209696e-02
9.335253054101455561e-02
-1.149912739964964459e-02
-3.375392670156873720e-02
-4.505235602093993208e-02
-1.111692844675493674e-03
-1.502739965095973851e-01
-2.283472949389167006e-01
-2.262181500872577633e-01
-7.765968586387317352e-02
-6.626527050609620773e-03
-3.537347294938864017e-02
1.442059336823797722e-02
6.710122164048981652e-02
1.696317626527068523e-01
2.290104712041909352e-01
6.020069808028050140e-02
-2.150261780104600895e-02
-4.416230366492035486e-02
-6.549563699825355911e-02
-2.554223385689342596e-01
-2.566753926701550448e-01
-2.124485165794052222e-01
-1.761832460732972727e-01
-1.462286212914465366e-01
-1.023193717277479653e-01
-2.057417102966718758e-02
5.331064572425892045e-02
2.063350785340434257e-02
1.200541012216418402e-01
1.549162303664932683e-01
9.716404886562135523e-02
4.805759162303835375e-02
-8.887085514834081046e-02
-1.348184991273984057e-01
-1.314537521814995724e-01
-1.633490401396140435e-01
-1.790349040139604941e-01
-2.033682373472900373e-02
1.386684118673653376e-01
1.340226876090768737e-01
5.476963350785468698e-02
-1.412129144851645979e-01
-1.400924956369971053e-01
-1.370034904013950339e-01
-8.739441535776504288e-02
-2.103141361256355424e-02
-1.730663176265245795e-01
-1.193036649214647138e-01
-1.941657940663163995e-01
-2.544450261780093481e-01
-4.112582897033130180e-01
-1.753176265270495193e-01
-3.711518324607276931e-02
-2.400174520069686679e-02
-8.742233856893366628e-02
-2.110628272251284798e-01
-9.991099476439591065e-02
-4.482897033158628197e-02
2.457068062827350019e-02
-5.480104712041700132e-02
1.666841186736522928e-02
6.469458987784726389e-03
5.258813263525485837e-02
1.472425828970447270e-02
-6.336998254799186547e-02
2.012739965096166372e-02
6.268237347295047002e-02
-8.056369982547861852e-02
-1.578691099476425830e-01
-1.119947643979051222e-01
3.063699825479937466e-02
4.935602094240887361e-02
1.000959860383963118e-01
5.101745200698215577e-02
9.746945898780889905e-03
1.423211169284654964e-02
-7.818324607329718567e-02
-9.069284467713667475e-02
-9.379581151832283581e-02
-8.355846422338464308e-02
-2.362321116928423059e-01
-2.534537521814990146e-01
-7.237521815008540749e-02
-8.348865619546130823e-02
-9.924083769633273988e-02
-6.625305410121984373e-02
-5.163176265270386089e-02
1.322687609075279269e-02
-5.604712041884574170e-02
-3.444502617800804245e-02
-2.784816753926566690e-02
1.095794066317639093e-01
1.302443280977438889e-02
7.063001745200869763e-02
8.895811518324769906e-02
5.179581151832635122e-02
2.165794066318227351e-03
-1.394921465968572694e-01
-9.972600349040017242e-02
-1.048638743455492239e-01
9.815532286213057844e-02
1.618202443280989389e-01
1.377835951134498416e-02
8.429842931937292505e-02
-1.104275741710278869e-01
-8.965095986036564213e-03
5.785340314137910056e-03
1.626509598603851359e-01
2.647975567190237189e-01
1.510000000000024656e-01
-9.616928446771133565e-02
-1.968429319371698405e-01
-1.991465968586361157e-01
-9.374345549738105632e-02
-6.251134380453704509e-02
2.550959860384116595e-02
-1.397905759161766071e-03
2.486736474694772880e-02
-1.631012216404879034e-01
-6.725479930191791134e-02
2.038917975567366980e-02
6.413089005235783624e-02
1.753699825479946295e-01
4.658464223385760938e-02
1.533071553228633199e-01
5.300349040139673562e-02
-2.989354275741473721e-02
-1.974694589877601381e-02
-6.633682373472704619e-02
1.091500872600374983e-01
1.643438045375242851e-01
1.966265270506133422e-01
2.493769633507900707e-01
1.812931937172799213e-01
1.638760907504384079e-01
1.905078534031436899e-01
1.244205933682398513e-01
8.194589877836211400e-02
1.446753926701589421e-01
1.777993019197232627e-01
1.594921465968608398e-01
1.579842931937185391e-01
2.290418848167572463e-01
3.291640488656208952e-01
2.885671902268771571e-01
2.858900523560232720e-01
1.297434554973848631e-01
1.328394415357789793e-01
1.051849912739988291e-01
1.187102966841198093e-01
2.265636998254811907e-01
1.363158813263549707e-01
7.271378708551790027e-02
5.995287958115413929e-02
4.480802792321370021e-02
8.296509598604107083e-02
5.995636998255049477e-02
1.621291448518968892e-03
3.947120418848415468e-02
7.816928446771642669e-02
6.928970331588368836e-02
1.680436300174537045e-01
2.164659685863903338e-01
3.115759162303703977e-01
3.818062827225154887e-01
2.629895287958141648e-01
2.387137870855167154e-01
2.739598603839481505e-01
2.506788830715558358e-01
3.903542757417126641e-01
3.743298429319410481e-01
3.482251308900561337e-01
4.630837696335101672e-01
4.025741710296686371e-01
4.793420593368262761e-01
3.700750436300201951e-01
4.515759162303691898e-01
5.043403141361273434e-01
3.344554973822015942e-01
1.940855148342086611e-01
3.074258289703344360e-01
3.794118673647488560e-01
3.542425828970341417e-01
2.292862129144879191e-01
1.456980802792355867e-01
2.269057591623075965e-01
1.958411867364775460e-01
1.908289703315912966e-01
1.625602094240856665e-01
1.849546247818523170e-01
3.240087260034933969e-01
2.961448516579436863e-01
1.997609075043658144e-01
-3.516404886561730336e-02
-1.189825479930171070e-01
-9.658115183245774560e-02
-5.444851657940397160e-02
5.726527050611052161e-02
6.008202443281351890e-02
2.429301919720798786e-01
3.160331588132674341e-01
2.757643979057635697e-01
2.404450261780135545e-01
1.380541012216438546e-01
1.564345549738250796e-01
8.563874345550059886e-02
1.959773123909283044e-01
3.542321116928475178e-01
2.138970331588154750e-01
1.285916230366515034e-01
8.217277486911189754e-02
6.396160558466590373e-03
-6.306631762652425977e-02
-2.622164048865371910e-02
1.873123909249807539e-02
1.085986038394439746e-01
2.111169284467884211e-02
6.556719022688728415e-03
-4.019197207677294159e-03
-4.134554973821735757e-02
8.092670157068204695e-02
1.775549738219912577e-01
2.222635253054134896e-01
2.040610820244339596e-01
4.617975567190413244e-02
7.464746945898892427e-02
1.075724258289714186e-01
4.646596858638862848e-02
7.104886561954826263e-02
1.200785340314167726e-01
-1.735951134380187000e-02
-1.407801047120385007e-01
-6.313612565444803870e-02
1.007102966841209035e-01
3.436125654450528089e-02
1.410000000000013465e-01
8.162129144851726359e-02
-6.177835951134125203e-02
-5.804013961605258842e-02
-3.186212914484931602e-02
4.934904013961904923e-02
5.848167539269866211e-03
-5.032984293193498715e-02
7.155322862351098934e-05
1.932809773124111175e-02
1.378691099476463400e-01
1.102705061082036586e-01
1.866614310645751118e-01
-4.275567190226570169e-02
-7.231588132635025090e-02
-7.633333333333069959e-02
-1.181623036649184222e-01
-2.556544502617530412e-02
4.284642233857027804e-02
-4.406631762650103923e-03
4.999825479930497529e-02
2.364223385689623314e-02
8.333158813263841225e-02
-4.013089005235359608e-02
-4.159685863874096334e-02
-3.644502617800782218e-02
-1.268219895287936438e-01
-7.160732984292939030e-02
6.404013961605858896e-02
-4.895811518324388878e-02
-1.467766143106423726e-01
1.088830715532562721e-02
7.113612565445226465e-02
1.870034904013984089e-01
8.681500872600578234e-02
4.815008726006375639e-03
-6.177486910994467451e-02
-3.458115183245791258e-02
7.128970331588613263e-02
3.755846422339015334e-02
-4.094066317626188223e-02
-3.707329842931450514e-02
2.047120418850578716e-03
-1.162495636998217563e-01
-2.265602094240808384e-01
-2.563298429319336158e-01
-2.038917975566922891e-02
-1.797120418848137113e-01
-1.657260034903984547e-01
-1.734083769633474326e-01
-1.047207678883039783e-01
1.607329842935101283e-03
1.745427574171061202e-01
9.413438045375688290e-02
2.032478184991308723e-01
2.131535776614348343e-01
5.463699825480361483e-02
2.040663176265589129e-02
1.152356020942679748e-02
1.509075043630492274e-02
-1.820418848167149051e-02
1.275968586387477011e-01
2.469930191972107281e-01
2.361273996509622997e-01
1.791919720767927160e-01
2.198760907504393458e-01
1.798237347294988631e-01
-3.051832460732573082e-02
-6.656369982547705177e-02
-1.949389179750848911e-03
1.383123909249612815e-01
1.021465968586854345e-02
4.221465968586901596e-02
1.403472949389210633e-01
1.193944153577692902e-01
1.177993019197232094e-01
8.177137870855455404e-02
1.477853403141384803e-01
4.281500872600618735e-02
-4.165794066312233923e-03
8.505584642234387260e-02
-9.250436300174191828e-02
3.709075043630472024e-02
1.850436300175006821e-02
-6.881500872600110341e-02
-1.280226876090724275e-01
-9.497556719022393068e-02
-1.728743455497352421e-01
-1.711500872600317802e-01
-2.546823734729461997e-01
-1.016317626527025730e-01
-2.129668411867102762e-02
-3.750610820244082433e-02
-1.893211169284438888e-01
-2.490593368237317140e-01
-1.870977312390897929e-01
-1.438726003490375938e-01
-2.159685863874116762e-02
-2.289179755671577610e-02
-1.868568935427541433e-01
-2.304415357766118611e-01
-2.052198952879553673e-01
-1.508673647469436219e-01
-1.320157068062806083e-01
-3.532809773123624097e-02
-3.816230366491657477e-02
-5.723036649214385818e-02
2.177137870855450075e-02
1.967277486911038764e-01
2.366300174520103994e-01
2.348987783595135603e-01
5.676963350785912965e-02
-7.309773123908769321e-02
1.782722513089440852e-02
-9.088481675392312553e-02
-9.181500872597503360e-03
1.492268760907542458e-01
5.162129144852167784e-02
-9.158289703315380947e-02
-1.562425828970286368e-01
-1.293036649214616141e-01
-3.204013961605278737e-02
8.619546247823350882e-03
5.809947643979507248e-02
4.024956369982835014e-02
8.676265270506577920e-02
6.333333333336632620e-03
8.408551483421033979e-02
1.587277486911040647e-01
1.702984293193767762e-01
7.527225130890524696e-02
6.589005235602440891e-02
5.319546247818918161e-02
1.621937172774901015e-01
1.850453752181522304e-01
8.686736474694978227e-02
2.240296684118714410e-01
2.111884816753955008e-01
2.773315881326392507e-01
1.554537521815051448e-01
1.104938917975597512e-01
2.204799301919750931e-01
1.830279232111711174e-01
2.116003490401427989e-01
2.462949389179782678e-01
3.383856893542782629e-01
3.299214659685882900e-01
1.884136125654478633e-01
5.490575916230744369e-02
1.138307155322895170e-01
1.447417102966883640e-01
6.264048865619864515e-02
-2.528272251308427698e-02
-2.065794066317305777e-02
-6.253228621291029299e-02
-4.304886561954424096e-02
1.059424083769666680e-01
1.198376963350828994e-01
8.660209424084319707e-02
-2.528621291448018837e-02
-3.712914485165397238e-02
-1.838219895287585004e-02
-3.741186736474277907e-02
3.122338568935711933e-02
-6.648342059336487253e-02
-7.586910994763940153e-02
-5.207504363001325132e-02
-4.929319371727203247e-02
-1.264694589877799480e-01
-1.749197207678840904e-01
-1.580890052355994335e-01
-1.456178010471167461e-01
-1.319493891797516305e-01
-5.698952879580687636e-02
-3.423211169284012811e-02
-7.540139616055396843e-02
-6.633507853398779019e-03
6.059860383944615236e-02
-6.544677137870502648e-02
-5.419720767888014379e-02
6.534205933682812883e-02
1.316753926701963451e-02
3.027748691099851897e-02
1.144973821989552221e-01
1.445148342059363600e-01
7.011692844677330783e-02
-1.288289703315848023e-01
-2.498586387434515999e-01
-1.970767888307127791e-01
-2.218726003490369969e-01
-2.490139616055815353e-01
-1.666684118673620318e-01
-1.908568935427545910e-01
-2.419947643979023510e-01
-7.589005235601797850e-02
5.527574171030158467e-02
2.877661431064826303e-02
2.117120418848204011e-01
2.898621291448546522e-01
3.149685863874376324e-01
2.713071553228645350e-01
2.563368237347316558e-01
2.082181500872639646e-01
2.037120418848203940e-01
-2.220069808027513858e-02
1.778621291448545527e-01
2.120715532286254756e-01
2.752198952879614247e-01
2.264205933682403860e-01
1.944799301919748480e-01
2.822321116928483420e-01
3.323123909249590113e-01
2.387609075044005991e-02
-2.199040139616026401e-01
-2.143856893542728237e-01
-1.034781849912693730e-01
1.783769633508258678e-02
4.615183246073595313e-02
-1.842408376962900718e-02
-7.240314136125158839e-02
-6.340139616055395777e-02
-9.574694589877363882e-02
-9.089179755671406014e-02
-2.664171029668382928e-01
-3.546579406631733544e-01
-4.655863874345520514e-01
-2.819528795811487853e-01
-2.187661431064542583e-01
3.083944153578155323e-02
-8.525828970331206236e-02
-1.228952879581108881e-01
-1.089511343804514532e-01
-1.891221640488613964e-01
-1.874572425828935351e-01
-1.590907504362957248e-01
-9.328621291448069286e-02
-7.789005235601642596e-02
-3.472425828969827322e-02
-1.038394415354026989e-03
-7.768062827224664346e-02
-2.435479930191943865e-01
-3.987242582896999288e-01
-4.072897033158779934e-01
-3.562390924956329030e-01
-2.150453752181471501e-01
-1.266963350785297315e-01
-2.024031413612523700e-01
-2.597539267015651632e-01
-2.175130890052301424e-01
-1.086369982547972235e-01
-1.256719022687136089e-02
3.264397905759652829e-02
5.012739965096368877e-02
5.027748691099942491e-02
1.422862129145308074e-02
1.355095986038432621e-01
2.020191972076816889e-01
2.108778359511371825e-01
2.257329842931969921e-01
2.709895287958139498e-01
2.465636998254825407e-01
8.109075043630342705e-02
7.379232111693134755e-02
1.677609075043666742e-01
1.224659685863911385e-01
-2.573647469458606452e-02
1.739842931937212178e-01
1.639965095986584132e-02
7.045200698080611446e-02
5.564921465969163705e-02
1.358132635253088694e-01
1.119912739965132076e-01
2.420191972076826126e-01
2.928883071553256556e-01
3.489127399650988615e-01
2.957434554973854546e-01
3.155759162303697352e-01
3.370663176265296102e-01
1.740785340314174867e-01
3.628795811518692460e-02
2.002617801047579249e-02
1.597434554973853338e-01
2.031361256544546023e-01
1.579319371727794241e-01
8.953752181501339891e-02
3.670331588133102230e-02
1.634153577661465739e-01
1.273979057591669850e-01
1.388917975567229846e-01
6.538045375218581867e-02
7.498603839441919661e-02
1.103891797556739718e-01
-4.949563699825043628e-02
-2.968586387430693918e-03
5.158987783595536669e-02
1.021902268760954691e-01
1.302670157068099854e-01
2.517801047120737934e-02
1.430837696335101050e-01
2.104834205933707736e-01
1.244729493891809646e-01
1.259389179755694421e-01
5.280104712042099635e-02
-1.289825479930155616e-01
-8.965270506107936299e-02
-2.013787085514540109e-02
9.002617801047341217e-02
6.521989528796012792e-02
1.786212914485441061e-02
5.715357766143380758e-02
-1.841710296683762849e-02
-5.279232111690568274e-03
-1.602268760907143985e-02
4.760732984293492009e-02
2.272076788830856842e-02
6.355846422338862212e-02
-5.913263525305234580e-02
1.385881326352551568e-01
1.241099476439804228e-01
7.706282722513346783e-02
-5.990052356020569846e-02
-1.389703315880863599e-02
6.653926701570922475e-02
1.131361256544534122e-01
3.223909249563927659e-02
-1.624764397905722468e-01
-1.067382198952828709e-01
1.103123909249585921e-01
1.338376963350809135e-01
2.317574171029681551e-01
2.079773123909274268e-01
1.649197207678914090e-01
8.526527050611099057e-02
3.902443280977552220e-02
1.787958115183529983e-02
1.379389179755694528e-01
1.445008726003518262e-01
1.290174520069831132e-01
-2.698603839441293673e-02
5.826003490401676643e-02
8.545724258289943975e-02
1.344694589877866164e-01
2.083926701570710804e-01
1.198621291448538351e-01
1.428150087260062762e-01
9.846945898778658446e-02
5.204363001745626605e-02
5.743455497384974962e-03
7.189703315881601497e-02
5.695113438045940057e-02
1.873036649214698812e-01
1.430349040139646810e-01
1.338586387434581582e-01
1.625148342059374862e-01
1.440506108202477265e-01
2.069476439790594036e-01
2.762006980802822476e-01
2.180890052356048159e-01
1.609650959860413622e-01
9.018673647469688248e-02
1.223717277486939814e-01
6.444502617801228794e-02
1.508813263525334847e-01
1.522914485165829390e-01
3.376788830715726775e-02
-6.922687609074751336e-02
-1.336771378708525582e-01
-6.663350785340016458e-02
-5.619371727748490031e-02
-1.229581151832430663e-01
-6.259511343804291528e-02
7.701745200698661975e-02
1.139040139616076530e-01
