0.000000000000000000e+00
0.000000000000000000e+00
0.000000000000000000e+00
0.000000000000000000e+00
0.000000000000000000e+00
0.000000000000000000e+00
0.000000000000000000e+00
0.000000000000000000e+00
0.000000000000000000e+00
0.000000000000000000e+00
0.000000000000000000e+00
0.000000000000000000e+00
0.000000000000000000e+00
0.000000000000000000e+00
0.000000000000000000e+00
0.000000000000000000e+00
0.000000000000000000e+00
0.000000000000000000e+00
0.000000000000000000e+00
0.000000000000000000e+00
0.000000000000000000e+00
0.000000000000000000e+00
0.000000000000000000e+00
0.000000000000000000e+00
0.000000000000000000e+00
0.000000000000000000e+00
0.000000000000000000e+00
0.000000000000000000e+00
0.000000000000000000e+00
0.000000000000000000e+00
0.000000000000000000e+00
0.000000000000000000e+00
0.000000000000000000e+00
0.000000000000000000e+00
0.000000000000000000e+00
0.000000000000000000e+00
0.000000000000000000e+00
0.000000000000000000e+00
0.000000000000000000e+00
0.000000000000000000e+00
0.000000000000000000e+00
0.000000000000000000e+00
0.000000000000000000e+00
0.000000000000000000e+00
0.000000000000000000e+00
0.000000000000000000e+00
0.000000000000000000e+00
0.000000000000000000e+00
0.000000000000000000e+00
0.000000000000000000e+00
0.000000000000000000e+00
0.000000000000000000e+00
0.000000000000000000e+00
0.000000000000000000e+00
0.000000000000000000e+00
0.000000000000000000e+00
0.000000000000000000e+00
0.000000000000000000e+00
0.000000000000000000e+00
0.000000000000000000e+00
0.000000000000000000e+00
0.000000000000000000e+00
0.000000000000000000e+00
0.000000000000000000e+00
0.000000000000000000e+00
0.000000000000000000e+00
0.000000000000000000e+00
0.000000000000000000e+00
0.000000000000000000e+00
0.000000000000000000e+00
0.000000000000000000e+00
0.000000000000000000e+00
0.000000000000000000e+00
0.000000000000000000e+00
0.000000000000000000e+00
0.000000000000000000e+00
0.000000000000000000e+00
0.000000000000000000e+00
0.000000000000000000e+00
0.000000000000000000e+00
0.000000000000000000e+00
0.000000000000000000e+00
0.000000000000000000e+00
0.000000000000000000e+00
0.000000000000000000e+00
0.000000000000000000e+00
0.000000000000000000e+00
0.000000000000000000e+00
0.000000000000000000e+00
0.000000000000000000e+00
0.000000000000000000e+00
0.000000000000000000e+00
0.000000000000000000e+00
0.000000000000000000e+00
0.000000000000000000e+00
0.000000000000000000e+00
0.000000000000000000e+00
0.000000000000000000e+00
0.000000000000000000e+00
0.000000000000000000e+00
0.000000000000000000e+00
0.000000000000000000e+00
0.000000000000000000e+00
0.000000000000000000e+00
0.000000000000000000e+00
0.000000000000000000e+00
0.000000000000000000e+00
0.000000000000000000e+00
0.000000000000000000e+00
0.000000000000000000e+00
0.000000000000000000e+00
0.000000000000000000e+00
0.000000000000000000e+00
0.000000000000000000e+00
0.000000000000000000e+00
0.000000000000000000e+00
0.000000000000000000e+00
0.000000000000000000e+00
0.000000000000000000e+00
0.000000000000000000e+00
0.000000000000000000e+00
0.000000000000000000e+00
0.000000000000000000e+00
0.000000000000000000e+00
0.000000000000000000e+00
0.000000000000000000e+00
0.000000000000000000e+00
0.000000000000000000e+00
0.000000000000000000e+00
0.000000000000000000e+00
0.000000000000000000e+00
0.000000000000000000e+00
0.000000000000000000e+00
0.000000000000000000e+00
0.000000000000000000e+00
0.000000000000000000e+00
0.000000000000000000e+00
0.000000000000000000e+00
0.000000000000000000e+00
0.000000000000000000e+00
0.000000000000000000e+00
0.000000000000000000e+00
0.000000000000000000e+00
0.000000000000000000e+00
0.000000000000000000e+00
0.000000000000000000e+00
0.000000000000000000e+00
0.000000000000000000e+00
0.000000000000000000e+00
0.000000000000000000e+00
2.484188205436562713e-01
1.660372002938733105e-01
1.313636768405461730e-01
1.535703154567220063e-01
2.556651973552504509e-01
2.291786326498918835e-01
2.348666488568421640e-01
6.591809701908979413e-02
1.957913132528538158e-02
3.750584385227839768e-02
-5.419254658383990120e-02
-2.289176072484933044e-02
7.067721899430001731e-03
1.428844141677351465e-01
1.079660054765354538e-01
1.296717424697899079e-01
3.023547941850996956e-01
1.466745697811726312e-01
1.233770787417461379e-01
9.434148133307718176e-02
-1.061805694694784863e-01
6.781595761260256205e-02
-5.578430063001188488e-02
1.952959772045098630e-03
-4.414056412642863858e-03
-7.781228433391323973e-03
-1.705909526035643275e-01
-3.879817003939325937e-02
-7.113359602829660844e-03
6.930196576060231040e-02
7.753344909727497014e-02
-2.130557225226530765e-02
-1.360788307842896172e-01
5.927280215500110166e-02
1.949781829515459808e-01
1.203661034306305888e-01
-6.984850508692325155e-02
-3.304336694938678903e-02
7.199570337720105628e-02
-1.737076738128521536e-01
-2.019084351833189683e-01
-6.373193971369588151e-02
-9.840546316702299123e-02
-1.646190921436253007e-01
-9.532213539926323587e-02
7.939235067567164406e-02
-6.865747233908825464e-02
-6.573554620538091253e-02
4.060586834080221613e-02
9.782553039917393778e-02
-1.414267904449131516e-02
8.729546517065149558e-02
-4.219316992808177375e-02
-2.802878514658619508e-02
-5.477080967953545931e-03
-9.562267637301599676e-02
4.924363854939990681e-02
9.743594024801296993e-02
-1.646908880428116229e-02
-1.635894610298427310e-01
-1.090746677352457950e-01
3.713295042188149292e-02
3.050763596696385305e-01
1.862124045504239822e-01
-4.155869453904818128e-02
4.045559785392584262e-02
-4.518188294484528494e-02
1.528807408892661479e-02
3.844642578865278826e-02
1.339516685589726974e-01
1.932361584184976167e-01
4.790790088827655974e-02
8.284300630024031553e-02
-2.219606402634754366e-02
-5.113704668402024173e-02
-2.165514592933837634e-01
-1.318322981366349400e-01
1.080995792426477642e-01
1.787050023376510893e-02
-7.046572719773491755e-03
-8.699603731159431808e-02
-2.537957211869153185e-02
1.291374474053405830e-01
7.702698190076573415e-02
4.885404839823895284e-02
2.617984594492418493e-01
2.031929695674546399e-01
1.834351833300049972e-01
9.105779291614894688e-02
3.272607359914622704e-01
3.914151027404994543e-01
2.639801642957433359e-01
1.414707584763795767e-01
3.055160399830916251e-01
3.129238184287382873e-01
4.777761081057123604e-01
5.417857699414612149e-01
6.098193414813439794e-01
4.701178788486051197e-01
4.792509851065360760e-01
8.332993833344575219e-01
1.225594403259210985e+00
2.224959927870177268e+00
4.101576726997495648e+00
6.337991161869153345e+00
8.568645228077219400e+00
1.015099345488546767e+01
1.096402914134331041e+01
1.137186324272580507e+01
1.150786916449610153e+01
1.127346946726330401e+01
1.116725049533605585e+01
1.059622264520582391e+01
1.014763184843831390e+01
9.403542487588779863e+00
8.853324317104132035e+00
8.139494979852630152e+00
7.352895767937848603e+00
7.072413121396295743e+00
6.803818540038740537e+00
6.559601170996690378e+00
6.290182884748109160e+00
5.943135978093909699e+00
5.624790734433096517e+00
5.297663015650402762e+00
5.320470736214083729e+00
5.032368819430537599e+00
4.901633495848092714e+00
4.808026113671284740e+00
4.806122687504187141e+00
4.658445757919820629e+00
4.561365457824095415e+00
4.443236158418502058e+00
4.277270754023925647e+00
4.193291814154382458e+00
3.889673078207453116e+00
3.608110710389828668e+00
3.510106525078489526e+00
3.302371490905871454e+00
3.133050045637718384e+00
3.095393374741219006e+00
3.146034528818558051e+00
3.161206282419481095e+00
3.219166165765061205e+00
3.194399363298400019e+00
2.768115385471642487e+00
2.776107549144027242e+00
2.743938533805306612e+00
2.635259578352155962e+00
2.402279102384302867e+00
2.335174981633617808e+00
2.266740688795398473e+00
2.147687504174190742e+00
1.985200583272122898e+00
1.906247356352556821e+00
1.885370889823915874e+00
1.925943921280537818e+00
1.839510563458681247e+00
1.640240766713428222e+00
1.551848326988590987e+00
1.522027983704011600e+00
1.477726017943420178e+00
1.413772011843551724e+00
1.324878670495792665e+00
1.289876778200772289e+00
1.271488123065974030e+00
1.358622743159920709e+00
1.329375653954907310e+00
1.202424920412308751e+00
1.288379638905596813e+00
1.318261203499643486e+00
1.291468532246944800e+00
1.326186580288975847e+00
1.089911284757018262e+00
7.332581980899059992e-01
8.864172176584630414e-01
8.224520804114181516e-01
7.239414279035707445e-01
9.074495202475674205e-01
7.944349829693555520e-01
6.850102406554130496e-01
7.637686724993986154e-01
7.463985173312073229e-01
8.331324161268169881e-01
9.199720608205992356e-01
8.552555711391724991e-01
8.374346045103520098e-01
7.765305327367149069e-01
6.312801932367260171e-01
8.675053986063914202e-01
1.096333956677586263e+00
9.547902891872148690e-01
8.450983993410470241e-01
9.831914112068500522e-01
9.184637903782473245e-01
7.368090340390589521e-01
5.538018433179832112e-01
4.599106168881874623e-01
4.910166076715973826e-01
5.345338275562792063e-01
3.862502504508222856e-01
4.936101649636122080e-01
3.069686546895633583e-01
4.780376900643488192e-01
4.301848883546048885e-01
4.822730915648276717e-01
3.994907500167075298e-01
2.774210245107973094e-01
2.872219995992897346e-01
5.684782608695762018e-01
6.663154789732739225e-01
5.675710723747298125e-01
5.980203254747544772e-01
6.571322825530507838e-01
6.422276764843497521e-01
6.792832654333467168e-01
5.270091720652840817e-01
5.191672788797725424e-01
4.211352657004940880e-01
4.378264208909481425e-01
4.856180012912243438e-01
2.832760079253875407e-01
2.483019434983080309e-01
1.378086110554666011e-01
1.735117656225761973e-01
1.724376099200894963e-01
1.012706204501545582e-01
2.651823281907543794e-01
4.574061087735810105e-01
2.637686724993988374e-01
1.929244862975689756e-01
1.796839867316837314e-01
2.163555511031076684e-01
3.366387274872657542e-01
3.431838420267701029e-01
3.161128920946705279e-01
2.914295732318283871e-01
3.440632026536765142e-01
1.662208642222777755e-01
3.300329481957531286e-02
-5.896224314876796768e-02
-2.273319753333671311e-01
-3.096802021416218409e-01
-3.677569625325476377e-01
-8.276063581111570144e-02
1.282803490727864038e-01
-2.910294084907327772e-02
-2.398990404951024669e-01
-4.056245686679371687e-02
1.651188806518510965e-01
8.370567020638253197e-02
1.915609207685051718e-01
-1.291496916672123518e-01
-4.957868607937654382e-02
1.295609875554859514e-02
4.329231505599078211e-01
4.454568222801154054e-01
2.930213272780004541e-01
1.899357732808053534e-01
1.798620850865000342e-01
1.980837730136577601e-01
2.841275406843539741e-01
1.334618980832273927e-01
7.315890825709603362e-02
-1.464358066741255904e-02
1.579838153120169952e-01
3.614784389680303356e-02
-2.006172221108997178e-01
-1.418614617422362389e-01
5.197633518111466344e-02
1.578669382666686438e-01
6.814989202788335199e-02
-2.992108016651084945e-02
6.310803891460103898e-03
-2.117205414189875512e-01
-1.205174870322025527e-01
5.425265477861240804e-02
8.008804737417341002e-02
5.791480219952571673e-02
1.023670384469934636e-01
4.505276163762550468e-02
-2.958158017764200842e-02
-5.093112046126391235e-02
-1.287545359424633329e-01
-2.268922950199139255e-01
-3.000628909815334922e-01
-3.424113404127320237e-01
-3.154238740844521605e-01
-1.966322714218817769e-01
-1.167440281395288881e-01
-1.227604131881721017e-01
-2.036894187314834959e-01
-1.445440682116587716e-01
-1.275857654889802628e-01
-1.082120038291034536e-01
-2.995174647699083703e-01
-4.119531823949669214e-01
-3.949280927892317994e-01
-3.124128987733363338e-01
-2.759305639039049129e-01
-9.215532402768356057e-02
-3.190798993743193535e-02
-2.269869097709098504e-01
-3.577055366325943009e-01
-3.076821612235247638e-01
-8.148055388587227554e-02
8.973875197578973228e-02
8.394498987066700835e-02
-2.946364567332198092e-01
-3.879377323626864715e-01
-4.694177296912109831e-01
-2.791530310113650160e-01
-8.769173401009577873e-02
-7.185211157860837972e-02
-1.689763797055787720e-02
-2.166733453548630450e-02
9.956254591609425830e-03
1.318701440370557698e-01
1.454891026069256021e-01
3.660360871791557003e-01
3.827550702375499547e-01
7.642033437967210574e-02
-6.256873483380109846e-02
-2.241868696986815124e-02
9.572230014036176016e-03
6.395901511610890822e-02
-1.004702909681762790e-01
-1.514286827400321833e-01
8.781918564538138128e-03
-1.688656247912803110e-01
-1.616303791268616230e-01
-3.027727687614367724e-02
-3.148500634474293847e-02
-1.601827734365190992e-02
-8.959516017719693082e-02
-9.744261893629646565e-02
1.824895923775038398e-02
-3.221966205836102048e-02
-1.852896324495092450e-01
-8.888276675793127524e-02
-1.224320443464792518e-01
2.073120505800440938e-02
1.099974398361607264e-01
1.767064048620961003e-01
-7.943242280548323819e-02
-2.791418998641890248e-01
-1.582966005476413862e-01
-2.059880006233334448e-01
-1.838759767581534810e-01
-1.786109441438923362e-01
-1.652646986798349538e-01
-2.301203277009618020e-01
-3.168319642022199289e-01
-4.421241568155904744e-01
-2.306156637502949636e-01
-8.789209465926450804e-02
-1.859686324272469271e-01
-1.379989536721546450e-01
-5.861717758631090902e-02
-3.504140786748388692e-02
3.124457356576293421e-02
-4.979017787572059817e-02
1.929528707229666296e-02
-7.609307865267478377e-02
3.571372915693826755e-02
3.938700772502690128e-02
2.998057614817892791e-01
4.661106658652354184e-01
6.569374874774704942e-01
6.345416193593020893e-01
7.185539526703732527e-01
6.355211603107924212e-01
3.927953649903268563e-01
3.760151606224648724e-01
3.718910705937465977e-01
3.654906609675303564e-01
3.436235223402235306e-01
3.716907099445778684e-01
3.765550212605024427e-01
3.739503328213118483e-01
4.562651661880385845e-01
2.082075513702550396e-01
2.961992697967561483e-01
2.715493443754422032e-01
1.854499209688658112e-01
3.098850152496823718e-01
1.542047908457555572e-01
9.308922727577417788e-02
1.292376277299247533e-01
-1.501597319619647486e-01
-1.157255281729225871e-01
-6.556802244027881699e-03
1.219467263296265536e-01
1.833294374318326092e-01
1.718977492820519259e-01
3.729707918698212943e-01
3.561794563547828751e-01
4.326448718805071536e-01
4.011270286515840056e-01
4.489408713462119671e-01
4.785385916872706424e-01
2.813558850375228459e-01
1.814538391326721012e-01
1.171881609118745615e-01
1.581452169460697554e-01
2.549528039359842957e-01
3.280844408824883374e-01
1.413984060197357451e-01
2.095154611634386654e-01
2.805266145729090610e-01
3.120110643603037914e-01
1.396897749282151047e-01
5.065729424075549048e-02
-3.326598989290729946e-02
1.776581179456462323e-01
4.482507402212982939e-01
2.999449008214893908e-01
-3.857499053841362269e-03
-2.516479663394002309e-01
-5.211102206192297359e-02
2.649713929518693334e-02
1.484945123444534332e-01
-9.315156169993787927e-02
-2.047190498452660101e-01
-1.038986842983931069e-01
-2.299978850820258991e-01
-2.621891627150985116e-01
-1.761565261915785108e-01
-1.331235112090540795e-01
5.568857276432037651e-02
1.319541841983351560e-02
7.774494089361949634e-02
5.728589238408021700e-02
-3.545826932912721219e-03
8.195808009974614450e-02
-2.730526058014470792e-02
2.149029363966361572e-01
3.086550234867315723e-01
3.031395400610099600e-01
2.334029030031943286e-01
1.090624234733743592e-01
-1.042270531400855127e-01
-1.308583227587325482e-01
-2.366932701084061286e-01
-6.601382488478169108e-02
-1.900927224559652018e-01
-3.974993877868944203e-01
-3.669555199358733866e-01
-2.556551793227699321e-01
-1.032085531734789896e-01
-4.199280927891324566e-02
-8.032291457956564074e-02
-2.644259667400250535e-02
-5.827712103998461401e-03
-1.552689285157615728e-01
-1.097592332865713338e-01
-1.321217079632117652e-01
7.593612947751493536e-02
1.770514704245527149e-01
1.121067922260179373e-01
-6.530699703910380904e-02
6.127084307309793587e-02
2.530939023575879965e-01
6.400353970481287291e-02
-3.309072998063071758e-01
-3.395005454262003397e-01
-1.169833478038140306e-01
-2.907511298113263365e-02
5.032892539906264062e-02
-2.190114428192861951e-01
-2.326971882722124185e-01
-1.432305928448878163e-01
-5.734266123465570075e-02
-1.017837663349476784e-01
1.676295108975045522e-02
-4.077394866313843735e-02
-5.911195707818617251e-03
-2.429712371156860229e-01
-4.022635187782346300e-01
-4.162776330728532592e-01
-2.745948262427817532e-01
4.823070415638142094e-02
-1.629883790823374312e-01
-2.083806407087207546e-02
-3.784089138225477100e-02
-3.824111177897884239e-01
-1.531261826843768326e-01
-2.009784278366621990e-02
4.947238362396522149e-03
2.712048353704421544e-02
2.389907388855605497e-01
2.896825396826496757e-02
-1.516902646986686420e-01
-1.240850197021194923e-01
1.051553908145881344e-01
1.915609207685053939e-01
8.589294062647212513e-02
-1.372142077962443807e-01
-1.581574612079412745e-01
-1.821005587835768935e-01
-9.158763552170601230e-02
-1.921291658317203499e-02
-4.487021082391651206e-02
-3.146558249293063270e-01
-2.863715799550190511e-01
-2.680441461296889649e-01
-2.167351232217882284e-01
-1.715092722455864305e-01
-2.672983592688953358e-01
-3.643063069079786054e-01
-5.244167278879650063e-01
-6.676245018811530763e-01
-6.436702731583405779e-01
-3.689146018388544945e-01
-3.591859792070062340e-01
-2.397209421402859419e-01
-3.627924708920389207e-01
-3.014654155257128210e-01
-4.370144037043388607e-02
-1.921464191099424568e-01
-1.412937732362586907e-01
-2.895495224737749673e-01
-4.323120505799220581e-01
-2.125052872948978155e-01
-1.613576660210491731e-01
-1.983575992341659600e-01
-2.119431643625082629e-01
-1.470764041942054234e-01
-4.007385516151185101e-01
-4.525818695874685993e-01
-4.061148957011400107e-01
-3.816319374874663772e-01
-2.211875820921993530e-01
-3.798342572185378074e-01
-3.363671274961488322e-01
-3.681298559629446743e-01
-3.761331507825085296e-01
-3.109380217725128404e-01
-3.161802355339471404e-03
1.771460851755493060e-01
2.666460740444018818e-01
1.915887486364455938e-01
1.005137024421847158e-01
2.254886573610388467e-01
2.920362207529216825e-01
3.182890313675836857e-01
2.451406977003158794e-01
2.055193793272445113e-01
2.872498274672294905e-01
3.690971526525630431e-01
0.000000000000000000e+00
0.000000000000000000e+00
0.000000000000000000e+00
0.000000000000000000e+00
0.000000000000000000e+00
0.000000000000000000e+00
0.000000000000000000e+00
0.000000000000000000e+00
0.000000000000000000e+00
0.000000000000000000e+00
0.000000000000000000e+00
0.000000000000000000e+00
0.000000000000000000e+00
0.000000000000000000e+00
0.000000000000000000e+00
0.000000000000000000e+00
0.000000000000000000e+00
0.000000000000000000e+00
0.000000000000000000e+00
0.000000000000000000e+00
0.000000000000000000e+00
0.000000000000000000e+00
0.000000000000000000e+00
0.000000000000000000e+00
0.000000000000000000e+00
0.000000000000000000e+00
0.000000000000000000e+00
0.000000000000000000e+00
0.000000000000000000e+00
0.000000000000000000e+00
0.000000000000000000e+00
0.000000000000000000e+00
0.000000000000000000e+00
0.000000000000000000e+00
0.000000000000000000e+00
0.000000000000000000e+00
0.000000000000000000e+00
0.000000000000000000e+00
0.000000000000000000e+00
0.000000000000000000e+00
0.000000000000000000e+00
0.000000000000000000e+00
0.000000000000000000e+00
0.000000000000000000e+00
0.000000000000000000e+00
0.000000000000000000e+00
0.000000000000000000e+00
0.000000000000000000e+00
0.000000000000000000e+00
0.000000000000000000e+00
0.000000000000000000e+00
0.000000000000000000e+00
0.000000000000000000e+00
0.000000000000000000e+00
0.000000000000000000e+00
0.000000000000000000e+00
0.000000000000000000e+00
0.000000000000000000e+00
0.000000000000000000e+00
0.000000000000000000e+00
0.000000000000000000e+00
0.000000000000000000e+00
0.000000000000000000e+00
0.000000000000000000e+00
0.000000000000000000e+00
0.000000000000000000e+00
0.000000000000000000e+00
0.000000000000000000e+00
0.000000000000000000e+00
0.000000000000000000e+00
0.000000000000000000e+00
0.000000000000000000e+00
0.000000000000000000e+00
0.000000000000000000e+00
0.000000000000000000e+00
0.000000000000000000e+00
0.000000000000000000e+00
0.000000000000000000e+00
0.000000000000000000e+00
0.000000000000000000e+00
0.000000000000000000e+00
0.000000000000000000e+00
0.000000000000000000e+00
0.000000000000000000e+00
0.000000000000000000e+00
0.000000000000000000e+00
0.000000000000000000e+00
0.000000000000000000e+00
0.000000000000000000e+00
0.000000000000000000e+00
0.000000000000000000e+00
0.000000000000000000e+00
0.000000000000000000e+00
0.000000000000000000e+00
0.000000000000000000e+00
0.000000000000000000e+00
0.000000000000000000e+00
0.000000000000000000e+00
0.000000000000000000e+00
0.000000000000000000e+00
0.000000000000000000e+00
0.000000000000000000e+00
0.000000000000000000e+00
0.000000000000000000e+00
0.000000000000000000e+00
0.000000000000000000e+00
0.000000000000000000e+00
0.000000000000000000e+00
0.000000000000000000e+00
0.000000000000000000e+00
0.000000000000000000e+00
0.000000000000000000e+00
0.000000000000000000e+00
0.000000000000000000e+00
0.000000000000000000e+00
0.000000000000000000e+00
0.000000000000000000e+00
0.000000000000000000e+00
0.000000000000000000e+00
0.000000000000000000e+00
0.000000000000000000e+00
0.000000000000000000e+00
0.000000000000000000e+00
0.000000000000000000e+00
0.000000000000000000e+00
0.000000000000000000e+00
0.000000000000000000e+00
0.000000000000000000e+00
0.000000000000000000e+00
0.000000000000000000e+00
0.000000000000000000e+00
0.000000000000000000e+00
0.000000000000000000e+00
0.000000000000000000e+00
0.000000000000000000e+00
0.000000000000000000e+00
0.000000000000000000e+00
0.000000000000000000e+00
0.000000000000000000e+00
0.000000000000000000e+00
0.000000000000000000e+00
0.000000000000000000e+00
0.000000000000000000e+00
0.000000000000000000e+00
0.000000000000000000e+00
0.000000000000000000e+00
0.000000000000000000e+00
0.000000000000000000e+00
0.000000000000000000e+00
0.000000000000000000e+00
0.000000000000000000e+00
0.000000000000000000e+00
0.000000000000000000e+00
0.000000000000000000e+00
0.000000000000000000e+00
0.000000000000000000e+00
0.000000000000000000e+00
0.000000000000000000e+00
0.000000000000000000e+00
0.000000000000000000e+00
0.000000000000000000e+00
0.000000000000000000e+00
0.000000000000000000e+00
0.000000000000000000e+00
0.000000000000000000e+00
0.000000000000000000e+00
0.000000000000000000e+00
0.000000000000000000e+00
0.000000000000000000e+00
0.000000000000000000e+00
0.000000000000000000e+00
0.000000000000000000e+00
0.000000000000000000e+00
0.000000000000000000e+00
0.000000000000000000e+00
0.000000000000000000e+00
0.000000000000000000e+00
0.000000000000000000e+00
0.000000000000000000e+00
0.000000000000000000e+00
0.000000000000000000e+00
0.000000000000000000e+00
0.000000000000000000e+00
0.000000000000000000e+00
0.000000000000000000e+00
0.000000000000000000e+00
0.000000000000000000e+00
0.000000000000000000e+00
0.000000000000000000e+00
0.000000000000000000e+00
0.000000000000000000e+00
0.000000000000000000e+00
0.000000000000000000e+00
0.000000000000000000e+00
0.000000000000000000e+00
0.000000000000000000e+00
0.000000000000000000e+00
0.000000000000000000e+00
0.000000000000000000e+00
0.000000000000000000e+00
0.000000000000000000e+00
0.000000000000000000e+00
0.000000000000000000e+00
0.000000000000000000e+00
0.000000000000000000e+00
0.000000000000000000e+00
0.000000000000000000e+00
0.000000000000000000e+00
0.000000000000000000e+00
0.000000000000000000e+00
0.000000000000000000e+00
0.000000000000000000e+00
0.000000000000000000e+00
0.000000000000000000e+00
0.000000000000000000e+00
0.000000000000000000e+00
0.000000000000000000e+00
0.000000000000000000e+00
0.000000000000000000e+00
0.000000000000000000e+00
0.000000000000000000e+00
0.000000000000000000e+00
0.000000000000000000e+00
0.000000000000000000e+00
0.000000000000000000e+00
0.000000000000000000e+00
0.000000000000000000e+00
0.000000000000000000e+00
0.000000000000000000e+00
0.000000000000000000e+00
0.000000000000000000e+00
0.000000000000000000e+00
0.000000000000000000e+00
0.000000000000000000e+00
0.000000000000000000e+00
0.000000000000000000e+00
0.000000000000000000e+00
0.000000000000000000e+00
0.000000000000000000e+00
0.000000000000000000e+00
0.000000000000000000e+00
0.000000000000000000e+00
0.000000000000000000e+00
0.000000000000000000e+00
0.000000000000000000e+00
0.000000000000000000e+00
0.000000000000000000e+00
0.000000000000000000e+00
0.000000000000000000e+00
0.000000000000000000e+00
0.000000000000000000e+00
0.000000000000000000e+00
0.000000000000000000e+00
0.000000000000000000e+00
0.000000000000000000e+00
0.000000000000000000e+00
0.000000000000000000e+00
0.000000000000000000e+00
0.000000000000000000e+00
0.000000000000000000e+00
0.000000000000000000e+00
0.000000000000000000e+00
0.000000000000000000e+00
0.000000000000000000e+00
0.000000000000000000e+00
0.000000000000000000e+00
0.000000000000000000e+00
0.000000000000000000e+00
0.000000000000000000e+00
0.000000000000000000e+00
0.000000000000000000e+00
0.000000000000000000e+00
0.000000000000000000e+00
0.000000000000000000e+00
0.000000000000000000e+00
0.000000000000000000e+00
0.000000000000000000e+00
0.000000000000000000e+00
0.000000000000000000e+00
0.000000000000000000e+00
0.000000000000000000e+00
0.000000000000000000e+00
0.000000000000000000e+00
0.000000000000000000e+00
0.000000000000000000e+00
0.000000000000000000e+00
0.000000000000000000e+00
0.000000000000000000e+00
0.000000000000000000e+00
0.000000000000000000e+00
0.000000000000000000e+00
0.000000000000000000e+00
0.000000000000000000e+00
0.000000000000000000e+00
0.000000000000000000e+00
0.000000000000000000e+00
0.000000000000000000e+00
0.000000000000000000e+00
0.000000000000000000e+00
0.000000000000000000e+00
0.000000000000000000e+00
0.000000000000000000e+00
0.000000000000000000e+00
0.000000000000000000e+00
0.000000000000000000e+00
0.000000000000000000e+00
0.000000000000000000e+00
0.000000000000000000e+00
0.000000000000000000e+00
0.000000000000000000e+00
0.000000000000000000e+00
0.000000000000000000e+00
0.000000000000000000e+00
0.000000000000000000e+00
0.000000000000000000e+00
0.000000000000000000e+00
0.000000000000000000e+00
0.000000000000000000e+00
0.000000000000000000e+00
0.000000000000000000e+00
0.000000000000000000e+00
0.000000000000000000e+00
0.000000000000000000e+00
0.000000000000000000e+00
