0.000000000000000000e+00
0.000000000000000000e+00
0.000000000000000000e+00
0.000000000000000000e+00
0.000000000000000000e+00
0.000000000000000000e+00
0.000000000000000000e+00
0.000000000000000000e+00
0.000000000000000000e+00
0.000000000000000000e+00
0.000000000000000000e+00
0.000000000000000000e+00
0.000000000000000000e+00
0.000000000000000000e+00
0.000000000000000000e+00
0.000000000000000000e+00
0.000000000000000000e+00
0.000000000000000000e+00
0.000000000000000000e+00
0.000000000000000000e+00
0.000000000000000000e+00
0.000000000000000000e+00
0.000000000000000000e+00
0.000000000000000000e+00
0.000000000000000000e+00
0.000000000000000000e+00
0.000000000000000000e+00
0.000000000000000000e+00
0.000000000000000000e+00
0.000000000000000000e+00
0.000000000000000000e+00
0.000000000000000000e+00
0.000000000000000000e+00
0.000000000000000000e+00
0.000000000000000000e+00
0.000000000000000000e+00
0.000000000000000000e+00
0.000000000000000000e+00
0.000000000000000000e+00
0.000000000000000000e+00
0.000000000000000000e+00
0.000000000000000000e+00
0.000000000000000000e+00
0.000000000000000000e+00
0.000000000000000000e+00
0.000000000000000000e+00
0.000000000000000000e+00
0.000000000000000000e+00
0.000000000000000000e+00
0.000000000000000000e+00
0.000000000000000000e+00
0.000000000000000000e+00
0.000000000000000000e+00
0.000000000000000000e+00
0.000000000000000000e+00
0.000000000000000000e+00
0.000000000000000000e+00
0.000000000000000000e+00
0.000000000000000000e+00
0.000000000000000000e+00
0.000000000000000000e+00
0.000000000000000000e+00
0.000000000000000000e+00
0.000000000000000000e+00
0.000000000000000000e+00
0.000000000000000000e+00
0.000000000000000000e+00
0.000000000000000000e+00
0.000000000000000000e+00
0.000000000000000000e+00
0.000000000000000000e+00
0.000000000000000000e+00
0.000000000000000000e+00
0.000000000000000000e+00
0.000000000000000000e+00
0.000000000000000000e+00
0.000000000000000000e+00
0.000000000000000000e+00
0.000000000000000000e+00
0.000000000000000000e+00
0.000000000000000000e+00
0.000000000000000000e+00
0.000000000000000000e+00
0.000000000000000000e+00
0.000000000000000000e+00
0.000000000000000000e+00
0.000000000000000000e+00
0.000000000000000000e+00
0.000000000000000000e+00
0.000000000000000000e+00
0.000000000000000000e+00
0.000000000000000000e+00
0.000000000000000000e+00
0.000000000000000000e+00
0.000000000000000000e+00
0.000000000000000000e+00
0.000000000000000000e+00
0.000000000000000000e+00
0.000000000000000000e+00
0.000000000000000000e+00
8.167572418607378648e-02
2.890311896808422376e-01
4.853680581770566382e-01
3.792348236098588843e-01
2.487994216483064291e-01
1.366440644164172991e-01
9.185029807905020771e-02
2.332295101817005167e-01
1.673387274838180616e-01
2.399725069267283351e-02
8.815518629054136523e-03
1.467901480779818524e-01
-2.155506805603624176e-02
-8.637390579704573579e-02
-7.204688067578424171e-02
5.091695809799623440e-02
1.500522795746449256e-01
-5.109231547232834236e-02
9.716016495844395640e-02
6.852392111055330415e-02
-1.568373706365389086e-01
-6.384525530808216054e-02
5.781308983686284098e-03
-6.390223577090597962e-02
-1.127721707419160335e-02
-1.034146254602912041e-01
1.613450950505386505e-01
1.923602732213233191e-01
1.472068177123809218e-01
3.290044800889299625e-02
7.395843275237407033e-02
1.682839621365234128e-02
1.991409482973566236e-01
3.190527710311367171e-01
2.900461541748913796e-01
1.313626877684354877e-01
6.899757120777620656e-02
2.008005042771000559e-01
1.347102899593342618e-01
9.771928574990258742e-02
1.466939935469666612e-01
5.803595467204589881e-02
8.760169231974992976e-02
7.970277566079937703e-02
1.202764264702780722e-01
1.523457432033032410e-01
5.573180720660810689e-02
9.029401918817492323e-02
-6.987806180955297153e-02
1.255008226554361062e-01
6.300393877449676772e-02
1.229972435701149752e-01
7.283662989053035774e-02
1.622532211767930832e-01
2.246646343634967069e-01
9.486314005085913492e-02
5.318905405309562462e-02
-2.582504148889541717e-02
-5.248833681151167385e-02
-6.173341690467473719e-02
-1.040520943881325933e-01
2.276703537774526220e-01
8.582817541435888709e-02
5.474533294397090910e-02
-6.701479355265656246e-02
8.965092343966637317e-03
6.719556407097324047e-02
3.125869842378202479e-02
2.681066104459840782e-02
-8.541948304474694664e-02
3.770461328072544083e-02
4.551805924544029963e-02
4.324240201141441725e-02
1.234708936673378915e-01
1.525344909864071175e-01
1.441619242302336346e-01
6.839927634812621726e-02
1.190905205877575423e-01
1.842512411057099508e-01
-1.458686315429556235e-01
-1.475744841487434122e-01
7.067493358215209964e-02
3.551442674093528012e-02
-9.348934109216894273e-02
-3.631300792740281558e-02
-6.204680945020567967e-02
-1.312851943389869436e-01
-1.559862249731082673e-01
-6.687234239559702864e-02
8.358100841174490037e-02
-6.771636550117471343e-02
-7.294076168633273349e-02
-1.493480010541344827e-01
-2.297189438671174699e-01
-9.093946538080349695e-02
-2.151924871259726091e-01
-8.435822192465351754e-02
-5.839649855055539796e-02
-1.898468650061569396e-01
-9.998717939582395242e-03
1.081004138206153320e-01
5.726671842392447309e-02
5.946758880049410334e-02
1.152122878368120329e-01
7.255172757641131787e-02
6.148683395181284844e-02
-1.705361149295527706e-02
1.064978383036957049e-01
-1.227437517360827068e-02
-3.320045014565223274e-02
-7.830760902855025962e-02
1.374432866331364370e-02
1.692098946574100912e-02
6.980242024516251920e-02
3.054644263848440428e-02
5.685004878952536894e-02
3.683715695984815519e-03
1.281361690610372805e-01
5.209930270159027210e-02
-6.400907413870061957e-02
2.272251939116416153e-01
3.282195029879171333e-01
9.726344204731210419e-02
1.959550993953355913e-02
7.787227829258450140e-02
2.040590744948366508e-01
1.899599712248703498e-01
7.379461392175565293e-02
2.803630367737702800e-01
1.700951573729198307e-01
2.577789015591686050e-02
2.379588885960766953e-01
2.262672098804163201e-01
2.329802206568463707e-01
1.957541720382664496e-01
3.024287210022904016e-01
1.498136738865702144e-01
1.858929906908209639e-01
5.025099893874294954e-02
4.561421377645547004e-02
-2.378350985405838225e-01
-1.223713131859872766e-01
1.415728744506767889e-01
1.899599712248703498e-01
1.346319418229515175e-01
1.686813296391040662e-01
5.250193377445748766e-01
5.825375536862839043e-01
3.270229132686170992e-01
2.440059402132534749e-01
5.959244011709525779e-01
9.989044793766378438e-01
2.133531506634666730e+00
3.531475936438297492e+00
5.164945548045218437e+00
6.649072927869860372e+00
7.876692070456346784e+00
8.898469291091821276e+00
9.891339610680994099e+00
1.081918097707248450e+01
1.121050498935177764e+01
1.121635260934907130e+01
1.109128405472973711e+01
1.086488643081503724e+01
1.041937755966923085e+01
9.871624370543951699e+00
9.260793809072715987e+00
8.616341213256502485e+00
7.975777534028022586e+00
7.176473407930260784e+00
6.530069231262334739e+00
5.926966645061577665e+00
5.531953147814448357e+00
5.049709684541917376e+00
4.644710361184912983e+00
4.403683003440199251e+00
4.257830825005880726e+00
3.991105278527629086e+00
3.629015804955880053e+00
3.250658409247932923e+00
3.144874180015531540e+00
3.041094950818742149e+00
2.845288712882574345e+00
2.604888140228923454e+00
2.562740404133936778e+00
2.326976616642572715e+00
1.985877321063544532e+00
1.782132992400234706e+00
1.655027386234948494e+00
1.806331882705721092e+00
1.842233135563647650e+00
1.686384447182676105e+00
1.594485644484651132e+00
1.661028141226081445e+00
1.677776836017354167e+00
1.603947962592329635e+00
1.356093633145539101e+00
1.379127985242063925e+00
1.547188299061962979e+00
1.375580951431282450e+00
1.293105292772744441e+00
1.204276312509351854e+00
1.292574662212697678e+00
1.133168256184164946e+00
1.188756258947717637e+00
1.335680382338909400e+00
1.354551599370369619e+00
1.374444903453731825e+00
1.329672504789924048e+00
1.214376099544872911e+00
1.520094088989242476e+00
1.396777683601739373e+00
1.088702127508034412e+00
1.085375892990695146e+00
1.044517339867097050e+00
1.025913218755122980e+00
9.184160143590807124e-01
8.238035171190722927e-01
6.205933802947352085e-01
6.229331405494380469e-01
6.710673865198510946e-01
6.571178569647968537e-01
5.577083170108090293e-01
4.102784920120554624e-01
4.751293812634034275e-01
5.108561314539317166e-01
7.047784528379872349e-01
6.767476264075993342e-01
5.736842142750342433e-01
4.978681472090298321e-01
4.942926231668356429e-01
5.159202700873977143e-01
4.994885291205815037e-01
8.535045833659826719e-01
7.822754435572942810e-01
6.502339047998959565e-01
5.815190279133082285e-01
5.561912121881249504e-01
5.509205193769228792e-01
5.311020021510164391e-01
5.564689919443908117e-01
8.013888275557561336e-01
7.385251319453884911e-01
6.020106268563205631e-01
4.805995056944891708e-01
4.444275956381495973e-01
5.281924372680757429e-01
7.189630268021889314e-01
5.743786636656995626e-01
5.709277843859328350e-01
3.684192195101143597e-01
2.373641550153533508e-01
2.862747597917407738e-01
3.123967407175305411e-01
5.054358649278172244e-01
5.050085114566384981e-01
2.763103013554268905e-01
2.870226283663028788e-01
2.970868026125583761e-01
2.514953097956582617e-01
1.237130606343388450e-01
-1.803296319773917133e-02
1.471640823652631269e-01
2.934151240393494398e-01
3.033332858496184947e-01
1.454561642177321090e-02
6.795055520338877386e-02
1.285670838111423464e-01
9.096353962635461698e-02
2.194951530994204703e-02
1.777803972962814782e-01
3.511200222224220013e-02
3.296098975064332137e-02
4.170036823624512223e-02
1.214887570424671992e-02
-4.844272395102100504e-02
-2.164766130812489919e-02
9.125912577725303620e-02
-1.513031431847764452e-01
-2.222580645161249535e-01
-5.629178270500068137e-02
-4.778744862854722442e-02
-4.349966880105604616e-02
7.491997806252559400e-02
-1.536556528180010872e-02
-9.108191653786290587e-02
-1.623807861878967529e-02
1.808288520573548830e-01
1.184972827442187793e-02
-2.934358506826573176e-02
-1.762570246226782267e-01
-1.460003988632356808e-01
-6.227473130150062985e-02
5.925035078597851168e-02
1.871536834307980790e-01
7.539718943867557144e-02
6.719556407097293516e-02
1.843082215685338809e-01
-6.462367965579751683e-03
-6.265578814663497198e-02
2.647076546129287777e-01
3.283299026346382377e-01
1.577197131033734046e-01
-6.503472246952934910e-02
9.914023604157140568e-02
2.278092436555856359e-01
2.004657440580102090e-01
9.938596428749901790e-02
1.711457346562337278e-01
3.571869457759708766e-01
2.849321576364540753e-01
2.788245642775275535e-01
2.979415095549153847e-01
4.575366633665525207e-01
3.765887933674783028e-01
1.519646863581689544e-01
1.671108056325225633e-01
1.892690831131318419e-01
2.160570231981746581e-01
1.998603266405072354e-01
1.366155741850056948e-01
3.010148932684746370e-01
3.111645382089656131e-01
3.744947613587030766e-01
2.329446078675818654e-01
3.104914564918597186e-01
5.536591428713921736e-01
5.584846758167834047e-01
5.246917000833377642e-01
4.094273463486248765e-01
4.237650553066658610e-01
3.642240329347119498e-01
1.789449355052430413e-01
4.325614142550913144e-01
4.819171788972895776e-01
2.662924237352157775e-01
2.656300258548891513e-01
5.135092842541655322e-01
5.826942499590495039e-01
5.344567268997679754e-01
3.178170072436454774e-01
2.444190485687260939e-01
2.888709321291504928e-01
3.026851330849975596e-01
3.945198327623455903e-01
3.434867057457715589e-01
2.791806921701760480e-01
2.683116688865343491e-01
6.654385002742602140e-02
7.280101710126540837e-02
2.416982314688893574e-01
3.937434739563712149e-01
2.293334710361225603e-01
1.020426783666592563e-01
2.409218726629149820e-01
2.646542354290311039e-01
2.303840483194363742e-01
-1.872741258840449063e-02
-1.225102030641203044e-01
1.145997478614559917e-01
2.836750261754041880e-01
3.597973632290867307e-01
2.776172907214480290e-01
1.482965690638864409e-01
2.956979038312277375e-01
2.898304118975625343e-02
1.168947072273018861e-02
5.731657632889541887e-02
3.071153640695487574e-01
3.883837491720063539e-01
2.553913489412358295e-01
1.031644812285028578e-01
1.284139488173035026e-01
1.627411163897218849e-01
6.607019993020291082e-02
1.726877684314032102e-01
2.768765447047383255e-01
2.733686849621475012e-01
-1.146575830312142052e-01
-2.726501613259308954e-01
-1.528985961438431573e-01
-1.470509761465499388e-01
-4.487076118775368272e-02
8.540438322210697208e-02
1.991246376399091744e-02
1.248384247751093135e-01
7.470986260586309768e-02
1.377551834414814103e-01
2.597788445786690659e-01
1.639733188982868128e-01
1.153013198099741565e-01
1.298455829457516586e-01
1.292294816914689726e-01
4.906865433514884245e-02
5.351669171433259820e-02
2.662069530409798546e-01
1.026053604370442685e-01
5.861644313706326770e-02
1.984500601856180602e-01
2.833901238612850371e-01
2.438991018454585991e-01
2.909649641379252749e-01
1.233711778573960416e-01
1.416512225870598662e-01
3.459333043682688569e-01
4.916287865298230031e-01
2.129765169267625602e-01
8.250194089701912148e-02
1.676806102607608651e-01
2.441555139281663678e-01
4.080740603565593538e-01
2.907477261234094890e-01
3.002705859728389548e-01
2.195862506143249071e-01
1.680616671058952072e-01
2.968838097137487253e-01
2.503841907705934844e-01
3.701037044423434175e-01
2.429802918824250924e-01
1.763950597938772624e-01
2.730624149744693696e-01
1.428193220749478520e-01
1.481006987229296357e-01
1.829086389504239740e-01
3.797868218434641285e-01
2.509433115620520738e-01
2.316589861751192636e-01
1.428086382381681396e-01
2.757974771900126854e-01
2.649106475117384285e-01
5.257743288769902712e-01
4.558521784343234629e-01
4.330386256312408477e-01
3.126317851266788850e-01
4.855995413072782263e-01
3.752639976068246064e-01
2.930233833574353852e-01
2.801386762014015375e-01
2.687603900312720562e-01
6.502674520474194253e-02
-3.723894044828934824e-02
4.523671821024777273e-02
2.159074494832626812e-01
2.244865704171723486e-01
2.875817491577614682e-01
4.228141938332936611e-01
1.787455038853593692e-01
9.154758937029860988e-02
1.816194559790353935e-01
4.260941317245889870e-01
3.377993433001700296e-01
7.398692298378595211e-02
-4.832520174644727717e-02
-1.046183377374441115e-01
-1.017265792491359733e-01
-1.680625218128293241e-01
-4.410238676913609268e-01
-4.476051111475110034e-01
-1.221790041239567692e-01
-7.324347039508438684e-02
-2.019979487033345400e-01
-2.753068754050915778e-01
1.458143576521244711e-01
9.458179901566676762e-02
-1.055371477004780623e-01
-2.594449390665132249e-01
-1.245579384468511464e-01
-4.589655909230083708e-01
-5.047458315230124448e-01
-3.963155720482296474e-01
-1.424426812156740496e-01
-6.686165855881753828e-02
-2.447083668687057845e-01
-2.074716344133462620e-01
-2.378137308670247307e-01
-3.005314140414063750e-01
-4.808211596948654964e-01
-3.321342032350620421e-01
-1.859187743502404011e-01
-1.395900967955570060e-01
-2.263784642340715969e-01
-3.322018675346649630e-01
-3.920028632682530656e-01
-2.373222743751695063e-01
2.442104288492474851e-02
-7.457894999251735157e-02
-1.976374475601261338e-02
6.283449312320943392e-03
-4.216062792469665865e-02
-6.654826601328656110e-02
-1.265023967407130634e-01
-7.299774214915633053e-02
5.367694926602428751e-02
1.927499483614969478e-02
-1.008062735489190231e-02
-2.318613380436795879e-02
-1.028626272266857100e-01
-5.598551271732299384e-02
-1.814600531342773770e-01
-1.663174951388501910e-01
-1.190700076211328451e-01
-9.255628601342902328e-02
-2.764820974508324092e-01
-2.141561549583643753e-01
-3.021019380479876837e-01
-2.197687305465096941e-01
-1.637284453592933176e-01
-1.398643152728968886e-01
-8.060819521506124019e-02
1.306412438835469203e-02
-3.759201276362325039e-01
-2.535545837221020449e-01
-2.870911473728403607e-01
-4.221760838752031120e-02
1.116794991417360272e-01
7.337082172950371017e-02
1.580829635538756328e-01
2.705054167052511893e-01
3.172522596315197063e-02
-1.255266063148559041e-01
2.031844956161066307e-02
3.051709057756863963e-01
2.356013219467416597e-01
5.205300607554574910e-02
7.565716280030887475e-02
-9.568665018981192816e-02
-5.331099224353019750e-02
-4.564206297761774778e-03
-7.027336377039272719e-02
-8.698851131414109261e-03
-6.088433678298699192e-03
2.093455081589290501e-02
1.502588337523813600e-01
-2.596393136702834781e-02
2.102507852623780593e-03
1.771607347630723694e-01
1.973104509291414566e-01
4.723815696693423050e-02
3.805453742548068341e-01
3.357480466385127649e-01
2.494155229025887266e-01
2.183611706636128247e-01
3.138853553088027937e-01
4.749085819699612188e-01
3.053418471641577980e-01
2.861572375871666019e-01
3.051815896124656646e-01
2.465237644142805884e-01
7.678252694107889909e-02
1.211418172494145296e-01
6.348115015064603739e-02
2.105014280728534359e-01
8.606678110243359825e-02
9.004829094224753305e-02
2.180691457916408282e-01
3.308370429988856110e-01
3.140741030919067533e-01
2.542303720112006893e-01
1.752554505374011029e-01
3.642240329347119498e-01
3.705310579135216997e-01
1.873709214453134209e-01
1.117649698359715060e-01
1.552873595965826858e-01
2.979857406392216745e-02
1.896786301896775662e-01
1.096958667796816833e-01
1.673280436470387933e-01
2.391177999843741020e-02
-4.344981089608479508e-02
-1.326277964942730314e-01
-1.672447809453636580e-03
1.776272623024421904e-01
9.591727861309973235e-02
1.913254367909011933e-02
1.247636379176526589e-01
1.481576791857532882e-01
2.527132671885166104e-01
2.499568372994147580e-01
1.952164189203666744e-01
7.865219837748549381e-02
9.339026631247637766e-03
-9.664463422103697354e-02
-1.733545822975903761e-01
-2.396798410245049027e-01
-1.221683202871775009e-01
-8.785183655153838700e-02
-6.583451449080346407e-03
-2.066118704548758345e-02
5.133362773239547039e-02
-1.686038362096557996e-01
-2.756772484134462076e-01
-1.830911188826092051e-01
-9.246369276134069892e-02
-6.526620559975082614e-02
-3.253449098639871195e-02
4.577596706533348936e-03
4.086140214678124494e-03
6.047543073669015001e-02
1.904941630638434802e-01
1.902484348179158680e-01
9.046852185557296977e-02
9.539020933197939200e-02
-1.038597853261022941e-01
-1.495794841843562928e-01
-1.291377431463147651e-01
1.153989700781776762e-02
9.333179011246928169e-02
5.498749991097229284e-02
1.683908005043210920e-02
-1.827955327317107859e-01
-2.063035349254582762e-01
-2.729172572454179324e-01
-1.219119082044701763e-01
-9.586471413613661952e-02
-3.097729328556431128e-01
-3.613366904322639073e-01
-3.485445765283188280e-01
-5.044978952837730901e-03
-1.724235927605910490e-02
-8.743516691713937306e-02
-1.422610559904229355e-01
-7.447211162472244794e-02
-2.455025320693127178e-01
-3.377254111496479361e-01
-4.017037870640067787e-01
-3.309625424682471895e-01
-3.912229431833518234e-01
-5.411563472674267850e-01
-4.612483707148871126e-01
-3.263364411427391865e-01
-2.414426740931165938e-01
-2.676892997813333785e-01
-2.469519725923934317e-01
-2.590496371056731917e-01
-7.482467823844496380e-02
-1.633758787455712458e-01
-3.426186083946425320e-01
-2.461649299496397880e-01
-1.998647426263677751e-01
-2.916887584669365374e-01
-4.369675709940912256e-01
-5.036418350558009571e-01
-2.615639000277738546e-01
-5.227231675439245606e-01
-5.097031317886839830e-01
-3.824728808609707542e-01
-2.754101524939596146e-01
-2.912364760432724076e-01
-1.809970868738339789e-01
-9.635467489080618009e-03
-1.427667575979842951e-01
-3.499014237993107734e-01
-2.490994237850654436e-01
-1.957799556976858035e-01
-2.112750803068359495e-01
-9.253847961879646533e-02
-6.014152522453430905e-02
-4.552603651022746334e-02
-1.726921844172637499e-01
-2.261989045505607976e-02
5.279375209225545262e-02
-1.036995277744101607e-01
-1.512141112116145436e-01
1.437274482012020904e-01
9.767298912385813381e-02
1.980796871772634304e-01
2.811215891851124304e-01
2.356476185727860440e-01
4.550152778865990122e-01
6.383427944643522700e-01
5.284167978404443744e-01
5.568927841366431153e-01
4.862476940718991614e-01
5.750802356142177274e-01
5.346098618936072633e-01
4.693138127764484580e-01
3.351533130577895037e-01
2.672041111403968827e-01
3.309901779927248988e-01
2.209217302117578718e-01
2.361034622753765966e-01
2.352986132379899509e-01
-8.629911893958963631e-02
5.683580367381946274e-02
2.337708245785266037e-01
1.490871729855669514e-01
6.103455152814873941e-02
-1.410181696450787392e-01
-4.545124965277125284e-02
5.958511100506802549e-02
-3.518052122877968202e-02
1.429632689691917591e-02
1.090441527361347696e-01
-6.280180058262141429e-02
-1.420260115812750357e-01
-2.057550979707793992e-01
-5.491356776044975518e-02
-6.030890533407973209e-02
-8.691878147279830102e-02
-1.794621756565177861e-01
-3.203962278933567553e-01
-3.144310856914893648e-01
-3.843532361341561732e-01
-3.122871957777437757e-01
-2.399789884543297447e-01
-2.026354176311753186e-01
-3.183093184424352629e-01
-3.324297893859604613e-01
-2.327602760703380014e-01
-2.035364211995771555e-01
-1.493942976801787559e-01
-2.504455872192781207e-01
-2.920520089174383216e-01
-1.915491563330182778e-01
-2.176568921431023540e-01
-2.640603565552419596e-01
-2.470125143341435070e-01
2.619812106924257478e-02
-2.463394326170376125e-01
-1.553950526713112623e-01
-6.973561065249356261e-02
-2.246319418229036913e-02
-1.479128056467597929e-01
-1.998291298371031033e-01
-1.417019351989643461e-01
-7.373492688693961128e-02
-1.418835604242154602e-01
-1.142337908389619017e-01
-1.048177693573277836e-01
-2.001496449404869260e-01
-9.785903033496978765e-02
-1.150101496449362770e-01
4.812847669855635502e-02
1.532197522774758625e-02
-1.337852121453817489e-01
2.578145143484311674e-02
-2.744392766326431143e-03
1.181411548515720611e-02
1.221852719748754978e-01
5.230941815825307373e-02
7.252117180325701185e-03
6.355593700810224789e-02
4.506577682177637101e-02
4.894400957272182495e-02
3.436057236875278420e-02
5.188562596600121424e-02
2.979857406392216745e-02
-1.542966830247660681e-02
-5.455387858887483787e-02
-3.624028661168399168e-03
1.393663772534425860e-02
-6.676044701169114859e-03
-2.342473949244228137e-02
4.202444461855536773e-02
1.222992329005232470e-01
1.188839664100211913e-01
7.863439198285293585e-02
-6.847135663358994151e-02
8.524989494267387613e-04
8.073910782840743039e-02
-1.649092942257013306e-02
-1.321719527916824788e-01
-3.094809079836711163e-01
-1.204517838446101941e-01
-4.214994408791694624e-02
-2.192559063810954889e-01
-3.819422503009239911e-01
-8.937962521100173419e-02
-1.814336284446049774e-02
-1.457795995697934721e-01
-2.867136518066328854e-01
2.089537674770181042e-02
8.205678103120828126e-02
4.285778388735339561e-02
-2.739556549547650377e-02
9.025634085717104682e-03
2.158682754150711425e-01
2.731514469476317153e-01
2.773110207337698974e-01
1.324453165620878003e-01
3.149644228235288779e-01
1.502517111945285144e-01
5.296469348072685435e-02
1.685353172031178737e-01
4.009764314560686493e-01
2.198248563023992297e-01
3.085469981979969134e-01
2.805909586250652232e-01
4.185014850533166353e-01
3.119978774777636410e-01
1.292116752968364146e-01
1.681257701265721494e-01
1.993118896858283584e-01
1.770503351163510430e-01
1.154615773616662899e-01
6.150107906751856035e-02
1.947320849863642955e-01
1.947712590545558342e-01
1.516085584655204599e-01
1.330151211903261022e-01
8.959244723965698043e-02
2.192443678373816596e-01
3.406056310942426890e-01
4.098903126090682747e-01
3.242878510530742275e-01
3.465600894593303671e-01
2.632688979266277762e-01
3.861864400743635350e-01
2.317124053590164934e-01
2.912890405202359645e-01
3.098433037272387836e-01
3.073326020840645434e-01
2.652204787783425388e-01
4.003710140385652316e-01
3.911722305714468995e-01
2.359040306554929245e-01
2.368014729449683387e-01
3.789321149011071199e-01
1.999564811715224266e-01
1.009401776366347647e-02
7.682170100927043777e-02
1.157927763018293810e-01
1.534924750176323016e-01
5.545758872926853655e-02
2.949586535517045860e-02
1.528122707426731175e-01
-1.766971274723783125e-02
1.538607824842452843e-02
2.634576457097312918e-01
2.145399183754910233e-01
2.962178505544952323e-01
3.384902314119089262e-01
3.118803552731894690e-01
3.150605773545436250e-01
6.164872256924947003e-01
6.679726351327328615e-01
6.013446676970675142e-01
3.781735624897653025e-01
4.808167437090049567e-01
4.714007222273703945e-01
3.584974964209188819e-01
3.064707725838542451e-01
4.340215386149512966e-01
3.241916965220590363e-01
2.308292081852476585e-01
3.174786857456290967e-01
6.331753787420177915e-01
7.184680090314072842e-01
6.449026702469433658e-01
6.165833802235098915e-01
5.940333620609874465e-01
5.790403777804726815e-01
5.082101012115511907e-01
4.966893638843621339e-01
3.860796017065686314e-01
2.899499996438761329e-01
2.639312958069544024e-01
2.335891993532759336e-01
1.347352189118193877e-01
2.716022906146093874e-01
3.477994145257485847e-01
1.164088775561120670e-01
2.454411356206280814e-01
2.194331156204856192e-01
1.117222344888535446e-01
-1.174389418728010170e-01
7.130171867321388746e-02
2.245877819643027351e-02
-8.023069964885376493e-02
-3.773395821907143954e-02
-1.155443414839099070e-01
2.614826316427132369e-02
-7.077906537795453090e-02
-5.141639185463908746e-02
-1.706373264766805065e-01
-3.390181553999629394e-01
-4.655966922841288103e-01
-2.651073725596297948e-01
-5.567568145071888353e-02
7.469561749015740659e-02
-1.045293057642822099e-01
2.884059003269623389e-02
2.211689541948702598e-02
-2.075891566179204339e-01
-1.949751066603000460e-01
4.338991018458582261e-03
-1.801174509789911227e-01
-4.880291882420775273e-01
-6.046112151795912659e-01
-3.985556164929908718e-01
-2.793311205920225859e-01
-3.102109701636011074e-01
-4.222808567012545922e-01
-4.174446399190836487e-01
-4.347702618964479626e-01
-2.535367773274694869e-01
-1.905021403286308868e-01
-5.237951125007973552e-01
-3.729179695012034834e-01
-4.168605901751396559e-01
-2.799650282409378299e-01
-3.960271084551840737e-01
-2.726750902784167430e-01
-2.618559248997458511e-01
-2.427781536905495585e-01
-5.259033896252782725e-01
-5.005613287843888592e-01
-3.075400109687347339e-01
-3.507133953945498206e-01
-3.705390351783091063e-01
-4.419889742804392618e-01
-2.525538643437594821e-01
-9.819735183298616832e-02
-2.656095128882642875e-01
-4.232886986374504446e-01
-2.844059430622687401e-01
-8.965028240941474991e-02
-1.641237473201333508e-01
-3.293884571827394581e-01
-2.567739798716472954e-01
2.377289012030425752e-02
-2.218541442602450786e-02
6.572119459540726183e-02
