6.349258865483431435e-03
-5.442377168335210680e-02
-2.217434721410915799e-02
4.770067785720044640e-02
4.311648884526741998e-02
5.387416599070549150e-02
3.130537298120827927e-02
3.168787684618323830e-02
1.832136359521985280e-02
-1.422323671042835525e-02
-4.119819025085208475e-02
-5.736088307803477448e-03
-1.111563686449484889e-02
-4.554453463212770892e-02
-1.123402669184447866e-02
-7.916626582151919944e-03
-3.280990711634385049e-02
-5.974155163446887018e-02
-9.946426739416058815e-02
-5.462185721157047924e-02
-6.678299517388092132e-02
-4.230612023933261190e-02
-4.802273368678400267e-02
-6.952903568201648787e-02
8.704900486901367973e-04
-1.058403636537608161e-02
-2.845060552757722183e-02
-7.340732312967737649e-02
-6.328392436537766397e-03
-1.142767482023795966e-02
-3.280138730867851460e-02
-7.723946161915098974e-02
-7.412715457945556752e-03
-6.287826082325893851e-02
-1.349975452304134349e-01
-6.801623733343922784e-02
2.422878523517629779e-02
1.592694264927269066e-02
-2.462627686179685860e-02
-2.983880168904889246e-02
1.591309796181648861e-02
1.712575058618349272e-02
-4.019977529006985018e-02
-6.870012939457594003e-02
-1.564710956649855919e-02
1.091250335023984802e-02
-3.293113687958196256e-02
3.028157609342266646e-02
3.624473147518992439e-02
3.514727375029806644e-02
-1.313145885731331966e-02
-7.356014717967443439e-02
-4.264851000988355290e-02
3.620834479661919764e-02
6.458959908980352327e-02
1.767048578878629636e-02
1.786901860693468347e-03
3.485351788183679161e-02
8.700370789132411131e-03
2.427475669737053782e-02
-1.030785260022457767e-02
-1.990594842321137536e-02
-4.032313500522428235e-02
-4.692154854603858977e-02
-5.154656163636808786e-02
4.070698073991277366e-02
-4.422795455389622044e-03
-2.330943408952245235e-02
-1.026560855388392035e-02
5.035655040087767820e-02
9.151565603409475558e-03
3.248891626271833977e-02
1.527340240294372542e-02
2.720912045410872615e-02
4.684443718683348884e-02
4.211594393256870572e-02
4.173427784897598691e-04
-1.358300866357643744e-02
-2.217523469407381431e-02
-2.027301013679318198e-02
-2.731658362812161567e-02
-4.804918058974519401e-02
-7.479392182721178450e-02
3.492638353692151254e-03
2.710546279418039883e-02
8.794824926827574108e-02
5.155855326566299857e-02
4.810891864116464273e-02
4.505013019331387258e-02
4.750596475284868392e-02
8.075664411876200266e-02
7.597135214672826042e-02
9.273922111208637853e-02
8.558258267319913959e-02
1.521584897220975008e-01
1.033731835503843288e-01
8.600023074479390406e-02
4.882103256519282342e-02
5.453995346055361126e-02
8.960623933914990680e-02
4.529081475985977101e-02
2.560863908497562624e-02
9.495188616117289371e-02
1.041275415207531391e-01
1.165133894102370476e-01
4.704270021104571542e-02
9.796008825101069906e-02
1.519300523790705071e-01
1.698697498903992131e-01
8.926083213671751060e-02
6.641674284203330503e-02
1.135126421521063800e-01
1.311745584343463056e-01
1.101799773870134613e-01
1.374795710986854158e-01
8.036775039803772946e-02
1.769515773181719320e-02
4.508030451212861889e-02
6.115398664875437706e-02
4.098209952910611409e-02
5.657334755668189108e-02
2.693240420097814392e-02
6.483800828199284827e-03
-2.161008745227277483e-02
-2.334866070398161630e-02
-5.296084970881484444e-02
1.287276909724059670e-02
9.240570614118683024e-02
8.209656137013005006e-02
3.773445534467356755e-02
-1.188809942615245974e-02
1.420949142073414662e-02
9.570624413154170396e-02
1.683186124073278722e-01
1.576716927615388897e-01
8.899742808306398967e-02
9.643761992075998435e-03
-3.028564430155020193e-03
-2.508350653983688894e-02
-1.002048658751231169e-02
5.163203660677657958e-02
3.317600325172956333e-02
-5.486662418595601720e-02
3.948421084394318492e-02
5.316471450657297981e-02
1.378616347736247305e-02
-5.413223096485626773e-03
6.786954754496715703e-02
4.319884698603226880e-02
8.188782608232916815e-02
3.871565319413211581e-02
1.822622574295682668e-02
-2.039068998017072587e-02
-5.761781207788936598e-02
3.496720761531783850e-03
-4.469308635357260168e-02
-7.351453070946625812e-02
-6.203710731229945124e-02
-1.059397614098564130e-02
-4.922065414372973208e-02
-5.405768264778447463e-03
-6.589666538274922131e-03
-2.614777251403252109e-02
1.624341800484151166e-02
-1.700974630497418399e-02
-4.113979406914591852e-02
-5.666004369951051223e-02
2.209368593504299275e-02
4.030530730769050357e-02
4.793976495980900587e-02
4.882964467080131571e-03
2.618443608635832170e-02
7.884430228987879263e-02
3.965584946920121256e-02
-4.679987149287127834e-03
2.926239410145613576e-02
-2.175847410244416413e-02
2.464323837889657171e-02
-8.874572456523815989e-03
-3.449913648199094685e-02
1.719808375328903127e-03
-2.631373126751366046e-02
-3.868999437337404534e-02
-1.664836446316926913e-02
-2.127213508154756141e-02
-1.024359905074845485e-02
-3.114446221376255403e-02
-4.406457304226059357e-02
5.455744036581349279e-03
-5.284006013561267506e-03
5.495831151612050325e-02
6.733705956588326158e-02
3.100753470490701103e-02
3.732781202464651588e-02
-2.657465037726475590e-02
3.569494118673244287e-03
1.966465327045539835e-02
2.561804637260611112e-02
6.591833409361080864e-02
5.799757540473821082e-02
1.001771906999229245e-01
8.605046211082081897e-02
9.775898529091003875e-02
7.603258826432290896e-02
1.249949502390280964e-02
4.909615135438614997e-02
3.307784796758510976e-02
2.803394433370964139e-02
-1.431277988896428183e-03
7.972255246338111334e-02
5.985737841968515049e-02
2.754902528075726248e-02
5.779496727864343736e-03
9.440706576052020418e-03
6.032703281723712785e-02
8.460298228767783313e-02
5.311980802033691024e-02
5.937050691080945908e-02
4.739360978926198537e-02
3.289005720696153157e-02
-1.080013418694096214e-03
1.425444192597381809e-01
1.191902064810916734e-01
1.050333035731748077e-01
4.229698984545721130e-02
8.034858083079071678e-02
7.905516752959598770e-02
8.850256925450206147e-02
4.133922146707835754e-02
8.760372954580847304e-02
6.565493003995732935e-02
8.592532743573610965e-02
1.266335009487190577e-01
5.435340517188122500e-02
5.712198767113128850e-02
8.760763445765508417e-02
1.331465389168869362e-01
9.156011523040163969e-02
1.489651593115315087e-01
2.230766587444318327e-01
2.126148674193709676e-01
1.987900595144094507e-01
2.447538893809501903e-01
2.493297360812109509e-01
2.774406639770136684e-01
3.260864582982068716e-01
3.879880083707140104e-01
5.160142706778424460e-01
5.696498323550375220e-01
5.745061227242824753e-01
8.510097356552205339e-01
1.451057659573338876e+00
2.325332987807800844e+00
3.348126490744482986e+00
4.494540805441332942e+00
5.705493373187114692e+00
6.873046040685638403e+00
7.724386756668978116e+00
8.528715173954960704e+00
9.130905297012931854e+00
9.459927489336951822e+00
9.749030122845002921e+00
9.877791573555246174e+00
9.883132960473433926e+00
9.896586091768995175e+00
9.826183371110412068e+00
9.602752302566788245e+00
9.376444733960152433e+00
9.114555963599148214e+00
8.946514294639820619e+00
8.711138455749379617e+00
8.452622641743886334e+00
8.331668174790980430e+00
8.172228316645766100e+00
8.024428113235355653e+00
7.868636330234854093e+00
7.791508818888416954e+00
7.675211136808597345e+00
7.568430257386951965e+00
7.422648183417267731e+00
7.283724199626197660e+00
7.064400033369260257e+00
6.934557987053450390e+00
6.703218052052484666e+00
6.604616542981553096e+00
6.421664500623904814e+00
6.196507461044075349e+00
6.019232273031441594e+00
5.809916750829355436e+00
5.706913873619306798e+00
5.528596074143631967e+00
5.355069778999745012e+00
5.146252310554094045e+00
4.985245517782439961e+00
4.870083277570014246e+00
4.726558420143674333e+00
4.575647954447436661e+00
4.408185454913365220e+00
4.255195978650796462e+00
4.162960185873814112e+00
4.068987239813072421e+00
4.016737566849437613e+00
3.923607371763591978e+00
3.750278274667963263e+00
3.587428186008714714e+00
3.438388528078991868e+00
3.341515119996181227e+00
3.306290330195809979e+00
3.177960017252624336e+00
3.104122216640971210e+00
2.956815984579155732e+00
2.883995236007552698e+00
2.795560342425283729e+00
2.660895197490931618e+00
2.643041585536226812e+00
2.556804979827592916e+00
2.462745593218248263e+00
2.325022369820008095e+00
2.272596620831289549e+00
2.186394626841306810e+00
2.116104971130284618e+00
2.083404706838750897e+00
2.014638144243902307e+00
1.950637349061852044e+00
1.833535610133608440e+00
1.897229337247718917e+00
1.812220648818859470e+00
1.738697371106856071e+00
1.702450204386644295e+00
1.650422578910291094e+00
1.623257527161333869e+00
1.572786186551847543e+00
1.551793735456430845e+00
1.533629683009916089e+00
1.417947734529901638e+00
1.376841792496543704e+00
1.334124896830462426e+00
1.283428491301817687e+00
1.263223412431472514e+00
1.215847779436386222e+00
1.141314194532065507e+00
1.095075600868316457e+00
1.054655325856023840e+00
1.044030948201348341e+00
1.043639569536722878e+00
9.607498282726316674e-01
9.110871594073808311e-01
9.304381275592739087e-01
9.276526829406845920e-01
8.781186986703799491e-01
8.530635417905463314e-01
7.672294969941066967e-01
7.541464448440113877e-01
8.014162902272494726e-01
7.810271480121357968e-01
7.417093006125421439e-01
6.638526357267502398e-01
6.505482460733482686e-01
7.006443601535701227e-01
6.870586393512192469e-01
6.507889306398932927e-01
6.410408507027978153e-01
6.778973611670746635e-01
6.132957420486218059e-01
6.229215272465224995e-01
5.458556070096711732e-01
5.721775527917460913e-01
5.509824012722916997e-01
5.547706982514859497e-01
5.316614299432178559e-01
5.346263230107557440e-01
5.176807805563767850e-01
4.369545379513042338e-01
4.406116653916478665e-01
4.561924411556406156e-01
4.338799523600718189e-01
4.127873935245853776e-01
3.847337968345307946e-01
4.318621779113307468e-01
4.455556387814485486e-01
3.648025942814279166e-01
3.748621796862878774e-01
3.973411597233171832e-01
3.803208914558695586e-01
2.996633398000994042e-01
3.015650318694034215e-01
2.869585316111440410e-01
3.143369335437218304e-01
3.184523556380682852e-01
3.250300021476983936e-01
3.055902859992896126e-01
3.003298372539193739e-01
3.153188413771532694e-01
3.687162034317021941e-01
3.203086087331559195e-01
2.750245885199116280e-01
2.428269928806339184e-01
1.900274373306012343e-01
1.902422074821639164e-01
1.477189599444785895e-01
1.689899022529544048e-01
1.855696254657046573e-01
2.033353769038648284e-01
1.280563088288273477e-01
1.726165003825008704e-01
2.213616924597909819e-01
2.628306137988880575e-01
2.066046755994459527e-01
1.758321952881913841e-01
2.272011331344170326e-01
2.098168205852730672e-01
1.572666469054455618e-01
1.678406156980989383e-01
2.069119211633796418e-01
2.137815485815384164e-01
1.316825519663886723e-01
1.026605371383724208e-01
1.056343050055641442e-01
1.596275211087094803e-01
1.764406515522896068e-01
1.545790025790156896e-01
1.376494347640091487e-01
8.370254511504349182e-02
3.068573446954325767e-02
4.848450016240701821e-02
1.336456576492761616e-01
1.088523073591605161e-01
1.628581256778112163e-01
1.521737543774936974e-01
6.947446631392240057e-02
7.594561522773424223e-02
1.669674277103094795e-02
7.814159565347633674e-02
1.378611874836921380e-01
1.425177948607796452e-01
1.619260942184217456e-01
9.027344677693771580e-02
1.070697151011796855e-01
1.382775930833342048e-01
1.336571948888245487e-01
1.681940102202186260e-01
1.940644061960286049e-01
1.316935567179555733e-01
2.022831806571963043e-01
1.563282255903062357e-01
2.458044881636782808e-01
1.811638199267633365e-01
1.500180655421685660e-01
1.328898797109645535e-01
1.114469437852425582e-01
9.825295663950295300e-02
1.214298509211144683e-01
5.957817722264824312e-02
1.844365833441163893e-02
8.711375540696231212e-03
7.673937730855540096e-02
6.831772492735832536e-02
5.632946806225613834e-02
2.887296789274840236e-02
2.469417972889198509e-02
-3.631403301070679213e-02
6.670171620874132401e-03
3.242892261706997736e-02
5.760530926014162389e-02
4.036405848137825103e-02
1.139059732726532825e-01
2.632004302502810589e-02
5.091069289110650153e-02
5.905829145906871247e-02
2.544374530744675234e-02
6.972042604802553001e-06
-9.413982779340246410e-03
5.292402994002354255e-02
1.002343444096731595e-01
5.546524007220487995e-02
7.461776770389216829e-02
8.422065591869154488e-02
6.712060675228448403e-03
-1.188153207441433601e-02
3.716913060687598858e-02
8.475775879359348508e-02
6.457965931418985228e-02
2.196003145228764275e-02
1.893940464293875081e-02
2.950272367601169954e-02
1.165159666520421133e-02
1.223884570803912553e-03
1.137609590463477538e-01
3.069141434131883450e-02
4.475477686091022811e-02
1.107806238274151589e-01
1.791673449971837861e-01
1.639387212833660623e-01
9.930107047833147682e-02
9.551383847509375968e-02
1.557169293903171159e-01
1.556993572870057907e-01
7.242835462989227757e-02
1.187343967709919568e-01
7.188219945934570809e-02
1.143569905909356255e-01
1.513767973687973889e-01
1.685841464128934319e-01
1.675722417566403166e-01
1.585165736883469290e-01
1.440927168069163766e-01
7.481567573611824784e-02
5.329872398130452993e-02
1.282984133633155999e-01
1.466687161537314488e-01
8.323005078160194969e-02
1.199367546277627650e-01
7.895754473342631030e-02
8.620044622492550879e-02
3.572289325568389629e-02
4.481494800254703925e-02
1.238134446114851350e-01
1.065205424987514249e-01
6.615795368419474798e-02
1.022624136260106287e-01
4.516887501264510441e-02
1.095243071887632702e-01
4.476258668460486589e-02
1.293165303793251120e-01
5.131147884336240139e-02
1.314207453766711442e-01
1.475601010307157068e-01
1.879065377099091716e-01
8.132569627240604504e-02
2.750482877848980934e-02
1.667650822782462683e-02
3.616787571020507741e-02
2.403992949859024009e-02
6.057002483168805185e-02
5.046837287648120451e-02
7.147662111527619544e-02
3.999681927180365193e-02
-8.877852582487300026e-04
-2.679066300078458696e-02
-1.774138478823994447e-02
-1.869649072672308066e-02
-2.561173461509236304e-02
-7.008282318026948232e-02
-4.938945283310358647e-02
4.316397257326354264e-03
9.080593475602061204e-02
2.307790121637465219e-02
1.429424930730949228e-03
4.783876973976708413e-02
7.195657028042390380e-02
2.597037591875972495e-02
4.201388373657000130e-02
1.004615392807495233e-01
4.578105869259596616e-02
2.155321063626791656e-02
9.152337355983641842e-02
3.530968258391098402e-02
4.328688499856658822e-02
3.426937856877110278e-02
3.504947345813347326e-02
1.425741533884172796e-02
3.069159183731118290e-02
-2.138874994897532744e-02
-2.982495700159892849e-02
-1.495629516164376227e-02
1.723029572606948889e-02
4.169314847716876216e-02
2.401437007559081849e-02
3.538316592502299684e-02
4.432949646161166157e-02
4.291370322308196705e-03
4.481406052257685957e-02
2.129033907058852648e-02
-1.501433635136129041e-02
1.795891677744476667e-02
2.460472174840022674e-02
5.803413957929315359e-02
8.209656137012188992e-02
8.454068119411894955e-02
2.651298116944600380e-02
4.302738585675935923e-02
7.185131515655474033e-02
8.188285619451729502e-02
5.209494615658671890e-02
1.361991150049761679e-01
1.002714410722167493e-01
7.298853198388366437e-02
4.737710266190164887e-02
6.559138647444529013e-02
8.478828810439198449e-02
8.895198910884083432e-02
1.248997200888157799e-01
2.974092329865252182e-02
1.005864964598393030e-01
1.284723594364853838e-01
1.460735720891079836e-01
-7.668132191923415775e-03
2.631968803303585958e-02
6.521882238508069918e-02
1.568377313881574864e-02
2.403620208273160586e-02
1.523506326844081826e-02
4.559921759757390447e-03
1.590120573027498097e-02
-1.340018779076634914e-02
-8.568569364551414935e-03
1.031123922370369428e-03
-7.709666254288372045e-03
5.051230668461137441e-03
2.871428647497609177e-02
3.235934418779828903e-02
6.565493003994848920e-02
1.651524388836880242e-01
6.633385221327969816e-02
8.170749015340561527e-02
3.652961254399000879e-02
3.159486894582608230e-02
-3.632699021820773311e-02
-3.064090608155423112e-02
4.036991584914195741e-02
5.126923479701961384e-02
1.346294327404873314e-02
-3.156069031742125830e-02
-2.402563042140393179e-02
-8.099269958984578466e-03
-7.415200401860388979e-03
-7.888759711253356954e-03
-4.797409978470712488e-02
-8.861677727625894008e-02
-9.158664023160767442e-02
-7.786974989040240658e-02
-3.014817720490370334e-02
-3.131326090314301425e-02
-2.933577804481668494e-02
-3.799917996851709390e-02
-3.781050172793065656e-02
-4.542543482081473627e-02
-5.611743844883765320e-02
-1.348954850344310508e-01
-1.348372663487209522e-01
-1.053796763538112913e-01
-1.588844234841495506e-01
-1.536271696666515751e-01
-1.848882964467173373e-01
-1.520123111220823553e-01
-1.587314219381585900e-01
-9.166420598055591284e-02
-1.202644903291365530e-01
-1.323810767971980162e-01
-1.008748280507618666e-01
-9.291821517129728036e-02
-1.114612215629318115e-01
-1.564390611882013893e-01
-8.002827866161554837e-02
-1.060749281585029458e-01
-7.191174189243465520e-02
-8.561798247405238982e-02
-4.308515015274050342e-02
-4.239753067574980605e-02
-6.687511559427417041e-02
-3.320022080502216255e-02
-7.751605008010642450e-05
-4.688196693960122730e-02
-2.412715812941002014e-02
-9.767830271232380568e-02
-8.925665033112473168e-02
-6.241304382554169194e-02
-6.138800446580505721e-02
-5.326365787293063647e-02
-6.728122642631939598e-02
-7.816386075085235419e-02
-2.550985191509802519e-02
-2.036548554917239073e-02
5.121048362332736303e-02
-6.250471695607551226e-03
-6.568589244098399504e-02
1.450697470503925501e-02
-1.016222636774051225e-01
-8.639044503570847411e-02
-6.387472332812782483e-02
-6.807055110731452530e-02
-5.213726830117604294e-02
-9.218994911190492303e-02
-1.237730536233203615e-01
-8.945864077119036750e-02
-6.222667303286311125e-02
-3.402752962852684249e-02
-1.651080506858182417e-02
-5.307320467241227746e-02
-9.811218811741184709e-03
-5.112997854074396997e-02
4.267763355235043576e-03
1.612094576964251402e-02
1.803240011856033220e-02
6.710205487110831868e-02
4.336640320344420374e-02
1.801101540125582545e-03
5.999351784633155660e-02
6.728611821587904274e-02
-8.161216060552423102e-03
-3.038859197756593744e-03
-5.195435513049240228e-03
1.937462481783969181e-02
-2.295266714354404769e-02
-4.710880681869111797e-02
-5.310479895917064042e-02
1.310333639217686752e-02
-3.263241112332604388e-02
9.528567092594641963e-03
-2.167327602580071400e-02
1.917245688178281782e-02
-1.053380499935796522e-02
-1.539755020030986188e-02
-2.293385256828139873e-02
-3.388677530605344046e-02
-8.360713036903888451e-02
-5.689558088226975840e-02
-4.121114745835141591e-02
-6.256125297972392474e-02
-4.698633458350398584e-02
-5.197166453967749788e-02
-3.675173812952170493e-02
1.805121469382431343e-02
-1.700832633704063568e-02
-2.716171482434859286e-03
-8.102864607832360733e-02
1.551710440136311320e-02
3.195163589181548858e-02
-6.154091371393111132e-03
3.752855999275395149e-02
5.774127119079874859e-02
4.702299815581367781e-02
6.414106671541563998e-02
4.102239111951666573e-02
-2.069793554410903624e-02
1.043689360712649616e-01
2.292560965435885834e-02
-6.389478037534113142e-02
1.749068234784001419e-02
1.005910261575326814e-02
-3.098675347407375824e-03
-2.901965768123382361e-02
-5.776912386206145555e-03
3.072105617215514783e-02
7.421911170354977827e-02
5.457847009103256042e-02
1.103145193497185872e-01
9.436827933608826768e-02
1.005446074054816563e-01
5.585963616870781578e-02
2.886622304500940928e-02
-2.743745839938060982e-02
4.289408636599434388e-02
8.358025037584182471e-02
2.293785687787286420e-02
-2.736628250617556546e-02
-1.422305921444655397e-02
1.170786289498915167e-02
1.544619830203597388e-03
1.529239447418850872e-02
4.724460545298736491e-03
-3.230554870231827636e-03
1.140860465074311492e-02
-5.663288681258427104e-02
-2.607854907676054879e-02
2.734490488876728520e-02
3.493889345447209749e-02
3.728353032425246738e-03
2.272983157404429022e-02
1.144090892147575644e-02
-1.939316249936462455e-02
6.055325501022501555e-03
3.416163850100462085e-02
3.419731519560365030e-02
-2.528407701197066260e-02
-6.189413074007887872e-03
2.833284758596166242e-02
3.005242876641434080e-02
-1.163286018818610046e-02
-6.290169029434489190e-02
-3.685184586958767383e-02
-5.909146901013073716e-03
-3.213613232681966636e-02
-2.604748727797856489e-02
-8.527488271953043153e-02
-1.598506193723103763e-02
2.175910598817409891e-02
1.981658984047829364e-02
6.256783453106429249e-03
3.216037117961478842e-02
4.983471218136648062e-02
5.777215549358061253e-02
3.033642235525757513e-02
7.886643958951999878e-04
-5.678757102065556950e-03
1.618076191929063157e-02
-2.811016821295853063e-02
-1.608773981934596975e-03
2.540549847082296253e-03
-4.205185367945674102e-03
-7.604438109810196522e-02
-3.550305381856411202e-02
-4.483845557187260411e-02
-2.052931435073457322e-02
2.087357847895887630e-02
-4.362118805168480051e-02
-3.810390260440588150e-02
-6.790867476167150585e-02
-5.187404174351684105e-02
-3.013291254950267728e-02
6.334180225880681192e-02
-2.329647688204072864e-02
-4.324791397834726325e-02
1.281153297963966153e-02
1.395904457456342840e-02
7.139106804663253314e-02
8.494093465839380741e-02
6.930833006444281352e-02
1.919668863469503606e-03
-2.264666405156523510e-02
-1.985962196903967580e-02
-2.744739817499297629e-02
-4.975456209076689618e-02
-2.052860436676162692e-02
-4.767200160457063518e-02
-9.121922352603295536e-02
-1.107018937047539175e-01
-6.636623458225932026e-02
-4.664891470075538393e-02
-6.346666004015366624e-02
-9.622106060956170381e-02
-8.807843192940545407e-02
-6.442496090651150809e-02
-6.932012289823186180e-02
-5.054725919562841341e-02
-1.871298933426657207e-01
-1.372180201032002778e-01
-1.059602657470066767e-01
-1.716188735039314572e-01
-1.938481166787671128e-01
-1.543543707500840689e-01
-1.463191271457078280e-01
-1.543350236868432646e-01
-2.082783634159479647e-01
-1.905546785281346800e-01
-1.869802642205353749e-01
-2.348624707797259958e-01
-2.251064035229410898e-01
-2.078784649436569154e-01
-2.358679855802283676e-01
-3.207659165094352005e-01
-2.881556426863705056e-01
-2.648104822033681138e-01
-2.362998333312624766e-01
-2.420581583370786660e-01
-1.997063719286558126e-01
-1.928678063092754691e-01
-1.759203113989706857e-01
-2.059634606748788066e-01
-2.288510364878582060e-01
-2.416863042316830246e-01
-1.937593686822540739e-01
-2.032846911480992169e-01
-2.328253492677498926e-01
-2.496249900158518109e-01
-2.213559131902620436e-01
-1.986641154575954360e-01
-2.258284572225850440e-01
-2.677862025264792223e-01
-2.526117150905360376e-01
-2.505793859703637771e-01
-2.063291024205149427e-01
-1.999161721924136437e-01
-1.457014410899715173e-01
-2.093935707401426427e-01
-2.197472670054505528e-01
-2.608280046077950942e-01
-2.491198364196947068e-01
-2.309389218538400179e-01
-2.252302957260758909e-01
-1.786604945393399646e-01
-8.470618555786302295e-02
-2.947990479115247808e-02
-1.597660460815117922e-01
-1.212062840681400466e-01
-1.476821188761685555e-01
-1.715050062744927217e-02
-8.727455257697869229e-02
-9.378421812127912816e-02
-1.015949292944733351e-01
-6.006512682976339335e-02
-6.039615685676125167e-02
-2.299668614981031922e-02
-2.875740380163804844e-03
1.654214376110463292e-02
-1.271807068955821407e-02
-4.771513313087005770e-02
-6.451388639901889377e-02
-4.357397411753538563e-02
-2.965456084829209971e-02
-1.740911228929320487e-02
-9.708937100745229642e-02
-1.466155454540647440e-01
-7.678152195714282868e-02
-8.504493311064731387e-03
-6.029746908463673449e-02
-6.519955342008465493e-02
-1.981240803489070501e-02
-5.577575866224782075e-02
-3.895517338696175003e-02
4.608812676053819501e-02
3.991020122720723151e-02
-1.559173081667708516e-02
-2.902107764917216670e-02
-4.791694607494356717e-02
-2.703933488701526500e-02
-2.573456184226774468e-02
-3.598868285548473267e-02
-3.866070753452843789e-02
-3.026851948817377291e-02
-1.052044878086890733e-01
-6.507583871294109201e-02
-7.575559511744067720e-02
9.209961785114462174e-03
-1.017118068559641486e-02
-3.433317772851296468e-02
-8.913621574995200803e-03
-1.767358131890173212e-02
4.725214548281453375e-02
-1.558232352904642681e-02
-7.976931200778469844e-02
-9.416867444217658090e-02
-4.863527235872666665e-02
-6.433372796609049260e-02
-2.732989582760270153e-02
-6.774076355226377189e-02
-1.422596162891633931e-01
-1.235916527184413027e-01
-1.439740500858204264e-01
-1.641734490843900218e-01
-9.957182996594271529e-02
-3.634811224136447194e-02
-4.634397658473066173e-02
-8.391473092495038699e-02
-7.267390968649101168e-02
-6.928497869160743505e-02
-1.612191134785145863e-02
-5.032609918831099094e-02
-2.073254726274775805e-02
-2.759010495337799185e-02
1.253703897631908148e-03
-4.072764837333853194e-02
-7.829831041561430283e-03
-4.073119829320015484e-02
-9.733023306998811464e-02
-6.993816394594887242e-02
-8.570229307073295999e-02
-3.566599514015722505e-02
6.863109765299579834e-03
-2.710412092446867760e-02
-2.869785744586650367e-02
-6.149521204558716647e-02
-5.980145298216221761e-03
1.381935522805655125e-02
-1.369331887333125053e-03
-4.784719014968263906e-02
6.769222904793270601e-02
6.973396545573162797e-02
-1.838427527498387448e-02
-1.738160041036840298e-02
9.556966451484960601e-03
5.383121196039386547e-02
3.638388833372108166e-02
-2.437015014385934819e-02
2.198168596344096670e-02
2.807033101227895955e-02
-4.264496009002938237e-02
-3.244586283464467868e-02
-4.541496255722066167e-02
-3.632024537045985824e-02
-2.987660833556704532e-02
-1.844533389658353784e-02
-3.634385233753478772e-02
-3.984886571185786153e-02
-1.388155692385106832e-02
-4.186060529683865994e-02
-4.956481887421659849e-02
-2.080478813190822507e-02
2.988904725478747082e-03
-5.070478333948802430e-03
-7.400290738440062910e-03
-1.941641447444153457e-02
-8.902261831439606254e-03
3.576762224593021955e-02
-5.480579275953800789e-04
4.219670460939495271e-02
7.295587272117165512e-02
6.109541297105547386e-02
4.361791502556977562e-02
-1.093317098366552997e-02
7.540611970685340282e-03
3.206594331132750497e-02
1.732277113843982974e-02
1.609938355642270835e-03
4.368057111110656976e-02
2.145949275194958261e-02
5.438171933265234514e-03
3.688211958615195130e-02
-1.597068476179597241e-02
4.490990835881980558e-02
5.068811291584962575e-02
-3.990051704582997516e-02
-7.832449462453805467e-02
-4.864645460629057894e-02
3.434019946999455897e-02
7.105613310779190783e-02
6.380435681664042846e-02
8.503412005473753865e-02
3.002456189551150345e-02
3.393142619805145088e-02
3.309542007089039117e-02
8.273465946506108892e-02
-2.260361772338459474e-03
-1.674616475533374782e-02
