0.000000000000000000e+00
0.000000000000000000e+00
0.000000000000000000e+00
0.000000000000000000e+00
0.000000000000000000e+00
0.000000000000000000e+00
0.000000000000000000e+00
0.000000000000000000e+00
0.000000000000000000e+00
0.000000000000000000e+00
0.000000000000000000e+00
0.000000000000000000e+00
0.000000000000000000e+00
0.000000000000000000e+00
0.000000000000000000e+00
0.000000000000000000e+00
0.000000000000000000e+00
0.000000000000000000e+00
0.000000000000000000e+00
0.000000000000000000e+00
0.000000000000000000e+00
0.000000000000000000e+00
0.000000000000000000e+00
0.000000000000000000e+00
0.000000000000000000e+00
0.000000000000000000e+00
0.000000000000000000e+00
0.000000000000000000e+00
0.000000000000000000e+00
0.000000000000000000e+00
0.000000000000000000e+00
0.000000000000000000e+00
0.000000000000000000e+00
0.000000000000000000e+00
0.000000000000000000e+00
0.000000000000000000e+00
0.000000000000000000e+00
0.000000000000000000e+00
0.000000000000000000e+00
0.000000000000000000e+00
0.000000000000000000e+00
0.000000000000000000e+00
0.000000000000000000e+00
0.000000000000000000e+00
0.000000000000000000e+00
0.000000000000000000e+00
0.000000000000000000e+00
0.000000000000000000e+00
0.000000000000000000e+00
0.000000000000000000e+00
0.000000000000000000e+00
0.000000000000000000e+00
0.000000000000000000e+00
0.000000000000000000e+00
0.000000000000000000e+00
0.000000000000000000e+00
0.000000000000000000e+00
0.000000000000000000e+00
0.000000000000000000e+00
0.000000000000000000e+00
0.000000000000000000e+00
0.000000000000000000e+00
0.000000000000000000e+00
0.000000000000000000e+00
0.000000000000000000e+00
0.000000000000000000e+00
0.000000000000000000e+00
0.000000000000000000e+00
0.000000000000000000e+00
0.000000000000000000e+00
0.000000000000000000e+00
0.000000000000000000e+00
0.000000000000000000e+00
0.000000000000000000e+00
0.000000000000000000e+00
0.000000000000000000e+00
0.000000000000000000e+00
0.000000000000000000e+00
0.000000000000000000e+00
0.000000000000000000e+00
0.000000000000000000e+00
0.000000000000000000e+00
0.000000000000000000e+00
0.000000000000000000e+00
0.000000000000000000e+00
0.000000000000000000e+00
0.000000000000000000e+00
0.000000000000000000e+00
0.000000000000000000e+00
0.000000000000000000e+00
0.000000000000000000e+00
0.000000000000000000e+00
0.000000000000000000e+00
0.000000000000000000e+00
0.000000000000000000e+00
0.000000000000000000e+00
0.000000000000000000e+00
0.000000000000000000e+00
0.000000000000000000e+00
0.000000000000000000e+00
0.000000000000000000e+00
0.000000000000000000e+00
0.000000000000000000e+00
0.000000000000000000e+00
0.000000000000000000e+00
0.000000000000000000e+00
0.000000000000000000e+00
0.000000000000000000e+00
0.000000000000000000e+00
0.000000000000000000e+00
0.000000000000000000e+00
0.000000000000000000e+00
0.000000000000000000e+00
0.000000000000000000e+00
0.000000000000000000e+00
0.000000000000000000e+00
0.000000000000000000e+00
0.000000000000000000e+00
0.000000000000000000e+00
0.000000000000000000e+00
0.000000000000000000e+00
0.000000000000000000e+00
0.000000000000000000e+00
0.000000000000000000e+00
0.000000000000000000e+00
0.000000000000000000e+00
0.000000000000000000e+00
0.000000000000000000e+00
0.000000000000000000e+00
0.000000000000000000e+00
0.000000000000000000e+00
0.000000000000000000e+00
0.000000000000000000e+00
0.000000000000000000e+00
0.000000000000000000e+00
0.000000000000000000e+00
0.000000000000000000e+00
0.000000000000000000e+00
0.000000000000000000e+00
0.000000000000000000e+00
0.000000000000000000e+00
0.000000000000000000e+00
0.000000000000000000e+00
0.000000000000000000e+00
0.000000000000000000e+00
0.000000000000000000e+00
0.000000000000000000e+00
0.000000000000000000e+00
0.000000000000000000e+00
0.000000000000000000e+00
1.460237265151814179e-01
2.080916875583278258e-01
2.565620827770311307e-01
4.356552728611531866e-02
-1.938941577275496986e-01
-3.173711448075016706e-01
-2.785301405008190345e-01
-1.041392075536501372e-01
8.303667167508116398e-02
4.147806270429044151e-02
-1.560390447451405205e-01
-1.808488852430248928e-01
5.884690559194161175e-03
2.317182575722649129e-01
2.493178156036630622e-01
8.507558667564621424e-02
7.128549664965544430e-02
5.799094717721356429e-02
8.822176695363442844e-02
3.097364301827675304e-01
2.893417555695946275e-01
7.027047557662599586e-02
-1.769967270885786093e-01
-3.130425311073120609e-01
-1.826629654586519880e-01
-4.338945134788363411e-02
1.280082952818520359e-02
-1.857456964563040380e-01
-2.128308381917841385e-01
-4.617435577635875532e-02
-5.426974733291695108e-02
-2.117734827210021598e-02
8.928868585490715160e-02
1.976240630140032872e-01
1.079752522694787248e-01
3.201106177096660343e-02
7.555110052643700461e-04
2.565675864579657767e-02
1.033380976097652559e-01
1.849971330634710837e-02
-5.696876922626691042e-02
-2.075931963621789611e-02
-9.367894915268917821e-02
-7.946999342907024033e-02
3.213459115806744509e-03
-5.085101975047683076e-02
-1.302155224730201510e-01
-1.066318100204710767e-01
-4.865708091457859874e-02
-7.025913338997945290e-02
5.295334217828084888e-02
2.011777249498760134e-01
2.348723062306641851e-01
-1.386860851040726539e-01
-2.640829570043283780e-01
-2.807493586014421227e-01
-1.406245526951344915e-01
9.991334318275493787e-02
1.726307385814265238e-01
-1.817698415024078529e-02
-1.354543571156575643e-01
3.227521753137188587e-03
1.428231372237123709e-01
2.331357379327036738e-01
-6.468965935772745535e-02
-4.929760056251042410e-02
3.011561915364193570e-02
3.735938408996246352e-02
4.903790215584758611e-02
-1.090911183563948728e-02
3.425221088933131514e-02
8.757605752287823953e-02
-1.646453787913714772e-01
-1.423072142166616483e-01
-2.202868819868546990e-01
-1.872760127400847074e-01
5.671742051047465316e-03
1.260608083505230514e-01
-6.565579602479870713e-02
-2.817158300932117720e-01
-2.312877148632918045e-01
-1.442460375590098876e-02
7.742199630855275960e-02
-8.980019336131260521e-03
-2.248090243626870155e-01
-1.704127342203446971e-01
-2.460256936102940828e-01
-1.893977968534898415e-01
-1.162809555896940072e-01
-1.359343283207335162e-01
-1.802102071309339415e-01
-9.722340340935742287e-02
2.448386772749797102e-02
3.355544069207772040e-02
1.058355550347122032e-01
2.885627859088976122e-01
1.572887360786119348e-01
8.366229162393667984e-02
3.038665974695126115e-02
8.292165939120010876e-02
4.594104364858424550e-01
9.749785293662138752e-01
2.829698594991855387e+00
6.134221658135603938e+00
1.015062271115928461e+01
1.423965243103657308e+01
1.721937293611962616e+01
1.899612873591121343e+01
1.957902003088756615e+01
1.928048112216495014e+01
1.852534143748611939e+01
1.765998047553476269e+01
1.663411610464943990e+01
1.555765988925671195e+01
1.455079447622953737e+01
1.375916224767820495e+01
1.298467689416610682e+01
1.223846932796500298e+01
1.154109142388389841e+01
1.099429490103839058e+01
1.059560774868060840e+01
1.016906133988475958e+01
9.583723648249938165e+00
9.181915929703571067e+00
9.003166583658060773e+00
8.951925681472904017e+00
8.690093437017383238e+00
8.211035466306174868e+00
7.770939036793054200e+00
7.362492916364985263e+00
7.217384077411484355e+00
7.126205285207880991e+00
6.987249017498789350e+00
6.656109064960190835e+00
6.417397637811764533e+00
6.279711192771151751e+00
6.091938321105276444e+00
5.821673349209623538e+00
5.796256471533643762e+00
5.541821006901590074e+00
5.391040739795189829e+00
5.205369227936117227e+00
5.050910744106055894e+00
4.887990570499452403e+00
4.808307816901131737e+00
4.887566515018994195e+00
4.710831474358717408e+00
4.430999388944941941e+00
4.263736036763763337e+00
4.019512892843548180e+00
3.847535208909697246e+00
3.949231681950025497e+00
3.823478723983079419e+00
3.531477937145040435e+00
3.220348113053567829e+00
3.072165750781612026e+00
3.134261502274723554e+00
3.340190745445338116e+00
3.356847604538548246e+00
3.321978625628322135e+00
3.092392343396213050e+00
2.948005386492337010e+00
2.934603190879379930e+00
2.784828569754453476e+00
2.820835450402003453e+00
2.968703747106911095e+00
2.999717889265103743e+00
2.859712950600803438e+00
2.677245208867832460e+00
2.529110726527742159e+00
2.474714268973049691e+00
2.376455106285915164e+00
2.379782594138054819e+00
2.162389288120838859e+00
2.081177390125182214e+00
2.097939049348972240e+00
2.055971117184454133e+00
1.933787557914204758e+00
1.838755603082052659e+00
2.026494155216355342e+00
1.968100727825182528e+00
1.793401086506140718e+00
1.608855422695248283e+00
1.590052672110348730e+00
1.558527252637787353e+00
1.547454265038855414e+00
1.492933085284033901e+00
1.493418581096631836e+00
1.520945524021572570e+00
1.753085346815601131e+00
1.702162360681527709e+00
1.542662421368504067e+00
1.534562007441470755e+00
1.329617148883978750e+00
1.148919290506460023e+00
1.068572914356023418e+00
1.039587809869789048e+00
9.661394921546304637e-01
8.939266775763643480e-01
7.378463029075281732e-01
7.855563112362946576e-01
9.267195759445148173e-01
8.754835287174911329e-01
8.363150658558256012e-01
7.981137441353300943e-01
7.571998401212012286e-01
6.508754201003594808e-01
6.200521280202180296e-01
6.550588872938150065e-01
8.271073866513689588e-01
8.938890097977989502e-01
8.128405062549366455e-01
5.343226077821594533e-01
4.245920161050620312e-01
4.538893446224989692e-01
5.632926451569642001e-01
5.350098354755077334e-01
4.535230464025137298e-01
3.047837032448639238e-01
1.920177582649342796e-01
2.422337620484522613e-01
2.622912681903932786e-01
3.081073406129757331e-01
3.883715172999699927e-01
3.979675931545048062e-01
3.707816691848220270e-01
2.814065776311940326e-01
2.526764421527516458e-01
1.674720944540430967e-01
1.139942284592572186e-01
1.603771590961360349e-01
1.222509845938013484e-02
-2.813517291603728765e-02
3.222484734085639957e-02
3.127918729675056575e-01
4.224886473500666373e-01
3.697425407335113157e-01
4.017047390250700900e-01
2.991896195972822969e-01
8.420102456357225762e-02
4.893393908701182404e-02
1.948887126408831438e-01
1.533394787616457755e-01
1.177313743298225024e-01
2.013779501194863375e-01
2.382227295746421891e-01
3.451389522498078399e-01
3.934024258049344525e-01
3.192131410323439944e-01
2.318821542621043452e-01
2.012383282202765411e-01
8.334588228399897325e-02
-2.037226228493516089e-02
-1.397244392737917451e-03
5.071939179092765926e-02
2.377358944632501636e-01
3.500592011919709812e-01
3.574236704320443714e-01
4.120938471776320888e-01
4.609054287639477998e-01
4.443295972477359079e-01
4.016501625992391356e-01
3.710535468398776793e-01
3.580235088791274833e-01
5.891781099982791314e-01
5.487066768230108860e-01
3.765525402731284554e-01
4.189811912225656076e-01
5.329776169689107723e-01
5.973451540402829885e-01
5.474711736861219702e-01
5.353592250482308579e-01
4.042584469993379948e-01
1.730713678844442160e-01
2.969811158870083734e-01
1.184149189514900335e-01
1.669912861872184795e-01
1.954040078516321444e-01
3.580971703127631134e-01
6.186307971757487589e-01
5.269427366059609152e-01
3.991548815348315848e-01
4.071590333610910495e-01
3.419979617546438089e-01
4.562110190808175147e-01
5.777023282872411070e-01
5.404400224332477354e-01
6.068128246230033440e-01
7.062979479431250596e-01
5.512381189548396510e-01
5.100257187221366451e-01
4.502278691337613381e-01
6.294242061515618047e-01
5.799247272224987704e-01
5.169907420970858425e-01
4.389482946959533116e-01
5.812231774026761499e-01
7.139309465912702102e-01
5.518535267503958952e-01
4.244366574450313401e-01
3.554518877834975665e-01
2.717338269207387746e-01
2.689974720735202052e-01
3.674386119842076859e-01
5.312673324097709759e-01
5.281126141019725218e-01
3.663136009977716601e-01
2.605992315773102419e-01
2.665443789211034975e-01
1.694403614432542504e-01
2.907053291535972583e-01
4.128890558361959506e-01
4.292914481586673769e-01
4.176315128635386120e-01
4.400270998740145600e-01
4.195221005227374178e-01
2.288010973879428533e-01
1.761171007529309662e-01
2.978009341609035854e-01
2.816772833998029135e-01
2.977043372354291062e-01
3.627452067751699705e-01
1.247657064173273156e-01
-1.740755699344642693e-02
-4.949481230983487912e-02
2.174634099383832009e-02
-1.355456177725433697e-02
1.814665949583724736e-01
2.251752807295781533e-01
2.057859172731830721e-01
1.293218335000441144e-01
-3.614702571035577350e-02
-3.260878663719379844e-03
1.029535514437180943e-01
6.278276992100373377e-03
-1.093015347527153125e-01
-1.754197027593782376e-01
-9.441455901494988368e-02
1.005724456014456258e-01
1.715537749392042066e-01
1.163642850864872180e-01
-1.509125437887965937e-01
-1.839620852882255519e-01
3.991878408410398649e-02
-1.489051232364424493e-02
-3.818075092809491977e-02
-3.911357253768255049e-02
-7.413037655223142508e-02
3.904422197203016864e-02
1.781874892751424966e-01
1.709822291791320836e-01
-5.154343722665188920e-02
-1.127885665736165777e-01
-1.449618718374816595e-01
9.571112580619001164e-02
2.266058192532529603e-01
2.937292984166925969e-01
3.718815683188827492e-01
2.530643365657829769e-01
1.204673943523415502e-01
2.536060620011060251e-02
-3.519679321646007608e-02
-1.488423226789405973e-01
-9.215231594059236642e-02
-1.197452402577336983e-02
-6.553712159585778352e-03
6.135911623020096073e-02
5.465324717177244551e-02
1.271016109253246817e-01
2.655337105691542021e-01
2.229359731470546002e-01
2.311847144154546285e-01
3.902272831905415629e-01
3.575150775746918086e-01
1.381026112141099382e-01
-4.983834245033502697e-02
-5.640827268124004590e-02
1.006514433036720391e-02
4.500996103477028498e-02
-2.903986925096058158e-02
-9.530471140207552594e-03
1.990355165298711704e-01
2.936102682364314376e-01
1.098199689450032324e-01
5.935368369947058298e-02
1.153666748977677514e-01
3.296615131565108214e-01
3.468766924342099323e-01
1.813164260811612749e-01
-1.586937232925667018e-02
-1.386397118833508912e-01
-6.066506648363523269e-02
1.783424921838561161e-02
1.123018570214777689e-01
1.045145041873953851e-01
1.123499043656903673e-01
2.428980542499679096e-01
4.617433275715536745e-01
6.115897685942748296e-01
5.265297303405502838e-01
4.221482980441959576e-01
2.564874168692967693e-01
9.517705948574040065e-03
-1.799718119457112131e-01
-3.286289765665273421e-02
1.176225563028583387e-01
1.874202803319700017e-01
1.746209365883792941e-01
1.646397914041619615e-02
3.673843076027694110e-03
1.557709757210177237e-01
3.105468733651055580e-01
3.153472550652614004e-01
1.172862248933754792e-01
-5.381924070129384674e-02
-1.543342847935198492e-01
-8.236220917336334324e-02
1.032316233556920260e-01
2.261745650417816833e-01
2.149770226550682395e-01
1.765023165683743400e-01
1.901385546454750219e-01
2.195803600202510530e-01
1.947129296742522442e-01
1.792825334510750324e-01
1.820667682301526646e-01
2.391424930209904431e-01
3.350202150411538682e-01
2.452947294407112899e-01
1.205524398257198371e-01
2.343240307871270467e-01
2.893067663886186303e-01
2.459206842142687144e-01
1.938669950738867165e-01
2.287051701118660851e-01
1.841070225295107221e-01
3.776084099593530752e-01
3.759830034612465788e-01
1.955458061113861667e-01
1.509620559910564985e-01
1.280856607137601522e-01
1.091288907676251085e-01
1.955935186308996876e-01
1.655982480297630843e-01
1.340878956686228918e-01
2.124090846311266212e-01
3.954780041099716925e-01
4.560498009885636250e-01
3.925050956133726565e-01
4.013893341592305042e-01
4.201525754297192883e-01
4.075790709451592164e-01
4.889399659315811775e-01
5.236202711242934349e-01
6.107873612046912370e-01
4.695996542934901541e-01
3.196048859294089439e-01
1.779214710523087106e-01
1.316304497951241714e-01
3.294219460848499814e-01
4.804747604957002594e-01
4.741110822789775803e-01
2.787154241182561165e-01
1.784699139081937780e-01
1.799520154354161683e-01
8.031789512453002544e-02
8.641655959251481889e-02
2.360219268324312836e-01
2.686914422992408014e-01
2.881430831495270795e-01
2.349782782476923515e-01
3.289130125433694651e-01
2.856042748743328197e-01
1.143630378644804324e-01
1.105150650187649575e-01
2.517611779132389316e-02
7.957692806709459887e-02
2.512356914757765125e-01
2.826122813699321057e-01
2.286437297797210277e-01
1.008136867966018535e-01
1.728344166302520080e-03
-1.062131117351921006e-01
-2.764389928473121039e-01
-2.909749048888627954e-01
-9.412091775450237563e-02
6.473850191058971859e-02
2.338966270596909425e-01
2.420986602826715739e-01
1.616866375647685317e-02
-7.506252851242223301e-02
-6.627505430438818124e-02
8.321446358990280956e-02
1.740604400433567456e-01
1.499239320138419096e-01
1.540071192101435393e-01
6.279099405267096756e-02
4.925620785916651201e-02
1.927047976193474454e-02
2.752439616458279836e-01
3.855949834889531580e-01
9.403214735634390919e-02
-5.351957259627848629e-02
-1.058617132142831707e-01
-8.352371605192265847e-02
-2.051774361636526933e-02
1.869855104611741758e-01
1.692747906299238991e-01
2.417225056534633154e-04
-1.053855924932376453e-01
-9.812659303314230641e-02
8.080456282357184605e-02
2.395826200869666245e-01
1.753210550326183004e-01
5.657679413715754890e-03
2.510011258479716290e-02
1.449511155940341744e-01
5.398928979495432046e-02
7.183862705131582871e-02
5.065527286119531070e-02
-5.256197395901640590e-02
-3.577085016176839716e-02
-5.251244083027017950e-03
-1.034138098446879539e-01
-6.461147779066411800e-02
-4.376179733901697233e-03
-7.940687897343456925e-02
-7.028290594356345622e-02
-1.474541394796058391e-01
-2.421000414345635399e-01
-3.801250151717816550e-02
8.553212015183930816e-02
-2.183176314501178439e-02
-5.163886226568115134e-02
-9.718941870247688186e-02
9.227245522758664720e-03
1.185779785795824104e-01
1.458740598750201123e-01
1.217999966517466781e-01
1.339119452896366802e-01
7.787099622902937668e-02
-8.372479920989217561e-03
3.944417007419742660e-02
1.849986607012001905e-01
1.836620405054123495e-01
9.300339847068173071e-02
-2.303361639972134611e-02
-1.536010187041521036e-01
-3.083503187113434407e-02
-1.409111835635323828e-02
0.000000000000000000e+00
0.000000000000000000e+00
0.000000000000000000e+00
0.000000000000000000e+00
0.000000000000000000e+00
0.000000000000000000e+00
0.000000000000000000e+00
0.000000000000000000e+00
0.000000000000000000e+00
0.000000000000000000e+00
0.000000000000000000e+00
0.000000000000000000e+00
0.000000000000000000e+00
0.000000000000000000e+00
0.000000000000000000e+00
0.000000000000000000e+00
0.000000000000000000e+00
0.000000000000000000e+00
0.000000000000000000e+00
0.000000000000000000e+00
0.000000000000000000e+00
0.000000000000000000e+00
0.000000000000000000e+00
0.000000000000000000e+00
0.000000000000000000e+00
0.000000000000000000e+00
0.000000000000000000e+00
0.000000000000000000e+00
0.000000000000000000e+00
0.000000000000000000e+00
0.000000000000000000e+00
0.000000000000000000e+00
0.000000000000000000e+00
0.000000000000000000e+00
0.000000000000000000e+00
0.000000000000000000e+00
0.000000000000000000e+00
0.000000000000000000e+00
0.000000000000000000e+00
0.000000000000000000e+00
0.000000000000000000e+00
0.000000000000000000e+00
0.000000000000000000e+00
0.000000000000000000e+00
0.000000000000000000e+00
0.000000000000000000e+00
0.000000000000000000e+00
0.000000000000000000e+00
0.000000000000000000e+00
0.000000000000000000e+00
0.000000000000000000e+00
0.000000000000000000e+00
0.000000000000000000e+00
0.000000000000000000e+00
0.000000000000000000e+00
0.000000000000000000e+00
0.000000000000000000e+00
0.000000000000000000e+00
0.000000000000000000e+00
0.000000000000000000e+00
0.000000000000000000e+00
0.000000000000000000e+00
0.000000000000000000e+00
0.000000000000000000e+00
0.000000000000000000e+00
0.000000000000000000e+00
0.000000000000000000e+00
0.000000000000000000e+00
0.000000000000000000e+00
0.000000000000000000e+00
0.000000000000000000e+00
0.000000000000000000e+00
0.000000000000000000e+00
0.000000000000000000e+00
0.000000000000000000e+00
0.000000000000000000e+00
0.000000000000000000e+00
0.000000000000000000e+00
0.000000000000000000e+00
0.000000000000000000e+00
0.000000000000000000e+00
0.000000000000000000e+00
0.000000000000000000e+00
0.000000000000000000e+00
0.000000000000000000e+00
0.000000000000000000e+00
0.000000000000000000e+00
0.000000000000000000e+00
0.000000000000000000e+00
0.000000000000000000e+00
0.000000000000000000e+00
0.000000000000000000e+00
0.000000000000000000e+00
0.000000000000000000e+00
0.000000000000000000e+00
0.000000000000000000e+00
0.000000000000000000e+00
0.000000000000000000e+00
0.000000000000000000e+00
0.000000000000000000e+00
0.000000000000000000e+00
0.000000000000000000e+00
0.000000000000000000e+00
0.000000000000000000e+00
0.000000000000000000e+00
0.000000000000000000e+00
0.000000000000000000e+00
0.000000000000000000e+00
0.000000000000000000e+00
0.000000000000000000e+00
0.000000000000000000e+00
0.000000000000000000e+00
0.000000000000000000e+00
0.000000000000000000e+00
0.000000000000000000e+00
0.000000000000000000e+00
0.000000000000000000e+00
0.000000000000000000e+00
0.000000000000000000e+00
0.000000000000000000e+00
0.000000000000000000e+00
0.000000000000000000e+00
0.000000000000000000e+00
0.000000000000000000e+00
0.000000000000000000e+00
0.000000000000000000e+00
0.000000000000000000e+00
0.000000000000000000e+00
0.000000000000000000e+00
0.000000000000000000e+00
0.000000000000000000e+00
0.000000000000000000e+00
0.000000000000000000e+00
0.000000000000000000e+00
0.000000000000000000e+00
0.000000000000000000e+00
0.000000000000000000e+00
0.000000000000000000e+00
0.000000000000000000e+00
0.000000000000000000e+00
0.000000000000000000e+00
0.000000000000000000e+00
0.000000000000000000e+00
0.000000000000000000e+00
0.000000000000000000e+00
0.000000000000000000e+00
0.000000000000000000e+00
0.000000000000000000e+00
0.000000000000000000e+00
0.000000000000000000e+00
0.000000000000000000e+00
0.000000000000000000e+00
0.000000000000000000e+00
0.000000000000000000e+00
0.000000000000000000e+00
0.000000000000000000e+00
0.000000000000000000e+00
0.000000000000000000e+00
0.000000000000000000e+00
0.000000000000000000e+00
0.000000000000000000e+00
0.000000000000000000e+00
0.000000000000000000e+00
0.000000000000000000e+00
0.000000000000000000e+00
0.000000000000000000e+00
0.000000000000000000e+00
0.000000000000000000e+00
0.000000000000000000e+00
0.000000000000000000e+00
0.000000000000000000e+00
0.000000000000000000e+00
0.000000000000000000e+00
0.000000000000000000e+00
0.000000000000000000e+00
0.000000000000000000e+00
0.000000000000000000e+00
0.000000000000000000e+00
0.000000000000000000e+00
0.000000000000000000e+00
0.000000000000000000e+00
0.000000000000000000e+00
0.000000000000000000e+00
0.000000000000000000e+00
0.000000000000000000e+00
0.000000000000000000e+00
0.000000000000000000e+00
0.000000000000000000e+00
0.000000000000000000e+00
0.000000000000000000e+00
0.000000000000000000e+00
0.000000000000000000e+00
0.000000000000000000e+00
0.000000000000000000e+00
0.000000000000000000e+00
0.000000000000000000e+00
0.000000000000000000e+00
0.000000000000000000e+00
0.000000000000000000e+00
0.000000000000000000e+00
0.000000000000000000e+00
0.000000000000000000e+00
0.000000000000000000e+00
0.000000000000000000e+00
0.000000000000000000e+00
0.000000000000000000e+00
0.000000000000000000e+00
0.000000000000000000e+00
0.000000000000000000e+00
0.000000000000000000e+00
0.000000000000000000e+00
0.000000000000000000e+00
0.000000000000000000e+00
0.000000000000000000e+00
0.000000000000000000e+00
0.000000000000000000e+00
0.000000000000000000e+00
0.000000000000000000e+00
0.000000000000000000e+00
0.000000000000000000e+00
0.000000000000000000e+00
0.000000000000000000e+00
0.000000000000000000e+00
0.000000000000000000e+00
0.000000000000000000e+00
0.000000000000000000e+00
0.000000000000000000e+00
0.000000000000000000e+00
0.000000000000000000e+00
0.000000000000000000e+00
0.000000000000000000e+00
0.000000000000000000e+00
0.000000000000000000e+00
0.000000000000000000e+00
0.000000000000000000e+00
0.000000000000000000e+00
0.000000000000000000e+00
0.000000000000000000e+00
0.000000000000000000e+00
0.000000000000000000e+00
0.000000000000000000e+00
0.000000000000000000e+00
0.000000000000000000e+00
0.000000000000000000e+00
0.000000000000000000e+00
0.000000000000000000e+00
0.000000000000000000e+00
0.000000000000000000e+00
0.000000000000000000e+00
0.000000000000000000e+00
0.000000000000000000e+00
0.000000000000000000e+00
0.000000000000000000e+00
0.000000000000000000e+00
0.000000000000000000e+00
0.000000000000000000e+00
0.000000000000000000e+00
0.000000000000000000e+00
0.000000000000000000e+00
0.000000000000000000e+00
0.000000000000000000e+00
0.000000000000000000e+00
0.000000000000000000e+00
0.000000000000000000e+00
0.000000000000000000e+00
0.000000000000000000e+00
0.000000000000000000e+00
0.000000000000000000e+00
0.000000000000000000e+00
0.000000000000000000e+00
0.000000000000000000e+00
0.000000000000000000e+00
0.000000000000000000e+00
0.000000000000000000e+00
0.000000000000000000e+00
0.000000000000000000e+00
0.000000000000000000e+00
0.000000000000000000e+00
0.000000000000000000e+00
0.000000000000000000e+00
0.000000000000000000e+00
0.000000000000000000e+00
0.000000000000000000e+00
0.000000000000000000e+00
0.000000000000000000e+00
0.000000000000000000e+00
0.000000000000000000e+00
0.000000000000000000e+00
0.000000000000000000e+00
0.000000000000000000e+00
0.000000000000000000e+00
0.000000000000000000e+00
0.000000000000000000e+00
0.000000000000000000e+00
0.000000000000000000e+00
0.000000000000000000e+00
0.000000000000000000e+00
0.000000000000000000e+00
0.000000000000000000e+00
0.000000000000000000e+00
0.000000000000000000e+00
0.000000000000000000e+00
0.000000000000000000e+00
0.000000000000000000e+00
0.000000000000000000e+00
0.000000000000000000e+00
0.000000000000000000e+00
0.000000000000000000e+00
0.000000000000000000e+00
0.000000000000000000e+00
0.000000000000000000e+00
0.000000000000000000e+00
0.000000000000000000e+00
0.000000000000000000e+00
0.000000000000000000e+00
0.000000000000000000e+00
0.000000000000000000e+00
0.000000000000000000e+00
0.000000000000000000e+00
0.000000000000000000e+00
0.000000000000000000e+00
0.000000000000000000e+00
0.000000000000000000e+00
0.000000000000000000e+00
