4.528574049e-01
2.165135890e-01
1.024283171e-01
5.461466685e-02
7.109743357e-02
9.984011203e-02
1.251772642e-01
1.460872144e-01
1.849102676e-01
2.474358082e-01
3.015156388e-01
2.574480772e-01
1.626380980e-01
3.642913327e-02
-3.358857334e-02
-5.122922361e-02
-2.459797449e-02
-2.344009466e-02
-1.649281196e-02
-1.703769714e-02
4.485256504e-03
8.764831722e-02
1.078771651e-01
1.266756952e-01
7.654628158e-02
2.689364739e-02
7.345902268e-03
2.416922338e-02
8.996407688e-02
1.498333067e-01
1.584833562e-01
1.206138507e-01
7.702305913e-02
5.652176216e-02
4.576028883e-02
2.578159561e-03
-1.410894003e-02
-5.458892789e-03
-1.587981544e-02
-1.462648797e-04
1.763060503e-02
4.964259267e-02
3.963033110e-02
-1.015852485e-02
-7.397817075e-02
-7.751991600e-02
-8.514830470e-02
-7.813291252e-02
-7.343327999e-02
5.166362971e-03
7.423052192e-02
1.310347766e-01
1.525577307e-01
1.281060129e-01
8.921485394e-02
4.548784345e-02
-7.706542965e-03
-3.365668654e-02
-5.436231196e-02
-9.727199376e-02
-8.494397998e-02
-5.156977847e-02
-2.670940384e-02
1.483806968e-02
1.565539651e-02
-2.207788266e-02
1.742627285e-02
-4.437233321e-03
2.580387890e-02
2.614443190e-02
2.757475339e-02
-1.002230402e-02
-3.958230838e-02
8.708114736e-03
3.070784174e-02
7.068876922e-02
4.140120745e-02
-2.598246792e-03
-2.970626950e-02
1.926525868e-02
1.086263806e-01
1.482667625e-01
7.314075530e-02
-3.202203289e-02
-7.751991600e-02
-6.607733667e-02
-3.638111055e-02
-1.553926338e-02
-2.391686849e-02
-7.704314590e-02
-8.787273616e-02
-6.137770414e-02
-1.118018385e-02
4.092443362e-02
4.868904501e-02
7.845338434e-02
6.006351486e-02
5.711247679e-03
-4.028569907e-03
-2.221410349e-02
1.592784002e-02
4.112876579e-02
1.912903786e-02
-3.590433672e-02
-8.405853808e-02
-7.758802921e-02
-5.034378543e-02
1.511051226e-02
7.822676562e-03
-8.796312846e-03
-4.421383142e-02
-1.642470062e-02
6.460464559e-03
3.247871995e-02
5.849697068e-02
4.582839832e-02
-9.000644088e-03
-7.404627651e-02
-3.379290551e-02
1.011615503e-03
4.487485066e-02
5.624932051e-02
6.510370225e-02
7.606951147e-02
1.054932922e-01
1.059700698e-01
1.110783666e-01
7.000766695e-02
-3.960459027e-03
-4.959456995e-02
-1.696958579e-02
3.888111562e-02
8.540066332e-02
9.336960316e-02
7.055255026e-02
4.971070215e-02
6.142572686e-02
7.756794244e-02
1.074685007e-01
1.082858294e-01
7.245964557e-02
3.840434179e-02
3.636102378e-02
5.890563503e-02
1.187067553e-01
1.424092501e-01
9.200739115e-02
5.556821451e-02
3.901733831e-02
2.941374108e-02
6.953088939e-02
8.683098853e-02
1.347127408e-01
1.454061121e-01
1.699259281e-01
1.775543243e-01
1.725822389e-01
1.769413203e-01
1.885882467e-01
1.713562608e-01
1.642727554e-01
1.397529244e-01
1.424092501e-01
1.251772642e-01
1.158461049e-01
1.146882251e-01
1.220441759e-01
9.875034541e-02
1.123724654e-01
1.106697023e-01
1.494246423e-01
1.625018716e-01
1.731271297e-01
1.534431577e-01
1.329418719e-01
1.288552284e-01
1.499695182e-01
1.664522886e-01
1.814366281e-01
1.479262114e-01
1.657030731e-01
2.020060271e-01
2.511819005e-01
3.139117658e-01
3.122771084e-01
3.092802465e-01
2.480487972e-01
2.243463099e-01
1.605947763e-01
9.486804157e-02
4.167364910e-02
5.842886120e-02
1.030413136e-01
1.605266631e-01
1.799381971e-01
2.054115683e-01
2.276837379e-01
3.312799633e-01
3.336638510e-01
3.517812788e-01
3.154782951e-01
2.522716522e-01
1.501057446e-01
2.335412502e-01
2.707977593e-01
2.226435393e-01
2.504326701e-01
2.245506495e-01
2.070462108e-01
2.416464090e-01
2.490023524e-01
2.082722038e-01
1.971020699e-01
1.802106351e-01
2.059564441e-01
2.654851079e-01
3.105743527e-01
2.539744377e-01
2.428042889e-01
2.110647410e-01
1.791208684e-01
2.274112850e-01
3.006983101e-01
2.975652218e-01
2.991317511e-01
2.842155397e-01
3.374780416e-01
4.200280905e-01
4.078362882e-01
3.679915965e-01
3.248094618e-01
2.463460416e-01
2.533614337e-01
2.509775460e-01
2.663024366e-01
2.607854903e-01
2.778131366e-01
2.720237374e-01
2.673922181e-01
2.925931513e-01
3.410879076e-01
3.510320485e-01
3.720101118e-01
3.654033840e-01
3.637006283e-01
3.437442183e-01
3.679234684e-01
3.865176737e-01
3.993224800e-01
3.764373064e-01
3.158869743e-01
2.686863244e-01
2.642591298e-01
2.831257582e-01
3.963256180e-01
8.377504945e-01
1.489497662e+00
2.061145306e+00
2.917096615e+00
6.785510254e+01
3.282293396e+02
5.662222900e+02
6.449766846e+02
6.092640381e+02
5.271817017e+02
4.395873718e+02
3.631745605e+02
3.024303894e+02
2.567840271e+02
2.235566406e+02
1.978523712e+02
1.781649933e+02
1.631770935e+02
1.517515717e+02
1.431094208e+02
1.360938263e+02
1.311758270e+02
1.265569382e+02
1.217426987e+02
1.169934921e+02
1.135087662e+02
1.098155746e+02
1.061065903e+02
1.030618820e+02
1.008289719e+02
9.957294464e+01
9.838376617e+01
9.693475342e+01
9.513909912e+01
9.319889832e+01
9.154811859e+01
8.956295013e+01
8.781458282e+01
8.499935150e+01
8.325396729e+01
8.218801880e+01
8.172944641e+01
8.056404114e+01
7.968396759e+01
7.942390442e+01
7.851404572e+01
7.700315094e+01
7.551499939e+01
7.435339355e+01
7.328559113e+01
7.220610046e+01
7.151406860e+01
7.070059967e+01
6.993627167e+01
6.874633026e+01
6.816821289e+01
6.766310120e+01
6.706200409e+01
6.626551819e+01
6.565303040e+01
6.490347290e+01
6.380156708e+01
6.359566879e+01
6.282596207e+01
6.201005554e+01
6.153253174e+01
6.067223358e+01
6.003940201e+01
5.919496536e+01
5.857909393e+01
5.783552170e+01
5.738911438e+01
5.659486771e+01
5.629177856e+01
5.557054520e+01
5.516705704e+01
5.476991272e+01
5.369482040e+01
5.313874817e+01
5.280268478e+01
5.209205246e+01
5.166096115e+01
5.167669678e+01
5.174603271e+01
5.118629837e+01
5.100334549e+01
5.060132217e+01
5.028783417e+01
4.965348816e+01
4.919443130e+01
4.826465988e+01
4.803567123e+01
4.779645920e+01
4.691670990e+01
4.629726791e+01
4.579707336e+01
4.542240524e+01
4.558572388e+01
4.529272079e+01
4.483991623e+01
4.436130905e+01
4.439101410e+01
4.396693420e+01
4.338051605e+01
4.264681244e+01
4.192991257e+01
4.111016083e+01
4.091659164e+01
4.090752411e+01
4.024134064e+01
4.008053970e+01
4.004484940e+01
3.975239944e+01
3.987246323e+01
4.015850067e+01
3.979652786e+01
3.890837479e+01
3.873333740e+01
3.830811691e+01
3.814765549e+01
3.734247589e+01
3.678770065e+01
3.613891220e+01
3.595972061e+01
3.571644211e+01
3.520757675e+01
3.519620514e+01
3.488133621e+01
3.459275055e+01
3.438902283e+01
3.404145432e+01
3.364852905e+01
3.328031540e+01
3.333950806e+01
3.286314774e+01
3.253355789e+01
3.199833679e+01
3.179434586e+01
3.138732529e+01
3.144208336e+01
3.132336617e+01
3.075104141e+01
3.066188431e+01
3.038181686e+01
3.001022720e+01
2.975603867e+01
2.965958977e+01
2.948127937e+01
2.904258347e+01
2.895784569e+01
2.847386932e+01
2.830999947e+01
2.797414589e+01
2.781564713e+01
2.718971634e+01
2.692272568e+01
2.670354271e+01
2.645535088e+01
2.678582001e+01
2.678670502e+01
2.652754402e+01
2.604183960e+01
2.587646675e+01
2.583737946e+01
2.529413414e+01
2.521191978e+01
2.496003914e+01
2.500585556e+01
2.487432480e+01
2.488317490e+01
2.447962761e+01
2.447704506e+01
2.432522583e+01
2.376999283e+01
2.361572647e+01
2.342813301e+01
2.308791924e+01
2.265491486e+01
2.268373489e+01
2.267523384e+01
2.244950294e+01
2.282786179e+01
2.280380440e+01
2.279169083e+01
2.229434204e+01
2.231995583e+01
2.209844780e+01
2.206929970e+01
2.192551804e+01
2.169578171e+01
2.185066986e+01
2.171451569e+01
2.152269936e+01
2.119596863e+01
2.059876633e+01
2.040282059e+01
2.019332123e+01
2.049653625e+01
2.030434227e+01
2.015538025e+01
1.991235161e+01
2.003161049e+01
1.964038277e+01
1.977034569e+01
1.991085815e+01
1.953119659e+01
1.936727142e+01
1.908786964e+01
1.897883606e+01
1.878956604e+01
1.836713982e+01
1.814183807e+01
1.784105682e+01
1.803537369e+01
1.810607147e+01
1.844029427e+01
1.851493073e+01
1.843245316e+01
1.765313339e+01
1.746739578e+01
1.756921768e+01
1.756819916e+01
1.784969711e+01
1.769372749e+01
1.742516708e+01
1.723146629e+01
1.728506470e+01
1.728779602e+01
1.672709846e+01
1.663876724e+01
1.636612320e+01
1.640699196e+01
1.645405769e+01
1.673337746e+01
1.647285652e+01
1.643485260e+01
1.640910149e+01
1.612610435e+01
1.620170403e+01
1.602189636e+01
1.598838806e+01
1.610144806e+01
1.600608826e+01
1.571389198e+01
1.517348957e+01
1.527769661e+01
1.503883457e+01
1.516307449e+01
1.496799946e+01
1.480011177e+01
1.454503536e+01
1.497918034e+01
1.538866997e+01
1.509305954e+01
1.494695377e+01
1.470774937e+01
1.430044937e+01
1.391194439e+01
1.375740623e+01
1.380657768e+01
1.338606930e+01
1.392195511e+01
1.412914562e+01
1.415400600e+01
1.357002258e+01
1.328846455e+01
1.309503651e+01
1.355388927e+01
1.354189968e+01
1.306077957e+01
1.304449463e+01
1.276088810e+01
1.264918900e+01
1.269891357e+01
1.290214729e+01
1.288368988e+01
1.241931343e+01
1.255934715e+01
1.240426540e+01
1.258148289e+01
1.248115826e+01
1.244935036e+01
1.204954910e+01
1.202087307e+01
1.211690235e+01
1.189929104e+01
1.190494442e+01
1.156630230e+01
1.128269863e+01
1.100856781e+01
1.097744179e+01
1.122834873e+01
1.111120701e+01
1.113837624e+01
1.048692799e+01
1.024369907e+01
1.002335644e+01
1.039204407e+01
1.035144711e+01
1.051907635e+01
1.055285740e+01
1.009985161e+01
1.022762680e+01
1.025663948e+01
1.021918106e+01
1.032114029e+01
1.041186428e+01
1.027598095e+01
9.782053947e+00
9.915475845e+00
9.802893639e+00
9.946057320e+00
9.882375717e+00
1.002854347e+01
9.575952530e+00
9.481348991e+00
9.449882507e+00
9.138344765e+00
9.275244713e+00
9.228037834e+00
9.155981064e+00
8.959817886e+00
9.050884247e+00
9.295134544e+00
9.192213058e+00
9.339745522e+00
9.017507553e+00
9.190918922e+00
9.197047234e+00
9.458123207e+00
9.198614120e+00
9.074865341e+00
9.051226616e+00
8.844918251e+00
9.109333038e+00
9.207608223e+00
8.919839859e+00
8.648080826e+00
8.553881645e+00
8.536173820e+00
8.278233528e+00
8.755351067e+00
8.843283653e+00
9.006611824e+00
8.816921234e+00
8.873183250e+00
8.694257736e+00
8.814815521e+00
8.778921127e+00
8.325776100e+00
8.337491035e+00
8.227832794e+00
8.096991539e+00
8.049517632e+00
8.061505318e+00
8.022410393e+00
7.957568645e+00
8.357859612e+00
8.379316330e+00
8.455393791e+00
8.252830505e+00
8.423241615e+00
8.220134735e+00
8.204877853e+00
8.071449280e+00
7.932094097e+00
8.330131531e+00
8.416501045e+00
8.278985977e+00
8.034878731e+00
8.056401253e+00
8.297717094e+00
7.943129063e+00
7.989240170e+00
7.822230816e+00
8.158360481e+00
8.325367928e+00
8.634525299e+00
8.342803001e+00
8.233760834e+00
8.189760208e+00
7.846960068e+00
7.955732822e+00
7.960361004e+00
7.946533680e+00
7.971191883e+00
7.849749565e+00
7.756165504e+00
7.570155621e+00
7.831224442e+00
7.706104279e+00
7.899674892e+00
7.658766270e+00
7.456682205e+00
7.105092049e+00
7.345791817e+00
7.704874992e+00
7.538140297e+00
7.661624908e+00
7.456203461e+00
7.163462639e+00
7.173816681e+00
7.376445770e+00
7.626614094e+00
7.389387608e+00
7.443532467e+00
7.078938484e+00
6.980107784e+00
6.700512886e+00
6.816505432e+00
6.628110409e+00
6.655218124e+00
6.791032791e+00
6.588264465e+00
6.709571362e+00
6.682188988e+00
6.488342762e+00
6.449316502e+00
6.468999386e+00
6.525532246e+00
6.329441071e+00
6.547264099e+00
6.455173969e+00
6.762562752e+00
6.734973431e+00
6.930790424e+00
6.720396996e+00
6.719445705e+00
6.746557713e+00
6.549237251e+00
6.880868912e+00
7.099303722e+00
7.198131084e+00
6.974458218e+00
6.621227741e+00
6.267664433e+00
5.869621754e+00
6.181707859e+00
6.196080208e+00
6.283060551e+00
6.023761749e+00
6.196694374e+00
5.979283333e+00
6.133416653e+00
6.371535301e+00
6.241169453e+00
6.362340450e+00
6.407225132e+00
6.453403473e+00
6.334274769e+00
6.253907204e+00
6.343405724e+00
6.058569431e+00
6.182871342e+00
5.919414997e+00
6.016406536e+00
5.950403214e+00
6.030437469e+00
5.734422207e+00
5.774676800e+00
5.829575062e+00
5.681840897e+00
6.042017460e+00
6.128444195e+00
6.063063622e+00
5.980235577e+00
6.170470715e+00
6.308396816e+00
5.984250069e+00
6.025800705e+00
5.685104847e+00
5.729786396e+00
5.672437668e+00
5.839037895e+00
5.566864014e+00
5.694639206e+00
5.847411633e+00
5.825276375e+00
6.168627739e+00
6.376368046e+00
6.218144894e+00
5.883651733e+00
5.743478775e+00
5.780736446e+00
5.498957634e+00
5.465925217e+00
5.256484985e+00
5.574361324e+00
5.629326820e+00
5.874255657e+00
5.708198547e+00
5.822556496e+00
5.796195507e+00
5.506045341e+00
5.751176357e+00
5.798037529e+00
5.696959496e+00
5.615971565e+00
5.503526211e+00
5.675091743e+00
5.675839901e+00
6.032949924e+00
5.829570770e+00
5.884194374e+00
5.636747360e+00
5.617743492e+00
5.297760010e+00
5.458570004e+00
5.845103264e+00
5.776039124e+00
5.919415951e+00
5.899048805e+00
5.905041695e+00
5.835091114e+00
5.698529243e+00
5.525794029e+00
5.313762665e+00
5.437657833e+00
5.206293583e+00
5.314313889e+00
5.285912991e+00
5.517076969e+00
5.277807713e+00
5.376698017e+00
5.393523216e+00
5.138725758e+00
5.465178967e+00
5.597310543e+00
5.481863022e+00
5.291429996e+00
5.260097027e+00
5.310842514e+00
5.186607838e+00
5.403808117e+00
5.149351120e+00
5.332084656e+00
5.267996788e+00
5.409120560e+00
5.245043278e+00
5.449035645e+00
5.395160198e+00
5.006249905e+00
5.137157440e+00
5.095201015e+00
5.070546150e+00
5.111891270e+00
5.069664001e+00
5.000460148e+00
4.644982338e+00
4.881053925e+00
4.796389103e+00
4.914903641e+00
4.875944614e+00
5.158138275e+00
4.845499039e+00
4.667867661e+00
4.635105610e+00
4.526408195e+00
4.776094437e+00
4.657855511e+00
4.600026131e+00
4.529669285e+00
4.429481983e+00
4.559504509e+00
4.286384583e+00
4.503110409e+00
4.389637470e+00
4.540638924e+00
4.429349422e+00
4.499164104e+00
4.182790756e+00
4.180338383e+00
4.313084602e+00
4.128437042e+00
4.250626087e+00
4.331539631e+00
4.466465473e+00
4.581843853e+00
4.678831100e+00
4.593967438e+00
4.110999584e+00
4.223040104e+00
4.027224541e+00
4.245722771e+00
4.264044762e+00
4.451073170e+00
4.253350258e+00
4.467419147e+00
4.577072144e+00
4.309132099e+00
4.482813358e+00
4.402987003e+00
4.262204170e+00
4.060803413e+00
4.037988186e+00
4.231421947e+00
4.226111889e+00
4.546563625e+00
4.387663841e+00
4.444672585e+00
4.394137383e+00
4.585592270e+00
4.325005054e+00
4.565227032e+00
4.729437351e+00
4.302731037e+00
4.427304268e+00
4.505426884e+00
4.553031921e+00
4.443378448e+00
4.364029884e+00
4.447939873e+00
4.295713902e+00
4.602480412e+00
4.437384129e+00
4.501070976e+00
4.367504597e+00
4.620120049e+00
4.403738022e+00
4.385891914e+00
4.369070053e+00
4.073336601e+00
4.129527092e+00
4.204856873e+00
4.292785168e+00
4.336442947e+00
4.468984604e+00
4.495890617e+00
4.279639244e+00
4.545744419e+00
4.403940678e+00
4.434045315e+00
4.345844746e+00
4.454278469e+00
4.011497498e+00
4.064893246e+00
4.405983925e+00
4.311856747e+00
4.424373627e+00
4.342982292e+00
4.343389988e+00
4.404349327e+00
4.447190762e+00
4.479816437e+00
4.228012085e+00
4.556506634e+00
4.355515003e+00
4.417084694e+00
4.341277122e+00
4.561273575e+00
4.185168266e+00
4.275280952e+00
4.442766190e+00
4.181292534e+00
4.319011688e+00
4.431664944e+00
4.615011692e+00
4.696610451e+00
4.671067715e+00
4.815597534e+00
4.610178947e+00
4.728820324e+00
4.431525230e+00
4.457407475e+00
4.316012859e+00
4.532942772e+00
4.312810421e+00
4.419676304e+00
4.598326683e+00
4.366960526e+00
4.434866428e+00
4.276850700e+00
4.202472687e+00
4.230942249e+00
4.424510956e+00
4.644709110e+00
4.536144733e+00
4.836305141e+00
4.719971180e+00
4.742650986e+00
4.635719299e+00
4.724121571e+00
4.291968346e+00
4.372677803e+00
4.593011856e+00
4.294216156e+00
4.367638111e+00
4.357489586e+00
4.293463707e+00
4.282021999e+00
4.358442307e+00
4.510396957e+00
4.434384823e+00
4.786040783e+00
4.651720047e+00
4.706823826e+00
4.464903355e+00
4.395089626e+00
4.039348125e+00
4.136541367e+00
4.393179893e+00
4.185238361e+00
4.177611351e+00
4.121557236e+00
4.195049286e+00
4.230739117e+00
4.323369503e+00
4.498686314e+00
4.300144672e+00
4.441677570e+00
4.135520458e+00
4.091451645e+00
3.927646875e+00
4.047792912e+00
3.715623856e+00
3.670330286e+00
3.809545279e+00
3.694577694e+00
4.104053497e+00
4.110864162e+00
3.953329325e+00
3.789932966e+00
3.823715448e+00
4.118969917e+00
4.207310677e+00
4.511424065e+00
4.203495026e+00
4.040643215e+00
3.690899611e+00
3.691374302e+00
3.516741991e+00
3.641244888e+00
3.804094791e+00
3.651532173e+00
3.906125069e+00
3.809684038e+00
3.820378065e+00
3.790001154e+00
3.845647573e+00
4.051271439e+00
4.021367073e+00
4.342232704e+00
4.125031948e+00
4.298779488e+00
4.139812469e+00
4.185038567e+00
3.882767200e+00
3.976618290e+00
4.120944023e+00
3.874797344e+00
3.917638302e+00
3.961705446e+00
4.122853279e+00
4.204245090e+00
4.336106300e+00
4.413748741e+00
4.034308434e+00
4.120945454e+00
4.032949448e+00
4.342031479e+00
4.317103386e+00
4.440383911e+00
4.148330688e+00
4.122379780e+00
4.164265156e+00
3.891417265e+00
4.070748329e+00
4.146213055e+00
4.229103565e+00
