3.694041967e-01
2.536175549e-01
1.821974665e-01
1.759611964e-01
2.033413798e-01
2.058358788e-01
1.636371464e-01
1.187657341e-01
9.236554801e-02
9.325644374e-02
9.827514738e-02
1.091440693e-01
9.301886708e-02
1.275262088e-01
1.434732229e-01
1.716255099e-01
1.590935886e-01
1.270510554e-01
1.108961627e-01
8.410991728e-02
6.459931284e-02
6.053089723e-02
6.801441312e-02
6.884591281e-02
1.115494892e-01
1.555597037e-01
1.824944317e-01
1.732588112e-01
1.591826677e-01
9.468187392e-02
4.057484493e-02
4.463900346e-03
-3.613548120e-03
2.453873493e-02
4.185179621e-02
6.041210890e-02
6.777684391e-02
9.892847389e-02
9.631518275e-02
1.026999280e-01
1.171027347e-01
1.014823690e-01
7.710154355e-02
4.259420931e-02
4.390085489e-02
4.149543867e-02
5.940242857e-02
9.717638046e-02
7.196404785e-02
4.496992752e-02
1.711460948e-02
1.040320098e-02
1.420435309e-02
-1.546245255e-02
-2.027134178e-05
1.809459552e-02
3.374465182e-02
6.727200001e-02
9.396915883e-02
1.134797558e-01
9.536489099e-02
8.161541075e-02
4.954319075e-02
3.691791324e-03
8.205659688e-03
3.917911276e-02
6.525263935e-02
1.133609712e-01
1.223887056e-01
1.130046174e-01
6.394599378e-02
2.412298508e-02
-1.477943268e-02
-3.538880497e-02
-5.463213846e-02
-4.117962345e-02
-3.586394712e-02
-6.464412436e-03
1.669885963e-02
6.272843480e-02
1.118167564e-01
1.210523695e-01
8.604019135e-02
5.402736366e-02
1.788671874e-02
-2.900832100e-03
-8.899525739e-03
2.091576159e-02
5.405705795e-02
3.543735296e-02
1.655037701e-02
1.643159054e-02
1.818368398e-02
2.792413719e-02
3.715974838e-02
5.473581608e-03
-4.159537330e-02
-4.771285132e-02
-5.011827126e-02
1.366981585e-02
6.332236528e-02
9.242493659e-02
7.962574810e-02
6.198602542e-02
4.001061246e-02
4.574203864e-02
4.306935146e-02
5.955091119e-02
4.998863861e-02
3.127984330e-02
1.197711565e-02
2.236662898e-03
1.405587047e-02
3.329920396e-02
2.047031559e-02
5.176616367e-03
-1.371035911e-02
-3.039979190e-02
-9.968599305e-03
8.710499853e-03
4.336631671e-02
7.080588490e-02
6.777684391e-02
6.091694906e-02
4.969167337e-02
3.715974838e-02
5.479947105e-02
4.912744090e-02
4.615778849e-02
3.840700164e-02
1.170984656e-02
4.790561739e-03
6.275387015e-03
2.560780942e-02
5.521522090e-02
6.554960459e-02
5.765033513e-02
2.667688392e-02
-7.474093232e-03
5.087526981e-03
1.138318516e-02
5.848183855e-02
6.670776755e-02
5.554188415e-02
4.191118851e-02
3.291314840e-02
3.900093213e-02
6.736109406e-02
7.600277662e-02
6.070907414e-02
2.480600402e-02
5.948725622e-03
4.968740977e-03
5.177042633e-02
6.938045472e-02
8.990073949e-02
7.517126948e-02
5.349282548e-02
6.664837152e-02
8.621837199e-02
8.651533723e-02
8.393173665e-02
5.361161008e-02
3.413070738e-02
1.503585465e-02
2.955744416e-02
6.964772195e-02
7.647791505e-02
9.215766937e-02
8.081360906e-02
8.366446942e-02
1.006508693e-01
8.993043005e-02
1.046895906e-01
8.312993497e-02
6.673746556e-02
6.554960459e-02
5.373039842e-02
7.202344388e-02
8.140753955e-02
8.004149795e-02
8.057603240e-02
6.691564620e-02
7.303312421e-02
6.801441312e-02
9.239523858e-02
1.228638515e-01
1.092034653e-01
1.351285130e-01
9.934422374e-02
9.488974512e-02
8.699047565e-02
1.029671952e-01
8.503051102e-02
7.668579370e-02
7.181556523e-02
7.820031792e-02
9.001952410e-02
1.039768755e-01
1.158554778e-01
1.205475256e-01
1.255959272e-01
7.151859999e-02
9.744364768e-02
5.485886335e-02
6.269873679e-02
1.030265912e-01
1.280013472e-01
1.390187442e-01
1.235171780e-01
1.142221689e-01
8.369416744e-02
8.093239367e-02
7.472582161e-02
5.860062316e-02
7.650761306e-02
5.331464484e-02
9.527580440e-02
1.114900932e-01
1.114603952e-01
1.155288145e-01
1.179936230e-01
1.211711541e-01
1.219135672e-01
1.037690043e-01
7.615125924e-02
8.176389337e-02
1.029671952e-01
1.510161310e-01
1.715661138e-01
1.867410243e-01
1.593311578e-01
1.288328469e-01
8.779228479e-02
8.134814352e-02
1.015417650e-01
1.018684283e-01
1.013635844e-01
7.442885637e-02
7.849727571e-02
9.750304371e-02
1.214681193e-01
1.485810280e-01
1.229232475e-01
1.206069216e-01
1.457895488e-01
1.677649617e-01
1.640232056e-01
1.613802165e-01
1.355442554e-01
1.302582771e-01
1.179045364e-01
1.175778732e-01
8.761410415e-02
1.290407181e-01
3.430040181e-01
6.256271601e-01
8.808394670e-01
1.224697232e+00
3.563429260e+01
2.362700653e+02
4.369528503e+02
4.953656311e+02
4.532093201e+02
3.752452087e+02
2.962377014e+02
2.311408539e+02
1.821065826e+02
1.462310944e+02
1.207033768e+02
1.024413528e+02
8.901131439e+01
7.894339752e+01
7.135473633e+01
6.634787750e+01
6.264946365e+01
5.963830185e+01
5.701627731e+01
5.520350647e+01
5.336389160e+01
5.180005646e+01
5.010271835e+01
4.850379562e+01
4.689471436e+01
4.548263931e+01
4.470513916e+01
4.374712372e+01
4.288040924e+01
4.191812134e+01
4.084579849e+01
4.007057190e+01
3.927793884e+01
3.862670517e+01
3.759518814e+01
3.694639587e+01
3.626306152e+01
3.589873123e+01
3.555101395e+01
3.514635468e+01
3.453572845e+01
3.385138702e+01
3.357101440e+01
3.323973465e+01
3.270885086e+01
3.220862961e+01
3.180142403e+01
3.154136276e+01
3.098518372e+01
3.047313690e+01
2.977141380e+01
2.939568901e+01
2.918198586e+01
2.914843178e+01
2.856397629e+01
2.810509109e+01
2.772953415e+01
2.719498253e+01
2.702278328e+01
2.668346405e+01
2.637282753e+01
2.598703575e+01
2.566114998e+01
2.536659050e+01
2.485609627e+01
2.460911751e+01
2.419499207e+01
2.399616051e+01
2.363020706e+01
2.348104477e+01
2.304292488e+01
2.289710999e+01
2.285351944e+01
2.264924622e+01
2.262088966e+01
2.241868210e+01
2.217898560e+01
2.195699310e+01
2.175348091e+01
2.144317436e+01
2.091422272e+01
2.066953850e+01
2.036777115e+01
2.020657158e+01
1.992810631e+01
1.980908966e+01
1.947739601e+01
1.928735542e+01
1.918497086e+01
1.891103935e+01
1.886951256e+01
1.882291412e+01
1.877296829e+01
1.867515182e+01
1.849112701e+01
1.837299728e+01
1.809537506e+01
1.803138351e+01
1.782581711e+01
1.770381546e+01
1.740173912e+01
1.715269661e+01
1.679450226e+01
1.674319077e+01
1.672349739e+01
1.650509071e+01
1.646133423e+01
1.613528061e+01
1.580941677e+01
1.562806034e+01
1.548964024e+01
1.547232533e+01
1.534412956e+01
1.534876251e+01
1.518954849e+01
1.526147079e+01
1.514622116e+01
1.503212929e+01
1.462986183e+01
1.455716133e+01
1.448452377e+01
1.430123806e+01
1.432306004e+01
1.408807564e+01
1.385483742e+01
1.370237350e+01
1.357978058e+01
1.349885750e+01
1.324807262e+01
1.330992889e+01
1.321352959e+01
1.319927597e+01
1.304479599e+01
1.283699322e+01
1.241075039e+01
1.230939198e+01
1.232584190e+01
1.218142414e+01
1.216833019e+01
1.199879456e+01
1.194347382e+01
1.186997509e+01
1.180235386e+01
1.173565197e+01
1.147420406e+01
1.150651550e+01
1.137664890e+01
1.132010555e+01
1.115261841e+01
1.111701488e+01
1.087981319e+01
1.082858753e+01
1.076679039e+01
1.053838730e+01
1.065429306e+01
1.064755726e+01
1.052440739e+01
1.044597721e+01
1.034236622e+01
1.026739025e+01
9.949563026e+00
9.920460701e+00
9.734643936e+00
9.765034676e+00
9.736907005e+00
9.856495857e+00
9.743649483e+00
9.769573212e+00
9.729627609e+00
9.409899712e+00
9.338958740e+00
9.217466354e+00
9.161323547e+00
9.153010368e+00
9.115685463e+00
9.175996780e+00
9.047331810e+00
9.008967400e+00
8.753161430e+00
8.719600677e+00
8.571443558e+00
8.527312279e+00
8.260519028e+00
8.238927841e+00
8.269844055e+00
8.112782478e+00
8.156876564e+00
8.133893013e+00
7.992998123e+00
7.785802841e+00
7.650858402e+00
7.710963726e+00
7.702559948e+00
7.873764992e+00
7.764415741e+00
7.811454296e+00
7.808543682e+00
7.877059460e+00
7.582584858e+00
7.513387680e+00
7.468427181e+00
7.341391087e+00
7.383085728e+00
7.305433273e+00
7.229292393e+00
7.215453625e+00
7.243783951e+00
7.226946354e+00
7.099518776e+00
7.200751305e+00
6.995461941e+00
6.904122829e+00
6.695061684e+00
6.698832035e+00
6.668035984e+00
6.884515762e+00
6.980107784e+00
6.775206566e+00
6.680240154e+00
6.516343117e+00
6.386683941e+00
6.250736713e+00
6.271996975e+00
6.358238220e+00
6.218958855e+00
6.282481670e+00
6.103735447e+00
5.985599041e+00
5.852357388e+00
5.940576553e+00
5.799791813e+00
5.906634331e+00
5.974199295e+00
5.830438614e+00
5.910107613e+00
5.921747684e+00
5.902654648e+00
5.850485325e+00
5.752990246e+00
5.859333992e+00
5.830885887e+00
5.969396114e+00
5.788094044e+00
5.691993237e+00
5.471918106e+00
5.513611317e+00
5.358236313e+00
5.380212784e+00
5.340210438e+00
5.160988331e+00
5.210967541e+00
5.124161243e+00
5.097167969e+00
5.198254585e+00
5.257386208e+00
5.232201576e+00
5.019250870e+00
5.051585674e+00
4.954243183e+00
5.106048107e+00
5.163515568e+00
5.219764233e+00
5.002524376e+00
4.978085041e+00
5.020046234e+00
4.844933033e+00
4.898211479e+00
4.844964981e+00
4.743136406e+00
4.749312401e+00
4.781857014e+00
4.741858482e+00
4.528996944e+00
4.648941040e+00
4.503901482e+00
4.535290718e+00
4.349771976e+00
4.371330738e+00
4.206781387e+00
4.266592026e+00
4.288180351e+00
4.120250225e+00
4.205386639e+00
4.132010460e+00
4.104332924e+00
4.058839798e+00
3.991125345e+00
3.918281794e+00
3.752221823e+00
3.874036074e+00
3.726623058e+00
3.769329309e+00
3.737733364e+00
3.872938633e+00
3.792639732e+00
3.794360399e+00
3.809683800e+00
3.712873936e+00
3.726297379e+00
3.728643894e+00
3.797863483e+00
3.784292221e+00
3.831539392e+00
3.832964897e+00
3.732947588e+00
3.817314863e+00
3.586903811e+00
3.529528856e+00
3.462857723e+00
3.589131594e+00
3.433934689e+00
3.434408188e+00
3.522191525e+00
3.427076340e+00
3.589218616e+00
3.572470903e+00
3.480588436e+00
3.315027714e+00
3.183116198e+00
3.133137465e+00
2.945124865e+00
3.122621298e+00
3.147687912e+00
3.260772705e+00
3.278589725e+00
3.403674126e+00
3.298899651e+00
3.359779358e+00
3.430873632e+00
3.375340700e+00
3.464580774e+00
3.407327175e+00
3.361175060e+00
3.249100924e+00
3.277134895e+00
3.351465225e+00
3.121520519e+00
3.204082012e+00
3.077570200e+00
3.087641001e+00
2.971912861e+00
3.145429611e+00
3.061923504e+00
3.162890673e+00
3.231402874e+00
3.145518541e+00
3.318709612e+00
3.299168825e+00
3.272886515e+00
3.197488070e+00
3.096193314e+00
3.104151964e+00
2.957004786e+00
3.013129234e+00
2.975444555e+00
3.085741997e+00
3.031097651e+00
3.240190268e+00
3.152971029e+00
3.169216871e+00
3.160426378e+00
2.958043337e+00
3.053996325e+00
3.071367979e+00
3.076624155e+00
3.065518141e+00
2.998967886e+00
3.026735067e+00
3.057114124e+00
3.229322195e+00
3.062307596e+00
3.036945820e+00
2.920179844e+00
3.050993204e+00
3.059042931e+00
3.152794361e+00
3.096460104e+00
2.928526878e+00
3.042977571e+00
3.031837702e+00
2.988690615e+00
2.911389589e+00
2.845698118e+00
2.875394106e+00
2.893657446e+00
3.146676302e+00
3.108754873e+00
3.139580250e+00
3.001607180e+00
3.016872883e+00
2.854876757e+00
2.845819235e+00
2.906430721e+00
2.830199242e+00
2.934851170e+00
2.906103134e+00
2.850630999e+00
2.801422596e+00
2.820548058e+00
2.857280254e+00
2.704490423e+00
2.816149712e+00
2.736800194e+00
2.838098526e+00
2.801037312e+00
2.826397181e+00
2.612755537e+00
2.661074638e+00
2.718093157e+00
2.616677284e+00
2.754085302e+00
2.848227024e+00
2.882851362e+00
2.801631212e+00
2.708530426e+00
2.664873362e+00
2.513573885e+00
2.569015265e+00
2.461130857e+00
2.509830713e+00
2.405658245e+00
2.459881067e+00
2.333108664e+00
2.422642708e+00
2.503626347e+00
2.408567429e+00
2.478206158e+00
2.435830832e+00
2.443876266e+00
2.460655212e+00
2.499527454e+00
2.566047668e+00
2.446223974e+00
2.503418207e+00
2.301360846e+00
2.378098965e+00
2.362151861e+00
2.510991573e+00
2.353331089e+00
2.450083256e+00
2.509626627e+00
2.349794865e+00
2.377474308e+00
2.268336535e+00
2.283809185e+00
2.348787546e+00
2.341126204e+00
2.234514952e+00
2.093488932e+00
2.271692991e+00
2.243276834e+00
2.351487637e+00
2.329542875e+00
2.420713902e+00
2.248619795e+00
2.246243715e+00
2.274664164e+00
2.129419804e+00
2.162058115e+00
2.130814791e+00
2.150296926e+00
2.209513664e+00
2.283691883e+00
2.377119303e+00
2.297974825e+00
2.344096422e+00
2.201346636e+00
2.243457317e+00
2.173846722e+00
2.225876570e+00
2.072821140e+00
2.085532665e+00
2.160604477e+00
2.065815687e+00
2.163332939e+00
2.159087181e+00
2.132984877e+00
2.107714653e+00
2.098627806e+00
2.185489178e+00
2.125174761e+00
2.247789145e+00
2.189643860e+00
2.253311872e+00
2.251025677e+00
2.359598398e+00
2.187655210e+00
2.139664650e+00
2.052511454e+00
1.856665254e+00
1.948279619e+00
1.989767432e+00
2.046511412e+00
2.108339548e+00
2.236917496e+00
2.279027700e+00
2.118435383e+00
2.185664177e+00
2.025161028e+00
2.065279722e+00
2.102605820e+00
2.228753805e+00
2.071604967e+00
2.067000151e+00
2.170787096e+00
2.090609789e+00
2.176547766e+00
2.092097998e+00
1.936963558e+00
1.800211668e+00
1.747916341e+00
1.835222244e+00
1.802318692e+00
1.952495575e+00
1.805081487e+00
1.813397169e+00
1.800864100e+00
2.027714968e+00
2.001049757e+00
2.105870485e+00
2.100141048e+00
1.845141292e+00
1.847724915e+00
1.840954304e+00
1.856901169e+00
1.851051807e+00
1.878519535e+00
1.920066118e+00
1.822602153e+00
1.917840004e+00
1.770721912e+00
1.832758069e+00
1.861801028e+00
2.036266565e+00
1.910651803e+00
1.885499835e+00
1.975781798e+00
1.920333743e+00
2.053311110e+00
2.048052311e+00
2.039856195e+00
1.978276372e+00
1.921344638e+00
1.881786823e+00
1.725019455e+00
1.818445325e+00
1.738235354e+00
1.807249069e+00
1.705479860e+00
1.773394585e+00
1.645284534e+00
1.737581015e+00
1.833946705e+00
1.670526385e+00
1.729562998e+00
1.706905007e+00
1.676406980e+00
1.665955424e+00
1.686504722e+00
1.750290990e+00
1.578142643e+00
1.627615809e+00
1.505000114e+00
1.572617412e+00
1.565996051e+00
1.669933319e+00
1.570687652e+00
1.596672297e+00
1.599612474e+00
1.448608160e+00
1.548269749e+00
1.545389056e+00
1.567305207e+00
1.530896664e+00
1.515365839e+00
1.520503402e+00
1.398362994e+00
1.530124545e+00
1.476196170e+00
1.563711762e+00
1.553526282e+00
1.651643157e+00
1.528759718e+00
1.573096991e+00
1.639196754e+00
1.536239505e+00
1.661171913e+00
1.615261674e+00
1.592695355e+00
1.622598052e+00
1.623754382e+00
1.654995322e+00
1.589069366e+00
1.690511823e+00
1.542862773e+00
1.623159528e+00
1.550998688e+00
1.552958608e+00
1.393016696e+00
1.501167417e+00
1.561748743e+00
1.420960665e+00
1.462803721e+00
1.383603454e+00
1.369884133e+00
1.402074337e+00
1.451846480e+00
1.534341693e+00
1.507198572e+00
1.670793176e+00
1.600741148e+00
1.683712959e+00
1.634359956e+00
1.726890326e+00
1.588983655e+00
1.633349180e+00
1.626725912e+00
1.503993034e+00
1.617521405e+00
1.632249713e+00
1.622093201e+00
1.561660886e+00
1.602759838e+00
1.661498666e+00
1.503486991e+00
1.583073139e+00
1.460279822e+00
1.559106946e+00
1.536302090e+00
1.645493865e+00
1.516671538e+00
1.556643248e+00
1.592900872e+00
1.489115357e+00
1.592517614e+00
1.590585947e+00
1.582507610e+00
1.553377151e+00
1.583221674e+00
1.665805578e+00
1.641128659e+00
1.750498772e+00
1.599138975e+00
1.605700016e+00
1.528551579e+00
1.676288128e+00
1.594000101e+00
1.681930304e+00
1.722791314e+00
1.567243576e+00
1.641543984e+00
1.648433805e+00
1.646414638e+00
1.633139133e+00
1.664825082e+00
1.717209697e+00
1.581318736e+00
1.682969689e+00
1.638691902e+00
1.714922190e+00
1.633554697e+00
1.673970461e+00
1.526055932e+00
1.565965176e+00
1.601452589e+00
1.472811699e+00
1.582626104e+00
1.613630414e+00
1.623431683e+00
1.683358073e+00
1.733601451e+00
1.813128948e+00
1.670615673e+00
1.747766972e+00
1.629158854e+00
1.706904292e+00
1.686978459e+00
1.741619349e+00
1.616540432e+00
1.660964608e+00
1.643502355e+00
1.496331096e+00
1.598512769e+00
1.612262249e+00
1.592603207e+00
1.498764753e+00
1.457724690e+00
1.549574852e+00
1.525788903e+00
1.724931002e+00
1.659271836e+00
1.698738933e+00
1.561573863e+00
1.614285111e+00
1.455204725e+00
1.540193081e+00
1.598988175e+00
1.423902750e+00
1.469931602e+00
1.442639828e+00
1.442283630e+00
1.413359284e+00
1.398777604e+00
1.525283575e+00
1.520770192e+00
1.657073855e+00
1.562728286e+00
1.557650924e+00
1.501348615e+00
1.649710059e+00
1.544466972e+00
1.638542533e+00
1.664794922e+00
1.462655067e+00
1.479938149e+00
1.438871384e+00
1.417697787e+00
1.403591990e+00
1.357087493e+00
1.436254621e+00
1.361570477e+00
1.534044266e+00
1.462714434e+00
1.449766517e+00
1.368339181e+00
1.472721696e+00
1.372914076e+00
1.427464485e+00
1.486471653e+00
1.383960247e+00
1.480798483e+00
1.417249799e+00
1.367748022e+00
1.355631590e+00
1.398986459e+00
1.504378319e+00
1.447302222e+00
1.564959288e+00
1.440295935e+00
1.457964778e+00
1.342120171e+00
1.449231982e+00
1.363975406e+00
1.446322203e+00
1.494488001e+00
1.303779244e+00
1.370861769e+00
1.354976177e+00
1.305355668e+00
1.331191659e+00
1.352573156e+00
1.360026717e+00
1.283914804e+00
1.488343477e+00
1.417845964e+00
1.504438758e+00
1.499954343e+00
1.569087744e+00
1.389040589e+00
1.449797153e+00
1.483442783e+00
1.412380219e+00
1.555485845e+00
1.578293681e+00
1.607599735e+00
