8.041335642e-02
-1.302150358e-02
-9.016847610e-02
-1.357980818e-01
-1.652574092e-01
-1.814277023e-01
-1.916884780e-01
-1.834563315e-01
-1.986270100e-01
-2.092406005e-01
-2.130038589e-01
-1.848381609e-01
-1.587892920e-01
-1.419427991e-01
-1.259783208e-01
-1.248610914e-01
-1.106312424e-01
-1.189221889e-01
-1.231264621e-01
-1.447358429e-01
-1.653162092e-01
-1.747537851e-01
-1.930409074e-01
-1.998324245e-01
-1.751947850e-01
-1.770176291e-01
-1.705789119e-01
-1.653456092e-01
-1.806338876e-01
-1.746949852e-01
-1.741657704e-01
-1.470290869e-01
-1.347690672e-01
-1.374739259e-01
-1.443536431e-01
-1.446476430e-01
-1.444418430e-01
-1.275071353e-01
-9.157969803e-02
-1.101020277e-01
-8.408256620e-02
-6.832388788e-02
-7.343957573e-02
-9.184430540e-02
-8.273014426e-02
-1.058683544e-01
-9.002147615e-02
-9.131509811e-02
-1.064857692e-01
-1.081321985e-01
-8.752243221e-02
-9.437274933e-02
-1.011936739e-01
-1.146591157e-01
-9.252052009e-02
-7.523301244e-02
-5.888631940e-02
-5.230060220e-02
-5.244760588e-02
-5.221240222e-02
-3.736513481e-02
-3.924677148e-02
-3.845295683e-02
-4.089320078e-02
-4.565608501e-02
-4.877253994e-02
-3.845295683e-02
-4.256903008e-02
-3.057361580e-02
-4.236322641e-02
-3.780614585e-02
-3.736513481e-02
-4.662629962e-02
-1.707877591e-02
-1.563815027e-02
-8.523222990e-03
-1.684357040e-02
2.325569978e-03
2.149166772e-03
1.714343391e-02
1.011670846e-02
1.299795974e-02
2.073029801e-02
2.293533646e-02
3.057947196e-02
3.446034342e-02
4.948401079e-02
4.281008989e-02
5.427629501e-02
3.413693607e-02
1.902506687e-02
2.449356392e-02
1.264515333e-02
2.458176576e-02
2.155351266e-02
2.813922986e-02
3.810600564e-02
6.047980487e-02
7.567987591e-02
1.039337814e-01
1.056096107e-01
1.081086546e-01
1.151353791e-01
1.095198765e-01
1.046099886e-01
1.051392034e-01
9.326139092e-02
8.788109571e-02
7.894333452e-02
8.735188097e-02
9.725985676e-02
1.247787476e-01
1.376267821e-01
1.176344231e-01
1.322758794e-01
1.241025403e-01
1.406844258e-01
1.464469284e-01
1.411548406e-01
1.425954700e-01
1.118131205e-01
1.121365279e-01
1.039043814e-01
1.243083403e-01
1.239849329e-01
1.354217380e-01
1.284832209e-01
1.348043233e-01
1.384793967e-01
1.234263256e-01
1.223385036e-01
1.349513233e-01
1.387439966e-01
1.168994084e-01
1.151059791e-01
1.131655425e-01
1.316290647e-01
1.502690017e-01
1.558257043e-01
1.714667827e-01
1.865198463e-01
1.936347783e-01
1.717607826e-01
1.734660119e-01
1.820803732e-01
1.846088171e-01
1.989856660e-01
1.964866221e-01
1.982212514e-01
1.958692223e-01
2.021903247e-01
1.869020611e-01
1.902243197e-01
1.893129051e-01
1.952224076e-01
2.213888764e-01
2.396171987e-01
2.212418616e-01
2.326198667e-01
2.402345985e-01
2.307676375e-01
2.244171202e-01
2.206538618e-01
1.851380169e-01
1.713197827e-01
1.726427972e-01
1.967218369e-01
2.243877202e-01
2.234469056e-01
2.161555737e-01
2.233881056e-01
2.511127889e-01
2.409402132e-01
2.383823693e-01
2.362949401e-01
2.579337060e-01
2.784258723e-01
2.756328285e-01
2.631964087e-01
2.561402917e-01
2.568753064e-01
2.542292476e-01
2.408520132e-01
2.442918718e-01
2.272689790e-01
2.298856229e-01
2.355599254e-01
2.228882909e-01
2.482903451e-01
2.518184185e-01
2.580807209e-01
2.467321157e-01
2.443506718e-01
2.325316668e-01
2.292388082e-01
2.266221642e-01
2.391467839e-01
2.507894039e-01
2.507306039e-01
2.725457847e-01
2.789551020e-01
2.594625354e-01
2.846587896e-01
2.970658243e-01
2.879516482e-01
2.771910727e-01
2.827771604e-01
2.844823897e-01
2.918619215e-01
3.009466827e-01
3.113838732e-01
2.801311016e-01
2.875694335e-01
2.967130244e-01
3.083850145e-01
2.843353748e-01
2.723987699e-01
2.618733943e-01
2.796313167e-01
2.695469260e-01
2.770146728e-01
3.015346825e-01
2.990356386e-01
3.051803708e-01
3.093846440e-01
3.191456199e-01
3.317290246e-01
3.222326636e-01
3.017699122e-01
3.000646830e-01
3.096198440e-01
3.194102049e-01
3.314056396e-01
3.258195221e-01
3.027401268e-01
3.020639122e-01
3.178225756e-01
3.107958734e-01
3.013288975e-01
2.820421457e-01
2.788080871e-01
2.939787507e-01
3.104724586e-01
3.058565855e-01
3.157939613e-01
3.164113462e-01
3.179989755e-01
3.184987903e-01
3.104724586e-01
3.036221266e-01
2.953899801e-01
3.090318441e-01
2.970952094e-01
2.906858921e-01
3.322288394e-01
5.501458049e-01
7.707694173e-01
9.492620230e-01
3.446789980e+00
1.614067230e+02
5.920541382e+02
8.817648926e+02
9.045691528e+02
7.806567993e+02
6.195994873e+02
4.747804260e+02
3.621202698e+02
2.786867981e+02
2.190487213e+02
1.772881470e+02
1.477418976e+02
1.265000153e+02
1.105597763e+02
9.907319641e+01
9.225729370e+01
8.688430023e+01
8.137326050e+01
7.830374146e+01
7.967502594e+01
8.107771301e+01
8.010054016e+01
7.818560028e+01
7.583351135e+01
7.283936310e+01
6.898886108e+01
6.509447479e+01
6.172174454e+01
5.884559631e+01
5.648890305e+01
5.353028107e+01
4.877428436e+01
3.952416611e+01
3.182059097e+01
2.831988907e+01
2.767656136e+01
2.821970558e+01
2.910081482e+01
2.957418823e+01
2.957060242e+01
2.917833900e+01
2.873601723e+01
2.842480469e+01
2.780442429e+01
2.699928284e+01
2.606585693e+01
2.477877235e+01
2.348548317e+01
2.240043831e+01
2.144948196e+01
2.045283699e+01
1.956533623e+01
1.878772163e+01
1.832240295e+01
1.787354469e+01
1.722502708e+01
1.648655319e+01
1.575064659e+01
1.536798668e+01
1.490907764e+01
1.437903976e+01
1.381011200e+01
1.308284378e+01
1.252122116e+01
1.211089230e+01
1.165648556e+01
1.104570961e+01
1.071951294e+01
1.048684025e+01
1.040245533e+01
1.030123520e+01
1.000368690e+01
9.527916908e+00
8.892482758e+00
8.347267151e+00
8.014123917e+00
7.844735146e+00
7.473264217e+00
6.928082943e+00
6.532677174e+00
6.201414108e+00
5.925114632e+00
5.723157883e+00
5.501834393e+00
5.200546741e+00
4.889349937e+00
4.586608887e+00
4.260139942e+00
3.990664959e+00
3.682375908e+00
3.413986206e+00
3.082666159e+00
2.732612133e+00
2.295862675e+00
2.026458502e+00
1.937292099e+00
1.699000359e+00
1.557233334e+00
1.492493391e+00
1.536476016e+00
1.495227337e+00
1.392619252e+00
1.018586993e+00
8.153991699e-01
6.428168416e-01
3.630993962e-01
1.789639145e-01
3.548936173e-02
-1.897774488e-01
-4.567342103e-01
-7.044864893e-01
-7.537325025e-01
-8.343488574e-01
-7.832802534e-01
-7.255414128e-01
-6.909379363e-01
-6.508950591e-01
-8.272065520e-01
-1.140115857e+00
-1.410397649e+00
-1.720957398e+00
-1.929203272e+00
-2.072968245e+00
-2.130649328e+00
-2.126708269e+00
-2.090546846e+00
-2.163633823e+00
-2.101842642e+00
-2.187686682e+00
-2.225643635e+00
-2.305609941e+00
-2.334600210e+00
-2.465872765e+00
-2.571034193e+00
-2.764220953e+00
-2.984164715e+00
-3.164088249e+00
-3.235885143e+00
-3.319353819e+00
-3.367459059e+00
-3.468978643e+00
-3.608039856e+00
-3.628883839e+00
-3.446779728e+00
-3.345761061e+00
-3.350083351e+00
-3.427494049e+00
-3.429345608e+00
-3.432549953e+00
-3.555736780e+00
-3.801710129e+00
-3.861185074e+00
-3.811617374e+00
-3.771954536e+00
-3.779098511e+00
-3.807707071e+00
-3.840812445e+00
-3.773984194e+00
-3.805297136e+00
-3.784481049e+00
-3.716212988e+00
-3.619364500e+00
-3.694718122e+00
-3.718502998e+00
-3.709065437e+00
-3.610246658e+00
-3.667960882e+00
-3.759984493e+00
-3.810169697e+00
-3.808319330e+00
-3.723203421e+00
-3.672045708e+00
-3.555209875e+00
-3.537364244e+00
-3.486531973e+00
-3.365106106e+00
-3.422878981e+00
-3.535099030e+00
-3.580698729e+00
-3.547859192e+00
-3.567674637e+00
-3.608923674e+00
-3.570172787e+00
-3.546213150e+00
-3.500375032e+00
-3.377159357e+00
-3.208895922e+00
-3.146863222e+00
-3.173206091e+00
-3.247380733e+00
-3.258670568e+00
-3.053313017e+00
-2.924069643e+00
-2.899344683e+00
-3.101820230e+00
-3.128987312e+00
-3.112993717e+00
-2.999390125e+00
-2.871967793e+00
-2.757983923e+00
-2.605753422e+00
-2.488182068e+00
-2.433675289e+00
-2.441964626e+00
-2.373285294e+00
-2.336919546e+00
-2.362617970e+00
-2.357620478e+00
-2.399717331e+00
-2.405508757e+00
-2.336418390e+00
-2.248043776e+00
-2.290850401e+00
-2.281706333e+00
-2.277765274e+00
-2.247926474e+00
-2.166519165e+00
-2.067384481e+00
-1.966777205e+00
-1.995854735e+00
-2.082499504e+00
-2.095259190e+00
-1.954604030e+00
-1.792195201e+00
-1.667418122e+00
-1.510390401e+00
-1.446061611e+00
-1.390464067e+00
-1.325047970e+00
-1.222586155e+00
-1.248753548e+00
-1.290355563e+00
-1.338366151e+00
-1.410367370e+00
-1.374204516e+00
-1.347832680e+00
-1.284474730e+00
-1.305260181e+00
-1.374823689e+00
-1.411662579e+00
-1.499424100e+00
-1.513771296e+00
-1.358536243e+00
-1.214795113e+00
-1.223320484e+00
-1.231846690e+00
-1.281063795e+00
-1.306054473e+00
-1.174985409e+00
-1.128708959e+00
-1.133059740e+00
-1.125180364e+00
-1.177102923e+00
-1.194068193e+00
-1.150993586e+00
-1.207798243e+00
-1.361945391e+00
-1.472138524e+00
-1.479870439e+00
-1.488662958e+00
-1.498982549e+00
-1.376293302e+00
-1.262688756e+00
-1.282239914e+00
-1.300791621e+00
-1.467433810e+00
-1.560987353e+00
-1.595475316e+00
-1.627669096e+00
-1.642104149e+00
-1.586301923e+00
-1.535643220e+00
-1.553256869e+00
-1.497483611e+00
-1.430126786e+00
-1.430245280e+00
-1.502745867e+00
-1.530824065e+00
-1.482694864e+00
-1.424568295e+00
-1.451116204e+00
-1.530940056e+00
-1.489661932e+00
-1.474375248e+00
-1.530971289e+00
-1.524209142e+00
-1.540466070e+00
-1.520033121e+00
-1.544290423e+00
-1.530294657e+00
-1.584303617e+00
-1.553051233e+00
-1.535263538e+00
-1.507390499e+00
-1.471373677e+00
-1.385848045e+00
-1.298086762e+00
-1.274654508e+00
-1.241137743e+00
-1.240991116e+00
-1.217293382e+00
-1.211560726e+00
-1.323166132e+00
-1.337396145e+00
-1.299762845e+00
-1.296911120e+00
-1.373029113e+00
-1.319196343e+00
-1.187394023e+00
-1.081756353e+00
-1.108362913e+00
-1.173279643e+00
-1.150347233e+00
-1.069965839e+00
-9.538633227e-01
-9.384572506e-01
-9.002661705e-01
-8.706600070e-01
-8.444958329e-01
-8.013944030e-01
-8.485527635e-01
-8.663700223e-01
-8.309716582e-01
-7.487968802e-01
-7.072246671e-01
-6.048531532e-01
-5.537558794e-01
-4.997173548e-01
-4.258342385e-01
-3.689736426e-01
-2.988239825e-01
-2.892394066e-01
-2.333490252e-01
-1.689912826e-01
-8.999207616e-02
3.948783129e-02
1.027283594e-01
1.278952062e-01
1.474465579e-01
1.492105871e-01
7.462145388e-02
5.142444372e-02
3.057947196e-02
9.699525684e-02
2.058653980e-01
2.528180182e-01
3.795342743e-01
4.838473499e-01
5.534684062e-01
5.947464108e-01
5.712853670e-01
5.565265417e-01
5.584359765e-01
6.190614104e-01
6.153853536e-01
7.089083791e-01
8.313954473e-01
9.524980783e-01
9.647576213e-01
1.039933801e+00
1.089824915e+00
1.072627664e+00
1.059867620e+00
1.018884182e+00
9.711076617e-01
9.176858664e-01
9.748711586e-01
1.099967837e+00
1.162619472e+00
1.263638735e+00
1.326967955e+00
1.352428794e+00
1.415492415e+00
1.507103324e+00
1.544882774e+00
1.489934087e+00
1.479409218e+00
1.470941424e+00
1.539473295e+00
1.639728427e+00
1.653310776e+00
1.556524277e+00
1.495638251e+00
1.557173610e+00
1.537534475e+00
1.438631058e+00
1.394177318e+00
1.477469444e+00
1.411111712e+00
1.323410273e+00
1.327262163e+00
1.352546334e+00
1.373214722e+00
1.437070847e+00
1.483200669e+00
1.516952515e+00
1.480025887e+00
1.439983964e+00
1.390737176e+00
1.362630486e+00
1.316266656e+00
1.291158557e+00
1.225742817e+00
1.251937747e+00
1.246587873e+00
1.254672527e+00
1.228624582e+00
1.193812728e+00
1.154269934e+00
1.056189299e+00
1.070275426e+00
1.129221559e+00
1.110965490e+00
1.041785359e+00
1.047607422e+00
1.129723549e+00
1.103145599e+00
1.142423153e+00
1.154123425e+00
1.141716838e+00
1.062659740e+00
1.017324805e+00
1.009355664e+00
1.019499302e+00
1.109347105e+00
1.140541315e+00
1.225242376e+00
1.200046539e+00
1.100409746e+00
1.062423348e+00
1.012680650e+00
1.018912911e+00
9.620217681e-01
9.599338770e-01
9.935703874e-01
1.047079563e+00
1.034407020e+00
1.046402454e+00
1.032467008e+00
1.098558426e+00
1.223861217e+00
1.208456278e+00
1.163207650e+00
1.071185708e+00
1.069597363e+00
1.137012124e+00
1.081064463e+00
1.038640857e+00
1.036847711e+00
1.082887053e+00
1.105259538e+00
1.120253325e+00
1.077269554e+00
1.100525737e+00
1.140774608e+00
1.154535055e+00
1.184464931e+00
1.165471077e+00
1.231122971e+00
1.339228392e+00
1.341579556e+00
1.317207932e+00
1.328673840e+00
1.321970344e+00
1.375154734e+00
1.513394594e+00
1.508721471e+00
1.520392776e+00
1.519803882e+00
1.511366844e+00
1.473911762e+00
1.437367082e+00
1.528713346e+00
1.595686436e+00
1.559964776e+00
1.602391124e+00
1.614121914e+00
1.538297057e+00
1.508837223e+00
1.579074621e+00
1.521597385e+00
1.502781391e+00
1.488788009e+00
1.594187498e+00
1.670658469e+00
1.729135871e+00
1.690886497e+00
1.682184339e+00
1.698970437e+00
1.626294255e+00
1.649196982e+00
1.690150499e+00
1.716758728e+00
1.765768647e+00
1.804105401e+00
1.795873642e+00
1.806606054e+00
1.830596566e+00
1.781643748e+00
1.756329775e+00
1.746891975e+00
1.735220790e+00
1.709379435e+00
1.745572329e+00
1.762006044e+00
1.780703425e+00
1.880752087e+00
1.947375536e+00
1.920796514e+00
1.920914769e+00
1.878253937e+00
1.896570683e+00
1.874549747e+00
1.872020841e+00
1.792609930e+00
1.763239026e+00
1.687359571e+00
1.658341408e+00
1.638965607e+00
1.649107814e+00
1.692179680e+00
1.636554003e+00
1.593539715e+00
1.599068880e+00
1.631379604e+00
1.686211824e+00
1.625704527e+00
1.632525682e+00
1.655017376e+00
1.703468919e+00
1.596128821e+00
1.485405087e+00
1.402350426e+00
1.427047133e+00
1.445775032e+00
1.456299424e+00
1.493108869e+00
1.483523607e+00
1.481729984e+00
1.417991281e+00
1.342491150e+00
1.279134154e+00
1.235826969e+00
1.285513878e+00
1.211247683e+00
1.100114822e+00
1.071361661e+00
1.112346888e+00
1.180289865e+00
1.288659096e+00
1.303300738e+00
1.200781822e+00
1.206162333e+00
1.221538067e+00
1.248410463e+00
1.246499419e+00
1.222184062e+00
1.289658189e+00
1.350488305e+00
1.355986476e+00
1.253231406e+00
1.206573009e+00
1.186228275e+00
1.185316682e+00
1.178084135e+00
1.143480420e+00
1.115904331e+00
1.142805815e+00
1.203104019e+00
1.165120125e+00
1.175204277e+00
1.180994987e+00
1.156621575e+00
1.155622125e+00
1.103848934e+00
1.094207406e+00
1.114405155e+00
1.162209868e+00
1.128957510e+00
1.167000175e+00
1.122900009e+00
1.179172158e+00
1.201898336e+00
1.199017048e+00
1.184082031e+00
1.126840830e+00
1.208043694e+00
1.253877997e+00
1.254054427e+00
1.240764856e+00
1.243293762e+00
1.316618204e+00
1.310914755e+00
1.262904882e+00
1.206808209e+00
1.221479297e+00
1.248909593e+00
1.353310347e+00
1.425457835e+00
1.430515170e+00
1.428135395e+00
1.439983368e+00
1.462268949e+00
1.434014320e+00
1.402880073e+00
1.411934257e+00
1.475322008e+00
1.570195913e+00
1.547175765e+00
1.515717268e+00
1.482966900e+00
1.538091421e+00
1.518276215e+00
1.512190342e+00
1.492139339e+00
1.529976726e+00
1.615532279e+00
1.637523770e+00
1.651988149e+00
1.637259483e+00
1.660368681e+00
1.699823499e+00
1.687623501e+00
1.673246861e+00
1.679361939e+00
1.747451425e+00
1.778909564e+00
1.761152148e+00
1.682388783e+00
1.696970940e+00
1.796608686e+00
1.893160224e+00
1.949962854e+00
1.959399939e+00
1.999119163e+00
2.027957916e+00
2.032367468e+00
2.006438971e+00
1.976598382e+00
1.982978702e+00
1.953255653e+00
2.038278818e+00
2.061297178e+00
2.106251955e+00
2.087141037e+00
2.095726967e+00
2.079260349e+00
2.047273874e+00
2.053182602e+00
2.071352005e+00
2.178466082e+00
2.232920408e+00
2.226187706e+00
2.233772516e+00
2.241328955e+00
2.251091242e+00
2.187875032e+00
2.205928802e+00
2.244505167e+00
2.280345201e+00
2.249180794e+00
2.217426300e+00
2.152888060e+00
2.140861273e+00
2.180523157e+00
2.183934450e+00
2.192490578e+00
2.191727877e+00
2.211869478e+00
2.236536741e+00
2.154916286e+00
2.119979143e+00
2.132652521e+00
2.234974623e+00
2.252762079e+00
2.237561941e+00
2.198633432e+00
2.230624914e+00
2.240622759e+00
2.147770882e+00
2.076320887e+00
2.028751135e+00
2.020255804e+00
2.001587391e+00
1.992268324e+00
1.989003539e+00
1.959279180e+00
1.973656416e+00
1.915239811e+00
1.865434408e+00
1.810838342e+00
1.854057312e+00
1.784143090e+00
1.745511532e+00
1.673919559e+00
1.614062190e+00
1.616296649e+00
1.559260726e+00
1.578868628e+00
1.566933155e+00
1.533591628e+00
1.463620424e+00
1.376713157e+00
1.402733088e+00
1.344343662e+00
1.351752281e+00
1.304712176e+00
1.269960523e+00
1.276958823e+00
1.297685981e+00
1.270489573e+00
1.222773671e+00
1.190844178e+00
1.138953209e+00
1.163002133e+00
1.214716911e+00
1.211130381e+00
1.179054379e+00
1.116814852e+00
1.082180977e+00
1.071039796e+00
1.095058203e+00
1.083034039e+00
1.068451643e+00
1.035583019e+00
1.053986788e+00
1.085239530e+00
1.072892308e+00
1.107583284e+00
1.104789972e+00
1.160708427e+00
1.206367493e+00
1.195813060e+00
1.210072637e+00
1.262052536e+00
1.312826753e+00
1.236825705e+00
1.189402938e+00
1.135012865e+00
1.150536299e+00
1.129691839e+00
1.150007129e+00
1.149242640e+00
1.193608046e+00
1.295685291e+00
1.281014204e+00
1.343579412e+00
1.376066804e+00
1.349871159e+00
1.311561823e+00
1.298242688e+00
1.320116878e+00
1.377831340e+00
1.461033821e+00
1.422783732e+00
1.459417701e+00
1.485907435e+00
1.537944198e+00
1.537415028e+00
1.561816812e+00
1.615974784e+00
1.627205133e+00
1.670951724e+00
1.711171269e+00
1.761034250e+00
