2.750611305e-01
1.907345653e-01
1.261636615e-01
1.028621048e-01
1.135295630e-01
1.483031064e-01
1.579872519e-01
1.587917805e-01
1.689824909e-01
1.680885702e-01
1.948764026e-01
2.260444611e-01
2.098644823e-01
1.807822436e-01
9.588951617e-02
6.189071015e-02
4.606830329e-02
6.177151948e-02
7.330310345e-02
4.600870982e-02
7.127688825e-02
7.973933965e-02
7.547831535e-02
5.613981560e-02
3.072265349e-02
2.878582291e-02
3.733767197e-02
3.352360800e-02
6.248665974e-02
7.106830180e-02
1.030408889e-01
1.228561476e-01
1.344473213e-01
1.203829646e-01
9.264160693e-02
4.404208064e-02
-1.200678665e-02
-9.086643346e-03
6.139816716e-03
7.599888369e-03
2.237938717e-02
2.637223527e-02
4.130072147e-02
3.301705047e-02
2.678939886e-02
2.237938717e-02
2.830906585e-02
2.753433399e-02
5.071669444e-02
4.877986386e-02
7.130668312e-02
6.799917668e-02
4.743898287e-02
3.647354618e-02
2.032336779e-02
4.530758131e-03
-3.366947919e-02
-5.327615514e-02
-5.199486762e-02
-2.002228051e-02
-2.017126791e-02
7.242319640e-03
2.711717039e-02
5.083588511e-02
4.413147271e-02
2.643183060e-02
2.094911411e-02
3.398457775e-03
-6.732650567e-03
1.670209924e-03
1.084780227e-02
4.314815998e-02
3.516246378e-02
3.444732726e-02
8.910972625e-03
1.597295143e-02
-8.699277416e-03
-8.609885350e-03
-2.487925440e-02
-2.094599977e-02
-4.734647647e-02
-2.052883618e-02
-1.495672669e-02
9.252754971e-04
2.057575854e-03
-8.625671617e-04
7.808469702e-03
-5.803796012e-05
-2.382233506e-03
-1.888998039e-02
-3.518914804e-02
-2.011167258e-02
-1.030833554e-02
1.519821957e-02
1.007307041e-02
1.883349940e-02
1.192050800e-02
2.087373286e-03
8.954781224e-04
1.789399423e-03
-4.706428852e-03
-3.554671630e-02
-2.267424762e-02
-1.728092320e-02
5.081121926e-04
-8.029724122e-04
1.379774231e-02
2.565709874e-02
2.878582291e-02
3.778463230e-02
3.757604957e-02
5.143183097e-02
4.216484725e-02
2.875602618e-02
1.892289147e-02
3.666634206e-03
-2.222728729e-02
-2.124397270e-02
-1.266232878e-02
8.940770291e-03
2.419702709e-02
3.057366610e-02
4.100275040e-02
4.988236725e-02
5.762968585e-02
3.879774362e-02
1.431830926e-03
-2.888788935e-03
-2.622013539e-02
-1.071148785e-03
1.203969773e-02
3.099082969e-02
5.751049519e-02
8.829119056e-02
1.101922616e-01
1.114437506e-01
9.192647040e-02
7.080012560e-02
5.602062866e-02
4.186687246e-02
1.606234349e-02
2.836866118e-02
4.162849486e-02
5.003135279e-02
3.793361783e-02
1.394672971e-02
2.011478692e-02
4.842229560e-02
5.873218924e-02
6.427449733e-02
5.780846998e-02
4.299917445e-02
6.022205576e-02
5.855340511e-02
7.622324675e-02
8.304684609e-02
7.813028246e-02
6.189071015e-02
2.321371436e-02
2.598487027e-02
5.611002073e-02
9.419106692e-02
9.502539784e-02
9.484661371e-02
7.571669668e-02
6.177151948e-02
6.022205576e-02
5.277271196e-02
6.439369172e-02
6.054982916e-02
4.270119965e-02
7.276675105e-02
9.946520627e-02
1.254485101e-01
1.247631758e-01
1.193996519e-01
1.195188388e-01
8.394076675e-02
6.183111668e-02
4.705161601e-02
6.808856875e-02
7.035316527e-02
7.899440825e-02
9.302897006e-02
1.227965504e-01
1.421052516e-01
1.329574585e-01
8.295745403e-02
4.717080668e-02
1.004327275e-02
1.907187887e-02
4.365471378e-02
6.495983899e-02
1.181481630e-01
1.393042952e-01
1.579574496e-01
1.615331471e-01
1.550969034e-01
1.492566168e-01
1.303650886e-01
8.242110163e-02
5.765948445e-02
4.684303328e-02
3.534124792e-02
6.731383502e-02
1.252995282e-01
1.177905947e-01
1.132017970e-01
1.164199114e-01
1.266106218e-01
1.333448291e-01
1.312887967e-01
1.206213459e-01
1.208597198e-01
9.425066411e-02
1.008954793e-01
1.295903474e-01
1.151982173e-01
1.097154990e-01
1.054842770e-01
9.979297221e-02
1.125164554e-01
1.029812917e-01
1.214556694e-01
1.192506626e-01
1.388573349e-01
1.195188388e-01
1.120397002e-01
8.981085569e-02
9.967378527e-02
1.245843917e-01
1.342387497e-01
1.331064403e-01
1.308716387e-01
1.498227715e-01
1.625760496e-01
1.673734337e-01
1.647214592e-01
1.623376757e-01
1.351326704e-01
1.107286140e-01
1.111457795e-01
1.030706838e-01
1.141553149e-01
1.313484013e-01
1.515808105e-01
1.348346919e-01
1.192506626e-01
1.094473228e-01
1.420158595e-01
1.663305163e-01
1.687739044e-01
1.773853451e-01
1.950551867e-01
2.326296866e-01
4.402872622e-01
7.194619775e-01
9.733352065e-01
1.423777699e+00
5.270953369e+01
2.545515442e+02
4.334586487e+02
4.862376709e+02
4.511809692e+02
3.832879944e+02
3.137933960e+02
2.546286316e+02
2.080988312e+02
1.735622711e+02
1.484834290e+02
1.305946045e+02
1.176301880e+02
1.080073471e+02
1.007655411e+02
9.508881378e+01
9.059702301e+01
8.700150299e+01
8.393460846e+01
8.072978210e+01
7.773216248e+01
7.525444031e+01
7.322860718e+01
7.110987854e+01
6.936586761e+01
6.806021881e+01
6.675168610e+01
6.547354126e+01
6.432209778e+01
6.325516891e+01
6.233333588e+01
6.103035736e+01
5.994466782e+01
5.897446442e+01
5.780371857e+01
5.634415817e+01
5.568031311e+01
5.509051132e+01
5.448436356e+01
5.367546082e+01
5.277150726e+01
5.205635452e+01
5.141079330e+01
5.095184708e+01
5.065201187e+01
5.012263870e+01
4.931904984e+01
4.858069992e+01
4.801396179e+01
4.725830460e+01
4.671978378e+01
4.609823608e+01
4.560556412e+01
4.491427994e+01
4.452990341e+01
4.403884888e+01
4.359692383e+01
4.297527695e+01
4.197831345e+01
4.130347061e+01
4.101877975e+01
4.084856796e+01
4.047919464e+01
4.003390121e+01
3.967401505e+01
3.910519409e+01
3.877620697e+01
3.836547089e+01
3.803419113e+01
3.785978699e+01
3.783252335e+01
3.721509933e+01
3.664317703e+01
3.629354095e+01
3.582748795e+01
3.552169418e+01
3.531512070e+01
3.477200699e+01
3.416036224e+01
3.361618805e+01
3.320548248e+01
3.275765610e+01
3.266460037e+01
3.254798126e+01
3.236901093e+01
3.203075790e+01
3.180566978e+01
3.144016647e+01
3.112557030e+01
3.102762985e+01
3.080831718e+01
3.059913635e+01
3.018522453e+01
2.965080452e+01
2.925973701e+01
2.903589058e+01
2.900366592e+01
2.884523201e+01
2.872715378e+01
2.828849030e+01
2.786927795e+01
2.744190979e+01
2.725537491e+01
2.705276299e+01
2.675603485e+01
2.666068268e+01
2.642922020e+01
2.610057640e+01
2.592390442e+01
2.585637665e+01
2.566670227e+01
2.528499985e+01
2.504646873e+01
2.473905373e+01
2.466568756e+01
2.472879982e+01
2.466023827e+01
2.410795212e+01
2.391292000e+01
2.374441338e+01
2.357906723e+01
2.340785599e+01
2.290475655e+01
2.255105782e+01
2.223059464e+01
2.196677208e+01
2.170034599e+01
2.152164841e+01
2.158190155e+01
2.152966690e+01
2.136177444e+01
2.125235748e+01
2.097328758e+01
2.061645508e+01
2.063344002e+01
2.037270546e+01
2.006530380e+01
2.000556183e+01
1.989342690e+01
1.982382393e+01
1.960076332e+01
1.936650085e+01
1.917215157e+01
1.897738457e+01
1.880428314e+01
1.849545670e+01
1.845629501e+01
1.846101761e+01
1.852203941e+01
1.846459770e+01
1.837390137e+01
1.816139793e+01
1.786707687e+01
1.754757881e+01
1.711349106e+01
1.690429497e+01
1.678898239e+01
1.667655373e+01
1.653996658e+01
1.656720734e+01
1.667608070e+01
1.656977463e+01
1.646965599e+01
1.617130089e+01
1.605315399e+01
1.585531902e+01
1.584197712e+01
1.575362778e+01
1.554252911e+01
1.546573067e+01
1.533610630e+01
1.528860855e+01
1.520860291e+01
1.514769936e+01
1.496887779e+01
1.468050957e+01
1.461192513e+01
1.450966072e+01
1.458638573e+01
1.459692764e+01
1.440950489e+01
1.405655479e+01
1.404133129e+01
1.381893349e+01
1.367606068e+01
1.374518871e+01
1.373249340e+01
1.364384747e+01
1.345937443e+01
1.337328529e+01
1.350004387e+01
1.366085815e+01
1.362495613e+01
1.333136272e+01
1.325374031e+01
1.317418289e+01
1.325779247e+01
1.321062374e+01
1.305451488e+01
1.263954926e+01
1.238600731e+01
1.240414810e+01
1.219174862e+01
1.209089375e+01
1.205251694e+01
1.204974174e+01
1.211701870e+01
1.202006054e+01
1.200471973e+01
1.185935020e+01
1.175520802e+01
1.157564926e+01
1.139975739e+01
1.122833061e+01
1.131784439e+01
1.136495590e+01
1.133506489e+01
1.117377186e+01
1.088295078e+01
1.090777397e+01
1.089618301e+01
1.081510639e+01
1.064478111e+01
1.043424034e+01
1.048334599e+01
1.055843353e+01
1.069246197e+01
1.069841576e+01
1.068867397e+01
1.054184055e+01
1.047333813e+01
1.024711609e+01
1.013397408e+01
1.026773548e+01
1.018131828e+01
1.007512379e+01
9.927624702e+00
9.811294556e+00
9.814648628e+00
9.760440826e+00
9.739197731e+00
9.689762115e+00
9.606870651e+00
9.384811401e+00
9.390858650e+00
9.447287560e+00
9.518710136e+00
9.312604904e+00
9.142216682e+00
9.065362930e+00
8.858803749e+00
8.922600746e+00
9.058331490e+00
9.059403419e+00
8.992925644e+00
8.823403358e+00
8.817000389e+00
8.798583984e+00
8.787941933e+00
8.571644783e+00
8.386020660e+00
8.142500877e+00
8.014460564e+00
7.883893490e+00
7.987349987e+00
8.165596008e+00
8.105373383e+00
7.999743938e+00
8.003169060e+00
8.036452293e+00
7.980316162e+00
7.703676701e+00
7.604101181e+00
7.634854317e+00
7.738870144e+00
7.651234150e+00
7.579240799e+00
7.425310612e+00
7.532164097e+00
7.501350880e+00
7.405621052e+00
7.416585445e+00
7.175463200e+00
7.003053665e+00
6.984610081e+00
7.006150723e+00
6.837196827e+00
6.745303631e+00
6.831182480e+00
6.795720100e+00
6.758623123e+00
6.655075550e+00
6.759725571e+00
6.756000996e+00
6.782550335e+00
6.704779148e+00
6.575787067e+00
6.558145523e+00
6.413001537e+00
6.387106419e+00
6.350127220e+00
6.255791187e+00
6.119734764e+00
6.072691917e+00
6.144146919e+00
6.084523678e+00
5.999261856e+00
5.831827641e+00
5.927568436e+00
6.031900406e+00
6.182191849e+00
6.224861622e+00
6.178021908e+00
6.052544594e+00
5.775988579e+00
5.570950031e+00
5.515763283e+00
5.557868958e+00
5.513947487e+00
5.412282467e+00
5.484505653e+00
5.473954678e+00
5.501159668e+00
5.577680588e+00
5.726910114e+00
5.659924984e+00
5.706112862e+00
5.743897438e+00
5.674497604e+00
5.633824348e+00
5.505628586e+00
5.465104103e+00
5.449698925e+00
5.366572380e+00
5.207335472e+00
5.148338318e+00
5.354589462e+00
5.405749321e+00
5.412512779e+00
5.366921425e+00
5.439481258e+00
5.440970898e+00
5.432504654e+00
5.285553455e+00
5.185291767e+00
5.346459389e+00
5.347055912e+00
5.282364845e+00
5.207280159e+00
5.144734859e+00
4.993364811e+00
4.900009632e+00
5.032102585e+00
4.966159821e+00
4.953374863e+00
5.001648426e+00
5.084129810e+00
5.085054398e+00
5.191364765e+00
5.152241707e+00
5.003763199e+00
5.051643848e+00
5.013063908e+00
5.064463139e+00
5.097120285e+00
5.028110504e+00
4.915772438e+00
4.902842522e+00
5.035493851e+00
5.148573875e+00
5.238050938e+00
5.101823807e+00
5.212996006e+00
5.265977383e+00
5.358251572e+00
5.290586472e+00
5.129717827e+00
5.026887894e+00
4.861391544e+00
4.869438648e+00
4.875785351e+00
4.781715870e+00
4.769764423e+00
4.796044827e+00
4.764491081e+00
4.623071194e+00
4.699021816e+00
4.742556572e+00
4.693776608e+00
4.515560150e+00
4.511448383e+00
4.492644310e+00
4.461749077e+00
4.490535259e+00
4.445717812e+00
4.389074326e+00
4.315299511e+00
4.280405998e+00
4.238775253e+00
4.270122051e+00
4.338719368e+00
4.281980515e+00
4.375518322e+00
4.346734047e+00
4.204235554e+00
4.045832634e+00
4.194433212e+00
4.178613186e+00
4.033890247e+00
3.978231668e+00
3.898227930e+00
3.927069426e+00
3.951026678e+00
3.948733091e+00
3.915181398e+00
3.919293404e+00
4.093307018e+00
4.015358448e+00
3.958294392e+00
3.925577879e+00
3.978409529e+00
3.915627241e+00
3.970571756e+00
3.968366861e+00
3.950579643e+00
3.927752018e+00
3.831180573e+00
3.832702637e+00
3.817981720e+00
3.756152153e+00
3.715507269e+00
3.561099052e+00
3.520997286e+00
3.432142973e+00
3.494480133e+00
3.550198793e+00
3.590748787e+00
3.525819778e+00
3.569770098e+00
3.505558252e+00
3.489676714e+00
3.581001759e+00
3.481332302e+00
3.424124718e+00
3.409435511e+00
3.445252419e+00
3.476836205e+00
3.359736204e+00
3.359318733e+00
3.336076736e+00
3.379488230e+00
3.233513594e+00
3.230743408e+00
3.189624071e+00
3.303685188e+00
3.291737318e+00
3.218794584e+00
3.222635269e+00
3.136612654e+00
3.077525854e+00
3.109437943e+00
3.248590231e+00
3.307620287e+00
3.271595716e+00
3.312775135e+00
3.317006350e+00
3.412625313e+00
3.404755116e+00
3.427938223e+00
3.387029648e+00
3.486194849e+00
3.440875053e+00
3.367663860e+00
3.350560665e+00
3.297312737e+00
3.362626076e+00
3.298561811e+00
3.311761141e+00
3.330951452e+00
3.289740801e+00
3.314502001e+00
3.234466791e+00
3.218765259e+00
3.172251225e+00
3.126303673e+00
2.970554590e+00
3.035149813e+00
3.133751631e+00
3.147547722e+00
3.146981716e+00
3.131487846e+00
3.128746033e+00
3.039978743e+00
3.023917913e+00
3.033662558e+00
2.986819744e+00
3.050050735e+00
3.016737700e+00
3.111851454e+00
3.126571417e+00
3.199992657e+00
3.176334381e+00
3.144986629e+00
3.015156507e+00
2.903418779e+00
2.982948065e+00
2.952852249e+00
2.975885153e+00
3.029162407e+00
3.038876295e+00
3.134675741e+00
3.221417904e+00
3.268647194e+00
3.113012075e+00
3.025915384e+00
3.016647816e+00
3.073948145e+00
3.010600328e+00
2.944627523e+00
2.893705845e+00
2.896565437e+00
3.012805462e+00
3.044865608e+00
3.108543396e+00
3.092363119e+00
3.175411224e+00
3.101032734e+00
2.979906797e+00
2.973084688e+00
2.842813730e+00
2.787626266e+00
2.674333811e+00
2.656157255e+00
2.642956257e+00
2.777163982e+00
2.717452049e+00
2.616738558e+00
2.626331091e+00
2.607676983e+00
2.637593031e+00
2.754134417e+00
2.788729668e+00
2.776751041e+00
2.746505260e+00
2.730176926e+00
2.588489294e+00
2.617838383e+00
2.599543333e+00
2.634999752e+00
2.518972635e+00
2.551299334e+00
2.443974018e+00
2.401394844e+00
2.516377926e+00
2.484260559e+00
2.512597799e+00
2.530684710e+00
2.576449871e+00
2.543049335e+00
2.493050575e+00
2.501483440e+00
2.315071821e+00
2.229289532e+00
2.192459822e+00
2.293590307e+00
2.244693279e+00
2.286736012e+00
2.208759069e+00
2.180332899e+00
2.346894979e+00
2.354017496e+00
2.347313643e+00
2.378360987e+00
2.410035133e+00
2.307265043e+00
2.216683626e+00
2.294183016e+00
2.286497593e+00
2.363403320e+00
2.222106934e+00
2.146095514e+00
2.102772474e+00
2.235815525e+00
2.265847445e+00
2.201218843e+00
2.256580591e+00
2.201368809e+00
2.210695028e+00
2.136770487e+00
2.094283104e+00
2.078788996e+00
2.023187876e+00
2.078698635e+00
2.080248117e+00
2.199969292e+00
2.260305166e+00
2.292247057e+00
2.137067080e+00
2.154109716e+00
2.050868750e+00
1.959684134e+00
2.077686787e+00
2.050450325e+00
2.025452614e+00
2.008913517e+00
2.046042919e+00
2.072771788e+00
2.054266214e+00
2.073362112e+00
1.978606462e+00
2.032187700e+00
2.065082073e+00
2.158967972e+00
2.087488890e+00
2.161411047e+00
2.144576788e+00
2.147855043e+00
2.183133841e+00
2.088860989e+00
2.064278603e+00
2.024440289e+00
1.972558975e+00
1.966985941e+00
1.931764364e+00
2.024645329e+00
1.970261693e+00
2.027685404e+00
2.010462046e+00
2.023991108e+00
1.947765589e+00
2.054146528e+00
2.047620296e+00
2.024378061e+00
2.075540543e+00
2.029979944e+00
2.029682398e+00
2.076821327e+00
2.084481716e+00
2.079830885e+00
2.003339052e+00
2.004053354e+00
1.908820391e+00
1.916031837e+00
1.889867902e+00
1.980454803e+00
2.059988737e+00
2.233370781e+00
2.223836422e+00
2.116927624e+00
2.062369585e+00
1.900385618e+00
1.973957539e+00
2.139809370e+00
2.237154007e+00
2.290875435e+00
2.275142431e+00
2.267961740e+00
2.205508232e+00
2.220676661e+00
2.140970945e+00
2.153246403e+00
2.105993032e+00
2.252320051e+00
2.292932987e+00
2.213465691e+00
2.291590214e+00
2.240100384e+00
2.192311287e+00
2.100034952e+00
2.089188576e+00
2.120086670e+00
2.119521856e+00
2.197912216e+00
2.107690096e+00
2.113437653e+00
2.052775383e+00
2.063114643e+00
2.096571445e+00
2.185397387e+00
2.131613731e+00
2.064128160e+00
2.149401665e+00
2.140820503e+00
2.133044720e+00
2.082096338e+00
2.037757874e+00
2.062490225e+00
2.033378601e+00
2.094368696e+00
2.023397446e+00
2.090254784e+00
2.072024345e+00
2.081440449e+00
2.007214308e+00
2.057277441e+00
2.039011717e+00
1.991418839e+00
2.031588554e+00
1.937245965e+00
1.929141521e+00
1.889927626e+00
1.858730555e+00
1.954528213e+00
2.013324022e+00
2.062727213e+00
2.065081120e+00
2.093506098e+00
2.032332420e+00
2.023097992e+00
1.911561489e+00
1.903813243e+00
1.819664478e+00
1.765908241e+00
1.785249710e+00
1.724284291e+00
1.723093033e+00
1.684473872e+00
1.691506267e+00
1.721124768e+00
1.741681933e+00
1.864688158e+00
1.810068130e+00
1.850415230e+00
1.791207552e+00
1.838556767e+00
1.773059607e+00
1.810963869e+00
1.754168272e+00
1.695855021e+00
1.757923007e+00
1.674938202e+00
1.577231407e+00
1.564061165e+00
1.525920153e+00
1.541950822e+00
1.557923436e+00
1.625414491e+00
1.568830013e+00
1.606762290e+00
1.594306946e+00
1.718767285e+00
1.687365770e+00
1.759951949e+00
1.703307390e+00
1.634533167e+00
1.590849042e+00
1.523001313e+00
1.604586124e+00
1.687452197e+00
1.732058406e+00
1.770110369e+00
1.732982993e+00
1.746838808e+00
1.642755389e+00
1.714271426e+00
1.651784658e+00
1.635009766e+00
1.554529071e+00
1.585099816e+00
1.560784936e+00
1.541148424e+00
1.595795155e+00
1.545172215e+00
1.565851212e+00
1.706254721e+00
