5.344511271e-01
4.254300892e-01
3.398627341e-01
2.914195061e-01
2.618518770e-01
2.626984715e-01
2.519437671e-01
2.439796180e-01
2.146942019e-01
1.989540756e-01
2.084859461e-01
2.230032384e-01
2.325351089e-01
2.238184661e-01
2.349180728e-01
2.324096859e-01
2.340087891e-01
2.176729143e-01
2.066673636e-01
1.957245171e-01
1.953482628e-01
1.670662016e-01
1.665958762e-01
1.679441333e-01
1.490998715e-01
1.388468444e-01
1.328267008e-01
1.332970262e-01
1.197203845e-01
1.206923872e-01
1.310708374e-01
1.429229677e-01
1.564996094e-01
1.468423158e-01
1.327012926e-01
1.200339347e-01
1.315725148e-01
1.350842565e-01
1.635858119e-01
1.527370363e-01
1.529251635e-01
1.513260603e-01
1.452745795e-01
1.449610293e-01
1.628332883e-01
1.577851623e-01
1.439890265e-01
1.325758696e-01
1.137002558e-01
1.226677373e-01
1.270260662e-01
1.051717401e-01
9.520089626e-02
7.817521691e-02
9.592206031e-02
1.223855466e-01
1.107215434e-01
1.211313531e-01
1.208805144e-01
1.310394853e-01
1.303183138e-01
1.366206408e-01
1.432051659e-01
1.288446486e-01
1.146095470e-01
9.059173614e-02
9.520089626e-02
1.117248982e-01
1.262735426e-01
1.081190929e-01
1.076174155e-01
8.686050773e-02
8.369366825e-02
8.635883033e-02
1.031963825e-01
9.526360780e-02
8.585715294e-02
7.400502264e-02
8.168695867e-02
9.451109171e-02
1.096241251e-01
9.557715803e-02
9.670592844e-02
1.037921235e-01
1.026947051e-01
9.570257366e-02
1.215703189e-01
1.250820607e-01
1.024438664e-01
8.877315372e-02
8.463431150e-02
7.231186330e-02
9.030953795e-02
8.203186095e-02
8.761302382e-02
8.623341471e-02
8.475973457e-02
9.219083190e-02
1.116621867e-01
1.231694147e-01
1.210372895e-01
1.038548350e-01
9.378992766e-02
9.629831463e-02
7.551005483e-02
8.400721848e-02
7.792437822e-02
6.980347633e-02
6.002076343e-02
6.541379541e-02
5.929960310e-02
6.930179894e-02
8.256489784e-02
8.472838253e-02
8.181238174e-02
7.434992492e-02
7.356605679e-02
8.673509210e-02
6.716966629e-02
6.936450303e-02
6.296811998e-02
6.290540844e-02
5.271508545e-02
5.807676166e-02
5.647766590e-02
5.516076088e-02
7.215508819e-02
7.971160114e-02
6.876876205e-02
1.036980599e-01
7.613715529e-02
6.782811880e-02
7.958618551e-02
6.600953639e-02
5.111598596e-02
5.704205111e-02
5.371844023e-02
5.456501991e-02
5.732424557e-02
6.811030954e-02
7.218644023e-02
5.854708701e-02
6.133766472e-02
5.575650558e-02
5.632089078e-02
5.998940766e-02
7.478889078e-02
7.287624478e-02
7.090089470e-02
7.594902068e-02
5.121005327e-02
5.324811861e-02
3.775882348e-02
3.898166493e-02
5.026940629e-02
5.776321515e-02
4.682037234e-02
7.246863842e-02
5.271508545e-02
6.419095397e-02
5.908011645e-02
5.713611841e-02
4.691443965e-02
2.355508134e-02
1.179701462e-02
4.648110364e-03
7.438691333e-03
3.675546870e-02
2.935572714e-02
2.970062941e-02
3.484282270e-02
3.340050206e-02
3.998501971e-02
1.581043378e-02
2.063908055e-02
1.386643387e-02
4.051804915e-02
1.759766042e-02
1.185972430e-02
1.643679716e-04
1.706462912e-02
3.891895339e-02
1.568501443e-02
1.609262824e-02
1.418561675e-03
-1.573253796e-02
-3.658350930e-02
-5.163383111e-02
-4.768312350e-02
-3.056337871e-02
-3.755550832e-02
-1.723757014e-02
-1.265976299e-02
-3.558015451e-02
-1.751976274e-02
-2.620505542e-02
-2.005950548e-02
-2.636182867e-02
-2.752195857e-02
-1.215808559e-02
-2.328905463e-02
-8.834471926e-03
-2.031034417e-02
-9.644063539e-04
-3.987576440e-02
-4.978389665e-02
-4.551963881e-02
-4.031473398e-02
-6.364274025e-02
-4.536286369e-02
-4.087912291e-02
-5.486338213e-02
-6.746802479e-02
-6.759344786e-02
-7.395847887e-02
-8.734700084e-02
-7.743886858e-02
-7.499319315e-02
-8.004131913e-02
-7.530673593e-02
-7.261022180e-02
-9.020029008e-02
-9.512300044e-02
-8.888338506e-02
-9.559331834e-02
-1.041845456e-01
-7.574570924e-02
-1.284218431e-01
-1.016134545e-01
-9.559331834e-02
-1.080411971e-01
-9.132906049e-02
-1.087310016e-01
-9.380609542e-02
-1.023032591e-01
-1.032439023e-01
-1.111453250e-01
-1.344419718e-01
-1.312437803e-01
-1.282964200e-01
-1.260388792e-01
-1.226525530e-01
-1.209280342e-01
-1.473915279e-01
-1.365427524e-01
-1.308988780e-01
-1.228406802e-01
-1.403053254e-01
-1.388943642e-01
-1.418417096e-01
-1.498058438e-01
-1.557946205e-01
-1.555751413e-01
-1.634138525e-01
-1.089818403e-01
1.444907039e-01
4.673515260e-01
7.364690304e-01
6.305806160e+00
2.414240570e+02
7.846028442e+02
1.120626587e+03
1.131347046e+03
9.689749756e+02
7.639075928e+02
5.813434448e+02
4.423367004e+02
3.425129700e+02
2.733102417e+02
2.258385010e+02
1.922170563e+02
1.674712524e+02
1.486358948e+02
1.347816010e+02
1.263602829e+02
1.199325256e+02
1.144177094e+02
1.132090454e+02
1.170712662e+02
1.198610687e+02
1.191627960e+02
1.169501648e+02
1.137461319e+02
1.094161606e+02
1.040910873e+02
9.918143463e+01
9.523514557e+01
9.207826233e+01
8.944188690e+01
8.581886292e+01
7.939265442e+01
6.725568390e+01
5.782476044e+01
5.368317032e+01
5.307404709e+01
5.418820953e+01
5.563936234e+01
5.653800583e+01
5.678008270e+01
5.641137314e+01
5.596368027e+01
5.559523773e+01
5.477486801e+01
5.374694061e+01
5.246196365e+01
5.072756958e+01
4.901041412e+01
4.766482162e+01
4.653884506e+01
4.527708054e+01
4.414726257e+01
4.319851303e+01
4.278990173e+01
4.240041351e+01
4.171183014e+01
4.083224106e+01
3.996099854e+01
3.950284195e+01
3.880793381e+01
3.799544144e+01
3.727166367e+01
3.637450790e+01
3.574920273e+01
3.539832687e+01
3.490999985e+01
3.419578171e+01
3.375551605e+01
3.350082016e+01
3.349966049e+01
3.335413361e+01
3.296827316e+01
3.232290649e+01
3.153676414e+01
3.091895103e+01
3.047089577e+01
3.023315430e+01
2.970225906e+01
2.900036812e+01
2.841817093e+01
2.798293114e+01
2.770678139e+01
2.743342590e+01
2.714659882e+01
2.679931259e+01
2.643227005e+01
2.604014969e+01
2.569022560e+01
2.540196037e+01
2.508355713e+01
2.483504677e+01
2.439659882e+01
2.390037346e+01
2.333122444e+01
2.287802124e+01
2.264781761e+01
2.228108025e+01
2.203914642e+01
2.188415527e+01
2.200675392e+01
2.206149101e+01
2.196943283e+01
2.154051399e+01
2.130778313e+01
2.090723228e+01
2.043548775e+01
2.023411179e+01
2.006198502e+01
1.974370956e+01
1.939349174e+01
1.922500610e+01
1.927571106e+01
1.924639893e+01
1.923737144e+01
1.918114853e+01
1.919220161e+01
1.925883865e+01
1.903492928e+01
1.860983276e+01
1.821411514e+01
1.762520409e+01
1.720432854e+01
1.697902679e+01
1.691029739e+01
1.693137169e+01
1.701034737e+01
1.695167351e+01
1.700842285e+01
1.684724617e+01
1.680576515e+01
1.664219093e+01
1.657795143e+01
1.638711166e+01
1.622651482e+01
1.594498158e+01
1.565075016e+01
1.542960835e+01
1.532174587e+01
1.518362999e+01
1.506166553e+01
1.489312267e+01
1.483486366e+01
1.485753536e+01
1.502243233e+01
1.511593437e+01
1.513180161e+01
1.500096035e+01
1.493655777e+01
1.476641655e+01
1.448983288e+01
1.408328056e+01
1.398052692e+01
1.395503521e+01
1.404179764e+01
1.404586983e+01
1.394108200e+01
1.394615746e+01
1.407503414e+01
1.408980179e+01
1.412871361e+01
1.418230057e+01
1.426918697e+01
1.410199928e+01
1.405041885e+01
1.409582233e+01
1.421396923e+01
1.406317997e+01
1.393577957e+01
1.375693130e+01
1.364411259e+01
1.369848442e+01
1.376618290e+01
1.388982296e+01
1.395438862e+01
1.402455902e+01
1.415442276e+01
1.404800987e+01
1.382992935e+01
1.372137451e+01
1.372610950e+01
1.366546345e+01
1.358908463e+01
1.369974422e+01
1.378186035e+01
1.373523426e+01
1.380660152e+01
1.403114128e+01
1.407710171e+01
1.398580170e+01
1.382228851e+01
1.383235741e+01
1.409190655e+01
1.423950005e+01
1.420867443e+01
1.396510410e+01
1.385201454e+01
1.384626675e+01
1.401684570e+01
1.411739635e+01
1.428191948e+01
1.445333767e+01
1.458217716e+01
1.459731960e+01
1.453140926e+01
1.460615921e+01
1.463033772e+01
1.458236122e+01
1.449697781e+01
1.447744370e+01
1.452321815e+01
1.466902447e+01
1.470599747e+01
1.455248165e+01
1.453106499e+01
1.453956604e+01
1.465009403e+01
1.469944382e+01
1.472251701e+01
1.477431965e+01
1.466639233e+01
1.459543800e+01
1.455326557e+01
1.472947979e+01
1.492877197e+01
1.512433720e+01
1.530362701e+01
1.534370232e+01
1.543048668e+01
1.541954517e+01
1.549181843e+01
1.545485115e+01
1.544214630e+01
1.534711552e+01
1.525185966e+01
1.526854610e+01
1.525468159e+01
1.532193756e+01
1.526349258e+01
1.524518299e+01
1.518774128e+01
1.501305962e+01
1.498574352e+01
1.515023327e+01
1.530434418e+01
1.526969719e+01
1.519313431e+01
1.501309109e+01
1.500400162e+01
1.515446949e+01
1.521881390e+01
1.524658775e+01
1.521764374e+01
1.506598663e+01
1.499487114e+01
1.500939083e+01
1.492721558e+01
1.481529999e+01
1.482492638e+01
1.480799294e+01
1.475942421e+01
1.469379807e+01
1.479692650e+01
1.483881855e+01
1.484703159e+01
1.473970413e+01
1.449396992e+01
1.444916439e+01
1.442317486e+01
1.438479614e+01
1.433747768e+01
1.439194775e+01
1.439160061e+01
1.428304577e+01
1.434246349e+01
1.439409924e+01
1.437895489e+01
1.430882168e+01
1.427903461e+01
1.429850769e+01
1.438089848e+01
1.429291725e+01
1.417302227e+01
1.421271896e+01
1.418339252e+01
1.408967304e+01
1.403191948e+01
1.398811436e+01
1.395678711e+01
1.394201946e+01
1.399453831e+01
1.390521431e+01
1.389571953e+01
1.386749649e+01
1.385278702e+01
1.383381748e+01
1.396660900e+01
1.403358269e+01
1.406713104e+01
1.416656303e+01
1.415069485e+01
1.414708996e+01
1.408118343e+01
1.397434998e+01
1.392920303e+01
1.391252422e+01
1.392800903e+01
1.380038929e+01
1.384124279e+01
1.397513390e+01
1.405565834e+01
1.400009632e+01
1.395262718e+01
1.396551991e+01
1.398913002e+01
1.412319946e+01
1.418239880e+01
1.425482655e+01
1.426912022e+01
1.430891609e+01
1.430982494e+01
1.422280979e+01
1.420525455e+01
1.420014572e+01
1.426147556e+01
1.429483318e+01
1.442728424e+01
1.447353077e+01
1.466125202e+01
1.472104549e+01
1.478823948e+01
1.489393997e+01
1.487312031e+01
1.483010006e+01
1.479071808e+01
1.488522148e+01
1.508856583e+01
1.515757561e+01
1.520015526e+01
1.516613388e+01
1.509940624e+01
1.504952526e+01
1.498468685e+01
1.488732052e+01
1.500888348e+01
1.512500000e+01
1.515810871e+01
1.528675365e+01
1.536492729e+01
1.545453739e+01
1.554860020e+01
1.550831509e+01
1.546667194e+01
1.548890018e+01
1.555860615e+01
1.552113342e+01
1.564247799e+01
1.580360889e+01
1.594805717e+01
1.590494156e+01
1.600004768e+01
1.597514725e+01
1.594658089e+01
1.594774723e+01
1.585368061e+01
1.578059864e+01
1.572619343e+01
1.580370522e+01
1.594890881e+01
1.602948570e+01
1.618864250e+01
1.626533699e+01
1.630117416e+01
1.641938210e+01
1.652114868e+01
1.651428604e+01
1.647527695e+01
1.640126228e+01
1.637426376e+01
1.650848579e+01
1.657808113e+01
1.654347801e+01
1.641518402e+01
1.639473724e+01
1.644255638e+01
1.638104248e+01
1.628120613e+01
1.621758461e+01
1.630130196e+01
1.626311111e+01
1.614597321e+01
1.610461235e+01
1.611618233e+01
1.611336327e+01
1.616584778e+01
1.627606010e+01
1.627289772e+01
1.624022102e+01
1.619133759e+01
1.616588020e+01
1.613540459e+01
1.603065109e+01
1.602415848e+01
1.590479469e+01
1.588566494e+01
1.580916023e+01
1.584577942e+01
1.576987267e+01
1.576754856e+01
1.564745808e+01
1.553618526e+01
1.561244011e+01
1.567549515e+01
1.563761425e+01
1.552853489e+01
1.558547115e+01
1.563821793e+01
1.560532475e+01
1.567957306e+01
1.564200401e+01
1.562250137e+01
1.551862240e+01
1.547338390e+01
1.540261364e+01
1.542026424e+01
1.546240520e+01
1.551210308e+01
1.564680290e+01
1.556637859e+01
1.535188007e+01
1.526571465e+01
1.519793129e+01
1.517084122e+01
1.506987190e+01
1.509671021e+01
1.516898727e+01
1.526709461e+01
1.527634430e+01
1.529769897e+01
1.521796703e+01
1.532400513e+01
1.542123890e+01
1.537661839e+01
1.537063026e+01
1.527308083e+01
1.526381016e+01
1.527816868e+01
1.519413757e+01
1.513308525e+01
1.515321922e+01
1.525383282e+01
1.524549294e+01
1.525884819e+01
1.519520187e+01
1.518293762e+01
1.517604160e+01
1.517811108e+01
1.518902302e+01
1.513374615e+01
1.528631878e+01
1.544293785e+01
1.545112133e+01
1.545895672e+01
1.548103046e+01
1.538242149e+01
1.544095898e+01
1.557249451e+01
1.552179337e+01
1.546268940e+01
1.543791771e+01
1.545823383e+01
1.533871078e+01
1.534783268e+01
1.540094852e+01
1.542378235e+01
1.541531277e+01
1.544114685e+01
1.543134117e+01
1.534347820e+01
1.537969112e+01
1.548138142e+01
1.543264771e+01
1.544591331e+01
1.540035439e+01
1.549159527e+01
1.559974384e+01
1.563278961e+01
1.554762650e+01
1.559933376e+01
1.561059093e+01
1.551458549e+01
1.552089214e+01
1.549567699e+01
1.551207352e+01
1.556741714e+01
1.563576889e+01
1.562093544e+01
1.560984421e+01
1.562906075e+01
1.552947903e+01
1.548090839e+01
1.547683239e+01
1.545720100e+01
1.538743782e+01
1.544396877e+01
1.544804478e+01
1.546617603e+01
1.562090588e+01
1.568524075e+01
1.562325764e+01
1.559842682e+01
1.556173801e+01
1.557685089e+01
1.553396320e+01
1.552442932e+01
1.542440701e+01
1.536561298e+01
1.529516125e+01
1.526424313e+01
1.519074535e+01
1.523270035e+01
1.525060368e+01
1.519746304e+01
1.519730473e+01
1.517215919e+01
1.516870689e+01
1.513970375e+01
1.506601715e+01
1.501073933e+01
1.504288197e+01
1.513132954e+01
1.499744701e+01
1.489080238e+01
1.482630825e+01
1.482737350e+01
1.478936768e+01
1.484342384e+01
1.487415504e+01
1.484972954e+01
1.486471748e+01
1.478827286e+01
1.469787693e+01
1.460089397e+01
1.454495716e+01
1.455078697e+01
1.443251419e+01
1.431922913e+01
1.423425198e+01
1.428219509e+01
1.437705135e+01
1.448315430e+01
1.446258354e+01
1.446298599e+01
1.443969727e+01
1.443367672e+01
1.445239735e+01
1.440705490e+01
1.439485931e+01
1.447826290e+01
1.455138493e+01
1.448735428e+01
1.436425304e+01
1.431383610e+01
1.426197529e+01
1.426501274e+01
1.427652073e+01
1.425194359e+01
1.418355942e+01
1.419889355e+01
1.419290257e+01
1.409629250e+01
1.414078903e+01
1.415418148e+01
1.413668537e+01
1.412978554e+01
1.407870865e+01
1.407736206e+01
1.409501076e+01
1.414395809e+01
1.408867741e+01
1.411874676e+01
1.408795834e+01
1.414317417e+01
1.409118748e+01
1.405976868e+01
1.398579788e+01
1.391132832e+01
1.404017162e+01
1.406769943e+01
1.405910778e+01
1.402420616e+01
1.405832577e+01
1.408955574e+01
1.405632114e+01
1.401053524e+01
1.394867420e+01
1.400464439e+01
1.404744530e+01
1.415680790e+01
1.418003941e+01
1.423468876e+01
1.424519920e+01
1.423999786e+01
1.426555157e+01
1.420071030e+01
1.412602329e+01
1.412417316e+01
1.418603611e+01
1.427943420e+01
1.426451111e+01
1.420074177e+01
1.409356880e+01
1.414928627e+01
1.418330669e+01
1.415650177e+01
1.406123829e+01
1.411329269e+01
1.420430851e+01
1.422089672e+01
1.425846004e+01
1.428401184e+01
1.432035637e+01
1.440752888e+01
1.437864876e+01
1.431122780e+01
1.429273701e+01
1.441571045e+01
1.445371437e+01
1.438915253e+01
1.431418133e+01
1.434430790e+01
1.441140652e+01
1.456063080e+01
1.459236526e+01
1.454216290e+01
1.460201931e+01
1.460399437e+01
1.458135605e+01
1.456217098e+01
1.457994747e+01
1.458389950e+01
1.455053616e+01
1.462933254e+01
1.459067059e+01
1.464638996e+01
1.462322044e+01
1.460359097e+01
1.452686310e+01
1.453498459e+01
1.453617382e+01
1.454056358e+01
1.466749382e+01
1.467357635e+01
1.465354061e+01
1.466272545e+01
1.469821930e+01
1.466793251e+01
1.463112164e+01
1.470718670e+01
1.471728325e+01
1.468066502e+01
1.461917210e+01
1.459797955e+01
1.452194023e+01
1.453288364e+01
1.456257820e+01
1.457803440e+01
1.463384628e+01
1.464021111e+01
1.464055634e+01
1.463344193e+01
1.454646206e+01
1.446314812e+01
1.449701500e+01
1.464714432e+01
1.464397526e+01
1.464479256e+01
1.458553028e+01
1.461898422e+01
1.457527924e+01
1.450002384e+01
1.439034271e+01
1.426840496e+01
1.425739956e+01
1.421993065e+01
1.417970276e+01
1.415762711e+01
1.415201187e+01
1.412736511e+01
1.406413078e+01
1.402229691e+01
1.394541359e+01
1.398034286e+01
1.388471222e+01
1.382315826e+01
1.372250557e+01
1.369786072e+01
1.366086006e+01
1.355472374e+01
1.360335922e+01
1.361536789e+01
1.350950813e+01
1.344331264e+01
1.334322548e+01
1.332074451e+01
1.326872635e+01
1.327255154e+01
1.317968082e+01
1.313612938e+01
1.315086365e+01
1.315851402e+01
1.310674763e+01
1.310164070e+01
1.299374866e+01
1.286559963e+01
1.291288662e+01
1.295771790e+01
1.294430161e+01
1.286117458e+01
1.279991150e+01
1.275535202e+01
1.276096249e+01
1.280652523e+01
1.273459911e+01
1.270214844e+01
1.265517712e+01
1.269079781e+01
1.273171234e+01
1.275833225e+01
1.276143646e+01
1.273657227e+01
1.280599403e+01
1.281169891e+01
1.275930500e+01
1.275247097e+01
1.279583263e+01
1.281445789e+01
1.276623440e+01
1.276541710e+01
1.270665741e+01
1.270270920e+01
1.270192528e+01
1.271584702e+01
1.270305443e+01
1.278981113e+01
1.281618214e+01
1.278495312e+01
1.285904598e+01
1.290385628e+01
1.285057831e+01
1.277871132e+01
1.273804569e+01
1.275660610e+01
1.283480740e+01
1.291228485e+01
1.286509418e+01
1.291338253e+01
1.295188618e+01
1.300365067e+01
1.295342064e+01
1.303037071e+01
1.304592133e+01
1.305601692e+01
1.312440205e+01
1.316428375e+01
1.317620087e+01
