3.997182548e-01
3.586026132e-01
4.533369243e-01
4.576648772e-01
4.668017030e-01
4.886819422e-01
4.732936323e-01
3.617283404e-01
3.076288104e-01
3.172464967e-01
3.355201185e-01
2.876721025e-01
1.508603543e-01
8.425781131e-02
3.785242140e-02
-1.841110364e-02
-1.088174507e-01
-7.515551150e-02
-2.153685503e-02
8.978798240e-02
1.256138980e-01
2.039981335e-01
2.864698768e-01
3.643732071e-01
4.627141654e-01
4.857966304e-01
4.403530359e-01
3.398481011e-01
2.342938781e-01
1.624015868e-01
1.323462874e-01
6.526285410e-02
2.198322304e-02
-1.143827289e-02
-1.047299281e-01
-8.477321267e-02
-1.270910800e-01
-1.294955015e-01
-1.184351444e-01
-3.572295606e-02
1.308685355e-02
8.594090492e-02
1.917355657e-01
2.369387448e-01
2.792566121e-01
3.112354577e-01
2.927213907e-01
2.304468006e-01
2.342938781e-01
1.715383977e-01
1.436470896e-01
1.520625651e-01
1.133513376e-01
5.540471897e-02
1.284641121e-02
1.476994995e-02
-5.664144829e-02
-1.124240905e-01
-1.970598102e-01
-2.153334469e-01
-2.410607785e-01
-2.119672447e-01
-1.030468345e-01
5.131719634e-02
1.804347783e-01
2.241952866e-01
2.064025551e-01
2.155393660e-01
1.979870647e-01
1.405213326e-01
4.338259622e-02
-6.193118170e-02
-1.210800111e-01
-7.347241789e-02
-5.327525362e-02
-1.011232957e-01
-1.018446237e-01
-1.270910800e-01
-1.759008914e-01
-1.732560247e-01
-1.660427451e-01
-1.049703732e-01
-7.395330071e-02
-5.664144829e-02
-6.217162311e-02
-1.504490897e-02
-2.129641175e-02
2.871561050e-02
6.862904876e-02
5.756869912e-02
2.486853115e-02
-3.908915073e-02
-6.914445013e-02
-6.217162311e-02
-5.327525362e-02
-1.501735449e-01
-2.242298126e-01
-2.727991641e-01
-3.314671218e-01
-4.067256153e-01
-3.103081882e-01
-2.665476799e-01
-2.658263445e-01
-2.554873228e-01
-2.398585677e-01
-1.482500136e-01
-1.345447898e-01
2.510897443e-02
9.291373193e-02
1.621611565e-01
9.748213738e-02
6.237754971e-02
2.366632037e-02
-1.820576377e-03
-4.173401743e-02
-1.232439950e-01
-2.105245888e-01
-2.456291914e-01
-1.953767240e-01
-1.710920334e-01
-1.773435324e-01
-1.713324785e-01
-1.290146112e-01
-1.554632783e-01
-2.069179565e-01
-1.381514221e-01
-1.143476292e-01
-9.871886671e-02
-4.750463367e-02
-9.415046126e-02
-1.020850614e-01
-9.487178922e-02
-5.014950037e-02
-5.856498703e-02
-7.591194473e-03
-4.894728959e-02
-9.703577310e-02
-1.129049733e-01
-9.775710106e-02
-8.333055675e-02
-5.640100315e-02
-6.337383389e-02
-1.225226671e-01
-1.845568120e-01
-2.598152757e-01
-1.674854010e-01
-1.210800111e-01
-1.237248778e-01
-1.359874457e-01
-1.804692894e-01
-1.400749683e-01
-1.744933426e-02
3.039870784e-02
-5.908097606e-03
1.765525900e-02
2.102145366e-02
2.747829538e-03
-3.644428402e-02
-4.774507880e-02
-6.148539949e-03
8.278004825e-03
-8.645630628e-02
-9.944019467e-02
-1.244462058e-01
-9.463135153e-02
-8.958205581e-02
-1.234844401e-01
-1.686876118e-01
-1.441624910e-01
-1.119432002e-01
-6.529737264e-02
-4.437888414e-02
4.911811091e-03
5.468339100e-02
5.444294959e-02
6.093489379e-02
1.845223010e-01
2.039981335e-01
2.369387448e-01
2.001510561e-01
1.662486643e-01
1.287396550e-01
1.381169111e-01
1.135917827e-01
1.306631863e-01
1.070998386e-01
6.766728312e-02
5.392695777e-03
5.873580929e-03
4.554658011e-02
4.506569356e-02
8.999331854e-03
2.991782315e-02
3.400534391e-02
8.242901531e-04
4.843188822e-02
1.446088552e-01
2.150584757e-01
2.693984807e-01
2.001510561e-01
2.119327337e-01
1.991892755e-01
2.693984807e-01
2.374196202e-01
1.260947883e-01
1.417235434e-01
9.387550503e-02
1.010887772e-01
5.564516038e-02
6.550329924e-02
5.684737116e-02
4.001640528e-02
-8.072079159e-03
5.516427755e-02
1.133513376e-01
1.390786767e-01
2.136158198e-01
2.768521905e-01
3.160443008e-01
3.497062325e-01
3.610070348e-01
3.665372133e-01
3.177273870e-01
2.388622761e-01
2.119327337e-01
1.513412446e-01
1.003674492e-01
8.137249947e-02
4.482525215e-02
4.290171340e-02
1.477346122e-01
1.914951205e-01
2.573763430e-01
2.768521905e-01
2.686771452e-01
2.268401533e-01
2.333320975e-01
1.628824770e-01
1.789921224e-01
1.525434554e-01
2.439115644e-01
2.645896077e-01
3.501871228e-01
4.237625003e-01
4.932503402e-01
4.475663006e-01
3.816850781e-01
2.763713002e-01
2.460755557e-01
1.696148664e-01
2.241952866e-01
2.362174094e-01
3.045030534e-01
3.747122586e-01
5.209012032e-01
8.296293020e-01
1.213375330e+00
1.461271524e+00
2.157595873e+00
1.360816498e+02
6.544366455e+02
1.077063721e+03
1.154308716e+03
1.021012390e+03
8.285711670e+02
6.470127563e+02
4.996793518e+02
3.873988647e+02
3.058173523e+02
2.489253845e+02
2.108103638e+02
1.838461304e+02
1.629516296e+02
1.474695129e+02
1.374413147e+02
1.295571747e+02
1.235063324e+02
1.181238022e+02
1.134106522e+02
1.094202881e+02
1.059408722e+02
1.030981674e+02
1.013076096e+02
1.002544708e+02
9.901308441e+01
9.669615173e+01
9.442758942e+01
9.297650146e+01
9.169180298e+01
8.980049896e+01
8.723090363e+01
8.486857605e+01
8.274521637e+01
8.138937378e+01
8.026770782e+01
7.904842377e+01
7.719866180e+01
7.535977173e+01
7.394239044e+01
7.369305420e+01
7.439126587e+01
7.418905640e+01
7.221244049e+01
6.954586029e+01
6.751871490e+01
6.625134277e+01
6.498416901e+01
6.392580032e+01
6.386977768e+01
6.336267853e+01
6.231651306e+01
6.138672256e+01
6.039633942e+01
6.036941910e+01
6.066010284e+01
5.993084335e+01
5.860021210e+01
5.759490585e+01
5.641267395e+01
5.526308823e+01
5.465741348e+01
5.449319077e+01
5.410583878e+01
5.297238541e+01
5.181177139e+01
5.128808594e+01
5.195196533e+01
5.225395203e+01
5.167232132e+01
5.108924866e+01
5.096878815e+01
5.083317184e+01
5.043957520e+01
4.936095047e+01
4.759368134e+01
4.607386017e+01
4.446267700e+01
4.359395218e+01
4.357133484e+01
4.389042664e+01
4.383463669e+01
4.413590240e+01
4.343141556e+01
4.224074936e+01
4.175891876e+01
4.150428391e+01
4.138333893e+01
4.095006943e+01
4.085366058e+01
4.119893646e+01
4.114482117e+01
4.086806488e+01
3.957619095e+01
3.782625961e+01
3.733528900e+01
3.745837402e+01
3.700587463e+01
3.680054474e+01
3.639586639e+01
3.641773987e+01
3.596666718e+01
3.529294968e+01
3.414314651e+01
3.330544281e+01
3.320781708e+01
3.276324844e+01
3.215277863e+01
3.206141663e+01
3.232492828e+01
3.301234436e+01
3.329583359e+01
3.291378021e+01
3.264208603e+01
3.204387283e+01
3.126340103e+01
3.085055733e+01
3.052475357e+01
3.060001564e+01
3.064545631e+01
3.003641891e+01
2.935813141e+01
2.906214714e+01
2.897702980e+01
2.896236420e+01
2.874596596e+01
2.818885994e+01
2.806671143e+01
2.762934303e+01
2.738288498e+01
2.679475975e+01
2.602557755e+01
2.585968018e+01
2.573393631e+01
2.514245033e+01
2.469643021e+01
2.456683159e+01
2.406382942e+01
2.396453476e+01
2.358127022e+01
2.290946579e+01
2.255192375e+01
2.249012756e+01
2.284237480e+01
2.308210373e+01
2.328695679e+01
2.292869759e+01
2.278298950e+01
2.301645851e+01
2.277169228e+01
2.242425346e+01
2.175605965e+01
2.139538574e+01
2.116912460e+01
2.135162163e+01
2.125328445e+01
2.079211044e+01
2.051609039e+01
2.049901581e+01
2.080654144e+01
2.123381233e+01
2.106212807e+01
2.016214752e+01
1.934441185e+01
1.888973427e+01
1.883395195e+01
1.902245903e+01
1.932276726e+01
1.948915672e+01
1.923982239e+01
1.906236839e+01
1.870265579e+01
1.842013550e+01
1.802581787e+01
1.783707428e+01
1.780244637e+01
1.753892899e+01
1.720255852e+01
1.695971107e+01
1.672816849e+01
1.627204895e+01
1.624127197e+01
1.639708328e+01
1.655985451e+01
1.662045479e+01
1.683540535e+01
1.730955124e+01
1.726458359e+01
1.640669632e+01
1.586570930e+01
1.547954941e+01
1.566396713e+01
1.591835880e+01
1.551176834e+01
1.466156387e+01
1.427805996e+01
1.405709934e+01
1.379405403e+01
1.347089863e+01
1.344853973e+01
1.398520756e+01
1.407705784e+01
1.309028053e+01
1.219679260e+01
1.191860104e+01
1.260434055e+01
1.323286057e+01
1.315856457e+01
1.329369640e+01
1.292485046e+01
1.249974632e+01
1.285295773e+01
1.336270332e+01
1.316697598e+01
1.291571522e+01
1.294866180e+01
1.312321949e+01
1.278131390e+01
1.234803677e+01
1.206550884e+01
1.185031319e+01
1.144540977e+01
1.128719711e+01
1.108234215e+01
1.071782780e+01
1.084214020e+01
1.124343681e+01
1.125449657e+01
1.120881271e+01
1.128214931e+01
1.073345852e+01
1.006238556e+01
1.008594894e+01
1.032374477e+01
1.086401653e+01
1.100948620e+01
1.080991936e+01
1.054975700e+01
1.090465164e+01
1.105492783e+01
1.064401340e+01
1.026315308e+01
1.029585266e+01
1.032807255e+01
1.026916409e+01
1.011551952e+01
9.747888565e+00
9.539424896e+00
9.625026703e+00
9.927737236e+00
1.020905304e+01
1.029705334e+01
1.015687752e+01
1.033264256e+01
1.067502689e+01
1.096476364e+01
1.079861832e+01
1.026988506e+01
9.818332672e+00
9.871233940e+00
9.781310081e+00
9.606990814e+00
9.124902725e+00
8.519947052e+00
8.449976921e+00
8.738751411e+00
9.101579666e+00
9.193429947e+00
9.181167603e+00
8.954670906e+00
8.197752953e+00
7.798849106e+00
7.644965172e+00
7.786103725e+00
8.208572388e+00
8.578617096e+00
8.531726837e+00
8.588475227e+00
8.729134560e+00
8.537257195e+00
8.148458481e+00
7.841409206e+00
7.488920689e+00
7.200388908e+00
7.052758217e+00
7.066222191e+00
6.821931839e+00
6.796446800e+00
7.084496498e+00
7.282620430e+00
7.079687119e+00
7.138113499e+00
7.071752548e+00
7.232128143e+00
7.428568840e+00
7.615632057e+00
7.588943958e+00
7.682235718e+00
7.634627819e+00
7.171777248e+00
6.648092747e+00
6.411019325e+00
6.491567612e+00
6.816642761e+00
6.925803661e+00
6.857277870e+00
6.401159286e+00
6.183800220e+00
6.035928249e+00
5.967401505e+00
6.212411880e+00
6.067425251e+00
6.113349915e+00
6.012845039e+00
5.640399456e+00
5.551676273e+00
5.583415508e+00
5.903683186e+00
6.168889999e+00
6.032560349e+00
5.892863274e+00
5.846699238e+00
5.744273663e+00
5.799814701e+00
5.893586159e+00
6.007073402e+00
5.805822849e+00
5.604332447e+00
5.466077805e+00
5.489162445e+00
5.479062557e+00
5.386011600e+00
5.249922276e+00
5.146056652e+00
5.325425625e+00
5.849104404e+00
6.260979652e+00
6.180672646e+00
6.041697025e+00
5.998898506e+00
5.794522285e+00
5.501423836e+00
5.342972279e+00
5.508156300e+00
5.584616184e+00
5.519456863e+00
5.437465191e+00
5.392022610e+00
5.298250198e+00
5.381202698e+00
5.484832287e+00
5.220111847e+00
5.009243011e+00
4.899839878e+00
5.058053493e+00
5.450932026e+00
5.541096687e+00
5.409574986e+00
5.215061665e+00
5.122250080e+00
5.518738747e+00
5.653623104e+00
5.686804771e+00
5.543262005e+00
5.425442219e+00
5.775287628e+00
5.956820965e+00
5.465357304e+00
4.667810917e+00
4.304020882e+00
4.518496990e+00
4.735377312e+00
4.864975452e+00
5.031362534e+00
4.908496857e+00
4.812799454e+00
4.869543076e+00
4.817608356e+00
4.824339867e+00
4.877959728e+00
5.079452991e+00
5.409335136e+00
5.681515217e+00
5.774806976e+00
5.955137730e+00
5.971487999e+00
5.479064465e+00
5.294644356e+00
5.116236210e+00
4.934942245e+00
4.708447456e+00
4.558170319e+00
4.407892704e+00
4.307386875e+00
4.453817368e+00
4.775053024e+00
5.038576126e+00
4.902968407e+00
4.744512081e+00
4.688489914e+00
4.556005001e+00
4.378077030e+00
4.560332298e+00
4.780579567e+00
4.678151131e+00
4.571153164e+00
4.641604424e+00
4.640881538e+00
4.763988972e+00
4.918834686e+00
5.015010834e+00
4.787793636e+00
4.532201290e+00
4.661560535e+00
4.972692966e+00
4.939992905e+00
4.793082237e+00
4.644488811e+00
4.256173611e+00
3.950331688e+00
3.506235123e+00
3.225639820e+00
3.341051579e+00
3.568750143e+00
3.570675611e+00
3.457667589e+00
3.729125738e+00
4.086419106e+00
4.216259956e+00
4.068146706e+00
3.605780125e+00
3.572839975e+00
3.572359085e+00
3.490368128e+00
3.413907528e+00
3.510565281e+00
3.571877718e+00
3.625255823e+00
3.762547731e+00
3.709890366e+00
3.610107183e+00
3.684162855e+00
4.037371159e+00
4.222992420e+00
4.441073895e+00
4.466320992e+00
4.109504700e+00
3.632709742e+00
3.412224531e+00
3.235499144e+00
3.079692602e+00
3.042183638e+00
3.178033113e+00
3.321096182e+00
3.302823067e+00
3.224198103e+00
3.203279495e+00
3.205924749e+00
3.476902962e+00
3.707006454e+00
3.564665318e+00
3.455263615e+00
3.340091705e+00
3.291762829e+00
3.186689377e+00
3.395393372e+00
3.490367651e+00
3.618764400e+00
3.588227749e+00
3.884692907e+00
4.009962559e+00
3.648579359e+00
3.180438042e+00
2.941678047e+00
2.857524157e+00
3.011407375e+00
3.128502369e+00
3.201836824e+00
3.157114506e+00
3.254012823e+00
3.231171846e+00
3.289599180e+00
3.430979013e+00
3.730329752e+00
3.621649742e+00
3.371349335e+00
3.437951803e+00
3.847182989e+00
3.813281059e+00
3.436268568e+00
3.139082432e+00
3.011406422e+00
2.744515896e+00
2.378561497e+00
2.225159645e+00
2.261707067e+00
2.259783983e+00
2.548312902e+00
2.828911066e+00
2.999625683e+00
2.981111765e+00
2.950814962e+00
3.070796251e+00
3.260264397e+00
3.490847588e+00
3.480748653e+00
3.175629616e+00
2.886376858e+00
2.915230513e+00
3.084500551e+00
3.140523672e+00
2.898879766e+00
2.330232620e+00
2.111428738e+00
1.943839431e+00
2.080170155e+00
2.113350391e+00
2.134990454e+00
2.063339710e+00
1.971971035e+00
1.964998245e+00
1.829629302e+00
1.898636222e+00
2.147733927e+00
2.256895304e+00
2.485318422e+00
2.620927095e+00
2.739706516e+00
2.781303644e+00
2.802463055e+00
2.636556625e+00
2.578369141e+00
2.524991989e+00
2.433142424e+00
2.178272009e+00
2.254252434e+00
2.244154215e+00
2.045305967e+00
1.975097299e+00
2.086425066e+00
2.106141329e+00
2.018617392e+00
1.885892868e+00
2.129463673e+00
2.257137299e+00
2.483154535e+00
2.845020294e+00
2.968607664e+00
2.781544447e+00
2.420880318e+00
2.177791119e+00
2.148936749e+00
2.225400209e+00
1.934943080e+00
1.873149395e+00
2.172984123e+00
2.425446987e+00
2.483634472e+00
2.299216509e+00
1.987359405e+00
1.807508588e+00
1.820252061e+00
1.832033753e+00
1.804142356e+00
1.760862708e+00
1.765190721e+00
1.664685845e+00
1.579809666e+00
1.735135436e+00
1.878198624e+00
1.639198899e+00
1.396832943e+00
1.206642985e+00
1.366056323e+00
1.503108501e+00
1.645690799e+00
1.743070006e+00
1.678871870e+00
1.354034185e+00
1.209287882e+00
1.268196225e+00
1.326864243e+00
1.368220329e+00
1.480506897e+00
1.516813755e+00
1.608903170e+00
1.796207786e+00
1.714457393e+00
1.568989754e+00
1.599285483e+00
1.539896131e+00
1.637034893e+00
1.688489556e+00
1.792841554e+00
1.847902894e+00
1.759660602e+00
1.370143890e+00
1.197746634e+00
1.371826887e+00
1.799814463e+00
2.044825077e+00
2.038092375e+00
1.765190721e+00
1.402122736e+00
1.244632840e+00
1.207364321e+00
1.220588684e+00
1.154466987e+00
9.279702306e-01
8.928656578e-01
1.397073388e+00
1.670215964e+00
1.577164769e+00
1.586782455e+00
1.630302548e+00
1.583897114e+00
1.593755245e+00
1.469686985e+00
1.167931795e+00
1.144368410e+00
1.179953933e+00
1.279016137e+00
1.508879066e+00
1.653625488e+00
1.787070990e+00
1.767354727e+00
1.310514092e+00
1.070071697e+00
1.053962111e+00
1.358843088e+00
1.725998640e+00
2.130903482e+00
2.089066029e+00
1.854635358e+00
1.741146445e+00
1.634149551e+00
1.670456409e+00
1.969807148e+00
2.121048689e+00
2.242952585e+00
2.009480953e+00
1.801738024e+00
1.709408045e+00
1.702675700e+00
1.543983698e+00
1.486037135e+00
1.501906276e+00
1.341771603e+00
1.160477996e+00
9.332599640e-01
1.094115973e+00
1.188609838e+00
1.457424402e+00
1.523786545e+00
1.585820675e+00
1.776251078e+00
2.095076561e+00
2.376637459e+00
2.414628029e+00
2.209529638e+00
2.027754307e+00
1.846941113e+00
1.445642710e+00
1.133308053e+00
1.188128948e+00
1.103012323e+00
1.150860310e+00
1.249682188e+00
1.271802902e+00
1.313880324e+00
1.107099891e+00
1.077525377e+00
1.189090729e+00
1.183560491e+00
1.302339077e+00
1.629581213e+00
1.794284225e+00
1.705561042e+00
1.337443709e+00
1.172259688e+00
1.320853114e+00
1.480026007e+00
1.574038982e+00
1.538934469e+00
1.270841122e+00
1.018136144e+00
7.877923250e-01
6.298216581e-01
8.846905828e-01
1.125854373e+00
1.130663157e+00
1.165286899e+00
1.204719424e+00
1.183079600e+00
1.181636930e+00
1.144849300e+00
1.096760869e+00
1.069590807e+00
1.260502100e+00
1.463195086e+00
1.795967340e+00
1.978943944e+00
1.978463054e+00
1.825060844e+00
1.564180851e+00
1.499982715e+00
1.324219346e+00
1.181636930e+00
1.187167168e+00
1.145811081e+00
1.149417758e+00
1.215539336e+00
1.347542286e+00
1.369903445e+00
1.427369118e+00
1.462714195e+00
1.545666814e+00
1.543262362e+00
1.354755521e+00
1.270119786e+00
1.289355159e+00
1.414144754e+00
1.490124583e+00
1.305224419e+00
1.153745651e+00
1.206162095e+00
1.025108933e+00
7.406656146e-01
6.430459619e-01
6.177995205e-01
7.716826797e-01
9.113796949e-01
1.051798105e+00
1.103012323e+00
1.229244590e+00
1.251846194e+00
1.005152225e+00
8.289079666e-01
8.596845865e-01
1.167691350e+00
1.530518889e+00
1.673822641e+00
1.480026007e+00
1.105416775e+00
8.031806350e-01
6.021707654e-01
5.014253855e-01
5.038298368e-01
4.867584109e-01
4.292926788e-01
4.288117886e-01
7.103698254e-01
8.418918252e-01
7.522068620e-01
8.361212611e-01
9.575446844e-01
8.087108135e-01
8.957509398e-01
1.145811081e+00
1.231889486e+00
1.483873129e+00
1.583416224e+00
1.612269402e+00
1.607700944e+00
1.579328775e+00
