3.817594647e-01
2.667563558e-01
1.941662431e-01
1.636025310e-01
1.964793205e-01
2.275629938e-01
2.330466360e-01
2.389463186e-01
2.338004410e-01
2.540994585e-01
2.258215398e-01
1.892282218e-01
1.440064013e-01
8.794694394e-02
1.046062484e-01
1.706197113e-01
1.677868515e-01
1.724909544e-01
1.539604068e-01
1.288804859e-01
1.653958112e-01
1.783645898e-01
1.620171666e-01
1.220972165e-01
1.181987822e-01
9.252110869e-02
1.187185720e-01
1.673710197e-01
1.961154640e-01
1.761554778e-01
1.645641476e-01
1.375609934e-01
1.266973615e-01
1.021112502e-01
9.943432361e-02
1.110776439e-01
1.087645739e-01
1.067114025e-01
1.077509820e-01
1.295042336e-01
1.349620372e-01
1.710615307e-01
1.763114184e-01
1.233707070e-01
8.277502656e-02
6.466030329e-02
4.126970842e-02
6.512811780e-02
6.931243837e-02
9.054590017e-02
1.171072200e-01
1.455138028e-01
1.848619878e-01
1.650839299e-01
1.447081268e-01
1.245142445e-01
1.333246976e-01
1.063735336e-01
9.013006836e-02
8.355470747e-02
8.332080394e-02
9.083178639e-02
8.981819451e-02
1.113635302e-01
1.094143167e-01
1.093103588e-01
1.012535915e-01
1.062695757e-01
9.979818016e-02
8.838876337e-02
9.392454475e-02
1.141704023e-01
1.402639151e-01
1.386265755e-01
1.399260461e-01
1.040084884e-01
7.905852050e-02
7.651153952e-02
7.929242402e-02
8.342476189e-02
9.301490337e-02
1.045022905e-01
1.199920624e-01
1.283866912e-01
1.010716707e-01
1.193683147e-01
1.105318666e-01
1.065034866e-01
7.812289149e-02
6.954634190e-02
2.151764929e-02
1.865879819e-02
5.273110047e-02
8.677741140e-02
1.285426319e-01
1.183547229e-01
1.075950488e-01
1.119093150e-01
1.017214060e-01
9.145553410e-02
6.135963276e-02
4.210137576e-02
2.941847220e-02
4.592183977e-02
5.293901637e-02
4.636365920e-02
4.914454371e-02
5.176948756e-02
8.604970574e-02
1.016174480e-01
1.041644216e-01
1.102199927e-01
1.021632329e-01
9.855068475e-02
9.966823459e-02
1.257357597e-01
9.335277230e-02
6.728524715e-02
4.750720039e-02
1.946447417e-02
1.013422478e-02
-1.119251247e-03
3.989226371e-02
3.880070150e-02
7.705732435e-02
7.788898796e-02
1.043983325e-01
1.008377597e-01
1.000060961e-01
1.219152883e-01
9.901849180e-02
8.833678812e-02
5.993020535e-02
3.783908859e-02
5.486224592e-02
4.605178535e-02
7.139159739e-02
8.113767952e-02
7.497815788e-02
6.952035427e-02
9.886255860e-02
1.148201376e-01
8.667345345e-02
6.393259764e-02
7.198935747e-02
1.007078141e-01
1.313235015e-01
1.065814495e-01
8.087778836e-02
1.020852625e-01
1.272951216e-01
1.685925275e-01
1.559616029e-01
1.247221604e-01
8.532200009e-02
6.650556624e-02
6.546597928e-02
6.468629837e-02
6.135963276e-02
6.905253977e-02
7.747315615e-02
8.854470402e-02
1.010716707e-01
1.091024429e-01
1.016434357e-01
9.085777402e-02
9.259907156e-02
8.740116656e-02
7.973424345e-02
1.142483726e-01
1.162235737e-01
1.532326937e-01
1.538304538e-01
1.532586962e-01
1.161456108e-01
6.073588133e-02
4.857277125e-02
2.819696441e-02
1.891869307e-02
1.366880443e-02
3.890465945e-02
3.308299929e-02
6.273707747e-02
8.493215591e-02
1.003439575e-01
1.197321638e-01
1.306997538e-01
1.388864666e-01
1.057497859e-01
7.144358009e-02
7.375665009e-02
9.304089844e-02
9.644553065e-02
1.312975138e-01
1.039045304e-01
9.966823459e-02
1.023191661e-01
1.015394777e-01
8.298294246e-02
8.412647992e-02
5.187344551e-02
6.208733842e-02
1.319472492e-01
9.285897017e-02
1.157557666e-01
1.009937003e-01
5.974828079e-02
9.202730656e-02
1.269572675e-01
1.065034866e-01
8.838876337e-02
1.007857844e-01
6.096978858e-02
6.450437009e-02
8.521804214e-02
1.174190938e-01
1.275290251e-01
1.115714461e-01
9.623761475e-02
1.013575494e-01
8.118966222e-02
9.311886877e-02
7.794096321e-02
1.017214060e-01
8.126763254e-02
8.243715763e-02
8.035799861e-02
9.452229738e-02
1.220712289e-01
1.303878874e-01
1.074650958e-01
9.044194221e-02
1.004479155e-01
1.408096999e-01
9.662745148e-02
1.010716707e-01
7.302894443e-02
6.193140149e-02
6.608973444e-02
8.521804214e-02
9.000011533e-02
1.081928089e-01
9.428839386e-02
1.176270097e-01
1.418492794e-01
1.507117152e-01
1.386005878e-01
1.425509900e-01
1.352219433e-01
1.510495842e-01
1.360016316e-01
1.145082638e-01
9.215725213e-02
9.244313836e-02
1.580927521e-01
3.314436972e-01
5.743680596e-01
7.912787795e-01
1.134314656e+00
6.486476898e+01
5.049026794e+02
1.039822754e+03
1.270678223e+03
1.232791870e+03
1.075299805e+03
8.906965942e+02
7.176382446e+02
5.693741455e+02
4.501724548e+02
3.590006714e+02
2.913826294e+02
2.413205872e+02
2.039911499e+02
1.761059265e+02
1.565763550e+02
1.430710907e+02
1.318071747e+02
1.221689224e+02
1.139040604e+02
1.068684464e+02
1.006960754e+02
9.605429840e+01
9.206426239e+01
8.882247162e+01
8.642654419e+01
8.392484283e+01
8.177719879e+01
7.989146423e+01
7.821204376e+01
7.641173553e+01
7.444636536e+01
7.248287964e+01
7.082534027e+01
6.991572571e+01
6.886931610e+01
6.773542023e+01
6.615143585e+01
6.522220612e+01
6.414620972e+01
6.332981491e+01
6.281678009e+01
6.178162766e+01
6.076827240e+01
5.973046875e+01
5.877245331e+01
5.773786163e+01
5.688276672e+01
5.644641495e+01
5.548425674e+01
5.476981735e+01
5.397575378e+01
5.336269379e+01
5.272679520e+01
5.251264572e+01
5.192265320e+01
5.133980942e+01
5.094371796e+01
5.020026016e+01
4.954914856e+01
4.916501617e+01
4.877425766e+01
4.807132339e+01
4.707066345e+01
4.648330307e+01
4.602244568e+01
4.584656906e+01
4.539012527e+01
4.498589706e+01
4.433216095e+01
4.424665070e+01
4.392174911e+01
4.345340347e+01
4.307767868e+01
4.233248901e+01
4.172305298e+01
4.123725510e+01
4.071031570e+01
4.021921158e+01
3.979936981e+01
3.970988083e+01
3.929508972e+01
3.914813614e+01
3.876582336e+01
3.864015198e+01
3.819667435e+01
3.797577286e+01
3.736980057e+01
3.671139526e+01
3.644883728e+01
3.591419220e+01
3.563571930e+01
3.527959061e+01
3.496294785e+01
3.463312912e+01
3.409474945e+01
3.384530640e+01
3.344043350e+01
3.324231720e+01
3.286529922e+01
3.257828522e+01
3.215776443e+01
3.220684814e+01
3.186086845e+01
3.140918922e+01
3.123240089e+01
3.067827225e+01
3.020005798e+01
2.976416016e+01
2.951772881e+01
2.929480934e+01
2.894917488e+01
2.883248711e+01
2.847952271e+01
2.837511635e+01
2.809975815e+01
2.793700409e+01
2.765095711e+01
2.771132469e+01
2.740658379e+01
2.705771446e+01
2.693537140e+01
2.647961617e+01
2.612230492e+01
2.580760384e+01
2.550361443e+01
2.517757797e+01
2.492750740e+01
2.499510956e+01
2.457408714e+01
2.427378273e+01
2.392967033e+01
2.388740540e+01
2.367967033e+01
2.380096626e+01
2.356268120e+01
2.314114761e+01
2.296509743e+01
2.253537941e+01
2.226554298e+01
2.202035522e+01
2.187969017e+01
2.160662460e+01
2.135335159e+01
2.129716301e+01
2.088834381e+01
2.087797356e+01
2.068059349e+01
2.065666008e+01
2.022500229e+01
2.017626953e+01
1.984667587e+01
1.962950516e+01
1.969321442e+01
1.923628235e+01
1.883390236e+01
1.860768318e+01
1.845939636e+01
1.834494400e+01
1.825816536e+01
1.840173149e+01
1.815133286e+01
1.807593727e+01
1.789435768e+01
1.794664764e+01
1.770486832e+01
1.771066666e+01
1.750075150e+01
1.720309448e+01
1.710863113e+01
1.671170616e+01
1.652606583e+01
1.644006348e+01
1.630791855e+01
1.615121269e+01
1.601178169e+01
1.607566071e+01
1.575060272e+01
1.580200672e+01
1.577042961e+01
1.576606274e+01
1.543546009e+01
1.549513531e+01
1.526344109e+01
1.493604088e+01
1.499034023e+01
1.473436546e+01
1.464073181e+01
1.453843021e+01
1.453749466e+01
1.452351284e+01
1.452855110e+01
1.462284470e+01
1.421696854e+01
1.406762314e+01
1.377881432e+01
1.371140099e+01
1.337751961e+01
1.340901375e+01
1.318220615e+01
1.302588367e+01
1.309878445e+01
1.289990807e+01
1.287683201e+01
1.281910419e+01
1.278770733e+01
1.276309586e+01
1.267352867e+01
1.272252560e+01
1.244703674e+01
1.246452236e+01
1.235658836e+01
1.229962063e+01
1.197059250e+01
1.201459503e+01
1.185176849e+01
1.167846203e+01
1.183630466e+01
1.173582935e+01
1.179371262e+01
1.180912113e+01
1.182707882e+01
1.179785824e+01
1.157552719e+01
1.157117558e+01
1.134112549e+01
1.132313919e+01
1.104499722e+01
1.089269543e+01
1.054626274e+01
1.060528183e+01
1.055049419e+01
1.042150307e+01
1.065554714e+01
1.062272072e+01
1.053596783e+01
1.047783089e+01
1.042506695e+01
1.032053566e+01
1.015460014e+01
1.010634232e+01
9.787508011e+00
9.875194550e+00
9.795751572e+00
9.824388504e+00
9.605556488e+00
9.789175987e+00
9.679753304e+00
9.512640953e+00
9.565918922e+00
9.318754196e+00
9.285334587e+00
9.298172951e+00
9.324162483e+00
9.173426628e+00
8.939969063e+00
8.927415848e+00
8.676932335e+00
8.708694458e+00
8.537106514e+00
8.526114464e+00
8.309633255e+00
8.455107689e+00
8.330107689e+00
8.239432335e+00
8.382249832e+00
8.095520020e+00
7.900905132e+00
7.729784966e+00
7.736878395e+00
7.676839352e+00
7.542754650e+00
7.636950493e+00
7.362805843e+00
7.419646740e+00
7.230125904e+00
7.237456799e+00
7.042983532e+00
7.273372650e+00
7.183088303e+00
7.011924267e+00
7.103017807e+00
6.881464958e+00
6.761575222e+00
6.700783730e+00
6.752060413e+00
6.682358265e+00
6.545782089e+00
6.595757484e+00
6.298253059e+00
6.281645298e+00
6.166847229e+00
6.245674133e+00
6.070859909e+00
6.229529858e+00
6.072888374e+00
5.787973404e+00
5.871238708e+00
5.708887577e+00
5.648744106e+00
5.531970978e+00
5.478721142e+00
5.445691586e+00
5.392205238e+00
5.496575832e+00
5.330761909e+00
5.435685635e+00
5.313688278e+00
5.337912083e+00
5.136121273e+00
5.341265678e+00
5.253491402e+00
5.156156540e+00
5.398000717e+00
5.232651234e+00
5.182593822e+00
5.156522751e+00
5.208920479e+00
5.202418804e+00
5.094069958e+00
5.128345966e+00
4.957474709e+00
5.143916130e+00
5.084790230e+00
5.110881805e+00
4.922016144e+00
5.091518879e+00
4.947409153e+00
4.866943836e+00
5.010561466e+00
4.810189247e+00
4.757615089e+00
4.718058109e+00
4.742592812e+00
4.771723270e+00
4.775255203e+00
4.895136833e+00
4.698015213e+00
4.758285046e+00
4.639980316e+00
4.689307690e+00
4.498589039e+00
4.658564568e+00
4.568870544e+00
4.413894176e+00
4.635925293e+00
4.541840076e+00
4.550886154e+00
4.568894863e+00
4.651465416e+00
4.619445324e+00
4.490459442e+00
4.577626705e+00
4.342475891e+00
4.394582272e+00
4.351568699e+00
4.421353340e+00
4.306554794e+00
4.569748878e+00
4.563745975e+00
4.458231449e+00
4.585112572e+00
4.435330868e+00
4.480113029e+00
4.480111599e+00
4.540098667e+00
4.510133266e+00
4.409345150e+00
4.492798328e+00
4.278302670e+00
4.392374992e+00
4.369711876e+00
4.467616081e+00
4.331710339e+00
4.562292099e+00
4.462365627e+00
4.322874546e+00
4.489028931e+00
4.378650665e+00
4.397961617e+00
4.399938583e+00
4.327944279e+00
4.219863415e+00
4.114289284e+00
4.230619907e+00
4.068056107e+00
4.146650791e+00
4.109485626e+00
4.197356701e+00
4.062804699e+00
4.297459126e+00
4.234824657e+00
4.137218475e+00
4.259281635e+00
4.030811310e+00
3.934179783e+00
3.906238556e+00
3.877469063e+00
3.800775528e+00
3.688736916e+00
3.784950972e+00
3.611889124e+00
3.801996946e+00
3.798828602e+00
3.863435507e+00
3.648040533e+00
3.828040838e+00
3.767644405e+00
3.720629454e+00
3.918741941e+00
3.767279863e+00
3.755634785e+00
3.706385374e+00
3.677330017e+00
3.596707821e+00
3.474578857e+00
3.559205770e+00
3.405107975e+00
3.464674473e+00
3.382939100e+00
3.471846104e+00
3.283945084e+00
3.451085329e+00
3.281579494e+00
3.123902559e+00
3.300343990e+00
3.214632988e+00
3.268171787e+00
3.234928608e+00
3.142746925e+00
3.047001839e+00
2.958372593e+00
3.129101992e+00
3.049366474e+00
3.238126516e+00
3.220974684e+00
3.249925137e+00
3.006172419e+00
3.186069965e+00
3.140770197e+00
3.006014824e+00
3.116236448e+00
2.915467262e+00
2.889009714e+00
2.905563593e+00
2.979218245e+00
2.914766312e+00
2.825153828e+00
2.964250803e+00
2.773771286e+00
2.828792334e+00
2.717820644e+00
2.769042492e+00
2.648298979e+00
2.856987476e+00
2.817849159e+00
2.749159575e+00
2.897276163e+00
2.781253338e+00
2.819072247e+00
2.879807949e+00
2.835468054e+00
2.774108410e+00
2.634811163e+00
2.732862949e+00
2.542783976e+00
2.667110205e+00
2.651025534e+00
2.778734922e+00
2.671324968e+00
2.859952688e+00
2.683126211e+00
2.505514383e+00
2.644245148e+00
2.530440569e+00
2.516014576e+00
2.541251659e+00
2.627533436e+00
2.651807547e+00
2.561781883e+00
2.660332203e+00
2.452914476e+00
2.485505342e+00
2.341418743e+00
2.419958115e+00
2.302751780e+00
2.547643900e+00
2.428041697e+00
2.287106037e+00
2.432641268e+00
2.368919849e+00
2.373130560e+00
2.356678009e+00
2.351687193e+00
2.319565773e+00
2.252408266e+00
2.370867968e+00
2.194765568e+00
2.313824415e+00
2.277048349e+00
2.403769732e+00
2.265899658e+00
2.414710522e+00
2.282637358e+00
2.149207354e+00
2.338716269e+00
2.214648247e+00
2.136029959e+00
2.139383078e+00
2.226602793e+00
2.292279005e+00
2.289679766e+00
2.370036125e+00
2.113420725e+00
2.225665808e+00
2.131742954e+00
2.196402788e+00
2.043582201e+00
2.231515646e+00
2.134548903e+00
2.065130472e+00
2.300257206e+00
2.227642775e+00
2.226317644e+00
2.129506588e+00
2.030020952e+00
1.954988360e+00
1.904049993e+00
2.084179163e+00
1.920787334e+00
1.989787936e+00
1.911170363e+00
2.014218807e+00
1.910105586e+00
2.101828575e+00
2.001614094e+00
1.806300521e+00
1.933574915e+00
1.773839951e+00
1.763053894e+00
1.814124107e+00
1.846144438e+00
1.833019733e+00
1.733737588e+00
1.862569451e+00
1.739246607e+00
1.882868528e+00
1.745094657e+00
1.717286706e+00
1.473349571e+00
1.689503431e+00
1.660316944e+00
1.552590847e+00
1.696026444e+00
1.595240116e+00
1.581386924e+00
1.552590489e+00
1.578085780e+00
1.590977073e+00
1.561999083e+00
1.678015828e+00
1.499520779e+00
1.668530464e+00
1.660240054e+00
1.723263502e+00
1.554333210e+00
1.684773564e+00
1.582349062e+00
1.420434594e+00
1.540480614e+00
1.365854740e+00
1.328820467e+00
1.306366205e+00
1.339139342e+00
1.381814718e+00
1.328768015e+00
1.435482979e+00
1.234709978e+00
1.357825160e+00
1.252644658e+00
1.284872293e+00
1.080096960e+00
1.332874179e+00
1.334849834e+00
1.204928398e+00
1.320997596e+00
1.160950899e+00
1.212386847e+00
1.204641938e+00
1.148736000e+00
1.100836635e+00
1.064089060e+00
1.233620524e+00
1.086257935e+00
1.171998620e+00
1.039425731e+00
1.036048174e+00
8.359804153e-01
1.046857953e+00
1.029158831e+00
9.543083310e-01
1.145488262e+00
1.127477765e+00
1.201419473e+00
1.262650847e+00
1.282013059e+00
1.234010577e+00
1.087765336e+00
1.169139981e+00
1.047168612e+00
1.203369617e+00
1.085555196e+00
1.124098063e+00
9.130931497e-01
1.070767760e+00
9.873414636e-01
8.480135798e-01
1.095147133e+00
1.052003264e+00
1.077342868e+00
1.096940160e+00
1.153521061e+00
1.127894640e+00
1.008160472e+00
1.099147558e+00
9.800146222e-01
1.116744280e+00
9.896551371e-01
1.027392626e+00
9.129881859e-01
1.194946647e+00
1.113884568e+00
9.833155274e-01
1.165344477e+00
1.065570474e+00
1.066167831e+00
1.078461051e+00
1.130959511e+00
1.181795239e+00
1.191775084e+00
1.409050941e+00
1.288511038e+00
1.404555440e+00
1.345999718e+00
1.410558343e+00
1.220834613e+00
1.411468387e+00
1.304962397e+00
1.165917516e+00
1.325026155e+00
1.208774447e+00
1.260650992e+00
1.281649828e+00
1.318710446e+00
1.350627303e+00
1.324403644e+00
1.471659660e+00
1.314605355e+00
1.432078123e+00
1.420928359e+00
1.542637706e+00
1.430959821e+00
1.661928296e+00
1.598799229e+00
1.471374750e+00
1.613484025e+00
1.462149262e+00
1.453207850e+00
1.512750268e+00
1.578919291e+00
1.541337967e+00
1.467709780e+00
1.608417034e+00
1.474050999e+00
1.577982426e+00
1.550953507e+00
1.655665636e+00
1.518960595e+00
1.705825329e+00
1.615796804e+00
1.493647337e+00
1.658731818e+00
1.562493682e+00
1.588924289e+00
1.612263322e+00
1.619878173e+00
1.585052848e+00
1.502743483e+00
1.591705918e+00
1.429869413e+00
1.532242656e+00
1.446242809e+00
1.524237275e+00
1.351172090e+00
1.532735825e+00
1.434078693e+00
1.358162999e+00
1.561921477e+00
1.460796833e+00
1.400629997e+00
1.331990957e+00
1.376148582e+00
1.403489828e+00
1.380879283e+00
1.489359736e+00
1.321985364e+00
1.452505469e+00
1.387479901e+00
1.459627032e+00
1.264392376e+00
1.448425174e+00
1.368664265e+00
1.236687660e+00
1.380175352e+00
1.218728423e+00
1.192217946e+00
1.142914057e+00
1.167579412e+00
1.115106940e+00
1.048806548e+00
1.199498653e+00
1.061853528e+00
1.161447287e+00
1.059643626e+00
1.147958159e+00
9.984655976e-01
1.216025591e+00
1.122123122e+00
9.875501990e-01
1.100318193e+00
9.873948693e-01
9.611699581e-01
9.769724607e-01
1.000596166e+00
9.493979216e-01
8.648559451e-01
1.028248787e+00
8.640246987e-01
9.181846976e-01
7.708241940e-01
8.620736599e-01
7.312933803e-01
9.476302266e-01
8.805012703e-01
7.655998468e-01
9.244757891e-01
8.098604679e-01
8.436473012e-01
8.427378535e-01
8.246230483e-01
7.814537883e-01
7.333473563e-01
8.303668499e-01
6.790294647e-01
8.405805230e-01
8.354610205e-01
9.481500387e-01
7.932533622e-01
9.874464273e-01
9.095585942e-01
7.973599434e-01
9.712017775e-01
8.515481353e-01
8.533931375e-01
8.857001662e-01
