6.177753210e-01
5.034860373e-01
4.336115718e-01
4.194757938e-01
4.162070751e-01
3.870466053e-01
3.915769458e-01
3.908601105e-01
3.914335966e-01
4.134544730e-01
4.078345597e-01
4.153755605e-01
4.053686559e-01
3.895985186e-01
4.025587142e-01
3.868172169e-01
3.403669596e-01
3.214427531e-01
3.152780533e-01
3.142171502e-01
3.028913140e-01
3.186328113e-01
3.110631406e-01
3.005401194e-01
3.285823464e-01
3.527536988e-01
3.630186319e-01
3.444671929e-01
3.479079604e-01
3.227043748e-01
2.909633517e-01
2.620036006e-01
2.639820278e-01
2.511078715e-01
2.709495723e-01
2.675948441e-01
2.785192728e-01
2.764261365e-01
2.545772791e-01
2.649855912e-01
2.452872396e-01
2.093026042e-01
2.201696783e-01
1.954535395e-01
2.078689486e-01
1.918694079e-01
2.171016634e-01
2.124279588e-01
2.335886508e-01
2.476384193e-01
2.463481426e-01
2.259616256e-01
2.212592512e-01
1.907511652e-01
1.637411863e-01
1.622215211e-01
1.659490168e-01
1.741781682e-01
1.433546692e-01
1.315127164e-01
1.101226509e-01
1.444442570e-01
1.739201099e-01
1.737767458e-01
1.628236473e-01
1.565155834e-01
1.494906992e-01
1.656049341e-01
1.470248252e-01
1.410895139e-01
1.297923476e-01
1.123018041e-01
1.260648519e-01
1.165454090e-01
1.070546433e-01
8.526315540e-02
8.448898047e-02
7.210224122e-02
9.105510265e-02
9.535605460e-02
1.031551138e-01
7.861101627e-02
7.648921013e-02
6.438919902e-02
9.380771220e-02
1.183231324e-01
1.156565472e-01
1.103807092e-01
9.630226344e-02
6.848943979e-02
8.357144147e-02
7.385129482e-02
6.066170707e-02
4.093467444e-02
4.093467444e-02
3.660504892e-02
2.407494187e-02
3.273419291e-02
5.016738549e-02
7.545698434e-02
6.490531564e-02
5.071217194e-02
5.509914085e-02
5.578729510e-02
7.826693356e-02
5.171572790e-02
2.688489854e-02
3.688430414e-03
-6.891911384e-03
-1.816040650e-02
-1.824264473e-04
-7.608736865e-03
-1.741490699e-02
-1.102082524e-02
-2.046172274e-03
5.380138289e-03
6.727769505e-03
1.555905771e-02
7.702651899e-03
1.140147075e-02
-1.374476124e-02
-1.586656459e-02
-1.027532667e-02
-2.849016571e-03
-1.082011405e-02
-7.465371862e-03
-3.585165367e-02
-5.368626863e-02
-4.250379279e-02
-9.959924035e-03
-2.974430285e-02
-5.798722059e-02
-9.603630751e-02
-8.078226447e-02
-6.988652050e-02
-6.039575487e-02
-5.815925822e-02
-3.748601675e-02
-4.465426877e-02
-2.220330015e-02
1.197493076e-02
3.573738271e-03
-1.036134642e-02
-3.828886151e-02
-8.906876296e-02
-1.118638143e-01
-9.084649384e-02
-7.719814032e-02
-8.147041500e-02
-9.758464992e-02
-1.070180759e-01
-9.448796511e-02
-7.530572265e-02
-6.263224781e-02
-4.605924711e-02
-3.576563671e-02
-2.940022573e-02
-2.254737727e-02
-8.124850690e-03
-1.673423103e-03
-1.606727578e-02
-3.679786250e-02
-5.486186221e-02
-7.544908673e-02
-1.003372595e-01
-1.024303883e-01
-1.116917729e-01
-1.280640662e-01
-1.393899024e-01
-1.526081562e-01
-1.281500906e-01
-1.128100231e-01
-8.881071210e-02
-6.435263157e-02
-7.714079320e-02
-8.981426805e-02
-6.317703426e-02
-4.193033278e-02
-5.317015573e-02
-8.284672350e-02
-1.024590656e-01
-1.236770898e-01
-1.243939176e-01
-1.253974736e-01
-1.392178684e-01
-1.454685777e-01
-1.814532131e-01
-1.980835646e-01
-1.740842462e-01
-1.439775825e-01
-1.404221356e-01
-1.194334850e-01
-1.092258915e-01
-7.791496813e-02
-7.418747246e-02
-6.420926750e-02
-6.747798622e-02
-9.305431694e-02
-9.686782956e-02
-1.209531575e-01
-1.312467754e-01
-1.823707521e-01
-2.255236357e-01
-1.827435046e-01
-1.750304550e-01
-2.402328849e-01
-1.991157830e-01
-1.721058190e-01
-1.649375558e-01
-1.419704705e-01
-1.360638291e-01
-1.170536280e-01
-1.097420081e-01
-9.342706203e-02
-8.912611008e-02
-9.308298677e-02
-1.008246988e-01
-1.520920545e-01
-1.705861390e-01
-2.037894875e-01
-2.099255174e-01
-2.018397301e-01
-2.058252692e-01
-2.201904505e-01
-2.357025594e-01
-2.385985255e-01
-2.000906765e-01
-1.552460790e-01
-1.592889726e-01
-1.343721300e-01
-1.114910617e-01
-9.233748913e-02
-8.921213448e-02
-1.110036224e-01
-1.165088415e-01
-1.354043484e-01
-1.370673925e-01
-1.502283067e-01
-1.725645810e-01
-2.148859501e-01
-2.221975625e-01
-2.211940140e-01
-2.084631920e-01
-1.953596324e-01
-2.058826238e-01
-1.944134235e-01
-1.771522611e-01
-1.748870909e-01
-1.320209354e-01
-1.148171350e-01
-1.023443714e-01
-1.071901098e-01
-1.096559912e-01
-1.468448937e-01
-1.358631253e-01
8.251054585e-02
4.004082382e-01
6.924675107e-01
1.328237534e+00
1.115148010e+02
5.793624878e+02
9.852378540e+02
1.082971558e+03
9.775201416e+02
8.032736206e+02
6.325802612e+02
4.936661987e+02
3.898474731e+02
3.158860779e+02
2.644394531e+02
2.282884674e+02
2.021596375e+02
1.817767334e+02
1.658231354e+02
1.546994629e+02
1.460127716e+02
1.384820709e+02
1.321820526e+02
1.278059235e+02
1.235462341e+02
1.203226852e+02
1.166581116e+02
1.131405945e+02
1.097925186e+02
1.066851196e+02
1.049351807e+02
1.039025726e+02
1.031946564e+02
1.021986084e+02
1.008165131e+02
9.877500916e+01
9.634607697e+01
9.504927063e+01
9.391890717e+01
9.285118103e+01
9.206400299e+01
9.182511902e+01
9.125221252e+01
9.081149292e+01
9.005921936e+01
8.892425537e+01
8.767195892e+01
8.651000214e+01
8.547906494e+01
8.461872864e+01
8.400543976e+01
8.333332825e+01
8.245547485e+01
8.196551514e+01
8.126702118e+01
8.085705566e+01
8.026130676e+01
7.998045349e+01
7.934612274e+01
7.898029327e+01
7.837345886e+01
7.754185486e+01
7.691909027e+01
7.609960175e+01
7.548392487e+01
7.498773193e+01
7.430545807e+01
7.368688202e+01
7.288901520e+01
7.242339325e+01
7.165003967e+01
7.155789948e+01
7.150662994e+01
7.110948181e+01
7.035530853e+01
7.013127136e+01
6.995014191e+01
6.941052246e+01
6.902042389e+01
6.848300171e+01
6.791021729e+01
6.739366150e+01
6.710632324e+01
6.682786560e+01
6.619855499e+01
6.588127136e+01
6.518959045e+01
6.479521179e+01
6.469596100e+01
6.462127686e+01
6.390231705e+01
6.325635910e+01
6.269085312e+01
6.210605621e+01
6.190316391e+01
6.145139313e+01
6.088266373e+01
6.035013199e+01
5.982925415e+01
5.971079254e+01
5.945472717e+01
5.925757217e+01
5.876625443e+01
5.837498856e+01
5.814525986e+01
5.829415894e+01
5.796582413e+01
5.780002975e+01
5.747855759e+01
5.669468689e+01
5.613824463e+01
5.559320450e+01
5.501398087e+01
5.442853546e+01
5.411759949e+01
5.395467758e+01
5.358792114e+01
5.351343155e+01
5.324122238e+01
5.324824142e+01
5.299890137e+01
5.269530106e+01
5.201038361e+01
5.147842026e+01
5.095445633e+01
5.012320328e+01
4.968161774e+01
4.939579773e+01
4.937245178e+01
4.935311127e+01
4.927577209e+01
4.896636200e+01
4.822864914e+01
4.801084137e+01
4.763093948e+01
4.759078217e+01
4.741278839e+01
4.743236542e+01
4.726234818e+01
4.720115280e+01
4.700691223e+01
4.650747299e+01
4.627418137e+01
4.583595276e+01
4.539783478e+01
4.497179794e+01
4.460890198e+01
4.433372879e+01
4.394848633e+01
4.394522476e+01
4.384989929e+01
4.381861877e+01
4.349472809e+01
4.351571655e+01
4.318225098e+01
4.298649216e+01
4.271379089e+01
4.229999542e+01
4.217093658e+01
4.174854279e+01
4.142488861e+01
4.137493134e+01
4.157990646e+01
4.164254379e+01
4.109871674e+01
4.093786240e+01
4.046350861e+01
4.016460037e+01
3.972106552e+01
3.976473999e+01
3.957643127e+01
3.948186874e+01
3.922741699e+01
3.870823288e+01
3.850714493e+01
3.814192963e+01
3.790991211e+01
3.779953003e+01
3.766838455e+01
3.743095779e+01
3.719057846e+01
3.720861435e+01
3.689417267e+01
3.680013657e+01
3.657356262e+01
3.646206284e+01
3.612476730e+01
3.615496063e+01
3.628476334e+01
3.604584503e+01
3.593476486e+01
3.565715408e+01
3.552811050e+01
3.543706512e+01
3.531274033e+01
3.501897049e+01
3.442572784e+01
3.446573257e+01
3.442501831e+01
3.436901093e+01
3.410120392e+01
3.406486130e+01
3.364095306e+01
3.358322525e+01
3.331472397e+01
3.279673386e+01
3.289387131e+01
3.291736221e+01
3.288335419e+01
3.260464478e+01
3.237417984e+01
3.227080536e+01
3.197780418e+01
3.201062775e+01
3.171932983e+01
3.165213585e+01
3.136102486e+01
3.110158539e+01
3.061595726e+01
3.059520531e+01
3.076835442e+01
3.051300049e+01
3.039364815e+01
3.028388786e+01
3.032873344e+01
3.035146332e+01
3.041839981e+01
3.037403679e+01
2.977108765e+01
2.957601738e+01
2.928347397e+01
2.932181740e+01
2.928497887e+01
2.945818901e+01
2.912631416e+01
2.911318207e+01
2.909345436e+01
2.883217430e+01
2.890529442e+01
2.879727936e+01
2.857529259e+01
2.830040169e+01
2.801228142e+01
2.792638397e+01
2.770975113e+01
2.769793892e+01
2.730149078e+01
2.710025406e+01
2.681708145e+01
2.698094559e+01
2.681459427e+01
2.681387520e+01
2.688557816e+01
2.668848038e+01
2.668123245e+01
2.662021637e+01
2.646302795e+01
2.627346992e+01
2.618782806e+01
2.617151642e+01
2.595767021e+01
2.590639496e+01
2.552361107e+01
2.532493782e+01
2.503092575e+01
2.490489769e+01
2.453875732e+01
2.447957993e+01
2.450404167e+01
2.424174309e+01
2.437039948e+01
2.446731377e+01
2.448830032e+01
2.431499290e+01
2.409570503e+01
2.399302292e+01
2.370397377e+01
2.382164574e+01
2.367150879e+01
2.362609100e+01
2.323546791e+01
2.305912971e+01
2.271701050e+01
2.259406662e+01
2.263723373e+01
2.246394539e+01
2.264291191e+01
2.264971352e+01
2.256662369e+01
2.244957733e+01
2.233534431e+01
2.218036652e+01
2.170587349e+01
2.159574127e+01
2.114555359e+01
2.095117950e+01
2.067177391e+01
2.067435837e+01
2.046428680e+01
2.052257729e+01
2.063432693e+01
2.042808342e+01
2.040106964e+01
2.017649460e+01
2.014719391e+01
2.012750435e+01
2.002969933e+01
1.985384178e+01
1.948539925e+01
1.954681396e+01
1.939974976e+01
1.946131516e+01
1.925668907e+01
1.929329109e+01
1.894829750e+01
1.880540085e+01
1.888835716e+01
1.869184494e+01
1.881182480e+01
1.874916267e+01
1.865064621e+01
1.853355980e+01
1.853132057e+01
1.869181442e+01
1.855233002e+01
1.863578987e+01
1.839509773e+01
1.834353256e+01
1.832578850e+01
1.846425056e+01
1.819123650e+01
1.809354019e+01
1.798731422e+01
1.775982666e+01
1.786433601e+01
1.773841858e+01
1.768912506e+01
1.764113045e+01
1.749074364e+01
1.751513481e+01
1.745758629e+01
1.764281845e+01
1.751671410e+01
1.759455872e+01
1.753638840e+01
1.763334846e+01
1.737507629e+01
1.721167374e+01
1.712811661e+01
1.680282021e+01
1.698594475e+01
1.703596497e+01
1.702715111e+01
1.701867485e+01
1.697173691e+01
1.708272743e+01
1.688352394e+01
1.697696304e+01
1.677538109e+01
1.683321381e+01
1.681058693e+01
1.694848633e+01
1.668635559e+01
1.659045029e+01
1.664556694e+01
1.646952248e+01
1.645573425e+01
1.629465675e+01
1.629852295e+01
1.632088852e+01
1.634646797e+01
1.634500694e+01
1.616903687e+01
1.633995628e+01
1.618202209e+01
1.621660805e+01
1.602276421e+01
1.606364822e+01
1.587202740e+01
1.593947315e+01
1.587518787e+01
1.556991386e+01
1.561810207e+01
1.556812859e+01
1.549372578e+01
1.542722988e+01
1.532157707e+01
1.532827950e+01
1.509542561e+01
1.522287750e+01
1.505133343e+01
1.500298691e+01
1.479445076e+01
1.489592171e+01
1.475657463e+01
1.484133148e+01
1.485105133e+01
1.459706306e+01
1.473994350e+01
1.470005798e+01
1.466177750e+01
1.450278950e+01
1.432934761e+01
1.437152767e+01
1.417623425e+01
1.432126236e+01
1.420639992e+01
1.430231285e+01
1.425646305e+01
1.440845490e+01
1.414796257e+01
1.410351944e+01
1.413199520e+01
1.389031029e+01
1.393727493e+01
1.377648258e+01
1.369207764e+01
1.367123222e+01
1.359264374e+01
1.354327011e+01
1.341442299e+01
1.365466690e+01
1.342703152e+01
1.323169136e+01
1.309042263e+01
1.326867580e+01
1.305813694e+01
1.303660011e+01
1.302126026e+01
1.275798798e+01
1.278281403e+01
1.274405098e+01
1.280434513e+01
1.288896465e+01
1.279282093e+01
1.262580204e+01
1.233650208e+01
1.239801121e+01
1.210084057e+01
1.205309772e+01
1.193104362e+01
1.209042645e+01
1.184120083e+01
1.181519604e+01
1.186744022e+01
1.173020744e+01
1.182555580e+01
1.176838207e+01
1.170624733e+01
1.168026447e+01
1.167599773e+01
1.167539406e+01
1.140901756e+01
1.143502617e+01
1.125312233e+01
1.139118671e+01
1.142226696e+01
1.160633469e+01
1.136870003e+01
1.142926121e+01
1.139353085e+01
1.107301521e+01
1.121196938e+01
1.115651989e+01
1.109165955e+01
1.109326363e+01
1.111514091e+01
1.114926052e+01
1.098648167e+01
1.111066818e+01
1.104372025e+01
1.111230946e+01
1.095394325e+01
1.112164783e+01
1.097956944e+01
1.101432323e+01
1.113068008e+01
1.094519234e+01
1.093997002e+01
1.077927971e+01
1.068637943e+01
1.062052250e+01
1.066803741e+01
1.074536705e+01
1.054823780e+01
1.069380760e+01
1.048954582e+01
1.050416946e+01
1.045536804e+01
1.055643845e+01
1.027667713e+01
1.031401157e+01
1.041290283e+01
1.021121693e+01
1.035257339e+01
1.027721882e+01
1.018819618e+01
1.021884727e+01
1.034311867e+01
1.037115860e+01
1.016359806e+01
1.021958733e+01
9.917487144e+00
9.822565079e+00
9.657843590e+00
9.740350723e+00
9.510609627e+00
9.632455826e+00
9.817914963e+00
9.709447861e+00
9.905853271e+00
9.795471191e+00
9.718626976e+00
9.645098686e+00
9.576914787e+00
9.667501450e+00
9.512719154e+00
9.615662575e+00
9.407584190e+00
9.469632149e+00
9.297142982e+00
9.294185638e+00
9.041659355e+00
9.157698631e+00
9.267660141e+00
9.021387100e+00
9.030992508e+00
8.967766762e+00
8.936800003e+00
8.872262955e+00
8.832476616e+00
8.807814598e+00
8.526003838e+00
8.648414612e+00
8.548510551e+00
8.642016411e+00
8.609044075e+00
8.770740509e+00
8.637572289e+00
8.663033485e+00
8.702836990e+00
8.477277756e+00
8.605574608e+00
8.617303848e+00
8.564789772e+00
8.439341545e+00
8.259620667e+00
8.188839912e+00
8.059671402e+00
8.204548836e+00
8.120024681e+00
8.159053802e+00
8.062478065e+00
8.045035362e+00
7.758792877e+00
7.723211288e+00
7.742051125e+00
7.663764954e+00
7.871510029e+00
7.862217903e+00
7.730431557e+00
7.661928177e+00
7.639420033e+00
7.671764851e+00
7.455084801e+00
7.590157986e+00
7.454855442e+00
7.423860550e+00
7.274904251e+00
7.309196472e+00
7.139077663e+00
7.217183590e+00
7.275618553e+00
7.050682068e+00
7.081272602e+00
7.023812771e+00
7.112900734e+00
7.149084568e+00
7.168554306e+00
7.233756542e+00
7.030866623e+00
7.038694382e+00
6.741617680e+00
6.717186451e+00
6.579575539e+00
6.734277248e+00
6.617346287e+00
6.675983429e+00
6.794201374e+00
6.556907177e+00
6.595643520e+00
6.529434681e+00
6.533705235e+00
6.589047432e+00
6.593290329e+00
6.709933281e+00
6.577970982e+00
6.725271225e+00
6.561882496e+00
6.560647011e+00
6.402347565e+00
6.514687061e+00
6.305402756e+00
6.309960842e+00
6.365240574e+00
6.230445862e+00
6.335502148e+00
6.231851578e+00
6.183249950e+00
6.181815624e+00
6.253931046e+00
6.504163742e+00
6.396587372e+00
6.512938023e+00
6.307238579e+00
6.321203232e+00
6.244788647e+00
6.373558998e+00
6.235152721e+00
6.290864468e+00
6.313457012e+00
6.095999718e+00
6.248740196e+00
6.301011086e+00
6.334243774e+00
6.289226532e+00
6.238246918e+00
6.225516796e+00
6.002070904e+00
6.162064552e+00
5.998485565e+00
6.055054665e+00
5.974628925e+00
6.163783073e+00
6.022252083e+00
6.134879589e+00
6.126164913e+00
5.773058414e+00
5.880297184e+00
5.952639580e+00
5.994587898e+00
6.014169693e+00
5.969183445e+00
5.952551365e+00
5.699133873e+00
5.787136078e+00
5.688526154e+00
5.774921417e+00
5.750552177e+00
5.908826828e+00
5.763793468e+00
5.753384113e+00
5.770244122e+00
5.657669544e+00
5.803823948e+00
5.890394688e+00
5.845349312e+00
5.699939728e+00
5.712530613e+00
5.801702976e+00
5.594480038e+00
5.717863083e+00
5.587736607e+00
5.632151127e+00
5.524227619e+00
5.762789726e+00
5.639265537e+00
5.737963676e+00
5.777760029e+00
5.436542988e+00
5.401966095e+00
5.372575283e+00
5.384445190e+00
5.486492157e+00
5.543064117e+00
5.646491528e+00
5.446119785e+00
5.554936409e+00
5.485117912e+00
5.654405117e+00
5.655808926e+00
5.871095181e+00
5.671921730e+00
5.560613155e+00
5.584095478e+00
5.380834103e+00
5.508915424e+00
5.586332798e+00
5.540024757e+00
5.369622707e+00
5.273938179e+00
5.242544174e+00
5.015931606e+00
5.157954216e+00
5.047531128e+00
5.102240086e+00
5.052114964e+00
5.280817986e+00
5.164029121e+00
5.270009518e+00
5.330743313e+00
5.056423187e+00
5.110699177e+00
5.069897652e+00
5.093926430e+00
5.103013039e+00
5.151097775e+00
5.209307671e+00
5.039731026e+00
5.187601089e+00
4.977082253e+00
4.905428410e+00
4.789934158e+00
4.904197216e+00
4.725076199e+00
4.825890064e+00
4.929800510e+00
4.762462139e+00
4.955549717e+00
4.946460247e+00
4.890435219e+00
4.860873222e+00
4.851120949e+00
4.891116142e+00
4.722405910e+00
4.842407703e+00
4.670049667e+00
4.766021729e+00
4.623201847e+00
4.663601875e+00
4.409574509e+00
4.523906231e+00
4.587214470e+00
4.326161861e+00
4.374848366e+00
4.393175125e+00
4.421308041e+00
4.414565086e+00
4.374648571e+00
4.436807156e+00
4.231144905e+00
4.349733829e+00
4.226412773e+00
4.341559410e+00
4.307208061e+00
4.400827885e+00
4.127052784e+00
4.115871429e+00
4.204075813e+00
4.029967785e+00
4.038055420e+00
3.901635408e+00
3.888989687e+00
3.921073914e+00
3.972310781e+00
4.075411797e+00
3.914993525e+00
4.051874161e+00
3.861003160e+00
3.880100250e+00
3.811747313e+00
4.012050629e+00
3.879531145e+00
4.010300636e+00
4.063774109e+00
3.809569120e+00
3.875255346e+00
3.730170727e+00
3.796030998e+00
