3.464851379e-01
3.409182429e-01
3.383475840e-01
3.237607479e-01
3.288714588e-01
3.277155459e-01
3.263313472e-01
3.219657540e-01
3.239739835e-01
3.331760168e-01
3.140873015e-01
3.103450537e-01
2.948922217e-01
2.807167172e-01
2.817661166e-01
2.734927833e-01
2.743903697e-01
2.780250907e-01
2.730517387e-01
2.691732943e-01
2.760632634e-01
2.689756751e-01
2.718197703e-01
2.658119500e-01
2.595300376e-01
2.647928596e-01
2.623439431e-01
2.615073919e-01
2.523348629e-01
2.546325028e-01
2.471173555e-01
2.393144816e-01
2.283022404e-01
2.231459469e-01
2.201799452e-01
2.098673731e-01
2.048479766e-01
2.079204619e-01
2.019124031e-01
2.083615512e-01
1.948091984e-01
2.060191780e-01
1.947027296e-01
1.965735853e-01
1.993874907e-01
1.907784641e-01
1.792490780e-01
1.809526235e-01
1.811199337e-01
1.733931154e-01
1.663203388e-01
1.536805928e-01
1.535284817e-01
1.764656007e-01
1.803290099e-01
1.813632995e-01
1.826105416e-01
1.695297062e-01
1.624265015e-01
1.502126455e-01
1.394741833e-01
1.453149319e-01
1.390635073e-01
1.450715661e-01
1.446456909e-01
1.419534683e-01
1.397631764e-01
1.322188824e-01
1.305609643e-01
1.349871606e-01
1.266367137e-01
1.311997920e-01
1.205069646e-01
1.300590187e-01
1.313823164e-01
1.153810993e-01
1.195639297e-01
1.051902100e-01
1.074109152e-01
1.070762873e-01
1.055856794e-01
1.099966615e-01
9.688539803e-02
9.502974153e-02
9.670287371e-02
1.097837165e-01
1.045665890e-01
9.729607403e-02
9.163784981e-02
6.895931810e-02
5.881405994e-02
7.131691277e-02
7.869389653e-02
7.869389653e-02
8.114275336e-02
7.950004190e-02
7.921104878e-02
6.395513564e-02
5.822085962e-02
5.860111862e-02
4.625036940e-02
5.654773116e-02
5.639562756e-02
5.641083792e-02
6.389429420e-02
6.310336292e-02
4.973352328e-02
4.313226044e-02
3.537501767e-02
3.024915233e-02
2.510807663e-02
1.916085556e-02
2.664431557e-02
3.257632628e-02
2.778508514e-02
3.303263336e-02
2.583817020e-02
2.404335700e-02
1.601232775e-02
1.438482758e-02
3.798470832e-03
1.694015414e-02
8.817863651e-03
3.996204585e-03
-2.437744755e-03
-1.905384939e-03
-3.715408500e-03
-1.132054999e-02
-1.294805016e-02
-2.669814415e-02
-1.980788633e-02
-2.459912561e-02
-3.487254260e-03
-6.494077388e-05
9.791322052e-03
8.780967328e-04
-5.099544302e-03
-1.232442819e-02
-1.346519962e-02
-1.039272267e-02
-2.504022419e-02
-2.284994349e-02
-2.499459311e-02
-4.942230508e-02
-4.825111479e-02
-4.347508773e-02
-3.182401136e-02
-3.252368420e-02
-2.613536455e-02
-4.154337943e-02
-5.290546268e-02
-4.794690758e-02
-4.633462057e-02
-5.403102189e-02
-5.063913018e-02
-5.156695470e-02
-4.663882405e-02
-6.680765748e-02
-6.758338213e-02
-8.388880640e-02
-7.102090865e-02
-7.362186164e-02
-7.018434256e-02
-7.219209522e-02
-7.045812905e-02
-8.550109714e-02
-7.553835958e-02
-9.102242440e-02
-7.681602240e-02
-7.844352722e-02
-7.715065032e-02
-8.060338348e-02
-6.559083611e-02
-7.524936646e-02
-9.202630818e-02
-9.899261594e-02
-9.931202978e-02
-1.018065214e-01
-1.008634791e-01
-1.014414728e-01
-1.072061658e-01
-1.077689454e-01
-1.165300682e-01
-1.139899567e-01
-1.132294387e-01
-1.093051881e-01
-1.084382012e-01
-1.222795546e-01
-1.309189945e-01
-1.364859641e-01
-1.426309198e-01
-1.424179673e-01
-1.324856579e-01
-1.312232018e-01
-1.260060817e-01
-1.442888379e-01
-1.500991583e-01
-1.627845466e-01
-1.651117057e-01
-1.476198882e-01
-1.523654908e-01
-1.575826257e-01
-1.789682806e-01
-1.705722064e-01
-1.695987433e-01
-1.767171621e-01
-1.656440794e-01
-1.707395166e-01
-1.751200855e-01
-1.799113154e-01
-1.742074639e-01
-1.641534716e-01
-1.732340008e-01
-1.665719002e-01
-1.739945114e-01
-1.890831143e-01
-1.941937655e-01
-1.915471852e-01
-1.896459013e-01
-1.869840920e-01
-1.931746900e-01
-2.028940469e-01
-2.021487504e-01
-2.227130532e-01
-2.170700431e-01
-2.092063278e-01
-1.976008713e-01
-2.106665075e-01
-2.114574462e-01
-2.277476490e-01
-2.305919826e-01
-2.279301733e-01
-2.327062041e-01
-2.315654308e-01
-2.226674259e-01
-2.209790796e-01
-2.333602458e-01
-2.345314473e-01
-2.491637021e-01
-2.504263222e-01
-2.510496676e-01
-2.666542828e-01
-2.613157034e-01
-2.552621365e-01
-2.513842881e-01
-2.535436749e-01
-2.479925454e-01
-2.444485426e-01
-2.495127618e-01
-2.603419423e-01
-2.631708980e-01
-2.641445696e-01
-2.615438700e-01
-2.599923611e-01
-2.655594945e-01
-2.434294522e-01
-2.178305537e-01
-1.728841662e-01
1.404628605e-01
1.573734951e+01
4.413529968e+01
5.856470108e+01
5.879604340e+01
5.184551239e+01
4.283293533e+01
3.452449417e+01
2.791429138e+01
2.288554001e+01
1.914603233e+01
1.653735161e+01
1.462581444e+01
1.318449402e+01
1.203296375e+01
1.127109528e+01
1.074916267e+01
1.021977425e+01
9.871979713e+00
9.831110001e+00
1.020298386e+01
1.041338062e+01
1.044726849e+01
1.027337933e+01
1.010864258e+01
9.816108704e+00
9.362689972e+00
9.040493011e+00
8.707105637e+00
8.428698540e+00
8.189191818e+00
7.867202759e+00
7.388189316e+00
6.487709999e+00
5.969148636e+00
5.742418766e+00
5.702825546e+00
5.666605949e+00
5.712284088e+00
5.652272224e+00
5.650123596e+00
5.603166580e+00
5.475986958e+00
5.438538074e+00
5.356391907e+00
5.251425743e+00
5.127295017e+00
5.023416042e+00
4.968635559e+00
4.837980270e+00
4.743760109e+00
4.612567425e+00
4.567378521e+00
4.494493961e+00
4.472505569e+00
4.359182358e+00
4.338346004e+00
4.320695400e+00
4.218058586e+00
4.159633636e+00
4.114933491e+00
4.055861473e+00
3.980670214e+00
3.939071894e+00
3.904788494e+00
3.819156408e+00
3.794652700e+00
3.768156290e+00
3.778316259e+00
3.743199110e+00
3.750256777e+00
3.657598972e+00
3.662968159e+00
3.657630444e+00
3.586340666e+00
3.592805147e+00
3.553854942e+00
3.508378029e+00
3.451110840e+00
3.425862312e+00
3.440221786e+00
3.379210949e+00
3.379058361e+00
3.299247503e+00
3.271413326e+00
3.231943130e+00
3.241906166e+00
3.166459322e+00
3.145193577e+00
3.127381802e+00
3.043178558e+00
3.060761213e+00
3.046434641e+00
3.014996767e+00
3.009583473e+00
3.012519121e+00
3.027378559e+00
2.987192869e+00
3.007102251e+00
2.987527132e+00
2.997050047e+00
2.976181746e+00
2.991634846e+00
2.898259878e+00
2.873040676e+00
2.879916191e+00
2.813816071e+00
2.825269938e+00
2.818728685e+00
2.793859720e+00
2.788506746e+00
2.777434111e+00
2.779868603e+00
2.733958483e+00
2.745779037e+00
2.702426434e+00
2.712512255e+00
2.710274458e+00
2.739041567e+00
2.672570705e+00
2.680588245e+00
2.678792477e+00
2.594466209e+00
2.626790047e+00
2.592718601e+00
2.560869217e+00
2.554587841e+00
2.567438126e+00
2.599547863e+00
2.558845758e+00
2.611912966e+00
2.584549189e+00
2.593572617e+00
2.556777239e+00
2.576076984e+00
2.499448538e+00
2.504104853e+00
2.520715952e+00
2.473515511e+00
2.488119841e+00
2.467172384e+00
2.459825754e+00
2.450319052e+00
2.468177319e+00
2.496271133e+00
2.458107471e+00
2.498766422e+00
2.448127747e+00
2.458200693e+00
2.437861204e+00
2.454442739e+00
2.408886194e+00
2.420429707e+00
2.431776762e+00
2.366878748e+00
2.396400452e+00
2.386652470e+00
2.389967918e+00
2.407426834e+00
2.442774057e+00
2.443900108e+00
2.413888931e+00
2.461330652e+00
2.407017708e+00
2.397709370e+00
2.379669189e+00
2.414924145e+00
2.348492384e+00
2.368261814e+00
2.375318527e+00
2.328200817e+00
2.370786667e+00
2.377677441e+00
2.390697002e+00
2.394879341e+00
2.408978701e+00
2.429251194e+00
2.384095669e+00
2.439458847e+00
2.404673338e+00
2.418057442e+00
2.387470961e+00
2.437345982e+00
2.390423298e+00
2.420125484e+00
2.442623854e+00
2.386376858e+00
2.428704739e+00
2.408901930e+00
2.395273924e+00
2.383364677e+00
2.402482986e+00
2.422118187e+00
2.372065306e+00
2.420901775e+00
2.404156685e+00
2.435351133e+00
2.439001560e+00
2.462715864e+00
2.419639826e+00
2.454030275e+00
2.477440357e+00
2.420659304e+00
2.444720984e+00
2.424400568e+00
2.431169271e+00
2.454912901e+00
2.469608068e+00
2.486537457e+00
2.470002413e+00
2.503906727e+00
2.473730326e+00
2.487479448e+00
2.477745533e+00
2.511619329e+00
2.456387758e+00
2.498553038e+00
2.537339926e+00
2.496089458e+00
2.507588863e+00
2.489062309e+00
2.484255552e+00
2.475220442e+00
2.471597195e+00
2.485911369e+00
2.450896502e+00
2.498826027e+00
2.486064911e+00
2.511893988e+00
2.510130882e+00
2.562222958e+00
2.493624926e+00
2.541493654e+00
2.581553698e+00
2.540002584e+00
2.572699547e+00
2.571103811e+00
2.555955410e+00
2.548959494e+00
2.556198597e+00
2.558449268e+00
2.527163267e+00
2.570860863e+00
2.531088352e+00
2.550465822e+00
2.556412458e+00
2.596583366e+00
2.549506187e+00
2.557309866e+00
2.572366238e+00
2.531178713e+00
2.579576492e+00
2.567804098e+00
2.554373980e+00
2.524851799e+00
2.517536402e+00
2.533581495e+00
2.482780933e+00
2.525338411e+00
2.477685928e+00
2.496013880e+00
2.505611658e+00
2.547833443e+00
2.491891384e+00
2.505856037e+00
2.531817913e+00
2.466534138e+00
2.479829311e+00
2.456691504e+00
2.459734201e+00
2.455612183e+00
2.455079794e+00
2.469103575e+00
2.427486897e+00
2.462002277e+00
2.425740480e+00
2.419550896e+00
2.398681879e+00
2.427215576e+00
2.397238016e+00
2.433861494e+00
2.453346729e+00
2.402163744e+00
2.419805765e+00
2.397845268e+00
2.384857178e+00
2.374894857e+00
2.393159151e+00
2.426665545e+00
2.414589405e+00
2.449891567e+00
2.398376226e+00
2.412003279e+00
2.396947384e+00
2.420079947e+00
2.349173307e+00
2.381556511e+00
2.391563892e+00
2.333340883e+00
2.361129761e+00
2.347259283e+00
2.324534178e+00
2.321688414e+00
2.335729837e+00
2.355180979e+00
2.313170671e+00
2.343320847e+00
2.294431686e+00
2.325826645e+00
2.321383715e+00
2.351485491e+00
2.317750931e+00
2.350222826e+00
2.382817030e+00
2.350132227e+00
2.379775524e+00
2.379105806e+00
2.369539499e+00
2.342224121e+00
2.352930307e+00
2.361661434e+00
2.316380978e+00
2.365949869e+00
2.349918604e+00
2.368064642e+00
2.356929779e+00
2.400900364e+00
2.353067160e+00
2.393935442e+00
2.417814016e+00
2.356763840e+00
2.392354488e+00
2.387427330e+00
2.372201681e+00
2.368720055e+00
2.375731468e+00
2.397875309e+00
2.353098631e+00
2.407685518e+00
2.367456675e+00
2.386498928e+00
2.383182764e+00
2.422423840e+00
2.378438473e+00
2.417494774e+00
2.430696726e+00
2.366620064e+00
2.412976742e+00
2.422680378e+00
2.409584284e+00
2.408064842e+00
2.414087534e+00
2.428477049e+00
2.403016806e+00
2.453468800e+00
2.428156137e+00
2.452221155e+00
2.450350285e+00
2.488514900e+00
2.424886465e+00
2.439049959e+00
2.454763651e+00
2.383258820e+00
2.428719759e+00
2.439703703e+00
2.439367533e+00
2.428339720e+00
2.445787191e+00
2.467675686e+00
2.418832302e+00
2.466292620e+00
2.423001766e+00
2.469424486e+00
2.487540483e+00
2.548045397e+00
2.502629995e+00
2.519210100e+00
2.522372961e+00
2.443396807e+00
2.458775282e+00
2.454394817e+00
2.447443247e+00
2.434726954e+00
2.442484140e+00
2.457468748e+00
2.421266317e+00
2.443748951e+00
2.403563499e+00
2.416642427e+00
2.406270981e+00
2.434819698e+00
2.383106232e+00
2.413996220e+00
2.455961943e+00
2.417845488e+00
2.457605600e+00
2.438941717e+00
2.412156820e+00
2.398757458e+00
2.399640083e+00
2.427943707e+00
2.373238087e+00
2.404674292e+00
2.362665415e+00
2.389131308e+00
2.389814377e+00
2.412461042e+00
2.363852739e+00
2.393967152e+00
2.417615891e+00
2.363335133e+00
2.408140421e+00
2.383182764e+00
2.364080906e+00
2.353920460e+00
2.333050489e+00
2.345342875e+00
2.288424015e+00
2.339851379e+00
2.300257206e+00
2.308242083e+00
2.289244413e+00
2.325733900e+00
2.280119181e+00
2.299739599e+00
2.324425220e+00
2.258960724e+00
2.287784338e+00
2.264529228e+00
2.268847466e+00
2.277943134e+00
2.296803951e+00
2.313763857e+00
2.273442745e+00
2.316653728e+00
2.277473211e+00
2.294614553e+00
2.262961626e+00
2.287785292e+00
2.231931210e+00
2.262974262e+00
2.276530027e+00
2.221666574e+00
2.267403841e+00
2.264483452e+00
2.260224581e+00
2.243110180e+00
2.233025789e+00
2.232768536e+00
2.186482430e+00
2.234287262e+00
2.204217911e+00
2.212674856e+00
2.204855442e+00
2.248906851e+00
2.199957609e+00
2.223974705e+00
2.261366367e+00
2.195777178e+00
2.234956026e+00
2.238318920e+00
2.233058214e+00
2.235825539e+00
2.239170790e+00
2.247626781e+00
2.193725348e+00
2.251401186e+00
2.225590467e+00
2.236265659e+00
2.222926617e+00
2.239853382e+00
2.189024925e+00
2.222332478e+00
2.248022556e+00
2.190528631e+00
2.228859186e+00
2.222684145e+00
2.215156078e+00
2.218533278e+00
2.226379871e+00
2.217225075e+00
2.173693419e+00
2.215641975e+00
2.191654682e+00
2.206408739e+00
2.168974876e+00
2.212857485e+00
2.155803204e+00
2.185904741e+00
2.205466747e+00
2.156747103e+00
2.189739704e+00
2.178225994e+00
2.173494577e+00
2.171654701e+00
2.172810078e+00
2.187684536e+00
2.160199881e+00
2.195230246e+00
2.156929255e+00
2.179654837e+00
2.159531593e+00
2.182545185e+00
2.126389265e+00
2.162390232e+00
2.175335646e+00
2.119133472e+00
2.146921396e+00
2.149202347e+00
2.160397768e+00
2.150557518e+00
2.149050713e+00
2.160733223e+00
2.124548435e+00
2.153658628e+00
2.096396685e+00
2.125704050e+00
2.124670506e+00
2.163622618e+00
2.097507477e+00
2.132412672e+00
2.147787809e+00
2.085399151e+00
2.105992794e+00
2.108121872e+00
2.111725807e+00
2.110234976e+00
2.108136654e+00
2.114691257e+00
2.081382036e+00
2.117034197e+00
2.093109846e+00
2.134343863e+00
2.107268095e+00
2.129598141e+00
2.070888519e+00
2.093748093e+00
2.111101627e+00
2.066127062e+00
2.079177618e+00
2.064011097e+00
2.060041189e+00
2.070051432e+00
2.053485632e+00
2.048115730e+00
2.017341137e+00
2.057531357e+00
2.025114536e+00
2.031318903e+00
2.020018101e+00
2.074111223e+00
2.024109840e+00
2.038834333e+00
2.044326067e+00
1.992500186e+00
2.028309584e+00
2.009399891e+00
2.011424303e+00
2.011667728e+00
2.021143675e+00
2.019972563e+00
1.966535687e+00
2.004486561e+00
1.968118072e+00
1.993214846e+00
1.978993654e+00
2.021464586e+00
1.971571088e+00
2.001703501e+00
2.024811268e+00
1.991770029e+00
2.009705544e+00
1.986355662e+00
1.967525125e+00
1.947462678e+00
1.942914605e+00
1.961820960e+00
1.927932739e+00
1.976940036e+00
1.944694281e+00
1.955797672e+00
1.952983856e+00
1.978278518e+00
1.907002449e+00
1.924617648e+00
1.965547800e+00
1.915810347e+00
1.941013336e+00
1.936359048e+00
1.924464345e+00
1.906394243e+00
1.906242847e+00
1.922153592e+00
1.887244463e+00
1.919870853e+00
1.892598987e+00
1.907262444e+00
1.894592047e+00
1.925544500e+00
1.871364474e+00
1.893648505e+00
1.915354013e+00
1.882894635e+00
1.911657691e+00
1.895138621e+00
1.875758648e+00
1.886893988e+00
1.895534158e+00
1.897313714e+00
1.867195964e+00
1.904113650e+00
1.881191015e+00
1.889526010e+00
1.860381961e+00
1.899125218e+00
1.834447503e+00
1.873051882e+00
1.889009356e+00
1.855102777e+00
1.891441107e+00
1.884246230e+00
1.876245618e+00
1.850083947e+00
1.860897899e+00
1.862205267e+00
1.825502157e+00
1.872883439e+00
1.847938061e+00
1.882544041e+00
1.880825758e+00
1.910942078e+00
1.843725801e+00
1.862725735e+00
1.886423588e+00
1.832150459e+00
1.867377520e+00
1.876063108e+00
1.872595310e+00
1.880155325e+00
1.897192001e+00
1.908477783e+00
1.868138552e+00
1.908431292e+00
1.863255262e+00
1.878237844e+00
1.862449408e+00
1.910851598e+00
1.844030261e+00
1.871866703e+00
1.896386385e+00
1.840957284e+00
1.875530958e+00
1.861324549e+00
1.850616217e+00
1.843163013e+00
1.853460550e+00
1.861201882e+00
1.817882061e+00
1.856578469e+00
1.831419945e+00
1.856517315e+00
1.844532132e+00
1.856684923e+00
1.782882690e+00
1.796009660e+00
1.839892030e+00
1.794123650e+00
1.825030923e+00
1.800952554e+00
1.786472559e+00
1.763915300e+00
1.780951262e+00
1.791812301e+00
1.757573009e+00
1.814414859e+00
1.782380104e+00
1.788419485e+00
1.771687269e+00
1.818110704e+00
1.768082857e+00
1.800297976e+00
1.825456738e+00
1.765268564e+00
1.794884324e+00
1.788328767e+00
1.781833410e+00
1.766425729e+00
1.770881295e+00
1.766135693e+00
1.727183819e+00
1.772888184e+00
1.735472798e+00
1.742530584e+00
1.719547868e+00
1.744644761e+00
1.688762188e+00
1.719183207e+00
1.736674786e+00
1.677673459e+00
1.702634454e+00
1.690071464e+00
1.665080070e+00
1.671362162e+00
1.682420969e+00
1.687744260e+00
1.645138621e+00
1.687804937e+00
1.654188514e+00
1.660835624e+00
1.645914197e+00
1.685295463e+00
1.621213317e+00
1.662052751e+00
1.679742336e+00
1.617425799e+00
1.647800207e+00
1.648484230e+00
1.635921240e+00
1.623190880e+00
1.619632006e+00
1.626781225e+00
1.582563519e+00
1.627647281e+00
1.594778299e+00
1.614292622e+00
1.604162335e+00
1.641655445e+00
1.589530349e+00
1.621836543e+00
1.646979094e+00
1.590899706e+00
1.626414537e+00
1.605106115e+00
1.599265575e+00
1.590929389e+00
1.595888972e+00
1.594231248e+00
1.549346209e+00
1.587339520e+00
1.556326509e+00
1.570714951e+00
1.542637944e+00
1.583446026e+00
1.521462440e+00
1.541983962e+00
1.566212773e+00
1.504335642e+00
1.525053501e+00
1.527578115e+00
1.529493451e+00
1.512853384e+00
1.529128671e+00
1.550576329e+00
1.524975777e+00
1.573940516e+00
1.540977478e+00
1.552266598e+00
1.537145138e+00
1.590428233e+00
1.549571037e+00
1.567247987e+00
1.605334044e+00
1.556266427e+00
1.585104346e+00
1.585074186e+00
1.594883919e+00
