1.454598188e+00
1.447935104e+00
1.431696415e+00
1.422998548e+00
1.424585819e+00
1.412348866e+00
1.399698138e+00
1.400095582e+00
1.393679142e+00
1.354158401e+00
1.330051064e+00
1.323071480e+00
1.323634028e+00
1.310999155e+00
1.303690672e+00
1.292396665e+00
1.282971740e+00
1.292627573e+00
1.263970733e+00
1.257802725e+00
1.237793803e+00
1.222712874e+00
1.208508492e+00
1.197428942e+00
1.198222160e+00
1.210790753e+00
1.197065115e+00
1.173616648e+00
1.156103611e+00
1.137418151e+00
1.126521468e+00
1.106776118e+00
1.096935987e+00
1.085230350e+00
1.068726659e+00
1.060557604e+00
1.048684478e+00
1.047014117e+00
1.026906490e+00
1.022673130e+00
1.010237575e+00
9.949246645e-01
9.819109440e-01
9.738743305e-01
9.665650129e-01
9.498461485e-01
9.274563789e-01
9.183112979e-01
9.106708765e-01
9.078435302e-01
8.827903867e-01
8.613757491e-01
8.644849658e-01
8.610287309e-01
8.616903424e-01
8.456829190e-01
8.342728615e-01
8.202337027e-01
7.983719110e-01
7.786092162e-01
7.682746649e-01
7.560884356e-01
7.545347214e-01
7.514750957e-01
7.433890700e-01
7.176915407e-01
7.079176903e-01
7.008232474e-01
6.913640499e-01
6.797561049e-01
6.748446822e-01
6.656509042e-01
6.576963067e-01
6.408808231e-01
6.283631921e-01
6.017724276e-01
5.698892474e-01
5.627443194e-01
5.644147396e-01
5.715262294e-01
5.564273000e-01
5.470346808e-01
5.368480682e-01
5.254376531e-01
5.241312981e-01
5.135480762e-01
4.932912588e-01
4.816006720e-01
4.780448675e-01
4.532241225e-01
4.247657061e-01
4.423272908e-01
4.411855042e-01
4.341580868e-01
4.390688539e-01
4.120158553e-01
3.892961740e-01
3.815899491e-01
3.664093018e-01
3.497908115e-01
3.443506360e-01
3.341144025e-01
3.321628571e-01
3.248539567e-01
3.192976713e-01
3.059188426e-01
2.946074903e-01
2.696050406e-01
2.650410235e-01
2.487526089e-01
2.386324257e-01
2.248906791e-01
2.222779542e-01
2.096113712e-01
1.972586811e-01
1.986973435e-01
1.949272901e-01
1.841619313e-01
1.644010395e-01
1.386043727e-01
1.222003847e-01
1.064082086e-01
8.286051452e-02
8.186833560e-02
7.947056741e-02
8.246363699e-02
6.518319994e-02
4.565382376e-02
4.027952626e-02
2.271796949e-02
1.731059700e-02
1.813741215e-02
2.369360998e-02
2.967975289e-02
1.869964600e-02
6.098981947e-03
-2.224424481e-02
-3.332357109e-02
-4.534546286e-02
-5.252221972e-02
-8.447036147e-02
-9.963415563e-02
-1.252819598e-01
-1.383786500e-01
-1.250008494e-01
-1.262576133e-01
-1.225204021e-01
-1.324421912e-01
-1.468453705e-01
-1.646217257e-01
-1.839527637e-01
-1.994307190e-01
-2.072688937e-01
-2.148756236e-01
-2.188112289e-01
-2.398951501e-01
-2.548935115e-01
-2.701067626e-01
-2.900494039e-01
-2.769529819e-01
-2.702225745e-01
-2.757626772e-01
-2.897357941e-01
-2.997902632e-01
-3.201953471e-01
-3.307285905e-01
-3.488352001e-01
-3.508523107e-01
-3.746646643e-01
-3.678844571e-01
-3.868028820e-01
-3.678687513e-01
-3.770622313e-01
-3.987095356e-01
-4.134268463e-01
-4.166181684e-01
-4.248697162e-01
-4.280944169e-01
-4.450273514e-01
-4.629034102e-01
-4.748431444e-01
-4.793739021e-01
-4.898413122e-01
-5.010693073e-01
-5.196070075e-01
-5.155387521e-01
-5.298926830e-01
-5.580701828e-01
-5.601701736e-01
-5.567141175e-01
-5.763575435e-01
-5.844763517e-01
-5.923302174e-01
-6.034091115e-01
-6.045994759e-01
-6.100741625e-01
-6.143073440e-01
-6.318358183e-01
-6.487528682e-01
-6.616355181e-01
-6.659347415e-01
-6.619503498e-01
-6.956840754e-01
-6.888548136e-01
-7.001160383e-01
-7.233316898e-01
-7.164202929e-01
-7.407441735e-01
-7.528159618e-01
-7.626899481e-01
-7.693543434e-01
-7.911485434e-01
-8.074029684e-01
-8.002929688e-01
-8.052705526e-01
-8.100497723e-01
-8.239212632e-01
-8.340745568e-01
-8.410201073e-01
-8.551258445e-01
-8.776650429e-01
-8.910093307e-01
-8.754982948e-01
-9.050316215e-01
-9.112164378e-01
-9.220468402e-01
-9.129689336e-01
-9.307947755e-01
-9.465373755e-01
-9.698858261e-01
-9.774925113e-01
-9.730774760e-01
-9.854135513e-01
-9.958809018e-01
-1.005141377e+00
-1.011474729e+00
-1.017427921e+00
-1.042579770e+00
-1.039404154e+00
-1.057032347e+00
-1.059496164e+00
-1.074312449e+00
-1.074791908e+00
-1.083390117e+00
-1.101745129e+00
-1.101712346e+00
-1.102556467e+00
-1.110725641e+00
-1.120993137e+00
-1.153009057e+00
-1.166387200e+00
-1.170950890e+00
-1.155687690e+00
-1.162682533e+00
-1.175316215e+00
-1.184857368e+00
-1.156085014e+00
-1.139945626e+00
1.671295911e-01
4.244853592e+01
8.828004456e+01
9.335540009e+01
8.197208405e+01
6.900278473e+01
5.795259476e+01
4.948026657e+01
4.360127258e+01
3.955560684e+01
3.691403961e+01
3.534703445e+01
3.420071411e+01
3.330852127e+01
3.260527802e+01
3.236568069e+01
3.225751114e+01
3.199037933e+01
3.204877853e+01
3.279401016e+01
3.389015198e+01
3.440007019e+01
3.463901520e+01
3.466365814e+01
3.466409302e+01
3.443542480e+01
3.404842758e+01
3.394905090e+01
3.383007050e+01
3.371286392e+01
3.364204788e+01
3.338682175e+01
3.267347717e+01
3.152530861e+01
3.125621414e+01
3.131293297e+01
3.146757317e+01
3.160573387e+01
3.179610252e+01
3.186002922e+01
3.191838455e+01
3.195936966e+01
3.195433998e+01
3.202811050e+01
3.203131866e+01
3.197537422e+01
3.193240356e+01
3.193929100e+01
3.196745300e+01
3.184362793e+01
3.177735901e+01
3.168177032e+01
3.173078918e+01
3.171749306e+01
3.173888016e+01
3.165155602e+01
3.168490410e+01
3.171797371e+01
3.166270828e+01
3.168752098e+01
3.169358253e+01
3.160551071e+01
3.155313492e+01
3.152156830e+01
3.151120377e+01
3.142447853e+01
3.142494965e+01
3.146065521e+01
3.150791740e+01
3.147016525e+01
3.147832870e+01
3.141685486e+01
3.142765045e+01
3.144516182e+01
3.139421272e+01
3.140459824e+01
3.139019966e+01
3.133409500e+01
3.128728485e+01
3.124992943e+01
3.125851250e+01
3.120362854e+01
3.123443604e+01
3.113852501e+01
3.115146828e+01
3.108870125e+01
3.108625412e+01
3.096129227e+01
3.092414474e+01
3.088605690e+01
3.079030800e+01
3.079309845e+01
3.073624992e+01
3.069315147e+01
3.070105743e+01
3.068830681e+01
3.070803452e+01
3.066465950e+01
3.069891167e+01
3.068320084e+01
3.069691086e+01
3.064406776e+01
3.063914108e+01
3.053317642e+01
3.048328590e+01
3.045216370e+01
3.030990219e+01
3.029073334e+01
3.027125359e+01
3.025496864e+01
3.024012375e+01
3.020224762e+01
3.018180847e+01
3.007495499e+01
3.006739426e+01
2.998376083e+01
2.998581123e+01
2.997033882e+01
2.996277618e+01
2.986952019e+01
2.985321617e+01
2.982308197e+01
2.971994972e+01
2.973369026e+01
2.963536644e+01
2.957941055e+01
2.958549690e+01
2.954809189e+01
2.952573967e+01
2.945702553e+01
2.951080322e+01
2.945436478e+01
2.941344452e+01
2.934916496e+01
2.931098938e+01
2.920779991e+01
2.918361092e+01
2.916763306e+01
2.905032349e+01
2.908152771e+01
2.901805687e+01
2.897191811e+01
2.895981216e+01
2.893177032e+01
2.892641258e+01
2.887069511e+01
2.888967896e+01
2.879712486e+01
2.875034332e+01
2.867116737e+01
2.866265106e+01
2.858352852e+01
2.854796791e+01
2.848009109e+01
2.841684723e+01
2.843459129e+01
2.840892601e+01
2.836760139e+01
2.835326958e+01
2.831148529e+01
2.828932381e+01
2.824075127e+01
2.826878929e+01
2.816608238e+01
2.811550522e+01
2.806443405e+01
2.805667496e+01
2.798658943e+01
2.796440125e+01
2.793952179e+01
2.783939552e+01
2.784805679e+01
2.784120941e+01
2.779207611e+01
2.779575920e+01
2.779853821e+01
2.778590775e+01
2.769831657e+01
2.769714165e+01
2.761694145e+01
2.758095741e+01
2.752618980e+01
2.755119133e+01
2.745839882e+01
2.747656822e+01
2.745492172e+01
2.737885094e+01
2.741982460e+01
2.732818794e+01
2.725375748e+01
2.723218155e+01
2.721945000e+01
2.721587753e+01
2.713418770e+01
2.715620995e+01
2.711575890e+01
2.710704041e+01
2.705144501e+01
2.703156281e+01
2.698714638e+01
2.697993279e+01
2.695402527e+01
2.687961960e+01
2.687713051e+01
2.682236671e+01
2.680730247e+01
2.680830193e+01
2.679398727e+01
2.680489731e+01
2.675693703e+01
2.676898766e+01
2.671551323e+01
2.671845627e+01
2.669525719e+01
2.669775391e+01
2.660382652e+01
2.663878441e+01
2.664121628e+01
2.655517006e+01
2.650739670e+01
2.644643402e+01
2.642003441e+01
2.639975739e+01
2.639447403e+01
2.636097145e+01
2.628752518e+01
2.630648804e+01
2.625606537e+01
2.627238274e+01
2.627622223e+01
2.629371834e+01
2.618724442e+01
2.619622421e+01
2.619329643e+01
2.612648201e+01
2.614470863e+01
2.610758972e+01
2.607259369e+01
2.603435898e+01
2.600821877e+01
2.598773003e+01
2.592437935e+01
2.595600891e+01
2.589306450e+01
2.591393280e+01
2.590164948e+01
2.593356133e+01
2.586671829e+01
2.585630035e+01
2.585585213e+01
2.580076981e+01
2.582251549e+01
2.578115845e+01
2.573570061e+01
2.566394424e+01
2.564105797e+01
2.562662697e+01
2.557594681e+01
2.556286621e+01
2.548052406e+01
2.549308014e+01
2.546960258e+01
2.550071526e+01
2.541912842e+01
2.541820335e+01
2.542138290e+01
2.532522011e+01
2.534198761e+01
2.529689789e+01
2.526694489e+01
2.523704720e+01
2.520946121e+01
2.518209457e+01
2.511456680e+01
2.513908195e+01
2.505830193e+01
2.505845261e+01
2.502003860e+01
2.504265594e+01
2.498258781e+01
2.498658562e+01
2.496744347e+01
2.485617065e+01
2.484377289e+01
2.480749321e+01
2.477502823e+01
2.473612595e+01
2.474441147e+01
2.473804855e+01
2.465328407e+01
2.465332794e+01
2.459527016e+01
2.459638977e+01
2.455171776e+01
2.452648354e+01
2.444244576e+01
2.443864250e+01
2.442965889e+01
2.436666298e+01
2.439763641e+01
2.434162331e+01
2.427954292e+01
2.424682045e+01
2.424201202e+01
2.422337151e+01
2.413399315e+01
2.415289116e+01
2.406404114e+01
2.408788681e+01
2.406451607e+01
2.408067703e+01
2.399519157e+01
2.399797058e+01
2.400499344e+01
2.392937851e+01
2.393504906e+01
2.390078545e+01
2.386671257e+01
2.385430717e+01
2.384407425e+01
2.383794022e+01
2.377076530e+01
2.378741837e+01
2.373710251e+01
2.371761703e+01
2.370781136e+01
2.373713112e+01
2.367862129e+01
2.369251060e+01
2.368922997e+01
2.358137131e+01
2.360665894e+01
2.358807182e+01
2.354480171e+01
2.352922821e+01
2.351718521e+01
2.348880005e+01
2.343713760e+01
2.348423767e+01
2.341815758e+01
2.344495010e+01
2.342941856e+01
2.347056580e+01
2.339976883e+01
2.339480782e+01
2.337224960e+01
2.329986191e+01
2.332519913e+01
2.332076645e+01
2.330155182e+01
2.327287865e+01
2.326819038e+01
2.326380730e+01
2.324161148e+01
2.326819801e+01
2.321164894e+01
2.323550606e+01
2.322546768e+01
2.325261307e+01
2.316427231e+01
2.317117119e+01
2.314910698e+01
2.306873703e+01
2.309061050e+01
2.308319855e+01
2.308268547e+01
2.305237007e+01
2.306885338e+01
2.306137466e+01
2.299296761e+01
2.301052094e+01
2.297729111e+01
2.299796104e+01
2.298650551e+01
2.302427864e+01
2.295185852e+01
2.296356583e+01
2.296252823e+01
2.288203430e+01
2.290365601e+01
2.287869453e+01
2.286718369e+01
2.282573700e+01
2.281576157e+01
2.279830170e+01
2.274824333e+01
2.276869392e+01
2.271160698e+01
2.274315071e+01
2.271444702e+01
2.271733665e+01
2.265518951e+01
2.268677330e+01
2.269976616e+01
2.265796280e+01
2.267316055e+01
2.263220406e+01
2.260437393e+01
2.258052444e+01
2.255993652e+01
2.254968262e+01
2.248946190e+01
2.251066208e+01
2.244571877e+01
2.246615791e+01
2.244730759e+01
2.246808434e+01
2.237971878e+01
2.238412094e+01
2.237994576e+01
2.233263969e+01
2.235899544e+01
2.232076263e+01
2.227996826e+01
2.225692940e+01
2.223412514e+01
2.225207901e+01
2.219812965e+01
2.223147964e+01
2.215814972e+01
2.214698792e+01
2.212455559e+01
2.214639091e+01
2.206437111e+01
2.205481339e+01
2.205611610e+01
2.196760178e+01
2.198319817e+01
2.197493172e+01
2.196580315e+01
2.195005989e+01
2.192056465e+01
2.193602562e+01
2.188706589e+01
2.192408943e+01
2.185275269e+01
2.184985924e+01
2.180517769e+01
2.182466888e+01
2.174735069e+01
2.177438736e+01
2.178151894e+01
2.170459175e+01
2.173552704e+01
2.173154068e+01
2.169801331e+01
2.165626717e+01
2.161911583e+01
2.160424423e+01
2.155850601e+01
2.159946632e+01
2.152543640e+01
2.152849579e+01
2.150634956e+01
2.153039742e+01
2.146952438e+01
2.149150467e+01
2.147958565e+01
2.139994621e+01
2.142500877e+01
2.141757011e+01
2.141087341e+01
2.138874435e+01
2.138814926e+01
2.138396454e+01
2.130839348e+01
2.133831215e+01
2.129278755e+01
2.128901291e+01
2.124071121e+01
2.125534058e+01
2.119778252e+01
2.122259521e+01
2.122765923e+01
2.115586281e+01
2.117830276e+01
2.114888954e+01
2.112375450e+01
2.112658119e+01
2.111418343e+01
2.111662674e+01
2.105394173e+01
2.111193085e+01
2.105804634e+01
2.106472778e+01
2.100374985e+01
2.100146675e+01
2.093446159e+01
2.096296692e+01
2.095419121e+01
2.090361786e+01
2.090998459e+01
2.088707733e+01
2.088258743e+01
2.086362457e+01
2.085552979e+01
2.084766006e+01
2.079593849e+01
2.082231712e+01
2.078287506e+01
2.078592873e+01
2.074469948e+01
2.078217506e+01
2.069632721e+01
2.070851135e+01
2.069872093e+01
2.063186455e+01
2.067894745e+01
2.066683006e+01
2.066856766e+01
2.064657402e+01
2.061572075e+01
2.059688187e+01
2.052266693e+01
2.055450439e+01
2.048130226e+01
2.050563431e+01
2.049948692e+01
2.049415016e+01
2.042856789e+01
2.042269325e+01
2.042558670e+01
2.035518265e+01
2.038572121e+01
2.036896133e+01
2.035767555e+01
2.034619522e+01
2.032184601e+01
2.032597542e+01
2.026081467e+01
2.029083252e+01
2.026544952e+01
2.027293205e+01
2.022483253e+01
2.022958946e+01
2.016699600e+01
2.018445778e+01
2.018752098e+01
2.013484192e+01
2.015524673e+01
2.012479210e+01
2.011519241e+01
2.008204079e+01
2.005882835e+01
2.004064178e+01
1.998298073e+01
2.001262474e+01
1.996502113e+01
1.998327827e+01
1.995862579e+01
1.997998619e+01
1.990229988e+01
1.990304375e+01
1.989477539e+01
1.983029556e+01
1.983949089e+01
1.980978775e+01
1.978300667e+01
1.977359390e+01
1.978858376e+01
1.976076889e+01
1.969517326e+01
1.972913933e+01
1.966079903e+01
1.969188309e+01
1.969009399e+01
1.972248840e+01
1.965342712e+01
1.964978981e+01
1.966855812e+01
1.960049438e+01
1.961344719e+01
1.956729889e+01
1.953030777e+01
1.951777649e+01
1.950131416e+01
1.950783730e+01
1.944122505e+01
1.947015953e+01
1.941742516e+01
1.941441727e+01
1.937649918e+01
1.937298012e+01
1.929397774e+01
1.933540154e+01
1.934678268e+01
1.927898026e+01
1.929925728e+01
1.927333641e+01
1.924762344e+01
1.920639801e+01
1.918734741e+01
1.919114685e+01
1.913882256e+01
1.916014671e+01
1.912623405e+01
1.910604286e+01
1.909926414e+01
1.911073494e+01
1.903853798e+01
1.906116867e+01
1.907234573e+01
1.901773071e+01
1.901437759e+01
1.897594833e+01
1.895099068e+01
1.894857597e+01
1.893564987e+01
1.893629837e+01
1.887415123e+01
1.891182518e+01
1.887778854e+01
1.888003731e+01
1.884896660e+01
1.886183167e+01
1.880212212e+01
1.881968307e+01
1.883759308e+01
1.875948334e+01
1.877774048e+01
1.875341415e+01
1.873326111e+01
1.871493530e+01
1.871390915e+01
1.871358299e+01
1.866859245e+01
1.870919609e+01
1.866692543e+01
1.868688583e+01
1.866954231e+01
1.868513298e+01
1.861043358e+01
1.863640785e+01
1.864351463e+01
1.856028366e+01
1.858556366e+01
1.858450508e+01
1.854308128e+01
1.853734398e+01
1.855543709e+01
1.855710793e+01
1.851954651e+01
1.856040382e+01
1.850446510e+01
1.851468849e+01
1.847607231e+01
1.849308014e+01
1.841714096e+01
1.844070053e+01
1.849092102e+01
1.843397903e+01
1.845563698e+01
1.841958427e+01
1.839744568e+01
1.836993790e+01
1.833514595e+01
1.833383942e+01
1.828676033e+01
1.832220650e+01
1.830028343e+01
1.832962608e+01
1.828523827e+01
1.828365517e+01
1.821628571e+01
1.823723412e+01
1.823780441e+01
1.817373466e+01
1.817251015e+01
1.814472580e+01
1.811517143e+01
1.812342262e+01
1.813224030e+01
1.812790871e+01
1.808325958e+01
1.813988495e+01
1.808977509e+01
1.809576225e+01
1.807625389e+01
1.809620857e+01
1.802523804e+01
1.804323387e+01
1.804815865e+01
1.796344185e+01
1.798143005e+01
1.796544266e+01
1.795537186e+01
1.794345856e+01
1.793618202e+01
1.791127777e+01
1.786087990e+01
1.788616371e+01
1.783253288e+01
1.782872963e+01
1.779145241e+01
1.782086563e+01
1.774492264e+01
1.774846268e+01
1.773966026e+01
1.766854286e+01
1.768577385e+01
1.767010498e+01
1.765172958e+01
1.762368011e+01
1.761266136e+01
1.762040520e+01
1.756901360e+01
1.760659218e+01
1.755088997e+01
1.754371834e+01
1.751205063e+01
1.754264259e+01
1.748316193e+01
1.750333214e+01
1.749933434e+01
1.743530655e+01
1.747707176e+01
1.746051598e+01
1.741952515e+01
1.737637901e+01
1.734942245e+01
1.733413696e+01
1.729514503e+01
1.731563568e+01
1.726361275e+01
1.727655983e+01
1.726450539e+01
1.728922653e+01
1.721397018e+01
1.723657608e+01
1.722996330e+01
1.717889404e+01
1.719004440e+01
1.715956306e+01
1.713784981e+01
1.710348892e+01
1.708774757e+01
1.707999039e+01
1.704096413e+01
1.706113815e+01
1.699496460e+01
1.699359131e+01
1.695785904e+01
1.698963928e+01
1.692045021e+01
1.692109299e+01
1.693096733e+01
1.686392021e+01
1.689595032e+01
1.688356400e+01
1.684770012e+01
1.681578445e+01
1.682051468e+01
1.683375740e+01
1.680026054e+01
1.682590485e+01
1.677712631e+01
1.677964020e+01
1.675618935e+01
1.679184341e+01
1.671071434e+01
1.673720741e+01
1.675715065e+01
1.669704437e+01
1.671782875e+01
1.668655777e+01
1.668591309e+01
