6.846933365e-01
4.867102802e-01
3.898798525e-01
3.459004760e-01
3.577294052e-01
3.688758910e-01
3.725155592e-01
3.570469618e-01
2.878173590e-01
2.095644027e-01
1.805986762e-01
1.639926732e-01
1.569408029e-01
1.405622810e-01
1.169044077e-01
1.290366501e-01
1.673290431e-01
2.003135681e-01
1.879538447e-01
1.679356545e-01
1.665707678e-01
1.416996717e-01
1.510263383e-01
1.299465746e-01
1.579265445e-01
1.887121201e-01
2.048631608e-01
1.743808985e-01
1.673290431e-01
1.442777812e-01
7.846037298e-02
-9.299854864e-04
-4.240708426e-02
-3.270129114e-02
-1.647442020e-02
2.659503743e-02
6.837544590e-02
6.807214022e-02
7.838454098e-02
5.412006006e-02
3.364690393e-02
1.332539786e-02
-8.588463068e-03
-2.352628484e-02
-1.874921471e-02
2.689834312e-02
1.870908029e-02
1.946734451e-02
2.189379372e-02
4.047128931e-02
3.038636222e-02
2.917313948e-02
3.842397407e-02
1.279461291e-02
-3.967733309e-02
-1.442710403e-02
1.446279604e-02
3.721074760e-02
7.883950323e-02
5.017708242e-02
3.766570613e-02
2.667086385e-02
4.797811434e-02
7.042276114e-02
3.751405329e-02
2.030143701e-02
-7.783324691e-04
-1.040829904e-02
1.355287805e-02
4.775063321e-02
8.740789443e-02
8.043185622e-02
5.207274482e-02
2.462354861e-02
6.652665325e-03
-2.572525479e-02
-4.422692209e-02
-4.847320542e-02
-3.262546659e-02
-1.700520515e-02
-4.872963764e-03
3.266115859e-02
4.289773852e-02
8.581554145e-02
3.273698315e-02
9.003287181e-03
-2.276802063e-02
-1.291057374e-02
-3.550687432e-02
-2.724178322e-02
-4.721310921e-03
2.265205793e-02
3.865145147e-02
5.647068098e-02
8.824198693e-02
9.567298740e-02
6.708639115e-02
-3.217050806e-02
-4.301369935e-02
-6.227363274e-02
-3.952568024e-02
-1.814260334e-02
-1.033247262e-02
3.190289438e-02
7.133267820e-02
6.792048365e-02
5.313431472e-02
2.962809801e-02
-4.948790651e-03
-1.081638504e-03
-1.495788991e-02
-7.754371502e-03
3.637665510e-02
1.075019240e-01
1.191033795e-01
1.172077134e-01
9.650707990e-02
7.838454098e-02
5.768390745e-02
2.439606935e-02
-9.195075370e-03
-3.080563061e-02
-4.020811617e-02
-5.252096336e-03
3.266115859e-02
8.915190399e-02
8.998599648e-02
6.716222316e-02
5.624320358e-02
2.485102788e-02
2.720164880e-02
3.106880188e-02
2.985557728e-02
4.016798362e-02
4.532418400e-02
1.253969818e-01
1.785513610e-01
1.633860618e-01
1.139471754e-01
8.399570733e-02
5.290683731e-02
5.813886598e-02
-3.110893629e-02
-6.541147362e-03
3.076549619e-02
6.344672292e-02
6.412915885e-02
1.122031659e-01
1.761249155e-01
1.760490835e-01
1.407897621e-01
1.075777486e-01
9.681038558e-02
1.520879120e-01
1.680114716e-01
1.529978216e-01
1.636135429e-01
1.688455641e-01
1.823426932e-01
1.607321352e-01
1.456426531e-01
1.423062831e-01
1.241837516e-01
8.164508641e-02
6.375002861e-02
8.740789443e-02
1.410172433e-01
1.532253027e-01
2.001619190e-01
1.812052876e-01
2.141139954e-01
2.455819994e-01
2.030433267e-01
2.052422911e-01
2.003894001e-01
2.053939402e-01
1.892428994e-01
1.763523966e-01
1.976596415e-01
1.827218235e-01
1.824185103e-01
1.366192997e-01
1.329037994e-01
1.541352272e-01
1.633102298e-01
1.899253428e-01
1.718028039e-01
1.861340106e-01
2.218482941e-01
2.512689829e-01
2.703772783e-01
2.240472734e-01
2.420939803e-01
2.458852977e-01
2.565010190e-01
2.392883897e-01
2.453545183e-01
2.326156646e-01
2.310233116e-01
1.869681031e-01
1.505713761e-01
1.578507274e-01
1.790821403e-01
1.539835781e-01
2.080478668e-01
2.184361070e-01
2.636286914e-01
3.041200638e-01
3.027551770e-01
2.734103203e-01
2.414115369e-01
2.763675451e-01
3.170863986e-01
2.524063885e-01
2.161613107e-01
1.522395611e-01
1.341928542e-01
1.329796314e-01
1.524670422e-01
1.940957904e-01
2.298100740e-01
2.417906672e-01
2.946417332e-01
3.223942518e-01
3.985998929e-01
4.799617231e-01
4.613842368e-01
4.070166349e-01
3.441564441e-01
2.965373993e-01
2.787940204e-01
3.161764741e-01
3.296735883e-01
3.009353578e-01
2.875898778e-01
2.750785053e-01
2.620363533e-01
2.223032564e-01
2.080478668e-01
2.260187566e-01
2.395917028e-01
2.471743524e-01
2.867558002e-01
3.580327034e-01
4.604743123e-01
5.024822354e-01
5.526035428e-01
5.139319897e-01
4.465222359e-01
3.427915871e-01
3.001770675e-01
2.693156898e-01
2.540745735e-01
2.103984952e-01
2.946417332e-01
7.549844980e-01
1.447657228e+00
1.999442577e+00
2.472981691e+00
1.304520264e+02
8.434456787e+02
1.572805420e+03
1.798500854e+03
1.651282715e+03
1.375132690e+03
1.096696655e+03
8.625218506e+02
6.833402100e+02
5.525917969e+02
4.582970886e+02
3.899337158e+02
3.415059204e+02
3.056155090e+02
2.785226135e+02
2.618424988e+02
2.509953156e+02
2.408303528e+02
2.304181671e+02
2.207585907e+02
2.124948578e+02
2.055399017e+02
2.000024414e+02
1.951674500e+02
1.913875732e+02
1.880970764e+02
1.842477875e+02
1.801862793e+02
1.767041473e+02
1.735497284e+02
1.695348969e+02
1.655144653e+02
1.620684509e+02
1.589671326e+02
1.562353363e+02
1.538504028e+02
1.521448364e+02
1.506926270e+02
1.486753082e+02
1.466007690e+02
1.450129395e+02
1.428769226e+02
1.405861664e+02
1.382982178e+02
1.359941711e+02
1.342190552e+02
1.322884521e+02
1.300431976e+02
1.274289627e+02
1.256601715e+02
1.241785431e+02
1.232167969e+02
1.212629013e+02
1.190125580e+02
1.177989578e+02
1.169183426e+02
1.160497513e+02
1.148508987e+02
1.129676132e+02
1.108675766e+02
1.091879654e+02
1.079247360e+02
1.069051666e+02
1.060572739e+02
1.056333542e+02
1.048531342e+02
1.034276123e+02
1.015229645e+02
9.935114288e+01
9.792253113e+01
9.728555298e+01
9.687565613e+01
9.597515869e+01
9.498844910e+01
9.417855835e+01
9.311917114e+01
9.194243622e+01
9.088289642e+01
9.014791107e+01
8.970322418e+01
8.921295166e+01
8.821088409e+01
8.680107880e+01
8.530065918e+01
8.438356018e+01
8.326856995e+01
8.261918640e+01
8.176982117e+01
8.047360229e+01
7.977248383e+01
7.919989014e+01
7.846640015e+01
7.752241516e+01
7.623290253e+01
7.499405670e+01
7.410517120e+01
7.364952850e+01
7.332447815e+01
7.324562073e+01
7.247891998e+01
7.131272888e+01
7.073149872e+01
7.049404144e+01
6.968210602e+01
6.822637177e+01
6.705887604e+01
6.610572815e+01
6.476116180e+01
6.395816422e+01
6.411140442e+01
6.434433746e+01
6.428133392e+01
6.349251175e+01
6.248921204e+01
6.170674896e+01
6.106744003e+01
6.067244720e+01
6.028065109e+01
5.988393021e+01
5.903057861e+01
5.807803345e+01
5.660870743e+01
5.521161270e+01
5.451409531e+01
5.392887497e+01
5.349417877e+01
5.302311707e+01
5.252796936e+01
5.255511475e+01
5.246564102e+01
5.198391342e+01
5.149212265e+01
5.128966522e+01
5.097589493e+01
5.040529251e+01
4.970907211e+01
4.939386368e+01
4.896144104e+01
4.838979721e+01
4.775944138e+01
4.654470825e+01
4.568102646e+01
4.560900879e+01
4.541708374e+01
4.503899384e+01
4.437584305e+01
4.382489777e+01
4.358044434e+01
4.337065125e+01
4.325281525e+01
4.328085327e+01
4.278130722e+01
4.216952133e+01
4.189164352e+01
4.158645248e+01
4.106565475e+01
4.046472931e+01
4.004141617e+01
3.971741104e+01
3.923749542e+01
3.914392471e+01
3.873091888e+01
3.809648514e+01
3.766563416e+01
3.732432556e+01
3.720656204e+01
3.706629181e+01
3.677564621e+01
3.637118912e+01
3.611012650e+01
3.588378906e+01
3.507964706e+01
3.470886230e+01
3.476262283e+01
3.453454208e+01
3.431486893e+01
3.437105560e+01
3.438106537e+01
3.407821274e+01
3.353491974e+01
3.297599792e+01
3.269482422e+01
3.274912262e+01
3.269763947e+01
3.249615479e+01
3.208926392e+01
3.173278999e+01
3.139558983e+01
3.137064743e+01
3.128935623e+01
3.093016624e+01
3.026061249e+01
2.995920753e+01
2.975333786e+01
2.949750519e+01
2.893502808e+01
2.833199501e+01
2.791910934e+01
2.765233231e+01
2.762800217e+01
2.766030502e+01
2.750893974e+01
2.727750778e+01
2.706731224e+01
2.708414650e+01
2.734318352e+01
2.720389557e+01
2.678652763e+01
2.646972847e+01
2.618477249e+01
2.579140282e+01
2.552207184e+01
2.545390511e+01
2.533963394e+01
2.522770882e+01
2.483213615e+01
2.434570885e+01
2.398569870e+01
2.399374199e+01
2.413728714e+01
2.435876656e+01
2.425199699e+01
2.390449333e+01
2.389008713e+01
2.360657120e+01
2.319165421e+01
2.309344864e+01
2.324319649e+01
2.326397324e+01
2.325070763e+01
2.314796829e+01
2.304324722e+01
2.263448143e+01
2.219006157e+01
2.210028267e+01
2.158362007e+01
2.112888336e+01
2.105754089e+01
2.102546501e+01
2.065975380e+01
2.041097260e+01
2.035842514e+01
2.048618698e+01
2.068250656e+01
2.054093933e+01
2.032461548e+01
2.020389557e+01
1.998998833e+01
1.971603012e+01
1.968979645e+01
1.946860886e+01
1.900864792e+01
1.858515167e+01
1.838125038e+01
1.838671875e+01
1.827752686e+01
1.812716675e+01
1.809888458e+01
1.819442558e+01
1.810774803e+01
1.781270409e+01
1.742939186e+01
1.736668205e+01
1.735403061e+01
1.736047173e+01
1.727160454e+01
1.713882446e+01
1.718220329e+01
1.704609680e+01
1.645132828e+01
1.572756386e+01
1.557226658e+01
1.562967396e+01
1.540977955e+01
1.535199451e+01
1.552433681e+01
1.531323338e+01
1.506226444e+01
1.514066219e+01
1.520769501e+01
1.488415241e+01
1.452965641e+01
1.447771549e+01
1.453519440e+01
1.453443336e+01
1.452146530e+01
1.427889347e+01
1.427449799e+01
1.396967983e+01
1.364423752e+01
1.354066753e+01
1.347340965e+01
1.335155392e+01
1.330628586e+01
1.318625450e+01
1.298865318e+01
1.287407017e+01
1.282402420e+01
1.279286194e+01
1.292517662e+01
1.276457691e+01
1.261543274e+01
1.241971970e+01
1.245945072e+01
1.241803551e+01
1.230004692e+01
1.216659451e+01
1.219563580e+01
1.192819595e+01
1.154307747e+01
1.146618462e+01
1.138171673e+01
1.118251991e+01
1.094419956e+01
1.077510929e+01
1.060745430e+01
1.064999771e+01
1.069056225e+01
1.049742317e+01
1.041886711e+01
1.045367336e+01
1.056741524e+01
1.073180771e+01
1.060456848e+01
1.050494671e+01
1.049205589e+01
1.033500481e+01
1.037496758e+01
1.043964767e+01
1.039225197e+01
1.027335072e+01
1.036123848e+01
1.040393162e+01
1.031998920e+01
1.006770992e+01
9.957597733e+00
1.002789307e+01
9.887839317e+00
9.886252403e+00
9.993093491e+00
9.935079575e+00
9.899899483e+00
9.904746056e+00
9.667791367e+00
9.543136597e+00
9.526150703e+00
9.315649986e+00
9.099168777e+00
9.134960175e+00
9.349625587e+00
9.396560669e+00
9.420447350e+00
9.505225182e+00
9.435308456e+00
9.575207710e+00
9.584459305e+00
9.626467705e+00
9.625482559e+00
9.651873589e+00
9.611756325e+00
9.449032784e+00
9.199565887e+00
8.951539040e+00
8.833548546e+00
8.776147842e+00
8.631091118e+00
8.472312927e+00
8.744529724e+00
9.266897202e+00
9.485887527e+00
9.303524971e+00
9.130262375e+00
9.221097946e+00
9.496646881e+00
9.672106743e+00
9.850301743e+00
9.676432610e+00
9.263332367e+00
9.215709686e+00
9.136777878e+00
9.143073082e+00
9.074525833e+00
8.884655952e+00
8.730957031e+00
8.767425537e+00
8.912331581e+00
8.728604317e+00
8.575435638e+00
8.401264191e+00
8.072632790e+00
8.287301064e+00
8.515232086e+00
8.473146439e+00
8.524027824e+00
8.491346359e+00
8.437281609e+00
8.341738701e+00
8.168630600e+00
8.217082977e+00
8.162260056e+00
8.111602783e+00
8.059130669e+00
8.024552345e+00
7.897317886e+00
7.782291412e+00
7.645875931e+00
7.518489838e+00
7.700548172e+00
7.832561970e+00
7.810879230e+00
7.800794125e+00
7.759088516e+00
7.678482533e+00
7.461923122e+00
7.307840347e+00
7.332487583e+00
7.230576515e+00
6.979818344e+00
6.755369663e+00
6.685911179e+00
6.681437492e+00
6.624569893e+00
6.667108536e+00
6.858113289e+00
6.940085411e+00
6.857356071e+00
6.459117889e+00
6.298055172e+00
6.663696289e+00
6.976179600e+00
6.916959286e+00
6.878740311e+00
6.863498211e+00
6.636550426e+00
6.342112541e+00
6.147017956e+00
6.044122696e+00
6.092573643e+00
6.177727699e+00
6.283957481e+00
6.280694485e+00
6.148758411e+00
6.080137730e+00
6.151263237e+00
6.071343422e+00
5.912106514e+00
5.813152790e+00
5.905055523e+00
5.966322422e+00
5.981411934e+00
6.141096592e+00
6.315268993e+00
6.255214214e+00
6.069979668e+00
6.050110817e+00
6.040176392e+00
6.038889408e+00
5.860848904e+00
5.581200600e+00
5.616385460e+00
5.930001259e+00
6.157023430e+00
6.016900063e+00
5.720951557e+00
5.628742695e+00
5.586355686e+00
5.579301357e+00
5.652399540e+00
5.705251694e+00
5.816035271e+00
5.913243771e+00
5.834538460e+00
5.838252544e+00
5.824984074e+00
5.791162968e+00
5.754158497e+00
5.693953514e+00
5.557764530e+00
5.379871845e+00
5.346360207e+00
5.454334736e+00
5.659603119e+00
5.889815807e+00
6.051780224e+00
6.083552361e+00
5.892922401e+00
5.760303020e+00
5.718823433e+00
5.678105831e+00
5.605691433e+00
5.319285393e+00
5.257565022e+00
5.473289967e+00
5.740207672e+00
5.947064877e+00
5.828244686e+00
5.454788208e+00
5.312614918e+00
5.484817028e+00
5.626088619e+00
5.479280472e+00
5.215708733e+00
5.097423077e+00
5.109477043e+00
5.326871395e+00
5.359626293e+00
5.356440067e+00
5.346053123e+00
5.164526939e+00
5.078084946e+00
5.272576332e+00
5.320195198e+00
5.242627144e+00
5.070955753e+00
4.979586124e+00
4.977465153e+00
4.994675636e+00
4.956155300e+00
4.983301640e+00
4.850301266e+00
4.800861359e+00
4.704030991e+00
4.658155918e+00
4.637989044e+00
4.870094776e+00
4.998696804e+00
4.812921047e+00
4.633893013e+00
4.541687012e+00
4.637380600e+00
4.705017567e+00
4.637532234e+00
4.519093037e+00
4.450392246e+00
4.369864464e+00
4.217681885e+00
4.184396267e+00
4.203883648e+00
4.331268311e+00
4.355153561e+00
4.233607769e+00
4.147393703e+00
4.123129368e+00
4.175977707e+00
4.303288937e+00
4.152853966e+00
4.002414227e+00
3.968366623e+00
3.987095356e+00
4.010982513e+00
3.974357605e+00
3.859405279e+00
3.596130133e+00
3.481554508e+00
3.462598085e+00
3.669003010e+00
3.730879307e+00
3.693192244e+00
3.607657671e+00
3.640488863e+00
3.685604811e+00
3.663766861e+00
3.700924158e+00
3.772352934e+00
3.724961281e+00
3.591809988e+00
3.577554464e+00
3.398603439e+00
3.251117229e+00
3.199629784e+00
3.122287512e+00
3.133205891e+00
3.071330786e+00
3.047218561e+00
3.028944492e+00
3.093097210e+00
3.290395975e+00
3.448115826e+00
3.559355497e+00
3.602199316e+00
3.702063322e+00
3.693418026e+00
3.550785303e+00
3.347568512e+00
3.355075359e+00
3.479052305e+00
3.574594259e+00
3.655960321e+00
3.578843594e+00
3.314053297e+00
2.979507208e+00
2.827244043e+00
2.916039228e+00
3.279174328e+00
3.528113842e+00
3.530386925e+00
3.409141541e+00
3.339910030e+00
3.237999916e+00
3.143367767e+00
3.177716494e+00
3.233527184e+00
3.276596785e+00
3.201982260e+00
3.178399086e+00
3.283572197e+00
3.344158173e+00
3.184391022e+00
2.987467289e+00
2.833234310e+00
2.870086193e+00
3.079978704e+00
3.275838375e+00
3.298586369e+00
3.306244373e+00
3.324747086e+00
3.343931913e+00
3.310415268e+00
3.373806953e+00
3.454637289e+00
3.485498190e+00
3.463889360e+00
3.466012478e+00
3.437198400e+00
3.267270565e+00
3.155730486e+00
3.199025154e+00
3.350829124e+00
3.432495356e+00
3.341200352e+00
3.336573124e+00
3.370619774e+00
3.419908285e+00
3.403605461e+00
3.367738485e+00
3.381614685e+00
3.593095303e+00
3.801015139e+00
3.897619963e+00
3.819141388e+00
3.679162741e+00
3.589080095e+00
3.472532511e+00
3.508475304e+00
3.698726416e+00
3.806324244e+00
3.859175920e+00
3.795253038e+00
3.637229919e+00
3.569667339e+00
3.669986963e+00
3.806475878e+00
3.834078074e+00
3.921355486e+00
3.960785151e+00
4.076949596e+00
4.238232613e+00
4.163089752e+00
3.893525839e+00
3.706990957e+00
3.731026888e+00
3.809809923e+00
3.894887924e+00
3.855002642e+00
3.812541485e+00
3.734741688e+00
3.698647738e+00
3.669759512e+00
3.897317886e+00
4.223598003e+00
4.371459961e+00
4.382834435e+00
4.393147469e+00
4.316564560e+00
4.348560810e+00
4.430604458e+00
4.319518566e+00
4.028345108e+00
3.923097134e+00
3.973444700e+00
3.961541176e+00
3.991874218e+00
3.968973875e+00
3.866835117e+00
3.732315779e+00
3.591885090e+00
3.460779905e+00
3.478069544e+00
3.614099264e+00
3.831573248e+00
3.928180456e+00
3.956689358e+00
3.870020866e+00
3.759086847e+00
3.760678530e+00
3.696756124e+00
3.686896324e+00
3.750665903e+00
3.707064390e+00
3.548966169e+00
3.630935192e+00
3.724353552e+00
3.486636877e+00
3.387986422e+00
3.539260864e+00
3.671353579e+00
3.741493225e+00
3.714270830e+00
3.625930071e+00
3.632984400e+00
3.560719967e+00
3.309961557e+00
3.227687359e+00
3.091956139e+00
3.093623877e+00
3.153377533e+00
3.156183720e+00
3.153984785e+00
3.269773006e+00
3.318908453e+00
3.190836906e+00
3.137151241e+00
3.180068970e+00
3.096887827e+00
2.913764000e+00
2.925367117e+00
3.210171461e+00
3.267647505e+00
3.255439997e+00
3.332101107e+00
3.280691385e+00
3.266284227e+00
3.296235800e+00
3.341200829e+00
3.253091097e+00
3.118119240e+00
3.028490067e+00
3.024849176e+00
3.069131851e+00
3.033114195e+00
2.932340860e+00
2.733899355e+00
2.710999012e+00
2.802522898e+00
2.833687067e+00
2.846579790e+00
2.939772367e+00
2.936359644e+00
2.951905251e+00
2.994596720e+00
2.875543118e+00
2.912244558e+00
2.916187525e+00
2.907088757e+00
2.826256514e+00
2.787433386e+00
2.796837091e+00
2.672857761e+00
2.697423220e+00
2.890710831e+00
3.137376785e+00
3.427038193e+00
3.537439823e+00
3.389880896e+00
3.241717100e+00
