3.781748712e-01
2.616064847e-01
1.827563643e-01
1.383520514e-01
1.230898276e-01
1.143443733e-01
1.242182702e-01
1.404678822e-01
1.423862427e-01
1.283935159e-01
1.139212102e-01
1.450945139e-01
1.489030123e-01
1.553069353e-01
1.350513399e-01
9.767159820e-02
7.352286577e-02
7.995500416e-02
7.868549973e-02
9.786907583e-02
1.237104684e-01
1.389162689e-01
1.401857734e-01
1.123413816e-01
8.568186313e-02
8.046280593e-02
5.405718461e-02
6.500310451e-02
6.201272458e-02
5.606017634e-02
2.316599526e-02
2.229144983e-02
2.609995380e-02
6.074322388e-02
5.735788867e-02
3.478898108e-02
1.552077848e-02
5.477615632e-03
2.900569886e-02
4.062868655e-02
4.751220345e-02
8.060386032e-02
6.912192702e-02
5.521384254e-02
3.371695802e-02
2.773619816e-02
2.717197686e-02
2.020382695e-02
2.971097827e-02
2.516898513e-02
2.835684456e-02
1.368705463e-02
3.041625582e-02
1.303819939e-02
3.171397001e-02
2.849789895e-02
9.455385618e-03
-1.627316698e-02
-3.212782368e-02
-3.875743970e-02
-2.628812008e-02
4.655938938e-06
1.941391453e-02
2.810294367e-02
4.621449113e-02
4.759683460e-02
3.490182757e-02
3.445044905e-02
2.299672924e-02
1.411022246e-02
2.889285609e-02
-7.809827570e-03
-3.647233918e-02
-6.008505449e-02
-5.627655238e-02
-3.669802845e-02
1.834189147e-02
2.215039544e-02
2.330705151e-02
1.725535025e-03
-2.654201910e-02
-7.132760715e-03
2.370200679e-02
3.287062421e-02
3.509930521e-02
1.134553086e-02
-4.467221734e-04
-6.399271078e-03
1.433591079e-02
3.982425667e-03
6.662483327e-03
-3.435650468e-02
-2.278993838e-02
9.145062417e-03
3.947202861e-02
5.510099605e-02
4.113648832e-02
2.466118522e-02
-2.492442436e-04
-2.775509842e-02
-2.597779594e-02
-1.280319784e-02
-2.149222605e-02
-8.345839567e-03
1.382811088e-02
4.474751279e-02
6.731642038e-02
8.224010468e-02
7.690820098e-02
4.976909235e-02
1.506940089e-02
-7.527716458e-03
-7.696982939e-03
-1.630137861e-02
-1.184401941e-02
6.070049480e-03
2.358916216e-02
3.758188337e-02
6.323949434e-03
8.750107139e-03
2.014740370e-02
3.823073953e-02
3.061373346e-02
2.282746136e-02
4.528352246e-02
5.840170011e-02
4.291378707e-02
5.264662951e-02
3.340663761e-02
4.367548972e-02
2.705913223e-02
2.330705151e-02
5.075648427e-02
5.487530679e-02
6.065858901e-02
4.093900695e-02
3.272956982e-02
2.051414922e-02
-9.897451848e-03
-4.875869956e-03
-4.678391851e-03
7.424183656e-03
4.294199869e-02
6.694967300e-02
6.994005293e-02
9.386309236e-02
8.435594290e-02
7.814949006e-02
5.129249394e-02
4.384475574e-02
2.593068592e-02
2.736945450e-02
2.677701972e-02
3.938739747e-02
6.268978864e-02
6.472099572e-02
5.092575029e-02
4.796358198e-02
1.901895925e-02
1.360242162e-02
3.072657809e-02
4.232135415e-02
7.324075699e-02
8.356603235e-02
5.882486701e-02
5.273126066e-02
4.288557544e-02
4.342158884e-02
4.861243814e-02
7.727494836e-02
9.236790240e-02
1.185478345e-01
1.130748764e-01
1.325405538e-01
1.052603871e-01
8.475089818e-02
6.536985189e-02
5.546774343e-02
2.686165459e-02
3.535320610e-02
6.006615609e-02
6.782421470e-02
9.200115502e-02
1.266444325e-01
1.650115699e-01
1.722054034e-01
1.458279938e-01
9.259358793e-02
5.803495646e-02
3.913349658e-02
2.993666753e-02
3.614311665e-02
4.968446121e-02
6.443887949e-02
7.580796629e-02
8.102703094e-02
1.003798619e-01
1.160652563e-01
1.358976811e-01
1.245568022e-01
1.156420857e-01
5.840170011e-02
5.628586560e-02
7.005289942e-02
8.128092438e-02
1.129338145e-01
1.202405021e-01
1.181810871e-01
1.080250815e-01
1.039062589e-01
1.152753383e-01
1.318916976e-01
1.586358547e-01
1.155856624e-01
7.744421065e-02
4.260346666e-02
4.483214393e-02
6.460814923e-02
8.765664697e-02
8.788233250e-02
1.134698316e-01
1.218767464e-01
1.422169656e-01
1.456023157e-01
1.646730304e-01
1.516112834e-01
1.403550357e-01
1.104230285e-01
7.668251544e-02
7.417172194e-02
7.809306681e-02
1.178989783e-01
1.421605498e-01
1.287038475e-01
1.308196783e-01
1.274061352e-01
1.243029013e-01
1.379006654e-01
1.446995586e-01
1.185478345e-01
1.278575063e-01
7.027858496e-02
7.518732548e-02
9.696631879e-02
1.239079461e-01
1.342896521e-01
1.235412061e-01
1.113539934e-01
1.237104684e-01
1.519498080e-01
1.504264176e-01
1.397343874e-01
1.257698834e-01
7.262010872e-02
8.621787280e-02
2.860655487e-01
5.765857100e-01
8.633807898e-01
1.914683819e+00
9.668862915e+01
3.933926697e+02
6.267640991e+02
6.830022583e+02
6.275468140e+02
5.308865356e+02
4.326968689e+02
3.507898865e+02
2.881569824e+02
2.426331635e+02
2.093682861e+02
1.845159912e+02
1.663140106e+02
1.526781311e+02
1.419786835e+02
1.338377991e+02
1.269124756e+02
1.211148071e+02
1.163385239e+02
1.125953293e+02
1.092867737e+02
1.065205307e+02
1.038916626e+02
1.012294312e+02
9.914469910e+01
9.733753967e+01
9.559818268e+01
9.355964661e+01
9.170964050e+01
8.993752289e+01
8.847804260e+01
8.690563965e+01
8.494025421e+01
8.330714417e+01
8.214381409e+01
8.114198303e+01
7.998558807e+01
7.878007507e+01
7.779273987e+01
7.686920929e+01
7.591718292e+01
7.496160889e+01
7.392173767e+01
7.307717896e+01
7.190053558e+01
7.051693726e+01
6.922289276e+01
6.804212952e+01
6.713713837e+01
6.660815430e+01
6.574516296e+01
6.510747528e+01
6.451712799e+01
6.391526031e+01
6.313220596e+01
6.207559967e+01
6.088637161e+01
5.977348709e+01
5.934272385e+01
5.902785492e+01
5.833905792e+01
5.752891922e+01
5.670384216e+01
5.606335831e+01
5.553322220e+01
5.503155136e+01
5.431158829e+01
5.355533218e+01
5.292717743e+01
5.258481216e+01
5.209834671e+01
5.186403275e+01
5.165269089e+01
5.106389999e+01
5.046832275e+01
4.967530823e+01
4.881260300e+01
4.832326126e+01
4.792238235e+01
4.754033661e+01
4.695125580e+01
4.636787033e+01
4.584302902e+01
4.546122742e+01
4.501795197e+01
4.465362167e+01
4.423186493e+01
4.396742630e+01
4.360101318e+01
4.303062820e+01
4.267456818e+01
4.228069687e+01
4.194832611e+01
4.159518051e+01
4.113369751e+01
4.074407959e+01
4.012425995e+01
3.955562973e+01
3.912600327e+01
3.894875717e+01
3.895080948e+01
3.873513031e+01
3.815515137e+01
3.748476791e+01
3.693953323e+01
3.648009491e+01
3.592588043e+01
3.533806992e+01
3.492007446e+01
3.476054764e+01
3.465367508e+01
3.443497086e+01
3.410795975e+01
3.371008301e+01
3.336263657e+01
3.322583389e+01
3.326044083e+01
3.323060226e+01
3.300701523e+01
3.259941101e+01
3.198116493e+01
3.126868629e+01
3.062614250e+01
3.012344170e+01
2.997719574e+01
2.977219582e+01
2.956998444e+01
2.937364197e+01
2.913276100e+01
2.879525375e+01
2.840379333e+01
2.817669296e+01
2.805410957e+01
2.786257935e+01
2.749866676e+01
2.721280670e+01
2.698884964e+01
2.680362511e+01
2.638481712e+01
2.604842758e+01
2.587287331e+01
2.579278183e+01
2.576672173e+01
2.564648247e+01
2.528679085e+01
2.492146683e+01
2.467857552e+01
2.434351349e+01
2.392687988e+01
2.369352150e+01
2.333833885e+01
2.306395149e+01
2.301721191e+01
2.288143921e+01
2.268699837e+01
2.236949158e+01
2.193371773e+01
2.170738029e+01
2.162593842e+01
2.170241547e+01
2.169824409e+01
2.177788353e+01
2.167253494e+01
2.164530182e+01
2.143839073e+01
2.127001953e+01
2.075930977e+01
2.045604324e+01
2.030250740e+01
2.017485237e+01
1.992663765e+01
1.957731247e+01
1.922038460e+01
1.894481850e+01
1.909296608e+01
1.910556221e+01
1.886048126e+01
1.872539330e+01
1.853315544e+01
1.843446922e+01
1.839036179e+01
1.829861450e+01
1.820653343e+01
1.805489922e+01
1.790338707e+01
1.767827988e+01
1.756230354e+01
1.741676331e+01
1.719809532e+01
1.706221581e+01
1.697505760e+01
1.681321144e+01
1.666036987e+01
1.655031776e+01
1.628612137e+01
1.611467743e+01
1.601748657e+01
1.585836983e+01
1.556633472e+01
1.539348221e+01
1.550647831e+01
1.569204330e+01
1.583986664e+01
1.562720776e+01
1.543367577e+01
1.538864708e+01
1.540563011e+01
1.538171387e+01
1.515471363e+01
1.501944447e+01
1.481651497e+01
1.462225151e+01
1.444983196e+01
1.439986992e+01
1.446430779e+01
1.454569149e+01
1.457006454e+01
1.447254181e+01
1.438023663e+01
1.424857712e+01
1.424927902e+01
1.432739544e+01
1.419841385e+01
1.393721294e+01
1.380797577e+01
1.370007706e+01
1.345876026e+01
1.339350986e+01
1.335147572e+01
1.330180073e+01
1.313786793e+01
1.301007271e+01
1.282717514e+01
1.267378902e+01
1.272028828e+01
1.259390068e+01
1.240416527e+01
1.214712811e+01
1.200920582e+01
1.199868488e+01
1.194685936e+01
1.214205170e+01
1.220039463e+01
1.209457111e+01
1.188872147e+01
1.166086197e+01
1.142101574e+01
1.130726814e+01
1.123115540e+01
1.116720581e+01
1.099516678e+01
1.083225155e+01
1.075176334e+01
1.062856483e+01
1.059872818e+01
1.061035347e+01
1.046156025e+01
1.030052567e+01
1.013075352e+01
1.005590534e+01
9.902572632e+00
1.003474331e+01
9.958998680e+00
9.860335350e+00
9.904570580e+00
9.712907791e+00
9.617987633e+00
9.572483063e+00
9.504827499e+00
9.454661369e+00
9.318851471e+00
9.177153587e+00
9.115486145e+00
9.104309082e+00
8.886949539e+00
8.817946434e+00
8.846552849e+00
8.966051102e+00
8.920855522e+00
8.805071831e+00
8.653537750e+00
8.453841209e+00
8.445704460e+00
8.390227318e+00
8.371294022e+00
8.289829254e+00
8.162027359e+00
7.933835983e+00
7.822315693e+00
7.821837902e+00
7.705900669e+00
7.647299290e+00
7.513416290e+00
7.437018871e+00
7.282139301e+00
7.293251514e+00
7.271081924e+00
7.017967224e+00
7.021047592e+00
7.067595005e+00
7.069881916e+00
7.057245255e+00
6.961183548e+00
6.856093884e+00
6.699802399e+00
6.619701862e+00
6.569512844e+00
6.573179245e+00
6.506151199e+00
6.565450191e+00
6.473733902e+00
6.437992573e+00
6.377959251e+00
6.268136024e+00
6.184521675e+00
6.127478600e+00
6.138564587e+00
6.162795544e+00
6.343774319e+00
6.348989964e+00
6.088711262e+00
6.123951435e+00
6.134162903e+00
6.207963943e+00
6.249968052e+00
6.266133785e+00
6.141189098e+00
6.033248901e+00
5.959875584e+00
5.998070717e+00
6.034293652e+00
5.926614285e+00
5.792492390e+00
5.839381218e+00
5.823559284e+00
5.816023350e+00
5.762026310e+00
5.766120434e+00
5.783155441e+00
5.824230194e+00
5.748485088e+00
5.698606968e+00
5.713591099e+00
5.753959656e+00
5.740504742e+00
5.648109913e+00
5.608388424e+00
5.595553398e+00
5.683260918e+00
5.682780266e+00
5.776246548e+00
5.884325981e+00
5.776586056e+00
5.689358711e+00
5.518027306e+00
5.479773045e+00
5.475829601e+00
5.569089413e+00
5.608924389e+00
5.598658085e+00
5.593553066e+00
5.534907341e+00
5.478167534e+00
5.471199512e+00
5.568616867e+00
5.504551411e+00
5.394130230e+00
5.339145660e+00
5.199721336e+00
5.153963566e+00
5.119716167e+00
5.206129551e+00
5.186692238e+00
5.145246983e+00
5.149957657e+00
5.338719368e+00
5.503904343e+00
5.397285461e+00
5.291773319e+00
5.103216171e+00
5.098449230e+00
5.129394531e+00
5.245284081e+00
5.278461933e+00
5.212220669e+00
5.071644306e+00
4.876287460e+00
4.892110348e+00
4.882297516e+00
4.831212521e+00
4.718539715e+00
4.666096210e+00
4.669537067e+00
4.686519146e+00
4.795131207e+00
4.780818462e+00
4.803808689e+00
4.805023670e+00
4.810750484e+00
4.773709297e+00
4.584424019e+00
4.494372368e+00
4.407934189e+00
4.455384731e+00
4.621438980e+00
4.706296921e+00
4.522414207e+00
4.447427273e+00
4.527524948e+00
4.487346172e+00
4.436594963e+00
4.313765526e+00
4.109997272e+00
4.049792290e+00
4.111316204e+00
4.210901737e+00
4.286965847e+00
4.422657013e+00
4.309392929e+00
4.198552132e+00
4.088860989e+00
4.051485062e+00
3.902842999e+00
3.941236734e+00
3.938668489e+00
3.897144318e+00
3.960448503e+00
3.972805738e+00
3.991989374e+00
3.990241051e+00
4.009733200e+00
3.993032217e+00
3.851449490e+00
3.841155052e+00
3.812123060e+00
3.758042336e+00
3.699305058e+00
3.736317158e+00
3.673350811e+00
3.684946060e+00
3.567221403e+00
3.412089586e+00
3.503830433e+00
3.641387701e+00
3.691772223e+00
3.651262760e+00
3.663110971e+00
3.649118662e+00
3.549562931e+00
3.551393747e+00
3.574160099e+00
3.660853624e+00
3.570773840e+00
3.471925497e+00
3.425912619e+00
3.434175968e+00
3.399899960e+00
3.341729403e+00
3.458691835e+00
3.502450943e+00
3.476327658e+00
3.419001102e+00
3.406645775e+00
3.380549669e+00
3.282910585e+00
3.230552435e+00
3.171308517e+00
3.346189499e+00
3.474859476e+00
3.557151794e+00
3.455507517e+00
3.383117676e+00
3.350788355e+00
3.295125961e+00
3.312222242e+00
3.284150839e+00
3.118046761e+00
3.063402414e+00
3.178840399e+00
3.310362101e+00
3.287145138e+00
3.265957832e+00
3.179687262e+00
3.154946566e+00
3.053923368e+00
3.067661762e+00
3.042440891e+00
3.027743340e+00
3.149023056e+00
3.173028946e+00
3.210463524e+00
3.060551167e+00
2.938032389e+00
3.024157524e+00
3.145748854e+00
3.269879103e+00
3.242654085e+00
3.198110104e+00
3.042666674e+00
3.023708344e+00
3.102249146e+00
3.190295219e+00
3.046701670e+00
2.931654930e+00
2.853396893e+00
2.800021410e+00
2.914022207e+00
2.928550959e+00
2.864821434e+00
2.843183994e+00
2.924714088e+00
2.959160089e+00
3.025062561e+00
3.085772514e+00
3.000208139e+00
2.886857033e+00
2.738323212e+00
2.733950138e+00
2.734259844e+00
2.747126341e+00
2.796634674e+00
2.848827124e+00
2.888181686e+00
2.737196922e+00
2.610556364e+00
2.562060118e+00
2.574360132e+00
2.523663044e+00
2.460609436e+00
2.594532013e+00
2.604772091e+00
2.710504770e+00
2.659755230e+00
2.568517685e+00
2.425172567e+00
2.452116013e+00
2.553254604e+00
2.544762135e+00
2.527099371e+00
2.428841352e+00
2.353853941e+00
2.305783033e+00
2.345193624e+00
2.392282009e+00
2.369629383e+00
2.457058668e+00
2.399335623e+00
2.352331877e+00
2.230684519e+00
2.218917847e+00
2.067169905e+00
1.948117495e+00
1.914827466e+00
1.876682997e+00
1.979518294e+00
2.027476311e+00
2.073264360e+00
2.163736105e+00
2.218831062e+00
2.226224661e+00
2.138684988e+00
2.096508503e+00
1.995005727e+00
1.966821551e+00
1.938553095e+00
1.963353276e+00
1.896234155e+00
1.923343301e+00
1.930875182e+00
1.903371096e+00
1.891947865e+00
1.829886079e+00
1.788923144e+00
1.754137039e+00
1.713288426e+00
1.757975698e+00
1.806667924e+00
1.945970774e+00
2.022482157e+00
2.144244432e+00
2.084490061e+00
2.024966955e+00
1.885963559e+00
1.867800474e+00
1.876545906e+00
1.680534124e+00
1.616184115e+00
1.565488696e+00
1.561764836e+00
1.594320774e+00
1.634325027e+00
1.563599944e+00
1.547575712e+00
1.748383284e+00
1.780516148e+00
1.827656269e+00
1.861479402e+00
1.887661099e+00
1.863145590e+00
1.852539062e+00
1.812902808e+00
1.734163046e+00
1.767679691e+00
1.771657944e+00
1.784718990e+00
1.889718771e+00
1.936152458e+00
1.834145546e+00
1.794339895e+00
1.857953429e+00
1.824185014e+00
1.821873665e+00
1.811915159e+00
1.878689528e+00
1.852906466e+00
1.846446037e+00
1.814906240e+00
1.813382149e+00
1.846135259e+00
1.850310802e+00
1.841593504e+00
1.903031707e+00
1.874851942e+00
1.821673751e+00
1.779131889e+00
1.793942690e+00
1.885010600e+00
1.975879431e+00
2.009052753e+00
1.995540857e+00
1.827262044e+00
1.854146242e+00
1.892989397e+00
1.870171070e+00
1.888561606e+00
1.858462572e+00
1.833496690e+00
1.846728206e+00
1.797384620e+00
1.788808227e+00
1.787538290e+00
1.841452003e+00
1.832790971e+00
1.840492606e+00
1.790189981e+00
1.833889484e+00
1.835356593e+00
1.822802663e+00
1.823112607e+00
1.826726437e+00
1.915986419e+00
1.991504908e+00
1.915840507e+00
1.834059119e+00
1.811746120e+00
1.809179544e+00
1.777045608e+00
1.727308393e+00
1.664821625e+00
1.686064601e+00
1.660843492e+00
1.701045036e+00
1.663721442e+00
1.668545127e+00
1.677347183e+00
1.667303562e+00
1.756198406e+00
1.732667208e+00
1.685697079e+00
1.644029379e+00
1.632491469e+00
1.630911827e+00
1.523624539e+00
1.548619628e+00
1.525063038e+00
1.532060027e+00
1.503735423e+00
1.514568329e+00
1.434533715e+00
1.424687862e+00
1.474057078e+00
1.446722746e+00
1.567634106e+00
1.630516052e+00
1.594716072e+00
1.523512363e+00
1.424293518e+00
1.385362387e+00
1.345699310e+00
1.416085243e+00
1.395941615e+00
1.462970853e+00
1.472647190e+00
1.473155022e+00
1.434674382e+00
1.426635981e+00
1.461221218e+00
1.411739349e+00
1.399073005e+00
1.339463592e+00
1.265410185e+00
1.254999161e+00
1.327246189e+00
1.359463930e+00
1.308374405e+00
1.253168821e+00
1.247160673e+00
1.242560744e+00
1.229275346e+00
1.304624081e+00
1.358197093e+00
1.378227472e+00
1.337886214e+00
1.218667507e+00
1.270603299e+00
1.364711881e+00
1.371087193e+00
1.343891621e+00
1.267976761e+00
1.257483363e+00
1.225607872e+00
1.272041202e+00
1.227244139e+00
1.232295036e+00
1.195675850e+00
1.166619897e+00
1.131920695e+00
1.209132552e+00
1.280757546e+00
1.231364012e+00
1.263436556e+00
1.274099231e+00
1.267215967e+00
1.243745804e+00
1.212940812e+00
1.227073073e+00
1.230881095e+00
1.216183066e+00
1.176944733e+00
1.214775205e+00
1.188933134e+00
1.167380452e+00
1.117532969e+00
1.173108697e+00
1.209077477e+00
1.226200223e+00
1.347561240e+00
1.374926686e+00
1.382119894e+00
1.406493187e+00
1.412304044e+00
1.367871046e+00
1.335768104e+00
1.352102757e+00
1.251816034e+00
1.248880267e+00
1.258922815e+00
1.381863832e+00
1.381412148e+00
1.416450858e+00
1.422797441e+00
1.280084252e+00
1.253707051e+00
1.300589561e+00
1.387873888e+00
