4.407230318e-01
3.480792642e-01
2.607142925e-01
2.137155831e-01
1.503062397e-01
1.175187901e-01
9.989004582e-02
1.092627198e-01
1.546372920e-01
1.666491926e-01
1.809619814e-01
2.113470435e-01
2.108733356e-01
2.095198780e-01
2.136140764e-01
1.891503781e-01
1.716908216e-01
1.239815354e-01
9.677709639e-02
9.833357483e-02
1.370085329e-01
1.752774715e-01
2.012299597e-01
1.802514195e-01
1.218498498e-01
7.549402118e-02
7.840394974e-02
9.775835276e-02
1.250642985e-01
1.231356263e-01
1.334218830e-01
1.355197430e-01
1.207670867e-01
1.360272914e-01
1.239138693e-01
1.125786826e-01
8.804731816e-02
4.642858356e-02
3.725893050e-02
7.302396744e-02
1.065219715e-01
1.449262500e-01
1.803529263e-01
1.949702352e-01
1.726382375e-01
1.147442088e-01
7.464811206e-02
4.747751355e-02
2.984876558e-02
-2.466162294e-02
-2.980475128e-02
4.471489228e-03
3.739427403e-02
6.439569592e-02
8.530656993e-02
8.023111522e-02
1.085521579e-01
9.136328101e-02
8.811499178e-02
7.617074996e-02
9.948401153e-02
1.090935394e-01
1.172142625e-01
9.681093693e-02
1.033751890e-01
1.087213382e-01
1.011419892e-01
6.019998714e-02
3.434523533e-04
-1.078871265e-02
-1.058569457e-02
1.556981727e-02
3.461969271e-02
6.057218462e-02
5.380491167e-02
6.246702373e-02
6.771165878e-02
8.168607950e-02
8.564493805e-02
4.940618575e-02
5.444780365e-02
5.783144012e-02
6.490324438e-02
9.417169541e-02
9.156630188e-02
1.013111696e-01
9.099107981e-02
5.678251386e-02
1.922414452e-02
-8.081803098e-03
-9.536767378e-03
-2.462778613e-02
-2.012754977e-02
-1.498442236e-02
2.737870999e-02
8.334406465e-02
8.733675629e-02
7.654295117e-02
6.547845900e-02
5.258680508e-02
2.998411097e-02
1.919030957e-02
3.952596709e-02
7.288862020e-02
9.156630188e-02
7.809942216e-02
4.020269215e-02
1.144178119e-02
-2.769493498e-03
-1.855911571e-03
-1.319109462e-02
-4.970053583e-02
-5.890402570e-02
-3.312071413e-02
1.259221695e-02
3.424749151e-02
7.021555305e-02
1.017510444e-01
1.166390479e-01
6.561380625e-02
4.971071333e-02
4.433073103e-02
5.576742068e-02
5.316202343e-02
5.921873078e-02
7.173819095e-02
6.009847671e-02
2.819078229e-02
4.713914916e-02
5.130102113e-02
1.580667309e-02
-1.383398566e-02
-5.958075449e-02
-7.098361105e-02
-5.927622691e-02
-3.322222456e-02
4.510896653e-02
9.302126616e-02
1.091950461e-01
9.021284431e-02
6.121507660e-02
5.160554871e-02
8.554342389e-02
1.012773365e-01
1.035105363e-01
8.811499178e-02
6.013231352e-02
6.351595372e-02
6.483557075e-02
8.703222871e-02
5.607194826e-02
3.340158239e-02
-1.352945808e-02
-4.225653410e-02
-4.354231432e-02
-3.552309796e-02
3.384145722e-02
6.151960418e-02
7.407289743e-02
8.432531357e-02
1.223235577e-01
1.479038447e-01
1.442833543e-01
1.313917041e-01
1.317977458e-01
1.018187180e-01
5.617345870e-02
3.201429173e-02
3.962747380e-02
3.861238435e-02
1.384416316e-02
2.610489028e-03
-2.735657152e-03
-5.104202777e-03
-2.194275148e-03
-1.813120395e-02
1.426216098e-03
2.061143704e-02
4.084558412e-02
5.725622177e-02
1.208685935e-01
1.487159282e-01
1.510506272e-01
1.362303048e-01
1.481068730e-01
1.170450822e-01
1.015818641e-01
6.909894943e-02
6.253469735e-02
4.128545523e-02
1.235536300e-02
1.087852404e-03
-2.874769416e-05
9.614616632e-03
2.105131000e-02
5.597044155e-02
3.820634633e-02
4.839109257e-02
7.715200633e-02
1.127140298e-01
1.299028993e-01
1.383958310e-01
1.449600905e-01
1.390725523e-01
1.465165615e-01
1.244890839e-01
1.042210981e-01
1.033751890e-01
8.855485916e-02
2.879983746e-02
9.276253171e-03
2.957807295e-02
3.908609226e-02
3.861238435e-02
4.020269215e-02
6.514009833e-02
9.339345992e-02
1.079769358e-01
1.123756617e-01
1.231694669e-01
1.387680322e-01
1.521672308e-01
1.442495286e-01
1.348768473e-01
9.945017099e-02
8.063714951e-02
6.679807603e-02
6.121507660e-02
5.025209486e-02
2.450261824e-02
1.617887244e-02
3.878156468e-02
8.307337016e-02
9.582968056e-02
1.050670072e-01
1.581901014e-01
1.463135481e-01
1.292600185e-01
1.093303934e-01
1.048301533e-01
1.207670867e-01
1.185000464e-01
8.601713181e-02
9.816438705e-02
1.104808301e-01
1.038827375e-01
8.875788003e-02
5.597044155e-02
4.575185850e-02
1.022367179e-02
2.748021856e-02
4.497361928e-02
6.530927867e-02
9.204000980e-02
1.452307701e-01
4.819694459e-01
8.239530325e-01
1.079349041e+00
1.292014837e+00
3.336588287e+01
2.931856384e+02
6.062099609e+02
7.241897583e+02
6.836915894e+02
5.856181641e+02
4.812153931e+02
3.890140686e+02
3.138854980e+02
2.563216248e+02
2.133715210e+02
1.814986420e+02
1.584452820e+02
1.416676788e+02
1.291749420e+02
1.196444550e+02
1.123859940e+02
1.062833710e+02
1.009365845e+02
9.627200317e+01
9.187712860e+01
8.763111115e+01
8.423219299e+01
8.169155884e+01
7.942331696e+01
7.726932526e+01
7.502934265e+01
7.302915955e+01
7.112597656e+01
6.971550751e+01
6.856877899e+01
6.722563171e+01
6.562065887e+01
6.406076813e+01
6.283061981e+01
6.188327789e+01
6.090813065e+01
5.986747742e+01
5.853287506e+01
5.735943985e+01
5.636129379e+01
5.549825287e+01
5.480999756e+01
5.424985886e+01
5.361241531e+01
5.286368561e+01
5.214545822e+01
5.143424988e+01
5.045830917e+01
4.946379089e+01
4.890717316e+01
4.853954315e+01
4.817129898e+01
4.757344437e+01
4.696674347e+01
4.648863602e+01
4.602664185e+01
4.571852112e+01
4.537401581e+01
4.507005310e+01
4.498136139e+01
4.462489319e+01
4.389093399e+01
4.333294678e+01
4.301744843e+01
4.265153885e+01
4.214818192e+01
4.148162079e+01
4.074386215e+01
3.985459900e+01
3.951637268e+01
3.926276779e+01
3.891401672e+01
3.886809158e+01
3.876160049e+01
3.853614044e+01
3.808308792e+01
3.747745895e+01
3.700681305e+01
3.671433258e+01
3.639634705e+01
3.602667618e+01
3.587565613e+01
3.547268295e+01
3.512046814e+01
3.512026596e+01
3.500258636e+01
3.457469177e+01
3.397267914e+01
3.340768051e+01
3.294634247e+01
3.258237839e+01
3.211767197e+01
3.208107758e+01
3.223950195e+01
3.212983322e+01
3.172062874e+01
3.120946121e+01
3.060580063e+01
3.015704536e+01
2.998891258e+01
2.988902664e+01
2.987718391e+01
2.969488335e+01
2.944315720e+01
2.906640244e+01
2.842986870e+01
2.797010803e+01
2.782068634e+01
2.768767929e+01
2.730309486e+01
2.694103050e+01
2.668766212e+01
2.651540184e+01
2.629289055e+01
2.608633995e+01
2.597911644e+01
2.589027023e+01
2.591015816e+01
2.577312469e+01
2.542363358e+01
2.517871666e+01
2.474063301e+01
2.442303276e+01
2.410734367e+01
2.389526176e+01
2.376871300e+01
2.361056328e+01
2.329153252e+01
2.314842987e+01
2.316338539e+01
2.297792435e+01
2.260523415e+01
2.222273827e+01
2.213367653e+01
2.196572495e+01
2.166597748e+01
2.164983749e+01
2.140008354e+01
2.098899651e+01
2.083562088e+01
2.053317833e+01
2.035913277e+01
2.026249695e+01
2.017350578e+01
2.012615204e+01
2.018644142e+01
2.009903717e+01
1.993833160e+01
1.979802513e+01
1.965573883e+01
1.934718513e+01
1.898149300e+01
1.884546661e+01
1.858444977e+01
1.827387810e+01
1.811973190e+01
1.788467598e+01
1.773147964e+01
1.767101479e+01
1.751459122e+01
1.720495796e+01
1.702671051e+01
1.692999840e+01
1.696742249e+01
1.689721107e+01
1.695832253e+01
1.683122826e+01
1.670315742e+01
1.669652557e+01
1.648900986e+01
1.623064232e+01
1.610701942e+01
1.594044781e+01
1.584495735e+01
1.589943027e+01
1.594453812e+01
1.578519821e+01
1.554474831e+01
1.542208958e+01
1.540100956e+01
1.527323914e+01
1.503019428e+01
1.471091270e+01
1.441271687e+01
1.432287884e+01
1.430244827e+01
1.419913960e+01
1.395281124e+01
1.392226124e+01
1.404115582e+01
1.409668350e+01
1.410280514e+01
1.388212490e+01
1.375127983e+01
1.374271870e+01
1.364506721e+01
1.347054291e+01
1.345298195e+01
1.336988258e+01
1.335689545e+01
1.348127556e+01
1.337418365e+01
1.313500690e+01
1.301828480e+01
1.283919525e+01
1.276675320e+01
1.278840256e+01
1.279130554e+01
1.272363758e+01
1.270848083e+01
1.266601849e+01
1.263332844e+01
1.255611515e+01
1.252969170e+01
1.245281696e+01
1.247684288e+01
1.228394413e+01
1.217092419e+01
1.220226097e+01
1.204701328e+01
1.186734200e+01
1.173063755e+01
1.170580769e+01
1.165396404e+01
1.162665844e+01
1.152833176e+01
1.148052120e+01
1.138120461e+01
1.132649803e+01
1.132896805e+01
1.114480019e+01
1.092770863e+01
1.098570442e+01
1.101009846e+01
1.106204128e+01
1.100672054e+01
1.083269787e+01
1.068936920e+01
1.049684048e+01
1.034000874e+01
1.023620510e+01
1.036064720e+01
1.047659969e+01
1.050340271e+01
1.039573765e+01
1.030640507e+01
1.010978413e+01
9.862886429e+00
9.753597260e+00
9.756642342e+00
9.822549820e+00
9.685658455e+00
9.431020737e+00
9.319231033e+00
9.449825287e+00
9.505417824e+00
9.379324913e+00
9.170814514e+00
9.053298950e+00
9.167335510e+00
9.106763840e+00
9.174060822e+00
9.198837280e+00
9.106188774e+00
8.994049072e+00
8.879887581e+00
8.632645607e+00
8.469859123e+00
8.394772530e+00
8.319016457e+00
8.269783974e+00
8.179272652e+00
7.933516979e+00
7.813940048e+00
7.701536655e+00
7.736352444e+00
7.692264557e+00
7.663234234e+00
7.557564259e+00
7.468510151e+00
7.497473717e+00
7.599658489e+00
7.671392918e+00
7.565085411e+00
7.499887943e+00
7.429531574e+00
7.314151764e+00
7.161378384e+00
6.938800812e+00
6.845004082e+00
6.805106640e+00
6.788461208e+00
6.662986755e+00
6.650772572e+00
6.665558338e+00
6.603771687e+00
6.648001194e+00
6.589057446e+00
6.552093029e+00
6.507700920e+00
6.450416088e+00
6.471769810e+00
6.429574013e+00
6.469297886e+00
6.401184082e+00
6.355875015e+00
6.254503250e+00
6.171638012e+00
6.095981121e+00
6.087251186e+00
6.067625999e+00
6.117432117e+00
6.153164387e+00
5.984997749e+00
5.989328861e+00
6.040589809e+00
6.030710697e+00
6.087693214e+00
6.071820736e+00
5.983846188e+00
5.891376972e+00
5.868292809e+00
5.852525234e+00
5.818926811e+00
5.661486149e+00
5.655661106e+00
5.596312046e+00
5.476838112e+00
5.417149544e+00
5.440055847e+00
5.483032227e+00
5.530194759e+00
5.567280293e+00
5.666931629e+00
5.754706383e+00
5.740121841e+00
5.688148022e+00
5.708386421e+00
5.583593845e+00
5.499571800e+00
5.324702263e+00
5.306433678e+00
5.390754223e+00
5.374986172e+00
5.352995872e+00
5.240147114e+00
5.238218784e+00
5.317024708e+00
5.346428394e+00
5.356440544e+00
5.329506874e+00
5.255202293e+00
5.238484859e+00
5.283152103e+00
5.236791134e+00
5.145421505e+00
4.990214825e+00
5.033461094e+00
5.069530487e+00
5.162350178e+00
5.267992496e+00
5.195644855e+00
5.066044331e+00
4.868269920e+00
4.859102249e+00
4.964261532e+00
4.916016102e+00
4.890333176e+00
4.901631355e+00
5.044964314e+00
5.085904121e+00
5.073960781e+00
4.860791683e+00
4.832707882e+00
4.895237446e+00
4.882751465e+00
4.947409630e+00
4.977558136e+00
4.895575523e+00
4.817109108e+00
4.834365845e+00
4.856292725e+00
4.788887501e+00
4.817750931e+00
4.802222252e+00
4.819579124e+00
4.773325920e+00
4.730491161e+00
4.639302254e+00
4.671954155e+00
4.662887096e+00
4.612510204e+00
4.665626049e+00
4.661902905e+00
4.673913479e+00
4.613660812e+00
4.536683083e+00
4.553327084e+00
4.623501778e+00
4.709882736e+00
4.646005154e+00
4.594167709e+00
4.529036045e+00
4.419202805e+00
4.234997272e+00
4.235606670e+00
4.257770538e+00
4.240073681e+00
4.265857697e+00
4.293300152e+00
4.424753189e+00
4.461331367e+00
4.347470284e+00
4.267818928e+00
4.191112041e+00
4.163502216e+00
4.138464451e+00
4.137247086e+00
4.002167702e+00
4.049334526e+00
4.034312248e+00
4.055528164e+00
4.021793842e+00
3.949483395e+00
3.871934175e+00
3.863506317e+00
3.866282463e+00
3.916325331e+00
3.911318541e+00
3.946946621e+00
3.996415377e+00
3.961429596e+00
3.912502289e+00
3.903330564e+00
3.862999201e+00
3.919472694e+00
3.882626295e+00
3.924648523e+00
3.765484333e+00
3.639882088e+00
3.635214806e+00
3.640391350e+00
3.657509804e+00
3.623099804e+00
3.606349230e+00
3.615823984e+00
3.559553623e+00
3.604997873e+00
3.634535551e+00
3.705560684e+00
3.655787468e+00
3.686711073e+00
3.673345327e+00
3.720819235e+00
3.697437763e+00
3.604523659e+00
3.581583261e+00
3.476385832e+00
3.448062658e+00
3.443767071e+00
3.495705843e+00
3.559352636e+00
3.474596262e+00
3.381274462e+00
3.234160423e+00
3.208102703e+00
3.286563396e+00
3.338703632e+00
3.252692223e+00
3.329026461e+00
3.286123037e+00
3.197237968e+00
3.184684753e+00
3.169219971e+00
3.141912460e+00
3.141680717e+00
3.190778494e+00
3.218015671e+00
3.234053135e+00
3.238215446e+00
3.169054985e+00
3.114644527e+00
3.061797380e+00
3.001263142e+00
2.924996853e+00
2.910683632e+00
2.897421837e+00
2.908756018e+00
2.926926136e+00
2.883850813e+00
2.907638311e+00
2.928177595e+00
2.969119072e+00
3.061522961e+00
3.138974905e+00
3.084126711e+00
3.013106823e+00
2.917687654e+00
2.821391582e+00
2.787216187e+00
2.823050022e+00
2.871200800e+00
2.771687031e+00
2.797163248e+00
2.863787413e+00
2.788199186e+00
2.721270800e+00
2.702796221e+00
2.662293911e+00
2.704354763e+00
2.788061619e+00
2.776863337e+00
2.748306513e+00
2.813473940e+00
2.759066582e+00
2.671025991e+00
2.615907431e+00
2.627511263e+00
2.649199247e+00
2.666082621e+00
2.586838961e+00
2.479752541e+00
2.528984070e+00
2.580144644e+00
2.621012688e+00
2.697416782e+00
2.738360405e+00
2.678602695e+00
2.520662308e+00
2.451398849e+00
2.435596228e+00
2.473122358e+00
2.521675348e+00
2.671870708e+00
2.693491697e+00
2.626121998e+00
2.600171089e+00
2.585181475e+00
2.576315165e+00
2.588635445e+00
2.611339092e+00
2.607586861e+00
2.551994801e+00
2.550979853e+00
2.462801695e+00
2.419286966e+00
2.352795839e+00
2.367649078e+00
2.328026772e+00
2.361695528e+00
2.360883474e+00
2.321597815e+00
2.362270117e+00
2.401487589e+00
2.436982393e+00
2.477721453e+00
2.452986956e+00
2.337262392e+00
2.277337551e+00
2.278112173e+00
2.239165545e+00
2.265730143e+00
2.236867189e+00
2.353268147e+00
2.416918516e+00
2.510987282e+00
2.472341299e+00
2.357159853e+00
2.299972057e+00
2.278722763e+00
2.291683197e+00
2.305357933e+00
2.282719851e+00
2.256190538e+00
2.256866693e+00
2.282179356e+00
2.204217196e+00
2.151364565e+00
2.107137442e+00
2.151971340e+00
2.111603498e+00
2.153256655e+00
2.101994038e+00
2.078072548e+00
2.153019190e+00
2.175046206e+00
2.110757828e+00
2.011142254e+00
2.054656744e+00
2.141007662e+00
2.150279284e+00
2.169768572e+00
2.173762798e+00
2.220594168e+00
2.319094896e+00
2.344034433e+00
2.301395416e+00
2.315134048e+00
2.300890446e+00
2.240659475e+00
2.174710035e+00
2.101016283e+00
2.084840059e+00
2.120976686e+00
2.140804291e+00
2.107712507e+00
2.039227962e+00
2.014087200e+00
1.996898293e+00
2.006846189e+00
1.949459195e+00
1.920797944e+00
1.843921423e+00
1.942892313e+00
1.978423357e+00
2.042814255e+00
2.159925938e+00
2.098445415e+00
2.091238022e+00
2.180057764e+00
2.229255676e+00
2.123650074e+00
2.044066668e+00
2.066805601e+00
2.064774513e+00
2.148420334e+00
2.261570930e+00
2.282546282e+00
2.166893244e+00
2.064300060e+00
2.010467768e+00
2.057161570e+00
2.085787535e+00
2.053981304e+00
2.112010717e+00
2.119928122e+00
2.116476536e+00
2.124089956e+00
2.134713173e+00
2.167637587e+00
2.131805897e+00
2.113329411e+00
1.993616700e+00
1.921916842e+00
1.848795176e+00
1.924114466e+00
1.918091297e+00
1.882697940e+00
1.925435305e+00
1.933148980e+00
1.944011807e+00
1.961607695e+00
1.974667788e+00
1.962385178e+00
1.977137804e+00
1.972197533e+00
1.869197965e+00
1.821726322e+00
1.912372351e+00
2.017437696e+00
1.994496465e+00
2.026505709e+00
1.911325812e+00
1.756184578e+00
1.734360099e+00
1.748267055e+00
1.726678729e+00
1.741228104e+00
1.750973225e+00
1.797567248e+00
1.821218252e+00
1.865001798e+00
1.810524702e+00
1.798817873e+00
1.759601951e+00
1.802507043e+00
1.763155103e+00
1.782374144e+00
1.729859352e+00
1.769281268e+00
1.913797498e+00
1.875290394e+00
1.889670849e+00
1.884052396e+00
1.880398870e+00
1.833331704e+00
1.801898003e+00
1.842501402e+00
1.812218547e+00
1.798311830e+00
1.759467125e+00
1.760752678e+00
1.705802202e+00
1.754593968e+00
1.710334659e+00
1.715579033e+00
1.754322171e+00
1.627097487e+00
1.595934391e+00
1.668445468e+00
1.738319159e+00
1.809137344e+00
1.833297014e+00
1.821521521e+00
1.826800466e+00
1.855291486e+00
1.803826690e+00
1.788902998e+00
1.749044299e+00
1.744542956e+00
1.664148569e+00
1.515977263e+00
1.469519138e+00
1.520206809e+00
1.647602320e+00
1.674130797e+00
1.668243289e+00
1.664250374e+00
1.725292683e+00
1.760955930e+00
1.672031641e+00
1.677008510e+00
1.765081644e+00
1.849778533e+00
1.766134501e+00
1.742346287e+00
1.688712955e+00
1.663033485e+00
1.673996210e+00
1.715648055e+00
1.716493130e+00
1.742106795e+00
1.738522172e+00
1.763424397e+00
1.701164961e+00
1.661441088e+00
1.581048846e+00
1.594073176e+00
1.576884508e+00
1.661170959e+00
1.623273730e+00
1.627671838e+00
1.661576986e+00
1.602160096e+00
1.629095078e+00
1.645235062e+00
1.668784142e+00
1.662930489e+00
1.635386348e+00
1.627165914e+00
1.665603280e+00
1.678360105e+00
1.656602263e+00
1.663845658e+00
1.616066575e+00
1.697140813e+00
1.731043577e+00
1.723362684e+00
1.726068258e+00
1.701402068e+00
1.727625608e+00
1.705464602e+00
1.704382896e+00
1.695617199e+00
