5.065509081e-01
3.521317244e-01
2.509983778e-01
2.298851460e-01
1.925028116e-01
1.486311406e-01
1.376632303e-01
1.495451331e-01
1.702927798e-01
1.760966331e-01
1.530183107e-01
9.598512948e-02
1.070444509e-01
1.237705275e-01
9.173506498e-02
7.514608651e-02
3.419918939e-02
4.635529965e-02
3.899765387e-02
5.531243235e-02
1.003265977e-01
1.415019929e-01
1.290259957e-01
9.566523880e-02
5.887700617e-02
5.046826974e-02
3.305669874e-02
2.848673239e-02
2.035219222e-02
6.556384033e-04
-6.107911468e-03
1.194345485e-02
1.783871092e-02
8.841367089e-04
1.262895018e-02
-1.067787781e-02
-2.388508059e-02
-6.382109597e-03
-1.145477220e-02
-3.183133202e-03
6.687993649e-03
-6.839106325e-03
5.408403464e-03
-9.443987161e-03
-1.543064229e-02
-5.879962072e-02
-6.113030389e-02
-7.662248611e-02
-6.405508518e-02
-5.733723193e-02
-6.912774593e-02
-6.213569641e-02
-5.020808429e-02
-5.450385436e-02
-5.870822072e-02
-5.834262446e-02
-8.900709450e-02
-8.791030943e-02
-7.945586741e-02
-8.667641878e-02
-4.216494411e-02
-4.257624224e-02
-5.875392258e-02
-3.585839272e-02
-4.874569550e-02
-5.349846184e-02
-6.003351137e-02
-5.048228428e-02
-6.739115715e-02
-6.117600575e-02
-9.938091785e-02
-1.076068580e-01
-1.043164879e-01
-9.275446832e-02
-7.406330854e-02
-5.171617493e-02
-4.463272542e-02
-4.221064597e-02
6.733693648e-03
3.991713747e-03
-2.187429555e-02
-3.869177029e-02
-4.147944972e-02
-1.657313481e-02
-7.113303989e-03
-4.367303476e-02
-4.307893664e-02
-3.672668338e-02
-5.523504689e-02
-4.463272542e-02
-4.326173663e-02
-2.726685442e-02
-3.435030207e-02
-3.307071328e-02
-7.886177301e-02
-7.429181039e-02
-4.545532167e-02
-1.867531799e-02
1.939249970e-02
-3.503030865e-03
-2.201139368e-02
-8.575693704e-03
6.185297389e-03
4.598970339e-02
3.346799687e-02
4.717789590e-02
4.681229591e-02
1.066386420e-02
-1.675593294e-02
-1.771562546e-02
-2.877494320e-02
8.470281027e-03
1.907260157e-02
2.849222161e-03
6.556384033e-04
-1.857843017e-03
1.341133378e-03
2.181458101e-02
5.682052299e-02
8.378332108e-02
9.392865002e-02
6.618895382e-02
4.228803143e-02
4.452731460e-02
7.606007904e-02
1.101977304e-01
8.849038929e-02
7.816226780e-02
9.849861264e-02
6.765134633e-02
8.108704537e-02
9.571093321e-02
1.044395715e-01
8.232093602e-02
5.622642860e-02
2.496785857e-02
5.654632300e-02
1.008292958e-01
9.648782760e-02
7.610578090e-02
5.768881738e-02
3.456478566e-02
4.932577908e-02
6.596045196e-02
5.385004357e-02
6.321847439e-02
9.708192199e-02
1.094665304e-01
9.351734817e-02
8.497151732e-02
1.064960584e-01
1.037540734e-01
1.091466323e-01
1.113402173e-01
1.377089173e-01
1.605587602e-01
1.456606686e-01
1.396740079e-01
1.705212742e-01
1.758224368e-01
1.264211088e-01
9.630502760e-02
6.961642951e-02
4.397891834e-02
6.998202205e-02
8.286932856e-02
1.023373827e-01
1.399482042e-01
1.455235630e-01
1.376632303e-01
1.489053369e-01
1.955190003e-01
2.006373554e-01
2.179118246e-01
1.878871471e-01
1.658599228e-01
1.539780051e-01
1.596447676e-01
1.387600154e-01
1.347384453e-01
1.375718266e-01
1.238619238e-01
1.515102237e-01
1.498193294e-01
1.705669761e-01
1.576339751e-01
1.431471854e-01
1.308996677e-01
1.494994313e-01
1.473972499e-01
1.242275238e-01
1.590506732e-01
1.789300144e-01
1.869731545e-01
2.133875638e-01
2.308448404e-01
2.060299218e-01
2.088176012e-01
2.040648311e-01
1.776961237e-01
1.927770227e-01
2.034707367e-01
1.882527471e-01
2.110111862e-01
2.113310844e-01
1.965700835e-01
1.997233629e-01
1.778789312e-01
1.755939424e-01
1.436498761e-01
1.381659210e-01
1.420046985e-01
1.712524742e-01
2.026481479e-01
2.321244329e-01
2.593614161e-01
2.878323197e-01
2.903001010e-01
2.916710973e-01
2.829881608e-01
2.855930328e-01
2.958754599e-01
2.893860936e-01
2.765445113e-01
2.413100600e-01
2.346836030e-01
2.240355909e-01
2.207909077e-01
2.228473872e-01
1.906748265e-01
1.509618312e-01
1.291173846e-01
1.516473144e-01
2.074009031e-01
2.703750432e-01
2.560253441e-01
2.912597954e-01
2.836279571e-01
3.126929402e-01
3.532742262e-01
3.326179683e-01
3.448655009e-01
3.479273617e-01
3.269512355e-01
3.179026842e-01
3.132870197e-01
2.961496413e-01
2.582646310e-01
2.563452423e-01
2.248124778e-01
1.905834377e-01
1.967071891e-01
2.221619040e-01
2.446918339e-01
3.132413328e-01
6.966614723e-01
1.250811338e+00
1.787281513e+00
2.156261206e+00
3.641336060e+01
2.400716095e+02
4.764652100e+02
5.768866577e+02
5.565142822e+02
4.832284546e+02
4.020328674e+02
3.328104248e+02
2.794009094e+02
2.393676147e+02
2.108023529e+02
1.902102203e+02
1.740175476e+02
1.612633667e+02
1.508200836e+02
1.429909668e+02
1.368831635e+02
1.320436249e+02
1.282862854e+02
1.246326447e+02
1.210257492e+02
1.182546387e+02
1.160894547e+02
1.137933655e+02
1.112628174e+02
1.092036591e+02
1.072553024e+02
1.051637192e+02
1.034805298e+02
1.018987732e+02
1.003124924e+02
9.841643524e+01
9.664492798e+01
9.558065796e+01
9.416351318e+01
9.282803345e+01
9.187770844e+01
9.098327637e+01
8.952276611e+01
8.826515198e+01
8.722196198e+01
8.635035706e+01
8.563198853e+01
8.471952820e+01
8.340646362e+01
8.215207672e+01
8.088565063e+01
8.001320648e+01
7.980431366e+01
7.927278900e+01
7.818755341e+01
7.708615875e+01
7.591088867e+01
7.448686218e+01
7.352999878e+01
7.313205719e+01
7.230973053e+01
7.147480774e+01
7.066982269e+01
6.979684448e+01
6.896210480e+01
6.832752991e+01
6.773785400e+01
6.686509705e+01
6.616867828e+01
6.532241058e+01
6.424706268e+01
6.314798737e+01
6.252538681e+01
6.221818161e+01
6.211611176e+01
6.180627823e+01
6.134363937e+01
6.085125732e+01
6.029475021e+01
6.009329605e+01
5.980441666e+01
5.915862274e+01
5.854326630e+01
5.795409393e+01
5.714768982e+01
5.640988159e+01
5.616946411e+01
5.606364822e+01
5.573365021e+01
5.506619644e+01
5.423429108e+01
5.332957458e+01
5.284526062e+01
5.245524979e+01
5.213420868e+01
5.182604599e+01
5.134568405e+01
5.099927902e+01
5.067378616e+01
5.034583282e+01
5.001277161e+01
4.942277908e+01
4.879096985e+01
4.847580338e+01
4.845683670e+01
4.828778076e+01
4.787384796e+01
4.736795807e+01
4.666172791e+01
4.603482056e+01
4.543725586e+01
4.485595703e+01
4.423595047e+01
4.365620041e+01
4.349615860e+01
4.353107452e+01
4.343042374e+01
4.288745117e+01
4.223878479e+01
4.183435440e+01
4.155014038e+01
4.135199356e+01
4.117193222e+01
4.079206467e+01
4.029019165e+01
3.987925720e+01
3.921286774e+01
3.872134781e+01
3.823679733e+01
3.791588593e+01
3.785537338e+01
3.778275681e+01
3.766572189e+01
3.722361755e+01
3.677676010e+01
3.662631607e+01
3.648346710e+01
3.633098221e+01
3.628939438e+01
3.585242081e+01
3.523546600e+01
3.453060532e+01
3.390901566e+01
3.363355255e+01
3.341231537e+01
3.323540878e+01
3.317384338e+01
3.293649673e+01
3.272287369e+01
3.226366043e+01
3.188759804e+01
3.187907028e+01
3.168378448e+01
3.147268677e+01
3.127330971e+01
3.103143311e+01
3.074072075e+01
3.059247017e+01
3.059161377e+01
3.035842514e+01
3.010179329e+01
3.012125015e+01
2.992868233e+01
2.952482414e+01
2.903998375e+01
2.851211357e+01
2.810987663e+01
2.801696968e+01
2.799975204e+01
2.785804749e+01
2.762972641e+01
2.735346031e+01
2.740303993e+01
2.742515755e+01
2.702026558e+01
2.642374802e+01
2.615487289e+01
2.609844017e+01
2.597490883e+01
2.580810356e+01
2.568381310e+01
2.549327278e+01
2.547221184e+01
2.551039886e+01
2.558222198e+01
2.543806267e+01
2.486630249e+01
2.414190674e+01
2.372351837e+01
2.355717087e+01
2.359235382e+01
2.368947029e+01
2.341156387e+01
2.328136635e+01
2.336349678e+01
2.347711182e+01
2.329129601e+01
2.313797188e+01
2.294493294e+01
2.262909698e+01
2.220001984e+01
2.212964630e+01
2.219046974e+01
2.204080772e+01
2.177136230e+01
2.150174141e+01
2.141093254e+01
2.131642532e+01
2.106421852e+01
2.096610451e+01
2.091569710e+01
2.079568100e+01
2.061516380e+01
2.039114571e+01
2.026108932e+01
2.013673782e+01
2.012101364e+01
1.997051620e+01
1.974668884e+01
1.963896561e+01
1.959788513e+01
1.969961166e+01
1.985676956e+01
1.982578850e+01
1.952550125e+01
1.921127892e+01
1.900997543e+01
1.899840546e+01
1.900314903e+01
1.893889809e+01
1.861160278e+01
1.846034622e+01
1.836062813e+01
1.834550285e+01
1.825118065e+01
1.784161758e+01
1.751738358e+01
1.753767204e+01
1.750422096e+01
1.754480362e+01
1.749261856e+01
1.733385086e+01
1.709420013e+01
1.703054047e+01
1.690870857e+01
1.675392914e+01
1.665019989e+01
1.659490776e+01
1.652814293e+01
1.625595665e+01
1.610541344e+01
1.613141632e+01
1.610157967e+01
1.599902725e+01
1.592526817e+01
1.582889366e+01
1.575230312e+01
1.568635654e+01
1.542121792e+01
1.536272526e+01
1.544433022e+01
1.548710823e+01
1.551896095e+01
1.537744331e+01
1.523272133e+01
1.502556801e+01
1.463899422e+01
1.448851109e+01
1.448626328e+01
1.447333527e+01
1.421251869e+01
1.402094650e+01
1.391474056e+01
1.398776817e+01
1.399763680e+01
1.386100006e+01
1.379633522e+01
1.367814445e+01
1.350187778e+01
1.335435677e+01
1.328759480e+01
1.319620419e+01
1.293306541e+01
1.273169613e+01
1.277233410e+01
1.278864288e+01
1.285304260e+01
1.276771259e+01
1.278923702e+01
1.274138165e+01
1.253281975e+01
1.249214649e+01
1.244411659e+01
1.220861435e+01
1.196001339e+01
1.171241093e+01
1.148660660e+01
1.120862579e+01
1.104639053e+01
1.115566063e+01
1.127840900e+01
1.130934906e+01
1.107737064e+01
1.079575920e+01
1.073324299e+01
1.065920830e+01
1.061670017e+01
1.062497520e+01
1.073319912e+01
1.080508423e+01
1.078821659e+01
1.060495853e+01
1.051291370e+01
1.044340420e+01
1.038143253e+01
1.008616447e+01
9.887778282e+00
1.006231117e+01
1.019959354e+01
1.025457191e+01
1.021234703e+01
9.974657059e+00
9.800406456e+00
9.858901978e+00
1.002597809e+01
9.833767891e+00
9.585066795e+00
9.548510551e+00
9.432793617e+00
9.205110550e+00
9.360628128e+00
9.496914864e+00
9.437911034e+00
9.435491562e+00
9.348892212e+00
9.090457916e+00
8.977848053e+00
9.114215851e+00
9.370233536e+00
9.419817924e+00
9.275581360e+00
9.112433434e+00
9.192093849e+00
9.234498978e+00
9.145793915e+00
8.951478958e+00
8.968613625e+00
9.045023918e+00
9.024365425e+00
8.936663628e+00
8.793988228e+00
8.854125977e+00
9.041499138e+00
9.123895645e+00
9.064947128e+00
9.060380936e+00
9.199267387e+00
9.115407944e+00
8.929036140e+00
8.731287956e+00
8.666579247e+00
8.666624069e+00
8.726993561e+00
8.812633514e+00
8.707707405e+00
8.551503181e+00
8.396078110e+00
8.353994370e+00
8.471484184e+00
8.665434837e+00
8.931413651e+00
8.906282425e+00
8.871320724e+00
8.838599205e+00
8.684860229e+00
8.533178329e+00
8.590722084e+00
8.641042709e+00
8.596895218e+00
8.413995743e+00
8.180157661e+00
7.948058605e+00
7.788018703e+00
7.823938370e+00
7.990963459e+00
8.164608002e+00
8.195822716e+00
8.204872131e+00
8.291290283e+00
8.272324562e+00
8.195782661e+00
8.110737801e+00
8.199845314e+00
8.174219131e+00
7.962682724e+00
7.993209839e+00
7.935628414e+00
7.741263390e+00
7.715490341e+00
7.645476818e+00
7.506912708e+00
7.356748104e+00
7.270188332e+00
7.267583847e+00
7.382153988e+00
7.383893490e+00
7.341345787e+00
7.450110912e+00
7.491190910e+00
7.381194592e+00
7.195744991e+00
7.089904785e+00
7.144931316e+00
7.219511986e+00
7.168648243e+00
7.151147842e+00
7.164810658e+00
7.270189762e+00
7.286733150e+00
7.473644733e+00
7.599500179e+00
7.473553658e+00
7.187059402e+00
6.878413677e+00
6.761875629e+00
6.746846199e+00
6.687387943e+00
6.775405407e+00
6.833625317e+00
6.884809017e+00
6.763429165e+00
6.665353298e+00
6.561299801e+00
6.526474953e+00
6.533879757e+00
6.426762581e+00
6.399340153e+00
6.401492119e+00
6.278830051e+00
6.182502270e+00
6.158095837e+00
6.241907597e+00
6.337052822e+00
6.446773529e+00
6.365657806e+00
6.271884918e+00
6.182589531e+00
6.052075386e+00
5.959984303e+00
5.885311127e+00
5.952168941e+00
6.080814838e+00
6.242411613e+00
6.251915932e+00
6.337369919e+00
6.316396713e+00
6.201603413e+00
6.081954479e+00
6.040681839e+00
6.059837341e+00
5.913639545e+00
5.891977310e+00
6.059334755e+00
6.096212864e+00
5.992013454e+00
6.002248764e+00
6.151652336e+00
6.252326965e+00
6.203017235e+00
6.060529709e+00
5.899931431e+00
5.774709225e+00
5.788512707e+00
5.788696289e+00
5.711374283e+00
5.696981430e+00
5.647122383e+00
5.708129883e+00
5.780150890e+00
5.838964462e+00
5.879960060e+00
5.899428844e+00
5.858482361e+00
5.871780396e+00
5.922324181e+00
5.964687824e+00
5.896822453e+00
5.759953976e+00
5.823565006e+00
5.858477592e+00
5.864556313e+00
5.766076088e+00
5.729425907e+00
5.783806801e+00
5.813012123e+00
5.755609035e+00
5.660234451e+00
5.505451202e+00
5.467885971e+00
5.541279793e+00
5.582227230e+00
5.510892868e+00
5.505133152e+00
5.584923744e+00
5.761736870e+00
5.745557785e+00
5.701548576e+00
5.658316612e+00
5.507325649e+00
5.435029984e+00
5.429090023e+00
5.512949467e+00
5.469167709e+00
5.428450108e+00
5.528667927e+00
5.584602833e+00
5.592234135e+00
5.604210377e+00
5.402717590e+00
5.272521973e+00
5.314702988e+00
5.308759689e+00
5.255476952e+00
5.130351067e+00
4.961399555e+00
4.888873577e+00
4.952168941e+00
5.003625870e+00
5.013772964e+00
4.977850437e+00
4.979355812e+00
4.943528175e+00
4.954726696e+00
4.839195728e+00
4.783493519e+00
4.816621304e+00
4.839882851e+00
4.776588440e+00
4.709272385e+00
4.680620193e+00
4.660237312e+00
4.673856735e+00
4.760460377e+00
4.903636456e+00
4.830608368e+00
4.774990559e+00
4.827133656e+00
4.694285870e+00
4.628798008e+00
4.517104626e+00
4.476344585e+00
4.520627499e+00
4.399068832e+00
4.207910061e+00
4.282855034e+00
4.354238033e+00
4.293777943e+00
4.307943821e+00
4.248989582e+00
4.300266266e+00
4.500568390e+00
4.618012905e+00
4.697072029e+00
4.692915440e+00
4.599645138e+00
4.372609138e+00
4.227056503e+00
4.171439648e+00
4.151697159e+00
4.068657398e+00
4.126469612e+00
4.364339352e+00
4.431104183e+00
4.378549099e+00
4.345188141e+00
4.374662876e+00
4.313200474e+00
4.213801384e+00
4.214394093e+00
4.293365479e+00
4.318317413e+00
4.292681217e+00
4.164581776e+00
4.052797318e+00
4.005317688e+00
3.877676964e+00
3.788334131e+00
3.808898926e+00
3.972644567e+00
4.075743675e+00
3.989549875e+00
3.917299986e+00
4.021492958e+00
4.092420578e+00
4.090181828e+00
4.052708626e+00
4.160014629e+00
4.156083107e+00
4.081361771e+00
4.069250584e+00
4.079212666e+00
3.984019995e+00
4.052481651e+00
4.177241802e+00
4.255115986e+00
4.265398502e+00
4.209872246e+00
4.107732773e+00
4.182407379e+00
4.224448681e+00
4.289617538e+00
4.315024853e+00
4.254794121e+00
4.043341160e+00
3.937225819e+00
3.921229601e+00
3.974016190e+00
3.958063364e+00
4.060526848e+00
4.092835426e+00
3.924839735e+00
3.913505554e+00
3.954959393e+00
4.086071968e+00
4.147034168e+00
4.098134995e+00
3.994256735e+00
3.957421541e+00
4.083828926e+00
4.318772793e+00
4.428590775e+00
4.310088634e+00
4.165493965e+00
4.146393776e+00
4.158369541e+00
4.208410263e+00
4.162984371e+00
4.124550819e+00
4.171896935e+00
4.129577637e+00
4.113903046e+00
4.175962448e+00
4.106316090e+00
4.079308033e+00
4.186657906e+00
4.258313656e+00
4.305750847e+00
4.290394783e+00
4.134466171e+00
4.011669636e+00
4.114725590e+00
4.233269691e+00
4.253650188e+00
4.224770069e+00
4.210422039e+00
4.123817444e+00
4.003807545e+00
4.077521801e+00
4.117051601e+00
4.110973835e+00
4.115041256e+00
4.086069584e+00
4.037170887e+00
3.933796883e+00
4.007054329e+00
4.044713497e+00
4.194608212e+00
4.294509888e+00
4.320923805e+00
4.214487076e+00
4.134830952e+00
4.148128986e+00
4.181447029e+00
4.044026852e+00
3.835360527e+00
3.698440790e+00
3.796834230e+00
3.931968212e+00
4.086026192e+00
4.205714226e+00
4.060479164e+00
3.922144890e+00
3.899384975e+00
3.973102093e+00
4.111526489e+00
4.005182743e+00
3.829279661e+00
3.666998625e+00
3.681806803e+00
3.693368196e+00
3.697663069e+00
3.631856441e+00
3.618831873e+00
3.659735918e+00
3.712836981e+00
3.673764467e+00
3.694739819e+00
3.892345905e+00
3.964871168e+00
3.885718107e+00
3.824665308e+00
3.685827017e+00
3.564269543e+00
3.677740335e+00
3.728376150e+00
3.700636625e+00
3.744279623e+00
3.698259354e+00
3.627107859e+00
3.558557034e+00
3.499830723e+00
3.391476870e+00
3.349523783e+00
3.321419239e+00
3.299162865e+00
3.293451071e+00
3.394766569e+00
3.456461191e+00
3.443755865e+00
3.469944715e+00
3.412223101e+00
3.464964151e+00
3.576103449e+00
3.606217384e+00
3.610972404e+00
3.548593044e+00
3.554762363e+00
3.497865677e+00
3.421547174e+00
3.381972075e+00
3.420634747e+00
3.440514088e+00
3.437357903e+00
3.401941299e+00
3.364516258e+00
3.326725483e+00
3.338698864e+00
3.417982578e+00
3.615223169e+00
3.693049669e+00
3.625690460e+00
3.482878447e+00
3.389466047e+00
3.411631823e+00
3.406557798e+00
3.356973648e+00
3.382611752e+00
3.373014212e+00
3.335860491e+00
3.326764822e+00
3.261145115e+00
3.196842670e+00
3.214619875e+00
3.330970526e+00
3.364010572e+00
3.315157652e+00
3.332751989e+00
3.366569757e+00
3.500607729e+00
3.597445965e+00
3.643372059e+00
3.685324907e+00
3.605898142e+00
3.564909935e+00
3.540367842e+00
3.500882626e+00
3.491786957e+00
3.548045397e+00
3.535157204e+00
